NaN,NaN,NaN,-1
125,91,45,60
125,92,45,60
125,92,45,60
125,92,45,60
125,92,45,60
125,92,45,60
124,92,45,60
124,93,45,60
124,93,45,60
123,95,45,60
123,96,45,60
122,96,45,60
122,96,45,60
121,96,45,60
120,97,45,60
119,97,45,60
118,97,45,60
117,97,45,60
118,97,45,60
118,96,45,60
118,95,45,60
120,94,45,60
121,93,45,60
122,92,45,60
124,92,45,60
125,91,45,60
127,91,45,60
128,90,45,60
129,89,45,60
129,88,45,60
129,87,45,60
128,86,45,60
127,84,45,60
125,83,45,60
123,82,45,60
122,81,45,60
121,80,45,60
120,81,45,60
119,82,45,60
119,83,45,60
118,86,45,60
118,88,45,60
118,91,45,60
118,93,45,60
118,95,45,60
119,95,45,60
120,96,45,60
120,96,45,60
121,95,45,60
122,94,45,60
122,93,45,60
123,93,45,60
124,93,45,60
125,93,45,60
124,93,45,60
124,93,45,60
124,93,45,60
124,92,45,60
123,92,45,60
122,93,45,60
122,95,45,60
122,97,45,60
121,99,45,60
121,100,45,60
121,101,45,60
122,103,45,60
123,104,45,60
125,104,45,60
124,104,45,60
125,102,45,60
125,99,45,60
125,97,45,60
125,95,45,60
126,92,45,60
126,89,45,60
126,86,45,60
126,83,45,60
126,81,45,60
125,80,45,60
125,80,45,60
124,81,45,60
124,82,45,60
124,83,45,60
123,84,45,60
122,86,45,60
121,88,45,60
120,89,45,60
118,91,45,60
116,93,45,60
115,93,45,60
113,94,45,60
112,95,45,60
110,97,45,60
108,98,45,60
106,100,45,60
104,102,45,60
103,103,45,60
102,105,45,60
102,106,45,60
103,106,45,60
104,106,45,60
105,105,45,60
108,104,45,60
110,104,45,60
112,104,45,60
116,103,45,60
119,103,45,60
122,103,45,60
125,103,45,60
128,102,45,60
131,102,45,60
133,101,45,60
135,100,45,60
136,100,45,60
137,101,45,60
137,102,45,60
137,103,45,60
135,105,45,60
134,105,45,60
132,105,45,60
129,105,45,60
127,104,45,60
125,103,45,60
124,100,45,60
121,98,45,60
119,96,45,60
117,94,45,60
116,93,45,60
115,93,45,60
113,94,45,60
111,95,45,60
109,96,45,60
108,98,45,60
107,101,45,60
108,103,45,60
108,105,45,60
109,107,45,60
111,108,45,60
112,108,45,60
114,108,45,60
114,108,45,60
114,108,45,60
114,107,45,60
114,106,45,60
113,104,45,60
112,103,45,60
109,102,45,60
106,101,45,60
103,100,45,60
100,99,45,60
97,99,45,60
94,100,45,60
92,100,45,60
90,101,45,60
90,101,45,60
89,100,45,60
88,100,45,60
88,100,45,60
89,101,45,60
89,103,45,60
89,104,45,60
89,105,45,60
90,105,45,60
90,107,45,60
89,109,45,60
88,110,45,60
88,110,45,60
88,110,45,60
87,110,45,60
86,110,45,60
85,109,45,60
84,107,45,60
83,106,45,60
82,105,45,60
81,104,45,60
80,103,45,60
79,102,45,60
77,101,45,60
75,101,45,60
73,102,45,60
71,102,45,60
69,102,45,60
68,102,45,60
66,101,45,60
65,101,45,60
63,100,45,60
62,100,45,60
62,101,45,60
63,101,45,60
64,102,45,60
65,103,45,60
66,105,45,60
66,105,45,60
67,106,45,60
68,106,45,60
67,106,45,60
67,105,45,60
67,105,45,60
66,104,45,60
65,103,45,60
64,102,45,60
63,100,45,60
62,99,45,60
62,98,45,60
61,97,45,60
61,97,45,60
61,96,45,60
63,96,45,60
65,95,45,60
67,95,45,60
69,94,45,60
70,93,45,60
72,92,45,60
73,91,45,60
74,91,45,60
74,91,45,60
74,90,45,60
75,90,45,60
77,89,45,60
78,88,45,60
80,87,45,60
82,87,45,60
84,88,45,60
87,88,45,60
89,89,45,60
91,90,45,60
94,92,45,60
96,94,45,60
99,97,45,60
102,99,45,60
103,101,45,60
105,102,45,60
109,103,45,60
112,108,45,60
115,112,45,60
116,114,45,60
117,113,45,60
117,112,45,60
116,110,45,60
114,108,45,60
112,106,45,60
110,103,45,60
108,101,45,60
104,100,45,60
99,98,45,60
95,97,45,60
90,95,45,60
86,92,45,60
82,92,45,60
77,91,45,60
74,90,45,60
73,90,45,60
75,90,45,60
78,92,45,60
83,94,45,60
87,96,45,60
90,97,45,60
93,98,45,60
95,101,45,60
96,105,45,60
98,107,45,60
100,109,45,60
102,112,45,60
104,113,45,60
106,113,45,60
108,112,45,60
110,111,45,60
112,109,45,60
114,105,45,60
116,102,45,60
118,97,45,60
119,93,45,60
120,89,45,60
119,86,45,60
118,83,45,60
117,80,45,60
114,77,45,60
111,73,45,60
108,70,45,60
105,67,45,60
103,64,45,60
100,61,45,60
97,59,45,60
94,58,45,60
92,57,45,60
91,58,45,60
90,59,45,60
89,61,45,60
88,63,45,60
87,64,45,60
86,66,45,60
85,68,45,60
84,69,45,60
82,72,45,60
81,74,45,60
81,76,45,60
81,79,45,60
82,81,45,60
83,83,45,60
85,85,45,60
88,85,45,60
91,86,45,60
