NaN,NaN,NaN,-1
337,174,26,64
337,182,26,64
335,182,26,64
333,183,26,64
327,182,26,64
318,183,26,64
315,183,26,64
319,189,26,64
320,199,26,64
309,195,26,64
306,196,26,64
NaN,NaN,NaN,-2
NaN,NaN,NaN,0
NaN,NaN,NaN,0
NaN,NaN,NaN,0
NaN,NaN,NaN,0
NaN,NaN,NaN,-1
326,160,26,64
319,162,26,64
328,168,26,64
332,156,26,64
338,159,26,64
338,157,26,64
337,162,26,64
335,160,26,64
332,156,26,64
328,156,26,64
325,156,26,64
325,157,26,64
327,158,26,64
330,159,26,64
335,164,26,64
341,173,26,64
344,176,26,64
346,178,26,64
349,180,26,64
344,178,26,64
340,177,26,64
347,180,26,64
349,182,26,64
350,183,26,64
346,182,26,64
339,180,26,64
344,182,26,64
347,184,26,64
342,184,26,64
344,185,26,64
339,184,26,64
345,186,26,64
351,187,26,64
354,188,26,64
347,186,26,64
344,184,26,64
345,184,26,64
350,184,26,64
350,186,26,64
348,185,26,64
342,183,26,64
348,185,26,64
354,186,26,64
350,184,26,64
349,188,26,64
342,185,26,64
332,183,26,64
337,181,26,64
338,183,26,64
335,183,26,64
330,186,26,64
321,184,26,64
310,181,26,64
303,170,26,64
312,181,26,64
315,181,26,64
321,185,26,64
329,178,26,64
332,181,26,64
333,183,26,64
329,188,26,64
320,188,26,64
314,185,26,64
305,183,26,64
316,185,26,64
316,185,26,64
313,187,26,64
320,188,26,64
328,181,26,64
335,184,26,64
335,187,26,64
332,193,26,64
323,192,26,64
312,188,26,64
NaN,NaN,NaN,-2
NaN,NaN,NaN,0
NaN,NaN,NaN,0
NaN,NaN,NaN,0
NaN,NaN,NaN,0
NaN,NaN,NaN,-1
333,154,26,64
341,152,26,64
337,145,26,64
346,151,26,64
349,149,26,64
349,149,26,64
348,145,26,64
343,145,26,64
336,148,26,64
337,146,26,64
340,145,26,64
340,150,26,64
345,143,26,64
346,143,26,64
350,142,26,64
356,145,26,64
356,141,26,64
356,143,26,64
359,146,26,64
358,152,26,64
361,149,26,64
362,149,26,64
361,152,26,64
366,146,26,64
357,148,26,64
356,147,26,64
355,147,26,64
352,152,26,64
361,155,26,64
360,148,26,64
360,148,26,64
361,148,26,64
365,152,26,64
373,150,26,64
374,150,26,64
377,152,26,64
380,152,26,64
379,152,26,64
380,152,26,64
384,149,26,64
378,155,26,64
383,157,26,64
385,157,26,64
386,160,26,64
391,157,26,64
392,152,26,64
391,159,26,64
398,157,26,64
401,156,26,64
401,160,26,64
401,164,26,64
405,161,26,64
407,159,26,64
409,160,26,64
409,162,26,64
412,156,26,64
412,152,26,64
413,153,26,64
412,154,26,64
412,152,26,64
412,153,26,64
412,155,26,64
414,151,26,64
415,151,26,64
416,153,26,64
416,155,26,64
421,151,26,64
425,149,26,64
431,143,26,64
436,146,26,64
442,151,26,64
446,154,26,64
448,154,26,64
454,153,26,64
458,151,26,64
459,151,26,64
460,150,26,64
464,148,26,64
466,146,26,64
469,143,26,64
469,142,26,64
468,140,26,64
468,142,26,64
468,142,26,64
471,142,26,64
471,142,26,64
471,145,26,64
472,145,26,64
472,142,26,64
471,147,26,64
472,148,26,64
471,148,26,64
470,149,26,64
466,151,26,64
464,150,26,64
463,150,26,64
461,150,26,64
456,151,26,64
457,148,26,64
456,148,26,64
455,149,26,64
455,148,26,64
455,146,26,64
455,146,26,64
455,146,26,64
455,145,26,64
456,144,26,64
456,143,26,64
455,143,26,64
454,143,26,64
453,143,26,64
452,141,26,64
450,141,26,64
449,143,26,64
449,140,26,64
448,141,26,64
448,142,26,64
449,138,26,64
449,136,26,64
450,135,26,64
450,136,26,64
450,137,26,64
452,137,26,64
451,136,26,64
451,136,26,64
452,134,26,64
453,132,26,64
451,136,26,64
452,134,26,64
452,132,26,64
451,129,26,64
453,128,26,64
454,127,26,64
455,127,26,64
456,128,26,64
458,128,26,64
462,127,26,64
465,126,26,64
470,124,26,64
473,124,26,64
479,126,26,64
488,122,26,64
500,118,26,64
503,116,26,64
508,115,26,64
516,114,26,64
522,113,26,64
525,112,26,64
529,109,26,64
533,107,26,64
533,106,26,64
533,106,26,64
531,105,26,64
531,104,26,64
529,101,26,64
527,100,26,64
525,100,26,64
523,102,26,64
520,103,26,64
520,104,26,64
517,102,26,64
515,101,26,64
512,101,26,64
510,102,26,64
507,102,26,64
505,99,26,64
504,97,26,64
501,94,26,64
498,92,26,64
496,91,26,64
494,90,26,64
493,88,26,64
491,83,26,64
488,80,26,64
487,79,26,64
483,78,26,64
481,76,26,64
478,73,26,64
477,69,26,64
478,67,26,64
479,66,26,64
479,68,26,64
480,69,26,64
480,68,26,64
482,66,26,64
482,64,26,64
482,64,26,64
484,64,26,64
482,64,26,64
482,61,26,64
484,54,26,64
491,59,26,64
490,57,26,64
487,57,26,64
487,59,26,64
487,61,26,64
489,62,26,64
489,61,26,64
486,62,26,64
484,63,26,64
481,63,26,64
478,65,26,64
473,64,26,64
470,62,26,64
463,60,26,64
456,60,26,64
456,62,26,64
454,66,26,64
451,69,26,64
447,71,26,64
440,71,26,64
437,71,26,64
436,72,26,64
433,74,26,64
432,74,26,64
430,74,26,64
429,73,26,64
429,72,26,64
426,72,26,64
427,72,26,64
427,73,26,64
427,75,26,64
427,75,26,64
426,75,26,64
425,75,26,64
425,75,26,64
424,76,26,64
423,74,26,64
423,72,26,64
422,71,26,64
420,71,26,64
419,73,26,64
418,75,26,64
412,72,26,64
410,72,26,64
410,72,26,64
407,74,26,64
405,75,26,64
403,74,26,64
401,74,26,64
395,75,26,64
394,75,26,64
393,76,26,64
392,74,26,64
391,72,26,64
387,72,26,64
383,73,26,64
376,73,26,64
373,72,26,64
371,71,26,64
371,71,26,64
371,71,26,64
