NaN,NaN,NaN,-1
252.01,161.01,58,38
252.02,161.02,58,38
252.04,161.04,58,38
252.08,161.08,58,38
252.12,161.12,58,38
252.18,161.18,58,38
252.24,161.24,58,38
252.32,161.32,58,38
252.4,161.4,58,38
252.5,161.5,58,38
252.6,161.6,58,38
252.72,161.72,58,38
252.84,161.84,58,38
252.98,161.98,58,38
253.12,162.12,58,38
253.28,162.28,58,38
253.44,162.44,58,38
253.62,162.62,58,38
253.8,162.8,58,38
254,163,58,38
254.2,163.2,58,38
254.42,163.42,58,38
254.64,163.64,58,38
254.88,163.88,58,38
255.12,164.12,58,38
255.38,164.38,58,38
255.64,164.64,58,38
255.92,164.92,58,38
256.2,165.2,58,38
256.5,165.5,58,38
256.8,165.8,58,38
257.12,166.12,58,38
257.44,166.44,58,38
257.78,166.78,58,38
258.12,167.12,58,38
258.48,167.48,58,38
258.84,167.84,58,38
259.22,168.22,58,38
259.6,168.6,58,38
260,169,58,38
260.4,169.4,58,38
260.82,169.82,58,38
261.24,170.24,58,38
261.68,170.68,58,38
262.12,171.12,58,38
262.58,171.58,58,38
263.04,172.04,58,38
263.52,172.52,58,38
264,173,58,38
264.5,173.5,58,38
265,174,58,38
265.52,174.52,58,38
266.04,175.04,58,38
266.58,175.58,58,38
267.12,176.12,58,38
267.68,176.68,58,38
268.24,177.24,58,38
268.82,177.82,58,38
269.4,178.4,58,38
270,179,58,38
270.6,179.6,58,38
271.22,180.22,58,38
271.84,180.84,58,38
272.48,181.48,58,38
273.12,182.12,58,38
273.78,182.78,58,38
274.44,183.44,58,38
275.12,184.12,58,38
NaN,NaN,NaN,-2
NaN,NaN,NaN,0
NaN,NaN,NaN,0
NaN,NaN,NaN,0
NaN,NaN,NaN,0
NaN,NaN,NaN,-1
244.01,149.01,30,35
244.02,149.02,30,35
244.04,149.04,30,35
244.08,149.08,30,35
244.12,149.12,30,35
244.18,149.18,30,35
244.24,149.24,30,35
244.32,149.32,30,35
244.4,149.4,30,35
244.5,149.5,30,35
244.6,149.6,30,35
244.72,149.72,30,35
244.84,149.84,30,35
244.98,149.98,30,35
245.12,150.12,30,35
245.28,150.28,30,35
245.44,150.44,30,35
245.62,150.62,30,35
245.8,150.8,30,35
246,151,30,35
246.2,151.2,30,35
246.42,151.42,30,35
246.64,151.64,30,35
246.88,151.88,30,35
247.12,152.12,30,35
247.38,152.38,30,35
247.64,152.64,30,35
247.92,152.92,30,35
248.2,153.2,30,35
248.5,153.5,30,35
248.8,153.8,30,35
249.12,154.12,30,35
249.44,154.44,30,35
249.78,154.78,30,35
250.12,155.12,30,35
250.48,155.48,30,35
250.84,155.84,30,35
251.22,156.22,30,35
251.6,156.6,30,35
252,157,30,35
252.4,157.4,30,35
252.82,157.82,30,35
253.24,158.24,30,35
253.68,158.68,30,35
254.12,159.12,30,35
254.58,159.58,30,35
255.04,160.04,30,35
255.52,160.52,30,35
256,161,30,35
256.5,161.5,30,35
257,162,30,35
257.52,162.52,30,35
258.04,163.04,30,35
258.58,163.58,30,35
259.12,164.12,30,35
259.68,164.68,30,35
260.24,165.24,30,35
260.82,165.82,30,35
261.4,166.4,30,35
262,167,30,35
262.6,167.6,30,35
263.22,168.22,30,35
263.84,168.84,30,35
264.48,169.48,30,35
265.12,170.12,30,35
265.78,170.78,30,35
266.44,171.44,30,35
267.12,172.12,30,35
267.8,172.8,30,35
NaN,NaN,NaN,-2
NaN,NaN,NaN,0
NaN,NaN,NaN,0
NaN,NaN,NaN,0
NaN,NaN,NaN,0
NaN,NaN,NaN,-1
243.01,148.01,23,29
243.02,148.02,23,29
243.04,148.04,23,29
243.08,148.08,23,29
243.12,148.12,23,29
243.18,148.18,23,29
243.24,148.24,23,29
243.32,148.32,23,29
243.4,148.4,23,29
243.5,148.5,23,29
243.6,148.6,23,29
243.72,148.72,23,29
243.84,148.84,23,29
243.98,148.98,23,29
244.12,149.12,23,29
244.28,149.28,23,29
244.44,149.44,23,29
244.62,149.62,23,29
244.8,149.8,23,29
245,150,23,29
245.2,150.2,23,29
245.42,150.42,23,29
245.64,150.64,23,29
245.88,150.88,23,29
246.12,151.12,23,29
246.38,151.38,23,29
246.64,151.64,23,29
246.92,151.92,23,29
247.2,152.2,23,29
247.5,152.5,23,29
247.8,152.8,23,29
248.12,153.12,23,29
248.44,153.44,23,29
248.78,153.78,23,29
249.12,154.12,23,29
249.48,154.48,23,29
249.84,154.84,23,29
250.22,155.22,23,29
250.6,155.6,23,29
251,156,23,29
251.4,156.4,23,29
251.82,156.82,23,29
252.24,157.24,23,29
252.68,157.68,23,29
253.12,158.12,23,29
253.58,158.58,23,29
254.04,159.04,23,29
254.52,159.52,23,29
255,160,23,29
255.5,160.5,23,29
256,161,23,29
256.52,161.52,23,29
257.04,162.04,23,29
257.58,162.58,23,29
258.12,163.12,23,29
258.68,163.68,23,29
259.24,164.24,23,29
259.82,164.82,23,29
260.4,165.4,23,29
261,166,23,29
261.6,166.6,23,29
262.22,167.22,23,29
262.84,167.84,23,29
NaN,NaN,NaN,-2
NaN,NaN,NaN,0
NaN,NaN,NaN,0
NaN,NaN,NaN,0
NaN,NaN,NaN,0
NaN,NaN,NaN,-1
205.01,153.01,53,29
205.02,153.02,53,29
205.04,153.04,53,29
205.08,153.08,53,29
205.12,153.12,53,29
205.18,153.18,53,29
205.24,153.24,53,29
205.32,153.32,53,29
205.4,153.4,53,29
205.5,153.5,53,29
205.6,153.6,53,29
205.72,153.72,53,29
205.84,153.84,53,29
205.98,153.98,53,29
206.12,154.12,53,29
233.44,161.23,11,11
NaN,NaN,NaN,-2
NaN,NaN,NaN,0
NaN,NaN,NaN,0
NaN,NaN,NaN,0
NaN,NaN,NaN,0
NaN,NaN,NaN,-1
173.01,157.01,65,23
173.02,157.02,65,23
173.04,157.04,65,23
173.08,157.08,65,23
173.12,157.12,65,23
173.18,157.18,65,23
173.24,157.24,65,23
173.32,157.32,65,23
173.4,157.4,65,23
206.85,165.67,12,14
NaN,NaN,NaN,-2
NaN,NaN,NaN,0
NaN,NaN,NaN,0
NaN,NaN,NaN,0
NaN,NaN,NaN,0
NaN,NaN,NaN,-1
151.01,157.01,64,23
151.02,157.02,64,23
151.04,157.04,64,23
151.08,157.08,64,23
151.12,157.12,64,23
151.18,157.18,64,23
151.24,157.24,64,23
151.32,157.32,64,23
151.4,157.4,64,23
151.5,157.5,64,23
151.6,157.6,64,23
151.72,157.72,64,23
151.84,157.84,64,23
151.98,157.98,64,23
152.12,158.12,64,23
152.28,158.28,64,23
152.44,158.44,64,23
152.62,158.62,64,23
152.8,158.8,64,23
153,159,64,23
153.2,159.2,64,23
174.22,167.93,12,11
NaN,NaN,NaN,-2
NaN,NaN,NaN,0
NaN,NaN,NaN,0
NaN,NaN,NaN,0
NaN,NaN,NaN,0
NaN,NaN,NaN,-1
116.01,151.01,54,23
116.02,151.02,54,23
116.04,151.04,54,23
116.08,151.08,54,23
116.12,151.12,54,23
116.18,151.18,54,23
116.24,151.24,54,23
116.32,151.32,54,23
144.54,161.55,11,11
NaN,NaN,NaN,-2
NaN,NaN,NaN,0
NaN,NaN,NaN,0
NaN,NaN,NaN,0
NaN,NaN,NaN,0
NaN,NaN,NaN,-1
97.005,148.01,50,20
97.02,148.02,50,20
97.045,148.04,50,20
97.08,148.08,50,20
97.125,148.12,50,20
97.18,148.18,50,20
97.245,148.24,50,20
97.32,148.32,50,20
97.405,148.4,50,20
122.09,156.97,12,15
NaN,NaN,NaN,-2
NaN,NaN,NaN,0
NaN,NaN,NaN,0
NaN,NaN,NaN,0
NaN,NaN,NaN,0
NaN,NaN,NaN,-1
78.005,146.01,46,17
78.02,146.02,46,17
78.045,146.04,46,17
78.08,146.08,46,17
78.125,146.12,46,17
78.18,146.18,46,17
78.245,146.24,46,17
78.32,146.32,46,17
78.405,146.4,46,17
78.5,146.5,46,17
98.504,153.39,13,13
NaN,NaN,NaN,-2
NaN,NaN,NaN,0
NaN,NaN,NaN,0
NaN,NaN,NaN,0
NaN,NaN,NaN,0
NaN,NaN,NaN,-1
79.028,143.38,13,13
NaN,NaN,NaN,-2
NaN,NaN,NaN,0
NaN,NaN,NaN,0
NaN,NaN,NaN,0
NaN,NaN,NaN,0
NaN,NaN,NaN,-1
68.549,142.36,14,13
NaN,NaN,NaN,-2
NaN,NaN,NaN,0
NaN,NaN,NaN,0
NaN,NaN,NaN,0
NaN,NaN,NaN,0
NaN,NaN,NaN,-1
57.423,140.58,13,13
NaN,NaN,NaN,-2
NaN,NaN,NaN,0
NaN,NaN,NaN,0
NaN,NaN,NaN,0
NaN,NaN,NaN,0
NaN,NaN,NaN,-1
47.404,138.6,11,11
63.738,140.7,11,11
NaN,NaN,NaN,-2
NaN,NaN,NaN,0
NaN,NaN,NaN,0
NaN,NaN,NaN,0
NaN,NaN,NaN,0
NaN,NaN,NaN,-1
36.404,136.8,11,11
51.938,139.06,11,11
NaN,NaN,NaN,-2
NaN,NaN,NaN,0
NaN,NaN,NaN,0
NaN,NaN,NaN,0
NaN,NaN,NaN,0
NaN,NaN,NaN,-1
35.727,111.86,320,68
NaN,NaN,NaN,-2
NaN,NaN,NaN,0
NaN,NaN,NaN,0
