NaN,NaN,NaN,-1
258.01,162.01,62,37
258.02,162.02,62,37
258.04,162.04,62,37
258.08,162.08,62,37
258.12,162.12,62,37
258.18,162.18,62,37
258.24,162.24,62,37
258.32,162.32,62,37
258.4,162.4,62,37
258.5,162.5,62,37
258.6,162.6,62,37
258.72,162.72,62,37
258.84,162.84,62,37
258.98,162.98,62,37
259.12,163.12,62,37
259.28,163.28,62,37
259.44,163.44,62,37
259.62,163.62,62,37
259.8,163.8,62,37
260,164,62,37
260.2,164.2,62,37
260.42,164.42,62,37
260.64,164.64,62,37
260.88,164.88,62,37
261.12,165.12,62,37
261.38,165.38,62,37
261.64,165.64,62,37
261.92,165.92,62,37
262.2,166.2,62,37
262.5,166.5,62,37
262.8,166.8,62,37
263.12,167.12,62,37
263.44,167.44,62,37
263.78,167.78,62,37
264.12,168.12,62,37
264.48,168.48,62,37
264.84,168.84,62,37
265.22,169.22,62,37
265.6,169.6,62,37
266,170,62,37
266.4,170.4,62,37
266.82,170.82,62,37
267.24,171.24,62,37
267.68,171.68,62,37
268.12,172.12,62,37
268.58,172.58,62,37
269.04,173.04,62,37
269.52,173.52,62,37
270,174,62,37
270.5,174.5,62,37
271,175,62,37
271.52,175.52,62,37
272.04,176.04,62,37
272.58,176.58,62,37
273.12,177.12,62,37
273.68,177.68,62,37
274.24,178.24,62,37
274.82,178.82,62,37
275.4,179.4,62,37
276,180,62,37
276.6,180.6,62,37
277.22,181.22,62,37
277.84,181.84,62,37
NaN,NaN,NaN,-2
NaN,NaN,NaN,0
NaN,NaN,NaN,0
NaN,NaN,NaN,0
NaN,NaN,NaN,0
NaN,NaN,NaN,-1
247.01,150.01,33,34
247.02,150.02,33,34
247.04,150.04,33,34
247.08,150.08,33,34
247.12,150.12,33,34
247.18,150.18,33,34
247.24,150.24,33,34
247.32,150.32,33,34
247.4,150.4,33,34
247.5,150.5,33,34
247.6,150.6,33,34
247.72,150.72,33,34
247.84,150.84,33,34
247.98,150.98,33,34
248.12,151.12,33,34
248.28,151.28,33,34
248.44,151.44,33,34
248.62,151.62,33,34
248.8,151.8,33,34
249,152,33,34
249.2,152.2,33,34
249.42,152.42,33,34
249.64,152.64,33,34
249.88,152.88,33,34
250.12,153.12,33,34
250.38,153.38,33,34
250.64,153.64,33,34
250.92,153.92,33,34
251.2,154.2,33,34
251.5,154.5,33,34
251.8,154.8,33,34
252.12,155.12,33,34
252.44,155.44,33,34
252.78,155.78,33,34
253.12,156.12,33,34
253.48,156.48,33,34
253.84,156.84,33,34
254.22,157.22,33,34
254.6,157.6,33,34
255,158,33,34
255.4,158.4,33,34
255.82,158.82,33,34
256.24,159.24,33,34
256.68,159.68,33,34
257.12,160.12,33,34
257.58,160.58,33,34
258.04,161.04,33,34
258.52,161.52,33,34
259,162,33,34
259.5,162.5,33,34
260,163,33,34
260.52,163.52,33,34
261.04,164.04,33,34
261.58,164.58,33,34
262.12,165.12,33,34
262.68,165.68,33,34
263.24,166.24,33,34
263.82,166.82,33,34
264.4,167.4,33,34
265,168,33,34
265.6,168.6,33,34
266.22,169.22,33,34
266.84,169.84,33,34
267.48,170.48,33,34
NaN,NaN,NaN,-2
NaN,NaN,NaN,0
NaN,NaN,NaN,0
NaN,NaN,NaN,0
NaN,NaN,NaN,0
NaN,NaN,NaN,-1
245.01,148.01,25,28
245.02,148.02,25,28
245.04,148.04,25,28
245.08,148.08,25,28
245.12,148.12,25,28
245.18,148.18,25,28
245.24,148.24,25,28
245.32,148.32,25,28
245.4,148.4,25,28
245.5,148.5,25,28
245.6,148.6,25,28
245.72,148.72,25,28
245.84,148.84,25,28
245.98,148.98,25,28
246.12,149.12,25,28
246.28,149.28,25,28
246.44,149.44,25,28
246.62,149.62,25,28
246.8,149.8,25,28
247,150,25,28
247.2,150.2,25,28
247.42,150.42,25,28
247.64,150.64,25,28
247.88,150.88,25,28
248.12,151.12,25,28
248.38,151.38,25,28
248.64,151.64,25,28
248.92,151.92,25,28
249.2,152.2,25,28
249.5,152.5,25,28
249.8,152.8,25,28
250.12,153.12,25,28
250.44,153.44,25,28
250.78,153.78,25,28
251.12,154.12,25,28
251.48,154.48,25,28
251.84,154.84,25,28
252.22,155.22,25,28
252.6,155.6,25,28
253,156,25,28
253.4,156.4,25,28
253.82,156.82,25,28
254.24,157.24,25,28
254.68,157.68,25,28
255.12,158.12,25,28
255.58,158.58,25,28
256.04,159.04,25,28
256.52,159.52,25,28
257,160,25,28
257.5,160.5,25,28
258,161,25,28
258.52,161.52,25,28
259.04,162.04,25,28
259.58,162.58,25,28
260.12,163.12,25,28
260.68,163.68,25,28
261.24,164.24,25,28
261.82,164.82,25,28
262.4,165.4,25,28
263,166,25,28
263.6,166.6,25,28
264.22,167.22,25,28
264.84,167.84,25,28
265.48,168.48,25,28
266.12,169.12,25,28
NaN,NaN,NaN,-2
NaN,NaN,NaN,0
NaN,NaN,NaN,0
NaN,NaN,NaN,0
NaN,NaN,NaN,0
NaN,NaN,NaN,-1
219.01,152.01,50,29
219.02,152.02,50,29
219.04,152.04,50,29
219.08,152.08,50,29
219.12,152.12,50,29
219.18,152.18,50,29
219.24,152.24,50,29
219.32,152.32,50,29
219.4,152.4,50,29
219.5,152.5,50,29
219.6,152.6,50,29
219.72,152.72,50,29
219.84,152.84,50,29
219.98,152.98,50,29
220.12,153.12,50,29
220.28,153.28,50,29
220.44,153.44,50,29
220.62,153.62,50,29
220.8,153.8,50,29
221,154,50,29
241.85,160.65,11,11
NaN,NaN,NaN,-2
NaN,NaN,NaN,0
NaN,NaN,NaN,0
NaN,NaN,NaN,0
NaN,NaN,NaN,0
NaN,NaN,NaN,-1
184.01,158.01,68,23
184.02,158.02,68,23
184.04,158.04,68,23
184.08,158.08,68,23
184.12,158.12,68,23
184.18,158.18,68,23
184.24,158.24,68,23
184.32,158.32,68,23
184.4,158.4,68,23
214.26,165.6,11,12
NaN,NaN,NaN,-2
NaN,NaN,NaN,0
NaN,NaN,NaN,0
NaN,NaN,NaN,0
NaN,NaN,NaN,0
NaN,NaN,NaN,-1
162.01,158.01,68,23
162.02,158.02,68,23
162.04,158.04,68,23
162.08,158.08,68,23
162.12,158.12,68,23
162.18,158.18,68,23
162.24,158.24,68,23
162.32,158.32,68,23
191.64,168,11,11
203.14,171.84,11,11
NaN,NaN,NaN,-2
NaN,NaN,NaN,0
NaN,NaN,NaN,0
NaN,NaN,NaN,0
NaN,NaN,NaN,0
NaN,NaN,NaN,-1
141.01,155.01,63,23
141.02,155.02,63,23
141.04,155.04,63,23
141.08,155.08,63,23
141.12,155.12,63,23
141.18,155.18,63,23
141.24,155.24,63,23
141.32,155.32,63,23
141.4,155.4,63,23
167.43,165.6,11,11
NaN,NaN,NaN,-2
NaN,NaN,NaN,0
NaN,NaN,NaN,0
NaN,NaN,NaN,0
NaN,NaN,NaN,0
NaN,NaN,NaN,-1
120.01,152.01,58,23
120.02,152.02,58,23
120.04,152.04,58,23
120.08,152.08,58,23
120.12,152.12,58,23
120.18,152.18,58,23
120.24,152.24,58,23
120.32,152.32,58,23
120.4,152.4,58,23
144.8,162.05,11,11
NaN,NaN,NaN,-2
NaN,NaN,NaN,0
NaN,NaN,NaN,0
NaN,NaN,NaN,0
NaN,NaN,NaN,0
NaN,NaN,NaN,-1
100.01,149.01,53,18
100.02,149.02,53,18
100.04,149.04,53,18
100.08,149.08,53,18
100.12,149.12,53,18
100.18,149.18,53,18
100.24,149.24,53,18
100.32,149.32,53,18
100.4,149.4,53,18
100.5,149.5,53,18
121.07,157.25,13,14
NaN,NaN,NaN,-2
NaN,NaN,NaN,0
NaN,NaN,NaN,0
NaN,NaN,NaN,0
NaN,NaN,NaN,0
NaN,NaN,NaN,-1
78.005,146.01,48,15
78.02,146.02,48,15
78.045,146.04,48,15
78.08,146.08,48,15
78.125,146.12,48,15
78.18,146.18,48,15
78.245,146.24,48,15
78.32,146.32,48,15
78.405,146.4,48,15
NaN,NaN,NaN,-2
NaN,NaN,NaN,0
NaN,NaN,NaN,0
NaN,NaN,NaN,0
NaN,NaN,NaN,0
NaN,NaN,NaN,-1
80.943,144,12,13
NaN,NaN,NaN,-2
NaN,NaN,NaN,0
NaN,NaN,NaN,0
NaN,NaN,NaN,0
NaN,NaN,NaN,0
NaN,NaN,NaN,-1
69.63,142.28,13,12
NaN,NaN,NaN,-2
NaN,NaN,NaN,0
NaN,NaN,NaN,0
NaN,NaN,NaN,0
NaN,NaN,NaN,0
NaN,NaN,NaN,-1
59.448,141.36,13,13
NaN,NaN,NaN,-2
NaN,NaN,NaN,0
NaN,NaN,NaN,0
NaN,NaN,NaN,0
NaN,NaN,NaN,0
NaN,NaN,NaN,-1
49.404,139.5,11,12
64.938,141.52,11,12
NaN,NaN,NaN,-2
NaN,NaN,NaN,0
NaN,NaN,NaN,0
NaN,NaN,NaN,0
NaN,NaN,NaN,0
NaN,NaN,NaN,-1
19.005,135.01,40,14
19.02,135.02,40,14
19.045,135.04,40,14
19.08,135.08,40,14
19.125,135.12,40,14
19.18,135.18,40,14
19.245,135.24,40,14
19.32,135.32,40,14
19.405,135.4,40,14
19.5,135.5,40,14
19.605,135.6,40,14
