NaN,NaN,NaN,-1
133,49,37,90
133,50,37,90
134,50,37,90
134,50,37,90
134,51,37,90
134,51,37,90
134,52,37,90
133,53,37,90
133,55,37,90
133,56,37,90
133,58,37,90
133,61,37,90
134,64,37,90
135,67,37,90
138,72,37,90
140,77,37,90
144,81,37,90
149,85,37,90
154,90,37,90
161,94,37,90
168,97,37,90
176,100,37,90
183,102,37,90
191,104,37,90
199,105,37,90
207,106,37,90
214,107,37,90
220,107,37,90
225,108,37,90
228,108,37,90
230,108,37,90
230,107,37,90
227,106,37,90
221,106,37,90
215,105,37,90
207,105,37,90
198,105,37,90
187,106,37,90
176,106,37,90
166,107,37,90
156,107,37,90
147,108,37,90
140,109,37,90
131,110,37,90
122,111,37,90
114,112,37,90
106,113,37,90
100,114,37,90
95,114,37,90
89,114,37,90
84,113,37,90
81,111,37,90
80,107,37,90
80,102,37,90
81,97,37,90
82,91,37,90
85,84,37,90
88,76,37,90
91,69,37,90
95,63,37,90
98,58,37,90
102,54,37,90
109,50,37,90
116,47,37,90
124,45,37,90
132,44,37,90
141,44,37,90
149,46,37,90
157,48,37,90
166,50,37,90
174,52,37,90
181,55,37,90
190,57,37,90
199,58,37,90
206,59,37,90
213,60,37,90
219,61,37,90
223,61,37,90
225,61,37,90
223,60,37,90
218,58,37,90
211,56,37,90
202,53,37,90
193,50,37,90
183,48,37,90
173,45,37,90
163,44,37,90
153,42,37,90
143,40,37,90
133,39,37,90
123,40,37,90
113,42,37,90
103,44,37,90
94,47,37,90
86,50,37,90
79,53,37,90
75,56,37,90
73,61,37,90
75,65,37,90
77,71,37,90
80,77,37,90
83,82,37,90
88,87,37,90
92,92,37,90
94,98,37,90
97,104,37,90
99,110,37,90
101,116,37,90
104,120,37,90
108,123,37,90
113,125,37,90
118,126,37,90
124,125,37,90
131,122,37,90
139,119,37,90
145,115,37,90
152,112,37,90
159,108,37,90
166,104,37,90
173,100,37,90
179,98,37,90
184,94,37,90
190,91,37,90
196,88,37,90
202,85,37,90
207,82,37,90
212,79,37,90
217,76,37,90
220,74,37,90
223,71,37,90
224,68,37,90
223,65,37,90
221,62,37,90
216,60,37,90
210,57,37,90
203,54,37,90
195,52,37,90
186,50,37,90
176,48,37,90
167,46,37,90
157,44,37,90
147,42,37,90
137,40,37,90
128,39,37,90
119,37,37,90
110,36,37,90
103,35,37,90
96,35,37,90
90,35,37,90
85,36,37,90
82,37,37,90
82,38,37,90
84,39,37,90
87,41,37,90
91,42,37,90
96,45,37,90
99,49,37,90
102,52,37,90
104,56,37,90
107,59,37,90
110,62,37,90
111,64,37,90
113,64,37,90
115,64,37,90
117,64,37,90
120,63,37,90
122,62,37,90
126,60,37,90
132,59,37,90
138,58,37,90
143,58,37,90
149,57,37,90
155,55,37,90
159,53,37,90
162,52,37,90
164,51,37,90
166,51,37,90
169,51,37,90
173,52,37,90
177,53,37,90
182,54,37,90
188,55,37,90
193,55,37,90
196,55,37,90
201,54,37,90
203,52,37,90
205,50,37,90
206,48,37,90
208,46,37,90
210,44,37,90
212,45,37,90
215,49,37,90
218,55,37,90
220,66,37,90
221,77,37,90
221,85,37,90
222,91,37,90
219,99,37,90
215,104,37,90
212,106,37,90
209,108,37,90
204,109,37,90
198,109,37,90
192,108,37,90
184,105,37,90
174,104,37,90
164,102,37,90
152,101,37,90
142,99,37,90
130,97,37,90
117,94,37,90
107,91,37,90
97,88,37,90
86,87,37,90
77,86,37,90
69,83,37,90
63,81,37,90
58,78,37,90
55,74,37,90
55,69,37,90
58,63,37,90
63,55,37,90
68,48,37,90
75,40,37,90
81,31,37,90
87,24,37,90
92,16,37,90
96,9,37,90
100,1,37,90
103,1,37,90
108,1,37,90
113,1,37,90
118,1,37,90
122,1,37,90
128,3,37,90
134,9,37,90
139,14,37,90
146,20,37,90
152,27,37,90
159,33,37,90
166,38,37,90
174,44,37,90
183,49,37,90
191,54,37,90
201,59,37,90
209,63,37,90
217,67,37,90
224,72,37,90
231,76,37,90
237,80,37,90
243,84,37,90
248,89,37,90
251,92,37,90
253,95,37,90
251,97,37,90
248,98,37,90
243,98,37,90
235,99,37,90
227,99,37,90
217,98,37,90
208,98,37,90
199,98,37,90
189,99,37,90
180,100,37,90
170,101,37,90
161,103,37,90
151,103,37,90
141,104,37,90
132,104,37,90
123,104,37,90
115,103,37,90
107,102,37,90
100,101,37,90
93,100,37,90
87,98,37,90
82,96,37,90
78,93,37,90
75,88,37,90
71,84,37,90
68,79,37,90
65,73,37,90
63,68,37,90
62,62,37,90
61,56,37,90
61,49,37,90
61,42,37,90
62,35,37,90
63,29,37,90
63,23,37,90
62,18,37,90
60,15,37,90
58,12,37,90
57,11,37,90
55,14,37,90
52,19,37,90
50,23,37,90
48,27,37,90
46,31,37,90
45,34,37,90
45,36,37,90
47,38,37,90
50,40,37,90
52,42,37,90
55,46,37,90
59,51,37,90
62,58,37,90
66,64,37,90
72,71,37,90
79,77,37,90
85,83,37,90
93,88,37,90
102,91,37,90
113,95,37,90
125,97,37,90
136,97,37,90
146,96,37,90
157,94,37,90
168,90,37,90
177,85,37,90
184,82,37,90
189,80,37,90
193,78,37,90
196,76,37,90
196,74,37,90
195,71,37,90
191,68,37,90
187,65,37,90
181,61,37,90
175,57,37,90
169,54,37,90
163,51,37,90
157,48,37,90
150,46,37,90
143,46,37,90
136,47,37,90
128,49,37,90
122,53,37,90
116,59,37,90
111,65,37,90
108,72,37,90
106,77,37,90
107,81,37,90
110,84,37,90
116,86,37,90
124,87,37,90
132,88,37,90
141,88,37,90
151,87,37,90
161,87,37,90
171,87,37,90
179,87,37,90
187,88,37,90
194,90,37,90
199,92,37,90
203,94,37,90
206,97,37,90
208,101,37,90
207,105,37,90
204,109,37,90
197,113,37,90
191,115,37,90
184,116,37,90
177,117,37,90
170,117,37,90
162,117,37,90
152,116,37,90
142,113,37,90
134,111,37,90
124,106,37,90
114,101,37,90
105,96,37,90
95,91,37,90
86,85,37,90
79,79,37,90
72,72,37,90
67,64,37,90
63,58,37,90
61,51,37,90
63,45,37,90
66,39,37,90
71,35,37,90
76,30,37,90
81,26,37,90
87,22,37,90
92,19,37,90
96,17,37,90
101,15,37,90
104,14,37,90
108,15,37,90
112,18,37,90
115,21,37,90
120,25,37,90
124,30,37,90
128,35,37,90
131,39,37,90
134,43,37,90
138,47,37,90
141,49,37,90
144,51,37,90
146,52,37,90
149,54,37,90
150,55,37,90
152,56,37,90
