NaN,NaN,NaN,-1
132,48,37,90
132,48,37,90
132,49,37,90
132,49,37,90
132,50,37,90
132,50,37,90
132,51,37,90
131,52,37,90
131,54,37,90
131,55,37,90
131,58,37,90
131,60,37,90
132,63,37,90
134,67,37,90
136,71,37,90
138,76,37,90
142,80,37,90
147,84,37,90
152,89,37,90
160,92,37,90
166,96,37,90
174,99,37,90
181,101,37,90
189,102,37,90
198,103,37,90
206,104,37,90
213,105,37,90
219,106,37,90
224,106,37,90
227,106,37,90
229,106,37,90
229,105,37,90
226,105,37,90
220,104,37,90
214,104,37,90
206,103,37,90
197,103,37,90
186,104,37,90
176,104,37,90
165,105,37,90
155,106,37,90
147,107,37,90
140,108,37,90
131,109,37,90
122,110,37,90
113,112,37,90
106,112,37,90
100,113,37,90
94,113,37,90
89,113,37,90
84,112,37,90
81,110,37,90
80,106,37,90
80,101,37,90
81,96,37,90
82,90,37,90
85,83,37,90
88,76,37,90
91,69,37,90
96,62,37,90
99,57,37,90
103,53,37,90
111,49,37,90
118,46,37,90
126,44,37,90
134,43,37,90
143,42,37,90
152,43,37,90
159,46,37,90
168,49,37,90
176,51,37,90
184,53,37,90
192,55,37,90
201,56,37,90
209,58,37,90
216,58,37,90
221,59,37,90
225,60,37,90
227,60,37,90
225,59,37,90
220,57,37,90
213,55,37,90
204,52,37,90
195,49,37,90
186,47,37,90
175,44,37,90
165,42,37,90
156,40,37,90
146,39,37,90
136,38,37,90
126,38,37,90
116,40,37,90
107,43,37,90
98,46,37,90
90,49,37,90
83,51,37,90
78,55,37,90
77,59,37,90
78,64,37,90
80,69,37,90
83,75,37,90
86,80,37,90
91,85,37,90
94,90,37,90
96,96,37,90
99,102,37,90
101,108,37,90
103,114,37,90
106,118,37,90
110,121,37,90
115,122,37,90
120,123,37,90
126,122,37,90
133,119,37,90
141,116,37,90
148,113,37,90
154,109,37,90
162,105,37,90
169,101,37,90
175,98,37,90
181,95,37,90
187,91,37,90
193,88,37,90
199,85,37,90
205,82,37,90
210,79,37,90
215,76,37,90
220,73,37,90
224,71,37,90
227,68,37,90
228,65,37,90
227,62,37,90
225,60,37,90
220,57,37,90
214,54,37,90
207,51,37,90
200,49,37,90
191,47,37,90
182,45,37,90
172,43,37,90
163,41,37,90
153,39,37,90
144,38,37,90
136,36,37,90
127,35,37,90
119,34,37,90
112,33,37,90
105,33,37,90
99,33,37,90
94,34,37,90
91,35,37,90
90,36,37,90
92,38,37,90
95,39,37,90
99,40,37,90
104,43,37,90
107,47,37,90
109,50,37,90
112,54,37,90
114,57,37,90
117,60,37,90
118,62,37,90
120,63,37,90
122,62,37,90
124,63,37,90
126,62,37,90
128,61,37,90
132,59,37,90
138,58,37,90
144,58,37,90
149,58,37,90
155,57,37,90
160,55,37,90
164,53,37,90
167,52,37,90
169,51,37,90
171,51,37,90
174,51,37,90
178,52,37,90
182,54,37,90
187,55,37,90
193,56,37,90
198,56,37,90
202,56,37,90
206,55,37,90
209,53,37,90
211,51,37,90
212,49,37,90
214,47,37,90
216,45,37,90
218,46,37,90
221,50,37,90
223,56,37,90
226,66,37,90
226,78,37,90
227,85,37,90
227,92,37,90
225,100,37,90
221,105,37,90
217,107,37,90
214,109,37,90
209,110,37,90
204,110,37,90
198,109,37,90
190,106,37,90
179,104,37,90
170,103,37,90
158,102,37,90
148,101,37,90
136,98,37,90
124,95,37,90
113,91,37,90
102,89,37,90
91,87,37,90
82,85,37,90
75,84,37,90
69,82,37,90
64,79,37,90
61,75,37,90
62,70,37,90
65,64,37,90
69,57,37,90
75,49,37,90
81,41,37,90
87,33,37,90
94,26,37,90
98,18,37,90
102,9,37,90
105,2,37,90
110,1,37,90
115,1,37,90
121,1,37,90
126,1,37,90
130,1,37,90
136,4,37,90
142,9,37,90
147,15,37,90
154,20,37,90
160,26,37,90
167,33,37,90
174,38,37,90
182,44,37,90
191,49,37,90
200,54,37,90
209,59,37,90
218,63,37,90
226,67,37,90
233,72,37,90
240,76,37,90
246,81,37,90
252,85,37,90
256,89,37,90
260,92,37,90
261,95,37,90
260,97,37,90
256,98,37,90
251,98,37,90
244,99,37,90
235,99,37,90
226,99,37,90
217,99,37,90
207,99,37,90
198,99,37,90
188,101,37,90
179,102,37,90
169,103,37,90
160,104,37,90
150,105,37,90
140,105,37,90
131,105,37,90
123,104,37,90
115,103,37,90
108,102,37,90
101,100,37,90
95,99,37,90
90,97,37,90
85,93,37,90
82,89,37,90
78,84,37,90
75,79,37,90
73,74,37,90
71,68,37,90
69,62,37,90
68,56,37,90
68,49,37,90
68,43,37,90
69,36,37,90
70,29,37,90
70,24,37,90
69,19,37,90
67,16,37,90
66,14,37,90
65,13,37,90
63,15,37,90
60,20,37,90
58,25,37,90
56,29,37,90
55,32,37,90
54,35,37,90
54,37,37,90
56,39,37,90
59,41,37,90
61,43,37,90
64,47,37,90
68,52,37,90
71,59,37,90
75,66,37,90
81,72,37,90
88,78,37,90
95,84,37,90
103,90,37,90
112,93,37,90
123,96,37,90
134,98,37,90
145,98,37,90
155,98,37,90
166,95,37,90
177,91,37,90
186,87,37,90
192,83,37,90
198,81,37,90
202,79,37,90
205,77,37,90
205,75,37,90
203,72,37,90
200,69,37,90
195,66,37,90
190,62,37,90
184,59,37,90
177,55,37,90
171,52,37,90
165,49,37,90
158,47,37,90
151,47,37,90
144,48,37,90
136,50,37,90
129,54,37,90
123,60,37,90
119,66,37,90
115,72,37,90
114,77,37,90
114,81,37,90
117,84,37,90
123,86,37,90
131,87,37,90
139,88,37,90
149,89,37,90
159,89,37,90
168,88,37,90
178,87,37,90
187,88,37,90
194,89,37,90
201,90,37,90
207,92,37,90
211,94,37,90
214,97,37,90
215,101,37,90
214,105,37,90
211,109,37,90
204,113,37,90
197,115,37,90
191,116,37,90
184,117,37,90
177,118,37,90
169,117,37,90
160,116,37,90
149,114,37,90
140,111,37,90
131,107,37,90
121,102,37,90
112,97,37,90
102,91,37,90
93,85,37,90
86,79,37,90
79,72,37,90
74,65,37,90
69,58,37,90
67,52,37,90
69,46,37,90
72,40,37,90
77,35,37,90
82,31,37,90
87,27,37,90
93,23,37,90
99,20,37,90
103,17,37,90
107,16,37,90
111,15,37,90
115,16,37,90
119,19,37,90
122,23,37,90
127,27,37,90
131,32,37,90
135,36,37,90
138,41,37,90
141,45,37,90
144,48,37,90
148,50,37,90
150,51,37,90
153,53,37,90
155,54,37,90
157,56,37,90
159,57,37,90
