NaN,NaN,NaN,-1
133,49,37,90
132,49,37,90
133,50,37,90
133,50,37,90
133,51,37,90
133,51,37,90
132,53,37,90
132,54,37,90
132,55,37,90
131,57,37,90
132,59,37,90
132,61,37,90
133,64,37,90
134,68,37,90
136,72,37,90
139,77,37,90
142,82,37,90
147,86,37,90
152,90,37,90
159,94,37,90
166,98,37,90
174,101,37,90
181,103,37,90
189,104,37,90
197,106,37,90
205,107,37,90
211,108,37,90
218,108,37,90
222,108,37,90
225,109,37,90
227,108,37,90
227,108,37,90
224,107,37,90
219,107,37,90
212,106,37,90
204,106,37,90
195,106,37,90
184,106,37,90
174,106,37,90
163,107,37,90
153,108,37,90
144,109,37,90
137,110,37,90
128,111,37,90
119,112,37,90
111,113,37,90
103,114,37,90
97,114,37,90
91,115,37,90
86,114,37,90
81,114,37,90
78,112,37,90
77,108,37,90
77,103,37,90
78,98,37,90
80,92,37,90
82,85,37,90
85,77,37,90
88,71,37,90
91,64,37,90
94,59,37,90
98,55,37,90
105,51,37,90
112,48,37,90
120,46,37,90
128,45,37,90
137,44,37,90
145,46,37,90
152,48,37,90
161,51,37,90
168,53,37,90
176,55,37,90
184,57,37,90
193,58,37,90
201,59,37,90
208,60,37,90
213,61,37,90
217,61,37,90
219,61,37,90
218,60,37,90
213,58,37,90
206,56,37,90
197,53,37,90
188,51,37,90
178,48,37,90
168,46,37,90
158,44,37,90
148,42,37,90
138,41,37,90
128,40,37,90
118,40,37,90
108,42,37,90
98,44,37,90
89,48,37,90
81,51,37,90
75,53,37,90
70,57,37,90
69,61,37,90
70,65,37,90
72,71,37,90
75,77,37,90
79,81,37,90
84,87,37,90
87,92,37,90
90,98,37,90
93,104,37,90
96,110,37,90
98,115,37,90
101,120,37,90
105,123,37,90
111,124,37,90
117,125,37,90
123,124,37,90
130,121,37,90
138,118,37,90
145,114,37,90
152,111,37,90
159,107,37,90
166,103,37,90
172,100,37,90
178,97,37,90
184,93,37,90
189,91,37,90
195,87,37,90
201,84,37,90
206,81,37,90
211,78,37,90
215,75,37,90
219,73,37,90
222,70,37,90
223,67,37,90
222,64,37,90
220,61,37,90
214,58,37,90
208,55,37,90
201,53,37,90
193,51,37,90
184,49,37,90
174,47,37,90
165,44,37,90
155,42,37,90
145,41,37,90
135,39,37,90
126,37,37,90
117,36,37,90
108,35,37,90
101,34,37,90
95,34,37,90
88,34,37,90
83,35,37,90
81,36,37,90
80,37,37,90
82,39,37,90
85,41,37,90
89,42,37,90
94,45,37,90
97,49,37,90
100,52,37,90
102,56,37,90
105,59,37,90
107,61,37,90
109,63,37,90
111,64,37,90
113,64,37,90
115,64,37,90
118,64,37,90
121,62,37,90
125,61,37,90
131,59,37,90
137,59,37,90
143,59,37,90
148,57,37,90
154,56,37,90
158,54,37,90
161,53,37,90
163,52,37,90
166,52,37,90
168,52,37,90
172,53,37,90
176,54,37,90
181,55,37,90
187,56,37,90
192,56,37,90
196,56,37,90
200,55,37,90
203,53,37,90
205,51,37,90
206,49,37,90
208,47,37,90
210,45,37,90
212,46,37,90
215,50,37,90
217,56,37,90
220,67,37,90
220,79,37,90
220,86,37,90
221,92,37,90
218,100,37,90
214,105,37,90
211,108,37,90
208,109,37,90
203,110,37,90
197,110,37,90
191,109,37,90
183,106,37,90
173,105,37,90
163,103,37,90
152,102,37,90
141,100,37,90
130,98,37,90
117,95,37,90
107,92,37,90
96,89,37,90
85,88,37,90
76,86,37,90
69,84,37,90
63,82,37,90
58,79,37,90
55,75,37,90
56,70,37,90
59,64,37,90
63,57,37,90
69,49,37,90
76,41,37,90
81,33,37,90
87,25,37,90
92,18,37,90
96,10,37,90
99,2,37,90
103,1,37,90
107,1,37,90
111,1,37,90
115,1,37,90
120,1,37,90
126,3,37,90
132,9,37,90
137,15,37,90
144,20,37,90
150,26,37,90
157,32,37,90
164,37,37,90
172,43,37,90
181,49,37,90
189,54,37,90
199,59,37,90
207,64,37,90
215,68,37,90
221,72,37,90
229,77,37,90
235,81,37,90
240,85,37,90
245,89,37,90
248,92,37,90
250,95,37,90
248,97,37,90
245,98,37,90
240,99,37,90
233,99,37,90
224,99,37,90
215,99,37,90
206,99,37,90
196,99,37,90
187,100,37,90
177,101,37,90
168,102,37,90
159,104,37,90
149,105,37,90
139,105,37,90
130,106,37,90
121,106,37,90
113,104,37,90
105,104,37,90
98,103,37,90
91,101,37,90
85,100,37,90
80,98,37,90
76,94,37,90
73,90,37,90
69,85,37,90
66,80,37,90
63,75,37,90
61,69,37,90
60,63,37,90
59,57,37,90
59,50,37,90
59,43,37,90
60,36,37,90
61,29,37,90
61,23,37,90
60,19,37,90
58,15,37,90
56,13,37,90
55,12,37,90
53,14,37,90
50,19,37,90
48,24,37,90
46,28,37,90
45,31,37,90
43,34,37,90
44,36,37,90
45,38,37,90
48,40,37,90
51,42,37,90
54,46,37,90
58,51,37,90
61,58,37,90
65,65,37,90
71,71,37,90
77,77,37,90
84,83,37,90
92,88,37,90
101,92,37,90
111,94,37,90
123,96,37,90
134,97,37,90
144,97,37,90
156,94,37,90
168,91,37,90
176,86,37,90
182,83,37,90
188,80,37,90
192,78,37,90
195,76,37,90
195,74,37,90
193,71,37,90
190,68,37,90
185,65,37,90
180,61,37,90
174,57,37,90
167,54,37,90
161,51,37,90
155,48,37,90
149,46,37,90
142,46,37,90
134,47,37,90
127,49,37,90
120,53,37,90
114,59,37,90
110,66,37,90
107,72,37,90
105,77,37,90
105,81,37,90
109,84,37,90
114,86,37,90
122,87,37,90
131,88,37,90
140,88,37,90
150,88,37,90
160,87,37,90
169,87,37,90
178,87,37,90
185,88,37,90
192,90,37,90
197,92,37,90
201,94,37,90
204,97,37,90
206,101,37,90
205,105,37,90
201,109,37,90
195,112,37,90
188,115,37,90
182,116,37,90
175,117,37,90
168,117,37,90
160,117,37,90
150,116,37,90
141,114,37,90
131,111,37,90
122,106,37,90
112,101,37,90
102,97,37,90
92,91,37,90
83,85,37,90
76,78,37,90
69,72,37,90
64,64,37,90
60,58,37,90
59,51,37,90
60,45,37,90
64,40,37,90
68,35,37,90
74,30,37,90
79,26,37,90
85,22,37,90
90,19,37,90
94,16,37,90
98,14,37,90
102,14,37,90
106,15,37,90
109,17,37,90
113,21,37,90
117,25,37,90
121,30,37,90
125,35,37,90
128,39,37,90
132,44,37,90
135,46,37,90
138,48,37,90
141,50,37,90
143,51,37,90
146,53,37,90
148,54,37,90
150,55,37,90
