NaN,NaN,NaN,-1
66.525,66.218,69.778,266.89
70.616,66.45,67.75,268.89
71.664,64.199,70.05,271.55
74.332,62.989,69.773,272.28
77.445,64.477,69.512,268.88
80.408,68,69.819,262.65
83.69,70.27,71.144,257.48
85.32,66.57,71.545,265.24
90.698,70.828,67.786,254.47
91.872,67.102,70.783,265.28
96.506,72.339,68.546,253.13
98.861,74.735,70.447,250.94
100.51,71.46,69.381,252.53
106.52,71.446,67.086,250.2
108.73,70.201,68.1,253.65
112.69,76.066,65.667,248.01
115.79,72.967,65.621,247.2
116.49,74.74,68.722,247.5
120.13,76.441,66.063,245.74
124.88,74.033,62.846,245.14
125.95,75.893,63.283,244.33
128.62,75.729,64.624,243.42
132.86,77.276,61.6,242.22
137.02,78.227,60.144,240.97
139.97,78.006,59.93,238.67
143.11,77.082,58.218,239.2
142.39,77.793,60.759,239.06
146.95,77.855,58.543,239.41
149.35,80.449,57.978,233.1
153.01,80.932,57.106,233.6
154.19,76.419,57.804,240.42
158.45,80.874,54.299,232.06
159.96,78.481,56.834,237.14
163.27,80.528,55.119,231.52
166.13,80.997,56.565,230.72
168.49,79.587,56.881,231.62
173.37,79.911,51.718,229.7
174.49,83.539,52.481,225.59
177.45,83.575,52.625,223.95
178.69,75.952,53.106,232.69
183.3,81.121,50.414,227.47
183.76,80.723,49.855,227.11
186.37,81.637,48.702,224.35
188.74,81.831,49.082,226.95
191.88,80.799,47.682,225.95
193.65,81.885,47.878,224.08
195.2,79.185,46.182,229.51
195.99,81.539,49.985,218.62
199,87.47,48.125,212.15
201.75,86.388,46.84,214.48
203.09,91.692,45.707,206.57
205.47,84.136,46.543,213.13
208.18,88.224,47.339,208.31
208.87,85.975,45.953,210.8
210.15,86.267,47.053,210.2
212.93,82.589,47.05,214.74
213.84,87.454,45.72,208.05
216.98,84.374,46.38,211.02
217.71,90.889,47.263,202.54
221.22,92.807,45.087,200.67
221.67,89.062,45.606,203.81
223.5,94.183,45.648,196.98
225.14,94.137,46.406,197.27
228.98,85.889,41.027,204.37
230.31,86.554,42.247,202.88
232.33,88.982,40.767,194.85
233.35,89.686,41.706,195.53
235.27,92.261,40.726,191.31
235.2,91.593,41.262,198.04
237.34,87.285,39.313,197.66
237.19,90.987,43.364,198.06
240.39,88.83,40.07,201.94
241.61,93.331,38.92,194.35
241.84,89.346,41.329,201.19
243.01,86.268,41.685,204.66
244.85,90.753,40.716,196.77
246.91,91.778,40.904,196.76
247.39,88.947,42.486,199.59
248.98,90.325,40.337,195.93
249.59,90.343,42.596,194.62
250.71,88.314,43.369,198.48
252.42,93.97,42.479,191.47
254.55,96.044,40.925,188.11
255.34,90.504,39.908,192.46
257.61,85.653,37.32,197.52
259.48,91.722,36.78,190.11
259.52,87.41,36.921,199.76
261.05,88.306,37.229,191.8
262.52,92.605,37.448,186.98
263.04,95.068,37.485,183.55
264.71,92.919,36.356,188.71
266.55,90.219,36.02,188.01
267.51,90.203,34.216,191.16
269.09,90.937,35.039,187.67
268.96,90.929,36.067,189.6
270.52,92.293,37.41,186.81
272.92,95.378,32.918,181.05
273.39,90.503,35.536,187.44
275.03,93.66,34.239,181.47
277.11,92.489,30.603,185.59
278.45,92.508,31.001,184.43
280.07,94.393,30.639,177.68
281.03,93.142,30.49,190.01
282.68,96.952,29.416,174.55
284.5,95.373,28.25,171.92
285.53,95.451,28.74,176.15
286.42,95.212,29.728,176.91
287.67,97.665,28.758,167.59
288.84,101,29.859,165.87
289.68,98.403,28.925,169.38
290.26,97.874,30.004,171.75
293.07,103.48,26.912,162.05
293.84,101.21,25.96,160.92
295.15,102.57,25.027,161.92
296.24,101.1,24.394,160.13
297.47,101.23,23.203,166.09
297.28,102.95,24.447,162.08
298.78,103.54,24.2,150.1
298.88,102.3,24.527,160.39
300.59,101.33,22.925,158.91
301.07,101.32,23.542,160.64
302.01,103.09,22.626,153.72
302.11,106.44,24.121,151.13
303.41,99.74,24.143,165.79
303.88,98.13,24.741,167.04
305.47,102.44,23.731,160.14
306.61,102.11,21.534,161.21
308.06,103.54,21.314,154.55
308.42,101.55,20.531,161.11
309.36,99.841,21.016,163.2
310.34,100.1,20.387,158.63
310.63,100.66,21.291,160.09
311.62,104.13,21.78,152.33
312.8,104.14,20.163,152.94
314.67,106.73,19.203,144.71
315.2,105.14,17.756,148.41
316.36,105.19,16.491,145.34
316.91,103.94,16.467,155.77
318.14,102.78,15.531,156.19
318.83,102.06,15.368,159.9
319.72,101.65,17.196,159.91
319.86,100.91,16.572,157.47
320.03,103.72,18.148,155.5
322.05,97.802,17.067,161.03
322.8,97.482,16.57,162.97
323.59,95.75,15.833,167.18
323.71,96.901,18.423,162.66
323.49,98.704,20.895,163.27
324.35,100.48,22.692,152.98
324.74,100.59,23.404,156.41
325.09,102.1,25.603,150.79
326.27,98.962,23.492,154.24
327.61,99.723,21.811,156.37
328.08,100.5,22.528,150.09
328.25,101.83,23.472,149.08
329.73,101.16,22.836,149.87
330.25,103.88,19.337,148.9
331.28,100.37,18.735,151.13
332.51,100.88,17.39,149.68
332.29,100.6,18.112,150.3
332.52,103.86,20.848,145.42
332.37,101.26,20.055,151.42
332.86,100.07,20.35,147.19
334.45,101.27,19.035,146.56
334.59,100.76,19.391,145.7
335.59,100.04,20.575,148
335.97,105.41,21.445,141.08
336.66,99.724,20.793,145.47
336.76,105.24,22.085,138.3
337.31,106.56,22.372,138.68
338.64,106.63,20.012,137.08
339.17,102.52,20.528,144.25
339.92,102.55,18.652,142.94
341.57,105.39,19.415,138.43
341.88,102.68,19.717,143.58
342.26,103.29,20.687,140.48
343.38,107.42,20.025,126.82
344.31,105.51,17.861,138
344.49,105.82,19.946,134.04
345.34,106.59,18.89,132.31
346.01,101.95,17.695,140.02
346.79,103.15,17.436,138.4
347.17,104.51,17.754,136.46
348.71,104.65,16.798,134.66
350.15,104,15.406,132.88
350.69,106.02,16.391,133.62
351.16,102.88,16.066,135.4
351.67,105.89,17.121,132.66
352.26,107.53,17.669,128.44
352.52,107.31,15.953,130.94
353.71,106.01,14.003,131.26
353.76,106.98,15.887,132.69
353.68,108.74,17.957,129.26
354.84,108.29,16.491,121.53
355.36,108.82,16.432,121.44
355.81,108.55,16.605,120.26
356.88,108.4,15.5,121.51
357.46,108.06,16.774,122.44
357.67,110.47,17.453,116.81
357.89,109.55,16.081,118.18
358.59,111.54,18.196,114.7
358.93,109.92,17.44,117.97
359,109.73,19.743,117.13
358.82,109.88,20.085,118
360.1,109.15,19.191,119.1
360.59,111.28,18.626,117.73
360.24,109.26,18.238,119.59
360.03,108.45,18.879,122.4
361,111.79,18.077,115.14
360.72,112.65,18.895,114.18
360.82,115.2,18.858,107.02
361.83,115.09,19.05,106.57
361.82,110.71,20,115.38
362.77,116.24,19.339,106.44
362.25,114.35,20.746,110.41
362.86,110.82,20.844,116.35
362.17,113.57,22.509,110.76
363.45,112.25,20.323,113.94
363.9,109.12,19.628,122.18
364.59,109.82,17.691,115.2
364.32,102.54,18.61,126
363.75,109.29,20.271,117.85
364.28,114.07,21.241,103.48
364.37,116.13,20.633,101.4
364.87,118.09,20.343,99.351
364.56,112.18,20.893,110.38
364.18,112.07,21.129,109.26
365.63,111.79,18.609,104.18
352.99,104.7,19.704,119.42
353.82,106.23,19.514,117.71
353.42,105.84,18.337,117.88
354.43,104.93,17.781,117.78
354.24,109.97,18.068,111.67
354.34,108.5,17.852,113.15
355.35,105.43,17.026,116.07
354.8,108.31,17.8,110.76
356.13,108.03,15.999,112.81
355.27,109.74,16.947,110.16
355.23,107.75,17.64,112.5
355.24,107.81,17.631,113.58
353.94,108.32,19.151,113.21
355.85,108.84,17.802,110.07
353.54,109.8,19.647,109.79
355.01,109.83,19.491,108.55
354.79,112.4,18.316,106.41
356.22,111.48,16.541,105.42
356.28,110.28,17.007,107.24
355.7,108.87,17.016,110.16
355.45,112.6,18.832,105.47
355.4,114.06,18.405,101.41
355.51,113.17,18.316,106
355.1,114.11,19.331,103.63
354.97,111.29,18.666,106.99
353.84,111.65,19.062,106.07
355.78,113.91,16.63,104.21
354.85,112.98,16.852,104.26
355.07,113.16,16.58,103.73
355.95,115.12,16.311,101.91
355.35,113.61,17.456,101.95
354.85,113.82,17.199,102.82
355.4,113.17,17.075,103.11
354.81,115.21,16.9,99.435
356.23,113.02,16.435,102.39
354.81,115.12,18.672,100.32
354,113.05,18.338,103.2
354.96,114.6,18.944,99.641
354.16,113.72,18.335,100.53
355.08,115.18,17.07,100.59
354.86,113.64,18.091,102.16
355.36,116.7,18.595,97.298
355.18,113.55,18.576,100.59
355.67,113,16.994,101.66
355.84,113.97,16.798,100.28
355.82,113.45,16.788,99.689
356.49,116.78,17.498,95.178
356.47,114.88,17.908,97.24
355.36,116.55,19.339,93.944
356.65,115.7,16.862,94.798
356.18,114.09,17.939,96.571
356.92,115.43,16.279,93.86
357.03,115.08,16.773,93.491
356.33,113.44,17.551,95.517
356.32,112.25,17.793,97.574
355.84,114,18.058,96.586
356.42,113.31,17.284,97.325
357.13,111.18,16.04,99.228
356.93,114.71,16.685,95.566
358.01,113.88,15.2,95.077
357.5,116.72,16.658,93.496
358.66,115.59,14.788,93.077
358.7,117.77,14.824,89.271
358.34,117.41,14.801,91.01
358.94,116.24,14.393,89.708
359.18,114.17,13.994,94.515
359.63,114.77,13.699,91.734
359.38,117.42,13.677,89.175
359.38,115.42,14.863,92.945
358.44,116.73,15.435,91.244
359.36,115.73,14.413,92.346
360.23,117.08,13.455,87.37
359.88,116.47,13.225,91.415
360.01,117.73,13.049,89.001
359.36,116.09,13.662,89.31
359.45,116.84,14.262,87.301
359,118.97,15.328,87.1
360.02,118.45,14.131,88.715
360.34,119.76,13.669,84.575
359.24,117.61,14.692,85.385
358.31,118.38,15.145,87.691
357.99,115.87,15.914,89.024
358.02,118.77,15.857,85.876
357.03,119.54,16.701,82.565
358.07,119.89,16.547,85.224
357.77,119.75,16.258,83.818
357.21,117.76,15.912,85.29
356.56,119.22,16.248,83.316
357.31,117.71,14.984,86.267
358.32,119.45,14.042,82.3
358.05,118.04,14.646,85.635
357.79,120.61,14.47,81.989
357.49,120.32,14.299,81.66
357.96,121.05,14.055,79.718
357.79,119.65,14.222,81.871
357.82,119.33,14.184,82.353
355.92,119.19,15.332,81.916
357.43,119.65,13.777,81.337
357.47,121.8,13.074,78.719
358.04,121.18,12.975,78.17
358.9,122.43,11.504,75.699
358.1,118.94,12.277,81.263
357.58,120.63,12.414,78.268
356.75,118.69,13.798,81.915
356.44,121.46,14.236,77.361
357.22,120.79,14.088,79.312
356.48,119.69,14.306,80.117
356.83,120.63,14.409,79.528
357.35,120.23,14.095,76.335
357.79,120.61,12.085,77.08
357.31,122.26,12.442,75.19
358.01,122.87,12.496,76.916
356.97,120.76,12.708,77.484
357.32,122.55,12.785,75.989
358.37,124.36,12.043,71.568
358.25,121.76,12.019,77.157
358.44,123.17,11.61,75.804
359.17,122.51,11.227,75.021
358.08,122.44,11.911,74.643
359.92,124.01,10.955,73.882
359.48,123.75,11.122,74.023
360.18,125.31,11.31,71.843
