NaN,NaN,NaN,-1
68.192,67.519,68.791,267.41
70.915,69.104,68.505,264.65
75.569,69.568,66.703,263.06
73.637,70.07,72.259,261.75
77.193,70.635,71.535,259.32
80.9,65.462,69.707,264.8
83.959,69.275,68.823,259.49
88.433,68.975,65.359,258.77
93.281,70.838,65.446,256.53
94.994,68.288,66.293,259.15
99.434,72.884,63.768,252.7
101.4,72.254,64.427,253.24
104.47,73.205,64.221,251.86
109.58,67.58,60.953,257.48
111.27,76.474,62.232,246.68
114.96,69.133,63.52,256.22
117.98,71.319,63.189,251.3
120.41,71.66,60.106,251.54
123.22,71.371,60.413,250.83
125.35,74.39,62.732,246.95
127.24,76.875,62.553,244.48
132.11,76.818,58.391,244.22
135.85,76.345,57.145,243.34
136.7,74.744,61.19,242
139.01,77.896,60.39,239.94
142.55,77.578,60.994,240.61
145.48,78.834,58.007,236.76
148.56,75.648,57.815,241.36
148.05,78.606,61.106,238.24
153.51,74.998,57.608,241.4
155.59,77.318,56.186,237.65
156.34,80.756,59.9,232.98
160.32,78.226,56.259,237.61
163.85,80.145,56.824,232.88
163.95,79.785,60.091,232.89
166.55,81.432,59.458,228.63
167.34,81.788,61.332,228.08
171.08,81.169,58.888,227.34
175.06,80.876,55.934,228.15
177.32,83.403,56.13,225.31
180.41,83.182,54.158,225.66
183.27,81.613,52.592,227.08
185.69,80.422,51.448,227.47
186.16,81.096,53.411,225.96
189.47,79.978,50.297,229.21
191.05,82.498,51.942,221.79
191.9,82.819,54.298,220.08
193.37,86.608,55.665,213.69
198.65,84.383,49.431,216.63
200.18,84.225,48.925,213.3
203.01,82.606,49.577,216.57
205.05,89.168,48.876,207.46
206.67,87.015,47.644,211.9
209,87.176,48.876,210.45
210.75,87.24,47.943,208.16
212.74,86.614,48.764,210.13
214.06,84.722,45.407,212.64
216.98,88.278,46.368,207.52
219.72,90.5,44.19,203.83
221.06,91.77,44.422,201.14
223,90.49,43.349,205.09
226.2,94.106,42.739,196.38
227.64,94.732,41.895,193.97
228.16,93.145,44.073,197.48
228.99,90.15,45.303,200.13
231.86,89.458,42.256,203.14
232.49,95.334,44.233,196.91
235.45,94.689,41.956,190.08
235.93,95.508,41.594,190.81
237.63,94.774,41.56,193.87
238.64,97.04,40.48,190.29
239.75,93.283,42.737,195.76
241.61,92.079,40.855,195.97
243.31,94.599,40.993,190.18
245.82,94.433,38.354,191.47
246.51,96.94,39.674,186.81
247.38,94.138,41.451,190.5
248.32,96.361,41.936,185.72
250.99,96.133,39.438,189.12
252.2,97.696,39.733,188.36
254.07,95.241,39.783,189.38
255.11,92.589,37.851,195.24
257.29,93.6,36.006,192.46
258.2,93.185,36.96,190.95
259.69,95.755,36.972,186.63
259.62,94.217,38.426,188.57
261.55,97.166,36.545,184.04
262.48,95.159,37.263,188.57
264.7,91.892,34.415,187.9
266.21,91.497,34.77,187.21
267.35,88.634,33.032,190.59
268.72,86.907,31.961,195.19
270.02,91.432,31.92,184.3
270.58,95.639,32.836,180.32
271.44,97.589,34.41,179.56
272.62,95.827,33.86,179.47
274.1,92.839,32.617,186.88
275.38,95.639,30.696,177.43
276.46,96.46,32.772,175.22
277.94,97.33,33.019,173.04
279.64,99.29,32.368,170.76
280.57,98.35,32.62,172.68
282.23,96.33,30.097,171
282.73,96.286,32.6,174.44
283.92,98.736,32.149,165.47
285.29,96.997,32.398,171.64
286.73,95.948,32.474,177.58
288.17,98.261,31.287,178.34
289.7,94.635,30.096,176.94
291.16,95.522,29.403,176.37
291.89,96.167,28.993,172.1
293.03,98.114,28.967,166.02
294.76,97.941,27.696,169.38
295.69,98.831,26.349,165.76
296.37,95.647,25.772,170.64
297.59,96.365,24.881,165.08
299.12,101,23.956,160.05
299.72,98.342,23.5,165.55
300.34,98.086,23.6,167.64
301.26,97.933,22.623,164.95
302.26,98.979,23.545,162.43
302.76,96.447,23.773,167.28
303.24,100.85,24.171,160.26
305.18,100.1,23.929,160.08
305.63,99.98,22.529,161.34
307.11,101.71,20.828,155.07
308.74,101.28,19.563,155.2
309.32,99.068,21.004,162.73
310.59,104.03,19.742,148.89
311.78,105.09,19.314,143.93
312.49,106.37,18.388,142.52
313.18,105.93,17.771,139.69
315.4,108.35,15.668,134.52
315.54,108.61,16.564,135
315.94,111.3,17.908,128.46
317.28,107.98,16.585,136.38
318.32,108.87,16.076,134.97
319.21,113.25,15.761,120.63
319.62,112.95,17.447,123.62
319.74,111.56,18.332,127.3
320.94,108.54,18.904,135.17
321.55,105.71,19.535,135.55
321.3,111.1,21.403,128.41
321.97,109.08,20.772,131.4
322.43,111.1,20.923,130.49
323.77,108.4,20.299,136.04
324.83,106.25,20.203,137.38
325.36,107.1,19.833,135.53
326,107.58,21.265,135.43
326.66,105.03,21.936,141.03
327.43,106.9,23.435,137.03
327.23,107.42,21.673,136.43
328,107.27,24.307,134.58
328.07,109.15,25.91,134.45
328.38,108.49,26.811,133.79
330.85,107.76,22.468,135.77
331.72,110.71,21.943,132.16
331.55,109.98,22.349,132.72
332.28,113.62,21.82,129.09
333.13,113.37,20.801,125.3
333.85,113.93,19.886,126.75
332.93,113.05,22.856,128
333.68,108.52,23.646,140.59
334.32,110.97,21.755,129.71
335.64,111.04,19.258,127.84
335.78,112.16,20.284,127.09
336.31,111.32,20.086,127.6
338.38,113.27,17.311,124.64
338.38,111.02,18.844,126.83
338.73,109.68,19.953,128.01
339.51,109.94,18.435,126.34
339.97,114.07,18.627,121.1
341.02,110.39,16.777,124.06
342.56,112.92,15.326,122.46
343.24,113.96,15.612,119.69
342.67,112.96,18.113,119.44
343.59,112.64,17.619,119.84
344.88,115.4,16.918,118.15
344.99,114.48,17.363,116.91
346.73,112.43,16.087,119.58
346.87,113.74,15.439,116.2
347.54,114.95,16.294,116.43
347.17,112.82,18.141,116.93
347.74,114.93,17.458,113.24
348.04,115.56,18.021,110.68
349.54,114.7,17.109,114.75
349.87,116.21,16.693,110.63
349.74,115.27,17.345,113.62
351.11,115.47,16.782,112.46
353.04,115.93,15.005,111.28
353.86,116.65,14.391,110.18
353.7,115.2,14.39,114.02
354.12,117.92,15.011,108.27
355.01,115.65,13.679,111.24
356.19,117.66,14.289,108.13
356.39,115.99,14.593,111.26
356.37,115.37,14.372,112.56
356.45,115.05,16.01,110.86
357.87,117.87,15.186,107.85
358.55,118.87,15.768,106.33
359.17,117.68,15.252,109.46
359.04,120.1,15.376,105.59
359.27,119.07,16.647,103.8
359.17,120.35,18.676,101.34
359.43,118.28,18.313,104.31
359.46,120.17,19.698,101.68
361.3,106.95,15.955,123.39
360.71,106.66,17.52,124.63
362.79,111.25,18.255,118.2
362.91,112.36,18.577,116.55
363.86,112.36,17.108,116.82
363.95,113.55,17.019,113.4
364.85,111.3,15.792,116.85
366.01,113.48,14.378,112.81
365.35,112.47,15.683,112.53
366.14,112.81,14.341,113.4
365.62,109.41,16.904,121.28
366.35,108.67,14.497,120.61
367.39,106.28,14.206,118.64
367.27,100.94,13.973,127.54
367.19,100.56,14.318,124.95
367.1,102.51,14.503,122.31
368.65,106.05,13.662,122.67
367.53,105.2,14.528,121.32
368.07,102.58,14.231,125.33
368.59,107.51,13.637,119.17
368.07,106.52,13.744,114.24
368.42,102.8,13.624,122.92
369.36,96.99,13.149,129.66
369.19,94.89,13.206,129.94
369.28,98.311,12.268,125.89
369.78,103.32,11.874,119.53
369.95,108.84,11.706,110.71
370.26,103.95,11.662,116.48
370.8,104.94,11.533,115.39
370.97,103.41,10.893,115.93
370.96,108.88,10.305,108.93
370.7,102.82,9.93,118.76
371.28,100.56,10.261,121.1
370.22,101.91,11.152,118.3
370.57,96.627,11.996,124.25
366.45,97.869,11.399,122.37
371.12,103.54,10.657,116.2
371.56,101.91,11.607,118.56
370.99,100.76,13.241,121.05
370.01,103.22,13.992,117.69
371.15,101.32,13.883,120.18
370.1,98.61,14.781,121.92
370.09,97.716,15.07,122.18
369.83,98.783,13.537,120.82
369.88,97.651,12.991,123.3
370.4,98.625,13.472,121.18
370.32,100.29,13.637,117.83
368.46,102.23,13.158,117.5
369,103.69,12.577,115.69
367.9,102.26,12.524,116.42
367.74,101.52,13.948,117.69
367.93,100.75,12.824,119.15
368.65,104.52,11.978,111.52
368.34,104.39,13.158,111.01
367.92,105.32,13.116,108.48
367.71,105.88,12.827,109.11
369.07,104.16,11.883,109.57
369.66,106.57,11.712,108.02
369.91,107.82,11.684,106.56
369.67,108.03,11.547,105.62
369.57,107.11,12.498,108.12
369.93,107.42,12.338,105.56
369.48,107.85,11.2,106.21
369.46,105.84,11.301,108.38
370.59,110.56,10.577,101.5
371.35,109.72,10.034,102.97
371.43,110.51,9.8133,101.64
369.44,113.31,10.629,96.019
369.93,112.87,10.072,95.526
369.34,117.11,11.178,89.079
368.9,115.06,11.064,92.742
369.13,116.29,11.281,89.811
369.79,115.3,10.5,91.222
369.7,114.84,10.711,93.586
369.69,115.21,10.101,91.673
370.36,114.69,9.1235,92.835
371.01,115.58,8.4432,90.983
371.79,117.21,8.407,87.677
372.08,116.23,8.2699,87.953
372.27,117.11,7.6362,87.822
372.24,118.07,7.3215,85.812
372.97,117.39,7.4852,85.79
372.87,115.82,7.8924,91.524
372.95,115.65,8.4119,89.801
372.8,115.03,9.177,91.943
373.23,115.41,7.356,91.449
373.36,115.03,7.3243,92.313
372.47,112.68,7.5574,95.549
371.98,110.99,7.9975,99.392
371.67,111.79,7.0811,94.363
372.37,111.33,7.0367,98.526
372.44,112.36,6.3471,92.738
372.5,113.67,6.4812,92.12
372.25,114.02,6.4475,92.157
372.72,114.77,6.0811,91.196
372.71,114.74,5.7349,90.265
372.88,116.12,5.6876,88.139
373.27,118.38,5.4976,80.874
372.68,119.58,5.6036,76.271
373.04,119.96,6.2592,77.657
371.95,118.71,6.1489,77.422
371.3,118.41,6.762,78.079
372.38,118.5,6.6554,79.118
372.25,118.21,6.1596,83.432
372.7,119.85,6.3268,76.233
371.68,117.02,6.1081,82.757
371.94,115.92,6.3363,86.285
371.31,114.18,6.9471,89.051
371.18,113.92,6.6265,88.309
371.18,114.83,7.1802,86.317
370.7,115.01,6.6593,86.776
370.53,112.49,6.4851,90.207
371.13,114.41,6.8869,88.742
370.89,114.97,7.3236,87.981
370.41,113.13,7.2857,88.902
370.54,114.87,6.857,87.9
370.96,114.97,6.0072,86.607
370.26,115.12,6.7228,85.962
369.78,114.89,6.8574,85.704
370.23,116.23,6.391,84.646
369.8,116.53,6.5341,83.469
368.63,112.75,7.1524,89.38
370.13,117.21,6.0076,81.676
369.36,116.4,6.308,83.845
370.14,117.63,6.3472,79.324
370.25,117.95,6.1379,79.831
368.35,112.79,6.325,89.622
368.72,112.79,6.9589,89.565
368.38,111.09,6.6088,91.682
368.03,112.52,6.4939,88.249
369,107.4,6.1423,99.098
368.19,113.46,5.9075,87.672
368.59,112.3,6.168,89.577
368.06,111.21,6.3589,89.837
368.43,111.34,6.1265,91.575
368.19,112.31,6.4085,87.554
368.54,114.54,6.9537,84.841
368.34,115.99,6.8858,79.788
367.97,113.98,6.886,83.288
368.35,116.24,7.3584,79.299
369.1,113.98,6.6448,85.475
368.74,113.51,6.9155,85.924
368.82,117.21,7.1052,78.323
368.35,117.88,7.4401,75.817
