NaN,NaN,NaN,-1
222,92,40,47
223,91,40,47
224,92,40,47
223,92,40,47
221,91,40,47
221,91,40,47
220,92,40,47
219,92,40,47
220,93,40,47
217,92,40,47
217,92,40,47
216,93,40,47
208,93,40,47
204,96,40,47
199,93,40,47
197,94,40,47
195,94,40,47
191,94,40,47
188,91,40,47
185,90,40,47
178,92,40,47
174,90,40,47
169,95,40,47
164,95,40,47
160,90,40,47
157,118,40,47
155,126,40,47
151,131,40,47
143,138,40,47
143,145,40,47
126,148,40,47
112,159,40,47
NaN,NaN,NaN,-2
NaN,NaN,NaN,0
NaN,NaN,NaN,0
NaN,NaN,NaN,0
NaN,NaN,NaN,0
NaN,NaN,NaN,-1
26,115,50,57
24,116,50,57
26,116,50,57
26,116,50,57
27,115,50,57
28,116,50,57
26,116,50,57
NaN,NaN,NaN,-2
NaN,NaN,NaN,0
NaN,NaN,NaN,0
NaN,NaN,NaN,0
NaN,NaN,NaN,0
NaN,NaN,NaN,-1
122,96,51,62
129,92,51,62
136,86,51,62
143,79,51,62
151,78,51,62
160,98,51,62
166,120,51,62
166,122,51,62
NaN,NaN,NaN,-2
NaN,NaN,NaN,0
NaN,NaN,NaN,0
NaN,NaN,NaN,0
NaN,NaN,NaN,0
NaN,NaN,NaN,-1
215,48,37,67
221,49,37,67
229,53,37,67
234,51,37,67
236,53,37,67
240,52,37,67
239,55,37,67
237,56,37,67
231,58,37,67
232,61,37,67
232,64,37,67
231,66,37,67
232,72,37,67
235,75,37,67
236,79,37,67
239,83,37,67
241,91,37,67
265,107,37,67
280,108,37,67
281,102,37,67
281,101,37,67
283,107,37,67
276,63,37,67
NaN,NaN,NaN,-2
NaN,NaN,NaN,0
NaN,NaN,NaN,0
NaN,NaN,NaN,0
NaN,NaN,NaN,0
NaN,NaN,NaN,-1
235,129,47,56
231,125,47,56
227,120,47,56
223,112,47,56
218,111,47,56
214,111,47,56
205,107,47,56
194,106,47,56
182,120,47,56
172,118,47,56
168,152,47,56
165,158,47,56
165,157,47,56
136,127,47,56
137,125,47,56
133,117,47,56
135,126,47,56
136,131,47,56
134,135,47,56
144,133,47,56
149,130,47,56
NaN,NaN,NaN,-2
NaN,NaN,NaN,0
NaN,NaN,NaN,0
NaN,NaN,NaN,0
NaN,NaN,NaN,0
NaN,NaN,NaN,-1
129,56,37,54
131,56,37,54
132,56,37,54
134,55,37,54
135,56,37,54
136,55,37,54
139,55,37,54
142,55,37,54
148,54,37,54
151,54,37,54
152,54,37,54
155,56,37,54
160,57,37,54
163,56,37,54
164,53,37,54
168,55,37,54
169,56,37,54
171,55,37,54
171,61,37,54
175,59,37,54
178,56,37,54
182,58,37,54
184,61,37,54
182,60,37,54
177,62,37,54
177,71,37,54
174,77,37,54
172,89,37,54
166,89,37,54
166,102,37,54
160,111,37,54
161,133,37,54
157,148,37,54
154,159,37,54
127,146,37,54
113,145,37,54
102,148,37,54
96,155,37,54
96,158,37,54
101,164,37,54
101,168,37,54
103,169,37,54
93,173,37,54
84,171,37,54
65,160,37,54
57,160,37,54
55,159,37,54
53,160,37,54
50,160,37,54
54,161,37,54
47,161,37,54
44,158,37,54
43,158,37,54
34,149,37,54
31,134,37,54
35,133,37,54
37,127,37,54
42,124,37,54
43,121,37,54
54,117,37,54
58,113,37,54
62,102,37,54
63,97,37,54
66,94,37,54
69,88,37,54
72,86,37,54
75,84,37,54
62,53,37,54
63,51,37,54
70,47,37,54
75,48,37,54
75,47,37,54
77,47,37,54
79,49,37,54
79,51,37,54
80,53,37,54
82,61,37,54
84,65,37,54
86,70,37,54
90,70,37,54
93,74,37,54
104,92,37,54
121,115,37,54
126,117,37,54
130,119,37,54
133,116,37,54
141,122,37,54
145,120,37,54
152,129,37,54
157,131,37,54
164,131,37,54
170,133,37,54
175,131,37,54
177,129,37,54
181,124,37,54
183,124,37,54
187,122,37,54
191,121,37,54
194,110,37,54
198,104,37,54
202,112,37,54
205,110,37,54
209,110,37,54
212,109,37,54
213,113,37,54
217,114,37,54
220,111,37,54
220,112,37,54
219,113,37,54
219,111,37,54
219,113,37,54
220,115,37,54
221,115,37,54
220,120,37,54
220,126,37,54
221,124,37,54
221,133,37,54
219,135,37,54
219,149,37,54
219,152,37,54
219,163,37,54
220,167,37,54
