NaN,NaN,NaN,-1
330.14,184.85,47.439,52.108
327.58,184.03,48.168,52.191
326.22,183.84,47.67,50.937
325.21,181.69,47.658,53.31
322.8,179.76,47.278,53.726
320.33,178.48,46.52,53.401
317.96,177.78,48.244,52.81
316.21,177.17,50.442,53.064
315.11,174.16,48.808,54.817
312.63,173.99,51.262,54.754
310.39,173.23,49.9,52.796
309.37,171.23,49.313,54.088
308.79,169.3,47.7,54.491
310,168.29,44.535,56.072
306.24,164.9,48.041,59.377
307.69,165.06,43.202,58.152
306.27,163.01,44.279,58.63
305.62,159.42,41.93,61.66
303.31,157.64,43.451,63.516
304.22,155.32,39.816,63.704
304.64,152.73,39.558,69.072
304.47,149.96,42.741,64.62
296.97,150.2,47.713,64.524
293.4,144.35,51.151,71.276
290.78,143.71,53.389,68.855
282.14,149.42,50.683,71.015
284.25,153.81,51.019,69.799
284.02,147.37,48.764,64.681
282.82,149.9,47.596,57.865
294.69,142.71,48.296,54.335
294.83,139.95,46.759,54.156
292.85,138.46,49.216,52.655
292.14,135.96,48.564,54.015
293.69,132.06,48.807,48.184
292.71,129.63,50.519,47.828
287.5,126.93,58.4,46.441
288.38,124.77,56.215,48.689
286.94,122.96,55.678,46.708
290.65,121.54,51.338,44.255
287.15,120.82,56.346,43.421
291.2,119.7,55.138,40.318
293.76,122.08,51.17,38.635
295.84,119.11,46.097,40.13
295.01,113.98,47.366,41.659
296.74,111.14,46.738,47.403
294.49,108.33,49.512,46.984
294.87,107.02,49.7,50.115
296.21,107.36,47.142,46.858
296.06,104.04,49.17,49.906
296.23,103.92,47.402,55.609
298.15,102.9,47.486,50.499
297.82,101.68,47.853,51.515
298.37,100.29,48.034,50.814
299.2,100.01,46.26,50.952
299.38,100.05,47.71,49.828
300.87,100.08,45.744,50.21
300.86,98.504,47.565,50.436
302,99.727,50.233,48.556
301.23,98.274,51.892,49.606
304.39,97.97,48.641,50.492
301.72,97.165,51.341,50.081
302.18,96.581,53.448,50.742
301.06,96.702,52.606,48.62
304.76,95.265,47.058,51.805
309.75,93.701,39.186,51.577
306.97,94.612,43.547,49.436
308.56,93.993,44.29,50.521
307.82,92.429,46.571,52.71
309.69,92.929,42.584,52.348
308.81,91.673,47.43,52.794
311.18,89.134,43.539,62.098
311.46,87.839,42.202,63.168
312.23,88.452,42.336,61.174
313.9,88.596,40.893,60.389
314.43,87.291,42.459,59.895
315.72,90.537,40.977,51.254
315.7,89.072,42.402,52.36
317.79,89.92,40.624,50.163
316.2,88.462,45.684,52.848
317.4,87.954,44.042,51.609
320,90.04,41.439,47.846
317.67,84.988,44.155,52.976
317.27,85.326,44.583,52.404
321.13,85.922,41.027,51.066
324.05,81.721,36.707,56.108
322.88,82.299,38.887,52.578
324.17,81.687,38.977,55.059
325.29,80.144,37.682,56.961
325.88,80.933,39.498,59.099
320.63,81.575,41.613,58.798
316.97,74.164,43.963,59.083
316.6,81.5,49.134,58.821
320.84,80.176,50.479,62.277
318.96,78.571,56.774,64.687
318.98,77.78,55.525,67.44
320.45,78.499,54.813,64.721
320.88,79.385,54.778,60.829
313.94,71.48,51.345,51.922
315.3,66.509,58.783,53.395
310.7,78.808,60.057,52.217
311.28,75.141,59.467,51.942
310.86,77.862,57.172,58.213
309.16,76.494,59.889,56.51
313.22,76.266,55.037,56.069
314.97,74.75,51.283,61.031
315.15,75.537,52.465,57.044
309.27,76.468,58.386,58.873
308.17,76.931,60.752,58.536
312.79,76.967,57.356,66.349
310.21,71.085,59.441,69.595
311.17,74.122,60.024,64.858
312.45,73.428,54.005,67.678
317.72,74.718,51.422,62.21
321.28,79.497,48.869,52.994
316.68,81.692,52.707,49.672
317.57,78.162,47.65,40.865
317.94,80.845,48.084,39.343
318.64,79.59,45.72,42.105
318.84,81.348,47.968,38.965
319.36,82.834,43.938,38.324
319.64,81.761,44.827,39.942
317.65,82.768,42.956,39.675
319.36,83.031,46.115,39.87
317.53,83.232,49.335,40.063
313.99,84.463,47.233,39.284
313.17,82.721,49.838,43.997
319.92,84.561,42.849,41.931
317.97,85.243,46.173,41.496
311.89,83.955,49.528,46.383
314.05,85.87,47.205,43.067
311.53,86.458,50.195,42.735
310.07,86.103,52.658,43.305
308.15,86.762,52.481,45.537
307.23,88.715,54.403,42.207
301.88,92.666,60.612,36.842
303.52,92.11,59.755,37.787
303.06,92.065,61.642,38.094
296.61,91.23,67.381,40.307
302.5,91.391,57.564,40.9
307.46,92.794,52.145,37.619
308.73,93.135,49.308,38.903
307.86,93.76,50.37,38.828
300.23,91.65,58.25,41.161
309.5,94.584,46.433,39.819
312.05,91.662,45.977,43.077
307.1,92.154,50.048,44.147
308.59,93.315,47.992,40.668
310.94,96.601,44.186,38.079
310.1,95.489,45.614,38.514
308.11,96.72,48.094,36.797
303.6,94.889,53.185,40.546
300.98,95.838,56.186,39.624
298.51,95.113,58.293,40.325
296.22,95.001,60.958,42.628
290.36,93.167,50.15,45.79
290.42,92.765,50.272,47.788
299.04,97.227,46.077,50.998
302.85,101.69,46.069,50.451
294.34,96.203,50.898,52.024
295,102.34,52.69,54.679
291.43,102.18,56.02,53.874
288.28,103.28,60.148,54.223
285.32,104.9,63.679,52.614
284.07,105.6,65.194,53.183
283.39,105.11,68.073,53.11
279.94,106.38,70.866,51.407
281.5,111.66,65.733,45.335
284.34,111.94,61.187,48.162
289.11,110.53,52.129,53.73
288.45,110.63,53.302,53.35
284.74,104.11,50.553,58.327
290.66,109.21,54.763,65.416
291.03,107.46,51.39,67.435
288.63,108.48,53.156,66.351
287.66,106.97,52.869,71.539
283.77,107.78,56.908,70.249
290.7,109.94,49.709,66.608
288.04,109.04,53.154,67.999
294.22,108.41,47.16,71.708
295.05,115.84,44.284,62.778
295.02,115.74,40.707,62.488
295.21,114.09,40.372,64.68
295.81,112.7,36.604,69.578
293.96,116.1,41.449,66.501
287.51,118.66,45.875,63.306
284.83,113.75,49.608,70.56
285.06,111.86,48.24,72.608
292.33,107.73,42.341,77.817
292.59,105.89,38.1,83.072
290.68,118.38,37.998,72.446
292.02,117.08,37.849,76.459
294.27,118.64,34.802,73.734
288.33,122.26,36.814,71.851
275.34,119.79,35.064,71.454
277.57,118.44,32.553,74.334
277.92,116.82,30.61,78.202
275.2,122.07,31.708,74.384
276.57,130.39,30.846,63.908
274.18,135.31,32.492,61.665
270.94,137.99,34.802,61.886
272.41,135.05,35.247,65.748
272.78,136.94,33.511,65.797
275.32,140.08,30.315,67.669
283.88,147.63,34.229,69.254
282.94,148.67,35.843,70.883
282.86,153.79,34.951,64.744
272.49,152.81,33.477,58.919
272.68,153.28,33.841,61.225
283.59,157.16,35.449,66.394
281.88,159.5,32.6,67.338
280.67,167.81,33.531,59.93
276.96,162.54,39.468,68.331
263.11,153.45,35.579,66.563
279.61,156.23,36.32,73.892
274.96,151.34,38.472,80.214
274.34,142.98,40.93,88.238
280.72,145,38.806,98.319
282.97,146.99,33.201,98.645
303.68,146.51,30.602,98.899
292.89,136.33,31.355,89.817
287.3,135.74,33.935,91.91
287.37,135.61,36.069,94.906
285.68,138.05,35.06,92.948
288.74,139.61,36.193,92.398
289.75,139.48,36.345,90.679
296.84,135.52,36.484,94.918
302.44,137.32,32.076,101.05
