NaN,NaN,NaN,-1
205.6,114.94,28.859,102.53
203.61,114.76,29.062,103.2
200.31,113.54,29.374,104.41
200.37,110.66,29.836,106.11
199.5,110.59,29.441,104.71
199.97,110.15,29.265,104.04
199.22,111.72,29.56,105.05
201.89,112.88,29.654,105.42
203.75,107.61,29.869,106.25
205,106.55,29.764,105.81
206.14,110.77,29.753,105.79
209.87,109.98,29.8,105.9
211.4,107.06,29.719,105.59
212.06,106.65,29.677,105.52
209.32,104.74,29.94,106.32
207.49,105.99,30.134,106.98
208.42,107.11,30.332,107.76
205.88,108.51,30.404,108.04
205.45,104.05,30.586,108.67
207.61,113.74,30.237,107.41
207.43,109.06,30.793,109.37
208.4,109.18,31.582,112.16
209.06,102.83,31.701,112.59
210.88,95.95,31.166,110.6
212.02,102.23,31.556,111.94
212.5,99.518,31.453,111.53
210.05,98.087,31.585,111.97
210.78,89.447,31.298,110.93
211.5,93.545,31.941,113.29
211.49,90.693,31.72,112.42
212.82,91.477,31.75,112.59
214.34,99.3,31.736,112.5
211.97,104.51,32.058,113.63
216.41,94.342,31.862,112.93
217.31,103.62,31.6,111.92
216.82,97.89,31.347,111.02
218.59,88.347,31.207,110.57
217.22,92.526,31.233,110.59
218.89,93.046,31.055,110.05
217.66,93.95,30.433,107.88
217.12,98.772,30.457,107.98
216.11,107.07,30.294,107.34
218.31,118.26,30.193,106.97
220.28,122.13,30.031,106.41
220.79,118.18,29.954,106.16
221.17,123.2,29.726,105.24
215.31,125.33,29.695,105.12
216.2,105.92,30.014,106.35
213.29,107.78,29.57,104.81
211.39,105.93,29.477,104.52
208.22,104.36,29.561,104.83
200.93,103.86,29.612,104.98
199.38,104.48,29.035,102.91
199.2,111.11,29.515,104.56
194.97,111.3,29.295,103.76
192.77,106.84,29.22,103.5
191.66,109.38,29.43,104.24
192.22,110.68,29.623,104.9
192.19,107.46,29.204,103.37
194.44,111.35,29.123,103.05
195.9,104.89,29.519,104.52
198.74,108.99,29.523,104.45
199.32,116.1,29.002,102.55
202.77,115.37,29.565,104.57
196.03,114.19,29.986,106.15
197.55,119.81,30.265,107.17
198.34,114.28,30.063,106.51
199.53,116.23,30.064,106.49
204.41,114.96,29.87,105.84
207.95,121.94,29.65,105.18
217.99,114.71,29.448,104.28
221.67,106.78,29.351,103.92
220.17,44.053,28.964,102.57
217.48,45.221,28.88,102.25
213.61,43.621,28.732,101.61
205.7,45.98,29.196,103.28
202.52,39.852,29.52,104.41
199.86,36.447,29.76,105.24
194.56,35.869,30.346,107.28
191.2,29.521,30.495,107.86
192.19,20.939,30.92,109.39
196.9,14.186,31.129,110.14
196.9,10.374,30.5,107.9
199.97,9.5526,30.567,108.14
198.49,3.5767,30.622,108.29
NaN,NaN,NaN,-2
NaN,NaN,NaN,0
NaN,NaN,NaN,0
NaN,NaN,NaN,0
NaN,NaN,NaN,0
NaN,NaN,NaN,-1
201.73,98.61,28.692,93.985
202.96,100.96,28.537,93.485
203.5,105.06,28.772,94.195
203,108.66,28.785,94.302
206.54,110.25,28.89,94.678
207.29,112.58,28.378,92.998
206.39,119.92,28.494,93.297
205.11,124.1,28.764,94.235
202.43,125.37,28.795,94.226
203.65,131.78,28.933,94.606
203.77,129.67,29.209,95.543
202.96,128.65,28.497,93.188
201.98,129.2,28.714,93.904
203.62,128.19,28.286,92.537
198.81,138.45,28.167,92.153
194.81,134.98,27.933,91.387
198.5,133.39,28.546,93.338
201.72,125.12,28.409,92.799
201.8,122.58,28.286,92.418
198.45,125.83,27.658,90.366
201.91,119.5,27.126,88.575
204.97,117.86,26.601,86.854
203.56,120.71,27.46,89.614
205.35,116.6,27.738,90.511
206.82,116.54,27.112,88.448
206.89,124.45,27.567,89.969
201.08,130.76,27.663,90.357
204.89,131.31,27.201,88.927
205.95,132.57,27.43,89.661
208.05,132.75,27.647,90.335
216.16,134.6,27.276,89.094
219.3,136.2,27.246,89.035
226.15,140.59,26.961,88.075
228.45,139.2,26.797,87.524
233.95,142.22,26.617,86.925
237.78,142.31,26.191,85.55
243.89,146.86,26.484,86.656
NaN,NaN,NaN,-2
NaN,NaN,NaN,0
NaN,NaN,NaN,0
NaN,NaN,NaN,0
NaN,NaN,NaN,0
NaN,NaN,NaN,-1
224.36,125.88,28.912,92.772
224.53,126.54,29.057,93.222
226.94,124.84,28.867,92.688
230.14,123.77,28.685,92.05
232.46,123.84,29.481,94.652
238.69,121.53,29.276,94.028
240.87,123.69,29.171,93.771
245.51,121.96,29.577,95.047
247.6,119.87,29.753,95.649
251.01,117.47,30.115,96.784
254.39,117.37,29.765,95.629
257.98,117.73,29.494,94.779
NaN,NaN,NaN,-2
NaN,NaN,NaN,0
NaN,NaN,NaN,0
NaN,NaN,NaN,0
NaN,NaN,NaN,0
NaN,NaN,NaN,-1
229.88,110.52,29.442,94.483
229.6,110.01,29.223,93.825
229.8,110.62,29.598,95.086
228.85,109.36,29.42,94.405
228.07,109.55,29.612,94.89
229.99,108.63,29.354,94.076
232.35,107.29,29.614,94.778
228.89,106.52,29.672,94.977
227.57,107.62,29.682,95.104
231.01,108.59,29.685,95.158
231.58,106.77,29.973,96.058
234.7,105.71,30.419,97.536
232.37,107.62,30.055,96.277
233.95,109.51,30.374,97.291
229.61,110.83,30.682,98.3
230.64,106.17,30.57,97.965
233.96,110.12,31.03,99.397
229.5,109.22,31.467,100.8
226,109.63,31.597,101.22
227.92,109.37,31.596,101.28
225.29,105.91,31.768,101.83
223.48,105.84,32.221,103.35
220.51,105.5,31.872,102.26
219.79,102.46,31.706,101.69
216.86,106.23,31.575,101.15
215.67,103.21,32.015,102.6
214.45,102.25,32.337,103.61
210.83,102.71,32.253,103.3
212.9,102.38,32.545,104.28
210.13,100.32,32.959,105.54
208.15,102.26,32.284,103.29
211.92,101.99,32.231,103.1
210.82,99.516,32.021,102.43
211.34,100.56,31.713,101.44
210.14,103.42,31.763,101.57
214,103.04,32.079,102.54
209.53,100.75,32.257,103.1
211.33,103.61,32.175,102.82
210.31,103.67,31.867,101.89
211.17,101.47,32.052,102.39
210.62,102.51,32.015,102.25
208.26,108.91,31.504,100.62
210.73,107.01,31.542,100.61
210.9,107.21,31.557,100.67
213.29,101.97,31.2,99.516
197.98,99.846,30.483,97.332
198.53,103.61,30.453,97.28
202.23,102.64,30.582,97.711
204.36,98.567,30.576,97.688
204.94,102.68,30.803,98.359
205.95,106.92,30.892,98.726
205.94,104.05,30.559,97.568
207.43,104.92,30.836,98.473
216.16,103.95,30.484,97.44
229.04,113.11,30.879,98.678
NaN,NaN,NaN,-2
NaN,NaN,NaN,0
NaN,NaN,NaN,0
NaN,NaN,NaN,0
NaN,NaN,NaN,0
NaN,NaN,NaN,-1
202.24,122.92,28.656,91.971
204.47,126.33,28.425,91.246
202.54,128.94,28.741,92.318
202.97,132.08,28.417,91.191
202.23,132.22,28.558,91.577
201.83,132.87,28.787,92.284
206.52,133.61,28.869,92.48
210.8,133.82,29.236,93.695
212.52,134.48,29.147,93.603
216.26,135.41,29.2,93.823
218.29,136.47,29.132,93.565
221.86,138.73,29.079,93.492
223.45,138.21,28.616,92.068
228.26,139.51,28.504,91.727
NaN,NaN,NaN,-2
NaN,NaN,NaN,0
NaN,NaN,NaN,0
NaN,NaN,NaN,0
NaN,NaN,NaN,0
NaN,NaN,NaN,-1
195.98,132.61,28.979,92.903
192.85,131.73,28.666,91.989
190.16,133.63,28.941,92.965
190.36,132.83,29.043,93.27
186.87,133,28.885,92.84
188.18,137.2,28.601,91.893
188.66,135.17,28.318,91.02
189.63,136.49,28.343,91.201
188.7,136.89,28.424,91.506
192.31,136.92,28.848,92.776
194.44,137.73,29.074,93.544
197.82,134.41,29.564,95.098
199.85,138.77,29.682,95.466
202,141.79,29.333,94.35
202.79,137.13,29.423,94.585
202.59,135.82,29.172,93.754
211.2,129.67,28.888,92.919
209.63,132.44,28.273,91.004
211.09,131.86,28.5,91.7
209.47,129.65,28.746,92.61
209.8,126.99,28.564,92.09
209.41,134.39,28.676,92.437
212,132.92,28.615,92.288
212.42,122.62,28.637,92.365
209.51,133.12,28.706,92.573
208.48,128.93,28.617,92.354
205.63,126.38,28.308,91.405
204.3,95.968,28.006,90.484
203.63,94.509,27.752,89.694
203.84,96.128,27.898,90.156
202.48,91.945,27.207,87.991
202.02,97.369,27.424,88.732
201.15,96.246,27.03,87.539
199.8,95.005,27.059,87.577
202.97,95.715,26.692,86.402
203.21,99.728,26.675,86.372
203.96,100.89,26.325,85.165
202.99,136.14,26.253,84.916
201.42,135.25,26.708,86.462
199.74,128.15,26.462,85.618
197.81,122.7,26.644,86.234
193.25,123.97,26.542,85.877
191.07,124.15,26.458,85.591
192.64,121.18,26.443,85.611
190.74,122.77,26.427,85.44
186.32,124.83,26.339,85.266
185.67,122.08,26.139,84.683
182.42,117.88,25.909,83.881
176.86,120.24,25.869,83.712
185.87,114.21,25.499,82.423
175.4,111.34,25.324,81.911
177.44,108.52,25.458,82.423
176.28,107.52,25.808,83.581
176.32,104.88,25.474,82.382
173.28,101.99,25.911,83.729
167.41,105.24,26.003,83.978
165.73,98.561,26.289,84.905
166.2,99.31,25.934,83.839
166.18,95.239,26.331,85.03
168.91,94.032,26.117,84.387
166.13,91.962,25.937,83.866
164.99,88.518,26.102,84.351
167.75,120.58,26.505,85.65
167.77,119.86,26.43,85.306
166.58,88.293,26.595,85.804
162.35,84.456,27.025,87.204
173.96,87.154,26.664,86.035
172.04,118.75,26.951,86.969
171.22,117.56,27.2,87.858
172.08,119.82,27.049,87.416
NaN,NaN,NaN,-2
NaN,NaN,NaN,0
NaN,NaN,NaN,0
NaN,NaN,NaN,0
NaN,NaN,NaN,0
NaN,NaN,NaN,-1
144.61,96.211,28.303,71.85
142.74,95.408,28.248,71.637
142.78,95.368,28.003,71.099
140.06,98.211,27.968,71.012
139.83,96.989,28.026,71.253
139.77,95.766,27.889,70.879
140.14,97.115,27.374,69.571
138.63,94.199,27.383,69.688
138.31,94.759,27.291,69.469
137.13,94.186,27.543,70.107
137.16,94.408,27.032,68.896
138.34,94.737,27.046,68.96
137.24,92.935,27.326,69.615
134.67,92.919,27.615,70.348
134.31,94.201,27.097,69.061
134.04,93.976,26.963,68.708
133.27,93.009,26.73,68.052
131.42,92.682,27.228,69.26
131.6,93.787,27.292,69.486
134.62,91.867,27.541,70.069
135.27,91.262,28.068,71.36
131.14,98.813,27.958,71.052
133.7,103.93,27.644,70.274
136.02,107.38,27.474,69.844
138.1,104.93,27.115,68.929
134.69,108.12,26.303,66.922
138.22,113.04,26.64,67.69
140.95,111.88,26.749,67.966
150.71,107.28,26.89,68.332
160.41,111.94,26.809,68.087
166.88,106.83,27.059,68.669
167.94,107.31,27.477,69.662
168.68,109.03,27.9,70.705
167.42,106.14,27.701,70.173
166.43,106,27.537,69.66
164.89,105.87,27.501,69.523
161.93,107.57,27.609,69.861
159.67,107.66,27.86,70.529
155.87,106.48,27.78,70.304
152.92,106.33,27.21,68.843
146.66,109.06,27.586,69.788
143.6,106.22,27.537,69.639
143.99,106.27,27.662,69.821
142.75,104.48,27.556,69.469
143,104.71,27.997,70.525
145.44,100.59,28.004,70.537
138,105.65,27.823,70.137
139.39,107.99,27.808,70.063
140.79,108.24,27.479,69.176
137.7,109.57,27.522,69.264
135.32,109.45,27.792,69.927
135.87,104.36,27.713,69.701
140.15,99.473,27.202,68.549
139.15,99.923,26.998,67.968
137.4,98.423,27.126,68.236
139.83,95.483,27.05,67.999
143.28,95.262,27.017,67.858
149.06,96.41,26.661,66.987
154.47,99.075,26.192,65.79
159.66,102.08,26.115,65.62
160.75,103.61,26.102,65.67
161.35,109.35,26.773,67.319
161.89,111.47,27.089,68.079
161.62,113.48,26.97,67.785
163.21,115.64,27.262,68.412
162.83,119.16,27.469,68.957
162.8,119.24,27.451,68.972
163.71,120.52,27.229,68.355
165.17,120.89,27.227,68.344
161.25,121.28,27.336,68.587
159.39,125.03,27.694,69.411
160.26,125.08,27.88,69.964
158.82,124.41,27.579,69.199
156.37,125.5,27.275,68.482
153.44,125.58,27.218,68.323
153.4,121.55,27.19,68.24
154.92,117.12,26.674,66.977
154.35,111.03,26.89,67.545
152.94,107.72,26.889,67.46
155.97,102.81,27.096,67.916
159.8,97.949,26.726,67.078
160.99,92.073,26.423,66.376
164.15,92.005,26.152,65.738
167.05,90.078,26.145,65.729
171.91,87.062,26.038,65.484
170.84,90.214,25.899,65.091
169.58,92,25.987,65.224
170.94,93.478,26.3,65.996
169.03,93.566,26.353,66.106
166.68,98.601,26.404,66.185
161.24,103.2,26.706,66.939
158.14,105.09,27.107,67.981
157.21,108.7,26.497,66.486
153.28,110.76,26.748,67.114
147.45,115.99,26.265,65.983
143.72,119.25,25.944,65.135
141.59,121.9,25.737,64.605
141.48,123.02,25.729,64.569
139.62,124.38,25.729,64.572
141.28,123.9,25.888,64.996
142.04,123.17,25.771,64.669
144.86,121.43,25.712,64.504
146.96,117.5,26.443,66.347
149.99,116.76,25.929,65.073
149.79,114.6,26.027,65.322
151.56,113.85,26.205,65.798
153.9,107.62,25.927,65.212
157.77,107.54,25.666,64.614
157.74,106.66,25.514,64.244
158.75,104.82,25.714,64.784
160.74,103.64,25.846,65.136
159.73,101.62,25.772,64.849
161.12,97.621,25.221,63.437
160.37,96.723,25.781,64.785
161.61,92.944,25.651,64.358
160.81,93.738,25.698,64.485
159.72,91.58,25.002,62.786
158.85,93.678,25.307,63.582
156.47,93.736,24.855,62.459
155.24,95.198,25.013,62.892
154.33,95.301,25.3,63.571
151.78,94.094,25.458,63.966
148.24,95.291,25.41,63.88
146.19,95.501,25.85,65.018
145.24,93.503,25.693,64.658
143,92.622,25.821,64.863
139.97,92.637,25.679,64.443
142.93,91.083,25.947,65.089
142.52,89.517,26.228,65.888
140.58,89.828,26.057,65.404
141.68,86.504,25.723,64.473
142.7,82.497,26.142,65.513
143.09,80.31,25.997,65.159
144.61,79.131,25.734,64.505
146.41,76.766,25.539,63.993
149.77,78.356,25.512,63.954
152.61,76.847,26.013,65.198
150.66,78.649,25.557,64.12
155.11,79.396,25.293,63.536
161.2,80.014,25.116,63.098
164.24,81.922,25.09,63.023
163.67,87.764,25.325,63.536
166.45,92.614,25.296,63.423
165.86,98.644,25.363,63.635
165.93,100.07,25.132,63.017
165.89,104.49,25.17,63.199
165.11,104.21,24.984,62.745
165.62,106.19,24.931,62.585
165.73,105.83,24.877,62.44
163.96,106.22,24.437,61.277
163.67,106.64,25.099,62.94
165.06,108.62,25.459,63.829
163.74,110.47,25.352,63.562
163,112.92,24.905,62.469
158.85,115.81,24.959,62.646
158.02,116.68,25.363,63.675
155.96,119.81,25.612,64.265
153.63,121.03,25.196,63.125
151.97,122.51,25.133,63.013
152.92,120.49,24.785,62.155
152.74,122.95,25.141,62.984
151.09,122.92,24.945,62.497
151.43,120.89,24.89,62.3
155.04,122.56,24.551,61.481
154.77,122.89,24.474,61.297
155.89,121.77,23.706,59.323
155.93,122.61,23.282,58.299
155.01,124.77,23.119,57.892
155.75,123.06,23.013,57.53
154.94,122.76,23.252,58.222
155.2,121.08,23.446,58.762
155.66,120.03,23.896,59.815
153.67,116.15,23.889,59.818
153.49,114.12,24.077,60.182
152.61,110.91,23.748,59.314
153.64,109.97,23.635,58.912
154.64,106.8,24.03,59.924
155.02,103.97,23.285,58.048
158.73,102.25,22.834,56.847
162,102.33,22.122,55.051
165.33,99.856,22.204,55.268
165.42,96.722,22.14,55.163
165.73,98.499,22.379,55.753
165.98,94.577,22.061,55.06
165.27,95.306,22.306,55.629
165.59,93.838,22.583,56.332
165.86,94.312,22.599,56.453
167.55,92.413,22.456,56.126
167.37,93.043,21.894,54.711
166.66,94.314,22.475,56.108
167.17,93.924,22.157,55.279
167.8,95.641,21.779,54.271
169.53,96.715,22.229,55.38
169.9,95.216,21.666,54.083
170.42,92.152,21.865,54.511
168.66,92.801,21.647,54.019
169.93,91.655,21.266,53.095
167.83,92.224,21.629,54.027
166.63,91.826,22.082,55.142
164.7,89.019,21.942,54.764
164.68,91.253,22.213,55.495
159.33,90.18,22.123,55.209
158.68,89.594,22.053,54.992
156.23,92.288,21.637,53.942
153.6,91.107,22.142,55.223
152.69,92.857,21.945,54.697
150.28,93.672,22.551,56.135
146.63,90.317,22.562,56.114
144.91,89.912,22.981,57.106
142.47,88.654,22.918,56.908
137.58,88.119,23.041,57.257
138.13,87.165,22.774,56.552
139.6,86.085,22.804,56.654
137.3,88.219,22.597,56.144
136.65,85.962,22.153,55.116
135.36,88.114,22.129,55.1
134.94,88.134,21.833,54.356
134.49,86.885,21.567,53.651
132.44,87.212,21.745,54.124
133.22,87.776,21.958,54.614
132.92,88.273,21.777,54.108
130.32,90.199,21.963,54.593
132.41,89.217,21.946,54.578
133.97,96.619,21.969,54.637
136.05,98.633,21.901,54.452
140.18,105.81,22.109,55.035
142.29,110.71,21.919,54.669
147.19,115.77,22.093,55.05
152.87,120.05,22.176,55.22
155.64,121.3,21.988,54.866
155.51,121.49,21.873,54.576
156.61,119.84,21.966,54.74
155.25,117.4,21.863,54.493
152.22,112.42,21.766,54.195
153.62,109.8,22.055,54.836
153.81,106.98,22.421,55.797
153.5,102.41,22.56,56.149
152.67,96.647,21.854,54.385
153.16,95.71,22.217,55.294
151.62,94.155,22.663,56.446
150.09,91.731,22.586,56.248
150.2,90.694,22.256,55.502
149.12,91.256,21.9,54.601
145.26,90.777,22.268,55.511
136.31,88.289,22.532,56.105
133.69,84.563,22.129,55.017
131.5,81.289,22.422,55.74
125.03,76.211,23.032,57.24
117.28,72.636,23.067,57.361
118.48,66.069,23.136,57.57
133.08,57.581,23.575,58.631
150.67,55.979,24.09,59.828
151.08,34.231,24.082,59.785
NaN,NaN,NaN,-2
NaN,NaN,NaN,0
NaN,NaN,NaN,0
NaN,NaN,NaN,0
NaN,NaN,NaN,0
NaN,NaN,NaN,-1
249.2,21.805,41.139,148.54
247.88,25.921,41.09,148.29
248.09,28.524,40.659,146.7
242.04,32.329,40.174,144.9
247.04,45.822,40.797,147.07
255.05,51.66,40.898,147.53
252.05,59.802,40.994,147.87
244.81,72.59,41.856,151.04
234.11,92.536,42.466,153.3
221.72,102.02,42.214,152.51
211.4,109.94,42.324,152.89
213.85,108.71,42.415,153.1
203.01,108.52,41.949,151.44
197.86,111.34,41.954,151.31
194.48,108.06,41.877,151.08
198.72,107.22,42.14,152.01
201.54,110.33,41.848,150.81
205.64,100.93,41.881,150.9
208.45,97.681,41.543,149.6
216.13,98.495,41.249,148.53
216.32,98.916,41.472,149.21
208.36,64.566,41.066,147.59
193.34,78.937,41.047,147.55
190.62,93.307,41.06,147.58
191.04,91.007,41.273,148.42
185.4,92.815,41.027,147.5
185.52,93.509,41.365,148.73
183.36,97.001,41.689,149.96
