NaN,NaN,NaN,-1
141,33,19,104
141,34,19,104
141,34,19,104
142,33,19,104
142,33,19,104
141,33,19,104
142,33,19,104
141,34,19,104
141,33,19,104
142,34,19,104
141,33,19,104
141,32,19,104
142,33,19,104
141,34,19,104
141,34,19,104
141,34,19,104
140,35,19,104
140,35,19,104
140,37,19,104
140,37,19,104
139,36,19,104
138,36,19,104
138,36,19,104
138,39,19,104
138,38,19,104
137,37,19,104
137,39,19,104
137,38,19,104
137,38,19,104
136,40,19,104
136,39,19,104
136,39,19,104
135,39,19,104
135,41,19,104
136,43,19,104
136,47,19,104
136,46,19,104
136,45,19,104
136,45,19,104
136,44,19,104
134,42,19,104
133,42,19,104
133,39,19,104
134,39,19,104
126,37,19,104
130,35,19,104
132,36,19,104
136,35,19,104
138,42,19,104
139,42,19,104
139,41,19,104
140,40,19,104
140,39,19,104
141,36,19,104
142,35,19,104
142,34,19,104
142,32,19,104
142,32,19,104
142,30,19,104
143,30,19,104
144,29,19,104
144,28,19,104
145,26,19,104
144,26,19,104
145,25,19,104
145,24,19,104
145,25,19,104
146,26,19,104
146,26,19,104
146,26,19,104
146,26,19,104
147,27,19,104
146,27,19,104
145,28,19,104
144,30,19,104
144,27,19,104
143,27,19,104
144,29,19,104
143,30,19,104
143,30,19,104
142,31,19,104
141,32,19,104
141,31,19,104
139,33,19,104
141,35,19,104
141,38,19,104
140,41,19,104
140,43,19,104
139,47,19,104
137,51,19,104
138,52,19,104
137,54,19,104
136,57,19,104
135,59,19,104
134,62,19,104
133,64,19,104
133,66,19,104
132,68,19,104
131,70,19,104
130,72,19,104
130,73,19,104
129,73,19,104
128,73,19,104
128,73,19,104
127,73,19,104
126,73,19,104
125,73,19,104
124,73,19,104
123,73,19,104
123,73,19,104
122,73,19,104
121,73,19,104
120,73,19,104
119,73,19,104
119,73,19,104
118,73,19,104
117,73,19,104
116,73,19,104
115,73,19,104
NaN,NaN,NaN,-2
NaN,NaN,NaN,0
NaN,NaN,NaN,0
NaN,NaN,NaN,0
NaN,NaN,NaN,0
NaN,NaN,NaN,-1
136,43,31,53
135,43,31,53
136,42,31,53
136,43,31,53
137,42,31,53
135,43,31,53
134,43,31,53
132,43,31,53
132,43,31,53
132,43,31,53
129,41,31,53
131,43,31,53
129,42,31,53
130,43,31,53
130,43,31,53
129,46,31,53
128,46,31,53
127,48,31,53
128,48,31,53
127,48,31,53
129,49,31,53
131,48,31,53
133,48,31,53
133,49,31,53
134,48,31,53
134,48,31,53
134,49,31,53
130,47,31,53
130,48,31,53
129,47,31,53
128,47,31,53
129,47,31,53
132,47,31,53
135,53,31,53
136,52,31,53
137,53,31,53
139,55,31,53
139,60,31,53
146,58,31,53
145,64,31,53
148,63,31,53
147,64,31,53
142,64,31,53
136,62,31,53
131,61,31,53
129,58,31,53
132,74,31,53
130,70,31,53
128,71,31,53
125,72,31,53
124,71,31,53
121,69,31,53
120,67,31,53
120,67,31,53
106,51,31,53
105,48,31,53
104,44,31,53
104,41,31,53
103,38,31,53
102,34,31,53
NaN,NaN,NaN,-2
NaN,NaN,NaN,0
NaN,NaN,NaN,0
NaN,NaN,NaN,0
NaN,NaN,NaN,0
NaN,NaN,NaN,-1
124,84,53,59
125,81,53,59
125,81,53,59
128,82,53,59
129,84,53,59
130,85,53,59
131,85,53,59
131,86,53,59
131,87,53,59
131,88,53,59
131,91,53,59
131,92,53,59
130,93,53,59
131,95,53,59
130,96,53,59
129,96,53,59
128,98,53,59
127,97,53,59
106,87,53,59
106,84,53,59
107,82,53,59
107,81,53,59
108,79,53,59
108,75,53,59
109,70,53,59
106,65,53,59
101,59,53,59
101,57,53,59
101,53,53,59
102,49,53,59
103,46,53,59
104,41,53,59
104,40,53,59
105,37,53,59
105,33,53,59
101,31,53,59
100,28,53,59
100,26,53,59
97,24,53,59
