NaN,NaN,NaN,-1
340,181,53,50
336,180,53,50
333,179,53,50
331,178,53,50
330,177,53,50
328,177,53,50
326,176,53,50
324,175,53,50
322,173,53,50
319,172,53,50
318,171,53,50
316,170,53,50
314,169,53,50
312,167,53,50
310,166,53,50
309,165,53,50
308,163,53,50
306,162,53,50
304,160,53,50
302,159,53,50
301,157,53,50
299,156,53,50
297,155,53,50
296,154,53,50
295,152,53,50
295,151,53,50
294,149,53,50
294,146,53,50
294,144,53,50
294,141,53,50
294,140,53,50
294,137,53,50
294,135,53,50
293,133,53,50
293,130,53,50
293,128,53,50
293,126,53,50
294,124,53,50
293,122,53,50
294,121,53,50
294,120,53,50
294,118,53,50
294,116,53,50
294,114,53,50
294,113,53,50
295,111,53,50
296,110,53,50
295,109,53,50
295,108,53,50
295,108,53,50
295,107,53,50
296,106,53,50
296,106,53,50
297,105,53,50
297,104,53,50
299,104,53,50
300,103,53,50
301,102,53,50
301,101,53,50
301,100,53,50
301,99,53,50
301,99,53,50
302,99,53,50
303,98,53,50
304,97,53,50
304,97,53,50
305,97,53,50
305,97,53,50
306,96,53,50
306,95,53,50
307,94,53,50
307,93,53,50
308,92,53,50
309,91,53,50
310,90,53,50
311,89,53,50
312,88,53,50
313,88,53,50
313,87,53,50
314,86,53,50
315,85,53,50
316,84,53,50
317,83,53,50
318,83,53,50
319,83,53,50
320,82,53,50
321,81,53,50
322,79,53,50
325,67,53,50
331,62,53,50
345,66,53,50
355,77,53,50
NaN,NaN,NaN,-2
NaN,NaN,NaN,0
NaN,NaN,NaN,0
NaN,NaN,NaN,0
NaN,NaN,NaN,0
NaN,NaN,NaN,-1
309,67,47,56
308,69,47,56
308,69,47,56
308,69,47,56
308,69,47,56
307,69,47,56
308,69,47,56
308,69,47,56
309,68,47,56
309,69,47,56
309,69,47,56
312,69,47,56
312,69,47,56
312,69,47,56
312,69,47,56
312,69,47,56
313,69,47,56
314,69,47,56
314,69,47,56
315,70,47,56
315,70,47,56
315,71,47,56
315,71,47,56
316,72,47,56
316,73,47,56
315,73,47,56
315,74,47,56
315,75,47,56
314,75,47,56
314,75,47,56
314,75,47,56
313,76,47,56
312,77,47,56
312,77,47,56
312,78,47,56
313,79,47,56
313,80,47,56
312,80,47,56
311,81,47,56
310,81,47,56
310,81,47,56
310,82,47,56
310,82,47,56
311,82,47,56
312,83,47,56
312,84,47,56
312,84,47,56
313,84,47,56
313,84,47,56
312,83,47,56
310,84,47,56
309,85,47,56
308,86,47,56
307,87,47,56
306,87,47,56
305,88,47,56
304,88,47,56
304,88,47,56
304,89,47,56
304,89,47,56
304,90,47,56
303,90,47,56
302,91,47,56
301,93,47,56
300,93,47,56
299,94,47,56
299,95,47,56
299,97,47,56
299,99,47,56
298,100,47,56
297,101,47,56
297,102,47,56
296,103,47,56
295,104,47,56
294,105,47,56
294,106,47,56
293,107,47,56
293,108,47,56
293,109,47,56
292,110,47,56
292,110,47,56
291,111,47,56
290,112,47,56
289,112,47,56
288,113,47,56
288,114,47,56
287,115,47,56
286,116,47,56
285,116,47,56
285,117,47,56
284,117,47,56
284,118,47,56
283,119,47,56
283,120,47,56
282,121,47,56
281,123,47,56
280,124,47,56
279,125,47,56
279,127,47,56
277,130,47,56
276,132,47,56
275,136,47,56
274,138,47,56
273,141,47,56
273,143,47,56
273,143,47,56
273,144,47,56
272,146,47,56
272,148,47,56
272,150,47,56
272,152,47,56
273,153,47,56
273,155,47,56
273,156,47,56
272,157,47,56
271,158,47,56
271,158,47,56
271,158,47,56
270,159,47,56
270,159,47,56
270,159,47,56
270,160,47,56
270,160,47,56
269,161,47,56
268,161,47,56
267,161,47,56
266,161,47,56
265,162,47,56
264,162,47,56
