NaN,NaN,NaN,-1
126,122,98,111
126,122,98,111
125,122,99,112
125,122,99,113
126,124,99,112
125,125,101,112
125,127,101,111
126,127,99,113
126,129,99,112
128,130,97,113
129,131,96,113
128,132,97,113
129,133,96,113
130,134,95,113
131,135,93,113
131,137,92,113
131,138,90,113
131,139,91,113
130,140,92,113
130,141,92,113
130,143,93,113
129,144,96,113
129,145,96,113
127,145,97,113
126,145,98,113
125,146,99,112
124,146,100,112
126,146,98,112
126,146,92,112
124,146,92,111
127,145,89,112
125,145,91,112
125,144,92,113
125,146,90,111
123,146,91,110
123,148,91,108
123,146,91,110
123,145,93,111
124,143,93,112
127,142,91,113
128,142,91,113
131,142,88,113
132,142,88,113
133,142,89,113
133,142,89,113
133,142,90,113
134,142,90,113
134,143,92,112
134,144,92,111
138,144,90,111
136,145,91,110
137,146,90,108
142,161,77,73
141,159,81,86
141,150,80,96
140,148,82,101
141,145,81,105
141,144,82,112
142,143,80,113
142,143,82,113
140,144,84,113
139,144,84,113
140,145,84,113
140,145,84,113
143,145,81,113
144,146,80,113
140,147,85,113
141,148,84,113
139,148,87,113
135,147,91,113
134,147,93,113
134,146,93,111
134,144,94,114
133,143,95,113
132,143,96,113
132,142,97,113
130,141,99,111
129,140,100,113
128,139,99,113
128,138,101,113
129,137,101,113
129,136,101,113
130,136,101,113
130,135,100,113
131,135,99,113
136,134,93,113
138,134,89,113
141,134,87,113
138,134,91,113
138,134,92,112
138,134,92,112
138,135,93,111
138,134,93,112
138,133,94,113
139,133,92,113
138,134,92,113
138,134,93,113
138,134,93,113
137,135,95,113
137,135,96,113
136,135,97,113
137,136,96,113
137,136,95,113
136,137,95,113
135,138,96,112
134,139,97,112
134,138,97,113
133,139,96,113
131,141,97,112
130,140,98,113
129,141,100,113
129,142,98,113
128,142,98,113
128,143,98,113
128,144,98,113
128,144,97,113
127,145,98,113
127,145,98,113
126,146,99,113
125,146,100,113
126,147,99,113
125,147,99,113
126,147,98,113
125,148,99,113
124,148,100,113
122,148,101,113
122,148,102,113
122,149,102,113
122,149,101,113
122,149,102,113
122,149,102,113
121,149,102,113
121,149,102,113
121,150,102,113
121,150,102,113
122,150,101,113
122,150,100,113
123,150,99,113
123,150,99,113
123,151,99,113
122,151,100,113
120,151,102,113
116,151,106,113
116,151,105,113
117,152,104,113
118,152,104,113
119,152,103,113
121,152,100,113
122,151,99,113
123,151,97,113
124,151,96,113
124,151,96,113
124,151,97,113
124,151,97,113
125,151,95,113
126,150,95,113
126,150,96,113
126,150,96,113
126,150,96,113
126,150,95,113
127,150,96,113
127,150,95,113
125,150,98,113
125,149,97,113
126,148,96,113
127,148,95,113
130,149,94,113
131,169,94,93
132,160,94,95
132,154,93,101
132,147,92,109
133,143,90,113
133,143,89,113
132,143,90,113
132,143,90,113
132,144,92,113
132,144,93,113
132,145,94,112
132,146,94,112
133,147,96,111
134,148,97,110
135,148,97,110
135,149,98,110
136,150,98,109
137,151,102,108
137,151,102,108
137,153,100,107
138,153,103,107
138,154,103,107
138,154,104,107
142,155,99,106
147,157,94,104
144,156,98,106
147,156,93,106
150,156,84,106
147,159,92,104
147,158,93,105
145,157,94,107
144,157,96,107
142,156,98,108
142,156,99,109
142,157,98,108
161,161,79,103
160,161,79,103
151,160,88,105
149,159,90,107
148,159,90,107
151,158,90,108
146,158,93,109
145,158,94,109
145,154,94,113
144,155,95,113
148,156,93,112
147,156,94,112
146,156,99,112
145,157,100,111
146,157,99,111
147,157,98,111
146,158,97,110
147,160,96,108
146,160,96,108
145,159,100,109
144,159,103,109
144,159,103,109
145,160,103,108
144,164,103,104
143,165,103,103
142,166,104,102
141,168,103,100
141,170,104,99
141,168,105,100
152,170,92,96
150,171,90,78
147,176,89,65
144,173,87,72
143,173,83,70
142,172,80,79
139,175,84,86
137,179,86,87
136,181,92,91
133,179,98,97
132,176,103,100
132,173,106,102
132,172,109,103
131,171,109,104
130,170,110,104
130,170,109,104
130,170,108,103
130,171,108,102
130,171,108,102
129,168,107,104
129,168,105,104
127,168,106,104
128,166,105,105
128,166,105,105
127,163,106,108
128,163,103,107
127,163,104,107
127,163,104,107
127,163,103,107
127,158,103,111
128,161,103,108
127,159,104,110
127,157,103,112
126,156,104,113
126,155,104,113
123,155,108,113
123,154,107,113
124,154,105,113
123,154,105,113
121,155,106,112
121,156,104,111
120,159,103,108
118,160,104,106
118,160,103,106
119,159,102,107
123,161,97,105
126,159,93,107
127,157,93,109
126,154,93,111
127,153,93,112
126,152,96,113
127,153,94,112
128,153,92,112
128,153,92,112
129,152,90,112
128,152,91,112
129,150,92,113
128,150,92,113
126,150,93,113
128,150,91,113
127,151,92,112
124,151,94,109
121,153,96,109
119,153,98,109
119,152,98,110
119,152,97,110
119,151,97,111
118,151,98,111
118,151,99,110
116,151,100,109
118,150,98,111
120,149,97,112
122,149,95,112
123,148,94,113
125,148,93,113
125,147,92,113
126,147,91,113
125,147,92,113
126,148,91,112
124,148,93,112
123,152,93,106
119,153,96,99
119,176,94,75
122,155,91,100
119,154,94,108
118,154,94,103
119,152,93,109
120,151,93,112
117,151,97,112
121,150,94,113
123,150,91,113
122,150,93,113
121,150,97,113
121,150,96,113
122,150,93,113
122,150,94,113
122,150,95,113
121,150,98,113
122,150,96,113
122,150,96,113
122,150,95,113
122,150,95,113
122,151,95,112
122,151,95,112
121,150,96,113
121,151,96,112
123,151,92,112
122,150,93,113
122,150,94,113
122,150,95,113
121,150,97,113
118,150,100,113
117,151,100,113
117,151,100,113
116,151,100,113
116,151,101,113
115,151,101,113
115,151,100,113
116,151,100,113
117,151,99,113
119,151,97,113
120,151,96,113
120,151,96,113
121,151,95,113
120,151,97,113
120,151,97,113
119,151,99,113
119,151,100,113
119,151,100,113
120,151,99,113
120,151,99,113
120,151,100,113
121,152,98,112
122,152,97,113
122,152,96,113
122,152,96,113
122,152,97,113
123,152,96,113
123,152,96,113
124,152,95,113
124,152,97,113
124,152,96,113
126,152,94,113
126,152,94,113
126,152,94,113
126,152,95,113
127,152,93,113
127,152,93,113
128,151,92,113
129,151,92,113
130,151,92,113
129,151,93,113
129,151,93,113
129,151,93,113
131,151,91,113
131,151,92,113
131,151,92,113
130,151,93,113
131,151,93,113
133,151,91,113
133,150,91,113
132,150,93,113
132,150,92,113
131,150,93,113
132,150,94,113
131,150,93,113
131,150,94,113
130,149,96,113
130,149,96,113
130,149,97,113
130,149,96,113
130,149,95,113
130,148,94,113
131,148,93,113
133,148,92,113
134,148,92,113
134,147,93,113
133,147,95,113
131,147,95,113
130,147,96,113
129,147,98,113
128,147,97,113
130,147,96,113
