NaN,NaN,NaN,-1
131,51,36,89
131,52,36,89
131,49,36,89
132,50,36,89
131,52,36,89
132,53,36,89
131,54,36,89
130,54,36,89
130,58,36,89
130,56,36,89
130,60,36,89
130,63,36,89
130,66,36,89
132,69,36,89
135,71,36,89
136,75,36,89
141,82,36,89
146,85,36,89
152,88,36,89
159,94,36,89
165,98,36,89
172,103,36,89
181,101,36,89
187,104,36,89
197,104,36,89
205,106,36,89
212,109,36,89
218,107,36,89
223,106,36,89
227,109,36,89
229,108,36,89
230,107,36,89
226,108,36,89
220,108,36,89
212,107,36,89
205,104,36,89
195,106,36,89
184,105,36,89
174,107,36,89
162,108,36,89
152,109,36,89
144,110,36,89
136,108,36,89
128,112,36,89
119,113,36,89
111,112,36,89
103,118,36,89
97,119,36,89
93,114,36,89
86,114,36,89
81,113,36,89
78,113,36,89
77,106,36,89
77,105,36,89
78,97,36,89
78,92,36,89
81,85,36,89
85,81,36,89
89,71,36,89
92,65,36,89
95,61,36,89
101,55,36,89
106,52,36,89
115,48,36,89
122,47,36,89
131,43,36,89
142,45,36,89
150,45,36,89
158,47,36,89
165,48,36,89
174,53,36,89
182,53,36,89
192,55,36,89
201,56,36,89
208,58,36,89
215,61,36,89
221,59,36,89
224,62,36,89
227,62,36,89
225,60,36,89
219,59,36,89
214,53,36,89
201,54,36,89
194,52,36,89
185,49,36,89
174,49,36,89
164,43,36,89
154,45,36,89
144,39,36,89
134,40,36,89
125,39,36,89
114,45,36,89
104,46,36,89
95,49,36,89
86,54,36,89
81,52,36,89
75,58,36,89
75,61,36,89
75,66,36,89
76,71,36,89
79,78,36,89
82,81,36,89
87,86,36,89
90,92,36,89
93,100,36,89
96,105,36,89
98,111,36,89
100,115,36,89
103,118,36,89
106,126,36,89
110,126,36,89
116,127,36,89
122,124,36,89
131,124,36,89
137,121,36,89
145,114,36,89
151,112,36,89
158,109,36,89
165,103,36,89
172,102,36,89
178,97,36,89
183,94,36,89
190,93,36,89
196,86,36,89
202,87,36,89
207,85,36,89
213,80,36,89
217,77,36,89
221,72,36,89
225,72,36,89
225,67,36,89
224,65,36,89
222,64,36,89
218,59,36,89
211,57,36,89
204,54,36,89
196,52,36,89
187,48,36,89
177,49,36,89
170,45,36,89
161,40,36,89
150,42,36,89
140,40,36,89
131,37,36,89
124,41,36,89
114,36,36,89
107,36,36,89
100,36,36,89
95,32,36,89
89,38,36,89
86,42,36,89
85,37,36,89
87,42,36,89
89,42,36,89
95,42,36,89
99,46,36,89
102,50,36,89
106,50,36,89
107,57,36,89
110,61,36,89
112,65,36,89
113,66,36,89
115,65,36,89
117,66,36,89
118,65,36,89
121,66,36,89
124,67,36,89
128,63,36,89
133,65,36,89
139,62,36,89
145,63,36,89
151,63,36,89
155,63,36,89
160,58,36,89
163,58,36,89
166,58,36,89
168,61,36,89
170,58,36,89
173,60,36,89
180,62,36,89
184,64,36,89
190,64,36,89
194,63,36,89
198,68,36,89
202,63,36,89
206,66,36,89
207,64,36,89
208,61,36,89
210,57,36,89
213,57,36,89
214,55,36,89
218,63,36,89
220,70,36,89
222,79,36,89
223,93,36,89
222,98,36,89
223,105,36,89
220,112,36,89
218,117,36,89
214,121,36,89
212,124,36,89
206,123,36,89
201,126,36,89
195,122,36,89
187,121,36,89
174,122,36,89
165,116,36,89
154,120,36,89
145,116,36,89
132,109,36,89
121,107,36,89
111,107,36,89
99,100,36,89
88,104,36,89
79,99,36,89
69,97,36,89
66,95,36,89
60,92,36,89
58,88,36,89
57,82,36,89
61,78,36,89
67,70,36,89
70,63,36,89
77,55,36,89
82,46,36,89
89,41,36,89
95,32,36,89
98,25,36,89
102,17,36,89
106,10,36,89
111,7,36,89
114,3,36,89
119,1,36,89
123,2,36,89
129,8,36,89
136,11,36,89
142,17,36,89
146,20,36,89
154,29,36,89
160,35,36,89
167,43,36,89
174,46,36,89
185,53,36,89
194,55,36,89
202,60,36,89
213,63,36,89
218,71,36,89
227,73,36,89
232,78,36,89
239,80,36,89
245,88,36,89
249,91,36,89
252,94,36,89
255,96,36,89
254,98,36,89
250,99,36,89
244,101,36,89
237,102,36,89
228,100,36,89
220,98,36,89
210,98,36,89
200,101,36,89
192,103,36,89
182,105,36,89
173,104,36,89
163,103,36,89
152,104,36,89
143,109,36,89
132,106,36,89
126,105,36,89
117,103,36,89
108,103,36,89
101,102,36,89
95,102,36,89
87,98,36,89
83,96,36,89
79,94,36,89
75,89,36,89
72,84,36,89
69,79,36,89
67,75,36,89
65,69,36,89
62,61,36,89
62,57,36,89
61,48,36,89
62,45,36,89
62,38,36,89
62,29,36,89
64,26,36,89
64,21,36,89
62,17,36,89
58,15,36,89
57,14,36,89
56,16,36,89
52,21,36,89
51,27,36,89
48,30,36,89
48,35,36,89
46,38,36,89
46,40,36,89
48,41,36,89
50,43,36,89
52,45,36,89
56,49,36,89
59,55,36,89
63,61,36,89
66,69,36,89
72,74,36,89
80,81,36,89
87,87,36,89
95,93,36,89
105,94,36,89
115,98,36,89
126,98,36,89
137,99,36,89
148,95,36,89
160,97,36,89
168,93,36,89
178,90,36,89
185,83,36,89
190,79,36,89
196,80,36,89
197,75,36,89
199,76,36,89
197,73,36,89
193,71,36,89
188,68,36,89
182,62,36,89
176,59,36,89
170,55,36,89
165,53,36,89
158,51,36,89
150,46,36,89
142,48,36,89
137,48,36,89
130,49,36,89
123,56,36,89
117,60,36,89
111,66,36,89
110,72,36,89
107,78,36,89
108,82,36,89
112,85,36,89
117,85,36,89
123,87,36,89
133,88,36,89
144,88,36,89
152,89,36,89
161,89,36,89
174,87,36,89
182,89,36,89
188,89,36,89
196,93,36,89
199,92,36,89
205,95,36,89
209,98,36,89
209,100,36,89
208,106,36,89
205,112,36,89
199,115,36,89
193,115,36,89
185,120,36,89
178,116,36,89
171,118,36,89
162,120,36,89
153,116,36,89
144,115,36,89
133,113,36,89
124,106,36,89
115,104,36,89
105,96,36,89
94,91,36,89
86,86,36,89
79,77,36,89
71,72,36,89
66,62,36,89
62,59,36,89
61,52,36,89
62,49,36,89
66,42,36,89
71,36,36,89
77,32,36,89
82,29,36,89
87,24,36,89
92,21,36,89
96,20,36,89
100,16,36,89
104,15,36,89
109,18,36,89
112,21,36,89
114,24,36,89
120,28,36,89
124,33,36,89
128,37,36,89
130,42,36,89
133,45,36,89
138,47,36,89
142,50,36,89
144,51,36,89
147,53,36,89
148,53,36,89
151,56,36,89
153,56,36,89
