NaN,NaN,NaN,-1
67,49,73,279
70,48,73,279
72,48,73,279
75,48,73,279
78,47,73,279
81,47,73,279
84,47,73,279
87,46,73,279
90,46,73,279
93,46,73,279
96,46,73,279
99,46,73,279
102,46,73,279
105,46,73,279
108,46,73,279
110,46,73,279
113,46,73,279
116,47,73,279
119,47,73,279
121,47,73,279
124,47,73,279
127,47,73,279
129,47,73,279
132,47,73,279
134,47,73,279
137,47,73,279
139,47,73,279
141,47,73,279
144,47,73,279
146,47,73,279
148,46,73,279
151,46,73,279
153,46,73,279
156,46,73,279
158,45,73,279
161,45,73,279
163,45,73,279
165,44,73,279
167,44,73,279
170,44,73,279
172,44,73,279
174,43,73,279
175,43,73,279
177,43,73,279
179,43,73,279
181,42,73,279
183,42,73,279
184,42,73,279
186,41,73,279
188,41,73,279
190,41,73,279
192,41,73,279
194,41,73,279
195,40,73,279
197,40,73,279
199,40,73,279
201,40,73,279
202,40,73,279
204,40,73,279
206,40,73,279
207,39,73,279
209,39,73,279
211,39,73,279
212,39,73,279
214,39,73,279
215,38,73,279
216,38,73,279
218,38,73,279
219,38,73,279
220,37,73,279
222,37,73,279
223,37,73,279
224,37,73,279
225,36,73,279
227,36,73,279
228,36,73,279
230,36,73,279
231,36,73,279
233,36,73,279
234,36,73,279
236,36,73,279
237,36,73,279
238,36,73,279
240,35,73,279
241,35,73,279
242,35,73,279
243,35,73,279
244,35,73,279
245,35,73,279
246,35,73,279
247,34,73,279
248,34,73,279
249,34,73,279
250,34,73,279
252,33,73,279
253,33,73,279
254,33,73,279
255,32,73,279
256,32,73,279
257,32,73,279
258,31,73,279
259,31,73,279
261,31,73,279
262,31,73,279
263,30,73,279
264,30,73,279
265,30,73,279
266,30,73,279
267,30,73,279
268,29,73,279
269,29,73,279
270,29,73,279
271,28,73,279
272,27,73,279
272,27,73,279
273,26,73,279
273,25,73,279
274,25,73,279
274,24,73,279
275,23,73,279
275,22,73,279
276,22,73,279
276,21,73,279
277,20,73,279
277,20,73,279
278,19,73,279
278,18,73,279
279,18,73,279
279,17,73,279
280,17,73,279
281,16,73,279
281,16,73,279
282,15,73,279
282,15,73,279
283,14,73,279
284,14,73,279
284,14,73,279
285,13,73,279
286,13,73,279
286,13,73,279
287,13,73,279
288,13,73,279
289,12,73,279
289,12,73,279
290,12,73,279
291,12,73,279
292,12,73,279
292,12,73,279
293,11,73,279
294,11,73,279
295,10,73,279
296,10,73,279
296,10,73,279
297,10,73,279
297,10,73,279
298,9,73,279
298,9,73,279
299,9,73,279
299,8,73,279
300,8,73,279
300,8,73,279
300,7,73,279
301,7,73,279
301,6,73,279
302,6,73,279
302,5,73,279
303,5,73,279
303,5,73,279
304,4,73,279
304,4,73,279
305,3,73,279
306,3,73,279
306,2,73,279
307,2,73,279
307,1,73,279
307,1,73,279
307,1,73,279
307,1,73,279
307,1,73,279
307,1,73,279
307,1,73,279
307,1,73,279
307,1,73,279
307,1,73,279
307,1,73,279
307,1,73,279
307,1,73,279
307,1,73,279
307,1,73,279
307,1,73,279
307,1,73,279
307,1,73,279
307,1,73,279
307,1,73,279
307,1,73,279
307,1,73,279
307,1,73,279
307,1,73,279
307,1,73,279
307,1,73,279
307,1,73,279
307,1,73,279
307,1,73,279
307,1,73,279
307,1,73,279
307,1,73,279
307,1,73,279
307,1,73,279
307,1,73,279
307,1,73,279
307,1,73,279
307,1,73,279
307,1,73,279
307,1,73,279
307,1,73,279
307,1,73,279
307,1,73,279
307,1,73,279
307,1,73,279
307,1,73,279
307,1,73,279
307,1,73,279
307,1,73,279
307,1,73,279
307,1,73,279
307,1,73,279
307,1,73,279
307,1,73,279
307,1,73,279
307,1,73,279
307,1,73,279
307,1,73,279
307,1,73,279
307,1,73,279
307,1,73,279
307,1,73,279
307,1,73,279
307,1,73,279
307,1,73,279
307,1,73,279
307,1,73,279
307,1,73,279
307,1,73,279
307,1,73,279
307,1,73,279
307,1,73,279
307,1,73,279
307,1,73,279
307,1,73,279
307,1,73,279
307,1,73,279
307,1,73,279
307,1,73,279
307,1,73,279
307,1,73,279
307,1,73,279
307,1,73,279
307,1,73,279
307,1,73,279
307,1,73,279
307,1,73,279
307,1,73,279
307,1,73,279
307,1,73,279
307,1,73,279
307,1,73,279
307,1,73,279
307,1,73,279
307,1,73,279
307,1,73,279
307,1,73,279
307,1,73,279
307,1,73,279
307,1,73,279
307,1,73,279
307,1,73,279
307,1,73,279
307,1,73,279
307,1,73,279
307,1,73,279
307,1,73,279
307,1,73,279
307,1,73,279
307,1,73,279
307,1,73,279
307,1,73,279
307,1,73,279
307,1,73,279
307,1,73,279
307,1,73,279
307,1,73,279
307,1,73,279
307,1,73,279
307,1,73,279
307,1,73,279
307,1,73,279
307,1,73,279
307,1,73,279
307,1,73,279
307,1,73,279
307,1,73,279
307,1,73,279
307,1,73,279
307,1,73,279
307,1,73,279
307,1,73,279
307,1,73,279
307,1,73,279
307,1,73,279
307,1,73,279
307,1,73,279
307,1,73,279
307,1,73,279
307,1,73,279
307,1,73,279
307,1,73,279
307,1,73,279
307,1,73,279
307,1,73,279
307,1,73,279
307,1,73,279
307,1,73,279
307,1,73,279
307,1,73,279
307,1,73,279
307,1,73,279
307,1,73,279
307,1,73,279
307,1,73,279
307,1,73,279
307,1,73,279
307,1,73,279
307,1,73,279
307,1,73,279
307,1,73,279
307,1,73,279
307,1,73,279
307,1,73,279
307,1,73,279
307,1,73,279
307,1,73,279
307,1,73,279
307,1,73,279
307,1,73,279
307,1,73,279
307,1,73,279
307,1,73,279
307,1,73,279
307,1,73,279
307,1,73,279
