NaN,NaN,NaN,-1
83.527,90.713,33.88,53.24
83.893,87.633,41.947,56.467
91.227,90.677,41.947,54.047
95.773,91.483,38.72,52.433
100.1,92.18,40.333,53.24
109.74,94.49,37.913,50.82
117.26,93.757,33.88,50.82
116.27,95.333,39.527,48.4
120.6,96.91,41.14,45.98
128.81,99.073,37.913,46.787
130.9,99.697,40.333,49.207
138.27,101.9,39.527,49.207
143.37,104.13,40.333,48.4
146.08,104.17,45.173,47.593
151.93,104.1,45.629,49.207
170.87,101.9,32.267,49.207
179.04,98.047,29.847,53.24
184.91,92.693,29.847,58.08
188.54,96.543,30.653,54.047
189.09,98.817,34.687,52.433
189.68,104.17,37.913,47.593
192.57,101.79,38.72,51.627
196.42,100.21,34.687,54.047
192.57,102.56,38.72,50.82
187.99,102.59,42.753,50.013
182.78,101.05,44.367,51.627
178.46,101.09,42.753,50.82
174.09,101.13,41.947,50.013
180.55,101.93,29.04,48.4
173.18,102.63,29.847,49.207
163.57,104.06,31.46,50.013
151.73,104.76,33.88,50.82
140.76,105.42,33.073,52.433
129.73,106.88,33.88,52.562
120.93,106.85,33.88,53.24
113.52,104.56,35.493,55.226
104.5,99.22,40.333,59.693
102.26,96.947,41.14,61.307
105.34,101.57,37.913,56.467
106.81,102.3,37.913,56.467
106.66,103.77,41.14,56.467
108.68,105.27,45.173,55.66
113.01,103.73,46.787,57.273
119.64,104.54,45.98,55.66
127.78,103.77,44.367,56.467
133.54,103.77,46.787,56.467
140.14,103.73,46.787,57.273
147.4,103.69,48.4,58.08
152.35,104.46,52.433,57.273
161.96,104.46,50.82,57.273
172.3,104.5,49.207,56.467
179.59,103.07,50.013,55.66
199.32,101.46,35.493,58.887
203.87,102.12,32.267,60.5
200.82,102.12,34.687,60.5
198.73,102.81,32.267,61.307
193.71,101.27,29.847,62.92
184.87,100.54,30.653,62.92
173.18,101.35,29.847,61.307
159.17,111.43,31.46,49.207
145.24,110.73,31.46,48.4
127.34,109.85,37.913,51.627
112.57,108.2,40.346,55.66
105.12,106.59,40.453,58.887
92.473,106.48,46.787,61.307
90.457,110.22,42.753,59.693
89.1,112.42,40.333,59.693
84.773,115.43,38.72,58.08
80.85,113.85,44.367,60.5
79.273,113.01,46.787,62.92
76.083,112.24,52.433,63.727
74.543,113.78,54.047,62.113
73.81,114.58,54.047,60.5
74.58,115.32,53.24,60.5
77.44,116.01,54.853,61.307
78.063,114.51,57.273,62.113
86.203,115.35,55.66,59.693
89.1,113.15,56.467,59.693
103.11,110.99,54.853,58.887
114.29,108.13,50.82,57.273
128.59,109.44,42.753,51.289
136.29,107.03,50.82,49.207
149.34,107.03,54.047,49.207
167.09,109.19,50.82,50.013
181.9,114.36,47.593,49.207
192.35,118.84,43.56,47.593
196.72,123.31,44.367,45.98
199.03,124.8,41.947,45.19
199.1,125.55,40.333,45.173
196.9,125.57,40.333,44.608
193.89,124.08,41.947,45.173
188.65,124.08,44.367,45.173
185.83,125.55,41.947,45.173
182.23,128.44,40.333,45.98
173.36,131.3,41.947,47.593
163.06,132.73,42.753,48.4
154.18,129.84,44.367,47.593
144.14,122.47,39.527,48.4
121.07,114.36,46.787,49.207
102.81,111.28,45.173,52.433
88.147,105.53,45.173,50.013
77.99,99.587,42.753,51.627
57.603,99.44,55.66,54.853
61.343,98.78,54.047,53.24
53.02,92.107,59.693,54.853
59.913,90.09,53.24,50.82
61.38,90.787,53.24,51.627
62.847,90.677,53.24,54.047
NaN,NaN,NaN,-2
NaN,NaN,NaN,0
NaN,NaN,NaN,0
NaN,NaN,NaN,0
NaN,NaN,NaN,0
NaN,NaN,NaN,-1
7.4367,110.97,38.793,54.817
0.53667,111.47,55.66,60.72
11.253,118.96,56.036,57.692
21.62,125.54,47.227,54.817
26.872,129.41,49.757,53.973
32.967,128.65,50.6,53.973
36.723,127,52.287,56.503
42.09,125.43,52.287,57.347
46.575,124.85,54.817,53.13
50.293,121.75,57.347,53.973
54.855,124.16,58.19,51.443
58.65,125.78,59.033,48.949
65.588,126.62,58.19,48.07
72.373,126.62,60.72,48.07
79.312,123.62,59.877,46.383
89.508,115.15,54.817,47.227
93.112,103.92,59.877,58.19
99.437,95.45,55.66,59.033
103.5,91.157,50.6,52.287
103.58,92.153,48.913,47.227
98.21,92.805,48.913,49.757
89.547,94.913,53.973,53.973
85.023,95.642,52.287,54.817
78.008,95.642,54.817,54.817
72.527,96.447,57.347,53.973
63.94,95.603,60.72,55.66
57.04,95.527,60.72,57.347
47.572,85.177,66.623,65.78
48.3,84.717,67.467,59.033
50.638,96.715,66.623,48.07
55.967,97.52,67.467,47.227
58.918,97.482,69.997,48.07
65.052,98.938,69.997,49.757
70.38,98.823,70.84,52.287
82.225,100.39,63.25,51.443
90.045,101.16,59.877,51.443
96.178,98.862,59.877,51.443
105.72,96.562,52.287,51.443
115.92,97.443,47.227,48.913
118.22,97.813,47.227,49.329
124.78,108.33,37.95,45.54
123.93,109.07,39.637,46.368
122.44,109.1,38.793,45.54
133.05,111.51,24.457,43.014
128.42,112.24,25.3,43.853
123.78,111.44,26.143,44.697
119.94,109.14,26.143,44.697
118.41,106.11,26.143,43.853
118.33,105.42,27.83,42.167
122.21,106.22,26.987,41.323
125.2,106.99,28.673,41.323
131.29,107.91,29.517,37.95
139.8,107.83,27.83,39.637
148.23,107.1,27.83,38.793
155.9,105.65,27.83,37.107
162,105.76,28.673,34.577
166.6,105.8,28.673,33.733
