NaN,NaN,NaN,-1
82.72,90.75,35.493,52.433
83.893,93.867,41.947,48.4
90.109,94.527,43.118,50.013
96.543,95.333,37.913,48.4
101.66,96.8,38.384,48.4
109.74,98.34,37.913,46.787
120.34,95.297,30.653,49.207
125.44,101.57,31.46,40.333
132.88,100.87,29.04,39.527
138.78,103.28,28.242,34.879
143.92,103.84,28.233,38.72
152.09,104.57,25.813,38.72
157.89,106.55,27.427,43.56
165.26,107.29,26.62,43.56
171.12,107.32,26.62,42.753
176.99,106.66,26.62,41.14
182.86,105.93,26.62,41.14
187.95,104.46,27.427,41.14
193.89,104.43,25.813,41.947
199.03,105.16,25.813,41.947
197.3,106.7,31.46,40.333
200.24,106.59,31.46,42.753
201.81,105.75,29.04,45.173
201.08,104.9,29.04,47.593
200.35,103.36,29.04,49.207
196.68,102.59,29.04,50.013
192.24,101.88,29.847,49.634
187.15,101.16,29.04,49.207
181.28,100.39,29.04,50.013
173.21,101.09,29.04,50.82
163.57,102.56,31.46,50.82
153.23,103.25,33.073,51.627
141.5,104.76,33.073,50.82
129.69,106.19,34.687,51.627
120.85,106.11,35.493,53.24
110.4,104.68,39.558,52.433
105.31,102.45,38.72,53.24
100.83,102.46,40.333,53.224
103.11,102.48,38.72,52.433
103.03,103.07,40.333,55.66
106.84,104.46,40.188,57.273
108.79,105.97,42.753,56.467
113.81,105.93,45.173,57.273
120.45,105.2,44.367,57.273
128.52,105.2,44.367,57.273
136.69,105.97,41.947,56.467
142.49,106.74,43.56,55.66
148.9,106.7,47.593,56.467
165.37,107.69,40.333,50.82
177.91,108.42,38.72,50.82
188.99,109.16,36.333,50.82
196.46,109.93,33.88,50.013
200.16,110.66,33.073,50.013
203.1,112.16,33.073,49.207
202.4,113.63,32.267,49.207
199.5,115.05,31.46,48.489
192.9,115.13,31.46,48.4
185.64,115.13,29.847,48.4
175.41,113.67,29.04,48.4
161.44,112.93,29.847,48.4
145.97,110.7,31.46,49.207
128.92,109.93,35.493,50.013
119.46,103.62,33.88,59.693
109.85,106.59,35.493,58.887
102.59,107.95,33.88,61.307
94.38,110.92,37.107,60.5
89.98,113.12,37.107,60.5
85.543,115.35,37.913,59.693
84.113,115.32,37.107,60.5
78.1,116.12,40.333,58.887
77.403,116.16,39.527,58.08
75.13,115.32,41.14,60.5
75.9,116.12,40.333,58.887
74.323,116.86,42.753,58.887
78.027,118.36,41.947,58.08
78.613,118.4,45.173,57.273
82.977,117.7,45.98,56.467
90.237,113.92,47.593,58.887
95.92,112.53,51.627,57.273
110.81,108.17,46.787,56.467
121.77,107.65,47.593,51.627
137.9,106.19,47.593,51.627
154.11,106.22,45.98,50.82
170.32,109.23,44.367,49.207
184.32,112.09,42.753,50.82
193.97,115.72,40.333,51.627
202.95,122.54,36.3,46.787
199.87,124.01,39.527,46.787
196.09,124.01,41.947,46.787
193.12,124.01,42.753,46.787
189.38,123.27,44.367,46.787
187.26,121.03,42.753,47.738
184.4,122.58,41.14,45.98
183.81,126.24,37.913,45.98
181.1,126.1,33.073,49.207
169.91,131.23,37.107,49.207
158.88,128.3,37.913,49.207
150.99,130.79,33.88,42.753
133.36,124.36,34.687,39.02
114.36,120.49,33.073,43.56
93.463,108.31,41.14,53.24
77.22,111.03,43.56,58.08
63.69,113.96,50.82,58.08
53.24,111.69,54.853,59.693
48.143,109.34,54.047,62.92
44.66,110.07,50.013,62.92
39.49,111.58,50.82,62.113
28.783,115.35,60.5,59.693
17.563,115.98,49.207,62.113
18.003,113.74,39.527,62.92
9.1667,102.67,40.333,64.533
1.8333,90.75,40.333,68.567
-2.4567,100.14,37.913,55.66
-2.42,95.333,37.107,64.533
-2.7133,90.933,43.56,64.533
-1.0633,89.577,55.66,62.113
9.0567,89.943,58.887,70.18
16.757,91.74,66.953,62.92
29.81,93.903,70.18,63.727
43.01,93.133,70.18,64.533
51.993,92.437,66.147,63.727
73.113,89.283,53.24,68.567
75.717,87.597,60.5,73.407
79.2,90.357,64.533,66.674
86.68,90.017,61.307,68.567
92.547,89.21,61.307,70.18
96.947,88.44,61.307,70.987
102.92,100.06,58.887,57.273
110.4,99.173,55.66,60.729
113.34,99.147,55.66,61.307
115.54,98.45,55.66,60.5
115.54,97.973,55.66,54.853
121.07,100.5,46.787,47.593
118.91,99,45.98,48.4
113.78,95.003,45.98,55.66
108.02,94.857,43.56,58.887
101.49,95.517,41.947,60.5
96.47,95.517,39.527,60.5
93.647,97.79,37.107,58.887
89.32,97.863,35.493,57.273
85.397,95.627,41.14,58.08
83.343,97.24,37.913,54.853
81.767,96.287,40.333,59.693
85.067,95.48,32.267,61.307
87.817,97.827,36.3,58.08
86.863,97.753,41.14,59.693
92.73,98.487,41.14,59.693
97.753,102.34,43.56,55.66
105.12,103.77,42.753,56.467
114.66,103,42.753,57.273
123.31,100.91,45.98,54.853
127.86,99.44,42.753,54.853
130.97,99.51,38.72,53.306
137.98,107.98,29.847,44.367
139.48,109.54,29.04,43.499
137.17,109.49,31.46,43.56
134.97,110.22,31.46,43.56
133.58,110.07,29.847,46.787
128.44,111.69,29.847,43.56
124.04,110.15,29.847,45.173
120.27,108.02,32.267,43.56
117.26,105.2,33.88,41.14
116.49,104.46,34.687,41.14
122.5,105.2,31.46,41.14
127.64,105.86,31.46,42.753
133.47,106.66,32.267,41.14
140.69,106.7,34.687,40.333
148.79,105.97,33.88,40.333
155.43,104.5,33.073,40.333
162.8,103.91,32.267,37.107
167.97,103.91,31.46,37.107
