NaN,NaN,NaN,-1
138.84,28.729,33.634,135.65
137.71,29.145,34.215,134.73
138.23,28.82,33.44,135.8
137.5,30.154,33.085,134.94
137.89,30.363,32.95,134.6
136.38,31.297,33.417,134.91
135.19,31.228,34.098,135.2
134.75,31.496,34.889,134.9
135.36,33.04,32.716,133.7
134.34,34.559,34.227,132.05
134.32,33.928,34.104,132.71
133.13,34.367,34.233,133.31
133.35,35.584,34.062,132.99
132.13,35.826,34.884,133.57
131.52,34.608,33.886,135.16
130.27,35.85,34.425,133.71
131,35.781,33.528,133.3
131.25,34.86,33.447,133.36
132.42,34.205,33.006,132.65
131.31,35.22,34.564,131.64
132.97,33.876,33.386,131.6
133.93,34.281,32.38,131.69
133.37,33.662,32.922,132.12
134.67,34.189,32.286,131.42
134.25,32.975,34.165,135.01
134.31,32.83,34.274,135.33
134.83,32.533,34.232,135.94
135.76,33.303,34.152,135.31
136.02,33.567,34.331,135.56
136.43,33.845,34.362,135.64
136.86,34.216,34.189,136.07
137.09,35.635,33.727,135.45
136.94,35.901,33.677,135.53
135.68,36.527,33.847,134.9
135.32,36.402,34.46,135.83
135.84,36.464,33.704,136.46
134.64,36.898,33.954,136.39
134.23,37.353,33.647,136.06
133.61,37.238,33.532,135.59
131.66,36.749,35.172,135.67
132.15,36.838,35.101,135.65
132.62,36.71,33.277,135.39
132.53,36.723,33.565,135.65
132.49,36.627,33.761,135.93
132.8,37.506,33.489,136.32
132.78,37.787,33.496,136.13
132.84,38.2,33.482,135.73
132.71,39.069,33.943,136.1
132.63,39.244,34.323,136.21
132.71,39.345,34.151,136.27
133.17,39.847,33.355,135.14
132.56,39.648,33.31,135.48
133.02,39.728,33.278,135.5
131.59,39.312,35.325,136.3
129.94,39.62,35.537,134.65
130,39.766,35.497,134.07
130.33,39.086,36.173,135.14
130.2,38.301,36.935,134.92
130.93,39.407,36.22,133.73
133.23,38.925,34.069,132.68
133.71,39.253,34.208,131.84
133.8,39.043,34.775,132.23
134.28,39.259,34.75,132.15
134.54,40.017,36.162,132.62
134.96,40.389,35.969,131.9
134.89,40.76,36.106,130.79
127.4,39.181,47.276,134.44
127.78,38.949,47.511,135.25
127.96,39.897,46.909,134.7
127.34,40.828,48.815,133.97
127.16,40.333,49.879,134.91
125.44,41.465,51.521,135.06
122.81,42.123,53.144,134.54
120.61,42.782,54.293,134.15
116.59,42.95,55.657,133.29
110.25,42.133,58.338,132.76
106.71,41.423,60.6,133.49
100.28,39.995,62.636,133.25
94.286,38.551,63.317,132.13
91.332,37.438,63.929,131.82
82.588,38.227,70.271,128.98
77.6,37.739,72.087,126.27
69.485,38.559,79.486,126.49
67.464,36.862,79.471,129.26
84.514,25.635,61.901,119.65
88.376,34.228,46.687,120.19
92.469,35.649,37.374,114.97
76.65,34.525,68.942,116.66
75.728,33.867,69.867,118.18
74.914,42.522,68.047,109.63
66.927,51.963,94.23,100.22
65.02,49.378,99.731,103.36
70.181,47.937,96.533,90.38
76.182,46.676,98.902,87.18
72.125,45.931,104.61,87.915
87.049,37.6,95.294,101.12
102.55,19.282,78.359,109.87
103.5,19.856,73.486,109.11
108.91,22.535,55.022,116.43
117.18,24.728,45.16,118.59
120.96,24.606,38.316,117.71
124.18,31.489,32.71,111.65
127.55,40.102,28.568,109.94
124.37,39.48,32.833,112.36
114.29,39.64,44.748,114.58
102.55,45.687,68.962,114.7
103.33,44.493,69.258,125.18
89.453,55.904,84.569,106.55
98.547,54.366,76.064,94.327
98.111,54.532,78.52,94.677
105.79,51.752,72.266,96.862
106.22,50.961,74.476,94.049
104.38,51.875,79.786,94.624
107.79,35.466,79.536,106.17
120.89,36.527,56.474,110.51
118.78,35.958,56.833,110.42
135.35,31.803,34.375,109.36
138.63,33.002,28.192,111.34
137.34,32.434,31.17,113.22
138.28,34.218,29.491,111.22
138.46,30.486,31.719,104.93
139.4,32.071,30.536,103.84
137.96,41.029,32.188,101.1
129.9,40.335,46.846,100.94
130.39,38.392,47.71,103.87
131.1,35.34,49.301,104.68
126.6,37.164,54.165,100.2
125.75,39.497,52.849,96.65
118.78,44.386,60.687,94.245
113.69,51.823,68.196,88.741
113.93,53.718,69.013,85.759
114.7,62.212,67.688,75.515
118.29,68.795,62.648,67.812
121.85,71.245,58.647,64.325
124.01,71.179,61.255,65.338
119.79,75.042,66.844,52.838
116.71,72.904,73.497,52.71
109.15,69.787,82.654,55.774
103.1,71.053,91.904,42.734
104.19,72.943,90.087,35.245
99.993,71.638,89.469,48.261
101.04,84.11,89.375,30.642
96.212,83.114,94.706,31.782
91.064,81.135,97.814,36.022
82.622,78.768,108.52,40.941
80.591,78.749,110.96,42.645
81.869,80.424,112.34,43.452
67.855,81.583,107.43,43.96
49.092,81.413,106.38,44.185
NaN,NaN,NaN,-2
NaN,NaN,NaN,0
NaN,NaN,NaN,0
NaN,NaN,NaN,0
NaN,NaN,NaN,0
NaN,NaN,NaN,-1
135.65,92.501,86.577,88.277
125.96,81.705,94.673,96.084
120.92,72.357,97.161,98.288
123.33,58.742,78.233,80.057
121.49,56.557,77.167,79.139
116.64,55.988,76.929,78.877
88.308,52.61,88.385,90.012
61.672,41.496,104.17,105.99
76.428,42.597,101.4,103.19
87.656,43.772,96.437,98.148
99.837,47.785,89.175,90.873
98.765,47.211,89.848,91.558
104.71,49.939,84.704,86.335
125.38,53.454,80.286,81.834
126.7,54.256,78.623,80.119
128.16,54.53,76.636,78.086
129.07,55.196,73.594,74.981
131.3,54.805,73.428,74.777
137.35,53.856,74.536,75.882
147.16,55.942,63.14,64.61
149.97,55.814,61.617,63.025
144.16,49.683,68.766,70.251
145.09,48.571,66.293,67.833
143.91,47.572,66.598,68.21
144.83,45.744,66.469,68.062
134.66,44.175,65.69,67.233
144.89,44.293,62.47,63.978
143.72,43.122,61.686,63.162
144.28,42.341,57.348,58.737
147.93,41.46,60.356,61.754
140.8,42.546,64.371,65.788
147.99,59.866,62.02,63.255
146.16,58.575,62.577,63.823
146.71,58.888,61.331,62.558
147.77,57.923,58.427,59.558
148.98,57.778,57.105,58.257
148.44,56.848,57.882,59.036
150.37,56.151,59.512,60.698
150.38,56.05,59.555,60.739
151.47,56.219,59.794,61.009
152.31,55.725,63.334,64.56
151.63,55.658,63.163,64.383
153.14,54.634,65.298,66.546
153.16,56.33,63.982,65.289
153.04,56.151,65.374,66.695
150.89,55.971,65.694,67.013
148.92,55.617,65.938,67.218
148.17,57.03,64.812,66.101
146.16,57.076,65.879,67.186
144.51,58.08,65.576,66.876
143.47,57.18,66.945,68.284
