NaN,NaN,NaN,-1
138.91,25.059,33.231,129.88
137.32,23.912,33.274,129.95
137.26,25.528,32.814,128.16
138.24,27.909,32.589,127.32
135.45,29.53,32.255,125.99
136.86,30.597,31.822,124.22
136.03,29.698,31.835,124.32
135.85,32.056,32.209,125.73
136.22,30.785,32.352,126.28
134.01,32.706,32.551,127.07
133.11,28.433,32.575,127.16
133.92,33.655,32.16,125.67
134.14,32.218,32.138,125.6
131.56,33.931,31.98,125.11
132.93,34.121,32.147,125.9
132.98,34.289,32.138,125.91
130.6,32.908,32.26,126.37
132.62,35.153,32.411,126.92
131.81,28.852,32.469,127.21
132.96,29.436,32.452,127.03
134.3,29.014,32.726,128.02
132.92,26.946,32.576,127.48
132.5,28.583,32.896,128.74
133.94,31.738,32.22,126.17
134.94,28.452,32.152,125.92
136.14,31.568,32.11,125.73
136.19,28.76,32.412,126.94
138.17,30.702,32.519,127.34
135.8,28.574,33.185,129.83
136.81,24.336,33.438,130.71
136.86,30.025,34.122,133.42
137.82,31.259,33.74,131.87
137.04,30.646,33.945,132.61
136.34,25.287,34.408,134.41
136.97,31.962,34.402,134.38
135.58,31.957,34.455,134.53
133.13,30.375,34.193,133.44
133,31.819,34.205,133.51
133.87,31.681,34.185,133.55
132.72,32.493,33.973,132.74
131.06,32.523,34.236,133.8
131,31.363,34.484,134.64
130.78,29.343,34.394,134.21
133.38,32.161,34.726,135.59
130.52,33.45,34.925,136.47
131.26,30.159,34.761,135.74
132.67,32.181,34.534,134.94
131.53,32.539,34.118,133.42
133.12,33.321,34.3,134.01
131.71,36.062,34.401,134.48
132.09,36.377,34.265,134
132.33,34.701,34.434,134.6
131.51,33.1,34.388,134.32
131.34,34.51,34.76,135.87
131.76,37.107,34.401,134.49
130.92,32.531,34.635,135.38
131.82,29.6,35.026,136.8
130.96,30.907,34.601,135.19
132.62,32.882,34.42,134.4
132.96,31.272,34.311,133.89
133.93,35.428,33.809,131.82
135.5,36.274,33.184,129.39
135.5,33.049,32.938,128.5
137.28,36.179,32.776,127.85
138.37,38.578,33.176,129.42
137.1,37.502,32.847,128.07
138.85,35.578,33.259,129.65
138.8,31.023,32.836,128.14
139.59,35.388,32.537,127.01
139.45,41.625,32.865,128.27
139.14,39.892,33.515,130.82
138.74,39.816,33.6,131.13
135.54,38.037,33.235,129.64
134.3,40.781,33.233,129.7
132.74,42.467,33.062,129.06
127.95,38.122,33.323,130.1
121.04,35.155,33.037,128.93
114.88,35.734,33.211,129.65
108.59,31.82,33.076,129.21
106.76,32.458,33.924,132.53
105.23,26.382,34.209,133.49
101.27,24.598,34.362,134.02
96.041,26.611,34.348,133.96
99.298,20.121,34.713,135.3
95.784,17.135,34.862,135.97
92.938,17.072,34.566,134.84
91.631,14.939,34.568,134.8
88.48,18.567,34.662,135.14
88.018,17.848,33.822,131.84
85.883,18.54,34.198,133.36
83.65,14.09,34.481,134.36
85.301,13.806,34.25,133.44
84.64,13.086,34.686,135.05
77.093,12.421,34.799,135.52
79.328,8.8799,35.057,136.65
NaN,NaN,NaN,-2
NaN,NaN,NaN,0
NaN,NaN,NaN,0
NaN,NaN,NaN,0
NaN,NaN,NaN,0
NaN,NaN,NaN,-1
113.38,42.614,50.601,104.22
114.98,43.855,50.561,104.14
107.59,43.931,50.875,104.83
110.63,43.55,51.013,104.94
124.67,45.509,51.177,105.29
129.83,42.794,51.364,105.64
125.43,41.721,51.614,106.29
133.21,39.033,51.752,106.78
133.1,37.147,52.181,107.6
138.63,36.671,52.652,108.71
136.51,34.582,52.923,109.37
134.87,36.061,53.166,110.04
128.6,32.347,53.203,109.93
112.09,25.616,53.012,109.22
129.57,34.827,52.83,108.78
130.08,35.507,52.299,107.62
129.4,37.354,52.43,108.06
126.26,32.287,52.653,108.59
129.3,32.808,52.533,108.35
119.18,37.54,52.728,108.62
118.93,35.899,52.244,107.48
122.4,35.118,52.479,107.96
138.27,-3.5167,51.629,106.26
NaN,NaN,NaN,NaN
NaN,NaN,NaN,NaN
NaN,NaN,NaN,NaN
NaN,NaN,NaN,NaN
NaN,NaN,NaN,NaN
NaN,NaN,NaN,NaN
NaN,NaN,NaN,NaN
NaN,NaN,NaN,NaN
NaN,NaN,NaN,NaN
NaN,NaN,NaN,NaN
NaN,NaN,NaN,NaN
NaN,NaN,NaN,NaN
NaN,NaN,NaN,NaN
NaN,NaN,NaN,NaN
NaN,NaN,NaN,NaN
NaN,NaN,NaN,NaN
NaN,NaN,NaN,NaN
NaN,NaN,NaN,NaN
NaN,NaN,NaN,NaN
NaN,NaN,NaN,NaN
NaN,NaN,NaN,NaN
NaN,NaN,NaN,NaN
NaN,NaN,NaN,NaN
NaN,NaN,NaN,NaN
NaN,NaN,NaN,NaN
NaN,NaN,NaN,NaN
NaN,NaN,NaN,NaN
NaN,NaN,NaN,NaN
NaN,NaN,NaN,NaN
NaN,NaN,NaN,NaN
NaN,NaN,NaN,NaN
NaN,NaN,NaN,NaN
NaN,NaN,NaN,NaN
NaN,NaN,NaN,NaN
NaN,NaN,NaN,NaN
NaN,NaN,NaN,NaN
NaN,NaN,NaN,NaN
NaN,NaN,NaN,NaN
NaN,NaN,NaN,NaN
NaN,NaN,NaN,NaN
NaN,NaN,NaN,NaN
NaN,NaN,NaN,NaN
NaN,NaN,NaN,NaN
NaN,NaN,NaN,NaN
NaN,NaN,NaN,NaN
NaN,NaN,NaN,NaN
NaN,NaN,NaN,NaN
NaN,NaN,NaN,NaN
NaN,NaN,NaN,NaN
NaN,NaN,NaN,NaN
NaN,NaN,NaN,NaN
NaN,NaN,NaN,NaN
NaN,NaN,NaN,NaN
NaN,NaN,NaN,NaN
NaN,NaN,NaN,NaN
NaN,NaN,NaN,NaN
NaN,NaN,NaN,NaN
NaN,NaN,NaN,NaN
NaN,NaN,NaN,NaN
NaN,NaN,NaN,NaN
NaN,NaN,NaN,NaN
NaN,NaN,NaN,NaN
NaN,NaN,NaN,NaN
NaN,NaN,NaN,NaN
NaN,NaN,NaN,NaN
NaN,NaN,NaN,NaN
NaN,NaN,NaN,NaN
NaN,NaN,NaN,NaN
NaN,NaN,NaN,NaN
NaN,NaN,NaN,NaN
NaN,NaN,NaN,NaN
NaN,NaN,NaN,NaN
NaN,NaN,NaN,NaN
NaN,NaN,NaN,NaN
NaN,NaN,NaN,NaN
NaN,NaN,NaN,NaN
NaN,NaN,NaN,NaN
NaN,NaN,NaN,NaN
NaN,NaN,NaN,NaN
NaN,NaN,NaN,NaN
NaN,NaN,NaN,NaN
NaN,NaN,NaN,NaN
