NaN,NaN,NaN,-1
120,49,72,95
126,54,66,93
131,54,61,93
112,55,80,91
130,55,62,91
108,56,84,91
112,57,79,91
107,58,84,91
130,59,61,89
107,61,86,89
107,63,86,89
125,65,68,89
108,68,86,87
126,72,69,91
134,76,64,87
135,82,67,88
140,86,65,89
128,90,81,87
152,94,62,87
148,98,73,87
166,101,64,87
171,106,67,85
179,108,63,85
179,109,71,85
192,112,66,84
201,111,65,85
210,112,63,85
214,112,64,85
221,114,63,85
224,113,62,86
226,114,63,85
226,113,62,84
223,111,63,86
217,111,64,85
203,110,71,85
199,112,67,83
184,112,73,83
180,111,65,84
171,112,63,83
148,113,78,83
136,114,77,83
122,115,84,83
115,116,85,83
106,117,83,83
97,118,83,83
108,119,66,83
97,120,70,83
93,121,68,82
69,121,84,83
64,121,87,83
80,120,63,83
72,118,68,83
75,114,64,83
55,109,84,83
56,104,84,82
57,98,84,82
60,91,84,82
83,83,64,82
87,76,63,83
71,70,83,82
94,64,64,83
78,60,84,83
105,57,64,82
104,54,78,82
123,52,66,82
120,51,78,82
140,51,67,82
148,52,66,82
156,54,69,82
163,56,63,83
172,59,62,82
178,61,68,82
189,63,68,82
197,64,62,83
207,65,59,83
213,66,60,82
216,66,62,84
222,67,60,83
224,67,60,82
222,66,61,83
218,64,66,82
211,62,64,83
202,59,63,83
188,57,70,82
183,54,60,83
172,52,65,82
162,50,67,82
149,48,71,82
143,47,62,82
129,46,66,82
119,47,66,81
91,48,84,81
92,51,74,82
83,54,73,82
72,57,76,81
77,59,65,81
50,63,87,82
71,67,64,81
74,72,62,81
76,77,62,81
78,83,63,81
64,88,80,81
86,94,62,80
90,99,62,80
68,105,86,80
71,111,85,80
79,117,80,81
75,123,86,80
102,127,62,81
106,130,61,80
111,132,61,80
93,133,85,80
98,132,85,79
112,130,78,79
137,126,61,80
136,123,69,79
151,119,61,79
152,115,67,80
152,111,73,79
168,108,64,79
176,105,62,80
183,101,60,81
189,98,60,79
195,95,60,79
196,92,65,80
206,89,60,80
211,86,60,81
215,83,61,79
219,80,60,81
222,78,60,81
222,75,61,81
223,72,59,81
221,69,64,81
216,66,64,82
211,63,63,82
204,61,59,81
196,58,64,82
188,57,64,81
177,55,67,80
167,52,66,82
154,50,70,81
136,49,78,81
138,47,67,81
129,46,62,80
97,44,92,81
88,43,91,81
103,42,64,81
100,42,61,81
68,42,87,81
63,43,91,81
61,44,86,81
60,45,86,81
62,47,86,80
65,49,86,80
69,50,86,80
74,53,85,80
99,57,63,78
79,60,85,80
82,65,85,77
104,68,65,77
109,71,63,77
110,73,63,77
104,74,73,77
94,74,81,77
116,74,61,75
102,74,77,77
124,75,57,73
115,72,68,75
108,73,81,73
120,71,75,75
143,73,59,71
132,70,72,87
138,70,72,85
136,68,78,70
163,68,53,69
166,67,53,69
170,67,49,69
145,68,79,69
177,69,49,69
181,71,51,67
180,72,55,67
179,73,61,67
193,74,52,67
183,74,68,76
203,75,51,65
207,74,49,65
193,72,65,73
213,70,47,63
195,68,66,72
198,67,65,71
189,68,75,69
221,73,45,63
194,81,77,66
198,91,73,66
229,103,43,61
229,109,43,63
230,117,43,61
226,124,44,61
222,129,44,61
218,132,45,59
217,134,43,61
210,133,45,61
197,135,52,61
192,134,51,59
192,132,44,61
176,131,49,58
159,130,56,60
154,125,50,61
140,127,53,59
132,125,50,57
115,122,55,59
110,118,49,58
105,116,44,59
72,114,66,58
85,113,43,57
55,113,66,55
56,109,58,56
50,108,59,55
64,102,43,56
64,97,43,57
67,93,43,53
71,83,44,57
55,76,65,55
62,67,65,56
70,62,63,53
95,54,43,54
78,46,65,54
81,38,66,54
85,31,66,54
97,25,57,54
93,20,66,54
105,17,58,54
126,16,41,54
113,17,59,54
121,20,57,53
120,26,64,53
127,32,62,54
136,37,59,54
144,44,57,53
155,51,53,52
160,55,55,53
168,61,55,53
177,66,55,53
188,71,53,53
195,76,55,53
204,80,55,53
214,84,53,54
217,89,57,53
234,93,46,54
230,97,57,54
238,101,75,54
254,105,43,54
250,109,50,53
245,111,68,61
260,114,47,54
240,114,57,55
248,115,50,59
240,115,45,54
221,115,61,59
209,115,57,54
217,115,41,54
191,115,57,54
184,116,55,54
172,117,57,54
165,118,55,54
153,119,58,54
158,120,43,54
139,122,52,52
138,121,43,53
127,120,46,54
109,120,55,53
99,119,57,53
94,118,55,52
87,116,56,53
72,114,65,53
68,111,63,54
62,109,65,52
60,103,64,54
62,100,58,52
53,94,63,53
56,88,58,54
49,83,63,53
53,78,58,53
46,72,74,63
54,65,65,62
46,58,64,53
55,51,56,53
46,45,65,53
54,40,58,53
47,36,64,53
51,32,58,53
41,30,66,53
50,29,56,53
38,32,66,53
49,37,52,53
43,42,56,53
32,46,65,53
31,49,65,54
42,53,52,53
30,55,65,53
31,57,66,53
33,58,66,53
40,61,62,53
39,65,84,54
44,70,64,53
46,77,84,54
50,83,66,53
56,90,65,53
64,96,63,53
71,102,64,53
80,107,63,52
88,111,73,61
107,113,55,52
111,115,73,61
134,115,51,52
132,114,63,52
144,111,63,53
162,107,55,52
173,103,53,52
170,98,62,53
185,97,53,52
179,95,63,52
192,93,53,52
190,90,55,53
191,88,53,53
177,84,63,54
184,82,51,52
160,77,70,59
176,74,48,53
154,71,63,53
158,68,53,53
142,64,63,54
146,63,53,53
129,63,63,52
130,64,54,52
124,66,53,53
105,70,65,53
99,76,65,53
97,82,63,53
87,88,70,61
90,93,65,53
90,97,65,53
100,101,59,52
99,103,66,52
107,104,65,52
116,104,65,53
126,105,64,53
138,104,62,53
152,104,58,52
157,102,62,54
170,103,58,53
181,104,54,53
195,106,47,53
180,107,67,59
201,110,50,53
202,113,52,53
212,117,44,53
201,122,54,53
200,125,51,54
183,129,62,53
192,132,46,53
170,132,62,54
183,133,42,54
164,134,54,53
168,133,42,54
146,133,55,52
148,130,43,53
122,127,59,53
123,123,50,52
98,118,65,53
91,112,62,53
88,107,55,53
92,101,42,53
63,94,77,53
67,87,53,53
56,80,59,66
69,74,42,53
43,67,66,54
54,61,57,66
48,56,66,53
63,51,56,65
59,47,65,54
82,43,47,53
71,39,64,54
88,36,52,53
91,33,53,54
85,32,64,53
89,31,63,54
93,32,63,54
94,35,65,54
107,39,56,54
104,43,64,54
103,48,69,59
118,52,58,68
124,57,55,67
128,60,54,54
131,63,55,54
144,65,45,53
146,67,46,53
132,67,63,54
142,69,55,54
146,70,53,54
148,71,52,54
