NaN,NaN,NaN,-1
73.326,43.986,62.144,283.14
77.011,45.215,61.609,277.42
79.658,44.988,62.069,280.22
81.16,45.658,62.574,279.05
83.314,47.257,64.105,277.09
86.314,48.579,64.748,272.73
87.831,49.058,65.497,270.07
92.482,47.917,62.318,271.69
96.975,47.956,59.361,271.37
100.82,49.715,58.917,268.58
101.9,52.138,60.908,265.99
107.01,49.98,58.177,267.26
111.08,48.326,56.442,270.41
113.04,50.818,56.977,270.26
112.97,53.185,61.683,264.07
115.01,50.844,63.196,267.38
123.44,51.452,52.964,264.54
126.18,54.272,55.742,261.64
123.96,56.023,61.987,258.75
125.24,54.107,64.296,263.48
130.7,58.573,58.331,253.61
135.07,59.375,57.651,253.36
135.17,56.765,60.898,259.86
139.01,58.55,58.471,253.61
141.81,59.423,58.434,253.72
142.8,60.184,61.657,250.75
145,62.314,61.646,246.56
147.89,58.368,59.526,255.59
150.19,60.667,58.615,248.93
155.8,60.462,54.051,253.04
155.74,60.211,56.417,250.07
158.32,60.13,55.579,250.7
161.73,61.234,56.422,245.4
163,63.563,57.477,246.41
166.35,64.963,56.978,241
167.98,59.871,56.824,249.83
172.1,62.858,55.611,243.69
172.78,63.416,57.369,243.91
176.26,64.773,55.236,240.19
180.46,60.581,52.604,244.12
179.07,62.956,56.942,240.44
182.98,64.742,56.895,239.04
184.66,65.514,53.283,239.2
187.63,62.912,52.713,239.17
190.03,62.066,49.884,239.88
190.75,62.427,52.966,239.47
194.11,61.789,49.453,239.35
196,63.503,49.963,238.62
197.92,62.996,49.902,235.42
199.29,63.53,49.557,234.93
203.34,61.79,48.387,236.47
202.19,68.162,51.683,227.39
206,65.195,48.759,231.13
207.99,63.536,47.238,233.51
209.9,64.231,47.336,230.97
211.66,63.876,49.148,229.5
214.8,62.964,45.397,230.59
216.66,64.033,43.904,230.6
220.09,65.144,41.663,228.46
222.6,67.674,43.182,224.1
223.5,66.939,44.261,224.34
225.24,67.52,41.498,224.6
228.25,67.25,40.259,220.43
229.8,67.755,39.733,222.34
232.36,67.045,38.124,222.56
234.08,68.589,36.829,220.4
236.37,68.711,37.059,220.66
235.46,69.03,39.633,219.39
236.21,68.805,37.765,218.52
239.02,71.532,37.893,212.18
240.68,68.294,35.432,218.78
242.76,70.891,34.225,215.37
242.05,68.683,36.676,217.5
244.85,70.243,35.567,209.75
245.35,68.596,37.852,212.16
247.01,68.456,37.761,214.91
248.31,69.455,37.059,207.69
250.69,68.76,36.143,215.11
252.42,71.736,34.554,204.74
254.13,72.958,33.931,198.47
255.79,72.22,33.033,201.63
256.83,69.029,33.595,212.47
256.11,69.557,36.736,208.62
260.01,73.624,30.511,198.25
260.45,76.462,32.168,197.28
262,75.762,31.859,193.06
262.96,77.19,31.649,193.52
264,78.824,30.63,190.05
265.58,74.464,29.795,193.54
267.99,76.094,26.807,190.95
269.41,75.764,27,192.35
269.93,79.52,27.189,183.52
271.18,77.527,27.504,190.16
272.84,79.163,26.6,184.76
273.66,81.751,26.506,181.64
274.85,81.272,26.756,183.23
276.12,79.668,26.128,182.12
277.99,78.486,24.699,185.71
278.6,80.923,26.398,183.42
281.21,76.884,23.286,187.86
282.02,81.075,23.509,182.26
283.79,81.182,23.191,180.7
285.01,83.291,22.662,175.58
285.5,83.701,23.045,173.88
285.65,86.528,25.289,171.33
287.7,89.634,24.038,171.05
289.51,89.607,22.391,164.39
290.83,89.216,22.395,165.61
291.15,88.505,23.57,166.07
291.93,94.065,23.362,156.36
293.56,91.23,22.994,161.47
294.6,92.78,22.57,158.13
296.24,93.396,20.858,159.16
296.91,96.892,21.642,152.92
296.53,92.816,23.204,157.23
297.78,89.611,23.318,163.49
299.16,88.838,20.748,166.7
300.12,94.714,20.864,152.21
301.44,97.909,20.727,150.28
302.28,101.6,20.737,143.47
303.02,99.322,19.785,144.53
303.71,98.678,20.983,143.72
304.88,97.554,19.237,144.74
305.8,94.63,19.362,148.19
307.24,90.691,17.944,153.2
308.13,98.482,17.761,141.58
309.07,93.834,16.347,148.93
309.81,98.692,19.187,138
310.69,97.446,18.088,137.9
311.98,97.76,17.206,133.17
312.78,97.208,16.787,135.16
313.6,98.449,16.663,134.43
314.82,101.16,15.993,128.89
315.32,100.43,16.601,130.4
316.11,103.48,16.596,125.92
317.1,103.27,17.02,125.3
317.79,102.38,16.051,126.76
318.6,101.6,16.763,125.34
319.19,101.93,17.487,124.57
319.24,102.52,18.989,124.75
320.35,104.04,19.368,122.94
321.58,105.5,19.536,115.9
321.99,102.54,17.501,123.34
323.07,102.78,18.221,118.99
324.13,102.28,18.178,119.37
324.6,102.12,18.305,118.77
324.93,102.06,19.163,121.1
326.16,100.35,19.128,122.17
326.88,105.73,17.727,115.65
327.4,104.93,18.094,115.81
327.47,105.98,19.49,116.45
328.22,105.62,19.048,117.17
329.87,108.16,17.538,113.12
330.26,110.48,18.4,108.03
331.09,109.38,17.645,110.13
332.04,111.9,15.738,108.01
333.11,111.62,14.467,107.84
332.92,109.8,15.262,107.03
333.81,107.62,16.012,113.05
334.62,111.08,16.11,108.09
334.52,110.21,15.974,109.13
334.93,107.17,15.793,113.64
336.28,111.47,13.906,108.25
336.58,107.18,13.165,110.1
337.04,109.14,12.9,106.86
336.72,108.56,13.66,105.88
338.36,106.83,12.538,112.48
339.58,108.02,11.726,108.27
340.01,108.23,12.082,106.52
340.8,108.63,12.035,104.48
341.66,106.11,11.442,110.08
342.14,108.39,11.745,106.66
342.57,105.87,11.907,109.12
343.04,109.04,12.168,103.43
344.39,112.37,12.159,98.364
344.48,112.15,12.908,98.414
345.03,106.91,12.814,106.34
346,108.43,11.74,102.93
346.05,107.87,13.116,105.69
346.84,108.8,13.227,102.06
347.73,108.47,12.541,104.89
348.83,109.16,12.517,104.65
348.92,107.59,12.675,105.17
349.34,107.77,12.53,102.41
349.55,108.37,12.993,102.32
350.74,108.34,11.886,100.92
351.16,109.74,12.768,100.23
352.91,109.69,11.874,99.289
353.44,110.49,11.528,96.457
353.87,108.59,12.325,99.547
354.66,109.21,11.07,97.497
354.83,112.97,11.539,94.89
355.25,112.33,12.641,94.706
355.62,109.66,12.643,98.066
356.78,111.95,12.121,95.317
357.33,109.92,11.616,95.549
358.1,110.27,11.274,98.914
357.4,110.32,12.921,98.102
358.8,111.33,11.834,95.559
359.14,112.09,12.306,95.727
359.07,111.7,12.198,94.287
359.63,112.56,12.104,92.344
359.99,111.55,12.914,92.956
360.69,111.81,11.759,95.457
360.87,111.86,11.355,93.104
361.33,111.66,11.002,93.166
361.38,110.93,12.185,94.712
362.06,112.13,11.816,95.402
362.76,111.49,11.8,97.458
362.15,111.25,12.463,94.087
362.99,111.08,11.837,96.157
362.84,111,13.264,95.898
362.6,110.46,13.912,96.289
362.96,108.84,14.224,100.39
362.03,108.43,16.032,100.25
363.42,108.69,14.148,99.205
364.16,110.72,13.845,95.829
363.41,105.66,15.75,106.3
362.69,106.11,15.982,102.96
362.37,104.69,16.61,104.95
362.52,109.08,16.298,96.294
363.02,106.82,15.779,100.9
362.37,103.74,18.135,105.64
363.01,107.21,18.413,99.186
363.18,109.69,19.328,93.484
362.66,106.73,18.254,99.222
364.15,107.77,17.666,99.532
363.76,105.82,16.831,100.97
364.13,106.86,17.311,100.32
364.12,105.76,16.924,101.42
364.76,107.14,17.122,97.745
364.54,108.82,17.645,97.597
365.05,106.92,17.236,101.91
364.09,107.79,18.385,97.842
363.36,106.99,19.877,101.16
363.72,108.24,19.601,95.872
364.12,106.54,19.504,99.07
364.12,107.55,19.45,97.796
365.24,108.94,16.935,95.364
365.15,109.22,16.216,93.319
366.2,109.41,15.21,96.014
365.08,107.24,16.38,101.93
365.7,109.19,15.471,95.383
366.19,112.08,14.948,91.151
364.97,112.06,16.821,92.005
365.72,110.58,14.802,96.864
365.83,113.86,14.258,86.323
366.17,111.77,13.928,89.284
366.3,113.99,14.309,90.198
366.41,114.14,14.059,92.559
366.81,113.43,12.116,93.522
366.77,113.59,12.561,93.304
366.38,115.31,13.016,88.113
366.19,114.39,13.355,91.028
366.49,117,12.98,88.601
365.59,112.18,13.15,95.45
365.44,110.63,14.949,98.416
365.38,104.18,15.7,105.57
365.77,104.98,13.808,103.24
364.95,105.09,14.81,100.86
365,103.5,14.799,104.99
365.92,105.85,15.456,102.96
365.5,105.15,15.192,103.4
366.19,104.54,13.081,104.45
366.14,105.43,13,102.32
366.57,107.27,12.126,97.605
366.67,107.25,13.383,96.709
366.51,107.52,13.508,96.672
367.1,105.12,12.061,100.71
366.52,104.39,12.515,102.61
367.27,104.27,12.759,102.53
367.4,105.67,12.261,101.77
366.85,106.35,12.947,100.7
366.65,106.72,13.271,98.39
368.29,106.95,11.987,98.087
367.71,105.56,12.454,100.23
367.4,110.6,13.134,94.127
367.13,108.03,12.932,95.908
366.77,103.92,11.634,99.566
367.3,104.14,11.984,99.789
366.67,105.96,12.407,97.956
368.4,107.5,10.693,95.612
367.56,104.43,10.94,98.51
367.2,104.36,11.173,100.31
367.87,106.38,10.397,96.137
367.76,103.91,10.172,99.15
367.59,100.19,11.011,105.34
367.49,103.59,10.796,99.37
367.64,108.63,11.245,92.04
367.21,106.66,12.282,95.011
366.82,108.06,13.111,93.189
367.76,107.27,13.24,94.495
367.62,108.2,11.755,93.32
367.74,106.64,11.903,94.208
367.46,104.36,12.442,96.159
366.75,107.45,13.037,92.122
367.42,105.28,13.686,96.254
366.44,103.62,14.934,98.167
366.41,104.92,13.719,96.56
367.58,107.85,14.043,92.443
367.07,107.74,13.345,92.017
367.41,108.4,13.516,90.798
366.78,108.71,13.034,89.496
367.22,107.88,12.336,92.518
366.8,108.74,12.79,90.411
366.66,108.06,12.531,92.415
366.91,110.19,12.023,86.603
367.84,108.1,11.338,90.911
366.8,107.93,12.035,92.301
366.35,109.14,12.089,89.949
366.66,111.25,13.617,87.179
365.78,108.47,13.241,91.015
365.29,107.15,12.727,91.9
366.41,108.04,12.567,90.137
366.22,106.88,13.87,92.034
364.95,106.67,14.461,89.821
364.99,107.65,14.503,91.546
364.85,106.18,14.064,92.707
364.19,106.53,15.586,91.028
365.13,106.77,14.732,90.314
365.16,107.76,14.599,88.501
364.11,108.8,15.511,87.292
364.14,112.52,16.127,83.665
363.16,107.03,15.752,90.227
363.67,106.93,15.466,90.426
363.72,111.23,14.44,84.368
363.53,110.96,14.697,83.941
363.29,110.34,16.423,83.527
363.63,108.55,15.636,87.843
362.1,109.79,17.271,86.083
361.89,107.63,18.55,89.1
361.94,109.92,18.358,86.119
362.23,109.44,16.054,86.664
363.01,108.51,16.226,87.743
362.94,107.52,15.438,87.527
363.38,110.63,15.584,82.592
362.71,109.3,15.27,85.078
362.76,108.49,15.698,86.366
362.76,111.41,16.724,83.58
363.26,112.25,15.72,81.563
362.94,112.39,16.015,81.17
362.44,109.7,17.809,83.683
363.64,112.07,15.952,80.357
362.47,112.4,16.873,81.986
363.35,113.69,15.595,77.677
364.14,112.35,14.894,81.525
364.03,111.72,15.411,82.561
363.32,113.7,16.322,78.95
362.68,110.75,16.943,83.98
362.63,112.62,17.822,79.389
