NaN,NaN,NaN,-1
164.53,82.358,43.588,48.384
164.3,83.407,42.937,47.637
163.85,83.376,42.65,47.3
164.09,83.779,42.284,46.881
164.35,83.856,42.025,46.589
163.87,83.895,42.169,46.757
163.67,83.949,41.692,46.215
162.96,84.281,41.277,45.735
162.24,83.998,41.565,46.049
161.6,83.521,41.399,45.861
161.13,83.22,41.46,45.928
174,91,22,24
NaN,NaN,NaN,-2
NaN,NaN,NaN,0
NaN,NaN,NaN,0
NaN,NaN,NaN,0
NaN,NaN,NaN,0
NaN,NaN,NaN,-1
123.5,68.356,46.063,49.049
120.33,68.875,45.223,48.209
117.3,67.714,44.486,47.473
113.95,66.945,44.732,47.725
110.51,65.86,44.57,47.552
106.6,65.655,44.352,47.32
102.83,65.742,44.011,46.956
98.792,66.027,43.764,46.692
95.19,67.046,42.898,45.769
91.834,68.511,41.963,44.77
88.687,70.007,41.251,44.011
86.449,71.442,41.032,43.758
84.761,73.341,39.785,42.428
84.227,75.664,37.668,40.17
82.819,77.714,36.787,39.288
81.829,79.433,35.802,38.241
82.433,81.116,34.53,36.834
82.248,81.554,34.925,37.267
82.617,81.433,35.102,37.45
83.179,82.739,35.148,37.495
84.119,84.034,34.549,36.804
85.102,85.921,34.429,36.661
85.646,88.617,34.539,36.776
86.372,92.279,34.201,36.392
86.515,95.775,34.489,36.703
87.126,99.305,34.51,36.708
89.35,101.8,34.762,36.973
92.307,104.05,35.834,38.117
94.789,106.25,36.411,38.75
97.706,108.45,36.781,39.132
100.61,110.32,37.37,39.759
102.81,111.28,38.097,40.533
104.15,111.54,39.359,41.916
107.17,111.54,40.619,43.257
110.94,110.86,41.94,44.665
115.85,110.93,40.974,43.636
NaN,NaN,NaN,-2
NaN,NaN,NaN,0
NaN,NaN,NaN,0
NaN,NaN,NaN,0
NaN,NaN,NaN,0
NaN,NaN,NaN,-1
146.18,107.07,46.876,49.868
150.06,107.13,46.697,49.678
154.9,107.37,46.011,48.948
159.83,107.36,45.906,48.836
164.47,108.08,45.255,48.187
168.98,108.4,44.988,47.902
173.5,109.47,44.524,47.407
177.7,110.47,44.77,47.67
182.06,111.74,44.749,47.647
186.45,113.62,44.37,47.244
189.8,115.58,44.255,47.121
192.65,117.81,43.4,46.3
195.87,120.07,42.618,45.531
198.84,122.42,42.125,45.005
201.67,123.86,41.818,44.687
203.63,125.84,41.914,44.789
204.47,128.24,41.894,44.768
204.25,130.83,41.931,44.861
203.58,133.34,42.551,45.502
204.13,134.96,42.343,45.305
202.87,136.68,42.294,45.269
200.88,137.66,42.525,45.539
197.44,140.44,43.224,46.253
195.05,142.75,43.187,46.25
193.43,143.23,43.875,46.933
191.94,143.01,44.504,47.585
188.75,144.04,44.344,47.421
184.85,144.86,44.125,47.211
182.15,145.55,43.436,46.506
178.72,144.54,44.636,47.79
176.14,144.94,43.281,46.386
173.57,143.96,43.589,46.716
172.77,142.27,43.254,46.338
172.6,139.03,43.437,46.516
172.82,135.23,43.148,46.204
172.45,130.73,43.516,46.562
172.4,126.23,43.318,46.35
172.64,121.76,42.916,45.939
172.31,117.73,42.563,45.58
171.59,114.2,42.493,45.491
170.58,110.18,43.303,46.308
170.3,106.68,43.259,46.267
170.69,102.22,43.165,46.166
170.52,97.677,43.625,46.659
170.82,95.395,43.508,46.515
171.43,92.954,43.577,46.565
171.38,91.821,43.348,46.34
170.98,91.173,43.478,46.488
170.3,90.573,44.012,47.052
169.08,90.545,44.319,47.366
168.23,90.601,45.318,48.392
167.07,91.607,45.569,48.645
166.5,91.851,45.716,48.795
167.22,93.228,44.371,47.417
167.23,93.434,44.414,47.435
167.87,94.37,43.393,46.391
167.62,94.124,42.817,45.786
168.01,94.469,42.607,45.553
168.37,94.686,42.531,45.467
168.3,95.229,42.068,45.001
169.35,95.5,41.204,44.14
170.87,95.574,40.885,43.81
171.79,95.851,40.635,43.503
172.56,96.457,39.901,42.762
173.21,97.024,39.786,42.679
174.77,97.259,39.116,41.975
176.17,96.792,38.617,41.44
176.8,95.768,37.524,40.242
177.43,93.911,37.789,40.542
177.43,90.852,38.36,41.181
177,88.191,38.78,41.654
176.57,87.483,39.452,42.376
176.1,86.895,40.16,43.136
175.77,86.634,40.339,43.328
175.42,86.492,40.278,43.273
175.24,86.32,40.436,43.442
175.08,86.225,40.557,43.572
174.74,85.592,40.591,43.603
174.58,85.432,40.812,43.841
174.48,85.339,40.932,43.969
174.4,85.289,41.011,44.054
174.15,84.853,41.619,44.646
173.64,84.588,42.043,45.065
174,84.921,41.745,44.757
173.85,84.957,41.832,44.838
NaN,NaN,NaN,-2
NaN,NaN,NaN,0
NaN,NaN,NaN,0
NaN,NaN,NaN,0
NaN,NaN,NaN,0
NaN,NaN,NaN,-1
185.19,36.431,23.11,49.109
181.37,40.205,22.454,47.714
177.62,42.753,22.621,48.07
174.68,46.252,22.436,47.677
172.82,49.175,22.843,48.541
172.12,52.359,23.027,48.978
171.88,54.514,24.267,51.611
172.09,57.34,24.909,52.976
172.5,60.099,25.806,54.885
NaN,NaN,NaN,-2
NaN,NaN,NaN,0
NaN,NaN,NaN,0
NaN,NaN,NaN,0
NaN,NaN,NaN,0
NaN,NaN,NaN,-1
168.42,88.917,40.016,50.02
171.72,90.43,40.566,50.707
174.6,91.519,42.08,52.6
176.73,92.839,42.723,53.403
176.47,93.065,43.123,53.904
175.59,92.637,43.392,54.241
173.15,91.195,44.146,55.182
168.75,89.174,44.693,55.866
164.07,87.442,45.466,56.833
158.82,86.157,45.311,56.639
153.18,84.323,45.471,56.839
147.15,82.428,45.352,56.69
139.92,80.208,45.392,56.74
131.56,78.05,45.238,56.547
123.19,75.496,45.393,56.741
115.08,73.611,45.055,56.318
107.06,71.505,45.061,56.326
99.606,69.253,44.983,56.229
92.027,67.545,45.164,56.455
83.633,66.598,45.419,56.774
75.301,65.789,45.71,57.137
68.341,64.632,45.654,57.068
62.633,64.134,45.055,56.319
56.56,64.087,45.1,56.375
50.515,65.096,44.834,56.042
45.028,67.255,44.502,55.627
39.861,69.658,44.437,55.546
36.411,73.1,43.876,54.846
34.309,76.937,43.664,54.58
34.078,80.903,43.495,54.369
35.561,84.053,43.363,54.204
38.441,86.464,43.068,53.835
41.35,89.081,42.69,53.362
45.462,92.544,42.061,52.576
49.681,97.043,41.486,51.857
53.332,102.39,41.111,51.388
56.18,107.74,41.04,51.3
58.077,113.19,40.973,51.216
60.12,118.91,41.31,51.638
62.931,124.45,41.633,52.041
66.333,130.02,41.98,52.475
69.363,134.13,42.056,52.57
72.424,137.37,42.279,52.849
75.59,139.07,42.374,52.968
79.036,140.65,42.19,52.737
82.356,142.32,42.062,52.577
85.905,143.98,41.798,52.248
90.069,145.36,41.653,52.066
93.991,146.44,41.848,52.31
98.192,147.37,42.182,52.727
102.85,149.14,42.263,52.828
107.09,152.52,42.242,52.803
110.57,156.61,42.685,53.356
114.64,161.05,43.038,53.797
119.46,164.87,43.716,54.645
124.79,168.88,44.155,55.194
130.05,172.55,44.466,55.583
134.78,175.22,44.735,55.919
139.02,176.38,44.872,56.091
143.89,176.28,44.765,55.956
148.5,175.22,44.767,55.958
152.95,173.6,45.202,56.503
157.75,172.03,45.435,56.793
161.98,169.74,46.034,57.542
165.07,166.4,46.677,58.346
167.03,162.64,47.338,59.173
168.29,159.19,47.72,59.65
169.26,156.17,47.947,59.934
170.22,152.69,48.302,60.377
171.06,149.61,48.629,60.786
172.28,147.03,48.728,60.91
173.79,144.43,48.638,60.797
175.14,142.51,48.15,60.187
176.46,140.62,47.996,59.995
176.9,138.8,48.019,60.023
177.01,137.38,47.989,59.987
176.95,135.95,48.086,60.107
176.78,134.81,48.176,60.22
176.82,133.36,48.251,60.314
176.76,131.23,48.608,60.76
176.48,127.88,49.159,61.448
175.7,124.15,49.756,62.195
174.52,120.37,49.999,62.499
173.79,117.48,49.574,61.968
173.39,113.35,49.865,62.332
173.11,109.5,49.866,62.332
172.55,106.39,49.719,62.149
172.02,103.78,49.659,62.073
171.65,101.1,50.134,62.667
170.48,99.929,50.488,63.111
169.18,99.185,50.549,63.186
168.34,97.273,50.949,63.644
168.07,96.91,51.12,63.859
168.01,94.769,52.002,64.894
167.58,93.741,52.434,65.409
167.07,92.553,52.593,65.574
167.47,92.062,51.879,64.695
