NaN,NaN,NaN,-1
340.31,161.16,26,62
344.28,161.19,26,62
340.54,164.12,26,62
341.15,164.39,26,62
338.72,164.49,26,62
337.4,164.04,26,62
335.1,160.97,26,62
331.3,163.92,26,62
332.25,165.26,26,62
331.76,161.49,26,62
331.16,163.78,26,62
331.47,164.23,26,62
331.52,162.88,26,62
330.94,162.85,26,62
330.49,164.01,26,62
328.86,164.03,26,62
328.69,161.94,26,62
328,161.87,26,62
326.32,161.35,26,62
328.97,162.09,26,62
330.36,161.44,26,62
330.98,158.76,26,62
331.87,158.34,26,62
331.8,156.55,26,62
329,158.24,26,62
328.23,156.28,26,62
328.32,156.49,26,62
328.97,152.96,26,62
327.77,153.87,26,62
328.81,153.51,26,62
329.55,153.51,26,62
332.16,153.56,26,62
333.13,150.74,26,62
334.33,150.06,26,62
332.75,151.63,26,62
332.1,153.23,26,62
332.26,153.29,26,62
332.04,153.04,26,62
334.36,153.21,26,62
334.82,153.08,26,62
332.84,153.01,26,62
334.87,150.49,26,62
335.54,150.23,26,62
335.31,149.83,26,62
334.55,148.13,26,62
333.41,150.12,26,62
332.16,153.38,26,62
333.65,151.2,26,62
334.81,153.28,26,62
335.86,148.61,26,62
335.82,151.68,26,62
336.41,150.91,26,62
339.05,151.08,26,62
339.74,150.53,26,62
340.16,153.74,26,62
340.96,151.94,26,62
338.74,151.85,26,62
338.43,152.64,26,62
338.14,153.89,26,62
337.08,152.36,26,62
337.04,152.41,26,62
334.2,153.02,26,62
333.04,151.87,26,62
333.4,151.01,26,62
332.86,149.51,26,62
330,150.06,26,62
329.8,149.99,26,62
327.2,150.63,26,62
325.81,149.36,26,62
325.36,151.1,26,62
324.96,148.79,26,62
324.93,149.4,26,62
324.1,151.31,26,62
327.02,151.02,26,62
327.02,148.95,26,62
328.16,150.54,26,62
327.17,151.09,26,62
324.86,150.63,26,62
324.14,153.77,26,62
325.11,154.66,26,62
324.98,152.29,26,62
324.74,150.12,26,62
323.21,153,26,62
324.87,152,26,62
327.49,152.84,26,62
329.74,149.93,26,62
330.36,151.52,26,62
328.89,151.57,26,62
327.98,154.41,26,62
328.84,154.91,26,62
330.93,153.25,26,62
334.08,152.79,26,62
337.17,154.26,26,62
336.43,155.04,26,62
338.2,153.18,26,62
340.75,152.95,26,62
340.73,152.56,26,62
338.91,156.79,26,62
338.87,152.69,26,62
339.06,152.61,26,62
341.41,153.45,26,62
343.1,159.43,26,62
343.17,157.94,26,62
343.37,158.34,26,62
342.11,159.04,26,62
349.06,150.29,26,62
348.83,157.92,26,62
351,147.9,26,62
350.59,155.07,26,62
350.37,154.9,26,62
351.61,159.33,26,62
355,160.19,26,62
361.4,161.91,26,62
359.11,161.08,26,62
363.15,162.58,26,62
364.68,160.78,26,62
368.05,158.6,26,62
372.55,160.68,26,62
375.54,165.09,26,62
368.72,160.17,26,62
369.04,160.2,26,62
371.46,161.57,26,62
375.02,165.78,26,62
371.55,162.37,26,62
370.51,167.14,26,62
372.61,164.54,26,62
376.39,164.1,26,62
375.09,166.84,26,62
376.37,167.68,26,62
374.45,164.77,26,62
376.96,165.59,26,62
374.91,167.81,26,62
377.97,169.1,26,62
393.07,164.27,26,62
390.96,163.34,26,62
385.82,171.92,26,62
386.07,176.01,26,62
386.33,174.09,26,62
395.39,171.01,26,62
394.35,172.46,26,62
394.71,172.06,26,62
394.05,171.77,26,62
398.05,175.04,26,62
400.19,177.28,26,62
404.98,175.93,26,62
406.21,179.35,26,62
406.9,179.6,26,62
414.36,171.89,26,62
421.43,161.63,26,62
421.53,161.5,26,62
423.52,154.92,26,62
416.27,153.87,26,62
417.09,169.58,26,62
417.25,169.68,26,62
417.89,168.28,26,62
416.46,162.51,26,62
413.82,163.81,26,62
413.07,167.91,26,62
414.33,162.6,26,62
419.39,163.92,26,62
424.32,170.1,26,62
421.84,169.71,26,62
417.5,171.21,26,62
423.09,172.64,26,62
428.19,175.93,26,62
434.16,173.63,26,62
433.97,166.57,26,62
444.05,178.9,26,62
448.21,174.61,26,62
450.36,178,26,62
456.22,167.65,26,62
458.08,166.98,26,62
460.38,171.17,26,62
460.72,168.65,26,62
463.44,169.76,26,62
471.82,169.16,26,62
474.4,163.96,26,62
470.98,156.92,26,62
467.93,167.3,26,62
469.64,162.33,26,62
471.21,162.94,26,62
474.21,160.46,26,62
471.97,158.86,26,62
472.73,163.77,26,62
471.97,165.39,26,62
475.08,166.1,26,62
476.33,168.31,26,62
472.05,165.06,26,62
471.39,168.2,26,62
470.67,174.26,26,62
467.93,171.71,26,62
468.57,173.01,26,62
467.8,173.14,26,62
462.16,169.89,26,62
456.96,169.88,26,62
457.64,170.32,26,62
457.95,170.96,26,62
458.03,171.03,26,62
455.41,168.17,26,62
458.2,166.16,26,62
457.88,167.08,26,62
457.79,170.2,26,62
458.1,169.94,26,62
462.1,163.22,26,62
463.92,164.47,26,62
460.74,163.03,26,62
455.94,162.62,26,62
456.88,160.7,26,62
456.69,158.58,26,62
455.01,158.45,26,62
450.93,155.96,26,62
451.32,159.05,26,62
450.14,160.72,26,62
451.32,157.71,26,62
450.18,159.91,26,62
453.15,155.97,26,62
451.2,160.08,26,62
451.87,164.2,26,62
450.58,167.04,26,62
451.99,155.97,26,62
454.25,152.89,26,62
452.73,154.06,26,62
452.13,153.39,26,62
454.17,151.45,26,62
453.65,152.69,26,62
455.73,153.22,26,62
455.71,152,26,62
451.23,149.62,26,62
455.11,149.98,26,62
455.84,148.42,26,62
457.03,148,26,62
458.83,146.99,26,62
464.44,145.42,26,62
460.82,143.78,26,62
467.28,144.88,26,62
474.55,143.4,26,62
478.46,138.83,26,62
486.93,143.76,26,62
496.45,136.87,26,62
504.45,136.05,26,62
508.26,133.74,26,62
513.34,133.34,26,62
523.36,130.26,26,62
528.85,130.28,26,62
531.01,127.77,26,62
532.48,124.59,26,62
536.49,123.42,26,62
539.27,117.91,26,62
538.2,115.03,26,62
540.04,117.95,26,62
539.91,120.45,26,62
537.96,117.65,26,62
534.42,115.85,26,62
531.72,118.91,26,62
531.41,119.62,26,62
529.13,122.14,26,62
526.36,119.07,26,62
524.26,119.47,26,62
520.3,118.35,26,62
517.09,118.11,26,62
516.75,119.71,26,62
512.88,114.35,26,62
508.85,94.723,26,62
507.14,92.396,26,62
503.85,93.999,26,62
504.22,108.81,26,62
502.34,109.96,26,62
501.02,108.62,26,62
499.99,107.22,26,62
495.98,103.4,26,62
492.47,101.64,26,62
491.39,99.09,26,62
490.11,96.591,26,62
488.94,96.271,26,62
488.81,92.978,26,62
487.76,91.578,26,62
486.16,90.826,26,62
486.28,88.548,26,62
487.3,90.361,26,62
487.75,91.135,26,62
487.11,88.397,26,62
487.6,87.372,26,62
487.78,85.218,26,62
488.32,86.402,26,62
491.84,87.424,26,62
493.35,87.335,26,62
493.84,87.191,26,62
494.04,83.811,26,62
493.95,80.797,26,62
494.69,81.337,26,62
494.66,80.872,26,62
494.54,82.139,26,62
492.49,81.663,26,62
492.58,80.847,26,62
491.12,81.303,26,62
489.23,82.812,26,62
488.01,82.465,26,62
486.86,85.722,26,62
484.3,85.018,26,62
480.87,83.111,26,62
477.15,82.511,26,62
471.47,79.746,26,62
466.96,82.091,26,62
462.73,83.504,26,62
459.67,84.753,26,62
455.32,86.396,26,62
449.33,82.167,26,62
442.92,87.171,26,62
441.25,89.747,26,62
440.87,90.821,26,62
439.12,91.802,26,62
436.98,92.119,26,62
436.47,92.163,26,62
434.77,91.086,26,62
433.42,89.601,26,62
432.78,90.855,26,62
431.73,89.449,26,62
431.19,89.145,26,62
432.91,95.159,26,62
429.86,89.697,26,62
429.75,88.772,26,62
430.06,90.313,26,62
429.98,91.978,26,62
430.29,91.958,26,62
429.36,86.703,26,62
428.47,86.599,26,62
426.7,82.242,26,62
425.97,83.205,26,62
422.09,83.437,26,62
421.08,85.115,26,62
416.09,85.392,26,62
414.8,84.636,26,62
414.16,85.36,26,62
411.75,86.318,26,62
410.19,85.87,26,62
408.94,85.089,26,62
408.02,87.099,26,62
401.88,83.158,26,62
400.44,84.547,26,62
397.8,86.026,26,62
395.97,87.272,26,62
393.96,87.764,26,62
390.74,86.814,26,62
384.91,85.6,26,62
383.04,85.957,26,62
380.52,87.724,26,62
375.19,83.685,26,62
375.06,83.527,26,62
375.01,83.396,26,62
