NaN,NaN,NaN,-1
124,122,76,92
124,118,76,92
124,118,76,92
124,118,76,92
124,118,76,92
124,118,76,92
124,118,76,92
124,118,76,92
124,118,76,92
120,118,76,92
120,118,76,92
120,122,76,92
120,122,76,92
116,122,76,92
112,122,76,92
112,122,76,92
108,126,76,92
104,126,76,92
104,126,76,92
100,126,76,92
96,126,76,92
96,126,76,92
96,126,76,92
92,126,76,92
92,122,76,92
92,122,76,92
92,122,76,92
92,122,76,92
92,122,76,92
92,118,76,92
92,118,76,92
92,118,76,92
92,118,76,92
92,118,76,92
92,118,76,92
92,118,76,92
96,118,76,92
96,118,76,92
96,118,76,92
100,118,76,92
100,118,76,92
104,118,76,92
104,118,76,92
108,118,76,92
108,118,76,92
112,118,76,92
112,118,76,92
116,118,76,92
116,118,76,92
120,118,76,92
120,118,76,92
124,118,76,92
124,118,76,92
128,118,76,92
128,118,76,92
132,122,76,92
132,122,76,92
132,122,76,92
132,126,76,92
132,126,76,92
136,126,76,92
136,126,76,92
136,126,76,92
136,126,76,92
136,130,76,92
136,130,76,92
136,130,76,92
140,130,76,92
140,130,76,92
140,130,76,92
140,130,76,92
140,130,76,92
140,130,76,92
140,130,76,92
140,130,76,92
140,130,76,92
140,126,76,92
140,126,76,92
136,126,76,92
136,126,76,92
136,126,76,92
136,126,76,92
132,126,76,92
132,126,76,92
132,126,76,92
132,122,76,92
132,126,76,92
128,126,76,92
128,126,76,92
128,126,76,92
124,126,76,92
124,126,76,92
124,126,76,92
120,130,76,92
120,130,76,92
120,130,76,92
120,130,76,92
120,130,76,92
120,130,76,92
116,130,76,92
116,130,76,92
116,130,76,92
116,130,76,92
116,130,76,92
116,130,76,92
116,130,76,92
116,130,76,92
116,130,76,92
116,130,76,92
116,130,76,92
116,130,76,92
116,130,76,92
116,130,76,92
116,130,76,92
116,130,76,92
116,130,76,92
116,130,76,92
116,130,76,92
116,130,76,92
116,130,76,92
116,130,76,92
116,130,76,92
116,130,76,92
116,130,76,92
116,130,76,92
116,130,76,92
116,130,76,92
116,130,76,92
116,130,76,92
116,130,76,92
116,130,76,92
116,130,76,92
116,130,76,92
116,130,76,92
116,130,76,92
116,130,76,92
116,130,76,92
116,130,76,92
116,130,76,92
116,130,76,92
116,130,76,92
112,130,76,92
112,130,76,92
112,130,76,92
112,126,76,92
112,126,76,92
112,126,76,92
112,126,76,92
112,126,76,92
108,126,76,92
108,126,76,92
108,126,76,92
108,126,76,92
108,126,76,92
108,126,76,92
108,126,76,92
108,126,76,92
108,126,76,92
108,126,76,92
108,126,76,92
108,126,76,92
108,126,76,92
108,126,76,92
108,126,76,92
108,126,76,92
108,126,76,92
108,126,76,92
108,126,76,92
108,126,76,92
108,126,76,92
108,126,76,92
108,126,76,92
108,126,76,92
108,126,76,92
108,126,76,92
108,130,76,92
104,130,76,92
104,130,76,92
104,130,76,92
104,134,76,92
104,134,76,92
104,134,76,92
104,138,76,92
104,138,76,92
104,138,76,92
104,138,76,92
104,138,76,92
104,138,76,92
108,138,76,92
108,138,76,92
108,138,76,92
108,138,76,92
108,138,76,92
108,138,76,92
108,138,76,92
108,138,76,92
108,138,76,92
108,138,76,92
108,138,76,92
108,138,76,92
108,138,76,92
108,138,76,92
108,138,76,92
108,138,76,92
108,138,76,92
108,142,76,92
108,142,76,92
108,142,76,92
104,142,76,92
104,142,76,92
104,142,76,92
104,146,76,92
104,146,76,92
104,146,76,92
104,146,76,92
104,146,76,92
104,146,76,92
104,146,76,92
104,142,76,92
104,142,76,92
104,138,76,92
104,134,76,92
104,130,76,92
104,126,76,92
108,122,76,92
108,118,76,92
108,114,76,92
108,110,76,92
108,110,76,92
108,106,76,92
108,106,76,92
108,106,76,92
108,106,76,92
108,106,76,92
108,106,76,92
108,106,76,92
108,106,76,92
108,106,76,92
108,106,76,92
108,106,76,92
108,106,76,92
108,110,76,92
112,110,76,92
112,110,76,92
112,110,76,92
112,110,76,92
116,110,76,92
116,114,76,92
116,114,76,92
116,114,76,92
116,114,76,92
116,118,76,92
116,118,76,92
116,118,76,92
116,118,76,92
116,118,76,92
116,122,76,92
116,122,76,92
116,122,76,92
116,122,76,92
116,122,76,92
112,126,76,92
112,126,76,92
112,126,76,92
112,126,76,92
112,126,76,92
112,126,76,92
116,126,76,92
116,126,76,92
112,126,76,92
112,126,76,92
112,126,76,92
112,126,76,92
112,126,76,92
112,130,76,92
112,130,76,92
108,130,76,92
108,130,76,92
108,130,76,92
108,130,76,92
108,130,76,92
108,130,76,92
108,130,76,92
104,130,76,92
104,134,76,92
104,134,76,92
104,134,76,92
104,130,76,92
104,130,76,92
100,134,76,92
100,134,76,92
100,134,76,92
100,134,76,92
100,134,76,92
100,134,76,92
100,134,76,92
100,134,76,92
100,134,76,92
100,134,76,92
100,134,76,92
100,134,76,92
100,134,76,92
100,134,76,92
100,134,76,92
100,134,76,92
100,134,76,92
100,134,76,92
100,134,76,92
100,134,76,92
100,134,76,92
100,134,76,92
100,134,76,92
100,134,76,92
100,134,76,92
100,134,76,92
100,134,76,92
104,130,76,92
104,130,76,92
104,130,76,92
104,130,76,92
104,130,76,92
104,130,76,92
104,130,76,92
104,130,76,92
104,130,76,92
100,130,76,92
100,126,76,92
100,126,76,92
100,126,76,92
100,126,76,92
100,126,76,92
96,126,76,92
96,126,76,92
96,126,76,92
96,126,76,92
96,126,76,92
96,126,76,92
92,126,76,92
92,126,76,92
92,126,76,92
88,130,76,92
88,130,76,92
84,130,76,92
80,130,76,92
80,130,76,92
76,130,76,92
76,130,76,92
76,130,76,92
76,130,76,92
76,126,76,92
72,126,76,92
72,126,76,92
76,126,76,92
76,126,76,92
72,130,76,92
72,130,76,92
76,130,76,92
76,130,76,92
76,130,76,92
76,130,76,92
76,130,76,92
76,130,76,92
76,130,76,92
76,130,76,92
76,130,76,92
76,130,76,92
76,130,76,92
76,130,76,92
80,130,76,92
80,130,76,92
80,130,76,92
80,130,76,92
80,130,76,92
84,130,76,92
84,130,76,92
84,130,76,92
84,130,76,92
84,130,76,92
84,130,76,92
88,126,76,92
88,126,76,92
88,126,76,92
88,126,76,92
88,126,76,92
88,122,76,92
88,122,76,92
92,122,76,92
92,122,76,92
92,122,76,92
92,122,76,92
92,122,76,92
92,122,76,92
92,122,76,92
92,122,76,92
92,122,76,92
92,122,76,92
92,122,76,92
96,118,76,92
96,118,76,92
96,118,76,92
96,118,76,92
96,118,76,92
96,118,76,92
96,122,76,92
100,122,76,92
100,122,76,92
100,122,76,92
100,122,76,92
100,122,76,92
100,122,76,92
100,122,76,92
100,122,76,92
100,122,76,92
96,122,76,92
