NaN,NaN,NaN,-1
129.65,114.79,85.07,99.147
130.44,114.71,85.284,99.734
130.52,116.71,85.12,99.389
131.61,113.74,85.546,100.18
129.94,110.04,85.581,100.37
130.26,107.75,85.085,99.57
129.57,113.57,85.229,99.826
129.88,108.1,85.384,100.1
126.04,111.49,85.636,100.17
129.74,108.74,85.783,100.51
128.67,112.16,85.534,100.38
122.28,116.36,85.814,100.7
122.96,112.75,86.146,101.19
120.79,113.57,86.134,100.97
121.71,114.84,86.038,100.91
116.02,117.03,85.65,100.08
112.96,120.79,85.096,99.297
112.99,120.18,84.805,99.15
108.12,122.07,84.636,99.037
105.19,123.05,85.079,99.658
105.87,120.18,84.809,99.472
103.82,117.47,85.254,99.697
99.247,117.49,85.858,100.36
100.94,108.38,86.11,100.56
99.806,109.79,86.478,100.81
100.34,106.35,86.37,100.71
101.47,108.1,86.54,100.97
99.032,116.54,85.795,100.04
98.81,107.7,85.576,99.759
102.95,100.76,85.354,99.523
100.88,106.53,85.181,99.169
99.595,102.7,84.953,98.979
101.66,104.15,85.357,99.314
101.15,104.85,85.227,99.275
101.66,102.59,84.724,98.447
102.59,104.5,84.279,98.035
104.2,105.55,84.34,98.136
103.09,106.61,84.392,98.144
104.35,105.96,84.592,98.27
104.2,103.33,84.838,98.617
109.31,104.28,84.542,98.191
110.05,103.85,84.412,98.205
114.05,108.26,84.844,98.68
113.34,104.99,84.795,98.458
119.27,102.94,85.226,99.015
120.77,104.69,85.418,99.651
120.4,103.81,85.837,100.17
125.75,101.96,85.83,100.25
124.53,103.52,85.867,100.05
128.91,102.31,85.712,99.984
133.45,105.69,85.325,99.633
133.54,105.05,85.759,100.08
135.95,102.3,86.401,100.62
136.05,107.69,86.661,101.15
137.1,107.19,86.769,101.17
139.04,103.42,87.002,101.37
138.61,112.85,86.996,101.4
140.19,108.1,87.128,101.74
136.61,114.16,87.154,101.98
141.82,112.12,87.478,102.75
141.85,114.2,87.061,102.31
143.21,117.48,87.547,102.88
143.94,115.93,87.956,103.36
142.37,119.27,88.002,103.35
141.64,122.34,88.035,103.43
143.85,114.24,88.712,104.61
140.82,121.16,88.433,104.24
145.17,120.06,88.144,104
146.61,123.66,88.186,103.87
146.34,113.42,88.031,103.59
145.31,122.03,87.639,102.95
145.83,122.15,87.351,102.67
145.93,124.24,87.603,102.83
145.81,120.62,87.863,103.31
146.21,117.34,88.131,103.41
146.25,115.35,87.741,102.84
144.39,121.53,87.874,103.07
143.59,119.84,87.32,102.42
143.27,121.01,86.939,101.88
142.32,120.36,86.315,101.36
141.8,118.87,86.834,102.15
139.73,111.97,86.675,102.12
140.31,113.69,86.742,102.01
139.57,115.33,86.407,101.55
135.56,107.62,86.14,101.57
136.56,107.58,86.382,101.92
137.47,111.12,86.617,102.37
135.45,112.84,86.69,102.8
135.49,108.7,86.679,102.88
134.47,115.3,87.029,103.1
130.67,113.25,86.639,102.9
129.07,112.29,86.678,103.19
128.14,110.38,86.918,103.23
126.16,108.8,86.883,103.35
125.55,106.2,86.804,103.42
126.75,111.81,86.689,103.33
122.63,107.68,86.663,103.44
121.25,110.9,87.013,103.51
121.56,106.98,87.593,104.08
120.86,110.76,87.871,104.68
121.84,111.35,87.707,104.35
122.6,110.58,87.835,104.63
122.4,107.64,87.949,104.87
120.18,107.59,88.035,104.98
123.42,110.34,87.946,104.85
120.47,110.52,87.93,104.81
117.54,110.26,88.506,105.52
119.32,112.24,88.405,105.35
120.36,114.57,88.666,105.84
119.34,111.35,88.46,105.76
115.93,110.79,88.052,105.71
122.99,109.92,88.04,105.8
119.21,107.69,88.171,106.2
121.3,109.87,87.975,105.69
118.01,111.56,88.294,106.1
117.6,113.01,87.779,105.7
118.26,113.29,87.493,104.93
121.58,112.37,87.598,104.64
122.61,111.7,87.454,104.37
118.44,110.36,87.522,104.12
118.41,116.92,87.181,103.71
117.98,113.97,87.348,103.87
120.79,117.53,87.034,103.63
120.08,117.67,87.314,103.85
117.02,113.96,86.607,103.25
122.3,110.26,86.781,103.37
121.81,108.95,86.769,103.35
117.59,109.28,87.071,103.58
122.83,114.91,86.781,103.01
122.06,112.73,87.063,103.4
118.59,118.04,86.943,103.41
120.07,115.7,86.891,103.27
115.45,111.76,86.868,103.24
119.05,117.02,87.454,103.72
119.06,113.79,88.277,104.57
116.48,116.87,88.24,104.45
112.81,106.23,88.179,104.61
115.18,115.11,88.51,104.73
114.07,114.04,88.33,104.59
114.22,119.03,88.915,105.21
114.14,114.61,88.553,104.84
114.13,106.88,88.843,105.28
113.26,108.97,89.135,105.63
112.79,112.59,89.537,106.31
111.92,104.12,89.359,106.15
113.43,105.68,89.612,106.28
112.59,105.09,89.572,106.2
112.4,105.32,89.785,106.38
114.79,104.97,89.975,106.72
109.65,105.9,89.9,106.59
113.19,104.64,89.848,106.51
107.65,107.35,89.373,105.77
110.06,104.06,88.929,105.18
108.49,105.51,89.164,105.15
108.49,106.35,88.761,104.75
111.65,106.29,88.838,104.97
109.96,102.22,88.925,104.98
109.24,101.66,89.021,104.91
109.94,101.76,88.745,104.24
110.78,103.18,88.846,104.16
110.14,104.36,88.8,103.94
108.51,106.56,88.557,103.65
112.23,103.85,88.632,103.85
108.1,106.12,88.462,103.46
110.84,100.89,88.694,104.06
108.07,105.59,88.588,103.7
108.98,105.65,88.416,103.72
111.04,105.13,88.312,103.58
109.55,106.65,88.555,103.51
111.42,104.86,88.668,103.65
107.21,108.14,88.371,103.36
139.14,178.47,88.035,103.03
139.27,172.5,88.04,103.06
138.93,169.24,88.221,103.39
137.96,159.14,88.161,103.48
138.38,157.14,87.804,103.06
104.34,113.19,88.2,103.33
108.62,114.62,88.565,103.94
108.62,116.1,88.69,104.34
108.67,116.06,89.579,105.37
105.23,115.83,89.483,105.31
106.41,116.9,89.284,105.08
105.77,118.06,89.58,105.3
109.47,115.58,89.172,104.96
107.62,118.46,89.377,105.02
105.76,119.09,89.855,105.52
104.66,120.05,89.765,105.68
104.46,120.47,90.442,106.14
108.69,119.71,90.385,105.95
104.62,121.09,90.682,106.4
109.18,117.16,90.84,106.76
102.54,120.75,91.23,106.91
104.24,122.01,91.288,107.26
106.77,119.37,91.108,107.39
103.39,120.02,91.018,107.3
106.79,117.58,91.098,107.63
105.11,120.83,91.687,107.99
108.19,119.37,91.388,107.36
107.3,117.84,91.551,107.42
106.86,117.49,91.372,106.96
105.02,120.05,91.257,107.1
104.51,119.75,91.389,107.1
105.16,120.13,91.635,107.15
102.34,119.12,91.529,107.14
105.8,117.87,91.944,107.94
107.24,123.22,92.4,108.6
107.12,116.64,92.053,108.45
105.93,118.07,92.338,108.63
102.6,121.15,92.062,107.85
106.09,123.79,92.386,108.28
102.18,127.98,92.264,108.01
105.55,122.53,92.741,108.39
103.53,128.9,92.916,108.75
107.16,126.34,93.246,108.95
106.58,124.38,93.294,109.23
106.84,127.26,93.224,108.8
106.44,125.26,93.152,108.47
101.94,130.66,93.49,109.41
102.38,124.76,93.14,109.04
104.11,123.32,92.863,108.85
101.16,116.53,92.905,109.03
103.47,113.3,93.422,109.44
106.23,111.31,93.893,110.11
106.93,104.95,93.378,109.62
106.52,108.06,92.807,108.9
107.13,102.33,92.753,108.65
101.27,94.616,93.207,108.98
103.43,91.474,93.603,109.2
103.41,91.199,93.974,109.7
100.58,86.546,94.217,109.87
109.14,84.664,94.724,110.49
103.95,80.202,94.966,111.01
102.87,86.55,94.724,110.59
107.25,80.949,93.795,109.26
105.47,80.404,93.714,108.98
105.96,84.828,93.579,108.78
102.64,87.964,93.34,108.58
105.28,84.462,93.547,108.79
106.69,84.324,93.254,108.74
104.31,87.238,93.523,108.94
104.99,87.755,93.441,108.69
106.43,86.842,93.601,108.5
107.16,87.537,93.543,108.44
107.86,90.182,93.304,108.18
107.41,92.264,93.126,108.18
109.13,93.29,93.249,107.97
109.26,87.956,93.429,108.02
110.38,91.192,93.46,108.56
111.52,94.379,93.852,109.3
111.34,95.393,93.752,109.25
110.86,89.662,93.861,109.5
109.07,95.168,93.096,108.8
110.6,97.584,92.96,108.49
113.74,100.46,92.697,108.16
109.49,96.125,92.827,108.47
113.41,97.944,92.599,108.13
112.4,96.215,91.935,107.22
109.67,97.124,91.431,106.57
109.56,99.702,91.517,106.89
107.73,102.14,91.112,106.52
111,106.71,91.402,106.9
111.66,107.97,91.98,107.61
112.65,102.41,92.135,107.65
110.41,109.29,91.98,107.6
110.38,108.98,91.947,107.44
112.02,103.72,91.075,106.54
111.65,106.78,90.979,106.1
111.46,107.3,90.983,106.24
110.89,107.65,90.832,106.01
112.55,106.38,91.292,106.74
109.13,102.91,92.001,107.75
109.13,110.27,92.003,107.57
109.5,109.33,91.642,107.31
109.65,106.23,91.12,106.59
111.42,104.35,90.99,106.5
108.9,108.18,91.079,106.49
107.23,112.56,91.875,107.35
103.09,107.68,91.774,107.15
106.64,106.93,92.046,107.56
102.8,107.82,92.495,108.22
103.94,104.46,92.658,108.21
105.78,107.02,92.753,108.38
103.93,111.08,92.651,108.37
103.82,105.62,92.452,108.12
103.69,110.92,91.726,107.35
102.81,108.37,91.789,107.57
100.36,107.71,92.084,108.2
101.33,111.81,92.43,108.89
100.52,109.06,92.6,109.05
101.66,108.92,92.71,109.54
102.67,113.27,93.181,110.14
98.26,112.2,92.625,109.4
98.695,109.36,92.242,108.64
99.163,112.32,92.351,108.69
100.2,110.22,92.163,108.83
97.003,114.4,92.481,109.39
99.972,108.43,92.492,109.3
96.458,112.01,92.363,108.83
96.961,109.32,91.947,108.41
97.865,111.38,92.036,108.59
96.619,114.98,92.116,108.83
96.854,112.94,92.139,108.97
95.28,113.01,92.967,110.25
95.215,114.33,93.288,110.4
96.669,116.02,93.164,110.42
97.819,109.5,93.549,110.81
93.988,111.47,93.642,110.52
97.393,111.5,93.547,110.51
97.158,108.72,93.311,110.27
96.816,109.38,93.635,110.75
99.298,109.91,93.906,111.08
94.162,109.46,93.875,111.18
97.326,112.55,94.438,111.72
98.669,110.01,94.016,111.09
97.645,110.11,93.786,110.91
93.939,113.19,93.869,110.95
98.156,110.49,94.428,111.56
97.291,114.3,94.682,111.78
99.944,111.65,94.855,111.89
95.236,107.49,94.273,111.15
97.141,109.75,94.724,111.77
98.656,106.41,95.484,112.58
97.471,103.36,95.647,112.58
98.24,104.11,95.36,112.21
96.588,104.44,95.811,112.87
92.542,104,95.853,112.88
93.025,103.09,95.906,113.21
93.431,104.95,95.335,112.15
90.878,103.97,95.256,111.93
91.377,105.39,95.876,112.96
91.37,109.26,96.055,112.97
90.024,107.01,96.426,112.84
90.087,102.24,96.184,112.23
89.897,109.57,95.804,111.82
89.588,101.34,95.53,111.59
87.165,104.2,95.431,111.46
84.028,105.03,94.994,111.18
89.399,103.39,95.451,111.92
86.284,104.87,95.814,112.68
80.156,108.05,95.01,111.66
83.517,106.37,95.365,112.07
82.779,103.26,95.411,112.03
79.615,106.36,95.219,111.36
76.276,104.13,95.125,110.94
74.753,110.2,94.964,110.82
70.49,108.83,95.119,110.95
71.295,106.68,94.914,110.99
73.105,97.136,95.169,111.33
70.887,103.58,95.65,111.84
68.111,99.604,95.642,111.54
71.316,93.51,96.202,112.29
71.899,100.63,96.305,112.21
67.633,103.54,95.932,111.82
69.195,105.81,95.73,111.69
69.96,102.12,95.443,111.58
71.168,103.17,94.84,110.98
76.222,103.45,94.986,110.92
72.864,101.44,95.153,111.12
70.183,101.87,95.836,112.13
71.576,100.85,95.565,111.53
69.747,100.98,95.174,111.14
66.656,101.86,95.091,110.88
72.346,104.25,94.939,110.35
72.918,102.84,94.49,109.53
76.538,100.95,94.324,109.3
75.781,103.16,93.776,108.42
75.659,102.66,93.806,108.39
75.271,100.67,93.834,108.58
75.643,100.39,94.087,108.84
77.977,100.38,93.829,108.24
78.271,102.65,93.655,107.77
79.72,101.22,93.919,107.9
83.13,105.31,93.815,107.86
80.268,101.85,93.514,107
81.789,99.217,93.361,107.01
84.253,103.23,94.135,108.11
84.072,102.9,94.114,108.43
80.677,102.05,93.383,107.42
84.276,103.83,93.534,107.64
85.209,98.813,93.682,107.83
84.921,101.76,93.641,107.74
90.01,99.34,93.476,107.73
90.612,93.708,93.465,107.58
87.571,92.622,93.958,108.27
86.793,92.065,94.145,108.54
88.954,92.343,93.327,107.65
92.702,96.586,93.424,107.47
92.774,97.193,93.675,108.13
93.059,97.875,93.572,108.07
89.778,89.786,94.289,108.78
89.751,97.382,93.697,108.15
88.967,90.082,93.723,108.27
95.122,96.76,93.388,107.63
92.947,97.758,94.006,108.16
91.256,93.033,94.046,108.24
89.944,91.949,93.963,108.35
94.083,92.823,93.954,108.21
91.933,89.357,93.541,107.46
84.184,94.064,93.821,107.79
92.905,93.608,94.11,107.98
95.599,87.514,93.816,107.29
95.613,89.598,94.148,107.94
92.296,93.985,94.113,107.92
97.198,93.742,94.077,108.06
100.04,91.378,93.965,108.01
98.276,90.985,94.288,108.17
98.619,94.815,94.287,108.47
95.279,94.327,94.378,108.72
98.041,89.792,94.168,108.52
97.275,91.142,94.578,109.13
97.344,92.062,94.195,108.44
96.5,90.953,94.233,108.77
95.075,95.791,94.897,109.7
98.091,93.613,95.265,110.21
