NaN,NaN,NaN,-1
131.1,112.49,84.869,98.407
129.69,113.79,85.216,98.807
130.08,114.52,85.26,98.761
128.56,113.05,85.184,98.678
129.5,111.26,85.123,98.575
129.47,112.1,85.021,98.389
129.25,109.53,85.512,99.339
129.91,109.9,86.043,100.16
128.28,113.88,86.075,100.06
128.38,111.08,85.963,99.821
125.49,111.12,85.371,99.028
126.64,115.76,85.247,99.029
125.15,117.08,85.481,99.24
122.71,117.32,85.511,99.585
120.77,113.31,85.52,99.699
119.05,116.93,84.931,98.823
113.03,119.49,84.807,98.511
110.02,119.09,84.447,98.038
107.7,119.25,83.612,97.039
106.54,120.98,83.9,97.48
106.88,117.2,83.551,97.188
101.02,117.65,83.264,96.737
101.71,117.96,83.025,96.168
99.447,116.34,82.479,95.531
99.243,108.88,82.52,95.734
103.68,110.57,82.535,95.505
100.49,118.79,83.01,96.022
104.06,108.1,82.745,96.028
104.85,109.51,83.054,96.161
99.689,108.16,83.176,96.491
102.62,105.07,83.133,96.014
99.618,104.52,83.309,96.426
103.93,104.33,83.208,96.495
106,105.39,83.522,96.735
99.177,103.33,83.289,96.455
101.91,101.09,83.47,96.564
102.71,106.19,83.34,96.533
103.08,106.86,83.072,95.995
107.68,103.73,83.393,96.396
105.01,104.06,83.758,96.902
111.59,103.93,83.855,97.122
110.13,105.62,83.912,97.072
113.08,101.17,83.372,96.402
114.63,101.23,83.7,96.592
121.13,104.04,84.225,97.247
121.6,101.97,84.839,98.016
122.4,104.5,85.011,97.976
124.86,103.85,84.532,97.618
127.74,102.66,84.694,97.821
128.7,102.34,84.676,97.931
131.23,101.64,85.053,98.648
131.6,104.8,85.012,98.772
136.01,107.21,84.81,98.426
134.96,107.14,84.833,98.692
137.92,104.85,85.214,99.29
138.99,109.18,85.058,99.203
141.35,107.43,84.704,98.721
142.78,113.43,84.632,98.635
139.27,111.12,83.972,97.762
141.1,113.43,83.408,96.971
142.64,114.05,83.629,97.496
144.63,114.56,84.132,98.308
141.01,121.37,83.894,98.316
144.31,120.44,84.091,98.667
141.43,121.67,83.985,98.878
144.82,118.03,83.87,99.083
146.08,123.92,83.746,98.947
147.17,117.05,84.28,99.838
146.99,121.14,84.324,100.03
148.99,115.53,84.476,100.11
147.8,117.68,83.977,99.674
149.28,115.01,84.135,99.353
147.76,114.59,84.077,99.055
149.15,115.57,84.316,99.679
148.37,115.3,84.103,99.562
147.46,118.68,83.383,98.932
146.82,111.81,84.112,99.834
146.39,113.98,83.747,99.409
148.29,113.38,84.101,99.871
141.77,116.08,83.997,99.845
143.87,114.02,83.281,99.302
141.64,110.34,82.944,98.87
140.17,114.36,82.795,98.672
144.3,111.88,82.273,98.008
131.19,116.4,82.316,97.982
134.3,107.32,82.539,98.314
166.02,100.93,82.577,98.327
163.13,97.249,82.757,98.584
160.34,101.6,82.854,98.832
162,102.63,83.277,99.363
159.58,101.26,83.338,99.32
156.45,97.628,82.897,98.627
157.4,106.84,82.63,98.267
154.7,104.41,82.754,98.144
154.67,106.48,82.485,97.819
154.54,104.51,82.262,97.662
151.38,102.38,82.017,97.44
151.63,104.91,82.384,97.625
150.55,100.43,82.241,97.722
150.32,102.93,82.776,98.406
151.24,100.39,83.008,98.792
148.03,106.24,82.986,98.806
147.03,103.55,83.386,99.433
150.3,105.91,83.487,99.68
148.27,98.886,83.23,99.596
146.55,101.74,83.443,99.624
150.6,105.33,83.245,98.994
150.59,104.71,83.084,98.631
146.51,105.14,83.495,99.127
144.91,103.4,83.637,98.976
150.86,104.07,83.684,99.071
145.03,105.82,84.218,99.702
145,109.52,84.221,99.737
149.56,107.54,84.656,100.16
149.59,107.21,84.598,100.03
145.28,109.74,84.582,99.785
148.27,102.78,84.81,99.867
145.27,101.52,84.994,99.939
148.19,102.45,84.699,99.548
149.37,108.09,84.42,98.95
148.64,101.65,84.473,99.076
148.56,112.89,84.223,98.922
147.27,112.28,84.526,99.366
144.78,101.02,84.761,99.767
146.2,100.15,84.717,99.698
144.9,101.9,84.523,99.397
148.78,111.11,84.522,99.497
149.67,107.28,84.453,99.151
149.54,110.96,84.22,98.8
147.31,100.38,84.432,99.051
147.05,110.97,84.374,98.969
145.4,99.715,84.756,99.333
148.41,108.13,84.969,99.939
149.23,104.47,85.329,100.45
148.06,104.11,85.056,100.09
145.22,105.88,85.398,100.49
148.68,104.13,85.204,100.23
146.41,103.84,84.916,99.961
149.05,104.38,84.713,99.982
147.62,102.43,84.651,100.06
144.27,101.25,84.583,99.98
146.12,104.47,84.45,99.839
145.78,102.27,83.568,98.779
148.18,100.49,83.373,98.552
146.54,99.903,83.809,99.049
143.91,98.549,83.69,98.912
144.17,102.24,83.735,98.818
143.93,98.631,83.418,98.382
142.91,99.563,83.042,97.966
143.81,100.18,84.012,99.198
141.52,97.77,83.834,98.796
143.46,93.367,83.649,98.352
142.54,98.838,83.83,98.589
145.14,99.566,83.983,98.966
141.74,94.641,84.209,99.296
141.89,96.816,84.171,99.305
142.48,98.96,84.04,98.853
140.58,101.02,84.57,99.61
139.89,95.324,84.43,99.447
141.55,104.3,84.502,99.579
140.11,94.899,84.784,99.729
139.8,96.036,84.339,99.146
141.91,97.645,84.418,99.049
142.1,101.76,84.111,98.757
139.08,94.996,84.479,99.309
140.91,100.38,84.556,99.329
142.15,101.21,84.539,99.12
140.87,99.51,84.591,98.946
141.44,100.54,84.795,99.208
141.07,95.763,84.919,99.745
140.51,97.132,85.023,99.748
142.69,105.34,85.003,99.64
114.92,140.25,85.184,100.19
114.22,133.91,85.306,100.32
108.29,151.96,85.19,100.14
112.03,126.76,85.367,100.23
109.34,115.18,85.477,100.16
108.92,115.79,85.081,99.726
110.33,115.16,84.565,99.128
107.83,117.74,84.692,99.285
110.45,119.59,84.859,99.305
112.39,117.74,84.483,98.845
111.82,126.71,84.395,99.03
111.06,122.29,84.5,99.182
111.04,122.5,84.292,99.071
110.87,123.47,84.395,99.254
111.51,120.46,84.444,99.16
110.25,118.61,84.718,99.349
109.45,117.9,84.786,99.22
111.39,124.07,84.348,98.728
111.55,120.27,84.525,99.231
109.38,127.06,84.333,99.313
112.02,122.06,84.631,100
111.09,120.85,84.785,100.35
109.84,122.66,84.81,100.15
109.35,124.3,84.343,99.808
112.04,122.49,84.722,100.25
110.43,121.43,84.713,99.928
112.9,124.02,84.374,99.611
110.02,122.48,84.225,99.565
111.72,124.2,84.352,99.387
109.99,123.3,84.14,98.741
110.31,129.05,84.49,98.936
110.15,127.77,84.265,98.725
111.62,129.93,84.161,98.544
110.75,122.16,82.995,97.055
110.65,129.07,83.131,97.16
108.98,130.88,82.904,96.846
110.24,132.83,82.837,96.484
108.29,133.08,83.703,97.403
110.9,135.29,83.786,97.621
110.91,136.78,83.823,97.525
111.13,137.98,83.933,97.884
112.11,131.17,84.243,98.044
113.07,131.35,84.044,97.704
111.84,140.11,84.426,98.149
110.71,136.66,84.179,97.833
110.37,132.61,83.854,97.029
112.38,133.91,84.063,97.323
109.09,139.71,84.249,97.671
108.15,126.75,83.886,96.936
111.15,127.79,84.007,97.303
110.74,113.9,83.711,96.82
112.04,108.46,83.579,96.592
113,108.01,84.077,97.262
113.17,115.29,84.017,97.112
113.69,109.53,83.98,97.196
113.4,108.08,83.606,96.611
112.97,108.18,83.684,96.906
111.91,103.23,83.991,97.587
111.84,100.71,84.169,97.582
112.78,98.716,84.049,97.396
111.97,100.28,83.944,97.431
112.91,102.38,83.918,97.449
111.03,97.903,83.607,97.186
114.09,100.6,84.058,97.677
111.59,101.69,84.252,97.846
111.17,102.35,83.929,97.242
112.33,104.2,83.413,96.632
112.78,103.25,83.655,96.664
113,102.56,83.16,96.149
116.92,104.6,82.778,95.779
115.55,104.04,82.471,95.493
118.79,104.4,82.32,95.31
115.46,107.19,82.731,95.767
118.01,107.66,82.485,95.501
119.06,106.13,82.258,95.014
119.8,109.62,82.157,94.786
119.27,109.35,82.283,94.859
121.23,110.12,82.355,95.105
121.4,109.45,81.929,94.788
119.2,111.5,82.25,95.027
121.26,110.93,82.492,95.53
121.09,112.52,82.53,95.551
118.76,116.52,82.468,95.386
120.52,113.96,82.741,95.664
118.74,114.27,82.806,95.51
117.75,117.63,82.895,95.404
117.6,117.03,82.839,95.107
120.38,122.41,83.175,95.436
120.04,114.79,83.328,95.844
116.98,121.61,83.021,95.463
116.06,122.9,83.143,95.5
118.73,123.88,83.101,95.612
115.57,119.87,83.02,95.534
118.28,118.66,83.105,95.523
120.78,120.29,82.949,95.367
120.46,123.64,83.122,95.703
118.87,119.96,83.422,96.167
117.78,123.93,83.41,96.16
120.99,123.69,83.607,96.626
116.54,121.34,82.908,95.697
117.33,117.01,82.601,95.297
117.41,119.31,82.14,94.688
117.66,117.85,82.391,95.105
115.76,123.93,82.406,94.871
116.68,122.16,81.956,94.447
111.96,119.31,81.563,94.06
112.31,121.56,81.445,93.842
115.17,116.25,81.501,93.937
111.18,124.2,81.987,94.725
110.22,122.51,81.995,94.527
112.45,121.35,82.096,94.57
109.52,124.57,82.3,94.781
113.6,118.22,82.14,94.852
109.09,119.41,82.448,95.296
107.84,123,82.786,95.687
110.81,124.39,83.214,96.247
108.51,121.25,82.943,95.809
107.84,122.87,82.952,95.765
110.21,118.57,83.203,95.868
107.39,126.62,83.224,95.697
104.78,122.36,83.371,95.802
109.58,122.5,82.914,95.304
106.49,124.56,82.853,95.108
106.4,124.4,82.842,95.25
107.21,127.16,82.616,95.125
106.73,123.28,82.387,95.118
106.59,123.83,82.78,95.735
106.99,123.34,82.235,95.153
109.08,120.99,81.873,94.446
107.29,125.47,82.023,94.358
106.42,125.92,82.205,94.777
105.1,124.26,82.711,95.439
105.34,122.43,82.422,94.896
103.77,124.87,81.783,94.158
105.99,126.23,81.827,94.036
104.58,124.71,81.079,93.539
106.41,122.57,81.804,94.342
108.01,120.35,81.602,94.163
104.75,123.1,82.104,94.525
107.57,126.99,82.428,95.334
107.75,120.74,82.667,95.822
107.77,123.84,83.092,96.123
109.61,121.56,82.918,95.993
103.35,123,83.106,96.435
108.39,118.21,82.566,95.653
108.78,119.76,82.506,95.29
107.16,124.18,82.934,95.771
108.37,119.13,82.886,95.516
106.51,124.27,83.085,95.323
106.37,127.25,83.191,95.599
108.24,123.52,82.721,95.391
107.93,120.62,83.169,96.149
107.66,118.02,83.156,96.243
106.02,117.94,83.216,95.979
105.08,121.33,83.66,96.478
104.77,117.26,83.718,96.152
104.95,117.72,83.831,96.64
102.95,117.88,83.684,96.202
100.09,117.77,83.774,96.374
102.94,123.33,83.706,96.101
98.516,116.24,84.098,96.415
101.18,116.74,84.288,96.867
100.64,118.06,84.555,96.933
99.344,119.84,84.591,96.567
96.754,116.49,84.465,96.159
95.013,119.1,84.826,96.342
96.51,115.57,84.896,96.25
94.817,117.79,85.156,96.286
93.895,122.01,85.276,96.303
89.432,120.25,84.854,95.881
86.554,121.52,84.625,95.715
85.391,121.51,84.377,95.381
82.224,124.08,84.021,95.112
81.647,118.66,83.688,94.838
80.324,117.72,83.242,94.292
84.462,117.26,83.263,94.269
86.435,116.72,83.58,94.798
86.968,118.09,83.4,94.677
81.969,117.26,83.609,94.774
72.836,123.83,83.669,95.151
73.792,117.17,83.608,95.237
75.137,117.62,84.249,95.996
77.206,111.78,84.394,96.322
74.766,119.21,84.293,96.16
76.294,120.87,84.034,95.81
83.665,114.17,83.369,95.101
79.155,119.56,83.45,95.51
77.189,116.52,83.784,95.918
79.12,117.63,83.897,96.303
80.801,115.06,83.525,95.75
80.92,117.02,83.82,96.07
79.321,115.75,84.052,96.224
80.04,114.02,84.423,96.647
77.795,117.43,84.608,96.885
82.478,117.85,85.125,97.503
83.344,118.41,85.033,97.386
82.396,113.39,84.759,97.02
86.842,115.8,84.622,96.89
87.184,119.8,84.147,96.32
89.047,118.49,84.448,96.543
88.135,115.48,84.212,96.356
88.711,118.93,84.828,96.982
87.392,116.67,84.419,96.279
91.01,118.9,84.082,95.992
90.771,116.02,84.696,96.549
90.66,117.38,84.775,96.796
92.31,111.57,84.999,96.917
95.466,113.96,85.282,97.287
93.132,111.35,85.28,97.225
93.878,111.54,85.4,97.537
94.961,114.49,86.02,98.077
94.801,111.67,85.524,97.734
96.545,106.74,85.458,97.677
93.968,110.56,85.462,97.681
95.909,111.51,85.44,97.755
94.649,111.57,85.345,97.637
95.786,106.1,85.224,97.276
95.502,112.7,85.215,97.745
95.728,104.98,84.705,97.313
99.931,111.51,84.99,97.818
94.466,108.22,85.527,98.794
99.007,110.5,85.358,98.659
96.287,111.63,85.452,98.833
93.032,110.23,85.441,98.852
98.08,108.3,85.006,98.503
95.051,106.39,85.472,99.082
96.119,105.46,85.972,99.397
96.873,107.46,85.987,99.284
95.769,107.32,85.806,99.081
99.412,109.89,86.08,99.763
96.933,107.09,86.128,99.68
101.47,109.31,86.399,99.966
100.56,105.61,86.9,100.55
101.06,104.4,86.739,100.53
100.8,110.58,86.734,100.39
99.43,104.1,87.321,101.24
99.472,110.37,87.26,101.34
97.875,109.22,87.287,101.38
99.885,110.12,87.529,101.56
98.648,106.96,87.951,102.28
98.216,107.25,87.992,102.49
96.582,112.49,88.29,102.73
