NaN,NaN,NaN,-1
144.08,60.167,83.917,104.5
140.92,61.75,83.917,106.08
137.75,69.667,83.917,102.92
134.58,66.5,83.917,102.92
131.42,63.333,82.333,104.5
128.25,61.75,80.75,102.92
126.67,57,83.917,102.92
126.67,57,80.75,99.75
129.83,66.5,68.083,88.667
123.5,60.167,76,96.583
118.75,61.75,72.833,95
112.42,61.75,68.083,96.583
106.08,63.333,72.833,99.75
96.583,69.667,74.417,88.667
98.167,72.833,69.667,85.5
99.75,77.583,66.5,76
98.167,74.417,68.083,77.583
106.08,85.5,61.75,72.833
110.83,91.833,58.583,72.833
114,95,52.25,66.5
117.17,99.75,47.5,63.333
117.17,101.33,47.5,63.333
118.75,102.92,47.5,58.583
117.17,102.92,52.25,61.75
120.33,104.5,49.083,61.75
118.75,101.33,52.25,68.083
125.08,99.75,47.5,66.5
125.08,93.417,53.833,72.833
128.25,83.917,60.167,80.75
128.25,66.5,68.083,93.417
134.58,69.667,61.75,87.083
139.33,74.417,63.333,83.917
144.08,79.167,60.167,79.167
144.08,69.667,63.333,88.667
140.92,57,72.833,98.167
139.33,57,72.833,102.92
136.17,55.417,76,102.92
137.75,60.167,69.667,96.583
139.33,72.833,66.5,85.5
136.17,68.083,63.333,87.083
131.42,69.667,60.167,82.333
123.5,68.083,64.917,88.667
120.33,82.333,60.167,80.75
112.42,79.167,64.917,88.667
107.67,82.333,68.083,85.5
112.42,85.5,64.917,85.5
114,95,66.5,83.917
114,98.167,66.5,91.833
117.17,102.92,60.167,83.917
118.75,95,61.75,88.667
118.75,88.667,61.75,88.667
123.5,74.417,63.333,91.833
121.92,60.167,63.333,91.833
120.33,63.333,64.917,95
128.25,77.583,61.75,88.667
137.75,88.667,57,83.917
126.67,96.583,63.333,85.5
126.67,95,69.667,90.25
133,93.417,66.5,96.583
145.67,91.833,57,91.833
150.42,85.5,55.417,91.833
163.08,71.25,63.333,85.5
161.5,71.25,61.75,79.167
161.5,71.25,71.25,83.917
158.33,77.583,71.25,88.667
156.75,85.5,64.917,80.75
158.33,83.917,58.583,77.583
152,93.417,66.5,76
148.83,96.583,57,80.75
145.67,95,57,85.5
145.67,90.25,55.417,87.083
148.83,85.5,53.833,90.25
153.58,83.917,49.083,95
152,93.417,52.25,91.833
150.42,101.33,52.25,88.667
150.4,102.92,52.266,88.667
148.83,98.167,52.25,91.616
145.67,96.583,53.833,93.417
144.08,99.75,55.417,93.417
142.5,98.167,57,96.583
140.92,96.583,57,91.833
136.17,93.417,58.583,90.25
133,90.25,61.75,90.25
134.58,87.083,58.583,93.417
133,95,57,90.25
131.42,98.167,58.583,91.833
133,102.92,58.583,90.25
133,104.5,58.583,91.833
136.16,102.92,57.004,102.92
142.5,104.5,57,101.33
142.5,98.167,60.167,102.92
144.08,87.083,60.167,106.08
150.42,80.75,61.75,107.67
156.75,77.583,58.583,104.5
158.33,76,60.167,107.67
159.92,77.583,60.167,107.67
161.5,80.75,60.167,106.08
163.08,82.333,60.167,102.98
164.67,83.917,58.583,98.167
164.67,83.917,58.583,98.167
166.25,83.917,55.417,96.583
164.67,83.917,57,99.75
163.08,82.333,61.75,101.33
161.5,79.167,60.167,99.652
159.92,71.25,58.583,104.5
161.5,74.417,58.583,102.92
155.17,80.75,60.167,99.75
150.42,80.75,63.333,101.33
147.25,82.333,61.75,99.75
144.08,83.917,63.333,101.33
137.75,85.5,66.5,102.92
133,83.917,64.917,104.5
134.58,79.167,61.75,104.5
136.17,74.417,63.333,106.08
139.33,74.417,61.75,106.08
137.75,74.417,63.333,106.08
137.75,74.417,64.917,106.08
134.58,76,66.5,106.08
137.75,77.583,61.75,106.08
143.29,82.333,59.373,104.5
145.67,82.333,57,107.67
147.25,79.167,60.167,109.25
148.83,76,61.75,109.25
150.42,74.417,64.917,109.25
150.42,72.833,68.083,109.25
152,69.667,69.667,109.25
156.75,68.083,71.25,110.83
159.92,68.083,72.833,112.42
159.92,68.083,74.417,112.42
159.92,68.083,77.583,114
161.5,69.667,77.583,114
163.08,69.667,76,112.42
163.08,69.667,76,112.42
161.5,69.667,74.417,110.83
158.33,66.5,74.417,112.42
156.75,64.917,76,110.83
158.33,61.75,77.583,110.83
158.33,60.167,77.583,109.25
155.17,61.75,79.167,106.08
152,61.75,82.333,106.08
147.25,63.333,82.333,102.92
145.67,63.333,82.333,104.5
144.08,66.5,82.333,106.08
140.92,69.667,80.75,102.92
137.75,69.667,80.75,96.583
137.75,68.083,79.167,95
137.75,64.917,71.25,95
136.17,60.167,71.25,96.583
136.17,60.167,68.083,93.417
134.58,58.583,68.083,93.417
134.58,57,64.917,96.583
135.41,58.583,65.674,99.75
137.75,61.75,63.333,101.33
139.33,64.917,61.75,102.92
139.33,61.75,63.333,114
137.75,63.333,66.5,114
137.75,61.75,69.667,117.17
139.33,58.583,72.833,120.33
139.33,55.417,74.417,115.58
136.17,52.25,79.167,117.17
136.17,47.5,82.333,118.75
136.17,44.333,82.333,120.33
137.75,44.333,80.75,118.75
137.75,44.333,79.167,121.92
137.75,44.333,76,121.92
137.75,45.917,72.833,126.67
139.33,50.667,71.25,125.08
134.58,53.833,74.417,125.08
134.58,57,71.25,125.08
136.17,58.583,69.667,125.08
136.17,58.583,69.667,121.92
136.17,53.833,69.667,120.33
137.75,49.083,68.083,121.92
137.75,45.917,69.667,121.92
137.75,44.333,64.917,120.33
137.75,42.75,63.333,118.75
136.17,42.75,63.333,117.17
137.75,45.917,63.333,115.58
139.33,49.083,63.333,114
140.92,50.667,63.333,115.58
140.92,53.833,61.75,110.83
139.33,57,63.333,112.42
134.58,58.583,61.75,110.83
131.42,60.167,61.75,109.25
120.33,61.75,69.667,107.67
117.17,58.583,71.25,110.83
115.58,58.583,71.25,107.67
114,57,69.667,106.08
110.83,55.417,71.25,102.92
107.67,55.417,72.833,104.5
107.67,57,72.833,104.5
107.67,57,72.833,104.5
107.67,57,76,102.92
107.67,55.417,77.583,102.92
109.25,50.667,82.333,102.92
109.25,47.5,88.667,98.302
106.08,42.75,91.833,99.75
102.92,38,95,96.583
134.58,38,69.667,99.75
140.92,41.167,69.667,99.75
144.08,45.917,69.667,99.75
148.83,47.5,69.667,101.33
152,50.667,71.25,101.33
155.17,50.667,71.25,101.33
156.75,50.667,71.25,101.33
158.33,52.25,71.25,99.75
159.92,55.417,71.25,101.33
163.08,58.583,68.083,101.33
163.08,60.167,69.667,102.92
164.67,60.167,69.667,110.83
166.25,61.75,69.667,109.25
166.25,61.75,68.083,110.83
158.33,61.75,72.833,112.42
152,58.583,74.417,115.58
152,58.583,74.417,117.17
147.25,57,74.417,121.92
142.5,58.583,74.417,120.33
134.58,57,80.75,125.08
134.58,55.417,79.167,117.17
131.42,52.25,82.333,121.92
131.42,52.25,80.75,96.583
131.42,53.833,82.333,98.167
133,57,83.917,101.33
134.58,58.583,85.5,102.92
137.75,61.75,85.5,101.33
142.5,61.75,83.917,102.92
148.83,63.333,83.917,101.33
153.58,63.333,83.917,102.92
156.75,63.333,85.5,102.92
159.92,63.333,85.5,101.33
159.92,63.333,88.667,98.167
159.92,61.75,90.25,99.75
163.08,61.75,91.833,99.75
163.08,64.917,88.667,98.167
163.08,68.083,87.083,96.583
163.08,69.667,85.5,98.167
161.5,72.833,85.5,99.75
153.58,72.833,90.25,99.75
147.25,74.417,96.583,99.75
140.92,74.417,102.92,98.167
136.17,72.833,107.67,99.75
167.83,68.083,77.583,104.5
171,68.083,76,104.5
174.17,68.083,76,104.5
175.75,71.25,72.833,99.75
178.92,72.833,69.667,99.75
178.92,72.833,69.667,104.5
178.92,74.417,72.061,106.08
178.92,72.833,74.417,90.25
177.33,74.417,74.417,87.083
172.58,69.667,76,95
169.42,66.5,77.583,90.25
167.83,63.333,79.167,91.833
166.25,58.583,77.583,95
164.67,55.417,80.75,93.417
163.08,52.25,77.583,93.417
163.08,50.667,77.583,93.417
163.08,50.667,79.167,93.417
163.08,52.25,77.583,96.583
161.5,74.417,77.583,80.75
163.08,80.75,77.583,79.167
164.67,85.5,79.167,80.75
166.25,83.917,77.583,76
167.83,79.167,79.167,77.583
169.42,74.417,80.75,77.583
171,69.667,80.75,77.583
174.17,66.5,79.167,76
174.17,63.333,79.167,76
172.58,60.167,79.167,76
172.58,60.167,77.583,74.417
171,61.75,77.583,77.583
171,64.917,79.167,77.583
169.42,68.083,80.75,77.583
169.42,69.667,80.75,77.583
164.67,71.25,82.333,76
158.33,66.5,82.333,79.167
153.58,64.917,82.333,82.333
147.25,63.333,82.333,82.333
142.5,57,80.75,87.083
134.58,52.25,82.333,64.917
128.25,50.667,85.5,64.917
124.27,49.083,87.892,76
121.92,50.667,87.083,76
120.33,55.417,83.917,74.417
120.33,63.333,83.917,71.25
118.75,69.667,85.5,69.667
118.75,72.833,85.5,68.083
121.92,72.833,85.5,68.083
128.25,74.417,85.5,74.417
133,72.833,85.5,76
137.75,69.667,87.083,77.583
145.67,68.083,87.083,76
147.25,66.5,88.667,77.583
147.25,66.5,87.083,76
144.08,64.917,88.667,77.583
139.33,64.917,90.25,77.583
133,64.917,93.417,72.833
126.67,66.5,93.417,74.417
117.17,68.083,95,71.25
110.83,66.5,91.833,74.417
102.92,63.333,93.417,76
98.167,58.583,91.833,76
90.25,53.833,93.417,76
85.5,50.667,95,74.417
83.917,47.5,96.583,82.333
82.333,47.5,98.167,82.333
80.75,52.25,101.33,82.333
80.75,57,96.583,82.16
79.167,61.75,95,82.333
74.417,61.75,95,85.5
68.083,63.333,93.417,85.5
61.75,63.333,93.417,85.5
57,64.917,91.833,83.11
50.667,60.167,91.833,80.75
52.25,55.417,91.833,82.333
52.25,50.667,93.417,82.333
53.833,49.083,95,80.75
58.583,50.667,95,79.167
63.333,53.833,93.417,80.75
64.917,57,93.417,80.75
66.5,60.167,90.25,79.167
71.25,63.333,91.833,80.75
74.417,64.917,93.417,80.75
77.583,66.5,95,80.75
80.75,61.75,96.583,81.58
83.917,57,99.75,82.333
90.25,47.5,99.75,80.045
98.167,39.583,107.67,82.333
107.67,34.833,109.25,83.917
115.58,34.833,109.25,87.083
118.75,39.583,114,87.083
120.33,42.75,117.17,88.667
121.92,45.917,117.17,87.083
121.92,47.5,120.33,87.083
123.5,49.083,119.45,87.083
121.92,49.083,120.33,88.667
123.5,49.083,117.17,88.667
125.08,53.754,115.58,80.829
123.5,52.25,121.92,80.75
123.5,49.083,118.75,82.333
125.08,47.5,117.17,82.333
123.5,50.667,117.17,82.333
123.5,52.25,114,82.333
123.5,53.833,115.58,80.75
121.92,55.417,114,79.167
121.92,55.417,114,79.167
121.92,53.833,115.58,80.75
123.5,55.417,114,79.167
126.67,49.083,121.92,80.75
129.83,45.917,121.92,79.167
136.17,44.333,98.167,77.583
140.92,44.333,98.167,76
142.5,50.667,98.167,76
144.08,58.583,96.583,74.417
142.5,60.167,93.417,79.167
140.92,64.917,95,77.583
140.92,66.5,93.417,77.583
137.75,63.333,93.417,76
139.33,58.583,88.667,72.833
144.08,53.833,87.083,72.833
150.42,50.667,87.083,72.833
156.58,52.25,84.089,72.833
155.17,55.417,79.167,71.25
153.58,60.167,77.583,69.667
148.83,63.333,77.583,68.083
142.5,64.917,77.583,68.083
136.17,64.917,77.583,64.917
133,64.917,74.417,66.5
125.08,60.167,74.417,66.5
121.92,55.417,72.833,66.5
120.33,49.083,72.833,66.5
120.33,49.083,77.583,64.917
123.5,49.083,76,68.083
121.92,52.25,77.583,66.5
121.92,55.417,77.583,66.5
123.5,57,76,64.917
121.92,58.583,77.583,66.5
120.33,60.167,76,64.917
118.75,60.167,74.417,66.5
115.58,57,74.417,77.583
118.75,53.833,74.417,77.583
121.92,52.25,74.417,76
123.5,50.667,76,74.417
134.58,53.833,76,77.583
139.33,57,74.417,76
144.08,58.583,76,72.833
150.42,53.833,77.583,76
153.58,52.25,79.167,76
158.33,50.667,79.167,72.833
159.92,50.667,80.75,71.25
163.08,50.667,77.583,72.833
163.08,44.333,76,72.833
163.08,42.75,77.583,69.667
163.08,41.167,77.583,68.083
161.5,39.583,77.583,69.667
163.08,39.583,74.417,72.833
166.25,42.75,72.833,83.917
163.08,47.5,71.25,87.083
158.33,52.25,69.684,83.917
153.58,49.083,71.25,88.667
147.25,45.917,69.667,104.5
144.08,38,69.667,107.67
137.75,33.25,77.583,109.25
147.25,26.917,72.833,109.25
147.25,45.917,76,90.25
148.83,49.083,77.583,87.083
148.83,52.25,77.583,87.083
150.42,55.417,72.833,87.083
152,58.583,68.083,85.5
153.58,61.75,64.917,80.75
155.17,64.917,64.917,82.333
156.75,66.5,66.5,82.333
158.33,66.5,68.083,82.333
161.5,66.5,64.917,80.75
161.5,61.75,64.917,82.333
164.67,63.323,64.917,83.927
167.83,64.917,63.333,85.5
169.42,66.5,61.75,88.667
169.42,68.083,58.583,88.667
164.67,69.667,61.619,90.25
163.08,71.25,60.167,88.667
161.5,69.667,57,88.667
159.92,68.083,58.583,87.083
155.17,66.5,63.333,87.083
150.42,64.917,61.75,83.917
145.67,63.333,61.75,79.055
142.5,64.917,63.333,76
137.75,60.167,64.917,76
136.17,53.833,66.5,74.417
133,53.833,66.5,72.833
131.42,57,64.917,77.583
133,58.583,64.917,75.8
133,60.167,63.333,76
129.83,63.333,61.75,77.583
128.25,64.917,64.917,80.75
128.25,68.083,66.5,79.167
126.67,68.083,64.917,79.167
131.42,68.083,61.75,76
137.75,65.743,61.75,76.757
144.08,68.083,60.167,79.167
147.25,68.083,60.314,77.583
152,68.083,61.75,76
156.75,68.083,60.167,74.417
159.92,63.333,60.167,88.667
159.31,64.917,62.354,91.833
161.5,66.5,61.75,87.083
166.25,63.333,60.167,87.083
163.08,64.917,60.167,82.333
163.08,64.917,58.583,76
156.75,64.917,57,72.07
152,63.333,53.833,69.667
153.58,63.333,53.833,68.083
152,64.917,55.417,68.083
152,68.083,52.25,63.333
155.17,71.25,50.667,56.686
153.58,69.667,49.083,57
161.5,74.417,45.917,55.417
163.08,76,44.333,53.833
164.67,76,44.333,53.833
166.25,77.583,44.333,52.25
167.83,79.167,44.333,50.667
167.83,76,44.333,52.25
169.42,76,42.75,52.25
167.83,72.833,44.333,55.417
165.99,74.464,41.886,54.297
162.89,68.259,43.437,57.716
159.79,66.707,43.437,58.951
150.48,65.156,49.806,63.605
145.83,63.605,49.643,65.156
141.17,62.053,51.194,65.156
138.07,62.053,51.194,65.156
134.97,60.502,51.194,66.707
138.07,62.053,48.091,68.259
138.07,58.951,46.54,69.81
138.07,69.81,46.54,62.053
139.62,68.259,46.54,63.605
142.72,66.707,46.54,63.605
144.27,65.156,46.54,65.156
145.83,63.605,46.54,71.361
144.27,62.053,49.643,74.464
148.93,62.053,46.54,76.015
147.38,62.053,49.643,80.669
142.72,62.053,48.091,83.772
141.17,58.951,49.643,88.426
141.17,55.848,49.643,88.426
141.17,55.848,51.194,93.08
141.17,54.297,52.745,94.631
142.72,52.745,52.745,97.734
142.72,51.194,51.194,97.734
144.27,52.745,52.745,94.631
145.83,51.194,52.745,89.977
145.83,49.643,54.297,89.977
139.62,46.54,54.297,91.529
139.62,48.091,52.745,88.426
138.07,49.643,54.297,89.977
131.86,49.643,55.848,91.529
131.86,52.745,54.297,91.529
127.21,49.643,55.848,93.08
130.31,46.54,55.848,97.734
130.31,43.437,57.399,100.84
136.52,38.783,57.399,105.49
139.62,34.129,60.502,107.04
142.72,29.475,62.053,110.14
147.38,31.027,63.605,108.59
152.03,31.027,63.605,113.25
153.58,34.129,65.156,110.14
158.24,34.129,65.156,110.14
161.34,37.232,65.156,107.04
159.79,34.129,66.707,105.49
161.34,31.027,66.707,105.49
164.44,29.475,66.707,105.49
167.54,29.475,66.707,103.94
165.99,34.129,65.156,102.39
162.89,40.335,71.361,102.39
161.34,44.989,72.913,102.39
153.58,46.54,77.567,108.59
147.38,49.643,83.772,108.59
136.52,48.091,93.08,113.25
128.76,43.437,72.913,116.35
128.76,41.886,72.913,119.45
125.66,38.783,74.464,117.9
122.56,35.681,76.015,116.35
122.56,32.578,79.118,121
124.11,34.129,79.118,122.56
128.76,34.129,77.567,122.56
133.41,37.232,77.567,121
133.41,40.335,80.669,119.45
138.07,46.54,79.118,117.9
145.83,49.643,76.015,117.9
150.48,51.194,76.015,117.9
152.03,48.091,77.567,122.56
153.58,43.437,79.118,122.56
153.58,38.783,79.098,125.66
153.58,35.681,80.669,128.76
155.13,37.232,82.221,130.31
156.68,38.783,80.669,131.86
155.13,37.232,82.221,138.07
155.13,35.681,82.221,138.07
150.48,32.578,82.221,136.52
142.72,27.924,88.426,136.52
142.72,24.821,86.875,136.52
145.83,23.27,83.772,133.41
133.41,24.821,88.426,124.11
133.41,21.719,85.323,130.31
125.66,31.027,89.977,122.56
128.76,34.129,83.772,110.14
127.21,34.129,83.772,110.14
127.21,35.681,83.772,108.59
128.76,37.232,80.669,105.49
131.62,38.783,74.709,103.94
130.31,38.783,72.913,102.39
130.31,40.335,72.913,100.84
133.41,38.783,71.361,97.734
134.97,40.335,72.108,97.734
138.07,43.437,69.81,96.183
139.62,48.091,69.81,94.631
139.62,52.745,69.81,93.08
138.07,55.848,71.361,91.529
139.62,58.951,71.361,100.84
134.97,57.399,71.361,100.84
136.52,51.194,71.361,100.84
139.62,41.886,74.464,102.39
142.72,38.783,76.015,100.84
145.83,40.335,58.951,103.94
147.38,46.54,58.951,100.84
148.93,51.194,57.399,99.285
147.38,54.297,57.399,96.183
145.83,54.297,57.399,99.285
145.83,55.848,55.848,99.285
144.27,55.848,55.848,100.84
145.83,54.297,54.297,97.734
148.93,54.297,52.745,94.631
147.38,55.848,54.297,91.529
142.72,52.745,52.745,100.84
138.07,57.399,52.745,91.529
133.41,57.399,55.848,89.977
131.86,55.848,52.745,89.977
125.66,55.848,52.745,88.426
121,54.297,52.745,96.183
114.8,52.745,54.297,97.734
110.14,55.848,54.297,94.631
113.25,52.745,55.848,97.734
116.35,51.194,55.848,96.183
116.35,46.54,55.848,93.08
123.06,48.091,53.789,91.529
124.11,51.194,55.848,91.529
128.76,57.399,58.951,89.977
131.86,62.053,58.951,85.323
139.62,62.053,58.951,85.323
144.27,62.053,58.951,85.323
152.03,51.194,55.848,88.426
153.58,46.54,65.156,85.323
152.03,43.437,68.259,83.877
156.68,40.335,63.605,85.323
155.13,40.335,68.259,86.875
147.38,40.335,76.015,83.772
145.83,41.886,72.913,83.772
139.62,43.437,80.669,82.428
138.07,46.54,83.772,82.221
133.41,48.091,86.875,83.772
130.31,49.643,86.875,83.772
125.66,49.643,91.529,85.323
127.21,49.643,83.772,85.323
128.76,46.54,83.772,96.183
128.76,44.989,83.772,96.183
128.76,44.989,86.875,97.734
127.21,44.989,91.529,102.39
133.41,44.989,89.977,108.59
130.31,46.54,96.183,111.7
134.97,48.091,96.183,110.14
141.17,49.643,94.631,93.08
139.62,49.643,80.669,93.08
139.62,49.643,79.118,97.734
141.17,52.745,80.669,96.183
139.62,54.297,79.118,97.734
134.97,58.951,76.015,103.94
134.97,63.605,74.464,103.94
134.97,66.707,71.361,102.39
131.86,71.361,71.361,100.84
124.11,72.913,76.015,100.84
114.8,71.361,82.221,102.39
139.62,69.81,57.399,100.84
141.17,66.707,57.399,103.94
139.62,65.156,55.848,103.94
141.17,60.502,55.848,103.94
144.27,60.502,55.848,103.94
145.83,60.502,54.297,102.39
150.48,60.502,55.848,102.39
153.58,62.053,57.399,100.84
155.13,62.053,55.848,100.84
158.24,62.053,55.848,100.84
159.79,62.053,55.848,99.285
159.79,57.399,55.848,97.734
159.79,57.399,55.848,96.183
156.68,54.297,55.848,97.734
152.03,52.745,55.848,96.183
147.38,52.745,55.848,97.734
142.72,55.848,55.848,96.183
138.07,58.951,58.951,96.183
131.86,58.951,62.053,97.734
130.31,62.053,60.502,96.183
124.11,63.605,60.502,94.631
119.45,65.156,62.053,91.529
119.45,63.605,60.502,94.631
116.35,62.053,58.951,94.631
116.35,57.399,58.951,93.08
119.45,55.848,58.951,94.631
122.56,57.399,54.297,94.631
124.11,60.502,55.848,97.734
128.76,65.156,54.297,94.631
134.97,71.361,52.745,93.08
139.62,74.464,52.745,93.08
145.83,74.464,51.194,93.08
148.93,72.913,51.194,91.529
157.35,71.361,50.528,91.529
162.89,69.81,49.643,89.977
167.54,68.259,51.194,93.08
170.65,69.81,55.848,93.08
172.2,74.464,55.848,96.183
173.75,76.015,52.745,96.183
172.2,79.118,51.194,94.631
169.1,77.567,52.745,94.631
164.44,76.015,52.745,93.08
162.89,72.913,51.194,94.631
161.34,72.913,52.745,94.631
156.68,72.913,54.297,94.631
156.68,72.913,52.745,94.631
156.68,72.913,52.745,93.08
153.58,72.913,54.297,91.529
152.03,74.464,54.297,94.631
150.48,74.464,55.848,96.183
147.38,74.464,60.502,94.631
145.83,74.464,65.156,94.631
145.83,74.464,68.259,94.631
144.27,74.464,71.361,94.631
144.27,72.913,72.913,93.08
144.27,69.81,55.848,94.631
145.83,69.81,55.848,94.631
141.17,68.259,65.156,97.734
147.38,69.81,62.053,99.285
152.03,72.913,63.605,97.734
155.13,76.015,63.605,99.285
158.24,77.567,63.605,100.84
159.79,79.118,63.605,100.84
159.79,79.118,66.707,99.285
162.89,81.471,65.156,96.932
164.44,74.464,63.605,102.39
165.99,72.913,62.053,99.285
164.44,71.361,63.605,99.285
162.89,71.361,63.605,97.734
164.44,69.81,65.156,97.734
165.99,65.156,63.605,97.734
169.1,63.605,65.156,96.183
169.1,65.156,68.259,97.734
169.1,68.259,68.259,94.631
169.1,69.81,74.464,94.631
172.2,72.913,72.913,91.529
172.2,74.464,72.913,89.977
172.2,72.913,68.259,91.529
170.65,69.81,65.156,96.183
169.1,71.361,63.605,89.805
165.99,72.913,62.053,86.875
161.34,72.913,63.605,86.875
158.24,71.361,62.053,88.426
161.34,72.913,58.951,86.875
161.34,72.913,62.053,89.977
162.19,69.81,64.304,89.213
161.34,69.81,62.053,88.426
158.24,63.605,62.053,96.183
155.13,58.951,60.502,97.734
153.58,52.745,65.156,102.39
153.58,52.829,68.259,100.75
150.48,49.643,69.81,102.39
159.79,48.091,68.259,103.94
162.89,48.091,69.81,105.49
165.99,48.091,69.81,108.59
170.65,49.643,69.81,110.14
172.2,51.346,68.259,109.99
175.3,51.194,68.259,110.14
179.95,51.194,63.605,110.14
182.31,51.194,59.694,110.14
178.4,51.194,60.502,108.59
176.85,48.091,55.848,111.7
176.85,43.437,55.848,113.25
175.3,43.437,54.297,114.8
172.2,44.989,52.745,114.8
170.65,49.643,54.297,114.8
169.1,52.745,54.297,116.35
169.1,52.745,51.194,117.9
162.89,51.194,51.194,117.9
155.13,43.437,52.745,122.56
152.03,41.886,54.297,122.56
147.38,41.886,55.848,121
144.27,40.335,57.399,122.56
142.72,41.886,57.399,119.45
139.62,41.886,57.399,119.45
138.07,43.437,57.399,117.9
139.62,46.54,54.297,116.35
141.17,48.091,54.297,113.25
144.27,46.54,54.297,113.25
147.38,48.091,55.848,111.7
152.03,46.54,55.848,113.25
158.24,44.989,54.297,114.8
164.44,37.232,52.745,119.45
164.44,35.681,55.848,122.56
169.1,37.232,54.297,119.45
170.65,37.232,55.848,122.56
172.2,38.783,54.297,124.11
165.99,41.886,60.502,125.66
165.99,46.54,60.502,124.11
165.99,51.194,58.951,122.56
165.99,54.297,55.848,121
164.44,57.399,57.399,119.45
161.34,57.399,63.605,117.9
156.68,54.297,57.399,119.45
153.58,49.643,58.951,117.9
148.93,48.091,60.502,114.19
147.38,48.091,58.951,114.8
145.83,51.194,55.848,114.8
144.27,52.745,54.297,114.8
141.17,54.297,55.848,113.25
139.62,52.745,57.399,114.8
136.52,51.194,57.399,116.35
134.97,51.194,62.053,116.35
133.41,51.194,74.464,116.35
130.31,69.81,76.015,97.734
128.76,69.81,57.399,97.734
127.21,69.81,57.399,97.734
124.11,68.259,55.848,99.285
