NaN,NaN,NaN,-1
225.36,92.417,43.124,45.122
225.51,92.401,43.113,45.116
225.69,92.801,43.28,45.278
225.07,92.236,44.368,46.395
223.53,91.565,45.695,47.744
222.08,91.612,45.302,47.325
221.19,92.153,42.93,44.921
220.47,93.012,43.276,45.218
217.21,93.05,45.501,47.48
217.64,94.739,43.453,45.267
215.64,96.797,43.427,45.203
214.56,94.232,41.857,43.561
211.82,95.859,42.007,43.677
206.44,94.823,44.689,46.58
199.83,91.912,49.92,51.816
196.95,90.578,50.776,52.71
194.01,89.172,51.509,53.447
190.44,89.213,50.841,52.789
185.7,87.566,51.175,53.178
179.91,85.233,54.54,56.609
171.47,79.585,57.112,59.376
168.88,82.528,56.192,58.496
163.17,84.36,57.074,59.182
155.51,83.589,59.356,61.308
144.88,77.728,70.656,72.751
134.2,75.413,75.993,77.799
127.14,87.401,70.016,71.941
116.02,87.585,69.086,70.745
104.55,89.962,69.854,71.367
92.183,94.475,70.042,71.436
80.023,97.469,68.723,69.89
64.214,95.235,73.168,74.234
53.273,98.121,69.91,70.732
44.184,100.96,68.317,68.956
37.938,104.96,63.866,64.38
34.843,112.1,64.212,64.743
27.717,110.28,64.877,65.384
28.424,112.46,63.705,64.198
28.42,111.8,64.319,64.849
27.13,111.44,65.706,66.264
26.657,111.6,66.09,66.665
26.67,111.03,67.302,67.88
27.013,111.23,66.783,67.345
26.909,111.17,66.973,67.531
26.679,111,67.178,67.707
26.646,110.93,67.365,67.893
27.291,111.37,66.9,67.425
NaN,NaN,NaN,-2
NaN,NaN,NaN,0
NaN,NaN,NaN,0
NaN,NaN,NaN,0
NaN,NaN,NaN,0
NaN,NaN,NaN,-1
137.49,88.917,54.89,60.578
145.52,84.293,54.513,59.616
155.37,83.807,49.326,53.538
162.3,78.943,49.204,52.756
166.19,75.001,48.285,51.444
170.25,74.174,45.232,48.262
169.05,57.463,47.327,50.355
169.44,52.257,47.45,50.561
173.04,52.35,53.67,54.953
177.73,50.389,58.051,59.197
186.41,65.6,49.328,50.15
198.3,73.518,47.167,49.256
197.7,80.216,51.281,53.129
204.92,73.877,51.162,53.85
195.02,74.357,59.299,61.432
193.25,73.19,65.605,67.987
192.54,74.095,68.659,71.105
194.78,84.49,62.867,64.935
195.19,83.906,63.111,65.197
195.79,86.168,61.265,63.342
196.37,86.322,58.531,60.548
196.66,87.935,57.328,59.309
197.13,89.677,58.371,60.208
197.13,94.005,57.601,59.433
197.08,96.959,59.102,60.979
196.65,96.959,61.107,62.985
196.92,97.887,59.969,62.07
197.34,98.12,59.47,61.545
197.6,98.162,59.453,61.529
197.64,98.2,59.402,61.485
197.71,97.304,60.013,62.126
197.62,97.6,60.513,62.648
198.12,98.009,59.368,61.556
198.19,98.104,59.192,61.364
NaN,NaN,NaN,-2
NaN,NaN,NaN,0
NaN,NaN,NaN,0
NaN,NaN,NaN,0
NaN,NaN,NaN,0
NaN,NaN,NaN,-1
237.74,134.27,49.417,58.611
234.02,132.84,50.215,58.66
232.5,121.04,51.572,60.845
229.56,119.64,50.269,58.676
221.02,115.24,56.353,65.086
212.53,110.43,67.885,76.147
213.7,110.2,64.32,76.121
207.26,102.53,73.179,86.107
205.04,101.33,74.773,87.907
205.65,101.88,74.11,87.07
206.19,102.34,73.693,86.497
205.81,102.32,74.218,87.125
NaN,NaN,NaN,-2
NaN,NaN,NaN,0
NaN,NaN,NaN,0
NaN,NaN,NaN,0
NaN,NaN,NaN,0
NaN,NaN,NaN,-1
109.31,98.661,55.816,61.531
107.54,90.361,57.595,63.198
108.1,83.055,55.476,61.139
109.89,77.066,52.344,57.927
113.04,72.373,49.052,54.764
114.83,65.639,50.776,56.119
117.63,61.206,48.732,53.318
117.52,56.386,51.327,55.23
119.12,56.053,51.963,55.49
117.28,45.779,70.01,74.446
106.58,31.32,80.641,81.456
112.33,32.717,72.398,72.874
113.1,33.234,70.836,71.476
115.13,35.132,69.1,69.832
116.11,34.356,67.897,68.834
119.23,35.421,64.282,65.453
121.63,36.379,62.385,63.715
126.15,35.018,63.703,64.677
137.45,37.649,60.6,64.269
140.22,38.473,57.782,61.363
143.63,40.404,55.72,59.564
145.67,42.344,55.854,59.508
148.6,42.966,53.776,57.437
155.53,53.922,51.649,55.999
163.5,57.371,48.084,51.995
162.91,53.442,50.898,54.771
162.52,51.63,52.996,56.884
162.28,50.877,54.328,58.249
160.74,46.779,55.513,59.322
160.56,44.721,53.432,57.363
141.72,32.212,69.306,70.242
139.15,31.742,74.889,75.788
139.99,31.344,73.313,74.296
140.54,33.979,71.437,72.419
141.29,40.607,67.99,68.69
138.77,44.871,67.18,67.975
139.89,47.381,65.289,66.025
138.94,44.79,65.878,66.621
138.73,45.856,65.336,66.079
136.69,42.371,68.026,68.964
136.83,31.629,67.979,69.783
133.09,34.45,72.091,73.941
NaN,NaN,NaN,-2
NaN,NaN,NaN,0
NaN,NaN,NaN,0
NaN,NaN,NaN,0
NaN,NaN,NaN,0
NaN,NaN,NaN,-1
89.433,141.31,52.779,60.396
86.469,145.21,50.912,58.477
81.162,147.82,52.861,59.592
78.313,151.66,50.192,56.977
74.217,152.53,52.118,58.507
66.324,152.63,53.977,59.952
61.034,155.09,57.375,62.092
56.487,154.72,58.409,62.985
53.943,152.9,58.998,63.656
50.143,151.48,60.573,65.308
45.966,150.97,60.489,64.989
42.413,150.42,60.343,64.968
38.681,150.66,60.451,64.853
35.246,149.45,61.009,65.644
32.249,147.27,61.254,66.311
29.505,141.34,65.231,70.192
34.904,135.15,51.934,57.41
40.873,127.95,45.567,49.6
44.297,120.77,42.19,46.779
41.333,117.39,37.917,43.016
34.288,109.82,41.938,45.375
32.18,104.22,46.746,50.331
31.391,97.574,54.598,58.415
31.293,90.696,58.855,62.627
32.645,85.224,61.271,64.853
33.373,80.121,62.092,65.813
37.995,77.354,63.104,67.153
41.506,73.249,62.97,66.655
44.166,69.333,64.476,67.98
47.691,66.687,65.692,68.975
50.769,63.694,68.727,71.723
55.851,60.979,69.381,72.364
58.045,57.125,72.691,75.311
59.483,57.658,75.134,77.65
60.762,59.604,76.013,78.485
61.621,60.024,76.165,78.421
62.478,64.009,75.744,78.14
64.416,67.758,73.699,76.298
65.546,70.122,73.203,76.019
67.172,72.294,75.641,78.739
70.615,75.942,73.184,76.591
73.613,78.506,72.8,76.146
76.774,82.718,72.607,76.078
78.928,86.004,73.523,77.014
84.18,91.532,70.386,74.277
88.421,97.774,69.789,74.05
92.612,99.242,70.63,74.914
97.557,101.23,71.949,75.908
102.64,104.05,72.818,76.738
108.59,107.4,72.901,76.75
114.14,110.16,71.449,75.054
119.83,111.06,71.423,74.669
124.94,108.63,74.264,76.978
131.48,106.79,76.546,78.84
137.4,103.25,78.091,79.762
141.33,101.1,80.877,82.043
140.51,104,71.211,73.368
139.71,99.389,77.218,79.401
138.05,96.256,83.041,85.787
137.5,95.21,84.268,87.08
139.4,99.652,79.104,81.745
140.93,99.956,77.852,80.437
141.48,101.36,76.564,79.106
141.41,101.2,76.783,79.327
141.44,101.32,76.547,79.126
NaN,NaN,NaN,-2
NaN,NaN,NaN,0
NaN,NaN,NaN,0
NaN,NaN,NaN,0
NaN,NaN,NaN,0
NaN,NaN,NaN,-1
222.95,109.03,45.04,61.529
223.16,109.51,45.149,61.476
222.78,109.84,45.275,61.484
223.37,109.35,46.97,62.691
223.22,109.21,48.498,63.622
224.04,109.62,48.83,63.918
224.36,122.58,44.988,61.616
223.12,125.88,45.418,61.438
223.88,129.81,44.422,59.967
225.25,135.34,43.477,58.883
223.06,138.82,46.144,62.2
223.46,138.58,48.226,64.517
225.57,144.73,51.015,64.287
