NaN,NaN,NaN,-1
224.52,90.51,45.429,47.508
224.22,91.05,45.185,47.261
224.68,90.65,45.054,47.129
224.55,91.681,45.272,47.293
222.5,89.64,47.194,49.245
221.02,88.284,47.566,49.768
221.35,92.637,43.532,45.445
220.06,92.271,44.545,46.477
217,90.504,47.792,49.704
213.96,89.529,51.377,53.267
215.57,95.985,43.794,45.494
212.9,96.687,44.157,46.105
209.93,95.666,43.886,45.826
204.83,93.963,47.279,49.271
200.97,92.416,48.164,50.166
198.39,92.176,47.768,49.8
195.37,91.569,48.833,50.85
191.21,91.183,49.882,51.843
186.79,90.731,49.256,51.208
187.7,83.772,48.349,50.262
182.38,82.306,52.545,54.722
169.53,85.263,55.195,57.202
162.74,84.869,58.877,60.747
152.62,79.807,65.992,67.977
140.85,71.815,78.709,80.684
136.35,81.459,75.188,76.664
123.05,82.394,75.443,77.315
110.35,80.497,76.271,77.908
98.63,84.925,77.474,79.036
86.376,87.863,76.679,77.993
74.234,90.804,76.418,77.535
60.45,91.615,78.189,79.321
49.453,94.456,74.715,75.562
42.519,102.13,68.325,68.036
44.618,115.5,49.959,51.228
45.976,111.04,38.86,40.619
40.317,109.27,43.169,44.958
39.823,109.29,43.743,45.527
38.921,110.28,45.563,47.42
37.189,110.12,48.795,50.68
36.038,110.36,50.155,52.166
49.976,108.24,49.183,50.958
50.155,108.35,48.875,50.634
50.368,109.09,48.744,50.523
50.245,108.95,49.061,50.845
49.908,109.06,49.598,51.381
50.322,109.46,48.059,49.76
NaN,NaN,NaN,-2
NaN,NaN,NaN,0
NaN,NaN,NaN,0
NaN,NaN,NaN,0
NaN,NaN,NaN,0
NaN,NaN,NaN,-1
137.15,88.691,54.486,59.997
143.91,83.005,57.054,62.106
152.09,78.464,57.755,62.364
158.24,73.484,59.134,63.155
164.93,72.518,55.612,59.555
168.77,69.89,53.919,57.722
165.68,64.233,62.843,66.268
165.82,59.154,62.896,65.747
172.34,56.655,61.594,64.222
172.19,50.753,69.693,70.876
160.82,50.198,63.937,66.536
159.61,52.851,60.066,61.312
NaN,NaN,NaN,-2
NaN,NaN,NaN,0
NaN,NaN,NaN,0
NaN,NaN,NaN,0
NaN,NaN,NaN,0
NaN,NaN,NaN,-1
245.12,53.793,36.523,64.197
242.56,55.724,35.629,62.811
238.13,56.986,37.017,63.759
237.94,59.848,36.34,63.813
238.04,62.911,37.964,65.62
237.34,63.991,39.172,68.113
236.07,70.714,39.553,65.676
238.75,75.706,37.044,63.357
238.73,79.125,37.427,64.293
239.24,83.249,38.487,64.561
244.04,86.96,37.827,62.558
245.06,89.922,38.595,63.255
248.59,93.948,36.512,61.741
250.48,98.992,34.432,60.349
251.63,106.35,34.336,59.809
255.93,114.92,34.694,58.597
259.1,122.39,35.95,57.821
260.21,128.1,39.028,58.412
258.85,133.53,39.966,59.036
254.34,137.82,42.689,63.336
251.7,139.25,41.718,63.404
250.99,137.09,39.425,62.629
248,129.37,41.189,65.443
245.61,123.34,40.34,66.927
239.67,116.33,43.716,72.159
239.29,110,48.523,70.373
236.07,108.96,40.273,65.515
218.39,97.335,62.786,78.307
215.13,97.98,55.072,77.788
211.78,99.114,53.261,74.877
196.51,91.713,63.761,83.973
198.35,96.025,50.335,80.857
197.79,95.815,50.468,81.055
197.27,95.613,50.49,81.083
197.48,95.484,50.844,81.647
NaN,NaN,NaN,-2
NaN,NaN,NaN,0
NaN,NaN,NaN,0
NaN,NaN,NaN,0
NaN,NaN,NaN,0
NaN,NaN,NaN,-1
110.47,98.073,52.171,55.204
110.89,90.297,50.883,53.858
111.99,84.133,50.675,53.523
112.48,76.768,51.403,54.057
114.43,70.249,52.426,54.913
116.48,65.709,53.692,56.014
117.9,62.366,54.314,56.46
120.11,62.069,53.033,55.096
122.48,61.738,52.434,54.328
124.27,60.148,54.748,56.575
127.95,64.135,51.481,53.444
130.34,64.761,49.57,51.701
131.6,63.969,50.043,52.159
133.6,63.724,50.896,52.965
129.39,57.568,61.167,62.445
133.53,57.936,59.125,60.428
133.39,57.312,68.484,69.778
142.81,55.079,57.505,59.526
147.18,57.087,54.984,57.078
146.48,60.35,62.602,64.186
148.37,61.268,63.1,64.573
150.04,60.321,63.915,65.441
159.74,63.963,52.849,54.377
161.44,61.473,55.419,56.704
162.67,59.804,56.328,57.599
162.61,58.67,56.874,58.151
165.45,64.117,54.884,56.32
164.75,61.62,56.476,57.819
162.45,55.539,61.687,63.001
159.45,47.963,65.777,67.05
159.22,52.717,80.965,81.017
159.71,54.768,79.846,79.935
159.86,61.131,79.521,79.53
164.15,75.742,69.387,69.37
164.88,85.76,67.998,68.013
165.03,89.655,67.396,67.53
161.87,94.088,70.943,71.126
154.29,93.094,66.222,68.089
152.01,102.1,55.941,58.606
139.65,109.41,61.07,64.026
134.43,117.58,54.425,56.102
135.99,114.49,55.071,56.149
136.1,114.69,54.384,55.183
135.53,115.38,54.392,54.892
135.81,116.82,53.244,53.745
135.75,117.12,52.69,53.241
136.47,117.4,52.338,52.853
135.82,116.84,52.794,53.303
136.16,117.06,52.25,52.746
NaN,NaN,NaN,-2
NaN,NaN,NaN,0
NaN,NaN,NaN,0
NaN,NaN,NaN,0
NaN,NaN,NaN,0
NaN,NaN,NaN,-1
54.577,157.7,60.583,53.558
48.864,154.88,62.95,56.04
44.438,153.61,63.437,56.665
41.411,154.08,62.359,55.717
37.894,153.63,62.1,55.348
35.72,154.26,61.141,53.988
32.313,151.56,62.705,55.333
27.747,144.43,68.964,61.733
25.27,134.84,76.813,69.26
26.721,126.65,78.121,70.234
27.129,118.53,79.25,71.065
28.61,109.92,83.231,76.008
31.69,108.25,86.433,79.439
32.185,105.06,88.914,82.053
28.016,95.568,80.746,71.013
27.963,94.493,82.197,72.4
26.535,90.781,88.282,78.079
25.293,85.966,96.9,86.777
25.764,80.34,100.15,90.139
23.728,73.912,108.53,98.285
25.355,69.452,113.32,103.28
29.124,65.892,110.78,101.32
34.105,64.752,112.56,103.11
38.798,63.03,113.45,104.34
41.388,59.859,115.12,106.51
42.013,58.508,118.44,109.76
42.635,58.562,119.43,110.63
41.957,58.384,122.05,113.14
42.019,60.022,121.02,111.81
41.553,62.318,122.17,112.8
40.826,61.566,123.61,114.11
39.741,61.012,127.33,117.61
40.002,61.584,128.87,118.9
40.704,62.283,132.56,122.5
40.442,63.815,137.16,126.66
40.976,64.609,139.14,128.59
11.586,69.201,126.97,114.64
11.933,70.703,125.17,112.69
12.259,70.293,124.44,111.83
14.185,73.566,119.39,106.68
15.737,74.06,118.5,105.85
15.579,76.543,116.17,103.51
NaN,NaN,NaN,-2
NaN,NaN,NaN,0
NaN,NaN,NaN,0
NaN,NaN,NaN,0
NaN,NaN,NaN,0
NaN,NaN,NaN,-1
173.9,113.17,50.787,52.794
176.02,110.99,52.699,54.486
179.58,108.97,53.432,55.026
181.47,102.33,57.558,58.915
189.21,102.92,54.517,55.808
194.73,98.854,55.831,56.905
199.88,97.213,56.101,57.026
210.85,101.36,47.187,48.388
211.76,99.974,49.928,51.101
212.74,98.531,53.224,54.429
212.16,98.658,55.926,57.163
211.7,97.16,61.179,62.432
216.68,101.1,53.661,54.363
215.32,103.89,54.113,54.73
226.35,116.22,43.93,45.643
225.73,117.97,43.27,44.99
228.65,120.15,43.389,44.991
228.09,118.99,43.013,44.644
229.59,120.41,41.697,43.327
230.77,122.22,40.795,42.418
230.15,123.39,41.759,43.373
230.02,125.64,42.259,43.867
228.93,126.93,43.526,45.141
217.19,129.08,56.119,57.474
214.59,132.3,60.205,61.488
214.07,133.24,60.917,62.208
213.44,132.33,64.456,65.735
210.95,131.45,64.371,65.614
