NaN,NaN,NaN,-1
141,34,19,104
141,34,19,104
142,34,19,104
141,34,19,104
142,34,19,104
141,34,19,104
141,35,19,104
141,36,19,104
141,35,19,104
140,32,19,104
140,36,19,104
139,34,19,104
139,36,19,104
139,36,19,104
138,32,19,104
138,39,19,104
138,36,19,104
138,38,19,104
137,38,19,104
137,38,19,104
137,38,19,104
136,42,19,104
136,42,19,104
136,39,19,104
136,40,19,104
138,39,19,104
137,41,19,104
135,41,19,104
136,40,19,104
136,39,19,104
135,41,19,104
135,39,19,104
134,36,19,104
130,35,19,104
130,23,19,104
129,21,19,104
127,9,19,104
128,27,19,104
127,10,19,104
127,7,19,104
126,4,19,104
125,3,19,104
125,-2,19,104
124,-1,19,104
125,-3,19,104
124,-2,19,104
124,-1,19,104
123,-3,19,104
123,-7,19,104
123,-8,19,104
123,-6,19,104
123,-4,19,104
123,-3,19,104
123,0,19,104
122,6,19,104
123,4,19,104
124,18,19,104
124,3,19,104
125,9,19,104
125,1,19,104
121,-8,19,104
121,-10,19,104
121,-5,19,104
121,-4,19,104
132,17,19,104
135,17,19,104
143,11,19,104
143,14,19,104
143,10,19,104
144,16,19,104
141,21,19,104
136,17,19,104
135,16,19,104
135,16,19,104
134,16,19,104
132,18,19,104
132,20,19,104
131,16,19,104
130,22,19,104
130,19,19,104
130,10,19,104
129,6,19,104
129,5,19,104
129,2,19,104
129,-4,19,104
129,0,19,104
128,0,19,104
128,3,19,104
128,-3,19,104
127,1,19,104
118,-4,19,104
111,0,19,104
108,-7,19,104
108,5,19,104
107,-2,19,104
107,-2,19,104
105,0,19,104
104,1,19,104
104,1,19,104
NaN,NaN,NaN,-2
NaN,NaN,NaN,0
NaN,NaN,NaN,0
NaN,NaN,NaN,0
NaN,NaN,NaN,0
NaN,NaN,NaN,-1
128,40,46,48
132,42,46,48
131,40,46,48
131,39,46,48
128,39,46,48
126,36,46,48
126,38,46,48
126,42,46,48
126,46,46,48
126,46,46,48
128,46,46,48
131,44,46,48
144,44,46,48
133,41,46,48
145,44,46,48
133,45,46,48
130,51,46,48
125,50,46,48
123,50,46,48
127,50,46,48
132,50,46,48
135,50,46,48
136,50,46,48
139,43,46,48
139,41,46,48
140,41,46,48
141,40,46,48
142,38,46,48
144,39,46,48
NaN,NaN,NaN,-2
NaN,NaN,NaN,0
NaN,NaN,NaN,0
NaN,NaN,NaN,0
NaN,NaN,NaN,0
NaN,NaN,NaN,-1
130,31,35,54
129,34,35,54
127,36,35,54
128,35,35,54
127,35,35,54
141,36,35,54
150,36,35,54
152,39,35,54
151,41,35,54
143,37,35,54
133,35,35,54
132,41,35,54
135,42,35,54
135,42,35,54
135,43,35,54
133,44,35,54
147,46,35,54
153,42,35,54
152,42,35,54
149,42,35,54
146,40,35,54
146,43,35,54
147,46,35,54
140,52,35,54
141,54,35,54
147,57,35,54
148,56,35,54
154,27,35,54
154,25,35,54
153,22,35,54
152,19,35,54
147,19,35,54
129,55,35,54
128,58,35,54
128,60,35,54
135,46,35,54
137,39,35,54
130,34,35,54
130,33,35,54
133,30,35,54
132,26,35,54
NaN,NaN,NaN,-2
NaN,NaN,NaN,0
NaN,NaN,NaN,0
NaN,NaN,NaN,0
NaN,NaN,NaN,0
NaN,NaN,NaN,-1
129,82,53,50
127,83,53,50
131,83,53,50
131,82,53,50
132,84,53,50
130,80,53,50
133,81,53,50
134,78,53,50
133,82,53,50
133,84,53,50
NaN,NaN,NaN,-2
NaN,NaN,NaN,0
NaN,NaN,NaN,0
NaN,NaN,NaN,0
NaN,NaN,NaN,0
NaN,NaN,NaN,-1
98,78,82,61
98,78,82,61
96,79,82,61
95,79,82,61
91,76,82,61
88,75,82,61
89,79,82,61
83,72,82,61
82,70,82,61
82,70,82,61
78,66,82,61
76,60,82,61
94,96,82,61
96,96,82,61
92,93,82,61
94,88,82,61
91,87,82,61
91,82,82,61
90,81,82,61
92,80,82,61
92,75,82,61
95,72,82,61
93,71,82,61
89,68,82,61
84,66,82,61
85,67,82,61
84,69,82,61
