NaN,NaN,NaN,-1
150,92,18,51
150,92,18,51
149,89,18,51
148,88,18,51
148,86,18,51
149,85,18,51
150,84,18,51
152,83,18,51
153,83,18,51
155,83,18,51
156,83,18,51
155,82,18,51
153,82,18,51
152,83,18,51
151,83,18,51
147,83,18,51
142,83,18,51
137,83,18,51
133,83,18,51
130,83,18,51
129,82,18,51
130,82,18,51
130,81,18,51
131,81,18,51
132,80,18,51
133,80,18,51
135,80,18,51
137,79,18,51
139,80,18,51
141,80,18,51
144,80,18,51
146,80,18,51
148,80,18,51
150,80,18,51
150,80,18,51
150,80,18,51
150,80,18,51
151,80,18,51
152,80,18,51
153,80,18,51
155,81,18,51
156,81,18,51
156,81,18,51
157,81,18,51
158,82,18,51
159,82,18,51
161,82,18,51
163,82,18,51
165,82,18,51
165,82,18,51
164,82,18,51
164,82,18,51
163,82,18,51
161,83,18,51
159,83,18,51
156,83,18,51
151,83,18,51
144,83,18,51
137,83,18,51
131,82,18,51
128,81,18,51
127,79,18,51
128,78,18,51
130,78,18,51
134,77,18,51
139,76,18,51
144,76,18,51
149,75,18,51
155,75,18,51
162,75,18,51
167,76,18,51
171,76,18,51
174,76,18,51
177,77,18,51
178,77,18,51
178,78,18,51
176,79,18,51
176,80,18,51
177,81,18,51
177,82,18,51
178,83,18,51
180,84,18,51
182,84,18,51
184,85,18,51
186,85,18,51
188,86,18,51
190,86,18,51
192,87,18,51
195,87,18,51
197,87,18,51
198,86,18,51
197,85,18,51
196,83,18,51
196,81,18,51
196,79,18,51
193,78,18,51
189,76,18,51
186,75,18,51
185,74,18,51
184,73,18,51
183,72,18,51
183,72,18,51
183,71,18,51
184,71,18,51
184,71,18,51
185,71,18,51
186,71,18,51
183,71,18,51
179,71,18,51
177,71,18,51
176,71,18,51
174,71,18,51
172,71,18,51
168,71,18,51
165,71,18,51
163,72,18,51
161,73,18,51
159,74,18,51
158,75,18,51
157,76,18,51
155,79,18,51
153,80,18,51
152,81,18,51
151,83,18,51
154,84,18,51
161,85,18,51
168,85,18,51
174,85,18,51
179,83,18,51
183,82,18,51
187,80,18,51
191,78,18,51
195,77,18,51
199,76,18,51
202,74,18,51
205,73,18,51
207,73,18,51
208,73,18,51
208,73,18,51
205,74,18,51
197,77,18,51
189,80,18,51
182,83,18,51
175,88,18,51
169,90,18,51
164,92,18,51
161,94,18,51
158,94,18,51
155,94,18,51
155,93,18,51
156,91,18,51
159,88,18,51
161,85,18,51
162,84,18,51
163,83,18,51
161,81,18,51
160,80,18,51
160,80,18,51
159,79,18,51
157,79,18,51
154,78,18,51
151,78,18,51
146,77,18,51
141,77,18,51
138,78,18,51
135,78,18,51
137,78,18,51
138,79,18,51
138,78,18,51
140,78,18,51
136,76,18,51
137,76,18,51
135,74,18,51
133,73,18,51
133,72,18,51
134,71,18,51
137,73,18,51
136,73,18,51
133,75,18,51
129,78,18,51
125,81,18,51
121,84,18,51
117,86,18,51
119,87,18,51
122,88,18,51
126,88,18,51
130,89,18,51
134,89,18,51
137,89,18,51
140,89,18,51
142,89,18,51
144,89,18,51
147,89,18,51
149,89,18,51
149,89,18,51
149,88,18,51
149,88,18,51
149,88,18,51
148,87,18,51
149,87,18,51
148,87,18,51
147,87,18,51
144,87,18,51
142,87,18,51
142,87,18,51
144,87,18,51
147,85,18,51
148,84,18,51
148,83,18,51
146,83,18,51
144,83,18,51
142,82,18,51
142,82,18,51
142,82,18,51
141,81,18,51
139,81,18,51
137,81,18,51
136,81,18,51
134,82,18,51
132,83,18,51
133,83,18,51
138,84,18,51
143,84,18,51
146,84,18,51
149,84,18,51
150,83,18,51
151,83,18,51
155,83,18,51
159,83,18,51
161,83,18,51
163,82,18,51
165,82,18,51
165,82,18,51
166,82,18,51
167,82,18,51
167,82,18,51
168,82,18,51
168,82,18,51
167,82,18,51
166,82,18,51
167,82,18,51
170,81,18,51
172,81,18,51
174,81,18,51
175,80,18,51
177,80,18,51
179,80,18,51
180,80,18,51
181,80,18,51
181,80,18,51
182,80,18,51
182,81,18,51
181,82,18,51
181,84,18,51
181,85,18,51
180,87,18,51
180,88,18,51
178,89,18,51
178,89,18,51
177,89,18,51
176,90,18,51
175,90,18,51
174,91,18,51
173,91,18,51
172,91,18,51
172,91,18,51
173,91,18,51
173,91,18,51
174,90,18,51
176,90,18,51
