NaN,NaN,NaN,-1
NaN,NaN,NaN,-2
NaN,NaN,NaN,0
NaN,NaN,NaN,0
NaN,NaN,NaN,0
NaN,NaN,NaN,0
NaN,NaN,NaN,-1
100,29,114,126
100,26,122,128
99,28,115,126
99,27,122,127
99,29,122,123
98,29,122,125
98,30,122,124
97,26,122,128
96,26,122,128
96,25,122,128
95,25,124,128
96,24,123,128
96,23,124,119
97,23,123,117
97,22,123,118
97,22,124,117
97,20,124,118
98,22,124,117
94,19,128,119
94,20,128,118
99,22,124,116
100,22,124,116
100,23,124,115
100,20,124,118
101,24,122,115
101,21,123,118
101,21,123,118
100,24,123,116
100,22,123,118
100,22,122,118
98,23,124,117
99,22,122,118
97,22,123,118
96,22,124,117
96,22,123,117
97,22,122,117
96,22,123,117
91,22,128,117
91,23,128,116
96,23,123,117
91,24,128,116
91,24,128,116
91,25,128,116
91,25,127,116
91,25,128,116
90,25,128,115
90,24,128,116
90,17,127,123
89,25,128,115
89,25,128,115
89,24,128,115
90,24,127,115
90,15,128,123
90,23,128,115
91,14,128,123
91,23,128,114
91,23,128,114
92,23,128,114
92,15,128,122
92,14,128,123
94,23,125,114
92,14,128,122
91,14,128,122
92,6,128,125
92,6,128,125
90,6,128,113
88,6,128,112
86,6,128,107
82,6,128,105
77,6,128,104
74,6,128,103
68,6,128,102
62,6,128,100
59,6,128,99
52,6,128,96
45,6,128,91
43,6,128,90
37,6,128,79
34,6,128,78
33,6,128,76
31,6,128,71
29,6,128,74
29,6,127,79
30,6,125,35
NaN,NaN,NaN,-2
NaN,NaN,NaN,0
NaN,NaN,NaN,0
NaN,NaN,NaN,0
NaN,NaN,NaN,0
NaN,NaN,NaN,-1
NaN,NaN,NaN,-2
NaN,NaN,NaN,0
NaN,NaN,NaN,0
NaN,NaN,NaN,0
NaN,NaN,NaN,0
NaN,NaN,NaN,-1
103,44,80,101
102,42,69,96
94,39,79,92
93,40,83,87
92,36,83,87
102,36,79,87
96,41,81,77
94,39,79,79
96,34,78,81
103,35,74,82
102,35,75,78
108,35,71,76
109,34,65,89
100,38,74,85
110,37,61,85
101,36,94,86
106,36,83,82
98,37,80,89
94,38,81,89
93,33,80,85
94,23,75,98
82,23,101,85
77,17,104,91
67,20,99,87
57,19,104,88
50,20,104,86
36,20,104,86
NaN,NaN,NaN,-2
NaN,NaN,NaN,0
NaN,NaN,NaN,0
NaN,NaN,NaN,0
NaN,NaN,NaN,0
NaN,NaN,NaN,-1
140,69,85,89
156,51,86,79
149,54,100,93
150,51,102,95
149,65,102,81
150,72,102,43
150,77,102,45
146,62,102,53
144,76,95,46
132,62,102,54
127,63,102,56
123,66,102,61
127,61,102,78
132,64,102,63
133,73,96,65
142,74,102,57
148,85,96,49
146,97,102,32
144,75,102,53
144,72,102,57
145,74,102,61
142,73,102,53
140,72,102,54
134,71,102,45
116,66,102,51
111,67,102,49
102,64,102,46
80,57,100,47
77,54,100,49
83,51,102,50
90,49,100,53
91,49,102,52
91,52,102,51
95,59,102,47
100,54,102,53
102,63,102,44
102,43,102,62
104,43,102,61
103,53,102,45
107,62,102,37
110,64,102,30
107,59,102,33
108,59,102,28
107,57,102,37
106,55,102,28
111,54,102,30
117,54,102,30
126,52,102,28
103,50,102,28
100,49,102,28
98,48,102,27
NaN,NaN,NaN,-2
NaN,NaN,NaN,0
NaN,NaN,NaN,0
NaN,NaN,NaN,0
NaN,NaN,NaN,0
NaN,NaN,NaN,-1
156,64,52,65
156,63,54,65
155,63,58,66
157,63,58,65
160,63,60,65
158,63,62,65
158,63,65,65
157,62,65,65
154,62,66,65
151,62,66,65
150,61,65,66
147,62,66,65
145,62,66,65
145,62,65,64
