NaN,NaN,NaN,-1
335,164,25,60
333,163,25,60
330,160,27,65
327,161,26,64
317,160,27,64
312,160,27,65
309,160,27,65
NaN,NaN,NaN,-2
NaN,NaN,NaN,0
NaN,NaN,NaN,0
NaN,NaN,NaN,0
NaN,NaN,NaN,0
NaN,NaN,NaN,-1
329,160,23,57
329,160,23,57
329,160,23,57
329,160,23,57
329,160,23,57
329,160,23,57
329,160,23,57
329,160,23,57
329,160,23,57
329,160,23,57
329,160,23,57
329,160,23,57
329,160,23,57
329,160,23,57
329,160,23,57
329,160,23,57
329,160,23,57
329,160,23,57
329,160,23,57
329,160,23,57
329,160,23,57
329,160,23,57
329,160,23,57
329,160,23,57
329,160,23,57
329,160,23,57
329,160,23,57
329,160,23,57
329,160,23,57
329,160,23,57
329,160,23,57
329,160,23,57
329,160,23,57
329,160,23,57
329,160,23,57
329,160,23,57
329,160,23,57
329,160,23,57
329,160,23,57
329,160,23,57
329,160,23,57
329,160,23,57
329,160,23,57
329,160,23,57
329,160,23,57
329,160,23,57
329,160,23,57
329,160,23,57
329,160,23,57
329,160,23,57
329,160,23,57
329,160,23,57
329,160,23,57
329,160,23,57
329,160,23,57
329,160,23,57
329,160,23,57
329,160,23,57
329,160,23,57
329,160,23,57
329,160,23,57
329,160,23,57
329,160,23,57
329,160,23,57
329,160,23,57
329,160,23,57
329,160,23,57
329,160,23,57
329,160,23,57
329,160,23,57
329,160,23,57
329,160,23,57
329,160,23,57
329,160,23,57
329,160,23,57
329,160,23,57
329,160,23,57
329,160,23,57
329,160,23,57
329,160,23,57
329,160,23,57
329,160,23,57
329,160,23,57
329,160,23,57
329,160,23,57
329,160,23,57
329,160,23,57
329,160,23,57
329,160,23,57
329,160,23,57
329,160,23,57
329,160,23,57
329,160,23,57
329,160,23,57
329,160,23,57
329,160,23,57
329,160,23,57
329,160,23,57
NaN,NaN,NaN,-2
NaN,NaN,NaN,0
NaN,NaN,NaN,0
NaN,NaN,NaN,0
NaN,NaN,NaN,0
NaN,NaN,NaN,-1
365,156,23,56
365,155,23,55
366,155,23,55
366,157,22,54
368,157,23,56
367,154,26,62
367,153,26,62
365,154,26,62
364,155,27,67
363,155,28,68
362,155,28,69
362,155,28,68
364,157,27,66
366,159,27,65
367,160,26,64
369,160,28,68
368,154,31,76
369,154,31,76
370,154,32,78
372,156,32,77
373,157,32,77
371,155,35,84
372,156,34,83
373,157,34,82
376,159,33,80
375,160,35,84
378,160,34,82
390,161,29,69
392,161,29,71
393,161,29,71
396,164,28,69
392,156,36,87
393,155,36,87
394,154,36,87
392,154,38,92
391,154,40,96
391,154,39,95
391,153,40,96
385,144,51,124
386,142,52,125
386,143,52,125
386,145,51,124
385,145,50,120
385,145,49,119
385,145,49,118
386,145,50,121
385,145,53,128
386,145,55,133
392,146,53,127
403,148,46,111
417,148,46,112
419,148,48,115
421,147,48,115
424,147,47,113
428,146,46,112
432,146,46,111
433,146,46,112
435,145,46,112
438,143,46,111
440,141,45,109
441,141,45,108
444,140,45,108
445,140,44,105
445,140,44,105
445,140,44,105
446,141,43,105
448,143,43,103
449,145,44,105
450,148,43,104
450,149,43,104
456,153,35,84
456,152,36,87
456,152,36,87
453,155,35,84
450,155,34,81
448,155,33,81
446,155,33,80
443,156,34,83
443,156,34,82
442,156,34,82
441,156,34,82
442,155,34,81
444,153,34,82
444,152,34,83
444,152,35,84
444,152,34,82
444,151,34,82
444,150,33,81
444,149,33,81
445,149,32,78
444,149,32,78
443,148,32,77
440,146,33,80
439,146,33,81
439,146,33,80
440,147,32,79
439,148,32,78
436,145,35,85
436,145,35,85
437,145,35,84
437,145,35,84
438,145,35,84
438,145,35,84
438,144,35,86
438,143,36,86
438,142,36,87
438,142,36,87
438,142,36,87
438,142,36,87
438,142,36,87
438,142,36,87
438,142,36,87
440,142,35,85
441,141,35,85
440,141,37,89
440,141,37,89
440,141,37,89
445,139,37,89
450,139,36,88
458,141,34,81
464,141,33,79
464,141,33,79
NaN,NaN,NaN,-2
NaN,NaN,NaN,0
NaN,NaN,NaN,0
NaN,NaN,NaN,0
NaN,NaN,NaN,0
NaN,NaN,NaN,-1
532,129,25,60
535,127,25,60
536,127,24,57
536,127,23,56
536,129,20,49
536,128,19,47
535,128,19,47
532,127,19,46
530,126,19,46
527,125,21,51
524,123,23,55
522,123,23,55
520,122,22,54
518,121,22,54
516,121,22,54
513,122,22,54
508,123,21,51
506,122,20,50
505,121,20,49
503,120,20,48
500,117,20,49
498,117,21,51
497,116,21,52
496,115,20,49
493,110,20,49
490,106,21,50
489,105,20,50
486,104,20,48
484,101,21,51
483,99,21,50
482,97,20,49
483,96,19,47
483,95,20,48
484,95,20,49
484,95,21,51
485,94,20,49
486,93,19,47
486,91,19,47
486,91,19,47
488,92,18,45
489,92,19,46
490,92,19,46
490,90,18,43
491,88,18,43
491,87,18,44
491,87,18,45
491,88,18,45
488,88,21,51
487,88,21,51
486,88,21,51
484,88,21,52
483,88,21,51
481,90,20,50
478,91,21,51
475,89,21,50
471,89,20,48
467,89,19,47
462,89,19,47
458,90,20,48
455,93,20,48
450,95,21,50
446,95,21,52
439,95,21,50
437,96,20,50
436,97,20,49
435,99,20,48
433,98,21,50
432,98,19,47
431,98,19,47
429,97,19,47
428,97,20,48
428,98,20,48
428,99,20,48
428,99,21,50
428,100,20,49
428,99,21,50
427,99,21,50
427,100,20,50
427,101,20,50
425,98,21,50
424,97,20,49
422,97,20,49
421,96,20,49
419,99,19,47
417,99,20,50
413,97,20,48
411,97,20,48
411,97,20,48
408,99,20,49
406,98,21,51
405,97,21,52
403,96,21,52
400,96,20,49
398,97,20,49
395,98,21,52
392,97,22,53
390,96,22,53
387,96,22,54
383,97,22,52
377,97,22,54
374,97,21,52
371,96,21,51
371,96,21,51
371,96,21,51
