NaN,NaN,NaN,-1
140,39.038,19,101.43
140,39.038,19,101.43
140,39.038,19,101.43
140,39.038,19,101.43
140,39.038,19,101.43
140,39.038,19,101.43
139,39.038,19,101.43
139,39.038,19,101.43
139,39.038,19,101.43
139,39.783,19,101.43
139,39.783,19,101.43
138,39.783,19,101.43
138,39.783,19,101.43
138,39.783,19,101.43
138,40.529,19,101.43
137,40.529,19,101.43
137,41.275,19,101.43
137,41.275,19,101.43
136,42.021,19,101.43
136,42.021,19,101.43
136,42.021,19,101.43
136,42.767,19,101.43
135,42.767,19,101.43
135,43.513,19,101.43
134,44.258,19,101.43
134,44.258,19,101.43
133,44.258,19,101.43
133,45.004,19,101.43
132,45.004,19,101.43
132,45.004,19,101.43
131,45.75,19,101.43
131,45.75,19,101.43
130,45.75,19,101.43
130,46.496,19,101.43
129,46.496,19,101.43
129,46.496,19,101.43
128,47.987,19,101.43
128,49.479,19,101.43
128,50.225,19,101.43
127,50.225,19,101.43
127,47.987,19,101.43
126,46.496,19,101.43
126,45.004,19,101.43
125,43.513,19,101.43
125,42.021,19,101.43
125,41.275,19,101.43
124,36.8,19,101.43
124,36.8,19,101.43
124,36.8,19,101.43
124,35.308,19,101.43
123,33.071,19,101.43
123,30.087,19,101.43
123,28.596,19,101.43
122,25.613,19,101.43
122,23.375,19,101.43
122,22.629,19,101.43
122,21.883,19,101.43
122,20.392,19,101.43
121,18.154,19,101.43
121,16.663,19,101.43
121,15.917,19,101.43
121,15.171,19,101.43
121,14.425,19,101.43
121,13.679,19,101.43
120,12.933,19,101.43
120,12.933,19,101.43
120,12.933,19,101.43
120,12.933,19,101.43
120,12.933,19,101.43
120,12.933,19,101.43
119,12.933,19,101.43
119,13.679,19,101.43
119,14.425,19,101.43
119,15.917,19,101.43
118,15.917,19,101.43
118,16.663,19,101.43
118,18.9,19,101.43
117,19.646,19,101.43
117,21.137,19,101.43
117,22.629,19,101.43
116,24.121,19,101.43
116,26.358,19,101.43
115,27.85,19,101.43
115,30.087,19,101.43
114,31.579,19,101.43
114,34.563,19,101.43
113,36.054,19,101.43
113,39.038,19,101.43
112,40.529,19,101.43
111,42.767,19,101.43
111,44.258,19,101.43
110,45.004,19,101.43
109,30.087,19,101.43
108,31.579,19,101.43
108,29.342,19,101.43
107,34.563,19,101.43
106,36.054,19,101.43
105,38.292,19,101.43
104,40.529,19,101.43
104,42.767,19,101.43
NaN,NaN,NaN,-2
NaN,NaN,NaN,0
NaN,NaN,NaN,0
NaN,NaN,NaN,0
NaN,NaN,NaN,0
NaN,NaN,NaN,-1
128,41.275,46,47.733
128,41.275,46,47.733
128,41.275,46,47.733
128,41.275,46,47.733
128,41.275,46,47.733
128,41.275,46,47.733
127,41.275,46,47.733
127,41.275,46,47.733
127,41.275,46,47.733
127,41.275,46,47.733
126,42.021,46,47.733
126,42.021,46,47.733
126,42.021,46,47.733
126,42.021,46,47.733
126,42.021,46,47.733
125,42.767,46,47.733
125,42.767,46,47.733
125,42.767,46,47.733
125,42.767,46,47.733
124,43.513,46,47.733
124,43.513,46,47.733
124,45.004,46,47.733
124,45.004,46,47.733
123,45.75,46,47.733
123,45.75,46,47.733
123,45.75,46,47.733
122,46.496,46,47.733
122,47.242,46,47.733
122,47.242,46,47.733
121,47.987,46,47.733
121,47.987,46,47.733
120,48.733,46,47.733
120,48.733,46,47.733
120,49.479,46,47.733
120,49.479,46,47.733
119,50.971,46,47.733
119,50.971,46,47.733
118,52.462,46,47.733
118,53.208,46,47.733
117,54.7,46,47.733
117,55.446,46,47.733
117,58.429,46,47.733
117,59.175,46,47.733
117,62.158,46,47.733
115,45.004,46,47.733
115,44.258,46,47.733
114,45.75,46,47.733
115,67.379,46,47.733
115,67.379,46,47.733
115,68.125,46,47.733
115,69.617,46,47.733
115,70.362,46,47.733
115,71.108,46,47.733
115,71.854,46,47.733
113,55.446,46,47.733
113,54.7,46,47.733
113,53.208,46,47.733
113,51.717,46,47.733
113,50.225,46,47.733
113,49.479,46,47.733
112,47.987,46,47.733
112,47.242,46,47.733
112,46.496,46,47.733
112,45.75,46,47.733
112,45.004,46,47.733
112,45.004,46,47.733
111,45.004,46,47.733
111,45.004,46,47.733
111,45.004,46,47.733
111,45.004,46,47.733
111,45.75,46,47.733
110,45.75,46,47.733
110,46.496,46,47.733
110,47.242,46,47.733
110,47.987,46,47.733
109,49.479,46,47.733
109,50.225,46,47.733
108,51.717,46,47.733
107,53.208,46,47.733
107,54.7,46,47.733
NaN,NaN,NaN,-2
NaN,NaN,NaN,0
NaN,NaN,NaN,0
NaN,NaN,NaN,0
NaN,NaN,NaN,0
NaN,NaN,NaN,-1
115,86.771,59,54.446
115,86.771,59,54.446
114,86.771,59,54.446
114,86.771,59,54.446
114,86.025,59,54.446
114,86.025,59,54.446
113,86.025,59,54.446
113,85.279,59,54.446
113,85.279,59,54.446
113,84.533,59,54.446
112,83.787,59,54.446
112,83.042,59,54.446
112,83.042,59,54.446
111,82.296,59,54.446
111,81.55,59,54.446
110,80.804,59,54.446
110,79.313,59,54.446
110,78.567,59,54.446
109,77.821,59,54.446
109,76.329,59,54.446
109,75.583,59,54.446
108,74.092,59,54.446
108,72.6,59,54.446
107,71.108,59,54.446
107,70.362,59,54.446
106,68.871,59,54.446
106,67.379,59,54.446
105,65.888,59,54.446
105,64.396,59,54.446
104,62.158,59,54.446
104,60.667,59,54.446
103,59.175,59,54.446
103,57.683,59,54.446
102,56.192,59,54.446
102,54.7,59,54.446
101,53.208,59,54.446
101,50.225,59,54.446
100,48.733,59,54.446
