NaN,NaN,NaN,-1
139,36.054,19,106.65
139,36.054,19,106.65
139,36.054,19,106.65
139,36.8,19,106.65
139,36.8,19,106.65
139,36.8,19,106.65
138,36.8,19,106.65
138,36.8,19,106.65
138,36.8,19,106.65
138,37.546,19,106.65
138,37.546,19,106.65
138,37.546,19,106.65
138,37.546,19,106.65
137,38.292,19,106.65
137,38.292,19,106.65
137,38.292,19,106.65
137,39.038,19,106.65
136,39.038,19,106.65
136,39.783,19,106.65
136,39.783,19,106.65
135,40.529,19,106.65
135,40.529,19,106.65
135,41.275,19,106.65
134,41.275,19,106.65
134,41.275,19,106.65
133,42.021,19,106.65
133,42.021,19,106.65
132,42.767,19,106.65
132,43.513,19,106.65
131,43.513,19,106.65
131,43.513,19,106.65
130,43.513,19,106.65
130,44.258,19,106.65
129,44.258,19,106.65
129,45.004,19,106.65
129,45.75,19,106.65
128,46.496,19,106.65
128,47.987,19,106.65
128,49.479,19,106.65
127,49.479,19,106.65
127,48.733,19,106.65
127,50.225,19,106.65
127,50.971,19,106.65
125,41.275,19,106.65
125,40.529,19,106.65
125,40.529,19,106.65
124,39.038,19,106.65
124,36.8,19,106.65
124,35.308,19,106.65
124,34.563,19,106.65
123,32.325,19,106.65
123,30.833,19,106.65
123,27.104,19,106.65
122,24.867,19,106.65
122,23.375,19,106.65
122,22.629,19,106.65
122,21.137,19,106.65
122,19.646,19,106.65
121,18.154,19,106.65
121,16.663,19,106.65
121,15.917,19,106.65
121,15.171,19,106.65
121,14.425,19,106.65
121,13.679,19,106.65
121,13.679,19,106.65
120,12.933,19,106.65
120,12.933,19,106.65
120,12.933,19,106.65
120,12.933,19,106.65
120,12.933,19,106.65
119,12.933,19,106.65
119,13.679,19,106.65
119,14.425,19,106.65
119,15.171,19,106.65
118,15.917,19,106.65
118,16.663,19,106.65
118,18.154,19,106.65
117,19.646,19,106.65
117,21.137,19,106.65
117,22.629,19,106.65
116,24.121,19,106.65
116,26.358,19,106.65
115,27.85,19,106.65
115,30.087,19,106.65
114,32.325,19,106.65
114,34.563,19,106.65
113,36.054,19,106.65
113,39.038,19,106.65
112,40.529,19,106.65
112,43.513,19,106.65
111,45.004,19,106.65
110,45.004,19,106.65
109,30.833,19,106.65
108,31.579,19,106.65
108,53.954,19,106.65
107,56.938,19,106.65
106,58.429,19,106.65
106,60.667,19,106.65
105,62.904,19,106.65
104,65.142,19,106.65
NaN,NaN,NaN,-2
NaN,NaN,NaN,0
NaN,NaN,NaN,0
NaN,NaN,NaN,0
NaN,NaN,NaN,0
NaN,NaN,NaN,-1
127,40.529,45,49.971
127,40.529,45,49.971
127,40.529,45,49.971
127,40.529,45,49.971
127,40.529,45,49.971
127,40.529,45,49.971
126,40.529,45,49.971
126,40.529,45,49.971
126,40.529,45,49.971
126,40.529,45,49.971
126,40.529,45,49.971
125,41.275,45,49.971
125,41.275,45,49.971
125,41.275,45,49.971
125,41.275,45,49.971
124,41.275,45,49.971
124,41.275,45,49.971
124,41.275,45,49.971
123,42.021,45,49.971
123,42.021,45,49.971
122,42.021,45,49.971
122,42.767,45,49.971
122,43.513,45,49.971
122,43.513,45,49.971
121,44.258,45,49.971
121,44.258,45,49.971
120,44.258,45,49.971
120,45.004,45,49.971
120,45.75,45,49.971
119,45.75,45,49.971
118,46.496,45,49.971
118,46.496,45,49.971
117,46.496,45,49.971
117,47.242,45,49.971
116,47.987,45,49.971
116,48.733,45,49.971
115,49.479,45,49.971
115,50.971,45,49.971
114,52.462,45,49.971
114,53.208,45,49.971
114,53.954,45,49.971
114,55.446,45,49.971
113,57.683,45,49.971
113,57.683,45,49.971
112,44.258,45,49.971
111,43.513,45,49.971
111,62.158,45,49.971
111,62.158,45,49.971
111,62.904,45,49.971
111,65.142,45,49.971
110,65.888,45,49.971
110,65.888,45,49.971
110,65.888,45,49.971
110,67.379,45,49.971
109,50.971,45,49.971
109,49.479,45,49.971
108,47.987,45,49.971
108,46.496,45,49.971
108,45.004,45,49.971
108,44.258,45,49.971
108,42.767,45,49.971
107,42.021,45,49.971
107,41.275,45,49.971
107,41.275,45,49.971
107,40.529,45,49.971
107,39.783,45,49.971
107,39.783,45,49.971
107,39.783,45,49.971
106,39.783,45,49.971
106,39.783,45,49.971
106,40.529,45,49.971
106,41.275,45,49.971
106,42.021,45,49.971
105,42.767,45,49.971
105,43.513,45,49.971
105,44.258,45,49.971
104,45.75,45,49.971
104,47.242,45,49.971
104,47.987,45,49.971
103,49.479,45,49.971
NaN,NaN,NaN,-2
NaN,NaN,NaN,0
NaN,NaN,NaN,0
NaN,NaN,NaN,0
NaN,NaN,NaN,0
NaN,NaN,NaN,-1
114,84.533,58,57.429
114,84.533,58,57.429
113,84.533,58,57.429
113,84.533,58,57.429
113,84.533,58,57.429
113,83.787,58,57.429
112,83.787,58,57.429
112,83.042,58,57.429
112,83.042,58,57.429
111,82.296,58,57.429
111,82.296,58,57.429
111,81.55,58,57.429
110,80.804,58,57.429
110,80.058,58,57.429
110,79.313,58,57.429
109,78.567,58,57.429
109,77.075,58,57.429
109,76.329,58,57.429
108,75.583,58,57.429
108,74.838,58,57.429
107,73.346,58,57.429
107,71.854,58,57.429
106,70.362,58,57.429
106,69.617,58,57.429
105,68.125,58,57.429
105,66.633,58,57.429
104,65.142,58,57.429
104,63.65,58,57.429
103,62.158,58,57.429
103,60.667,58,57.429
102,59.175,58,57.429
102,57.683,58,57.429
101,54.7,58,57.429
101,53.954,58,57.429
100,53.208,58,57.429
100,48.733,58,57.429
99,47.242,58,57.429
99,45.004,58,57.429
