NaN,NaN,NaN,-1
129,123,81,107
132,124,81,107
131,121,81,107
130,120,81,107
130,120,81,107
132,116,81,107
129,120,81,107
129,117,81,107
131,120,81,107
129,121,81,107
126,121,81,107
127,121,81,107
124,126,81,107
122,121,81,107
121,124,81,107
119,124,81,107
116,125,81,107
113,129,81,107
109,128,81,107
108,126,81,107
105,124,81,107
101,124,81,107
102,121,81,107
101,118,81,107
101,115,81,107
100,115,81,107
97,116,81,107
98,110,81,107
98,104,81,107
95,107,81,107
99,101,81,107
92,101,81,107
101,101,81,107
91,103,81,107
97,101,81,107
96,101,81,107
95,100,81,107
95,100,81,107
95,97,81,107
97,96,81,107
103,99,81,107
100,100,81,107
106,101,81,107
105,97,81,107
110,103,81,107
109,101,81,107
114,97,81,107
116,99,81,107
117,100,81,107
122,101,81,107
119,101,81,107
126,104,81,107
127,107,81,107
128,104,81,107
127,102,81,107
130,100,81,107
128,103,81,107
129,105,81,107
132,109,81,107
141,116,81,107
144,120,81,107
143,124,81,107
144,127,81,107
145,129,81,107
146,129,81,107
143,133,81,107
145,131,81,107
146,124,81,107
148,122,81,107
149,128,81,107
149,130,81,107
147,126,81,107
149,126,81,107
146,130,81,107
146,128,81,107
148,126,81,107
146,126,81,107
146,125,81,107
147,125,81,107
139,131,81,107
144,128,81,107
142,122,81,107
142,128,81,107
165,143,81,107
161,159,81,107
164,175,81,107
159,162,81,107
157,152,81,107
154,140,81,107
152,137,81,107
151,148,81,107
144,127,81,107
142,129,81,107
142,126,81,107
142,131,81,107
141,131,81,107
141,136,81,107
139,133,81,107
140,136,81,107
140,130,81,107
141,134,81,107
140,132,81,107
140,132,81,107
141,133,81,107
140,136,81,107
139,135,81,107
140,136,81,107
141,140,81,107
140,140,81,107
139,134,81,107
139,138,81,107
139,131,81,107
139,131,81,107
140,134,81,107
139,134,81,107
139,133,81,107
136,131,81,107
137,135,81,107
139,138,81,107
139,133,81,107
138,134,81,107
139,139,81,107
137,137,81,107
137,136,81,107
136,136,81,107
137,139,81,107
137,134,81,107
137,135,81,107
138,134,81,107
137,135,81,107
135,131,81,107
134,133,81,107
132,132,81,107
135,132,81,107
136,132,81,107
131,129,81,107
128,124,81,107
125,128,81,107
126,130,81,107
126,130,81,107
124,127,81,107
125,129,81,107
125,131,81,107
125,126,81,107
123,124,81,107
120,127,81,107
120,124,81,107
118,129,81,107
118,127,81,107
117,128,81,107
117,126,81,107
115,128,81,107
117,126,81,107
116,127,81,107
113,127,81,107
115,125,81,107
115,127,81,107
113,127,81,107
114,126,81,107
115,125,81,107
113,128,81,107
117,127,81,107
115,127,81,107
113,127,81,107
113,125,81,107
113,125,81,107
115,126,81,107
116,125,81,107
115,123,81,107
113,123,81,107
111,124,81,107
108,122,81,107
107,122,81,107
105,120,81,107
105,128,81,107
105,127,81,107
103,130,81,107
103,128,81,107
100,134,81,107
100,134,81,107
99,133,81,107
99,135,81,107
100,131,81,107
100,132,81,107
100,134,81,107
100,132,81,107
98,133,81,107
99,137,81,107
98,132,81,107
97,136,81,107
99,138,81,107
100,133,81,107
103,133,81,107
99,136,81,107
100,135,81,107
100,134,81,107
102,136,81,107
99,136,81,107
102,138,81,107
109,137,81,107
102,136,81,107
100,135,81,107
102,137,81,107
100,137,81,107
99,138,81,107
97,139,81,107
99,140,81,107
96,137,81,107
97,141,81,107
97,140,81,107
99,143,81,107
97,142,81,107
95,141,81,107
98,141,81,107
97,141,81,107
98,142,81,107
99,142,81,107
99,138,81,107
102,144,81,107
100,140,81,107
102,134,81,107
101,132,81,107
101,131,81,107
99,121,81,107
101,114,81,107
104,116,81,107
103,116,81,107
105,108,81,107
114,111,81,107
115,111,81,107
113,102,81,107
116,105,81,107
115,103,81,107
116,103,81,107
116,103,81,107
115,106,81,107
114,102,81,107
115,105,81,107
116,109,81,107
116,111,81,107
117,110,81,107
118,113,81,107
120,110,81,107
120,108,81,107
119,111,81,107
121,111,81,107
121,113,81,107
121,113,81,107
121,114,81,107
122,114,81,107
123,115,81,107
123,119,81,107
123,117,81,107
124,120,81,107
124,121,81,107
125,121,81,107
124,120,81,107
122,123,81,107
120,123,81,107
121,126,81,107
123,124,81,107
122,125,81,107
121,125,81,107
122,125,81,107
122,125,81,107
121,127,81,107
124,128,81,107
121,128,81,107
121,123,81,107
119,128,81,107
121,125,81,107
122,119,81,107
120,120,81,107
117,118,81,107
117,123,81,107
115,120,81,107
117,119,81,107
115,119,81,107
113,119,81,107
112,121,81,107
109,122,81,107
108,125,81,107
106,119,81,107
106,122,81,107
102,123,81,107
107,122,81,107
103,120,81,107
104,119,81,107
105,120,81,107
104,124,81,107
103,117,81,107
105,125,81,107
105,120,81,107
104,123,81,107
106,124,81,107
105,123,81,107
102,120,81,107
103,119,81,107
104,122,81,107
103,119,81,107
101,122,81,107
103,122,81,107
102,122,81,107
101,119,81,107
101,124,81,107
102,125,81,107
102,119,81,107
101,122,81,107
99,119,81,107
104,121,81,107
104,126,81,107
103,123,81,107
100,122,81,107
99,116,81,107
102,119,81,107
98,118,81,107
106,125,81,107
105,116,81,107
104,115,81,107
111,123,81,107
110,128,81,107
110,131,81,107
110,125,81,107
109,128,81,107
110,129,81,107
109,132,81,107
108,130,81,107
108,129,81,107
107,131,81,107
105,129,81,107
105,129,81,107
106,129,81,107
103,125,81,107
105,131,81,107
104,128,81,107
102,131,81,107
101,128,81,107
101,127,81,107
102,129,81,107
98,130,81,107
99,131,81,107
95,131,81,107
93,131,81,107
90,131,81,107
88,129,81,107
88,132,81,107
87,130,81,107
85,127,81,107
85,130,81,107
88,127,81,107
89,128,81,107
92,127,81,107
93,129,81,107
94,128,81,107
97,129,81,107
98,131,81,107
95,130,81,107
98,132,81,107
98,127,81,107
96,134,81,107
96,135,81,107
97,131,81,107
94,133,81,107
96,131,81,107
96,133,81,107
95,128,81,107
98,133,81,107
99,134,81,107
97,129,81,107
100,130,81,107
101,129,81,107
102,129,81,107
102,126,81,107
104,130,81,107
106,129,81,107
107,130,81,107
107,127,81,107
105,130,81,107
106,128,81,107
105,127,81,107
107,125,81,107
108,125,81,107
110,129,81,107
110,126,81,107
111,126,81,107
110,125,81,107
113,125,81,107
116,140,81,107
112,124,81,107
114,122,81,107
111,125,81,107
114,122,81,107
112,121,81,107
115,122,81,107
111,122,81,107
110,121,81,107
110,123,81,107
109,120,81,107
109,118,81,107
106,118,81,107
106,117,81,107
104,123,81,107
105,118,81,107
105,120,81,107
107,125,81,107
110,121,81,107
111,119,81,107
111,121,81,107
107,118,81,107
107,121,81,107
107,120,81,107
107,121,81,107
106,124,81,107
106,127,81,107
