NaN,NaN,NaN,-1
152.31,93.214,19.203,44.291
151.71,93.125,19.205,44.432
150.83,90.169,19.218,44.531
149.6,88.291,19.415,44.523
149.36,86.119,19.776,45.532
150.13,84.896,20.082,45.697
151.62,83.898,20.268,46.341
153.42,83.32,19.986,46.012
154.81,82.948,20.242,46.047
155.56,82.447,20.546,46.8
156.71,82.283,20.862,46.737
155.47,81.914,21.075,46.814
153.72,81.389,21.934,48.073
152.63,81.253,22.29,48.759
150.83,81.33,22.628,48.943
147.74,81.15,22.153,49.35
142.59,80.619,21.967,49.779
137.29,80.796,22.604,50.286
132.87,79.779,23.665,51.166
129.57,79.465,24.076,51.641
128.97,78.836,23.907,51.475
129.11,79.137,24.096,51.532
130.41,78.445,22.481,51.447
131.44,78.415,22.122,51.009
132.59,78.15,22.053,50.46
133.82,76.964,22.936,51.917
135.23,76.29,22.855,52.008
136.94,76.419,22.717,51.867
139.03,75.775,23.082,52.227
141.69,76.127,22.841,52.398
143.7,76.636,23.101,52.04
146.82,76.322,22.399,51.927
148.43,75.526,22.953,52.618
150.53,75.432,23.249,52.915
149.94,75.01,23.597,53.76
149.58,75.514,23.897,53.423
149.31,74.659,24.268,54.262
150.76,74.496,24.147,54.25
152.48,74.152,24.159,55.077
153.26,74.916,23.961,55.675
154.15,74.748,24.62,56.146
155.67,75.369,23.705,55.359
156.12,76.014,24.059,55.409
156.5,75.308,24.632,55.966
157.38,75.116,24.808,56.396
157.96,74.683,26.313,57.728
160.4,75.696,25.199,57.279
162.28,76.132,24.861,55.813
164.43,75.704,24.245,55.818
163.67,75.272,26.112,57.446
163.93,76.164,24.637,56.965
163.39,75.731,24.54,56.514
162.45,75.233,25.06,58.208
160.24,75.188,25.489,58.468
158,75.169,25.67,58.809
155.29,75.664,25.882,58.62
149.65,75.885,25.432,58.844
142.63,75.834,25.28,58.47
135.8,76.838,25.636,57.821
130.7,75.264,25.294,58.128
126.3,73.88,25.865,59.414
126.72,72.103,25.673,59.153
127.51,71.34,25.474,59.208
128.74,70.095,26.123,60.309
132.39,68.977,27.072,61.221
137.65,68.262,26.782,60.832
141.56,68.115,27.2,60.742
147.67,67.275,27.13,60.997
152.91,67.147,27.592,61.619
159.31,66.786,27.635,61.458
164.12,66.736,28.835,62.788
168.53,67.423,27.586,61.448
172.12,67.873,27.817,62.125
174.89,67.428,28.517,63.142
175.21,67.945,28.018,63.331
175.42,68.467,27.541,63.341
174.13,69.954,27.53,62.934
174.5,70.662,27.501,63.618
174.75,71.17,27.626,64.145
175,72.105,27.85,64.645
175.92,72.848,27.916,65.113
177.24,73.001,29.169,65.426
178.29,72.631,29.543,66.404
180.3,73.308,29.688,66.643
182.1,73.419,29.258,67.341
184.49,74.246,29.281,67.359
187.32,74.656,29.373,67.052
189.29,74.692,29.544,67.469
191.5,75.133,28.964,66.919
193.94,75.035,28.667,66.771
194.37,74.048,29.583,68.07
193.48,71.968,30.174,69.12
192.33,69.776,30.166,69.205
192.87,69.392,29.817,68.011
192.72,66.713,29.574,67.86
189.77,64.896,29.23,67.601
184.91,63.349,30.981,69.131
182.61,62.319,30.016,68.279
180.8,60.54,31.111,68.974
180.15,60.25,31.938,68.35
179.13,59.6,31.707,68.737
178.76,59.263,31.617,68.621
177.61,57.689,32.341,70.049
178.17,57.291,32.377,69.857
179.42,57.768,31.254,68.88
180.04,57.354,31.959,69.359
179.68,56.955,32.768,69.948
177.2,57.461,31.997,69.67
173.69,57.47,31.17,69.097
172.44,59.11,30.967,68.063
171.4,59.421,30.308,67.396
169.66,58.433,30.246,68.111
166.39,58.324,30.953,68.277
163.51,59.011,30.854,67.86
161.04,59.926,29.701,66.42
159.12,60.434,30.352,66.819
155.79,61.936,30.84,66.53
153.91,62.204,30.22,67.082
153.36,62.631,29.798,66.762
151.43,65.71,30.228,65.555
149.63,68.627,31.166,65.552
147.18,69.449,31.463,65.671
146.93,70.296,30.589,65.743
145.66,72.114,30.036,65.765
148.65,73.213,31.168,65.707
155.23,73.802,31.432,65.368
162,74.34,31.082,64.899
167.82,74.447,30.728,64.578
173.69,73.338,30.351,63.899
178.18,73.192,29.922,62.248
181.4,70.017,29.908,62.878
185.21,68.729,30.134,63.491
189.66,67.722,29.469,62.647
192.95,67.089,29.293,61.775
195.27,66.453,29.48,60.533
198.99,66.031,28.808,60.086
200.56,65.217,30.459,60.097
202.23,65.329,29.392,59.881
201.47,65.073,29.498,59.453
198.62,65.912,29.951,60.152
191.63,68.901,30.55,60.258
182.08,70.644,30.577,60.506
176.09,75.103,29.702,59.339
168.49,80.022,29.808,58.721
162.05,82.341,28.865,57.237
158.09,85.962,27.685,55.629
155.9,87.516,28.145,55.601
151.01,86.925,29.744,56.867
149.06,87.592,29.199,56.556
147.56,86.604,29.351,54.878
148.89,84.409,30.066,55.455
151.48,81.226,29.529,55.015
153.52,78.694,29.657,54.466
154.9,78.002,29.047,53.933
155.71,76.563,29.342,54.094
154.69,75.111,29.172,53.684
153.62,74.64,29.029,53.735
153.67,73.674,28.342,53.663
152.34,73.207,28.476,53.231
150.56,72.892,28.545,53.009
147.78,72.323,28.489,52.768
144.76,72.567,28.076,51.572
140.53,71.91,27.061,51.453
136,72.4,26.94,50.406
131.59,72.983,27.883,50.817
129.33,73.182,27.891,50.602
131.51,73.886,27.963,50.391
132.4,74.273,27.697,50.148
133.31,74.523,27.764,50.258
133.29,73.995,26.777,49.531
128.75,73.058,25.824,48.814
121.58,82.112,24.529,46.796
117.71,81.635,24.092,47.272
110.64,79.556,24.138,47.611
107.07,81.062,23.477,46.53
NaN,NaN,NaN,-2
NaN,NaN,NaN,0
NaN,NaN,NaN,0
NaN,NaN,NaN,0
NaN,NaN,NaN,0
NaN,NaN,NaN,-1
115.71,81.579,21.227,50.42
112.25,84.001,21.214,50.139
113.17,84.392,21.219,49.841
116.69,85.022,21.028,49.848
122.08,85.881,20.732,49.392
125.05,85.905,21.175,49.814
129.04,86.422,21.163,50.106
131.78,86.156,20.692,49.068
134.15,86.648,21.009,48.493
136.88,87.069,20.513,48.271
138.94,87.223,20.389,47.882
141.68,86.735,20.632,48.262
143.4,88.093,20.332,46.725
144.24,87.612,20.728,47.144
143.9,87.057,20.477,47.331
143.56,86.433,20.322,47.304
143.82,87.04,19.984,46.761
143.59,86.822,19.746,45.962
144.35,86.77,19.874,46.18
144.49,86.898,19.254,45.718
142.67,87.063,19.233,45.159
140.45,87.447,18.627,44.484
138.15,87.139,19.155,45.116
138.15,88.106,18.768,43.95
140.99,88.11,18.731,43.515
143.07,86.945,18.388,42.919
144.36,85.637,18.085,42.941
143.96,84.998,17.979,42.319
142.58,85.28,17.786,41.518
141.21,85.517,17.35,41.155
139.17,85.202,17.339,41.229
139.13,85.118,17.941,40.936
139.22,84.384,17.619,40.692
138.81,84.785,16.837,39.555
137.12,84.735,16.832,39.891
135.21,84.369,16.95,39.86
134.52,84.89,16.715,39.805
132.74,86.05,16.608,38.988
130.16,86.826,16.383,38.746
130.25,86.994,16.996,39.505
135.43,87.803,16.786,39.344
140.49,88.009,16.618,38.564
143.95,88.302,16.615,38.204
147.4,88.025,16.124,37.828
148.08,88.068,15.969,37.813
148.59,87.052,16.607,38.106
152.05,86.207,16.977,39.048
156.81,86.932,16.471,37.356
159.66,86.913,16.303,37.029
161.76,86.781,16.376,37.019
162.46,86.108,16.563,37.062
164.04,86.896,15.649,35.737
163.97,86.875,15.895,36.339
165.28,86.664,15.725,36.191
165.59,86.628,15.47,36.168
166.26,86.884,15.858,36.074
165.38,86.543,16.042,36.57
164.97,86.328,16.084,36.893
164.9,87.143,15.332,35.821
165.46,86.573,15.48,35.26
168.08,86.623,15.574,35.243
170.82,86.859,15.043,35
173.07,87.038,14.794,33.862
174.01,86.628,14.774,33.089
174.68,85.747,15.185,33.732
176.69,85.848,15.836,34.95
178.75,86.066,14.982,32.703
179.37,86.359,14.75,32.266
180.21,86.332,14.96,32.906
179.65,86.444,15.336,33.205
180.11,87.799,14.918,32.641
180.12,88.799,15.105,33.093
180.25,89.812,14.94,33.017
180.72,92.19,14.621,32.428
180.23,93.348,14.36,32.331
178.57,94.403,15.135,32.689
177.61,95.101,14.734,32.659
177.73,95.494,13.992,32.391
177.24,96.78,13.272,31.268
176.38,97.911,13.035,30.749
175.07,97.889,13.273,30.841
174.32,98.108,13.203,31.386
173.21,98.006,13.458,31.663
172.72,98.154,13.26,31.386
172.69,99.162,13.53,31.329
173.36,99.416,12.731,30.046
173.89,98.97,13.412,30.828
175.02,98.353,13.298,30.647
176.31,98.688,13.332,30.507
