NaN,NaN,NaN,-1
337.87,170.78,24.438,58.337
334.97,171.57,25.227,56.76
331.1,171.53,31.533,57.548
339.02,168.56,30.745,59.913
339.06,167.88,29.957,59.125
334.83,168.63,28.38,58.337
332.71,168.6,27.592,59.125
328.2,167.09,32.322,60.702
330.88,169.17,36.263,62.278
329.56,172.25,33.898,57.548
328.7,170.93,37.052,55.183
325.15,169.92,36.263,61.49
321.6,172.14,35.475,59.913
314.76,166.05,44.147,67.797
314.01,166.09,44.935,67.008
308.27,165.41,44.935,66.22
301.98,160.21,51.531,70.162
298.35,156.52,58.337,72.527
293.4,155.12,56.76,71.738
288.46,153.01,55.183,70.95
294.73,150.25,43.358,68.585
290.46,146.7,42.57,67.797
NaN,NaN,NaN,-2
NaN,NaN,NaN,0
NaN,NaN,NaN,0
NaN,NaN,NaN,0
NaN,NaN,NaN,0
NaN,NaN,NaN,-1
330.45,150.25,29.957,68.585
328.16,147.13,33.11,74.103
331.14,155.44,30.745,64.643
328.66,151.79,53.607,66.22
330.92,150.71,67.008,58.388
330.1,152.26,69.373,55.972
328.7,151.5,68.585,56.76
331.1,152.29,47.3,55.183
330.96,153.01,50.453,55.183
334.75,153.37,45.723,47.3
336.73,153.78,49.665,46.112
336.01,153.47,49.665,44.935
335.97,155.01,50.453,42.57
333.68,153.44,53.607,45.723
332.03,152.65,58.337,47.3
326.48,152.76,70.162,44.935
329.63,152.15,48.088,42.57
329.13,154.51,43.358,37.84
330.1,155.23,37.84,37.84
332.78,156.23,41.782,31.533
334.9,158.42,42.57,30.745
338.91,156.02,33.11,36.263
336.05,156.91,33.11,32.322
338.23,158.28,32.322,33.898
338.88,158.2,33.898,35.475
341.67,155.91,35.475,38.628
341.46,153.15,40.205,36.263
341.42,156.16,40.993,33.11
340.63,156.13,42.57,33.898
339.91,153.87,42.57,36.263
338.66,152.72,38.628,45.723
340.77,152,39.417,45.723
340.63,152.72,42.57,45.723
336.47,154.12,39.417,46.512
332.89,153.51,39.417,44.147
330.6,150.57,42.57,45.723
328.34,151.29,44.935,45.723
328.63,150.75,38.628,41.782
327.23,151.5,37.84,40.993
325.76,151.5,38.628,40.993
322.5,154.41,47.3,40.205
321.03,156.3,39.836,45.723
320.74,154.05,38.628,48.088
321.53,153.37,37.052,47.3
321.42,152.69,39.417,46.512
321.25,151.97,43.358,46.512
323.36,151.43,44.147,42.57
323.4,152.15,43.358,42.57
324.26,155.19,40.205,38.628
321.35,156.09,40.993,34.687
319.78,157.81,44.147,28.38
318.27,158.49,45.723,29.168
316.77,156.95,47.3,31.533
313.72,155.52,51.242,31.533
312.57,157.02,44.935,29.957
311.07,157.02,46.512,29.957
311.18,157.7,44.147,30.745
310.93,156.7,49.665,37.052
307.27,156.7,51.242,37.052
311.86,157.45,44.935,36.263
313.18,157.99,47.3,40.205
312.39,159.49,48.877,38.628
313.29,159.35,60.702,41.782
314.76,156.34,59.913,44.935
316.23,157.24,59.125,40.993
315.12,156.45,67.797,42.57
318.99,157.13,61.49,43.358
322.03,157.88,57.548,42.57
327.84,155.62,55.972,44.935
331.03,156.41,48.877,43.358
330.28,155.59,49.665,45.723
337.34,156.45,36.263,42.57
338.05,155.7,36.263,43.358
338.88,154.48,33.898,38.628
338.91,153.72,33.11,39.417
338.95,153.87,32.322,36.263
339.7,154.76,31.533,32.322
341.1,156.16,32.322,33.11
340.27,156.16,34.687,33.11
339.41,156.23,37.84,31.533
341.71,157.02,34.687,29.957
345.36,157.06,33.11,29.168
346.08,157.77,33.11,29.168
350.49,153.87,30.745,36.263
353.28,153.04,32.322,38.628
356.25,152.94,29.957,40.993
358.51,156.02,27.592,36.25
359.12,156.56,29.957,40.205
363.64,155.19,25.227,38.628
364.96,154.62,27.592,35.475
364.1,153.83,30.745,37.052
366.49,154.62,25.625,35.475
367.96,153.83,24.453,37.052
371.56,154.58,24.438,36.263
368.37,154.66,31.533,34.687
365.32,151.58,35.475,38.655
363.03,151.4,38.628,43.358
360.84,151.36,39.417,44.147
356.4,152.51,42.57,50.453
357.12,151.68,42.57,52.818
360.02,152.4,41.782,52.818
364.07,154.69,31.533,49.665
367,155.62,29.957,44.935
367.69,155.59,30.745,45.723
367.44,156.2,36.263,48.088
363.53,155.55,43.358,46.512
359.01,151.65,48.088,53.607
357.44,150.89,51.242,54.395
382.2,150.18,26.803,54.395
379.08,154.44,32.322,55.183
377.4,155.16,37.84,55.183
373.45,159.64,45.723,51.242
373.2,159.39,51.242,56.76
382.31,161.03,40.205,52.03
386.93,164.87,33.11,46.512
387.57,165.12,34.687,40.993
402.91,164.15,28.38,46.512
405.24,160.46,24.438,48.877
406.82,158.24,21.285,50.453
409.6,158.17,21.368,52.03
407.89,152.11,29.168,59.125
407.07,149.82,31.533,62.278
404.81,149.82,33.898,62.278
403.34,150.46,34.687,63.855
408.61,153.55,29.168,59.125
413.73,158.42,26.803,46.512
412.41,157.81,24.438,44.147
415.42,154.73,21.285,48.877
415.42,151.75,21.285,51.242
416.17,146.31,20.497,60.702
416.13,146.24,21.285,62.278
413.05,140.72,26.015,73.315
410.76,142.29,29.168,70.162
409.83,163.63,33.898,51.564
410.47,169.06,35.475,48.877
419.43,173.08,27.592,39.417
419.97,172.54,31.533,35.475
428.93,169.63,23.65,36.263
434.01,167.45,22.073,37.052
444.12,166.84,20.497,34.687
449.96,168.24,18.132,35.475
451.28,166.73,20.497,37.052
452.57,163.69,23.65,40.993
455.44,163.04,23.65,39.417
460.46,166.02,23.65,37.052
458.92,166.05,26.015,36.263
466.23,163.94,22.862,35.475
470.63,161.18,20.497,33.11
472.21,159.71,17.343,33.898
471.39,159.75,19.708,33.11
475.19,157.87,14.978,35.069
475.22,158.85,14.19,37.052
473.68,158.88,16.555,36.263
469.06,154.48,23.65,38.628
467.52,155.95,26.015,37.84
472,157.45,22.073,36.263
474.22,163.94,20.497,35.475
476.4,165.87,19.708,40.205
477.19,167.38,18.132,38.628
479.34,166.7,18.132,37.84
480.2,166.77,14.978,36.263
475.69,165.87,19.708,40.205
475.19,170.5,14.978,33.11
469.27,169.81,18.92,32.322
467.02,169.81,21.285,32.322
464.19,170.64,20.497,29.957
462.86,170.57,18.132,31.533
462.16,170.6,17.837,30.745
462.25,171.46,15.767,27.592
463.61,171.46,17.343,27.592
463.04,169.31,14.19,27.592
463.04,164.83,14.19,31.533
462.18,164.01,17.343,33.898
462.93,165.48,16.555,33.11
461.39,165.55,18.92,31.533
461.46,162.58,17.343,33.898
459.92,162.61,19.708,33.11
458.34,162.72,22.862,30.745
459.1,160.43,22.073,33.898
459.13,161.32,21.285,29.957
459.28,159.67,18.132,34.687
457.88,158.35,17.343,32.322
456.41,156.84,18.132,33.898
457.13,156.73,18.132,36.263
454.08,156.56,22.073,40.205
454.19,159.92,19.708,29.168
451.14,155.44,23.65,33.11
445.95,151,27.592,36.263
447.49,149.53,25.227,37.052
449.71,151.04,23.65,35.475
451.89,151.11,22.862,33.898
452.47,151.18,26.015,32.322
453.18,150.5,26.015,31.533
452.36,150.28,28.38,36.263
452.32,149.53,29.168,37.052
450.85,150.34,29.957,34.99
453.11,151.04,27.592,35.475
453.18,148.82,26.015,37.052
448.88,147.38,26.015,37.052
448.06,145.88,28.38,38.628
450.35,145.16,25.227,38.628
452.65,143.69,22.073,39.417
455.53,144.41,21.714,39.417
455.33,144.34,26.015,40.993
455.69,140.57,33.898,44.935
463.04,135.52,29.957,45.764
464.33,137.1,33.11,42.57
467.05,134.98,36.263,41.782
474.5,133.37,29.957,45.723
480.2,137.89,30.745,40.993
494.75,132.08,26.015,42.57
501.95,128.43,25.227,44.147
505.54,120.97,25.227,50.453
509.76,124.05,26.803,45.723
519.73,127.1,28.38,41.782
520.87,127.82,34.687,41.782
521.66,128.64,33.11,39.417
524.46,123.55,34.687,40.993
529.51,119.15,33.898,43.358
528.79,119.9,33.898,42.57
527.32,117.64,34.687,44.935
525.14,119.22,35.475,41.782
524.35,118.54,37.052,40.993
524.35,122.44,37.052,33.898
520.73,121.76,37.84,33.11
518.54,121.76,38.628,33.11
516.47,123.91,37.052,33.11
509.01,121.58,43.358,37.052
508.15,120.01,46.512,40.205
505.86,120.11,49.665,37.84
504.5,119.4,48.088,37.84
502.35,117.93,48.088,38.628
498.8,116.31,47.3,42.57
492.92,111.84,50.453,46.512
484.04,109.76,56.76,44.935
481.96,109.04,55.183,44.935
481.38,106.21,52.03,44.147
473.97,99.438,57.548,51.242
501.95,94.134,25.227,57.548
501.24,92.629,25.227,59.125
498.37,89.691,25.227,60.702
494.79,78.654,25.227,67.008
495.04,72.778,19.708,70.162
494.25,72.097,21.285,69.373
490.77,101.62,18.92,34.687
488.59,98.82,19.708,36.122
488.66,97.502,18.132,30.745
488.77,95.245,15.767,33.11
488.01,93.847,16.555,32.322
486.51,92.342,18.132,33.898
488.01,90.049,16.555,37.052
489.45,92.987,16.555,35.475
489.41,90.73,17.343,37.84
490.09,90.838,18.132,35.475
489.64,88.723,20.11,34.687
490.02,87.971,19.708,35.475
491.6,89.476,16.555,33.898
493.64,89.476,18.92,33.898
493.75,89.547,16.555,32.322
496.64,87.397,14.278,32.322
497.44,86.072,14.19,29.957
498.12,84.567,14.978,31.533
498.91,84.638,13.402,29.957
498.87,86.036,14.19,30.745
496.65,87.362,15.767,33.11
495.18,86.609,16.555,33.898
492.96,85.104,18.132,35.475
490.06,85.857,18.92,34.687
489.34,87.362,18.92,33.11
487.98,90.336,17.343,30.745
485.25,90.336,14.19,30.745
483.21,86.537,11.825,35.475
480.31,88.938,12.613,29.957
473,89.01,15.767,28.38
469.45,90.551,14.978,26.015
464.29,92.701,18.132,26.015
460.42,95.567,24.438,26.015
455.41,96.177,24.438,28.38
451.79,96.822,25.227,29.957
441.9,97.61,22.073,28.38
440.5,96.786,21.285,30.745
439.82,96.75,20.497,31.533
439.93,99.724,18.132,29.168
437.09,100.48,17.343,28.38
434.8,100.58,20.497,26.015
432.62,99.867,21.285,26.015
432.69,98.419,19.708,26.349
431.97,95.352,19.708,30.745
432.04,96.929,18.132,27.592
432.83,99.832,16.555,26.803
432.79,99.76,17.343,28.38
432.04,98.972,18.132,29.957
432.04,98.255,18.132,29.957
432.08,98.255,17.343,29.957
431.4,99.724,16.555,29.168
429.89,99.688,18.132,29.957
429.21,97.612,17.343,28.333
427.78,97.646,17.343,27.592
426.27,96.893,18.92,28.38
424.05,95.388,20.497,29.957
421.9,97.646,20.497,27.592
422.76,98.291,17.343,29.168
417.67,98.398,18.92,26.803
416.28,98.398,18.132,26.803
414.77,96.893,19.708,28.38
411.9,98.864,19.708,32.322
409.72,98.04,20.497,34.687
409.72,95.711,20.497,38.628
408.39,95.03,18.132,37.84
403.3,95.173,19.708,34.687
403.34,95.138,18.92,35.475
400.51,96.392,18.132,39.417
398.36,95.603,18.132,40.993
396.24,96.392,17.343,39.417
394.13,94.887,16.555,40.993
388.33,97.897,18.132,37.84
381.7,96.248,22.073,42.57
379.62,96.571,20.425,35.475
375.28,96.069,21.285,30.745
375.32,96.069,20.497,30.745
375.32,96.069,20.497,30.745
