NaN,NaN,NaN,-1
338.47,159.32,23.393,60.5
335.43,158.51,25.813,62.113
327.69,159.24,34.687,62.113
323.99,158.44,35.493,63.745
313.83,157.67,49.207,64.533
311.67,154.59,48.4,67.746
308.66,153.74,50.013,70.18
307.3,150.37,47.593,79.86
308.04,153.72,47.593,76.354
304.55,149.86,59.693,75.02
305.32,152.2,58.887,71.793
296.05,151.84,69.373,63.727
293.96,148.9,66.953,63.727
289.01,148.24,62.92,62.113
285.16,148.07,66.953,65.366
285.85,150.48,67.76,61.307
298.65,146.78,60.5,62.113
294.8,146.04,64.533,62.113
307.93,144.39,50.013,66.147
304.35,140.54,55.294,70.18
298.65,139.48,60.5,77.44
312.47,146.7,46.787,63.727
310.86,143.77,50.013,63.727
308.51,142.3,53.24,63.727
312.48,145.53,46.712,57.273
312.73,145.68,41.143,54.047
321.47,146.67,34.287,48.4
323.29,149.75,34.687,45.173
322.52,148.17,35.493,47.593
311.78,145.64,45.98,54.853
317.94,147.22,39.527,52.433
316.47,147.11,39.527,54.853
318.71,152.35,38.72,52.433
314.12,150.59,42.753,58.887
315.7,154.48,40.333,54.047
314.97,159.06,40.333,50.013
316.43,158.03,40.333,56.467
318.67,154.95,39.527,59.693
322.41,146.59,37.913,66.147
319.11,143.37,45.98,72.6
317.28,140.43,54.047,72.6
318.16,135.45,50.82,69.373
319.62,142.49,50.82,59.693
324.61,138.6,54.047,64.533
324.76,138.53,50.82,66.147
333.26,152.24,41.14,54.853
335.76,153.12,34.687,51.627
333.41,156.2,37.913,48.4
336.64,154.92,31.46,44.367
335.21,154.22,30.653,43.56
332.97,161.83,31.46,40.199
332.93,163.17,32.267,40.333
330.62,161.63,34.687,41.947
332.79,160.93,35.493,41.14
336.45,159.32,35.493,44.367
336.56,158.58,33.073,44.367
337.48,157.81,29.04,45.173
336.75,157.78,29.04,45.98
341.29,160.09,25.813,43.56
340.52,157.74,26.62,46.787
339.79,159.24,26.62,45.98
336.97,156.9,24.2,49.207
337.04,158.51,22.529,45.98
334.66,156.64,26.62,54.853
329.27,160.67,32.267,46.787
323.99,159.28,35.493,45.173
323.33,157.63,33.88,49.207
319.77,156.31,31.46,45.98
319.04,156.93,31.46,48.4
322.85,161.66,28.233,41.14
323.58,157.74,28.233,46.787
323.58,153.08,28.233,52.433
318.93,160.75,33.88,45.173
317.94,161.44,39.527,45.98
320.8,160.56,41.14,49.207
320.91,160.6,38.72,48.4
321.09,160.49,34.687,50.82
319.51,161.33,37.107,48.4
318.74,160.49,37.913,50.82
318.78,160.53,37.107,50.013
313.65,160.97,37.107,56.467
314.01,158.18,45.173,53.24
310.9,158.03,49.207,56.467
315.33,159.57,48.4,54.853
317.83,160.6,41.947,48.4
310.2,158.14,64.533,54.047
314.12,157.37,58.887,54.853
314.97,154.99,56.467,58.887
318.27,156.6,48.4,55.66
326.08,158.91,37.913,53.24
328.24,158.22,38.72,52.433
329.71,157.48,38.72,52.433
331.28,153.6,36.3,57.273
332.75,152.68,36.3,61.307
333.34,153.52,39.527,58.887
333.63,147.33,49.207,66.147
336.64,146.63,47.593,65.34
336.64,149.78,47.593,60.5
336.6,151.32,48.4,58.887
335.17,151.98,47.593,60.5
338.51,156.75,38.72,52.442
338.43,153.71,40.333,54.853
338.43,153.67,40.333,55.66
334.51,152.9,45.98,56.467
334.88,145.2,54.047,64.533
336.12,144.39,58.887,66.147
337.59,145.2,58.887,64.533
335.28,145.86,45.173,66.147
339.13,145.75,41.14,68.567
342.94,147.47,37.913,46.787
344.59,149.01,33.881,45.173
345.88,148.06,37.913,50.02
348.11,142.67,37.181,55.66
348.66,146.63,41.14,49.207
349.43,151.03,40.333,49.207
352.59,153.45,35.493,44.367
357.06,149.67,33.88,46.787
359.19,144.69,35.493,59.693
359.85,142.45,37.107,60.5
354.07,141.5,42.389,65.34
356.11,140.73,38.72,66.147
362.05,143.04,37.107,63.727
362.05,143.73,37.107,64.533
361.31,144.43,37.107,65.34
359.08,142.93,37.913,66.147
365.35,143.07,29.04,62.92
369.89,144.69,25.813,59.693
370.48,140.8,29.04,64.533
372.68,139.96,29.04,66.953
372.68,142.93,29.04,66.147
373.45,146.15,28.233,59.693
371.84,147.77,31.46,56.467
374.81,149.42,30.653,52.433
370.88,147.07,36.3,55.66
372.97,148.65,38.72,53.24
375.87,149.31,39.527,54.853
380.31,154.04,38.72,47.593
379.57,151.62,38.72,52.433
378.07,151.47,39.527,55.66
379.54,149.97,39.527,56.467
383.94,155.14,39.527,55.66
388.59,147.95,33.88,68.567
390.1,148.68,33.073,68.567
389.99,150.44,35.493,62.113
402.82,155.21,27.427,54.047
406.6,156.75,25.007,52.433
404.32,157.56,26.62,50.82
402.05,161.44,28.233,52.9
400.95,159.68,36.3,52.433
400.88,158.91,37.913,53.24
399.37,158.18,38.72,53.24
397.72,158.25,42.753,51.627
391.56,158.99,49.207,51.627
400.05,161.3,39.893,49.207
401.65,157.67,37.107,48.4
397.83,154.66,40.333,50.013
401.76,149.38,34.687,53.24
404.03,153.16,33.073,50.82
401.65,150.77,37.107,54.853
399.3,146.96,40.333,58.08
397.69,144.58,43.56,62.113
400.66,146.92,42.753,58.887
404.32,149.12,42.753,58.887
405.83,148.94,41.947,62.92
414.96,169.62,34.687,43.56
422.47,171.31,30.653,38.72
428.41,171.27,29.04,39.527
441.1,169,24.2,41.14
444,166.61,25.007,45.173
443.78,165.95,29.847,43.56
440.48,162.18,37.913,45.98
440.95,162.98,43.56,44.367
446.31,165.22,38.72,43.56
451.73,165.84,32.267,45.98
460.06,163.68,26.62,45.173
459.84,156.27,31.46,46.787
462.99,155.03,26.62,41.947
465.96,156.2,25.813,39.266
466.73,156.05,25.007,35.493
470.14,155.21,19.127,37.913
469.88,157.56,20.167,34.687
469.73,154.29,24.173,41.947
468.93,155.1,25.007,40.333
471.28,157.34,21.78,39.527
472.6,161.88,25.007,36.3
474.91,163.31,22.587,37.107
478.1,164.82,16.94,36.3
478.1,164.71,16.94,38.72
479.64,165.48,15.327,37.913
472.78,166.23,20.973,37.484
473,168.26,16.133,41.14
466.91,167.49,20.973,41.947
464.6,166.76,23.393,41.947
460.94,166.76,23.393,41.947
462.51,169.03,20.973,40.333
459.47,170.57,23.393,38.72
461.96,172.08,16.94,37.913
461.16,170.79,18.553,33.88
461.19,168.56,17.747,34.687
460.24,167.09,22.587,34.687
459.43,166.36,24.2,34.687
458.74,166.78,23.393,33.479
460.39,165.62,19.36,34.687
461.89,163.35,18.553,36.3
461.16,163.46,18.553,33.88
459.62,162.76,20.167,33.073
459.58,161.92,20.973,35.493
461.16,162.07,18.553,32.267
457.45,160.64,19.36,31.46
459.84,160.53,15.327,33.88
459.91,161.72,13.713,31.097
455.36,161.37,16.94,31.46
452.28,163.75,20.167,27.427
446.89,162.98,25.813,28.233
447.66,159.9,25.007,31.46
444.58,153.05,28.233,37.107
446.71,153.08,29.847,36.3
448.43,156.93,24.2,32.267
451.48,156.16,21.78,33.073
453.82,156.82,18.553,34.687
455.36,155.32,16.94,35.493
455.33,155.36,17.747,34.687
455.29,152.31,18.553,37.107
453.75,151.73,20.167,33.88
456.02,150.99,18.553,33.88
452.97,148.57,21.146,38.72
451.37,147.07,24.2,39.527
451.37,146.3,24.2,40.333
457.53,144.87,17.747,39.527
458.11,144.14,20.973,39.527
453.6,144.91,23.393,38.72
454.23,144.06,25.813,41.14
459.43,142.58,24.2,41.549
460.72,141.97,28.233,38.72
465.19,140.51,26.62,38.72
470.36,138.27,25.813,39.527
477.11,141.42,22.587,34.687
482.17,144.5,24.2,31.46
498.37,135.78,22.587,29.847
504.9,132.07,24.2,30.653
509.44,132.15,23.29,29.04
515.09,132.07,25.813,30.653
520.7,129.76,31.46,33.073
525.87,128.19,30.653,35.493
529.65,128.99,28.233,33.88
534.09,127.97,27.427,33.416
538.52,124.52,26.62,35.493
537.68,124.6,29.04,33.779
537.75,124.59,27.427,33.88
536.21,122.98,29.04,37.107
537.06,123.09,26.62,34.687
537.24,123.24,22.587,31.46
534.23,118.69,24.2,34.687
532.84,120.23,22.587,33.073
530.64,121.7,22.587,33.073
526.86,122.39,25.007,33.88
523.97,122.36,24.2,34.687
522.57,121.62,22.587,34.687
520.48,123.27,20.167,30.653
518.25,122.5,20.973,31.46
516.05,121.62,20.973,34.687
514.1,118.65,15.358,35.493
511.83,115.65,16.94,37.107
510.4,115.02,16.154,34.687
509.74,112.07,14.52,35.102
505.16,103.62,18.553,43.56
502.08,99.097,21.78,46.27
502.88,95.993,20.167,50.013
500.68,93.83,20.167,49.207
496.83,87.083,24.2,52.433
494.85,87.303,19.36,47.593
494.19,84.993,17.747,50.013
491.26,91.117,17.747,44.367
488.91,88.11,20.973,45.98
489.89,83.637,15.637,47.593
488.95,76.853,20.167,51.627
488.14,69.227,21.78,58.08
487.37,61.38,22.587,69.373
488.18,93.72,20.973,35.493
488.99,96.067,19.36,32.267
488.99,93.757,19.36,34.687
489.68,91.593,20.167,33.88
489.68,90.97,20.167,31.46
489.65,91.043,20.973,29.847
491.88,93.317,20.167,28.233
492.69,92.473,18.553,30.653
493.42,93.317,18.553,28.233
495,91.117,16.133,28.233
495.73,90.463,16.133,25.846
496.39,88.953,17.747,27.427
496.39,89.65,17.747,28.233
495.59,90.42,19.36,27.427
493.31,88.77,20.973,31.46
494.12,90.273,19.36,30.653
491.81,89.54,21.78,30.653
490.38,90.31,20.973,29.847
488.18,91.043,20.973,29.847
487.53,93.243,19.349,29.847
483.82,92.51,20.167,29.847
482.46,90.237,17.747,31.46
477.25,88.88,19.36,29.04
468.2,87.34,25.007,30.653
466.91,88.917,20.973,28.233
463.14,88.807,23.393,30.653
459.14,91.593,30.653,33.88
453.93,93.72,32.267,35.493
448.8,92.913,32.267,37.107
441.83,92.107,24.2,38.72
441.94,92.07,21.78,39.527
440.51,93.683,20.973,36.3
438.17,96.69,24.2,34.687
437.54,96.067,21.78,32.267
436.85,96.103,20.973,31.46
435.34,95.37,21.78,31.46
434.68,94.563,20.167,33.073
433.33,93.793,17.747,33.88
432.45,95.297,20.973,33.073
430.83,96.8,24.2,32.267
428.52,97.387,26.62,35.493
427.75,96.653,27.427,35.493
428.52,95.92,26.62,35.493
431.57,97.46,24.2,33.88
431.64,98.12,22.587,35.493
430.17,101.09,22.587,34.687
424.97,95.92,24.2,35.493
420.42,95.223,27.427,34.687
415.8,94.49,32.267,34.687
412.79,94.49,33.88,34.687
409.05,95.773,35.493,38.72
407.59,97.24,35.493,38.72
398.57,97.24,40.333,38.72
395.6,96.213,41.14,45.173
395.6,94.673,41.14,46.787
407.29,98.303,25.813,31.46
405.06,96.8,26.62,32.267
402.75,99.843,29.04,29.847
401.35,93.793,27.427,33.88
395.6,92.217,25.007,36.3
394.86,92.84,25.007,38.72
389.55,95.077,29.04,37.913
387.27,93.5,30.653,40.333
386.59,94.233,29.462,40.333
383.02,95.003,27.427,39.527
381.7,95.59,24.2,42.753
377.23,95.517,25.813,44.367
375.03,93.977,25.813,45.98
372.94,93.94,23.393,46.787
372.94,93.94,23.393,46.787
372.94,93.94,23.393,46.787
