NaN,NaN,NaN,-1
331.65,168.11,29.7,63.525
330,164.18,33,67.65
328.06,163.31,34.245,70.125
326.02,160.31,37.95,70.125
316.76,164.25,43.725,66
312.79,160.28,48.675,70.95
310.24,160.2,55.275,72.6
307.01,161.47,60.225,77.55
304.61,169.35,63.525,69.3
304.8,177.82,59.4,64.35
306.41,177.86,56.925,63.525
297.82,177.94,64.35,61.875
295.35,180.34,69.3,58.575
297.19,181.69,61.875,61.875
297.32,181.72,58.594,61.05
297.3,179.14,59.4,51.975
296.7,176.96,56.1,50.325
298.31,175.35,53.625,52.8
308.14,175.31,51.975,53.625
311.29,175.39,48.675,51.975
306.52,172.24,54.45,55.275
304.65,170.74,62.7,55.275
305.44,165.38,61.875,57.75
301.31,162.06,70.125,64.759
298.24,161.1,71.775,69.3
307.12,161.89,57.75,68.475
312.04,160.16,48.675,56.925
312.23,155.89,44.55,51.975
312.26,152.59,43.725,58.575
308.14,151.76,51.975,60.225
306.49,148.39,55.275,68.475
311.89,149.89,51.975,68.475
308.59,153,58.575,66
304.65,158.14,62.7,51.936
305.66,158.1,56.925,52.8
310.54,157.28,48.695,54.45
311.32,158.1,47.85,52.8
312.11,156.41,47.025,56.925
312.98,156.38,44.55,57.75
313.84,157.24,42.075,55.275
315.38,155.89,41.25,51.975
314.4,155.25,46.2,49.5
312.64,157.28,51.975,45.012
314.06,156.75,53.625,49.5
314.89,157.35,51.975,52.8
315,158.06,49.5,53.625
316.61,159.79,47.025,48.675
311.81,157.28,53.625,54.45
315.68,158.89,51.15,51.975
315.64,156.68,51.975,51.15
315.71,155.85,50.325,52.8
313.39,151.54,51.975,65.175
312.56,150.75,53.625,66
312.52,149.85,54.45,69.3
322.61,150.9,47.025,62.7
319.54,151.69,48.675,61.875
317.96,151.72,50.325,61.05
316.5,152.51,49.5,60.225
320.14,153.97,51.975,61.05
321,150.64,49.5,68.475
319.54,149.81,48.675,70.125
317.48,150.71,44.55,66.825
313.5,149.96,49.5,66.825
308.66,149.55,56.925,59.4
309.34,148.68,58.575,60.315
329.06,148.12,37.125,57.75
327.56,148.84,37.125,58.575
324.49,149.66,38.775,56.925
323.06,152.06,37.125,53.625
321.52,159.64,37.95,51.975
320.51,155.55,43.725,59.4
322.05,151.61,42.9,63.525
320.55,151.69,42.9,61.875
326.59,151.69,42.075,61.875
327.64,147.22,51.975,61.05
326.85,150.59,52.8,52.813
326.85,149.96,52.8,50.325
323.18,151.65,51.15,46.2
316.99,150.68,55.275,51.15
315.26,150.34,60.225,58.575
320.21,156.75,50.325,49.5
314.62,152.66,57.75,56.925
309.98,153.34,61.05,58.575
309.82,151.69,64.35,61.875
316.09,152.55,58.575,59.4
318.79,149.29,65.175,65.175
315.75,149.32,66,64.35
317.36,149.32,47.025,64.35
317.44,149.93,45.375,67.65
315.82,151.46,47.85,66.825
319.01,150.86,43.725,47.025
318.15,149.18,46.2,51.15
317.25,148.39,49.5,50.402
315.86,147.41,47.025,56.925
314.93,148.24,51.15,55.275
318.07,149.14,47.85,51.975
322.76,149.25,43.725,49.5
322.57,149.25,47.85,49.5
323.29,150.04,48.675,48.675
324.19,150.22,45.375,44.55
325.35,149.32,52.8,47.85
326.7,148.65,56.1,46.2
325.2,147.86,56.1,47.025
324.41,147.79,56.925,48.675
327.56,146.25,53.625,49.5
327.38,144.49,57.75,55.275
332.14,145.2,51.975,56.1
333.45,145.09,56.1,58.575
335.93,146.78,51.15,54.45
336.68,146.96,51.15,50.325
335.14,146.89,51.975,51.975
343.69,146.78,45.375,54.45
345.34,148.43,42.075,51.15
345.9,149.14,46.2,51.975
345.07,149.96,47.85,50.325
350.44,149.89,45.375,51.975
355.12,151.45,41.25,50.334
356.61,148.99,41.674,55.275
357.41,150.53,40.425,54.45
353.51,151.43,43.725,51.15
356.51,151.31,43.725,53.625
358.73,154.5,44.55,49.5
359.55,155.36,42.9,47.025
359.48,151.35,44.55,52.8
357.9,150.6,46.2,52.8
360.6,152.47,36.3,44.55
359.51,152.44,43.725,45.375
356.14,152.25,51.975,49.5
357.56,152.32,53.625,47.85
354.07,152.1,64.35,52.8
355.54,153.6,65.175,52.8
356.4,154.69,62.7,45.375
346.16,155.93,73.425,51.15
364.76,154.28,60.225,54.45
367.01,153.84,60.225,54.903
368.55,152.51,59.4,60.225
368.7,154.65,56.1,62.7
367.61,150.64,63.525,68.475
366.56,144.97,70.125,77.55
367.43,145.84,67.65,75.075
369.82,149.96,64.35,66.825
373.99,155.47,55.275,61.05
378.64,156.41,51.975,56.925
383.29,158.85,48.675,52.8
386.14,160.99,51.975,55.275
386.21,162.56,50.325,53.625
388.69,164.1,45.375,52.8
388.65,166.35,46.2,52.8
393.98,163.2,44.55,56.1
392.89,163.99,51.975,55.275
394.43,163.12,51.15,57.75
395.44,163.95,45.375,56.1
403.12,164.37,41.25,54.873
404.59,163.16,42.075,56.925
402.26,162.41,43.725,56.925
401.48,159.38,44.55,57.75
400.8,159.45,42.9,56.1
403.12,160.24,41.25,55.275
404.1,161.96,36.3,50.325
404.74,160.5,38.775,49.5
403.09,156.53,42.075,54.45
399.9,156.49,46.2,55.275
403.09,163.61,42.075,47.025
402.23,165.86,44.55,47.025
402.94,165.97,45.375,44.55
412.88,165.15,41.25,46.2
415.84,165.07,42.075,47.85
422.44,164.89,45.375,51.975
427.05,165.64,42.9,51.975
430.91,166.85,40.425,49.917
432.15,165.86,46.2,47.025
436.65,164.36,46.2,47.025
443.59,167.51,42.075,43.725
444.38,166.91,41.25,40.425
454.39,168.64,35.475,35.475
459.07,163.31,31.35,37.125
449.59,161.14,42.075,35.475
443.25,159.64,49.5,35.475
448.76,157.28,43.725,37.95
449.36,157.95,47.025,39.6
447.19,158.47,45.375,44.55
449.44,160.12,45.375,41.25
448.19,160.05,49.82,42.9
452.32,163.12,47.85,41.25
452.36,164.81,47.025,37.125
452.4,167.06,46.2,37.125
455.48,167.93,44.55,34.65
455.4,166.91,46.2,40.425
455.51,167.66,43.725,40.425
454.09,168.49,42.075,38.775
449.59,169.2,42.075,39.6
446.48,168.38,44.55,41.25
441.79,169.24,48.675,38.775
438.68,169.24,51.15,38.775
444.49,170.62,38.775,41.25
442.99,172.28,38.775,37.95
444.56,171.49,37.125,38.775
443.62,169.31,41.25,37.125
440.66,163.8,40.425,42.9
441.38,162.22,41.25,44.55
442.24,163.42,38.775,42.51
439.84,161.32,42.075,47.85
437.48,162.41,44.55,40.425
439.8,159.34,42.9,42.075
434.1,158.62,52.8,41.25
434.74,157.88,55.275,41.25
431.7,156.97,56.1,44.55
434.66,160.84,56.925,42.075
433.09,158.4,58.575,46.2
432.56,160.12,53.625,41.25
432.52,159.49,54.45,38.775
435.82,160.28,47.85,37.95
440.77,159.97,37.95,44.55
439.12,159.19,41.25,45.375
441.45,156.34,39.6,42.075
439.76,151.8,43.725,42.9
438.07,147.82,47.85,47.85
439.61,147.79,47.025,48.675
444.15,151.69,46.2,45.375
438.49,151.39,55.275,51.975
442.61,150.6,47.025,52.8
444.23,149.03,44.55,54.45
445.01,148.24,43.725,55.275
446.89,149.85,35.475,52.8
448.5,150.64,33,51.975
446.06,148.12,37.125,57.75
445.95,145.24,39.6,55.275
447.56,144.6,37.125,52.8
450.6,142.99,36.3,55.275
450.3,144.49,42.9,55.275
448.84,143.74,42.075,55.275
450.79,141.26,48.675,60.225
450.49,138.94,55.275,61.875
452.48,138.53,61.05,54.45
459.23,141.53,61.05,54.45
465.38,143.1,57.75,52.8
468.34,143.81,58.575,53.625
470.77,142.84,54.45,58.575
476.74,145.29,55.275,55.224
483.45,146.93,56.1,51.15
488.77,145.43,54.45,51.15
495.79,147.07,48.675,47.85
500.32,143.93,47.85,51.15
502.99,139.91,55.275,56.925
505.2,138.41,56.1,56.925
509.02,136.24,54.45,55.275
512.96,135.6,50.325,52.8
513.64,135.64,51.975,51.975
517.39,135,51.975,49.5
520.54,133.54,48.675,48.675
520.54,131.55,48.675,51.539
519.04,131.1,48.675,52.8
517.65,130.43,46.2,51.15
514.73,128.96,44.55,50.325
509.96,128.85,50.325,52.8
508.46,129.71,50.325,50.325
503.81,129.71,53.625,50.325
499.99,128.14,55.275,51.975
499.27,128.18,54.45,51.15
498.52,128.03,54.45,54.45
499.35,130.24,52.8,55.275
489.68,127.69,67.65,61.875
486.68,125.36,67.65,63.525
484.27,124.65,70.95,62.7
484.35,124.5,69.3,49.5
478.24,121.31,71.775,53.625
477.07,120.67,64.35,51.15
476.59,121.5,58.575,49.5
475.91,116.77,56.925,54.45
473.7,109.99,56.1,55.275
470.74,104.55,55.275,59.4
470.18,101.47,51.15,61.05
461.81,94.462,53.625,66.825
458.85,90.638,52.8,68.475
454.88,85.237,57.75,71.775
461.06,99.525,53.625,54.45
463.65,97.2,46.2,56.1
464.55,94.087,42.9,58.575
463.65,89.438,46.2,61.875
463.54,96.562,48.675,53.625
476.02,95.888,37.95,51.975
476.77,94.425,37.95,51.15
477.49,93.037,38.775,48.675
475.09,93.075,42.075,47.85
480.68,93.975,34.65,44.55
480.56,93.075,37.125,47.85
477.98,90.787,44.55,48.675
482.7,90.075,39.6,47.85
484.27,88.725,37.95,44.55
480.45,87.862,39.6,47.025
474.98,87.973,44.55,44.589
476.48,89.625,44.55,41.25
473.32,86.362,47.85,47.025
471.75,88.8,49.5,42.9
471.79,88.763,48.675,43.725
472.73,91.05,44.55,42.9
476.14,92.475,35.475,44.55
469.91,92.138,40.425,51.975
469.2,92.268,39.6,49.098
463.73,91.612,44.55,47.025
459.94,90.9,45.375,46.2
455.44,89.4,45.375,46.2
455.7,89.438,39.6,45.375
448.01,91.875,43.725,41.25
438.84,94.797,47.472,42.958
428.51,96.112,60.225,47.025
429.6,97.8,52.8,42.9
424.39,97.912,51.975,40.425
421.43,97.125,51.15,41.25
418.27,100.2,54.45,39.6
416.06,99.412,53.625,40.425
412.99,102.2,55.275,37.503
410.7,100.91,56.1,40.425
409.99,101.85,55.275,36.3
413.73,101.95,48.207,33.049
410.02,101.81,54.45,37.125
410.85,103.39,52.8,35.475
408.49,104.96,55.275,33.825
406.09,104.74,58.575,38.775
404.55,105.41,59.4,40.425
402.82,102.19,64.35,45.375
399.52,102.04,70.95,48.675
400.5,102.86,66,47.025
397.43,103.61,67.65,47.025
399.07,101.44,64.35,45.375
414.15,98.175,46.2,51.15
410.25,97.462,49.5,50.325
406.31,94.987,53.625,55.275
401.06,96.337,53.625,58.575
396.45,97.125,56.1,57.75
396.15,94.987,46.2,55.275
400.27,98.25,37.95,49.5
399.45,98.1,39.6,52.8
395.62,99.525,41.25,54.45
394.16,99.412,40.425,56.925
392.74,98.138,38.775,51.975
392.1,98.138,36.3,51.975
385.2,97.275,39.6,54.45
382.88,97.125,41.25,57.75
378.26,99.45,43.725,56.1
375.86,97.987,47.025,55.275
371.21,95.475,50.325,61.05
368.18,93.263,51.15,60.225
363.23,94.05,44.55,59.4
357.86,95.475,47.025,61.05
353.14,93.862,51.975,63.525
351.68,93.9,51.15,62.7
350.1,94.537,52.8,48.675
350.1,94.537,52.8,48.675
