NaN,NaN,NaN,-1
71.843,48.082,65.975,267.32
74.667,49.322,65.629,265.87
77.7,49.747,65.243,264.26
80.782,49.548,65.088,263.52
84.089,50.188,64.702,261.52
87.214,50.685,64.426,259.97
89.567,51.544,64.521,260.01
92.838,52.142,64.081,258.01
96.209,52.432,63.784,256.3
99.442,53.172,63.377,254.95
102.73,53.74,63.016,253.78
105.32,53.545,63.181,254.89
108.39,53.741,63.003,254.47
111.99,55.191,62.433,252.05
115.3,55.706,62.158,251.55
117.4,56.797,61.909,250.68
120.31,56.606,62.043,251.39
122.58,58.166,61.711,249.77
125.67,58.571,61.459,248.85
128.42,58.471,61.197,247.82
131.8,59.557,60.839,246.2
134.19,59.893,60.953,246.57
136.45,60.659,60.707,245.28
139.2,61.883,60.199,242.96
142.1,62.086,60.028,242.12
145.07,61.723,59.766,241.34
146.7,62.859,59.778,241.2
149.32,62.36,59.948,241.59
151.52,62.656,59.672,240.55
153.93,63.092,59.499,239.75
156.72,63.298,59.238,238.59
158.64,63.74,58.953,237.63
161.45,64.153,58.606,236.36
163.66,64.033,58.669,236.71
166.12,64.035,58.559,236.49
169.37,63.875,58.254,235.37
172.24,65.217,57.776,233.42
174.91,64.826,57.628,232.8
177.38,66.111,57.13,230.49
179.8,67.046,56.402,227.13
182.12,68.911,55.761,224.98
184.09,68.818,55.924,225.43
186.65,68.744,55.612,224.47
188.26,69.772,55.396,223.42
190.3,69.558,55.388,223.8
191.71,70.141,55.189,222.83
193.54,69.352,55.222,223.22
195.36,69.051,55.02,222.83
197.15,67.823,54.931,222.72
199.31,69.514,54.267,220.49
201.21,69.559,54.261,220.47
203.87,70.063,53.655,218.33
205.43,69.679,53.802,218.74
208.05,69.337,53.599,218.12
208.99,70.246,53.587,217.92
210.7,70.723,53.189,216.72
212.39,70.592,53.376,217.13
214.44,71.127,52.76,214.42
215.29,71.011,53.114,216.03
217.51,72.107,52.694,214.31
219.55,70.955,52.762,214.82
221.29,70.962,52.52,213.75
222.7,71.836,52.399,213.34
224.52,72.275,52.162,212.4
226.22,72.944,51.903,211.13
228.21,72.625,51.476,209.56
229.59,74.072,51.076,207.88
229.79,73.683,51.213,208.38
231.72,73.056,51.143,208.87
232.54,73.048,50.974,208.03
233.38,71.712,51.428,209.47
235.2,71.715,51.466,209.6
236.27,72.79,51.05,207.83
237.98,72.601,51.303,208.97
238.77,72.84,51.038,208.52
240.71,73.081,50.741,207.04
242.01,73.25,50.657,206.32
243.4,73.343,50.617,205.79
244.38,72.906,50.51,205.32
245.55,73.395,50.415,204.71
247.43,73.945,49.956,202.62
248.6,73.819,50.03,202.68
249.6,74.032,49.846,202.03
251.15,73.584,50.022,203.01
252.63,73.612,49.959,203.01
253.46,72.095,50.149,203.66
254.8,72.922,50.341,204.76
255.72,72.939,50.436,205.55
256.11,71.166,50.916,207.61
258.4,72.418,50.469,205.57
257.78,72.157,50.604,206.19
256,73.586,51.318,209.13
256.66,71.023,52.287,213.39
258.65,68.232,52.739,215.34
258.03,73.781,53.47,218.55
260.38,71.648,53.876,219.76
261.49,71.813,54.182,220.86
263.14,70.562,54.373,221.76
264.42,70.174,54.378,222.15
265.19,70.805,54.078,220.66
267.16,69.836,54.216,221.14
261.84,70.967,55.051,224.97
261.51,71.507,54.837,223.66
262.89,71.853,54.698,223.13
264.96,71.5,54.595,222.38
267.55,70.331,54.985,223.78
274.31,70.598,55.847,227.59
276.94,71.087,55.985,227.89
277.65,71.017,55.799,227.14
278.57,71.082,55.594,226.52
280,71.47,55.363,225.35
276.23,71.952,55.043,223.99
276.57,72.124,54.775,223.13
277.17,71.834,54.789,223.13
278.62,72.092,54.577,221.84
278.91,71.33,54.709,222.16
280.01,69.985,54.775,222.69
280.35,70.302,54.513,221.68
281.37,69.559,53.862,218.95
282.65,67.886,53.785,217.86
283.01,65.575,54.138,219.12
283.41,65.46,54.04,218.66
279.27,65.47,53.936,217.96
278.74,66.552,53.517,216.31
279.19,63.439,54.074,218.59
280.25,62.593,54.205,219.16
281.21,62.904,53.943,218.17
282.31,63.375,53.742,217.27
275.92,65.031,53.434,215.87
276.56,65.877,53.139,214.44
279.13,68.066,52.134,210.49
279.93,69.95,51.663,208.5
280.93,71.999,50.708,204.73
281.49,71.459,50.608,205.06
282.89,73.218,49.981,202.55
283.94,72.205,50.035,203.08
283.73,71.592,50.117,203.02
284.79,71.559,50.251,203.1
285.81,72.048,50.167,202.68
282.69,74.55,49.202,198.66
283.61,74.779,48.98,197.45
285.16,75.226,48.866,197.15
286.23,75.926,48.571,195.96
287.63,75.946,48.317,195.18
288.71,76.009,48.178,194.73
293.45,70.128,47.766,193.27
297.25,64.757,47.378,191.77
298.09,62.147,46.661,188.91
304.09,68.367,46.049,186.42
303.07,68.16,45.248,183.18
301.74,68.998,44.514,180.64
303.59,69.646,44.335,180.04
305.1,75.268,43.355,176.08
307.57,75.645,43.046,175.11
311.07,77.051,41.962,170.59
312.91,81.53,41.573,168.82
314.77,84.516,40.572,164.96
314.98,84.441,40.038,162.77
315.36,84.569,39.995,162.83
315.93,85.557,39.424,160.48
316.88,86.398,38.908,158.37
317.26,86.768,38.737,157.56
317.64,86,38.667,157.4
316.17,84.421,38.981,158.53
317.18,85.775,38.637,157.26
317.76,84.835,38.709,157.48
318.58,84.736,38.717,157.13
319.13,84.504,38.693,156.77
319.84,84.289,38.684,156.45
320.18,84.196,38.588,155.88
321.35,84.443,38.38,154.58
322.32,84.971,38.192,153.54
322.69,84.955,38.095,153.5
323.33,86.112,37.714,151.6
324.37,86.473,37.568,151.19
324.99,85.733,37.64,151.31
324.33,83.685,37.965,152.97
326.33,85.044,37.567,151.56
326.96,85.742,37.236,150.05
328.54,87.484,36.64,147.54
328.75,87.193,36.726,147.89
329.44,86.975,36.552,147.29
322.74,84.461,37.243,150.25
323.62,83.922,37.285,150.48
324.12,83.63,37.125,150.01
325.29,84.255,36.949,149.32
325.38,82.836,37.093,150.17
325.73,82.858,37.054,150.05
326.86,83.247,36.892,149.35
327.93,84.032,36.61,148.3
329.2,87.003,35.8,145.06
329.61,87.826,35.622,144.37
330.57,87.718,35.42,143.57
331.36,87.252,35.451,143.78
332.22,89.081,35.137,142.41
332.87,89.539,34.916,141.53
333.19,89.073,34.744,141.12
334.51,90.121,34.339,139.53
334.65,90.461,34.342,139.36
335.93,91.001,34.117,138.07
335.71,90.969,34.175,138.23
336.16,90.873,34.05,137.77
336.07,91.27,33.855,137.01
337.12,91.858,33.86,136.96
336.93,88.762,34.363,139.14
337.02,89.1,34.416,139.43
337.43,89.068,34.183,138.69
336.83,89.169,33.891,137.53
336.83,89.772,33.753,137.03
337.92,89.848,32.934,134
338.29,90.6,33.309,135.59
338.19,90.175,33.33,135.55
338.42,89.981,33.221,135.23
338.6,89.927,33.178,135
338.72,90.26,33.276,135.12
339.2,90.127,33.157,134.18
339.44,90.196,32.913,132.97
339.89,90.958,32.734,132.39
339.8,90.151,32.964,133.41
340.63,91.095,32.491,131.82
340.82,91.127,32.277,131.07
340.78,90.93,32.297,131.08
340.74,91.056,32.019,129.98
340.61,91.421,31.937,129.61
341.55,91.803,31.876,129.15
342.07,91.901,31.936,129.2
345.21,94.983,31.09,125.68
345.15,95.394,30.7,123.95
345.58,95.11,30.579,123.72
344.44,95.127,29.65,119.85
346.83,96.879,29.122,117.62
344.73,95.797,29.462,118.77
343.96,95.972,29.47,118.68
346.82,96.954,29.243,117.86
345.3,96.682,29.164,117.47
345.75,97.431,28.844,115.97
345.77,97.145,28.748,115.52
345.01,97.228,28.762,115.7
345.31,97.327,28.781,115.66
345.82,97.694,28.485,114.75
345.59,97.875,28.255,114.01
345.94,97.785,27.842,112.29
345.53,97.699,28.122,113.23
345.83,98.73,27.838,111.94
346.86,99.403,27.252,109.65
346.48,99.704,27.126,109.09
346.42,100.12,26.937,108.13
346.6,100.56,26.818,107.48
346.15,100.28,27.324,109.43
346.38,101.23,27.068,108.43
346.73,101.76,26.646,106.87
346.27,101.64,27.085,108.98
347.08,103.45,26.466,106.51
347.04,102.71,26.263,105.86
347.53,103.35,25.719,103.69
347.83,104.26,25.393,102.43
348.02,105.33,25.281,101.86
350.03,107.09,25.191,101.4
349.59,106.41,25.297,101.95
348.47,106.01,24.933,100.3
350.39,108.27,24.143,97.086
350.28,107.92,24.123,97.103
350.21,107.83,24.234,97.635
350.57,108.28,24.112,97.051
351.19,108.89,24.011,96.647
351.03,108.78,23.661,95.261
351.42,109.49,23.478,94.498
351.69,109.06,23.518,94.601
351.35,108.92,23.544,94.795
351.14,107.62,23.894,96.185
350.86,107.1,24.015,96.589
350.5,106.11,24.211,97.297
350.32,106.48,24.109,96.704
351.05,106.13,24.266,97.293
351.11,106.47,24.379,97.868
351.69,107.15,24,96.21
352.36,108.5,23.238,93.283
352.53,109.28,22.953,92.358
352.48,108.17,23.256,93.598
352.51,108.72,23.053,92.875
351.37,107.46,23.203,93.744
352.26,107.12,23.194,93.92
351.51,107.47,22.96,92.98
351.56,107.43,22.996,93.154
352.28,107.56,22.944,92.917
352.36,106.89,23.486,95.176
352.5,107.32,23.497,95.473
352.21,107.22,23.751,96.505
352.33,107.56,23.601,95.94
353.07,107.36,23.314,94.866
353.37,107.68,23.244,94.39
352.96,108.04,23.566,95.739
353.57,108.19,23.136,93.895
354.04,108.31,22.923,92.997
355.09,110.39,22.561,91.653
355.16,110.32,21.766,88.419
355.37,111.38,21.651,88.058
355.88,112.19,21.327,86.717
355.74,111.82,21.204,86.214
356.2,112.57,20.775,84.413
356.15,113.55,20.472,83.125
356.1,112.97,20.508,83.28
356,113.17,20.571,83.531
356.28,112.49,20.823,84.594
356.04,113.22,20.649,83.993
356.28,112.85,20.673,84.073
356.06,112.93,20.717,84.451
356.48,113.18,20.436,83.37
356.03,112.96,20.513,83.558
356.05,112.69,20.461,83.316
355.66,113.7,20.006,81.503
355.67,113.42,20.175,82.059
355.89,113.88,20.073,81.655
355.97,113.53,19.835,80.722
355.31,113.07,20.244,82.342
355.85,114.2,19.803,80.582
355.75,114.07,19.563,79.625
355.42,113.95,19.792,80.524
355.18,113.79,19.607,79.745
354.63,113.76,19.731,80.181
354.89,114.21,19.44,79.042
354.92,113.72,19.719,80.306
354.69,113.54,19.715,80.217
354.84,113.92,19.406,78.962
355.03,114.71,19.176,78.187
354.64,114.35,19.136,78.302
354.39,114.43,19.036,77.893
354.82,114.87,18.759,77.049
354.48,115.4,18.541,76.194
354.51,114.46,18.909,77.556
354.45,114.11,19.073,78.257
354.38,114.54,18.76,77.018
354.6,115.59,18.634,76.295
354.16,114.66,18.936,77.496
353.84,114.59,18.947,77.436
353.92,114.99,18.772,76.789
354.09,114.74,18.749,76.7
354.35,116.61,18.329,74.94
354.25,115.82,18.468,75.607
354.29,116.03,18.601,76.146
354.89,117.3,18.174,74.254
354.88,116.97,18.176,74.133
354.5,116,18.361,74.866
354.37,116.05,18.178,73.966
354.88,118.14,17.475,71.162
355.17,117.94,17.594,71.687
355.07,117.18,17.917,72.991
355.5,118.23,17.468,71.313
355.23,117.61,17.741,72.407
355.79,118.44,17.462,71.179
