NaN,NaN,NaN,-1
140.56,35.313,29.211,135.51
139.5,37.356,30.025,130.7
140.51,35.356,27.922,135.56
140.14,37.653,28.945,131.87
138.81,37.234,30.105,133.61
137.92,37.274,30.265,134.56
136.55,37.539,30.303,134.76
136.2,37.885,30.596,133.46
134.96,39.193,31.621,135.23
136.25,39.472,28.231,134.26
136.36,39.976,29.178,132.64
134.28,40.042,30.994,134.16
134.27,42.23,29.845,131.36
133.15,42.369,32.2,131.87
132.32,43.123,29.81,131.45
132.39,42.954,30.11,133.49
132.76,42.513,29.732,131.94
134.68,41.046,28.119,133.16
134.19,39.887,27.943,135.07
135.48,39.908,26.563,135.3
134.85,40.4,29.006,132.41
136.24,37.902,28.66,136.82
136.04,39.203,28.233,132.05
136.59,41.499,30.78,130.22
136.17,39.271,30.416,135.25
137.32,39.275,27.575,133.47
137.42,40.201,30.085,135.28
138.33,41.15,28.647,132
138.39,41.187,30.801,130.9
138.82,41.616,29.196,131.04
138.29,40.666,28.742,134.95
137.4,41.601,31.61,134.29
137.01,42.792,31.788,131.24
137.12,42.759,31.182,133.08
138.17,44.973,29.62,128.95
135.54,44.82,31.14,133.87
136.2,45.25,30.762,131.76
136.03,42.098,30.304,136.66
134.62,44.206,29.046,133.92
136.13,43.908,28.356,132.23
134.74,44.754,29.874,131.46
133.73,43.739,32.144,131.93
132.29,45.395,33.672,132.52
134.22,43.841,30.451,135.1
133.13,43.287,29.513,135.57
134.01,45.328,30.789,134.21
133.91,46.101,29.606,130.9
134.09,45.384,30.305,134.34
133.12,48.349,33.511,130.05
134.89,48.587,30.204,128.17
134.83,46.76,28.679,132.09
132.61,46.592,31.288,131.41
134.82,47.362,28.684,130.11
134.6,48.198,28.574,131.55
134.61,48.631,28.504,130.75
134.4,49.408,28.708,127.33
135.09,47.794,28.137,129.24
134.56,46.405,27.237,133.5
136.35,47.357,26.986,130.08
136.2,44.986,27.425,134.01
137.65,46.801,26.575,129.26
136.37,47.412,29.215,127.54
138.18,48.266,26.7,129.56
139.07,47.079,27.554,129.38
138.61,47.54,28.633,129.97
139.39,47.411,27.666,129.06
140.54,47.518,26.609,130.88
139.96,46.808,27.251,129.85
140.47,49.361,28.086,128.01
141.81,51.171,26.003,125.83
140.71,49.858,26.922,129.6
140.99,49.908,24.813,127.5
138.16,58.737,27.844,117.27
136.87,57.253,28.608,120.16
133.45,57.241,29.372,121.91
125.49,49.488,27.279,126.39
123.63,48.384,27.919,127
115.67,45.661,26.326,127.31
108.53,49.521,24.716,119.84
103.85,54.423,24.391,111.88
109.33,56.481,24.192,103.57
108.33,60.065,23.417,98.085
105.48,62.911,26.845,92.054
105.8,62.994,26.816,90.812
112.48,63.209,28.514,90.441
112.7,66.702,24.223,88.037
127.39,65.44,22.543,85.815
134.39,59.684,22.913,88.323
147.61,60.989,21.188,84.55
138.92,62.323,20.858,79.532
144.73,63.98,18.673,78.586
144.9,62.703,16.163,80.034
144.12,62.904,15.504,81.948
147.1,70.073,15.147,71.752
152.03,65.77,18.373,70.029
140.24,71.048,19.148,65.316
132.9,66.316,21.509,68.859
131.37,65.07,22.248,72.544
129.16,60.58,25.158,73.229
139,64.094,25.751,70.227
141.71,69.398,25.855,63.105
142.46,68.032,27.995,65.649
139.79,64.574,26.255,70.512
134.48,67.104,25.633,68.224
145.55,68.038,26.739,66.169
144.81,65.768,28.889,71.15
143.67,68.067,30.542,66.394
148.33,67.398,30.301,67.647
155.96,64.197,35.899,69.985
149.89,68.68,34.376,70.629
152.89,68.153,30.064,67.559
151.09,61.448,34.137,67.339
153.5,62.29,33.065,66.935
143.5,56.479,32.316,73.11
141.27,64.337,32.088,73.703
137.72,64.698,33.937,65.481
129.73,67.32,33.174,66.659
131.33,61.484,35.347,59.591
132.77,62.862,34.506,62.043
139.78,65.695,36.088,60.01
145.07,65.17,41.725,67.898
145.81,60.406,41.025,74.734
147.29,58.313,46.346,70.962
165.4,59.23,46.066,71.888
161.51,56.991,48.513,73.716
179.34,53.721,49.225,77.06
NaN,NaN,NaN,-2
NaN,NaN,NaN,0
NaN,NaN,NaN,0
NaN,NaN,NaN,0
NaN,NaN,NaN,0
NaN,NaN,NaN,-1
135.07,70.023,54.919,105.92
136.15,70.374,52.765,105.92
141.26,65.945,54.127,111.92
142.77,63.059,53.373,115.15
143.64,61.467,53.174,116.26
131.91,59.316,50.409,115.32
122.3,60.641,48.281,110.57
120.04,56.451,45.676,115.48
125.61,54.293,46.71,116.92
141.11,55.148,52.031,114.18
141.92,59.763,49.786,107.32
135.32,55.607,45.515,113.45
124.28,55.771,48.457,114.17
111.95,59.623,49.024,109.08
111.53,64.199,48.018,105.11
NaN,NaN,NaN,-2
NaN,NaN,NaN,0
NaN,NaN,NaN,0
NaN,NaN,NaN,0
NaN,NaN,NaN,0
NaN,NaN,NaN,-1
137.23,99.809,76.503,59.73
137.5,99.633,73.485,58.37
134.97,98.881,68.021,58.846
133.36,97.386,63.401,57.902
127.78,97.131,66.505,52.737
117.03,95.971,73.131,49.67
106.21,92.73,66.173,50.44
95.48,92.248,72.22,48.179
89.072,89.311,71.854,46.529
89.281,86.866,69.095,46.389
88.294,87.257,70.132,42.698
73.926,85.387,66.827,40.481
78.417,85.522,74.185,40.215
92.747,85.84,79.986,38.599
82.739,83.773,73.996,41.414
87.035,85.219,66.733,37.555
82.237,85.451,72.045,37.366
NaN,NaN,NaN,-2
NaN,NaN,NaN,0
NaN,NaN,NaN,0
NaN,NaN,NaN,0
NaN,NaN,NaN,0
NaN,NaN,NaN,-1
160.51,56.199,49.797,38.868
165.55,54.101,50.071,38.402
163.69,52.734,51.085,39.785
165.2,50.672,49.631,39.874
167.12,49.671,50.203,38.411
170.2,48.652,53.998,39.968
164.22,47.319,53.112,37.502
167.77,45.572,51.747,38.961
171.7,45.247,47.671,39.074
175.9,43.7,44.718,40.193
176.73,42.462,45.248,39.066
163.97,41.733,44.537,37.666
160.6,40.508,42.924,38.225
161.81,39.323,43.804,38.897
159.39,38.324,46.11,39.629
159.09,38.45,44.568,36.863
152.22,36.772,44.667,38.149
149.7,37.173,46.196,37.562
152.36,37.04,40.628,37.247
150.24,36.559,41.779,37.821
146.34,36.427,40.818,38.195
146.86,36.753,46.457,36.751
136.53,36.453,46.541,36.591
139.63,36.282,48.357,37.643
142.16,36.637,45.012,36.663
139.34,36.828,44.138,37.479
143.2,37.061,42.937,37.198
140.81,38.49,40.154,36.321
139.69,38.191,36.071,37.529
128.69,38.492,35.479,35.654
