NaN,NaN,NaN,-1
139.27,37.192,30.795,131.48
138.51,37.547,31.477,128.71
134.54,37.583,37.349,132.85
135.97,38.185,35.357,130.09
134.81,39.007,34.377,132.33
136.15,39.847,32.478,128.17
135.03,37.579,33.597,134.23
134.59,40.028,34.267,131.86
134.03,39.436,34.464,131.27
133.3,39.505,33.018,135.83
131.79,41.883,34.25,131.86
133.23,42.514,34.155,131.34
130.57,41.973,36.142,132.99
131.21,43.529,33.807,128.07
129.83,42.02,34.79,132.26
130.69,42.942,32.996,132.23
131.4,41.763,31.646,131.77
132.42,42.969,31.753,130.55
132.77,42.294,31.708,130.43
132.31,43.118,32.556,126.14
133.12,39.775,32.731,133.16
133.01,39.355,33.629,133.27
131.96,42.727,34.829,127.71
130.56,40.297,36.013,133.35
132.27,41.775,37.099,130.7
134.09,40.591,34.299,130.45
131.91,40.161,36.194,133.22
134.01,41.084,34.69,131.11
134.02,39.397,34.95,132.55
135.91,40.01,33.671,131.58
137.61,41.432,29.517,133.03
136.72,41.422,31.885,134.08
134.95,44.065,33.452,129.23
135.18,43.756,33.589,129.99
134.22,44.079,33.491,130.91
134.18,44.252,33.308,131.5
133.04,45.9,35.72,129.52
132.63,43.699,34.195,130.56
132.83,44.634,31.837,129.56
132.16,43.867,33.998,133.24
130.91,44.922,34.539,131.58
129.77,44.015,35.834,131.91
130.87,46.233,34.56,128.52
130.78,44.356,34.413,130.86
130.85,45.355,35.061,130.43
130.52,43.908,34.528,134.76
131.7,45.867,33.459,131.99
129.24,47.235,35.563,130.72
132.43,46.479,32.994,131.05
132.39,46.301,31.916,132.8
132.08,48.765,32,128.45
131.39,47.48,33.309,130.29
130.2,46.471,35.134,130.01
131.97,47.731,30.832,128.93
129.67,48.299,33.92,129.19
130.23,47.694,33.172,128.71
129.4,47.582,34.46,127.83
133.03,48.398,30.389,125.81
133.84,46.918,29.965,126.99
133.27,46.41,31.687,127.76
134.93,43.939,29.462,130.8
134.15,45.99,30.848,126.87
134.16,45.855,31.807,128.82
136.88,46.294,28.381,127.97
137.23,45.997,29.196,127.35
137.18,51.435,29.678,120.7
139,51.938,25.934,119.93
138.81,46.487,27.434,127.16
136.04,46.863,28.8,126.68
134.58,44.536,30.406,130.4
134.28,45.048,30.69,129.28
133.01,44.411,31.283,130.71
130.92,52.885,30.592,120.13
131.35,46.56,28.544,127.85
125.8,44.142,31.608,128.86
118.72,44.299,32.378,127.65
116.33,42.169,32.811,129.68
114.21,40.825,37.807,128.36
107.87,39.71,35.697,125.7
103.84,45.594,36.074,116.2
96.573,37.487,36.381,127.29
98.236,34.831,32.115,126.67
101.13,33.43,31.65,127.92
103.29,28.596,27.203,134.51
88.391,25.438,23.946,132.88
84.456,28.101,23.479,127.55
84.244,34.785,24.877,118.91
NaN,NaN,NaN,-2
NaN,NaN,NaN,0
NaN,NaN,NaN,0
NaN,NaN,NaN,0
NaN,NaN,NaN,0
NaN,NaN,NaN,-1
95.234,51.848,61.719,93.618
91.023,50.654,65.133,96.092
86.333,56.551,67.628,85.998
77.193,57.619,70.335,82.879
70.398,50.796,73.424,89.566
62.626,55.996,78.589,83.388
52.598,56.339,81.249,83.987
47.82,56.722,81.854,83.886
40.232,55.399,80.765,86.006
NaN,NaN,NaN,-2
NaN,NaN,NaN,0
NaN,NaN,NaN,0
NaN,NaN,NaN,0
NaN,NaN,NaN,0
NaN,NaN,NaN,-1
120.98,48.523,55.536,111.51
122.52,47.324,56.546,113.83
129.56,45.211,51.596,119.43
134.71,44.515,44.859,124.28
134.95,43.117,40.895,123.96
130.04,42.119,39.7,117.46
118.01,41.768,41.344,120.22
115.08,39.581,45.408,123.06
131.92,37.67,43.598,130.14
130.59,36.486,44.808,135.25
126.1,39.661,42.49,138.48
131.23,38.339,40.732,127.74
130.95,42.377,41.958,121.85
130.59,44.759,40.136,121.34
134.1,47.262,38.513,119.45
133.99,47.002,41.573,114.5
136.07,54.909,45.896,110.29
134.33,49.986,48.183,116.81
132.95,37.448,50.532,133.11
131.01,43.041,51.502,127.13
126.57,44.53,57.23,126.81
125.29,58.302,61.93,114.47
121.24,55.515,60.142,123.94
120.6,56.26,57.744,112.28
111.92,46.691,53.421,110.11
109.25,44.029,53.306,109.86
111.45,43.831,47.966,112.59
106.33,41.025,53.116,111.59
97.682,38.624,54.971,115.07
89.857,38.542,55.55,112.58
85.703,35.004,57.126,117.87
95.371,25.698,53.475,129.07
96.562,31.684,56.838,140.8
113,19.671,58.545,137.29
122.62,14.739,72.397,146.34
118.55,14.715,80.78,155.34
112.04,25.123,79.001,129.61
108.76,32.086,85.34,119.69
109.31,41.642,86.525,110.51
97.52,41.682,85.397,107.44
93.455,45.469,91.823,105.79
94.109,48.662,86.811,99.793
98.785,54.333,81.334,91.554
88.054,51.283,79.483,96.463
88.504,54.4,77.411,94.935
96.694,49.709,77.694,99.996
99.589,49.407,83.117,104.05
99.809,49.238,95.818,93.287
98.457,45.356,94.013,105.55
97.483,36.771,94.109,116.96
98.036,42.344,89.233,103.95
93.691,44.33,69.171,95.638
86.214,33.305,71.291,113.07
92.126,35.376,69.137,107.71
91.339,37.801,73.968,97.272
92.743,33.159,82.546,98.439
91.511,31.667,87.489,96.678
93.761,37.496,82.741,88.716
111.47,39.734,85.252,86.051
113.5,45.474,85.232,78.295
112.63,45.138,88.635,82.422
109.37,48.586,90.834,75.528
102.86,47.066,97.416,77.813
99.22,48.135,99.312,75.136
96.99,43.976,101.15,81.418
91.422,43.824,97.881,78.35
95.015,43.031,97.681,75.61
84.619,48.164,106.13,64.448
82,45.289,115.59,64.19
82.123,43.06,121.69,64.563
76.379,43.352,127.32,62.323
83.175,42.855,135.81,58.467
70.262,40.725,136.15,58.618
64.185,39.794,162.82,57.232
64.428,38.881,163.9,59.247
61.632,35.043,156.74,62.466
62.786,32.781,161.68,65.497
53.432,32.644,160.03,61.704
53.65,32.303,164.78,59.833
44.443,31.587,158.38,57.564
41.361,30.756,154.93,54.99
44.787,30.073,158.23,56.269
40.058,30.055,150.08,54.544
35.708,27.042,165.42,58.674
40.366,26.967,154.26,57.849
42.509,25.282,148.13,61.416
45.557,24.43,146.26,62.286
42.198,26.177,147.36,58.578
33.536,26.482,150.69,56.453
40.338,25.31,158.28,60.738
43.549,25.74,147.96,58.766
36.709,27.923,152.1,54.712
36.219,26.395,152.99,56.626
NaN,NaN,NaN,-2
NaN,NaN,NaN,0
NaN,NaN,NaN,0
NaN,NaN,NaN,0
NaN,NaN,NaN,0
