NaN,NaN,NaN,-1
202.4,118.8,36.3,79.2
201.3,117.7,36.3,79.2
198,113.3,39.6,82.5
196.9,108.9,41.8,83.6
195.8,111.1,44,81.4
196.9,113.3,44,78.1
199.1,112.2,40.7,78.1
201.3,111.1,40.7,82.5
203.5,110,38.5,88
202.4,110,40.7,83.6
203.5,107.8,44,90.2
213.4,111.1,40.7,84.7
212.3,112.2,46.2,83.6
212.3,108.9,47.3,89.1
206.8,110,53.9,88
204.6,110,59.4,88
198,107.8,72.6,86.9
198,107.8,78.1,85.8
199.1,107.8,61.6,85.8
201.3,106.7,56.1,86.9
204.6,104.5,50.6,90.2
206.8,104.5,52.8,86.9
210.1,104.5,55,85.8
207.9,103.4,61.6,88
206.8,103.4,64.9,90.2
212.3,103.4,62.7,89.1
213.4,103.4,63.8,86.9
211.2,102.3,59.4,84.7
214.5,102.3,36.3,82.5
216.7,99,31.9,81.394
220,97.9,22,55
215.6,95.7,27.5,59.4
216.7,96.8,26.4,59.4
218.9,97.9,25.3,52.8
221.1,96.8,22,48.594
222.2,97.9,24.2,47.3
221.1,99,25.3,46.2
220,100.1,27.5,44
221.1,99,28.6,45.1
220,100.1,27.5,45.1
220,103.4,29.7,47.3
221.1,104.5,26.4,50.6
221.1,127.6,26.375,34.1
222.2,130.9,25.3,33
221.1,132,28.6,33
221.1,132,30.8,34.558
221.1,135.3,31.389,30.8
216.7,136.4,38.5,33
213.4,132,39.6,34.1
220,130.9,27.5,34.1
215.6,130.9,27.5,35.2
212.46,129.83,26.825,34.336
208.16,126.61,26.825,36.482
204.94,124.47,27.898,42.92
201.72,122.32,28.971,50.431
199.58,122.32,30.044,49.358
198.51,121.25,33.263,32.19
199.58,124.47,35.409,30.044
194.21,125.54,45.066,31.117
193.14,124.47,31.117,30.044
195.34,125.54,29.991,32.19
198.51,127.69,28.971,32.19
197.43,127.69,32.19,32.19
196.36,130.91,35.409,28.971
195.29,128.76,37.555,28.971
195.29,128.76,34.336,27.354
200.65,128.76,30.044,26.825
204.94,128.76,26.825,26.825
207.09,127.69,27.898,26.825
214.6,126.61,25.752,27.898
222.11,125.54,26.259,30.044
224.26,121.25,26.825,28.971
224.26,119.1,26.825,28.971
222.69,119.58,23.034,29.563
217.82,114.81,23.606,35.409
211.38,114.81,24.679,35.409
204.94,115.88,23.606,34.336
199.58,115.88,23.606,34.336
197.43,113.74,24.679,36.482
194.21,109.52,26.825,30.926
193.14,103.01,27.898,28.971
192.07,97.643,31.117,26.825
194.21,93.351,32.19,24.679
194.21,92.278,35.409,24.679
196.36,93.351,32.19,23.606
195.29,83.694,35.409,31.117
196.36,82.621,34.336,32.19
200.65,85.84,28.971,31.117
201.72,92.278,26.825,30.044
203.87,99.789,23.606,32.19
204.94,106.23,20.387,35.409
203.87,110.52,21.46,37.555
206.02,108.37,20.387,36.482
204.94,111.59,21.46,37.555
210.31,114.81,20.387,34.336
211.49,118.03,20.274,37.555
212.46,125.54,20.387,33.263
211.38,130.91,19.314,35.409
208.16,134.13,21.46,39.701
208.69,140.56,18.789,31.117
208.16,141.64,18.241,31.117
208.16,142.71,18.241,36.482
208.01,141.45,19.761,36.202
208.01,141.45,20.801,36.401
209.1,142.49,17.627,33.281
208.01,138.33,21.841,36.401
206.97,136.25,23.921,36.401
208.01,134.17,22.881,35.361
208.01,131.04,22.881,36.401
209.05,131.04,23.921,34.321
206.97,127.92,24.961,37.441
206.97,126.88,23.921,36.401
209.05,124.8,20.801,37.441
210.09,125.84,18.721,36.401
211.13,123.76,17.558,36.401
213.21,122.72,15.601,36.401
212.17,125.84,24.961,34.321
213.21,125.84,19.761,38.481
212.17,125.84,20.801,39.521
211.13,126.88,21.841,37.441
212.17,126.88,22.881,39.521
214.25,128.96,20.801,36.401
214.25,130,22.881,35.361
216.33,130,21.841,37.441
216.33,131.04,23.921,37.441
218.41,131.04,22.881,38.481
218.41,131.04,23.921,37.441
220.49,131.04,22.881,37.441
221.53,132.08,23.921,35.361
223.61,133.13,22.881,35.361
224.65,135.21,26.001,33.281
224.65,136.25,27.041,33.281
221.53,137.29,31.201,34.321
224.65,136.25,29.121,35.361
227.77,136.25,27.041,35.361
227.77,137.29,28.081,35.361
227.77,136.25,28.081,36.401
230.89,134.17,27.041,35.361
235.05,133.13,24.961,38.481
237.13,132.08,23.921,41.602
240.25,132.08,18.721,42.642
242.33,130,17.681,39.521
239.21,128.96,20.801,38.481
239.21,130,22.881,41.602
238.17,131.04,24.961,41.602
237.13,131.04,23.921,39.521
237.13,132.08,21.841,38.481
231.93,130,27.041,36.401
235.05,128.96,23.921,36.401
235.05,125.84,22.881,41.602
234.01,124.8,22.881,40.562
236.09,123.76,20.801,42.642
236.09,122.72,21.841,42.642
234.47,121.8,23.345,41.615
231.42,121.8,27.405,43.645
231.42,121.8,28.42,43.645
229.39,121.8,29.435,45.675
231.42,120.79,27.405,33.495
232.44,119.77,26.39,35.525
234.47,118.76,24.36,35.525
238.53,117.74,21.315,35.525
237.51,118.76,23.345,33.495
237.51,122.82,23.345,32.48
239.54,120.79,24.36,37.555
239.54,118.76,27.405,40.6
237.51,121.8,31.465,35.525
239.54,120.79,26.39,34.51
239.54,122.82,28.42,33.495
237.51,121.8,30.45,36.54
236.5,123.83,31.465,32.48
234.47,123.83,29.435,32.48
233.45,124.85,31.465,33.495
232.44,121.8,27.405,33.495
230.41,119.77,26.39,40.6
228.38,116.73,27.405,41.615
226.35,116.73,26.39,35.525
226.35,116.73,25.375,31.465
222.29,116.73,29.435,31.465
222.29,116.73,29.435,30.45
221.27,115.71,31.465,30.45
221.27,115.71,30.45,29.435
219.24,115.71,32.48,29.435
220.26,112.67,36.54,33.495
219.24,110.64,39.585,36.54
220.26,109.62,42.63,38.57
220.26,111.65,20.3,37.045
220.26,112.67,20.3,37.555
217.21,112.67,23.345,39.585
214.17,113.68,26.39,35.525
212.14,114.7,29.435,34.51
209.09,117.74,31.465,38.57
210.11,118.76,31.465,38.57
219.24,118.76,22.33,39.585
219.24,118.76,22.33,40.6
220.26,118.76,20.3,39.585
220.26,117.74,20.3,39.585
219.24,115.71,22.33,39.585
217.21,115.71,23.345,33.495
216.2,114.7,24.36,34.51
210.11,116.73,30.45,33.495
209.09,116.73,30.45,35.525
209.09,117.74,28.42,33.495
210.11,118.76,30.45,32.48
212.14,119.77,28.42,32.48
210.77,120.72,27.706,30.675
209.78,119.73,29.685,33.644
210.77,118.74,25.727,34.633
211.76,118.74,28.696,34.633
210.77,118.74,29.685,37.602
210.77,120.72,32.654,37.602
210.77,122.7,36.612,38.591
211.76,126.66,20.78,37.602
210.77,132.6,21.769,35.535
211.76,136.55,20.78,36.612
211.76,140.51,21.769,33.644
212.75,143.48,20.78,35.623
211.76,144.47,20.78,36.612
212.75,145.46,19.79,37.602
211.76,146.45,21.769,38.591
210.77,144.47,24.738,44.528
209.78,145.46,26.717,42.549
210.77,143.48,26.717,42.549
209.78,142.49,28.696,43.539
206.81,142.49,32.654,43.539
204.83,141.5,35.623,45.518
202.85,140.51,40.57,45.518
201.86,141.5,45.518,45.518
203.84,136.55,40.57,52.444
206.81,146.45,26.717,43.539
206.81,146.45,25.727,44.528
202.85,145.46,28.696,46.507
205.82,145.46,25.727,44.528
204.83,144.47,23.748,41.56
202.85,144.47,21.769,38.591
201.86,143.48,22.759,38.591
199.88,145.46,23.748,34.633
194.93,145.46,29.685,36.612
189.99,144.47,31.665,39.581
191.97,147.44,29.685,38.591
195.92,147.44,25.757,37.602
196.91,145.46,26.717,38.591
197.9,144.47,25.727,38.591
197.9,144.47,25.727,39.581
198.89,143.48,27.706,41.56
204.83,145.46,21.769,40.57
205.82,145.46,23.748,39.581
206.81,145.46,28.696,39.581
206.81,146.45,30.675,38.591
207.8,145.46,31.665,36.612
205.82,146.45,37.602,35.623
202.85,146.45,42.549,34.633
200.87,143.48,45.518,34.633
204.83,141.5,41.56,35.623
206.81,139.52,33.644,35.623
206.81,135.56,33.644,39.581
207.8,132.6,32.654,40.57
209.78,129.63,30.675,42.549
208.79,128.64,33.644,43.539
210.77,127.65,34.633,43.539
212.75,129.63,33.644,41.56
205.82,128.64,29.685,41.56
206.81,129.63,28.696,41.56
205.82,130.62,29.685,39.581
206.81,132.6,25.727,37.602
203.84,129.63,29.685,41.646
203.84,131.61,27.706,40.57
202.85,130.62,27.706,42.549
199.88,131.61,32.654,42.549
199.88,132.6,32.654,39.867
197.9,132.6,32.654,39.581
205.82,133.58,25.727,37.602
203.84,132.6,28.696,36.612
201.86,132.6,30.675,35.623
203.84,130.62,29.685,39.581
198.38,133.58,26.236,39.581
194.93,132.6,31.665,39.581
192.96,132.6,34.633,37.602
191.97,131.61,36.612,33.644
191.97,129.63,35.623,35.623
190.98,128.64,33.644,32.654
190.98,127.65,35.623,35.799
189,127.65,38.591,34.633
187.02,125.67,20.78,31.665
186.03,125.67,18.801,27.663
185.04,122.7,17.811,26.77
183.06,121.8,20.78,24.648
182.07,120.72,21.769,24.738
182.07,120.72,18.801,24.738
180.09,119.73,18.801,25.727
174.15,117.75,21.769,25.703
173.17,115.77,23.748,26.717
174.15,113.79,21.769,27.706
174.15,107.86,22.759,32.654
174.15,106.87,22.759,33.644
171.19,104.89,25.727,31.665
169.21,103.9,26.717,30.675
166.24,104.89,28.696,28.696
162.28,104.89,30.675,28.696
162.36,103.9,28.619,29.685
162.28,102.91,26.717,29.685
163.21,103.9,23.809,27.706
163.16,102.91,21.879,27.706
163.27,101.92,20.78,27.706
159.31,98.952,23.748,31.665
160.3,98.952,21.769,32.654
160.3,97.962,20.78,33.644
159.31,97.962,19.79,31.665
159.31,99.941,17.811,31.665
157.33,100.93,16.822,32.654
155.35,104.89,16.822,32.654
153.38,104.89,16.822,36.612
150.41,107.86,19.79,32.654
150.41,106.87,18.801,33.644
148.43,104.89,18.801,37.602
148.35,103.9,18.876,38.591
148.43,103.9,18.801,36.612
147.44,103.9,18.801,36.612
145.46,102.91,19.79,36.612
144.47,102.91,20.78,30.499
144.47,103.9,21.769,30.675
145.46,103.9,18.801,31.665
138.53,103.9,24.738,31.665
135.56,103.9,27.737,31.665
136.55,102.91,25.727,32.654
136.55,102.91,25.727,32.654
138.53,100.93,23.748,35.623
136.55,101.92,25.727,32.654
138.53,104.89,23.748,31.665
141.5,103.9,20.78,34.617
143.48,101.92,19.79,37.602
142.49,102.91,21.769,38.591
144.47,105.88,21.769,40.57
145.46,110.83,20.78,36.612
144.47,115.77,23.748,36.612
145.46,117.75,22.759,39.581
147.44,119.73,21.769,39.581
151.92,119.65,19.266,40.654
154.36,117.75,21.769,40.367
163.27,116.76,23.748,39.581
171.19,114.78,27.706,40.57
173.17,115.77,27.706,37.602
171.19,113.79,29.685,35.623
170.2,114.78,29.685,34.633
166.24,113.79,32.654,35.623
161.29,114.78,37.602,35.623
159.31,116.76,38.591,33.644
154.36,115.77,42.549,34.633
150.41,114.78,42.549,36.612
148.43,113.79,39.581,36.612
149.42,113.79,35.623,35.623
150.41,112.8,32.654,37.602
149.42,112.8,28.696,36.612
148.43,112.8,26.717,40.57
149.42,110.83,23.748,45.518
150.41,111.82,24.738,40.57
147.44,113.79,27.706,39.581
146.45,115.77,27.706,37.424
146.45,115.77,27.706,36.612
145.46,113.79,27.706,44.528
145.46,114.78,24.738,44.528
143.48,112.8,26.717,45.518
145.64,109.84,24.558,46.507
146.45,105.88,24.738,44.528
144.47,102.91,25.727,45.518
143.48,102.91,26.717,43.539
143.48,101.92,29.685,39.367
148.43,103.9,32.654,36.612
151.4,105.88,33.644,35.623
151.4,108.85,36.612,36.612
158.32,112.8,29.685,35.623
162.28,116.76,28.696,37.602
162.28,121.71,27.706,36.612
164.24,125.83,26.739,34.468
162.28,128.64,31.665,35.623
161.29,131.61,32.654,36.612
162.28,132.6,32.654,37.602
164.26,131.61,29.685,36.612
164.26,132.6,29.685,36.612
163.27,135.56,28.696,35.623
161.29,136.55,27.706,38.591
161.29,136.55,26.717,42.549
158.32,138.53,28.696,42.549
155.35,138.53,29.685,42.549
155.35,137.54,26.717,37.602
155.35,134.57,26.717,37.602
154.36,129.63,28.696,41.56
154.36,123.69,28.696,41.56
154.36,119.73,27.706,39.581
155.35,114.78,27.706,40.57
156.34,110.83,29.685,38.11
159.31,105.88,30.675,38.591
162.28,103.9,32.654,37.602
164.26,101.92,33.644,38.591
166.24,100.93,31.665,38.591
167.23,100.93,31.665,40.57
167.23,100.93,32.654,37.602
168.22,101.92,31.665,39.581
166.24,103.9,32.654,40.57
163.27,108.85,32.654,38.591
160.3,111.82,31.665,39.581
157.33,113.79,30.675,38.649
154.36,115.77,29.685,39.581
151.4,120.72,28.696,39.581
148.43,123.69,27.706,41.56
144.47,130.78,27.706,37.44
142.49,132.6,28.696,43.539
139.52,134.57,28.696,43.539
140.51,135.56,27.706,43.539
140.51,136.55,28.696,45.518
140.51,133.58,32.654,48.486
141.5,132.1,33.644,49.97
142.49,131.61,35.623,47.497
143.48,128.64,35.623,47.031
141.5,126.66,38.591,44.528
139.52,124.68,40.57,44.528
139.52,121.71,44.528,45.518
138.53,119.73,49.476,48.486
139.52,119.73,48.486,46.507
149.42,116.76,38.591,46.507
149.42,113.79,39.581,46.507
152.39,111.82,36.612,47.497
153.38,109.84,35.623,47.497
158.32,106.87,32.654,44.528
161.29,105.88,30.675,44.528
157.33,104.89,35.623,44.528
158.32,104.89,34.633,42.549
155.35,103.9,37.602,41.56
153.38,105.88,39.581,41.56
151.4,105.88,41.56,40.57
151.4,106.87,42.549,43.539
150.41,106.87,29.685,42.549
145.46,106.87,31.665,42.549
142.49,105.88,32.654,44.528
142.49,104.89,31.665,43.524
140.51,103.9,31.665,43.539
139.52,102.91,30.538,39.581
137.54,102.91,31.665,42.549
138.57,101.92,31.628,44.528
137.54,99.941,33.644,45.518
136.55,97.962,35.623,47.497
137.54,95.983,34.633,39.581
139.52,94.004,33.644,31.665
141.5,93.015,33.644,31.665
144.47,91.036,30.663,32.654
148.43,91.036,27.706,32.654
147.44,89.056,30.675,34.633
151.4,88.067,28.696,33.644
156.34,89.056,26.717,32.654
163.27,90.046,24.738,36.612
161.29,94.004,28.696,36.612
163.27,99.941,25.727,36.612
166.24,104.89,24.738,38.591
162.28,108.85,30.675,38.591
164.26,113.79,29.685,38.591
166.24,114.78,27.706,36.612
167.23,116.76,27.706,31.665
166.24,116.76,30.675,31.665
165.25,116.76,33.644,32.654
163.27,118.74,37.602,31.665
162.28,118.74,41.56,34.633
162.28,120.72,31.665,35.623
160.3,120.72,29.685,32.598
154.36,123.69,33.644,31.665
154.45,126.66,31.579,30.675
152.39,130.15,31.665,29.159
149.42,132.6,32.654,28.696
145.46,132.6,35.623,29.685
143.48,133.58,36.612,29.685
145.78,134.57,33.324,33.644
145.46,135.56,33.644,31.665
146.45,135.56,33.644,31.665
148.43,134.57,31.665,32.654
149.42,133.58,31.665,35.623
150.92,134.05,30.166,33.182
152.39,132.6,28.696,35.623
154.36,132.6,29.685,35.623
155.35,133.58,29.685,34.633
155.35,133.58,29.685,35.623
155.35,133.94,26.717,36.257
154.36,132.6,30.675,36.612
154.36,128.64,30.675,35.623
154.36,126.66,30.675,39.581
152.39,124.68,33.644,39.581
152.39,121.71,34.633,40.57
151.4,120.72,37.602,40.57
150.41,127.05,39.581,34.242
151.4,117.75,40.57,40.57
152.39,113.79,41.56,41.56
154.36,113.79,44.528,39.581
154.36,111.82,47.497,39.581
154.36,109.84,52.444,41.56
155.35,107.86,51.455,42.549
155.35,105.88,51.455,43.539
160.3,105.88,48.486,44.528
161.29,103.9,48.486,47.497
161.29,103.9,47.497,50.465
161.31,103.9,44.506,47.497
162.28,103.9,43.539,48.486
162.28,103.9,46.507,48.486
164.26,104.89,45.518,49.476
166.24,104.89,45.518,48.486
166.24,103.9,47.497,49.476
167.23,102.91,47.497,51.455
167.23,102.91,46.507,50.465
166.24,100.93,47.497,49.476
166.24,99.941,46.507,48.486
163.27,98.952,50.465,47.497
163.27,97.962,50.465,46.507
161.29,98.952,52.444,45.518
158.32,99.941,57.392,49.476
156.34,101.92,57.392,47.497
152.39,102.91,59.371,44.528
150.41,102.91,61.35,44.528
146.45,101.92,63.329,46.507
143.48,102.91,67.287,46.507
140.51,102.91,68.277,46.507
138.53,103.9,43.539,44.528
138.53,98.952,41.56,50.465
137.98,96.973,40.135,52.444
136.55,96.492,38.591,53.914
135.56,94.994,39.581,58.381
134.57,94.994,40.57,56.402
134.57,95.983,39.581,56.402
133.58,95.983,39.581,58.381
130.62,97.962,42.549,58.381
128.64,96.973,45.518,63.329
127.65,96.973,44.528,64.319
128.64,96.973,43.539,66.298
128.64,96.973,46.507,69.266
127.65,96.973,47.497,68.277
127.65,96.973,49.476,71.245
126.66,99.941,53.434,70.256
128.64,104.89,40.57,67.287
133.58,109.84,37.602,65.308
135.56,114.78,37.602,63.329
137.54,120.72,41.56,61.35
141.5,126.66,42.549,60.36
148.43,128.64,31.665,61.35
152.39,130.62,30.675,65.308
152.39,130.62,28.696,65.308
152.39,129.63,29.685,67.287
153.38,127.65,31.665,67.287
150.41,121.71,31.665,70.256
150.41,118.74,29.685,68.277
149.42,115.77,32.654,68.277
149.42,110.83,30.675,61.35
150.41,106.82,29.685,60.404
150.41,105.88,29.685,59.371
148.43,103.9,33.644,58.381
148.43,102.91,32.654,59.371
147.44,101.92,33.644,59.371
146.45,100.93,35.623,60.36
143.48,101.92,37.602,56.402
135.09,97.962,41.043,62.34
128.64,96.516,43.539,65.765
121.71,93.015,45.518,68.277
118.74,91.036,47.497,69.266
109.84,85.098,53.434,72.235
104.89,76.193,60.36,83.119
116.76,63.329,73.224,93.015
128.64,68.277,88.067,93.015
155.35,57.392,94.994,93.015
205.82,55.413,85.098,87.077
229.57,56.402,78.172,63.329
241.44,59.371,57.392,58.381
232.54,61.35,59.371,58.381
234.52,62.34,72.235,55.413
249.36,59.371,76.193,58.381
249.36,60.36,78.172,60.36
246.39,62.34,45.518,62.34
243.42,64.319,42.549,58.381
236.49,69.266,43.453,46.507
238.47,84.109,39.57,41.56
243.42,87.077,41.56,45.518
242.43,92.025,45.518,47.497
233.53,103.9,49.476,51.455
223.67,116.76,50.427,55.413
206.81,126.66,55.413,58.381
197.9,129.63,50.465,63.329
188.01,127.65,37.602,68.277
181.08,128.64,40.57,70.256
173.17,129.63,41.56,55.413
167.3,128.64,43.468,52.444
168.22,124.68,43.539,52.444
174.15,121.71,41.56,53.434
174.15,117.75,44.528,51.455
178.11,113.79,46.507,50.465
185.04,111.82,45.518,49.476
191.97,111.82,41.56,52.444
193.95,111.82,39.581,51.455
192.96,114.78,39.581,46.507
190.98,114.78,39.581,47.497
187.02,120.72,37.602,48.486
182.07,119.73,38.591,50.465
181.08,121.71,40.57,52.444
176.13,124.68,38.183,52.444
