NaN,NaN,NaN,-1
152.83,98,18.667,47.833
152.25,98.587,18.667,48.413
151.67,95.083,18.667,48.417
149.33,92.167,19.25,50.167
149.33,91,20.417,50.167
151.08,89.833,21,50.167
152.25,89.25,21.583,50.167
153.42,89.25,22.167,49.583
154.58,86.917,23.917,51.917
155.75,89.25,24.5,49
158.08,89.25,26.25,49
156.92,88.667,26.25,49.583
155.17,88.667,26.833,49
154,88.667,29.75,49.583
151.67,87.5,26.833,50.75
147.58,86.917,26.833,52.5
142.88,87.5,26.282,50.75
138.25,88.083,26.833,50.75
134.17,88.083,26.833,51.333
130.67,86.917,28.583,52.5
128.33,86.917,32.667,53.667
129.5,86.917,33.833,53.083
130.67,85.75,30.333,54.25
131.25,85.167,33.833,55.417
131.83,85.167,34.417,55.417
133.58,84.583,36.75,56
134.75,84.583,30.333,56
136.5,84.583,30.333,53.667
138.83,89.25,30.917,49.583
140.58,89.25,30.917,49.583
142.92,89.25,30.917,49.583
145.25,89.25,29.167,50.167
147.58,89.25,29.167,49
148.17,88.667,30.917,49.583
148.75,88.083,29.75,51.917
148.17,88.083,30.333,51.917
149.33,87.5,29.75,53.083
149.33,88.083,30.917,52.5
151.08,85.75,30.333,55.417
152.25,85.75,29.167,57.167
153.42,88.083,29.167,55.417
154,91,30.333,53.083
154.58,89.833,30.333,54.833
154.58,89.833,32.083,55.417
153.42,90.417,33.833,55.417
154,92.167,33.833,54.833
156.33,93.917,33.25,53.083
158.08,93.333,33.25,54.25
159.83,96.833,33.833,50.75
159.25,96.25,25.667,50.75
158.67,95.667,23.917,51.333
157.5,95.083,24.5,50.75
156.92,95.083,24.5,42.583
155.17,95.667,24.5,42
152.25,95.667,25.667,42.583
148.17,97.417,26.833,40.25
142.92,98,26.833,41.417
136.5,97.417,26.25,42
128.92,97.417,27.417,41.417
123.63,95.083,27.458,43.75
120.17,91.583,26.833,46.083
119.58,86.917,28,49.583
120.17,85.167,28,50.75
121.92,92.167,28,41.417
126,91,28,42.583
131.25,91,29.75,42.583
135.33,91,29.75,42
140.58,91.583,29.75,42
147,91,29.75,42.583
153.42,89.25,28.583,43.75
159.25,89.25,28,43.75
163.92,89.25,26.833,44.333
165.67,89.833,29.75,44.917
168,89.833,29.75,44.917
169.17,91.583,29.167,44.333
168.58,92.167,29.75,44.333
165.67,93.333,32.083,44.333
165.08,94.5,32.083,44.333
166.25,95.667,30.917,44.333
166.83,96.833,31.5,44.333
168,97.417,33.833,44.333
169.17,98,35,44.047
170.92,98,36.167,44.917
172.67,98,37.917,45.5
174.42,98.583,38.5,45.5
176.17,98.583,40.25,46.083
178.5,96.833,39.667,47.25
184.92,97.417,36.167,47.25
186.67,96.833,39.083,47.833
188.42,93.917,41.417,50.75
189.58,99.75,29.75,44.333
189.58,98,29.167,44.333
186.67,94.5,30.917,47.833
186.67,93.917,30.917,46.667
187.25,104.42,29.75,33.833
182.58,103.25,31.5,33.25
179.08,101.5,31.5,35
177.33,99.75,30.333,35.583
176.17,98.583,30.917,35
173.83,96.833,32.083,35.583
173.25,96.25,32.083,35.583
173.25,95.667,31.5,35.583
173.25,95.083,32.083,36.167
173.25,95.667,32.083,34.417
174.42,93.917,32.083,35.583
175.58,93.333,31.5,36.75
175.58,93.917,31.5,36.167
172.67,95.083,32.083,35.583
170.33,95.083,30.333,36.167
168,94.5,30.333,37.917
166.83,93.917,30.917,38.5
165.08,93.917,30.917,36.167
161.58,93.917,32.083,36.75
158.08,92.167,32.083,39.083
154,91.583,32.667,40.833
152.25,92.75,32.667,39.083
149.92,93.917,32.083,39.667
147.58,95.083,32.667,40.833
147,96.25,32.083,39.083
145.25,98.583,32.667,30.333
143.5,100.92,32.083,30.917
142.33,102.08,32.083,29.167
141.17,103.25,32.083,30.333
140,105.58,32.667,30.333
143.5,106.17,31.5,29.75
149.92,107.92,30.917,27.417
157.5,106.75,30.333,29.167
163.33,106.75,31.5,28
169.17,105.58,30.917,28.583
172.08,104.42,30.917,28
176.17,102.67,30.333,30.333
180.83,100.92,30.333,30.333
184.33,102.67,32.667,25.667
189,100.92,30.333,28.583
191.33,98.583,30.917,28.583
193.67,96.833,30.917,31.5
196,96.833,28.583,32.083
196.58,95.667,29.167,33.833
198.5,95.667,26.681,36.75
196,97.417,26.833,28.583
187.83,98.583,28,30.917
179.67,102.67,27.417,30.333
173.25,106.17,26.833,32.083
165.08,109.67,26.833,33.833
159.25,112.58,25.667,31.223
154,111.42,25.083,34.417
151.67,112.58,23.917,33.833
148.75,113.75,23.917,35
143.5,114.33,26.25,34.417
146.42,113.75,22.75,32.667
147,110.25,22.75,38.5
151.08,107.33,21,38.5
152.83,104.42,20.417,37.917
154,103.25,20.417,37.333
154.58,101.5,20.417,37.333
152.83,100.33,19.833,37.333
152.83,99.75,21,39.667
153.42,100.63,20.417,34.701
153.42,100.92,19.833,35
150.5,100.92,21,33.833
148.75,101.5,19.833,32.667
145.25,101.5,19.8,32.667
139.42,100.92,19.833,32.667
133,99.167,22.167,34.417
129.5,99.167,21.583,33.833
130.08,99.75,19.833,33.25
126.58,100.33,25.083,32.083
127.75,99.75,27.417,33.833
127.17,99.75,28.583,32.083
126,99.75,25.083,30.333
126,99.167,25.083,30.333
125.42,99.167,25.083,30.333
126,98,25.083,30.333
127.17,96.833,25.083,30.333
126.58,96.25,25.083,30.333
125.42,95.667,25.083,30.333
124.83,95.083,25.083,30.333
126,90.417,25.083,32.083
126,91,19.833,30.333
120.17,93.333,23.917,30.333
118.42,95.083,23.917,30.333
116.08,108.5,20.417,21.583
111.42,110.25,21.583,20.417
112,111.42,23.333,22.167
120.17,112,18.083,20.417
124.25,113.17,18.083,19.833
128.33,113.17,16.917,19.833
131.25,113.17,16.917,18.083
134.17,113.75,16.333,21
136.5,113.17,16.917,24.5
138.25,113.75,17.5,25.667
140.58,114.33,16.333,26.25
142.92,114.33,17.5,26.833
145.25,114.92,16.333,26.263
145.25,115.5,17.5,25.667
145.25,114.92,16.917,26.25
145.83,114.92,15.167,25.667
145.83,113.75,14.583,26.833
147.57,113.75,12.844,26.25
148.17,113.75,12.833,25.083
149.33,113.75,12.25,24.5
148.17,114.33,11.014,23.917
145.25,113.75,10.5,24.5
142.92,113.75,11.083,22.75
143.5,115.5,10.5,21.583
145.83,114.33,9.9561,21
148.75,114.33,10.2,18.667
149.33,110.25,9.9167,21
149.33,110.25,9.3333,18.667
147,109.67,9.9167,17.5
144.67,109.08,10.5,16.917
144.08,109.08,9.3333,16.333
143.5,108.5,8.75,15.75
144.08,108.21,9.3333,14.295
143.5,107.33,9.3333,13.417
141.17,107.33,10.5,12.833
139.42,107.33,9.9167,11.083
138.83,107.33,9.9167,12.25
135.92,109.61,11.083,12.31
133,110.25,13.417,11.667
134.17,110.83,12.833,12.25
140,111.14,11.667,11.361
144.67,111.42,11.083,12.833
148.17,111.42,11.667,12.833
150.5,111.42,11.667,12.25
151.67,110.83,11.667,12.25
152.83,110.25,11.083,12.877
156.33,110.25,11.083,13.417
161,110.25,9.9167,14
163.92,109.67,9.9167,14.583
166.25,110.25,9.3333,14
168,109.67,8.1667,15.75
168.58,107.33,8.1667,18.667
169.77,107.33,7.5633,18.083
170.92,107.33,7,20.417
171.5,107.33,6.6773,18.083
172.67,107.33,6.4167,17.5
172.08,107.33,6.4167,17.5
170.92,109.67,8.1667,16.917
170.92,109.67,7,18.083
172.67,107.33,5.25,19.833
174.42,106.75,6.4167,15.75
176.75,106.17,6.1298,15.75
179.08,106.17,5.8333,15.167
179.67,105.58,6.4167,15.167
179.67,104.42,9.9167,14
182.58,105,8.1667,14.583
183.75,105.55,8.75,14.037
185.5,105.58,8.75,13.417
183.75,105.58,8.75,13.417
183.75,106.17,8.1667,12.833
183.75,107.33,7.5833,12.833
183.75,107.92,8.1667,14
184.34,109.67,6.4055,12.833
183.75,110.83,6.4167,12.25
184.92,112.58,7.5833,13.417
184.33,113.17,7.5833,14
183.17,114.33,8.1667,14
181.42,114.33,8.75,14
180.83,113.75,8.75,14
180.83,114.92,8.1667,13.417
179.08,114.33,9.3333,12.833
177.33,115.86,9.2043,11.894
176.17,115.5,9.3333,12.833
174.42,116.67,10.5,11.083
176.91,116.67,8.0029,10.664
176.75,116.67,8.1667,10.5
177.92,116.08,8.1667,11.667
178.5,116.08,8.1667,12.25
180.25,116.08,7.5833,11.667
