NaN,NaN,NaN,-1
206,112,31,104
203,110,35,104
201,109,38,103
200,107,39,103
200,107,38,102
201,106,36,101
202,105,34,101
204,105,30,100
206,104,29,100
208,102,28,101
209,102,29,101
213,102,28,100
214,103,28,99
213,104,30,99
212,104,31,99
211,104,32,99
211,102,32,100
209,101,33,102
207,99,34,104
208,98,34,105
209,96,34,106
210,96,33,106
210,95,33,107
211,95,34,107
211,95,36,107
211,95,37,106
211,94,37,105
212,94,36,105
212,93,35,105
213,91,35,105
214,90,34,105
215,90,33,105
217,91,32,103
217,91,32,103
218,92,32,101
218,92,34,100
218,92,35,99
218,92,36,99
218,92,36,99
218,93,36,99
217,95,37,101
217,97,36,103
218,99,35,104
218,102,34,104
218,102,35,104
216,103,37,107
216,104,39,107
214,104,43,108
210,104,46,108
206,104,48,107
203,103,47,106
200,102,43,105
196,100,41,105
192,97,44,110
190,95,45,112
189,93,46,113
187,93,48,114
187,96,52,114
187,97,55,115
188,98,58,115
188,99,61,115
190,102,61,114
191,102,61,114
192,102,60,114
192,102,56,112
190,102,53,112
193,102,49,111
194,101,51,112
196,100,56,113
201,101,51,111
200,100,50,119
204,97,49,117
204,95,49,117
200,95,51,116
194,95,52,116
193,95,53,117
189,92,60,122
181,90,67,126
178,87,72,128
176,82,75,131
175,74,80,133
176,67,85,135
177,63,90,137
177,60,94,139
176,59,98,141
177,57,100,143
178,58,99,143
178,60,97,143
179,66,91,141
180,74,85,140
181,81,81,139
180,84,85,142
179,86,89,143
179,89,94,144
180,92,100,145
180,93,108,149
178,96,114,151
176,102,116,151
175,106,115,153
174,108,115,154
174,110,115,155
173,112,115,157
173,113,116,158
173,113,117,159
172,112,118,159
171,112,121,160
171,111,124,161
171,107,127,162
171,105,128,163
171,103,130,164
171,100,132,164
170,98,134,165
168,96,142,168
168,94,148,170
167,92,155,173
166,91,162,175
167,90,167,177
167,91,174,179
168,91,179,180
167,91,185,183
167,91,191,185
167,90,198,188
167,90,201,190
168,91,201,190
170,91,200,190
170,91,207,194
170,91,209,195
171,90,216,198
171,90,221,200
173,90,227,201
175,91,230,203
176,91,236,204
176,91,241,206
177,91,243,206
177,90,249,208
177,90,251,208
178,90,256,210
179,88,262,211
180,87,264,211
181,86,268,213
181,84,274,214
182,83,279,215
182,80,284,216
181,79,288,216
181,78,292,217
181,77,295,217
180,76,300,218
179,75,304,220
179,74,307,221
178,72,311,222
178,70,317,224
178,69,324,227
178,67,328,228
177,66,331,230
177,65,334,231
177,64,337,231
177,62,343,235
177,61,347,236
177,60,350,237
177,58,358,242
178,57,362,243
178,56,366,245
178,54,372,249
178,53,379,251
179,53,380,251
179,51,387,254
179,51,391,255
179,50,395,256
179,49,399,259
178,49,402,261
177,48,407,266
178,48,407,267
179,48,408,268
181,49,408,268
182,49,408,268
183,48,409,269
184,48,409,270
185,48,411,271
187,47,413,274
187,45,417,279
186,43,423,284
185,42,430,288
184,41,433,291
184,40,438,295
183,39,442,301
185,39,444,304
185,39,448,308
186,39,451,311
189,40,451,311
190,40,453,315
190,41,457,317
190,40,461,323
189,40,464,325
189,39,468,329
189,38,470,334
189,38,472,336
189,37,472,338
189,36,476,343
190,36,477,344
191,36,477,344
190,36,479,347
192,37,479,347
194,38,479,348
194,37,484,353
193,37,487,356
193,36,490,361
193,35,493,366
192,35,495,369
192,35,498,371
192,35,503,372
195,38,504,373
198,41,504,375
198,42,504,377
201,46,504,379
202,47,510,382
203,49,516,387
206,52,516,387
206,52,522,393
206,51,529,397
206,52,530,404
206,51,533,408
209,52,533,409
210,52,537,409
211,53,536,406
214,53,537,407
217,53,536,407
220,53,537,408
221,52,540,408
221,52,542,410
223,53,542,410
225,54,542,411
NaN,NaN,NaN,-2
NaN,NaN,NaN,0
NaN,NaN,NaN,0
NaN,NaN,NaN,0
NaN,NaN,NaN,0
NaN,NaN,NaN,-1
193,129,32,95
193,129,32,96
194,129,33,96
194,128,33,98
194,128,32,99
195,128,32,100
196,127,32,101
199,127,33,104
201,126,34,106
205,126,34,107
207,126,34,108
209,125,34,109
210,124,36,111
210,123,36,111
210,121,37,113
209,119,39,115
209,116,40,116
209,114,41,118
209,111,42,119
208,109,44,121
208,108,45,123
208,106,46,124
207,106,48,125
206,105,50,127
206,105,51,127
206,105,52,128
204,104,54,129
202,104,55,130
201,105,55,130
199,106,58,132
198,105,61,134
196,105,65,136
196,104,67,137
194,104,71,139
194,103,74,140
195,103,74,140
196,103,74,141
195,104,74,141
196,104,74,141
197,104,73,141
198,103,73,141
199,104,74,141
199,104,73,141
201,103,74,141
202,103,74,141
203,103,74,141
203,101,73,142
205,99,73,141
NaN,NaN,NaN,-2
NaN,NaN,NaN,0
NaN,NaN,NaN,0
NaN,NaN,NaN,0
NaN,NaN,NaN,0
NaN,NaN,NaN,-1
172,97,33,97
171,93,36,100
169,90,40,102
168,88,44,104
167,87,47,106
165,85,51,108
161,84,55,110
158,82,59,112
155,81,63,114
152,79,68,117
151,78,70,118
148,77,74,121
147,75,78,124
146,74,81,125
145,74,83,126
144,74,85,128
143,74,88,129
143,75,89,130
141,76,92,131
138,77,96,134
137,77,99,135
135,76,104,138
134,74,108,142
133,73,112,145
132,72,115,147
131,71,118,149
131,70,121,152
131,69,123,153
131,69,125,155
131,69,127,156
130,68,131,159
130,67,133,160
129,67,137,163
128,65,141,166
128,65,145,168
127,64,149,171
127,64,153,174
128,64,156,176
129,64,159,178
130,65,163,180
132,67,165,182
136,70,167,183
139,74,168,185
143,77,169,186
145,78,173,188
151,80,173,189
158,79,174,191
170,78,176,192
172,76,180,194
176,76,181,196
178,75,182,197
181,75,183,198
182,75,184,200
183,76,185,201
182,76,187,202
181,76,188,204
181,77,189,204
180,77,190,206
180,78,191,207
NaN,NaN,NaN,-2
NaN,NaN,NaN,0
NaN,NaN,NaN,0
NaN,NaN,NaN,0
NaN,NaN,NaN,0
NaN,NaN,NaN,-1
143,97,34,97
143,98,34,96
142,98,34,95
140,98,34,95
138,96,33,95
138,92,35,97
138,88,37,101
136,86,41,103
137,85,40,103
139,84,44,104
145,84,47,106
149,85,51,107
149,87,54,108
151,91,57,109
152,96,58,107
152,100,59,106
151,102,62,106
151,105,65,107
150,106,69,110
149,107,73,113
148,107,77,116
148,108,80,117
146,108,83,118
144,108,86,120
143,109,89,121
139,109,93,122
135,108,98,125
132,106,103,127
131,101,108,131
130,96,112,134
128,89,117,137
128,83,122,140
128,78,126,143
130,72,130,145
132,66,133,147
135,62,136,148
137,59,139,149
138,58,143,151
137,58,146,152
137,58,150,154
136,58,154,156
135,61,157,158
132,65,160,159
128,69,163,161
126,74,163,161
124,78,164,162
121,82,164,162
119,86,165,162
117,90,166,163
115,91,167,164
114,92,170,165
113,92,173,167
113,92,177,168
114,91,180,170
116,88,183,173
119,86,186,174
120,83,190,176
120,81,192,178
121,78,194,179
124,74,197,180
125,71,199,182
126,70,201,183
127,67,204,185
128,64,206,186
129,62,208,187
130,60,210,189
131,59,212,190
132,58,214,191
133,58,215,191
133,59,215,191
133,58,216,192
133,59,216,192
132,59,217,193
132,59,218,193
131,59,220,194
130,60,220,194
130,60,220,194
130,60,221,195
129,60,221,195
130,60,222,196
130,59,223,197
131,59,224,198
132,57,226,199
133,54,227,200
134,51,228,200
135,48,230,202
137,47,232,202
138,46,233,203
141,47,233,204
143,46,235,204
146,47,236,205
151,48,237,205
157,49,239,206
160,52,239,206
161,59,240,206
163,63,241,207
165,66,242,207
165,70,243,208
165,72,245,210
166,72,247,210
167,73,248,212
167,74,250,213
168,76,250,214
170,77,250,214
171,79,250,215
172,82,250,215
171,85,250,216
170,88,250,217
170,90,250,217
170,93,249,218
170,95,249,219
171,97,249,219
172,99,248,221
172,101,248,222
174,102,247,222
175,104,247,223
177,105,247,224
179,106,247,224
181,107,247,224
NaN,NaN,NaN,-2
NaN,NaN,NaN,0
NaN,NaN,NaN,0
NaN,NaN,NaN,0
NaN,NaN,NaN,0
NaN,NaN,NaN,-1
150,108,33,88
149,106,35,88
149,102,37,89
148,100,38,90
149,99,38,90
150,96,38,90
154,93,38,90
157,91,37,89
159,90,37,89
160,88,37,89
160,86,36,89
160,85,36,89
160,85,37,90
160,84,37,90
159,84,38,91
159,83,38,92
159,83,37,93
160,84,37,93
161,84,36,93
162,84,36,92
163,84,35,92
164,83,35,92
164,82,35,92
164,82,35,93
163,80,36,93
162,79,38,93
161,79,38,94
160,78,37,93
159,79,35,92
157,80,34,91
155,81,34,90
153,81,34,90
151,81,35,90
149,82,34,89
146,82,35,89
142,81,35,90
139,80,36,90
136,79,37,90
134,77,37,91
133,77,36,92
133,77,35,91
133,77,34,91
132,77,34,90
131,78,34,89
130,78,34,89
128,78,35,89
127,78,35,89
127,79,35,89
128,79,33,88
127,79,35,89
128,82,34,89
130,86,34,88
133,92,34,88
136,97,33,87
138,102,33,87
144,107,33,87
150,111,34,86
152,112,34,87
152,113,34,87
152,112,34,87
150,109,36,88
147,104,36,88
146,100,38,89
147,97,37,89
147,92,35,89
148,87,34,89
148,86,33,88
147,85,33,87
146,83,34,87
145,82,35,87
145,81,35,87
141,79,35,89
133,77,36,92
126,72,39,99
118,65,45,110
110,55,52,123
101,44,60,139
98,31,67,156
113,11,78,179
114,5,97,184
117,5,91,182
NaN,NaN,NaN,-2
NaN,NaN,NaN,0
NaN,NaN,NaN,0
NaN,NaN,NaN,0
NaN,NaN,NaN,0
NaN,NaN,NaN,-1
249,16,42,152
245,20,44,154
241,22,45,154
235,30,45,152
238,44,45,152
243,50,46,150
242,56,47,149
234,71,45,147
227,73,53,155
227,73,53,156
224,78,53,156
220,80,53,156
219,81,53,155
218,81,53,156
216,80,52,155
218,76,53,155
224,74,53,155
228,68,53,155
231,66,54,155
NaN,NaN,NaN,-2
NaN,NaN,NaN,0
NaN,NaN,NaN,0
NaN,NaN,NaN,0
NaN,NaN,NaN,0
NaN,NaN,NaN,-1
174,82,57,157
174,85,58,157
168,87,61,157
