NaN,NaN,NaN,-1
206,105,34,99
203,103,37,100
201,102,39,100
200,101,40,99
200,100,39,99
202,99,36,98
203,99,33,98
206,99,29,97
204,97,33,98
204,95,36,99
204,95,40,100
204,95,44,99
204,95,46,99
203,96,45,98
202,97,45,98
202,96,45,98
201,95,45,99
200,94,44,100
201,92,42,101
203,91,41,102
204,90,41,103
204,89,41,103
204,88,42,104
204,88,43,103
206,89,42,102
206,89,42,101
205,88,42,100
205,88,42,100
206,87,42,99
207,85,41,99
209,85,40,98
211,85,39,97
211,86,40,95
211,86,41,95
211,87,41,93
212,88,40,92
212,88,39,90
213,88,40,89
213,88,40,90
213,88,40,91
213,91,39,92
215,93,37,92
217,96,35,91
217,98,35,91
216,99,36,92
215,100,36,93
215,101,37,93
214,102,35,92
212,103,34,90
209,103,33,88
205,102,34,89
200,100,36,89
195,98,36,90
194,96,34,90
194,94,32,91
192,93,33,90
190,94,35,90
191,96,35,90
191,98,35,89
192,99,36,89
193,101,36,88
195,103,36,87
196,104,36,88
197,103,35,88
196,103,34,87
196,103,32,86
197,102,33,87
199,101,32,88
201,100,33,88
200,99,36,92
206,97,38,92
208,94,40,93
208,92,40,93
205,92,38,92
205,91,37,92
204,92,31,87
199,94,29,86
196,93,26,85
194,91,26,83
192,85,27,84
191,77,30,87
190,70,35,89
190,66,37,89
191,64,37,89
193,63,34,90
197,62,31,90
200,63,27,89
200,65,29,89
201,70,29,88
199,77,30,86
199,83,31,87
197,85,33,92
198,88,32,91
200,92,30,88
203,96,28,87
206,101,28,83
207,106,27,81
206,112,26,80
206,117,24,80
204,118,25,81
204,120,26,82
204,122,26,82
204,123,26,82
204,123,26,81
204,124,24,79
203,125,26,77
203,125,28,75
205,123,25,75
206,121,24,75
204,118,27,76
202,115,29,78
202,113,30,79
204,112,27,77
205,111,25,76
206,110,26,76
205,109,31,77
204,109,35,78
204,110,40,78
203,111,45,78
201,112,50,78
200,112,55,79
199,113,59,80
198,113,63,80
197,113,69,83
197,112,74,86
196,110,79,90
196,109,85,93
195,108,90,96
195,109,95,98
195,109,100,100
195,109,105,101
195,109,110,104
194,109,116,106
193,108,121,109
191,107,127,111
191,107,130,112
190,105,135,116
190,103,140,119
190,101,145,121
190,100,146,122
189,98,151,124
189,96,154,125
188,94,158,127
187,92,162,128
186,91,167,131
185,90,170,132
184,88,172,132
183,88,174,133
183,87,175,134
182,86,177,135
181,84,179,136
181,83,181,137
181,82,183,138
180,81,185,139
180,80,187,140
180,79,188,140
179,78,191,141
178,77,193,143
178,76,194,143
178,75,197,144
179,75,198,145
179,74,200,146
179,73,201,147
179,72,204,148
180,72,205,149
179,71,210,150
178,70,214,152
178,69,218,153
177,69,220,154
176,69,223,156
178,69,224,156
179,69,225,157
180,70,225,157
181,70,225,157
182,70,225,157
184,70,225,157
185,70,225,158
186,69,227,159
186,68,230,161
185,66,233,163
184,65,236,165
183,64,240,167
182,64,241,168
182,63,242,169
182,63,244,172
182,62,246,174
182,62,247,175
182,62,249,177
182,63,249,178
183,63,250,178
183,64,251,179
183,65,251,181
183,64,252,182
183,64,253,183
183,64,253,184
184,63,255,185
184,63,255,186
184,62,256,187
184,61,257,189
184,60,258,191
186,61,257,191
187,62,258,191
189,63,258,191
191,64,258,192
190,63,260,195
190,62,263,198
190,61,265,200
189,60,266,203
189,60,268,206
189,61,271,209
189,62,274,215
193,65,275,215
192,66,278,217
195,69,278,217
199,72,279,218
202,76,278,218
205,79,278,218
205,78,282,223
205,78,284,227
205,78,286,228
205,79,287,231
205,78,288,232
208,79,288,232
209,79,289,233
209,79,290,233
210,78,292,235
213,78,292,235
213,78,292,234
216,79,292,234
218,80,292,235
220,80,292,235
221,81,292,235
222,81,292,235
223,82,292,235
NaN,NaN,NaN,-2
NaN,NaN,NaN,0
NaN,NaN,NaN,0
NaN,NaN,NaN,0
NaN,NaN,NaN,0
NaN,NaN,NaN,-1
193,123,31,89
192,123,32,90
192,123,34,92
192,122,37,93
193,121,41,94
194,121,43,95
196,121,45,95
197,121,47,96
199,120,48,96
199,120,49,96
199,119,50,96
200,118,49,96
201,116,49,96
201,114,48,96
202,112,47,96
202,110,47,96
203,109,46,95
203,107,46,96
203,106,46,97
203,106,46,97
203,106,46,97
203,106,45,96
202,106,46,95
201,107,46,95
199,107,47,95
197,108,48,96
197,108,48,96
196,109,47,96
196,109,46,95
196,109,47,95
194,109,47,94
194,110,47,93
194,110,47,92
192,110,49,90
189,110,52,90
186,110,54,89
184,109,58,88
181,109,61,87
179,108,64,87
177,108,66,86
177,107,68,86
177,107,69,86
177,106,70,85
176,104,71,85
176,102,73,85
176,100,75,85
175,98,78,84
173,98,82,84
172,98,84,85
172,97,83,85
174,96,84,85
177,94,84,85
180,92,84,85
181,90,84,86
183,89,84,86
186,89,84,85
187,89,84,86
187,89,84,86
188,89,84,86
189,89,84,86
NaN,NaN,NaN,-2
NaN,NaN,NaN,0
NaN,NaN,NaN,0
NaN,NaN,NaN,0
NaN,NaN,NaN,0
NaN,NaN,NaN,-1
150,85,30,69
149,86,32,70
148,87,32,69
147,89,32,68
145,91,32,67
143,92,31,67
142,92,31,68
141,90,31,69
141,90,30,70
140,89,30,70
138,88,32,71
137,87,33,72
136,86,33,73
134,86,34,74
133,86,34,74
132,86,35,75
131,86,35,75
130,85,35,76
130,85,35,76
129,84,35,78
129,84,35,78
129,85,35,77
130,85,34,76
132,86,33,76
133,88,33,76
134,91,34,76
135,93,36,76
137,98,36,75
138,101,36,74
140,102,35,75
142,103,34,76
147,101,34,78
144,105,46,80
152,103,46,80
152,102,46,82
152,102,46,83
152,101,47,84
150,101,48,85
148,100,47,86
145,101,46,86
142,101,45,86
138,100,46,88
136,100,47,89
134,99,48,92
132,97,50,95
131,97,51,95
130,97,52,96
129,96,54,97
129,96,56,98
129,97,57,97
128,97,58,97
128,98,58,95
127,98,59,95
125,98,59,96
123,96,59,97
123,92,60,98
123,88,62,101
122,86,64,102
122,86,65,103
124,85,67,104
127,86,63,101
131,87,65,102
132,90,66,101
135,94,67,100
137,99,66,97
136,103,67,96
136,106,71,98
135,108,75,100
134,110,79,103
133,111,83,106
132,111,87,109
132,111,90,110
130,112,93,112
129,112,95,113
128,113,96,113
125,114,100,114
124,113,102,115
121,111,106,118
120,106,111,121
118,101,115,125
116,93,120,129
114,87,126,133
114,82,130,136
115,75,134,138
117,69,138,140
120,65,142,142
122,62,145,144
122,61,148,145
121,61,153,148
121,61,157,149
119,61,161,152
117,63,165,154
113,66,169,157
109,71,172,159
107,76,172,159
105,80,173,159
101,83,174,160
98,87,176,161
96,90,177,162
93,92,180,164
91,92,183,165
90,92,187,167
89,92,191,170
90,90,195,172
91,88,198,174
94,86,201,176
95,84,204,178
95,81,206,179
97,78,208,180
100,75,210,182
101,72,212,183
102,70,215,184
103,68,218,186
104,65,220,187
105,63,221,188
106,61,223,189
108,60,224,189
109,60,225,190
110,60,226,190
110,61,227,191
110,60,228,191
109,61,228,191
109,61,229,192
109,61,230,192
108,62,231,193
107,62,231,193
106,62,232,194
106,62,232,194
106,62,232,194
106,62,233,195
107,62,234,195
109,61,235,196
110,60,236,197
111,57,237,197
113,54,238,198
114,51,239,199
115,50,241,200
117,50,241,200
120,50,242,201
122,50,243,201
125,50,244,201
130,52,245,201
137,53,246,202
140,57,247,202
140,63,248,202
143,67,248,203
144,71,250,203
144,75,251,204
144,76,253,205
145,77,255,206
146,78,257,207
146,79,259,209
146,80,260,209
148,82,260,210
149,83,260,211
149,86,261,212
148,89,261,213
148,92,261,213
147,94,261,213
147,96,261,215
147,98,261,216
147,100,261,216
148,102,261,218
148,103,261,219
149,105,261,220
151,106,261,220
153,107,260,221
155,108,260,222
156,108,260,222
158,109,261,223
159,109,261,225
161,109,261,225
162,109,261,226
164,108,261,227
166,107,261,227
167,107,261,227
169,107,261,227
171,105,261,228
173,104,261,228
175,103,261,228
178,101,260,228
183,98,261,228
187,96,261,228
NaN,NaN,NaN,-2
NaN,NaN,NaN,0
NaN,NaN,NaN,0
NaN,NaN,NaN,0
NaN,NaN,NaN,0
NaN,NaN,NaN,-1
162,86,35,80
162,86,36,81
162,86,36,81
162,87,35,80
163,87,35,80
164,88,34,78
165,88,34,78
166,87,33,77
166,86,34,78
165,85,36,79
164,83,37,80
163,82,38,80
162,82,38,80
161,81,37,80
160,82,37,79
158,82,36,78
155,83,36,78
153,83,36,78
151,83,37,79
148,84,37,78
145,84,38,78
142,83,38,79
140,82,38,79
137,82,38,78
135,80,37,79
134,80,36,79
135,80,35,77
134,80,34,76
134,81,33,75
133,82,32,74
132,83,32,73
131,83,32,73
130,82,32,75
129,82,33,76
128,82,34,76
128,82,35,77
129,84,35,76
130,89,34,76
133,94,35,76
136,99,35,76
139,105,35,76
143,109,36,76
150,113,36,76
152,114,36,76
152,115,37,76
152,114,37,77
151,111,37,77
148,107,37,77
148,103,37,77
149,100,35,76
149,95,34,75
150,91,33,75
150,90,32,74
149,88,32,73
148,86,32,73
148,85,32,73
147,84,32,74
143,82,33,76
135,80,35,79
127,74,39,85
121,68,42,94
113,59,46,105
105,48,52,118
103,34,59,134
118,15,68,153
116,7,89,161
143,2,87,159
NaN,NaN,NaN,-2
NaN,NaN,NaN,0
NaN,NaN,NaN,0
NaN,NaN,NaN,0
NaN,NaN,NaN,0
NaN,NaN,NaN,-1
251,11,41,138
248,14,42,138
245,17,41,137
238,25,40,135
242,40,40,135
248,46,39,133
247,53,39,131
237,67,42,130
224,74,44,144
215,71,55,155
207,78,53,154
203,80,52,154
199,82,51,154
194,83,51,153
190,82,51,153
192,79,53,153
196,76,54,153
197,71,55,153
203,68,54,152
210,69,51,151
216,72,47,147
216,74,45,144
215,77,48,145
215,83,50,145
211,89,51,145
210,91,50,145
213,94,51,146
211,97,49,145
