NaN,NaN,NaN,-1
206,122,31,94
204,121,33,94
202,119,37,94
201,118,38,94
200,117,37,93
201,116,35,93
202,115,34,92
204,115,31,92
205,114,30,92
207,112,29,92
210,112,28,93
213,112,29,92
214,113,30,91
213,113,32,91
211,113,33,91
210,113,34,91
210,112,35,92
208,110,35,94
207,109,36,96
207,108,35,97
208,106,35,98
209,106,35,99
209,105,35,100
210,105,35,100
210,104,39,101
210,104,41,100
210,104,42,100
210,103,41,100
211,102,39,99
212,101,39,99
213,100,37,98
214,100,36,98
215,101,35,97
216,100,38,98
216,100,39,96
216,101,41,96
216,100,43,95
216,100,44,95
216,99,45,95
216,101,45,95
216,104,43,94
217,106,41,94
218,109,38,93
219,112,36,93
217,112,41,94
216,112,47,96
215,113,51,97
213,114,55,98
209,114,59,98
206,113,60,98
202,112,59,97
199,111,56,97
195,110,52,96
193,108,46,94
191,105,47,99
189,103,48,101
188,103,50,102
188,105,54,103
189,106,56,104
189,107,59,104
190,108,62,104
191,111,62,104
193,111,62,104
194,111,61,104
192,110,60,105
190,109,58,106
192,109,54,104
194,109,55,104
196,108,59,105
202,107,63,106
208,107,52,103
211,103,56,103
210,101,58,103
206,101,60,103
204,100,62,103
196,98,73,108
195,98,75,111
189,96,78,114
186,93,78,117
184,87,82,120
184,79,86,123
185,72,91,126
187,67,95,129
187,65,98,132
186,62,101,136
187,61,103,139
187,61,103,141
188,63,101,143
188,69,97,144
186,75,100,148
184,81,104,152
183,84,110,154
183,86,114,156
183,88,119,158
185,92,124,159
186,93,130,163
185,95,137,166
183,101,141,168
181,104,143,171
180,106,143,172
179,108,144,174
178,110,145,176
178,110,146,178
178,110,147,179
177,110,148,180
177,110,150,180
177,108,151,181
177,105,155,183
177,103,157,184
178,101,157,184
177,98,159,185
177,97,160,186
176,95,162,187
176,94,165,189
176,93,167,190
177,92,170,192
178,93,171,192
178,93,177,194
178,93,179,195
178,94,184,197
178,93,191,200
178,93,192,201
179,94,193,202
181,95,193,203
182,95,193,203
183,95,196,205
184,96,200,207
185,96,201,208
187,96,206,210
189,96,210,211
192,96,214,212
193,96,219,215
194,96,225,216
194,95,232,220
194,94,239,222
194,93,245,224
196,92,250,226
198,91,254,227
200,90,259,228
200,89,264,229
201,87,269,230
203,85,274,231
203,83,280,231
202,82,285,231
202,80,289,232
202,79,294,233
201,77,300,234
200,76,307,237
200,75,310,238
199,73,315,239
198,70,325,244
198,68,334,248
198,66,343,250
198,63,352,254
198,62,360,255
198,61,361,255
198,60,365,257
197,57,375,262
198,56,382,264
199,54,389,266
199,53,393,269
199,52,398,271
200,51,400,272
201,50,406,272
202,50,405,273
203,49,411,275
202,48,416,277
202,47,420,278
201,46,428,282
200,44,436,288
198,43,441,294
198,42,448,296
198,42,450,297
198,42,453,300
198,41,456,301
199,41,459,304
198,40,463,308
199,38,467,312
199,36,473,319
198,34,481,324
196,32,491,330
196,30,499,336
195,30,502,340
195,29,507,344
195,29,512,344
195,29,513,347
195,29,517,351
195,29,521,355
196,29,521,356
196,29,527,358
197,29,531,365
196,29,535,375
196,28,539,378
196,28,538,380
197,28,538,380
197,28,539,384
199,28,541,386
200,26,547,392
201,25,547,399
201,25,549,400
203,26,549,400
204,27,549,400
206,28,549,401
208,29,550,402
209,29,551,404
210,29,552,407
210,29,552,412
210,29,551,414
211,29,551,418
211,30,553,416
212,31,554,416
215,35,553,418
219,39,554,419
222,43,553,419
226,47,553,420
229,50,552,420
NaN,NaN,NaN,-2
NaN,NaN,NaN,0
NaN,NaN,NaN,0
NaN,NaN,NaN,0
NaN,NaN,NaN,0
NaN,NaN,NaN,-1
204,138,30,86
203,138,34,88
202,138,35,88
202,137,39,90
201,137,42,91
200,136,45,92
198,136,50,94
195,135,55,97
193,134,60,99
190,132,65,102
187,131,70,105
186,130,72,106
185,129,75,107
183,129,79,109
181,129,83,110
179,128,87,111
178,128,92,114
177,127,97,117
176,125,102,120
175,124,107,124
175,123,112,127
177,121,116,131
178,121,121,133
181,120,125,135
186,121,125,135
188,121,129,137
191,120,131,138
191,119,134,140
191,118,138,142
192,115,142,144
192,113,145,147
192,110,148,148
192,108,152,151
194,107,152,151
196,106,152,151
198,105,153,152
201,105,153,152
203,105,153,152
205,105,153,152
207,105,153,153
209,106,153,152
210,107,153,153
212,108,153,153
214,109,153,153
216,111,153,153
218,112,153,153
220,113,153,153
222,113,153,153
224,114,153,153
226,114,153,153
NaN,NaN,NaN,-2
NaN,NaN,NaN,0
NaN,NaN,NaN,0
NaN,NaN,NaN,0
NaN,NaN,NaN,0
NaN,NaN,NaN,-1
187,125,31,82
184,123,34,84
183,122,38,86
181,120,42,88
179,119,45,89
176,117,48,88
175,114,50,89
173,112,53,89
172,110,55,89
170,109,57,89
166,108,61,91
163,106,65,93
161,103,68,95
161,99,72,97
160,96,75,100
159,93,79,101
158,91,81,102
157,90,85,104
155,89,88,105
152,88,91,106
150,86,95,108
147,85,98,109
144,84,102,111
144,83,104,112
142,81,107,115
141,80,111,117
140,79,113,119
140,78,115,120
139,79,117,121
139,79,119,121
139,80,121,122
138,82,123,124
137,83,125,125
136,83,127,127
134,82,132,130
133,80,136,133
133,78,140,136
132,77,143,138
132,76,146,140
131,76,149,142
131,75,152,144
131,75,154,146
130,74,157,147
129,73,161,150
128,72,164,152
127,72,168,154
127,71,172,157
126,70,175,159
126,69,179,162
126,70,182,164
128,70,184,165
131,71,186,166
132,72,189,168
134,74,193,170
137,76,195,172
138,80,199,174
139,82,203,176
141,83,207,179
145,84,209,181
152,83,211,183
153,79,216,187
153,78,217,187
155,77,221,190
155,76,224,193
156,75,228,195
157,75,229,196
157,75,231,198
156,75,233,200
155,76,235,201
154,76,236,202
153,77,238,204
153,77,239,205
154,77,241,207
155,78,243,208
156,78,244,209
157,78,246,211
160,78,247,212
161,78,249,213
162,78,249,214
164,78,251,216
167,78,253,217
168,79,254,218
170,78,254,219
NaN,NaN,NaN,-2
NaN,NaN,NaN,0
NaN,NaN,NaN,0
NaN,NaN,NaN,0
NaN,NaN,NaN,0
NaN,NaN,NaN,-1
156,98,32,87
157,100,34,87
159,104,36,86
160,109,37,85
160,113,38,84
159,115,40,85
159,117,43,87
158,119,46,89
157,120,50,92
157,120,54,94
156,121,57,96
155,122,60,97
153,122,62,97
151,123,65,98
148,124,69,99
144,123,73,101
142,122,77,102
141,117,81,105
140,112,85,108
139,105,89,112
138,99,94,116
139,94,98,119
140,87,102,121
142,81,105,123
145,77,108,124
147,74,112,126
148,73,115,128
147,73,119,130
147,73,123,132
146,73,127,135
144,74,130,137
141,77,134,140
137,82,137,142
134,86,139,144
131,89,140,144
128,93,141,145
125,97,142,146
123,100,144,147
120,101,147,149
118,102,150,150
117,101,154,153
117,101,157,155
118,99,161,158
119,96,165,160
121,94,168,163
122,91,171,165
122,88,174,167
124,85,176,168
126,82,179,170
128,79,181,171
128,77,184,172
129,75,186,174
130,71,189,176
130,69,191,177
131,67,194,179
132,65,196,181
132,64,198,182
132,64,199,182
132,64,200,183
132,64,201,184
132,65,201,184
132,65,202,184
131,65,204,185
130,65,205,186
129,66,205,186
128,65,206,187
128,65,207,188
128,65,207,188
127,65,208,189
127,64,210,190
128,63,211,191
129,61,213,193
130,58,215,194
131,55,216,194
132,53,218,195
133,52,220,196
133,50,222,198
136,51,223,198
138,50,224,199
141,51,225,199
146,52,226,200
152,53,227,200
155,57,228,200
156,63,229,201
158,67,230,201
160,71,231,202
160,75,233,203
160,76,234,204
161,77,237,205
162,78,239,206
162,78,240,208
162,80,241,208
164,81,241,209
165,83,242,210
166,86,241,210
165,89,241,211
164,92,241,212
164,94,241,212
164,96,241,213
163,98,241,214
164,100,241,214
165,103,240,215
166,105,240,216
167,106,240,217
169,107,239,217
171,108,239,218
173,109,239,219
174,110,239,219
176,111,238,219
178,111,238,221
180,112,238,221
181,112,238,221
NaN,NaN,NaN,-2
NaN,NaN,NaN,0
NaN,NaN,NaN,0
NaN,NaN,NaN,0
NaN,NaN,NaN,0
NaN,NaN,NaN,-1
155,111,33,79
157,108,34,79
160,105,35,79
162,103,35,79
163,101,36,79
164,99,36,79
165,97,36,79
165,96,36,80
165,95,35,80
165,95,36,81
165,95,35,81
164,94,37,82
163,94,38,83
163,94,39,84
164,94,40,84
164,94,41,84
164,94,42,84
164,93,43,85
164,92,43,86
164,91,44,88
164,90,44,89
163,88,45,91
162,87,47,93
160,86,49,94
157,86,51,95
154,86,53,96
151,86,54,96
149,86,55,97
147,86,55,97
144,87,56,98
141,86,57,99
138,85,58,100
135,84,59,102
132,83,61,104
129,81,63,106
127,80,64,107
126,80,66,109
126,79,67,109
124,79,68,110
123,79,69,111
122,79,71,111
120,79,73,113
119,79,74,114
118,78,75,116
119,78,74,116
119,79,73,116
120,81,72,116
121,86,71,114
124,91,72,115
127,97,72,114
129,102,73,115
136,109,63,105
143,112,62,104
145,114,62,104
145,115,61,104
146,114,61,104
144,111,62,105
141,105,67,110
140,102,69,113
140,98,71,114
140,92,72,115
140,87,74,116
139,86,75,116
138,84,76,116
137,82,77,116
136,81,77,116
136,80,77,117
131,77,81,122
123,74,86,129
115,68,93,140
108,61,103,155
99,51,116,174
90,39,130,195
86,24,148,221
95,11,152,232
116,3,158,239
142,-3,158,240
141,-3,162,241
143,-2,161,237
135,0,161,237
130,5,160,235
150,11,154,231
166,12,148,227
168,14,145,226
166,18,145,225
164,22,143,224
159,30,141,221
163,45,140,219
170,51,138,217
171,58,137,213
164,57,147,224
164,56,147,226
163,56,149,228
157,62,148,227
154,64,148,227
151,65,148,227
147,66,148,227
144,64,149,227
147,61,150,227
151,58,150,227
152,53,152,227
158,50,150,227
165,51,148,225
170,54,143,221
171,56,142,220
171,58,141,220
172,64,143,221
168,70,143,221
167,72,143,222
168,75,143,222
166,78,142,222
