NaN,NaN,NaN,-1
322.85,190.75,51.127,46.005
320.49,189.74,51.631,46.639
319.09,188.64,51.001,46.496
317.23,187.73,51.066,46.43
315.47,186.85,50.9,46.574
313.68,185.78,50.695,46.424
312.33,184.31,50.639,46.479
310.66,183.23,51.119,47.148
308.54,181.82,51.372,46.872
306.81,180.95,51.613,47.087
304.77,179.56,52.033,47.727
304.07,177.93,51.456,47.753
303.5,176.67,51.129,47.348
301.45,175.3,51.491,47.657
300.01,173.9,51.846,47.936
300.01,172.59,52.558,48.577
299.29,170.07,52.304,48.382
299.08,168.98,52.37,47.966
298.23,167.48,52.393,48.127
295.83,165.52,52.473,48.32
294.72,163.39,52.873,48.816
286.69,163.31,52.864,49.113
280.52,160.87,52.621,48.911
278.64,161.05,51.95,48.358
280.69,158.43,52.133,48.791
278.66,156.11,51.52,47.699
278.16,153.62,51.493,47.606
277.71,151.38,51.112,47.464
276.61,149.43,50.862,47.332
275.75,146.67,51.13,47.481
273.96,144.21,51.235,47.91
272.6,141.74,51.067,47.658
274.94,140.36,50.483,46.857
275.12,138.67,50.227,46.524
275,137.19,50.144,46.056
274.49,134.52,50.301,46.014
274.3,132.04,50.163,45.571
274.76,130.41,49.762,44.995
274.8,128.69,49.702,45.354
275.39,126.63,49.585,45.08
275.94,125.26,48.906,44.482
275.89,123.72,48.97,44.247
276.41,121.93,48.603,44.023
276.33,120.07,48.661,44.293
275.7,117.53,49.368,44.79
275.74,116.61,49.423,45.155
275.86,115.35,49.595,45.193
275.7,114.39,49.622,45.313
275.11,113.1,50.387,45.98
273.41,111.69,50.488,46.216
274.13,110.29,51.224,46.783
274.81,110.37,50.925,46.401
275.23,110.26,50.647,45.943
271.38,107.79,50.213,45.825
271.43,108.1,50.521,45.813
270.72,106.42,51.01,46.491
269.77,104.82,51.295,47.04
271.27,105.14,51.339,46.893
271.86,104.65,51.759,47.045
271.71,105.01,52.176,46.845
273.75,103.97,52.245,47.141
274.32,103.2,52.45,47.555
273.97,102.57,52.971,48.069
274.95,101.94,52.697,48.404
275.45,101.16,53.135,49.394
276.37,100.98,53.44,49.505
287.43,107.77,53.003,49.526
292.19,106.64,52.26,48.527
293.99,106.81,51.616,47.984
294.15,106.28,51.58,48.255
303.6,100.97,51.654,48.132
304.52,97.538,51.49,48.141
304.25,97.111,51.726,48.411
306.22,96.373,51.771,48.574
305.4,96.575,51.697,48.314
305.12,95.415,52.16,48.51
306.26,95.073,52.375,49.416
306.59,93.769,52.826,49.947
307.05,93.421,52.622,49.619
308.07,93.112,52.209,48.794
308.99,91.718,51.838,48.433
310.09,91.957,51.528,48.218
310.29,91.389,52.221,48.017
311.09,90.651,52.345,48.146
310.09,92.477,52.732,47.89
310.8,91.604,52.885,48.141
311.69,90.51,52.805,48.085
312.07,90.456,52.099,47.752
312.45,89.631,52.108,48.054
312.26,89.036,52.565,48.578
312.08,89.143,52.959,48.861
312.36,88.196,52.736,49.188
311.94,87.808,52.593,49.218
312.3,87.177,52.954,49.744
312.72,86.208,52.943,49.949
311.33,85.796,52.989,50.021
310.89,85.003,53.345,50.664
312.71,84.162,53.72,51.084
309.27,83.76,53.985,51.686
310.89,83.337,54.01,52.284
309.8,82.855,54.264,53.031
309.48,82.872,53.865,52.738
312.15,80.104,54.573,52.975
312.21,80.643,54.251,52.523
307.86,82.945,54.215,52.444
308.35,82.781,54.355,52.423
309.59,82.776,53.936,52.232
308.26,83.041,54.079,52.307
311.32,80.64,54.292,52.349
309.13,84.28,54.746,52.812
308.79,83.637,55.08,53.227
311.88,82.525,54.762,52.927
312.29,81.718,54.954,53.502
307.37,83.363,55.176,54.13
308.48,82.606,55.493,54.939
308.18,84.037,55.64,55.041
308.01,83.872,56.003,55.398
309.46,83.737,56.342,55.973
308.48,83.722,56.328,56.292
307.33,83.802,56.557,56.747
308.45,84.252,57.086,57.378
307.81,84.955,57.469,57.93
307.05,83.036,57.539,57.672
306.7,83.609,57.335,57.347
306.45,84.58,57.122,56.997
305.8,84.488,57.211,57.371
305.74,85.183,57.408,57.77
305.25,85.715,57.404,57.705
304.39,86.709,57.681,57.851
304.37,87.408,58.072,58.284
303.21,88.021,58.516,58.249
302.47,88.785,58.747,57.994
302.23,89.123,58.947,58.346
300.21,90.445,59.465,58.975
300.85,90.891,59.332,58.831
302.29,91.644,59.541,59.686
299.35,92.004,59.309,59.133
298.18,92.944,59.221,59.065
298.53,93.435,59.051,58.322
298.28,94.456,58.419,57.409
297.85,94.78,58.419,57.194
295.35,96.328,58.289,56.989
294.59,90.684,57.956,56.638
291.82,77.959,59.125,57.996
284.08,78.84,59.31,58.104
284.23,78.613,58.759,57.518
292.95,91.196,58.666,57.106
292.14,91.961,58.177,56.708
291.46,98.588,58.093,57.014
291.95,101.11,58.174,57.67
294.49,101.38,58.419,57.88
294.12,101.44,58.675,58.556
294.55,102.58,58.333,58.827
288.15,101.58,58.813,59.531
287.09,101.03,59.415,60.349
286.28,101.75,59.005,60.281
285.57,102.04,59.103,60.589
285.71,101.47,59.495,61.464
287.3,101.78,59.637,61.59
286.72,103.72,59.735,61.817
284.41,103.25,59.629,61.675
283.18,104.11,59.405,61.48
283.99,105.71,59.127,61.484
282.17,105.79,58.805,61.827
282.44,107.42,58.495,61.11
282.54,108.75,57.812,60.714
281.84,109.28,58.148,61.563
281.19,109.94,58.26,61.905
280.83,110.89,58.308,61.707
278.93,111.56,58.513,61.552
278.39,112.42,58.824,61.463
277.75,113.84,58.442,60.677
276.15,113.87,58.698,61.266
276.12,114.77,59.041,62.086
278.84,113.68,59.565,62.319
278.22,115.13,59.419,61.735
278.15,115.44,58.758,60.936
277.8,117.49,58.124,59.991
277.37,118.94,57.477,58.762
276.3,119.79,57.202,58.456
275.78,120.52,56.735,58.431
273.26,128.62,56.23,57.881
272.84,131.02,55.606,57.182
264.98,140.11,55.457,56.931
265.48,152.85,55.511,56.856
267.51,156.9,55.329,56.904
267.58,155.52,55.499,57.13
271.7,149.19,55.421,57.136
272.83,149.34,55.259,56.913
281.41,143.03,54.863,56.744
289.42,147.86,54.745,56.301
299.28,146.22,54.626,56.214
306.87,147.54,54.152,55.465
306.13,146.26,54.618,55.633
309.64,143.8,54.335,55.234
311.91,143.85,54.376,55.205
312.19,140.18,54.43,55.365
316.87,138.16,54.25,55.121
323.02,139.09,53.797,54.475
326.71,137.02,53.096,54.312
331.73,136.31,52.633,53.92
336.24,135.09,52.514,54.288
NaN,NaN,NaN,-2
NaN,NaN,NaN,0
NaN,NaN,NaN,0
NaN,NaN,NaN,0
NaN,NaN,NaN,0
NaN,NaN,NaN,-1
255.86,170.06,69.894,50.91
255.77,171.97,69.955,50.336
255.84,174.26,70.071,49.855
254.95,175.74,70,49.679
255.14,177.11,69.719,49.294
254.05,177.94,70.07,49.231
253.95,178.15,69.93,48.983
253.37,178.36,70.376,49.672
251.51,178.9,70.535,49.302
250.38,179.21,70.655,48.578
249.74,180.01,70.619,48.14
249.64,180.19,70.635,47.948
249.84,181.19,70.428,47.59
249.53,181.2,70.091,47.777
249.73,181.59,70.205,47.669
248.79,181.5,70.369,48.566
247.53,181.8,70.048,48.586
246.47,182.45,69.973,47.801
246.32,182.64,69.835,47.731
