NaN,NaN,NaN,-1
327.35,190.25,52.127,49.008
325.55,189.38,51.998,49.073
323.31,187.99,51.992,49.235
321.4,187.06,52.563,49.85
319.64,186.18,52.397,49.996
317.85,185.12,52.193,49.84
316.11,184.25,52.321,50.097
314.44,183.15,52.801,50.792
313.15,182.26,52.403,50.257
310.51,180.97,52.954,50.507
309.08,180.21,53.206,50.469
307.08,178.73,53.239,50.621
305.43,176.65,53.792,51.359
304.37,175.75,53.865,51.087
302.29,174.31,54.422,51.622
300.91,173.14,54.636,51.934
299.52,171.58,54.886,52.278
298.47,170.8,55.55,52.834
296.12,169.06,56.055,53.38
295.21,167.73,56.304,53.789
294,166.47,55.814,52.889
292.39,164.81,55.817,52.905
291,163.27,56.514,53.124
291.83,165.5,56.182,52.858
290.53,163.55,56.371,53.181
290.28,161.97,56.559,52.877
289.44,160.29,56.789,52.84
292.54,156.8,56.607,52.862
288.83,149.98,56.362,52.268
288.71,148.46,56.309,52.249
288.06,146.93,56.515,51.664
288.53,149.14,56.746,52.365
289.09,146.56,57.199,52.83
287.7,144.05,56.956,53.044
285.73,137.59,56.858,52.792
286.34,139.31,57.126,53.321
287.67,137.4,57.95,54.07
288.12,135.8,57.549,53.451
288.68,133.66,57.428,53.07
288.15,131.1,57.479,53.068
288.35,129.57,57.714,53.469
297.06,137.35,58.259,53.963
292.11,140.31,58.189,53.854
298.23,141.47,58.15,53.585
292.16,146.47,57.899,53.357
292.67,145.24,58.33,53.448
295.37,148.12,58.532,53.517
304.44,147.57,58.218,52.982
294.4,147.56,58.16,52.615
290.26,154.46,59.099,53.941
291.84,154.47,59.793,54.76
294.59,158.15,60.221,55.707
299.16,158.07,60.917,56.283
302.74,158.55,61.077,55.984
308.62,159.36,61.356,56.191
NaN,NaN,NaN,-2
NaN,NaN,NaN,0
NaN,NaN,NaN,0
NaN,NaN,NaN,0
NaN,NaN,NaN,0
NaN,NaN,NaN,-1
283.08,96.303,62.453,60.554
283.47,95.984,62.441,60.638
283.95,95.49,62.455,60.715
284.14,94.723,63.067,61.137
285.09,94.336,62.995,61.013
285.51,94.014,63.277,61.298
286.15,93.006,63.467,61.369
286.82,93.261,63.584,61.219
287.66,93.173,63.322,61.165
288.43,91.536,63.183,61.413
289.23,91.624,62.692,61.1
290.23,91.488,62.682,60.505
289.71,91.098,62.714,60.603
292.44,90.005,62.424,60.089
293.67,89.978,61.925,59.185
296.25,89.176,61.261,58.398
294.08,88.472,60.801,58.126
293.65,85.897,60.63,58.208
294.77,85.588,60.049,57.453
295.62,85.024,59.626,57.299
296.24,84.298,59.808,57.827
298.35,86.042,59.677,57.949
295.48,83.719,59.915,58.618
295.24,82.743,60.253,59.24
295.55,81.9,60.605,59.787
300.89,83.932,60.947,59.598
299.76,84.298,61.107,59.7
300.1,84.233,60.969,59.766
295.59,86.039,61.146,60.166
295.48,84.519,61.094,60.146
298.94,83.092,61.236,60.151
298.2,83.167,61.694,60.967
299.05,82.182,61.533,60.946
298.65,80.916,61.47,61.008
299.04,81.573,61.494,61.045
299.91,80.563,61.671,61.166
299.61,80.176,61.569,61.546
300.59,79.656,61.644,61.358
300.75,78.8,61.547,61.386
299.76,79.68,61.678,60.73
299.72,79.002,61.408,60.085
300.31,79.649,60.739,59.463
300.28,79.372,60.34,58.813
300.3,79.494,60.463,58.763
301.23,79.022,60.637,58.862
298.5,80.517,60.194,58.713
298.69,80.397,60.45,58.872
299.05,80.5,60.506,59.203
300.02,79.502,60.382,59
301.51,80.257,59.883,58.488
302.75,79.919,59.539,57.973
305.34,78.878,59.226,57.435
304.7,78.82,59.918,58.332
298.9,82.139,60.467,59.123
300.96,81.466,60.463,59.301
300.54,82.255,60.693,59.753
299.87,82.578,61.005,59.76
300.6,83.386,60.928,60.046
296.49,80.676,61.047,60.136
293.65,84.405,60.882,59.83
296.76,80.991,61.12,60.148
297.17,83.748,61.625,60.374
297,84.979,61.716,60.077
298.74,84.792,61.669,60.413
295.2,83.892,61.911,61.063
294.27,83.086,61.708,60.609
294.46,83.556,62.088,60.859
293.47,84.429,62.282,60.956
293.86,84.637,62.024,60.984
290.66,87.518,62.351,61.708
289.28,90.177,62.617,61.984
288.05,90.626,63.108,62.628
288.51,88.492,63.384,63.179
290.11,90.004,63.486,63.507
290.83,89.16,63.824,63.941
288.53,89.137,64.171,64.434
285.89,87.866,64.297,64.457
286.66,90.908,65.017,64.785
284.92,89.11,64.816,64.892
285.25,89.451,64.232,64.368
287.59,91.266,64.257,64.732
288.68,91.075,63.689,64.288
286.11,89.836,63.964,65.01
287.35,90.289,64.226,65.974
290.71,90.349,64.763,66.529
280.22,91.079,65.109,67.318
272.05,93.683,65.4,68.122
277.57,91.394,65.704,68.682
280.11,91.398,65.636,68.22
285.72,92.542,65.948,68.851
284.96,93.245,66.146,68.926
274.32,92.042,66.471,70.593
270,86.119,66.734,71.566
273.4,76.851,66.838,71.853
279.45,69.591,66.43,71.315
281.28,68.837,66.553,71.45
280.64,70.367,65.754,70.81
283.71,75.252,65.862,71.097
285.23,73.713,66.335,72.03
284.8,76.166,66.124,71.528
287.93,79.595,66.192,71.829
287.16,80.367,66.791,73.242
287.33,77.531,66.496,72.928
279.43,80.016,66.332,73.242
278.01,73.075,66.416,73.667
280.38,77.213,66.784,74.921
285.09,78.709,66.211,74.66
284.64,80.423,65.304,74.178
274.44,76.893,65.175,73.649
272.38,79.474,65.715,74.229
271.25,80.317,65.55,74.515
273.19,78.642,66.261,74.837
274.56,79.607,65.53,73.955
275.96,79.934,65.285,73.683
276.83,67.512,65.211,74.129
271.7,58.736,65.085,74.057
277.27,57.544,65.013,73.531
280.17,55.11,64.229,72.528
287.38,54.084,63.476,71.258
NaN,NaN,NaN,-2
NaN,NaN,NaN,0
NaN,NaN,NaN,0
NaN,NaN,NaN,0
NaN,NaN,NaN,0
NaN,NaN,NaN,-1
276.53,131.54,75.539,58.663
275.57,132.82,75.695,58.733
275.38,133.44,75.455,58.72
274.49,134.93,75.383,58.529
274.2,136.34,74.599,58.153
273.03,137.57,75.237,58.897
272.48,138.73,75.252,58.849
271.91,139.18,75.69,59.959
270.48,140.89,76.335,61.114
270.43,142.27,76.439,61.519
269.75,143.37,76.863,61.972
268.88,145.74,77.128,62.416
267.37,148.26,76.994,62.434
266.9,149.94,76.265,61.849
266.24,152.64,75.816,61.392
266.18,155.9,75.602,61.807
265.37,158.15,75.435,61.933
264.66,160.37,74.687,61.083
265,161.85,74.817,60.871
265.62,162.95,74.672,60.819
265.7,164.5,74.59,61.324
264.68,165.55,74.273,61.354
265.7,167.69,74.002,61.61
265.53,168.83,73.796,62.1
264.21,169.34,74.043,62.451
263.93,170.71,73.641,62.098
263.52,171.57,73.606,62.172
263.11,172.38,73.693,61.582
262.25,172.33,73.868,61.465
261.08,172.37,74.18,61.328
259.72,172.39,74.085,61.28
259.4,173.59,73.508,60.384
259.29,175,73.434,59.338
258.27,174.48,73.048,59.487
258.66,175.13,73.072,59.523
258.28,175.99,72.878,59.465
258.35,176.59,72.717,58.654
258.44,177.57,72.378,58.231
257.5,179.9,71.539,57.503
256.38,180.98,71.639,56.807
256.26,179.95,71.701,56.879
