NaN,NaN,NaN,-1
336,164,26,61
334,162,27,63
334,163,26,61
334,163,26,61
334,164,26,60
333,163,26,60
332,163,25,60
332,164,26,58
332,165,26,57
331,165,25,57
331,166,24,55
330,166,24,53
329,166,24,53
329,166,25,52
328,166,27,52
328,166,27,53
328,165,27,54
328,164,26,54
329,163,26,55
329,163,25,56
329,162,25,57
329,161,26,57
327,159,29,60
327,158,30,59
326,158,30,60
326,158,32,59
325,157,32,60
326,157,31,59
326,157,31,60
326,156,31,59
327,156,30,59
327,153,31,65
327,152,31,65
327,152,30,65
327,152,31,66
327,152,31,65
328,153,30,64
328,153,29,64
328,153,29,64
329,152,29,66
329,152,29,66
328,151,30,67
327,151,31,68
328,150,32,71
328,149,32,71
326,150,34,71
326,151,33,69
326,151,34,69
326,151,34,69
326,151,34,69
328,152,33,68
328,153,32,68
329,153,32,67
328,153,33,67
328,153,34,68
328,153,34,67
327,154,34,67
327,155,34,66
327,155,35,66
327,155,35,66
326,155,36,66
325,155,35,66
323,155,36,66
322,154,37,67
321,153,38,68
320,153,38,68
318,154,37,67
316,154,39,68
316,155,39,67
315,155,38,68
314,154,39,69
314,154,39,69
314,154,39,68
315,155,39,68
315,154,39,69
315,154,39,69
315,154,39,68
315,155,40,68
315,155,40,68
314,155,40,69
314,155,40,69
313,154,41,70
313,155,40,69
313,155,40,69
314,156,39,69
315,155,41,70
315,155,41,71
315,156,40,70
316,156,41,70
316,156,40,70
317,156,39,69
318,156,40,70
319,155,41,71
320,155,41,70
323,156,41,70
325,156,41,70
325,154,42,72
325,154,41,71
326,155,40,70
326,155,40,70
327,154,41,71
327,154,42,72
327,154,42,72
327,153,42,72
328,154,41,71
330,154,42,72
330,154,42,72
331,154,42,73
332,155,43,73
334,156,42,73
336,156,42,73
338,156,43,74
340,156,43,74
343,156,44,75
343,156,44,75
345,157,43,74
346,157,43,74
346,156,43,74
347,156,44,74
347,156,43,75
347,156,44,75
348,156,43,75
347,156,43,75
347,156,43,74
347,156,44,75
346,155,47,78
346,155,48,78
345,155,48,79
345,155,49,79
345,156,48,78
345,156,50,79
345,156,50,80
345,156,50,80
345,157,49,79
345,157,49,79
345,157,50,80
345,157,51,80
345,157,50,80
344,158,50,80
345,158,50,80
NaN,NaN,NaN,-2
NaN,NaN,NaN,0
NaN,NaN,NaN,0
NaN,NaN,NaN,0
NaN,NaN,NaN,0
NaN,NaN,NaN,-1
405,171,25,60
407,173,25,59
408,172,27,60
409,170,28,61
409,170,28,61
409,170,29,61
409,171,32,60
409,171,31,60
409,170,33,62
409,169,32,61
410,170,32,61
410,170,31,60
411,171,29,59
412,169,28,60
412,168,29,61
412,169,29,61
414,171,29,61
416,173,32,61
420,174,31,60
424,173,33,62
429,174,32,61
432,175,28,57
434,175,24,56
435,175,23,55
436,175,23,54
437,173,23,54
437,173,23,54
436,172,23,53
NaN,NaN,NaN,-2
NaN,NaN,NaN,0
NaN,NaN,NaN,0
NaN,NaN,NaN,0
NaN,NaN,NaN,0
NaN,NaN,NaN,-1
466,163,25,59
466,163,26,60
466,164,27,60
467,166,25,60
468,168,26,58
469,170,25,57
468,171,25,57
468,170,26,60
468,169,26,61
467,170,26,61
466,173,24,58
463,174,25,58
461,173,26,59
458,173,26,58
456,174,24,56
455,175,23,55
454,175,24,55
452,174,24,56
452,170,25,59
452,170,25,58
453,169,26,58
452,169,27,59
454,168,27,58
457,168,23,56
456,167,23,55
454,165,26,55
454,165,26,54
453,165,25,53
448,163,29,56
447,161,28,57
446,161,29,57
446,161,29,57
446,162,28,57
446,162,28,57
448,161,26,56
448,160,25,56
448,160,26,56
447,160,27,56
450,160,25,54
450,160,24,54
450,160,23,54
451,159,23,55
451,159,23,55
452,159,23,55
452,159,23,54
451,157,25,58
450,156,27,58
450,155,29,59
452,154,28,59
453,153,26,58
455,153,24,57
454,152,26,58
454,150,28,61
452,148,30,63
452,148,30,63
454,148,30,63
455,147,29,62
NaN,NaN,NaN,-2
NaN,NaN,NaN,0
NaN,NaN,NaN,0
NaN,NaN,NaN,0
NaN,NaN,NaN,0
NaN,NaN,NaN,-1
522,130,27,62
525,129,26,62
528,127,26,62
532,126,26,60
533,126,26,58
532,127,27,57
532,126,27,58
532,125,28,57
531,124,27,56
529,124,25,55
527,123,26,57
525,123,27,59
522,123,28,60
519,121,30,61
517,120,31,61
514,119,31,61
512,120,31,60
510,121,32,61
506,122,33,60
504,120,36,62
503,119,35,62
500,118,37,64
496,115,43,70
494,114,44,70
493,114,43,69
490,111,46,73
489,111,46,74
487,110,48,76
486,109,48,75
483,107,51,77
481,107,53,79
480,106,55,82
479,105,56,83
479,105,57,84
479,105,56,83
479,105,57,84
480,105,56,84
480,104,55,84
481,104,55,84
481,103,55,85
481,103,55,86
482,102,55,86
483,104,51,82
483,102,52,82
483,102,52,83
483,102,52,83
483,102,51,83
483,102,51,82
484,102,49,81
484,102,48,82
484,102,47,82
484,101,47,82
483,101,48,82
482,101,48,82
482,102,49,82
482,102,49,82
482,102,49,82
481,101,51,83
481,101,51,83
482,102,50,82
482,102,49,82
482,102,48,82
NaN,NaN,NaN,-2
NaN,NaN,NaN,0
NaN,NaN,NaN,0
NaN,NaN,NaN,0
NaN,NaN,NaN,0
NaN,NaN,NaN,-1
436,92,28,63
434,91,29,63
433,91,30,64
433,91,28,62
432,91,27,64
431,91,28,65
430,92,29,65
430,92,29,65
431,93,27,62
431,93,27,61
431,93,25,61
431,94,25,60
430,95,26,60
428,92,27,61
427,92,27,61
426,91,26,60
425,91,25,60
424,92,26,60
422,92,26,61
422,92,26,63
420,92,28,63
418,92,29,64
417,95,30,62
416,96,31,63
415,96,32,63
413,97,34,64
414,103,33,63
414,105,33,64
414,109,33,63
414,111,33,63
414,113,33,63
414,114,33,63
NaN,NaN,NaN,-2
NaN,NaN,NaN,0
NaN,NaN,NaN,0
NaN,NaN,NaN,0
NaN,NaN,NaN,0
NaN,NaN,NaN,0
