NaN,NaN,NaN,-1
131,50,37,90
131,51,37,89
131,51,37,89
131,51,37,89
131,52,37,89
131,52,37,89
131,53,37,89
130,55,37,89
130,56,37,89
130,58,37,89
130,60,37,89
130,62,37,89
130,65,37,89
132,69,37,89
135,73,37,89
137,78,37,89
140,83,37,89
145,86,38,89
150,91,38,89
157,95,39,90
164,98,39,90
171,100,40,90
178,102,40,90
186,104,41,91
194,105,42,91
202,105,42,91
208,106,43,92
214,106,43,92
219,107,44,92
222,107,44,92
224,106,44,92
224,106,44,92
221,105,43,92
215,105,43,92
209,105,42,92
201,104,42,91
192,105,41,91
182,105,40,90
172,106,39,90
162,107,38,89
152,108,37,89
144,109,36,88
137,110,37,89
127,111,37,89
118,112,38,89
109,114,38,89
102,114,39,89
95,115,39,89
89,115,39,89
84,115,39,89
79,115,39,89
76,112,40,89
75,108,39,89
75,104,39,89
76,98,39,89
77,92,39,89
80,85,39,89
84,77,39,89
87,70,39,89
91,63,39,90
94,58,39,90
99,54,39,89
106,51,38,90
114,48,38,89
123,46,37,89
131,45,37,89
140,44,37,89
148,45,38,89
156,47,39,90
164,50,40,90
172,52,41,90
179,54,41,90
187,56,42,91
196,57,42,91
204,58,43,91
210,58,43,91
215,59,44,92
219,59,44,92
221,59,44,92
219,58,44,92
215,56,44,91
208,54,43,91
199,52,43,91
190,49,42,91
180,47,42,90
171,45,41,90
161,43,40,90
152,41,39,90
142,40,39,89
133,39,38,89
123,40,37,89
113,42,36,88
104,45,37,88
94,48,37,88
86,50,38,88
79,53,38,89
74,57,38,89
72,61,39,89
73,66,39,88
75,72,39,88
78,77,39,88
81,83,39,88
86,88,38,88
89,93,38,88
92,99,38,88
95,105,38,87
97,112,37,87
100,117,37,87
103,122,37,87
106,125,37,87
111,126,37,87
117,127,37,87
123,126,37,87
130,124,36,86
138,120,36,86
145,117,36,86
152,113,36,87
158,109,36,87
165,105,37,87
172,102,37,87
178,99,38,88
183,95,38,88
189,92,39,88
194,88,39,89
200,85,40,89
205,82,40,89
210,79,40,89
214,76,41,90
218,73,41,90
221,70,42,90
221,68,42,90
221,65,42,90
218,62,42,90
214,59,41,90
208,56,41,90
202,54,41,90
194,52,40,90
185,50,40,89
176,48,39,89
167,46,39,89
158,44,38,89
149,42,37,88
139,41,37,88
131,39,36,88
122,38,36,88
114,37,37,88
106,36,37,88
99,35,38,88
93,36,38,88
88,37,39,88
85,38,39,88
84,39,39,88
86,41,39,87
89,43,38,87
93,44,38,86
98,47,38,86
101,51,37,85
104,55,37,85
107,59,36,84
110,63,36,83
112,66,35,83
114,68,35,82
116,69,34,81
119,70,34,80
121,70,33,79
123,71,32,78
126,70,32,78
130,69,32,77
136,69,31,76
142,69,31,75
148,69,31,75
154,68,31,74
159,67,31,73
164,66,31,73
167,65,30,72
169,65,30,71
172,65,30,71
175,66,29,70
179,68,29,69
183,69,29,69
188,71,29,68
194,72,29,68
199,73,29,68
202,73,29,67
207,73,29,67
210,72,29,66
212,70,28,66
213,69,28,65
215,67,28,65
217,66,28,64
220,67,28,64
222,72,28,64
225,78,28,63
227,89,28,63
228,100,28,63
228,108,28,63
229,115,28,63
226,122,28,63
223,127,28,62
219,130,28,62
216,132,28,62
212,133,27,62
206,134,27,61
200,133,26,61
193,131,26,61
182,129,26,61
173,128,25,60
161,127,25,60
150,125,25,60
139,123,25,60
127,119,25,60
116,116,26,60
105,114,26,60
94,112,27,60
85,110,27,61
77,108,27,61
71,106,27,61
66,103,27,61
63,99,27,61
64,95,27,61
67,102,24,48
72,109,16,30
77,105,11,22
NaN,NaN,NaN,-2
NaN,NaN,NaN,0
NaN,NaN,NaN,0
NaN,NaN,NaN,0
NaN,NaN,NaN,0
NaN,NaN,NaN,-1
111,29,25,53
115,24,25,53
120,21,24,53
124,19,24,53
129,21,24,53
135,24,24,52
141,21,27,61
147,27,27,61
153,33,27,61
159,39,28,61
166,45,28,61
173,50,28,61
181,56,28,61
190,61,28,61
198,66,29,61
208,71,29,62
216,75,29,62
224,79,29,62
231,83,30,62
238,87,30,62
244,92,30,63
249,96,31,63
254,100,31,63
257,103,31,63
259,106,31,63
257,108,30,63
254,109,30,62
249,110,30,62
242,110,29,62
233,111,29,62
224,111,29,62
215,111,29,62
205,111,28,61
196,112,28,61
186,113,28,61
177,114,28,61
168,115,27,60
159,116,27,60
149,117,27,60
139,117,27,60
131,116,26,60
122,115,26,60
115,114,26,59
108,113,25,59
101,112,25,59
95,110,25,59
90,108,25,59
86,104,25,59
83,100,25,59
79,95,25,59
75,90,25,59
72,93,24,51
70,87,24,51
68,82,24,51
67,75,24,51
67,69,24,51
68,62,24,51
68,55,24,51
69,49,24,52
69,43,24,52
68,39,24,52
66,36,24,52
64,33,24,52
63,33,24,52
61,36,24,52
59,33,26,60
57,38,26,60
55,42,26,60
54,45,25,60
53,49,25,59
53,51,25,59
54,53,25,59
57,54,26,60
60,57,26,60
63,61,25,59
67,66,25,59
70,73,25,59
74,80,25,59
80,86,25,59
86,92,25,59
94,98,25,59
102,102,25,59
110,106,25,59
121,108,25,59
133,110,26,59
143,110,26,59
154,109,26,59
155,109,26,60
168,111,22,50
176,106,22,50
183,102,23,50
188,100,23,50
192,98,23,51
195,96,23,51
195,94,23,50
193,92,23,50
190,89,23,50
191,91,23,46
192,95,21,37
190,99,16,30
191,98,17,31
193,96,16,30
189,96,14,28
NaN,NaN,NaN,-2
NaN,NaN,NaN,0
NaN,NaN,NaN,0
NaN,NaN,NaN,0
NaN,NaN,NaN,0
NaN,NaN,NaN,-1
119,77,25,60
115,82,25,61
114,88,25,60
114,92,25,60
118,95,25,60
123,97,25,60
131,98,25,60
139,99,25,60
149,99,25,60
159,99,24,60
169,98,24,60
178,97,25,60
186,97,25,61
194,98,26,61
201,100,26,61
206,102,26,61
210,104,26,61
213,107,26,61
214,111,26,61
213,116,26,61
210,120,26,61
204,123,26,61
197,126,26,61
190,127,26,61
183,128,26,61
177,129,25,61
168,128,25,61
159,127,25,60
149,125,25,60
140,122,24,60
131,117,24,60
121,124,34,50
119,123,36,54
121,129,32,42
NaN,NaN,NaN,-2
NaN,NaN,NaN,0
NaN,NaN,NaN,0
NaN,NaN,NaN,0
NaN,NaN,NaN,0
NaN,NaN,NaN,-1
68,56,24,61
72,50,25,61
76,46,25,61
81,41,25,61
87,37,25,61
92,33,25,62
97,30,26,62
101,27,26,62
106,26,26,62
109,25,26,62
113,27,26,62
117,29,26,62
120,33,26,62
125,38,26,62
129,42,26,62
133,47,26,62
136,51,26,62
139,55,26,62
143,58,26,62
146,59,26,62
149,61,26,62
151,62,26,62
154,63,26,62
156,65,26,62
157,66,26,62
