NaN,NaN,NaN,-1
131,50,37,90
131,50,37,89
131,51,37,90
131,51,37,89
131,52,37,89
131,52,37,89
131,53,37,89
130,55,37,89
130,56,37,89
130,58,37,89
130,60,37,89
130,62,37,89
130,65,37,89
132,69,37,89
135,73,37,89
137,78,37,89
140,83,37,89
145,86,38,89
150,91,38,89
157,95,39,90
164,98,39,90
171,100,40,90
178,102,41,90
186,104,41,91
194,105,42,91
202,105,42,91
208,106,43,92
214,106,43,92
219,107,44,92
222,107,44,92
224,106,44,92
224,106,44,92
221,105,44,92
215,105,43,92
209,105,43,92
201,104,42,91
192,105,41,91
182,105,40,90
172,106,39,90
162,107,38,89
152,108,37,89
144,109,36,88
137,110,37,89
127,111,37,89
118,112,38,89
109,114,38,89
102,114,39,89
95,115,39,89
89,115,39,89
84,115,39,89
79,114,39,89
76,112,39,89
75,108,39,89
75,103,39,89
76,98,39,89
77,92,39,89
80,85,39,89
84,77,39,89
87,70,39,89
91,63,39,90
94,58,39,90
99,54,39,89
106,51,38,90
114,48,38,89
123,46,37,89
131,44,37,89
140,44,38,89
148,45,38,89
156,47,39,90
164,50,40,90
172,52,41,90
179,54,41,91
187,56,42,91
196,57,42,91
204,58,43,91
210,58,43,92
215,59,44,92
219,59,44,92
221,59,44,92
219,58,44,92
215,56,44,91
208,54,43,91
199,52,43,91
190,49,43,91
180,47,42,91
171,45,41,90
161,43,40,90
152,41,39,90
142,40,39,89
133,39,38,89
123,40,37,89
113,42,36,88
104,45,36,88
94,48,37,88
86,50,38,88
79,53,38,89
74,57,38,89
72,61,39,89
73,66,39,89
75,72,39,88
78,77,39,88
81,83,39,88
86,88,38,88
89,93,38,88
92,99,38,88
95,105,38,87
97,112,37,87
100,117,37,87
103,122,37,87
106,125,37,87
111,126,37,87
117,127,37,87
123,126,37,87
130,124,36,86
138,120,36,86
145,117,36,86
151,113,36,87
158,109,36,87
165,105,37,87
172,102,37,87
178,99,38,88
183,95,38,88
188,91,39,88
194,88,39,89
200,85,40,89
205,82,40,89
210,79,40,90
214,76,41,90
218,73,41,90
221,70,42,90
221,68,42,90
221,65,42,90
218,62,42,90
214,59,42,90
208,56,41,90
201,54,41,90
194,52,40,90
185,50,40,89
176,48,39,89
167,46,39,89
158,44,38,89
148,42,38,88
139,41,37,88
131,39,36,88
122,38,36,88
114,37,37,88
106,36,37,88
99,35,38,88
93,36,38,88
88,37,39,88
85,38,39,88
84,39,39,88
86,41,39,87
89,43,38,87
93,44,38,86
98,47,38,86
101,51,37,86
104,55,37,85
107,59,36,84
110,63,36,83
112,66,35,83
114,68,35,82
116,69,34,81
119,70,34,80
121,70,33,79
123,71,33,79
126,70,32,78
130,69,32,77
136,69,31,76
142,69,32,75
148,69,32,75
154,68,31,74
159,67,31,74
164,66,31,73
167,65,30,72
169,65,30,71
172,65,30,71
175,66,29,70
179,67,29,69
183,69,29,69
188,71,29,68
194,72,29,68
199,73,29,68
202,73,29,67
207,73,29,67
210,72,29,66
212,70,29,66
213,69,28,65
215,67,28,65
217,66,28,64
220,67,28,64
222,72,28,64
225,78,28,64
227,89,28,63
228,100,28,63
228,108,28,63
229,115,28,63
226,122,28,63
223,127,28,62
219,130,28,62
216,132,28,62
212,133,27,62
206,134,27,61
200,133,26,61
192,130,26,61
182,129,26,61
173,128,26,60
161,126,25,60
150,125,25,60
139,123,25,60
127,119,25,60
116,116,26,60
105,114,26,60
94,112,27,61
85,110,27,61
77,108,27,61
71,106,27,61
66,103,28,61
63,99,27,61
64,94,27,61
67,102,24,47
72,109,17,30
76,105,11,22
80,104,11,22
71,98,21,22
NaN,NaN,NaN,-2
NaN,NaN,NaN,0
NaN,NaN,NaN,0
NaN,NaN,NaN,0
NaN,NaN,NaN,0
NaN,NaN,NaN,-1
121,13,25,60
125,12,25,61
130,13,25,60
136,15,25,61
141,21,25,61
147,28,25,61
153,33,26,61
159,39,26,61
167,46,25,60
173,50,26,60
181,56,26,60
190,61,26,60
199,66,26,60
208,71,26,60
217,75,27,60
225,79,27,61
231,84,27,61
238,88,28,61
244,92,28,62
250,96,28,62
254,100,29,62
258,103,28,62
259,106,28,62
258,108,28,61
254,110,28,61
249,110,27,61
242,111,27,61
234,111,27,61
224,111,27,60
216,111,26,60
206,111,26,60
197,112,26,60
187,113,26,60
178,114,26,60
169,115,25,59
159,116,25,59
149,117,24,59
140,117,24,59
131,117,24,59
123,116,24,59
115,114,24,59
108,113,23,58
101,112,24,59
95,110,24,59
90,108,24,59
86,104,24,59
82,100,24,59
79,95,24,59
75,91,24,59
73,85,24,59
71,79,24,59
69,74,24,59
68,67,24,59
68,61,24,59
69,65,21,48
70,58,21,48
70,52,21,49
70,46,21,49
69,42,21,49
67,39,21,49
66,37,21,49
64,36,22,49
62,39,21,49
60,44,21,49
57,49,21,49
56,53,21,49
54,56,22,49
53,59,22,49
53,62,22,49
54,64,22,49
57,65,23,49
60,68,23,49
63,72,23,49
66,77,22,49
70,79,24,54
74,79,25,59
80,86,24,59
86,92,24,59
94,98,24,58
102,103,24,58
111,106,23,58
122,108,23,58
133,110,23,58
144,110,24,58
155,109,24,58
155,109,26,59
166,105,26,59
175,110,20,45
182,106,21,45
187,104,21,45
191,102,21,45
194,100,21,45
195,98,21,45
193,96,21,44
189,93,21,45
191,96,20,38
192,97,17,35
192,105,14,23
192,97,27,34
194,103,22,18
NaN,NaN,NaN,-2
NaN,NaN,NaN,0
NaN,NaN,NaN,0
NaN,NaN,NaN,0
NaN,NaN,NaN,0
NaN,NaN,NaN,-1
123,72,24,59
119,78,25,59
115,83,25,59
114,89,25,59
114,93,25,59
118,96,25,59
123,98,25,59
131,99,25,59
139,100,25,59
149,100,24,59
159,100,24,59
169,99,24,59
179,98,24,59
186,99,25,60
194,100,26,60
200,101,26,60
205,103,27,60
209,106,27,60
212,109,27,60
214,113,26,60
213,117,26,60
210,121,26,60
204,125,26,60
197,127,26,59
191,128,26,59
184,129,25,59
177,130,25,59
169,129,25,59
159,128,25,59
149,126,25,59
140,123,24,59
131,118,24,59
122,125,33,48
120,125,34,50
121,130,31,40
116,130,32,35
NaN,NaN,NaN,-2
NaN,NaN,NaN,0
NaN,NaN,NaN,0
NaN,NaN,NaN,0
NaN,NaN,NaN,0
NaN,NaN,NaN,-1
72,52,25,61
77,47,24,61
82,42,25,61
87,38,24,61
93,34,24,61
98,31,25,61
102,29,25,61
106,27,25,61
110,27,25,61
113,28,25,61
117,31,25,61
121,35,25,61
125,39,25,61
129,44,25,61
133,48,25,61
137,52,25,61
140,56,26,61
143,59,26,61
146,60,26,61
149,62,26,61
152,63,26,61
154,65,26,61
156,66,26,61
158,67,26,61
