NaN,NaN,NaN,-1
83.5,86.2,34.1,52.8
89,86.2,34.1,52.8
94.5,87.4,34.1,52.8
100,88.6,34.1,52.8
106.6,89.8,34.1,52.8
113.2,91,34.1,52.8
119.8,91,34.1,52.8
125.3,89.8,34.1,52.8
131.9,88.6,34.1,52.8
137.4,87.4,34.1,52.8
142.9,88.6,34.1,52.8
148.4,88.6,34.1,52.8
155,89.8,34.1,52.8
161.6,91,34.1,52.8
168.2,89.8,34.1,52.8
173.7,89.8,34.1,52.8
180.3,88.6,34.1,52.8
185.8,87.4,34.1,52.8
190.2,87.4,34.1,52.8
195.7,87.4,34.1,52.8
200.1,88.6,34.1,52.8
202.3,88.6,34.1,52.8
202.3,87.4,34.1,52.8
201.2,87.4,34.1,52.8
200.1,86.2,34.1,52.8
196.8,85,34.1,52.8
192.4,85,34.1,52.8
185.8,83.8,34.1,52.8
179.2,83.8,34.1,52.8
171.5,83.8,34.1,52.8
162.7,86.2,34.1,52.8
151.7,87.4,34.1,52.8
140.7,88.6,34.1,52.8
129.7,89.8,34.1,52.8
119.8,89.8,34.1,52.8
113.2,88.6,34.1,52.8
108.8,87.4,34.1,52.8
105.5,86.2,34.1,52.8
104.4,86.2,34.1,52.8
104.4,87.4,34.1,52.8
106.6,88.6,34.1,52.8
109.9,91,34.1,52.8
115.4,91,34.1,52.8
122,89.8,34.1,52.8
128.6,89.8,34.1,52.8
136.3,89.8,34.1,52.8
145.1,89.8,34.1,52.8
155,89.8,34.1,52.8
166,89.8,34.1,52.8
175.9,89.8,34.1,52.8
185.8,91,34.1,52.8
194.6,91,34.1,52.8
201.2,92.2,34.1,52.8
204.5,93.4,34.1,52.8
203.4,94.6,34.1,52.8
200.1,95.8,34.1,52.8
193.5,95.8,34.1,52.8
183.6,94.6,34.1,52.8
172.6,93.4,34.1,52.8
158.3,92.2,34.1,52.8
144,92.2,34.1,52.8
129.7,92.2,34.1,52.8
117.6,92.2,34.1,52.8
107.7,93.4,34.1,52.8
100,95.8,34.1,52.8
93.4,98.2,34.1,52.8
87.9,100.6,34.1,52.8
84.6,101.8,34.1,52.8
81.3,101.8,34.1,52.8
79.1,101.8,34.1,52.8
78,101.8,34.1,52.8
76.9,101.8,34.1,52.8
76.9,103,34.1,52.8
78,104.2,34.1,52.8
80.2,105.4,34.1,52.8
83.5,104.2,34.1,52.8
90.1,103,34.1,52.8
98.9,100.6,34.1,52.8
108.8,98.2,34.1,52.8
120.9,94.6,34.1,52.8
136.3,91,34.1,52.8
152.8,88.6,34.1,52.8
168.2,88.6,34.1,52.8
183.6,89.8,34.1,52.8
196.8,94.6,34.1,52.8
205.6,98.2,34.1,52.8
210,101.8,34.1,52.8
210,103,34.1,52.8
208.9,104.2,34.1,52.8
206.7,103,34.1,52.8
203.4,103,34.1,52.8
200.1,103,34.1,52.8
195.7,104.2,34.1,52.8
190.2,106.6,34.1,52.8
183.6,110.2,34.1,52.8
173.7,112.6,34.1,52.8
161.6,109,34.1,52.8
147.3,101.8,34.1,52.8
130.8,94.6,34.1,52.8
112.1,94.6,34.1,52.8
94.5,99.4,34.1,52.8
80.2,106.6,34.1,52.8
70.3,109,34.1,52.8
61.5,109,34.1,52.8
54.9,109,34.1,52.8
48.3,109,34.1,52.8
41.7,109,34.1,52.8
35.1,110.2,34.1,52.8
26.3,112.6,34.1,52.8
16.4,111.4,34.1,52.8
8.7,104.2,34.1,52.8
2.1,95.8,34.1,52.8
1,93.4,34.1,52.8
1,99.4,34.1,52.8
1,113.8,34.1,52.8
8.7,127,34.1,52.8
16.4,133,34.1,52.8
24.1,134.2,34.1,52.8
30.7,134.2,34.1,52.8
36.2,133,34.1,52.8
40.6,131.8,34.1,52.8
43.9,130.6,34.1,52.8
47.2,128.2,34.1,52.8
50.5,127,34.1,52.8
53.8,127,34.1,52.8
59.3,127,34.1,52.8
65.9,125.8,34.1,52.8
74.7,123.4,34.1,52.8
82.4,119.8,34.1,52.8
91.2,111.4,34.1,52.8
98.9,101.8,34.1,52.8
104.4,94.6,34.1,52.8
106.6,91,34.1,52.8
106.6,89.8,34.1,52.8
103.3,92.2,34.1,52.8
98.9,94.6,34.1,52.8
92.3,97,34.1,52.8
86.8,97,34.1,52.8
81.3,98.2,34.1,52.8
76.9,97,34.1,52.8
73.6,94.6,34.1,52.8
71.4,93.4,34.1,52.8
72.5,92.2,34.1,52.8
73.6,91,34.1,52.8
75.8,91,34.1,52.8
79.1,92.2,34.1,52.8
83.5,93.4,34.1,52.8
90.1,95.8,34.1,52.8
98.9,97,34.1,52.8
106.6,98.2,34.1,52.8
116.5,95.8,34.1,52.8
124.2,93.4,34.1,52.8
129.7,92.2,34.1,52.8
134.1,92.2,34.1,52.8
135.2,92.2,34.1,52.8
136.3,92.2,34.1,52.8
134.1,92.2,34.1,52.8
130.8,92.2,34.1,52.8
125.3,94.6,34.1,52.8
120.9,93.4,34.1,52.8
117.6,91,34.1,52.8
116.5,88.6,34.1,52.8
116.5,87.4,34.1,52.8
119.8,88.6,34.1,52.8
124.2,89.8,34.1,52.8
130.8,89.8,34.1,52.8
138.5,91,34.1,52.8
146.2,89.8,34.1,52.8
153.9,88.6,34.1,52.8
160.5,87.4,34.1,52.8
166,87.4,34.1,52.8
