NaN,NaN,NaN,-1
68,75,70,270
71,77,70,270
74,77,70,270
77,78,70,270
80,78,70,270
82,78,70,270
85,78,70,270
88,79,70,270
91,79,70,270
94,80,70,270
97,80,70,270
100,80,70,270
103,80,70,270
106,80,70,270
108,80,70,270
111,80,70,270
113,80,70,270
116,80,70,270
119,80,70,270
121,80,70,270
124,80,70,270
126,80,70,270
129,80,70,270
131,80,70,270
133,80,70,270
136,80,70,270
138,80,70,270
140,80,70,270
142,80,70,270
145,80,70,270
147,80,70,270
149,80,70,270
152,79,70,270
154,79,70,270
156,80,70,270
158,80,70,270
160,79,70,270
162,79,70,270
165,78,70,270
167,78,70,270
169,78,70,270
171,78,70,270
172,78,70,270
174,77,70,270
176,77,70,270
178,77,70,270
180,77,70,270
181,77,70,270
183,77,70,270
185,77,70,270
187,77,70,270
189,77,70,270
191,77,70,270
193,77,70,270
194,77,70,270
196,77,70,270
197,78,70,270
199,78,70,270
200,78,70,270
202,78,70,270
203,79,70,270
205,79,70,270
206,79,70,270
208,79,70,270
209,78,70,270
211,78,70,270
212,78,70,270
213,78,70,270
215,79,70,270
216,78,70,270
217,79,70,270
219,79,70,270
220,79,70,270
222,78,70,270
223,79,70,270
225,80,70,270
228,80,70,270
230,80,70,270
232,80,70,270
234,80,70,270
236,80,70,270
237,80,70,270
238,80,70,270
239,80,70,270
241,80,70,270
242,80,70,270
243,80,70,270
244,80,70,270
245,80,70,270
246,80,70,270
247,80,70,270
249,80,70,270
249,80,70,270
250,79,70,270
251,79,70,270
252,78,70,270
253,78,70,270
254,77,70,270
255,77,70,270
256,77,70,270
257,77,70,270
259,77,70,270
260,76,70,270
261,77,70,270
263,77,70,270
265,77,70,270
266,77,70,270
268,77,70,270
269,77,70,270
270,77,70,270
272,76,70,270
273,76,70,270
273,75,70,270
274,74,70,270
274,74,70,270
274,72,70,270
274,72,70,270
274,70,70,270
274,70,70,270
274,68,70,270
275,67,70,270
275,65,70,270
276,63,70,270
278,60,70,270
278,59,70,270
278,57,70,270
280,56,70,270
277,55,70,270
278,55,70,270
278,54,70,270
278,52,70,270
278,52,70,270
279,50,70,270
280,50,70,270
280,48,70,270
281,48,70,270
281,47,70,270
282,46,70,270
283,46,70,270
284,45,70,270
285,45,70,270
286,44,70,270
286,44,70,270
287,44,70,270
288,43,70,270
289,43,70,270
290,43,70,270
291,42,70,270
292,41,70,270
293,41,70,270
294,41,70,270
295,41,70,270
295,40,70,270
296,40,70,270
296,39,70,270
297,39,70,270
298,39,70,270
299,39,70,270
299,38,70,270
299,38,70,270
299,38,70,270
298,37,70,270
298,37,70,270
299,36,70,270
300,35,70,270
300,35,70,270
301,34,70,270
301,34,70,270
302,33,70,270
301,33,70,270
301,32,70,270
302,32,70,270
302,31,70,270
303,30,70,270
304,30,70,270
304,29,70,270
305,28,70,270
305,28,70,270
306,28,70,270
306,27,70,270
307,27,70,270
307,27,70,270
308,26,70,270
309,26,70,270
309,25,70,270
309,25,70,270
310,25,70,270
311,24,70,270
312,24,70,270
312,23,70,270
313,23,70,270
313,22,70,270
314,22,70,270
313,22,70,270
313,22,70,270
314,21,70,270
315,21,70,270
315,20,70,270
316,20,70,270
316,20,70,270
317,20,70,270
317,19,70,270
318,19,70,270
318,18,70,270
320,18,70,270
320,17,70,270
321,17,70,270
321,17,70,270
321,17,70,270
322,16,70,270
322,15,70,270
322,15,70,270
322,15,70,270
322,15,70,270
322,15,70,270
322,15,70,270
322,13,70,270
322,13,70,270
322,12,70,270
322,12,70,270
322,12,70,270
322,12,70,270
322,11,70,270
322,11,70,270
322,11,70,270
322,10,70,270
323,9,70,270
323,9,70,270
323,8,70,270
323,8,70,270
323,7,70,270
323,7,70,270
324,6,70,270
323,6,70,270
323,6,70,270
323,6,70,270
323,6,70,270
323,5,70,270
323,5,70,270
323,5,70,270
323,4,70,270
323,4,70,270
323,3,70,270
323,3,70,270
323,3,70,270
323,2,70,270
322,2,70,270
322,2,70,270
322,2,70,270
322,2,70,270
322,2,70,270
322,2,70,270
322,2,70,270
322,2,70,270
321,2,70,270
321,2,70,270
321,2,70,270
321,2,70,270
320,2,70,270
320,2,70,270
320,2,70,270
320,1,70,270
320,1,70,270
321,1,70,270
322,2,70,270
322,1,70,270
322,1,70,270
323,1,70,270
322,1,70,270
324,1,70,270
324,1,70,270
325,1,70,270
326,1,70,270
327,1,70,270
326,1,70,270
325,1,70,270
324,1,70,270
324,1,70,270
324,1,70,270
324,1,70,270
324,1,70,270
324,1,70,270
324,1,70,270
325,1,70,270
325,1,70,270
325,1,70,270
325,1,70,270
325,1,70,270
325,1,70,270
325,1,70,270
325,1,70,270
325,1,70,270
325,1,70,270
325,1,70,270
324,1,70,270
324,2,70,270
324,2,70,270
323,2,70,270
323,2,70,270
323,1,70,270
323,1,70,270
323,2,70,270
323,1,70,270
323,1,70,270
323,1,70,270
323,1,70,270
323,1,70,270
323,1,70,270
323,1,70,270
323,1,70,270
323,1,70,270
323,1,70,270
323,1,70,270
323,1,70,270
322,1,70,270
322,1,70,270
322,1,70,270
322,1,70,270
322,1,70,270
322,1,70,270
322,1,70,270
321,1,70,270
321,1,70,270
321,1,70,270
321,1,70,270
321,1,70,270
321,1,70,270
321,1,70,270
321,1,70,270
321,1,70,270
321,1,70,270
321,1,70,270
321,1,70,270
321,1,70,270
321,1,70,270
321,1,70,270
321,1,70,270
321,1,70,270
321,1,70,270
321,1,70,270
321,1,70,270
321,1,70,270
321,1,70,270
321,1,70,270
321,1,70,270
321,1,70,270
321,1,70,270
322,1,70,270
322,1,70,270
322,1,70,270
