NaN,NaN,NaN,-1
73,74,70,270
76,80,70,270
79,80,70,270
82,80,70,270
85,80,70,270
88,80,70,270
91,80,70,270
94,80,70,270
97,80,70,270
100,80,70,270
103,80,70,270
106,80,70,270
109,80,70,270
112,80,70,270
115,80,70,270
117,80,70,270
120,80,70,270
122,80,70,270
125,80,70,270
128,80,70,270
130,80,70,270
133,80,70,270
135,80,70,270
138,80,70,270
140,80,70,270
142,80,70,270
144,80,70,270
146,80,70,270
148,80,70,270
150,80,70,270
152,80,70,270
154,80,70,270
157,79,70,270
160,79,70,270
162,79,70,270
164,79,70,270
167,79,70,270
169,79,70,270
171,78,70,270
174,78,70,270
176,77,70,270
178,77,70,270
179,77,70,270
181,76,70,270
183,76,70,270
185,76,70,270
187,76,70,270
189,75,70,270
191,75,70,270
193,75,70,270
195,75,70,270
196,75,70,270
198,76,70,270
200,76,70,270
201,76,70,270
203,76,70,270
204,77,70,270
206,77,70,270
208,77,70,270
209,76,70,270
211,77,70,270
213,76,70,270
215,76,70,270
216,76,70,270
218,76,70,270
219,75,70,270
221,75,70,270
222,75,70,270
224,75,70,270
226,75,70,270
228,75,70,270
229,75,70,270
230,75,70,270
232,74,70,270
234,74,70,270
235,75,70,270
238,76,70,270
240,77,70,270
243,78,70,270
245,79,70,270
247,80,70,270
249,80,70,270
251,80,70,270
252,80,70,270
254,80,70,270
255,80,70,270
257,80,70,270
258,80,70,270
259,80,70,270
260,80,70,270
261,80,70,270
263,79,70,270
264,79,70,270
264,78,70,270
265,78,70,270
266,77,70,270
267,77,70,270
267,77,70,270
269,76,70,270
270,76,70,270
270,76,70,270
272,75,70,270
273,75,70,270
275,75,70,270
276,75,70,270
278,75,70,270
279,75,70,270
280,75,70,270
281,75,70,270
282,75,70,270
283,74,70,270
284,74,70,270
285,73,70,270
285,72,70,270
286,72,70,270
285,71,70,270
286,70,70,270
285,69,70,270
285,68,70,270
285,67,70,270
285,66,70,270
285,65,70,270
286,62,70,270
286,60,70,270
287,58,70,270
286,58,70,270
286,57,70,270
287,56,70,270
287,54,70,270
286,53,70,270
286,51,70,270
286,50,70,270
286,49,70,270
286,49,70,270
286,48,70,270
286,47,70,270
287,46,70,270
287,46,70,270
288,45,70,270
288,45,70,270
289,45,70,270
290,44,70,270
290,44,70,270
291,44,70,270
292,43,70,270
293,43,70,270
294,43,70,270
295,43,70,270
296,42,70,270
297,42,70,270
298,42,70,270
299,42,70,270
299,42,70,270
299,43,70,270
300,43,70,270
300,43,70,270
301,42,70,270
302,42,70,270
302,41,70,270
302,41,70,270
302,41,70,270
301,41,70,270
301,41,70,270
302,41,70,270
303,39,70,270
303,39,70,270
303,39,70,270
304,38,70,270
304,37,70,270
303,38,70,270
303,37,70,270
304,37,70,270
304,36,70,270
305,36,70,270
306,36,70,270
306,35,70,270
307,34,70,270
308,34,70,270
309,34,70,270
309,34,70,270
310,34,70,270
310,34,70,270
311,33,70,270
312,33,70,270
312,33,70,270
312,33,70,270
313,33,70,270
314,32,70,270
315,32,70,270
315,32,70,270
315,32,70,270
315,31,70,270
316,31,70,270
315,31,70,270
316,31,70,270
316,31,70,270
317,30,70,270
317,30,70,270
317,30,70,270
318,30,70,270
319,30,70,270
319,29,70,270
320,29,70,270
320,29,70,270
321,28,70,270
321,28,70,270
322,28,70,270
323,28,70,270
323,28,70,270
323,28,70,270
324,27,70,270
323,27,70,270
323,27,70,270
323,27,70,270
322,27,70,270
322,26,70,270
322,25,70,270
322,24,70,270
322,23,70,270
322,22,70,270
322,22,70,270
322,22,70,270
323,22,70,270
322,22,70,270
323,21,70,270
323,21,70,270
323,21,70,270
323,21,70,270
323,21,70,270
324,21,70,270
324,21,70,270
324,21,70,270
324,21,70,270
324,20,70,270
324,20,70,270
324,20,70,270
324,20,70,270
324,20,70,270
323,20,70,270
323,19,70,270
323,19,70,270
323,19,70,270
323,18,70,270
323,18,70,270
323,17,70,270
323,17,70,270
323,17,70,270
323,16,70,270
322,16,70,270
322,16,70,270
322,16,70,270
322,15,70,270
322,14,70,270
322,14,70,270
321,13,70,270
322,13,70,270
322,13,70,270
321,13,70,270
321,13,70,270
321,13,70,270
320,12,70,270
320,12,70,270
320,12,70,270
320,12,70,270
321,12,70,270
322,12,70,270
321,11,70,270
322,10,70,270
322,9,70,270
324,8,70,270
324,7,70,270
324,7,70,270
325,6,70,270
326,5,70,270
326,4,70,270
325,3,70,270
324,2,70,270
324,2,70,270
324,2,70,270
325,2,70,270
325,2,70,270
325,2,70,270
325,2,70,270
325,1,70,270
325,1,70,270
325,1,70,270
325,1,70,270
325,1,70,270
325,1,70,270
325,2,70,270
325,1,70,270
325,1,70,270
325,1,70,270
325,1,70,270
324,1,70,270
324,2,70,270
323,2,70,270
323,2,70,270
323,2,70,270
323,2,70,270
323,2,70,270
323,2,70,270
323,2,70,270
323,2,70,270
322,2,70,270
322,2,70,270
322,1,70,270
322,1,70,270
322,1,70,270
322,1,70,270
321,1,70,270
321,1,70,270
321,1,70,270
321,1,70,270
321,1,70,270
320,1,70,270
320,1,70,270
320,1,70,270
320,1,70,270
319,1,70,270
319,1,70,270
319,1,70,270
319,1,70,270
318,1,70,270
318,1,70,270
318,1,70,270
318,1,70,270
318,1,70,270
318,1,70,270
318,1,70,270
318,1,70,270
317,1,70,270
317,1,70,270
317,1,70,270
317,1,70,270
317,1,70,270
317,1,70,270
317,1,70,270
317,1,70,270
316,1,70,270
316,1,70,270
316,1,70,270
316,1,70,270
315,2,70,270
315,1,70,270
315,1,70,270
315,1,70,270
315,1,70,270
315,1,70,270
315,1,70,270
