NaN,NaN,NaN,-1
128,27,19,104
127,22,19,104
126,22,19,104
126,21,19,104
126,21,19,104
126,7,19,104
125,15,19,104
125,10,19,104
125,9,19,104
125,5,19,104
124,8,19,104
124,4,19,104
124,3,19,104
123,3,19,104
123,4,19,104
123,2,19,104
122,2,19,104
122,1,19,104
122,1,19,104
121,1,19,104
121,1,19,104
120,1,19,104
120,1,19,104
120,1,19,104
119,1,19,104
119,1,19,104
119,1,19,104
118,1,19,104
118,1,19,104
NaN,NaN,NaN,-2
NaN,NaN,NaN,0
NaN,NaN,NaN,0
NaN,NaN,NaN,0
NaN,NaN,NaN,0
NaN,NaN,NaN,-1
135,71,22,87
135,70,22,87
135,68,22,87
135,67,22,87
135,66,22,87
135,65,22,87
134,68,22,87
126,60,22,87
125,58,22,87
125,56,22,87
125,53,22,87
124,52,22,87
123,50,22,87
122,47,22,87
129,34,22,87
133,37,22,87
133,37,22,87
132,37,22,87
131,37,22,87
131,36,22,87
132,34,22,87
132,33,22,87
134,32,22,87
135,31,22,87
136,30,22,87
137,29,22,87
138,28,22,87
138,27,22,87
138,27,22,87
139,26,22,87
139,26,22,87
139,26,22,87
140,25,22,87
140,24,22,87
141,23,22,87
142,22,22,87
143,21,22,87
143,21,22,87
141,22,22,87
140,22,22,87
140,22,22,87
140,15,22,87
140,14,22,87
141,14,22,87
140,13,22,87
139,12,22,87
139,12,22,87
138,12,22,87
138,14,22,87
144,4,22,87
147,4,22,87
147,4,22,87
147,4,22,87
147,3,22,87
147,2,22,87
148,1,22,87
149,1,22,87
150,2,22,87
150,2,22,87
149,3,22,87
148,5,22,87
148,6,22,87
147,7,22,87
146,8,22,87
146,9,22,87
146,10,22,87
149,13,22,87
149,15,22,87
149,17,22,87
148,17,22,87
148,17,22,87
144,20,22,87
143,20,22,87
140,18,22,87
140,17,22,87
143,12,22,87
143,10,22,87
142,10,22,87
142,10,22,87
142,10,22,87
143,11,22,87
143,12,22,87
144,13,22,87
145,14,22,87
144,15,22,87
143,16,22,87
130,9,22,87
130,9,22,87
130,9,22,87
129,10,22,87
133,6,22,87
136,5,22,87
146,1,22,87
147,1,22,87
148,1,22,87
149,2,22,87
149,3,22,87
148,5,22,87
148,5,22,87
146,6,22,87
144,6,22,87
142,4,22,87
140,1,22,87
140,1,22,87
141,1,22,87
142,2,22,87
142,3,22,87
141,3,22,87
141,2,22,87
143,3,22,87
139,3,22,87
140,2,22,87
142,3,22,87
143,3,22,87
144,5,22,87
144,6,22,87
144,7,22,87
144,9,22,87
144,11,22,87
144,10,22,87
144,10,22,87
144,10,22,87
134,4,22,87
136,3,22,87
138,3,22,87
139,3,22,87
138,5,22,87
150,7,22,87
152,8,22,87
153,10,22,87
153,13,22,87
152,15,22,87
151,18,22,87
148,19,22,87
146,21,22,87
145,23,22,87
144,23,22,87
140,10,22,87
143,2,22,87
146,2,22,87
150,1,22,87
154,1,22,87
168,1,22,87
171,1,22,87
170,1,22,87
169,1,22,87
168,1,22,87
167,1,22,87
167,1,22,87
166,1,22,87
165,1,22,87
164,1,22,87
162,1,22,87
161,1,22,87
159,1,22,87
158,1,22,87
157,1,22,87
156,1,22,87
155,1,22,87
154,1,22,87
NaN,NaN,NaN,-2
NaN,NaN,NaN,0
NaN,NaN,NaN,0
NaN,NaN,NaN,0
NaN,NaN,NaN,0
NaN,NaN,NaN,-1
109,86,84,52
110,87,84,52
110,89,84,52
110,89,84,52
110,90,84,52
109,91,84,52
109,92,84,52
108,93,84,52
107,95,84,52
106,96,84,52
104,95,84,52
90,91,84,52
99,87,84,52
87,81,84,52
88,78,84,52
88,70,84,52
88,71,84,52
88,68,84,52
88,64,84,52
88,61,84,52
88,58,84,52
89,55,84,52
89,52,84,52
89,50,84,52
88,48,84,52
87,46,84,52
87,44,84,52
88,43,84,52
86,41,84,52
