NaN,NaN,NaN,-1
324.97,188.36,53.116,50.114
326.3,185.84,52.884,49.864
323.89,186.41,52.943,49.816
322.37,186.18,53.087,49.888
319.88,185.21,53.15,50.005
317.14,184.5,52.888,49.843
314.36,180.95,52.772,49.742
313.51,182.31,53.173,50.158
311.52,177.99,53.024,50.015
309.69,179.29,52.759,49.659
308.79,177.07,52.405,49.182
306.34,175.5,52.342,49.178
307.17,174.8,53.054,49.742
305.8,172.56,52.902,49.474
303.81,171.84,52.611,49.213
304.1,171.64,52.312,48.835
302.22,170.61,51.771,48.388
299.63,169.35,51.542,48.235
299.21,166.43,51.037,47.805
298.17,165.85,50.829,47.443
296.35,165.38,51.009,47.607
296.29,163.86,50.937,47.644
292.23,163.4,50.83,47.584
292.37,160.18,51.315,47.965
292.24,156.84,51.472,48.058
288.65,156.53,51.764,48.267
287.31,156.04,51.359,47.831
287.68,152.5,51.282,47.755
288.54,151.77,50.731,47.246
291.2,145.18,51.167,47.756
284.56,147.34,50.759,47.305
285.89,147.48,50.856,47.315
287.32,142.22,50.457,47.03
286.94,139.04,50.397,46.992
284.88,139.42,50.137,46.545
285.57,134.75,50.053,46.585
286.7,133.91,49.988,46.657
286.38,128.62,49.27,45.924
285.91,128.56,49.463,46.095
286.33,125.89,49.263,45.648
288.62,122.09,49.453,45.806
288.16,121.9,49.02,45.343
287.69,122.23,48.684,45.08
287.13,120.47,49.362,45.667
286.53,117.73,49.665,45.878
285.52,117.87,49.457,45.715
286.75,115.99,49.416,45.835
288.25,115.08,49.099,45.662
287.04,114.33,48.404,45.154
288.85,114.86,48.166,44.817
286.77,112.02,48.236,45.01
287.24,111.5,48.518,45.032
286.75,109.73,48.687,45.203
288.15,111.79,48.989,45.408
288.49,108.93,49.21,45.415
290.82,107.9,48.966,45.306
290.47,106.02,48.768,45.091
291.37,106.75,48.642,44.867
292.83,106.13,48.271,44.49
292.76,107.78,48.996,45.218
291.83,107.01,49.797,45.872
292.79,104.94,50.445,46.544
292.19,105.2,50.142,46.243
294.56,105.02,50.434,46.495
295.1,103.77,50.661,46.41
294.21,103.65,50.175,46.039
294.52,105.82,49.877,45.712
296.55,104.83,50.049,45.723
296.24,103.66,49.693,45.289
297.16,102.68,50.034,45.479
298.39,100.61,50.087,45.295
299.72,104.98,49.799,45.158
297.03,106.5,49.696,44.916
298.54,107.49,50.138,45.402
301.28,101.31,50.348,45.519
299.41,105.45,50.326,45.525
297.78,104.75,50.268,45.385
301.56,103.92,50.246,45.303
300.78,103.78,51.001,45.99
298.87,100.91,50.744,45.747
304.67,100.95,50.722,45.738
300.75,98.343,50.759,45.851
306.99,96.725,50.383,45.389
306.94,99.258,49.934,45.048
306.78,98.56,49.255,44.512
307.39,95.845,48.799,44.102
309.54,96.228,48.737,43.895
308.17,96.236,48.48,43.544
311.73,96.024,48.379,43.403
310.34,95.695,48.478,43.399
311.24,94.835,48.256,43.076
310.63,95.802,48.281,43.122
311.16,94.033,48.407,43.242
312.02,94.589,48.192,43.078
312.81,92.583,48.22,42.971
312.37,92.813,48.444,43.293
312.44,92.49,48.466,43.236
314.84,90.325,48.67,43.336
314.42,91.768,48.223,42.937
314.54,89.968,47.772,42.389
312.53,94.54,47.519,42.174
312.46,89.766,47.422,41.863
316.63,90.92,47.823,42.399
314.41,90.692,48.178,42.675
314.19,90.501,48.158,42.717
314.42,85.035,48.075,42.61
314.16,86.219,48.017,42.455
316.49,85.738,47.596,42.071
317.23,84.854,47.331,41.889
317.22,88.25,47.986,42.439
308.09,102.76,48.525,42.825
294.39,115.43,48.493,42.774
313.78,91.677,48.366,42.769
318.8,91.721,48.792,43.233
316.11,88.418,48.758,43.35
315.73,88.189,48.593,43.044
314.13,88.423,49.421,43.646
315.88,86.951,49.324,43.627
317.54,88.743,49.509,43.817
313.44,90.573,49.191,43.578
315.74,92.715,49.405,43.661
315.26,93.443,49.478,43.718
314.86,94.303,49.192,43.345
315.53,94.06,48.931,43.24
313.09,95.459,48.758,43.03
313.47,94.374,49.22,43.364
314.24,95.719,49.25,43.276
312.09,96.074,49.146,43.316
312.99,93.3,48.915,43.187
309.96,96.548,48.886,43.128
311.69,99.108,49.194,43.316
311.14,98.862,49.272,43.29
310.58,99.486,48.798,42.735
312.13,100.47,48.445,42.43
313.25,102.63,47.601,41.782
309.82,100.45,47.358,41.388
309.71,103.56,47.272,41.488
309.54,103.03,47.017,41.289
308.89,103.46,47.815,41.89
308.49,102.9,47.889,41.9
308.22,104.41,47.93,41.881
307.23,106.18,47.882,41.943
307.74,105.49,47.147,41.346
309.23,106.17,47.792,41.974
307.32,104.66,47.784,41.796
304.61,106.47,47.303,41.454
304,107.66,47.165,41.294
303.73,105.69,47.209,41.358
304.4,106.68,47.186,41.262
302.62,107.03,47.563,41.462
302.51,107.6,47.073,41.002
303.6,107.94,46.988,41.012
304.31,108.59,47.098,41.125
302.48,107.74,47.066,41.131
303.81,108.95,46.78,40.928
303.82,119.04,47.181,41.303
304.78,120.52,46.953,41.065
301.41,111.14,47.169,41.232
301.73,112.53,46.386,40.57
299.03,113.73,46.059,40.269
298.04,112.35,46.141,40.334
299.9,115.82,46.76,40.693
298.43,113.68,46.559,40.502
298.86,118.44,46.472,40.448
297.94,118.06,46.619,40.646
298.3,121.33,46.498,40.572
298.21,120.31,46.933,40.862
297.87,122.14,47.197,41.084
297.55,120.7,47.267,41.123
296.73,124.64,47.604,41.655
295.47,124.74,48.168,42.119
292.13,124.76,47.856,41.99
292.88,125.58,47.181,41.351
291.81,127.02,46.979,41.165
292.97,125.51,47.378,41.295
292.84,126.02,47.753,41.586
290.12,131.18,48.189,41.932
289.41,129.52,48.322,42.05
288.32,132.04,48.557,42.131
289.97,131.32,48.373,41.848
289.04,131.56,48.99,42.257
287.98,133.06,49.206,42.532
285.49,133.94,48.932,42.254
285.25,132.75,49.063,42.463
286.95,139.75,48.932,42.189
285.78,136.33,49.019,42.093
287.71,138.21,49.082,42.02
279.66,137.99,49.124,42.109
284.13,137.68,49.791,42.532
283.09,138.11,49.487,42.325
281.62,139.15,48.866,41.801
283,146.07,48.38,41.425
281.21,149.12,48.638,41.713
282.07,146.82,48.367,41.428
280.64,151.64,48.263,41.368
279.21,152.59,47.983,41.024
279.13,153.58,47.805,40.829
277.32,153.49,47.947,40.907
278.38,160.48,47.961,40.88
276.13,156.26,47.556,40.608
269.5,165.26,47.527,40.627
272.33,160.44,48.13,41.039
272.47,167.72,48.186,41.067
272.51,164.56,48.486,41.481
270.92,169.26,48.43,41.66
271.78,168.82,48.243,41.364
271.14,170.91,48.282,41.146
273.19,174.38,48.317,41.166
274.35,174.42,48.566,41.28
273.78,180.21,48.354,41.153
273.41,180.83,48.635,41.468
272.57,181.68,48.986,41.763
272.07,182.65,48.48,41.371
271.2,183.19,48.399,41.408
268.16,185.23,48.169,41.181
269.48,185.21,48.674,41.557
267.75,186.44,48.682,41.441
266.13,180.77,48.725,41.562
267.66,180.84,48.645,41.522
265.9,181.37,48.606,41.672
267.06,189.08,48.865,41.921
266.4,189.42,49.716,42.703
265.23,189.16,49.781,42.889
264.95,187.52,49.537,42.862
264.42,189.95,49.97,43.26
263.8,189.85,49.515,42.761
262.82,188.53,49.487,42.74
