NaN,NaN,NaN,-1
204,122,28,94
203,122,28,94
202,120,28,94
200,119,28,94
200,118,28,94
200,117,28,94
201,115,28,94
202,114,28,94
202,113,28,94
203,112,28,94
203,111,28,94
212,111,28,94
212,111,28,94
212,112,28,94
211,113,28,94
211,113,28,94
211,112,28,94
209,111,28,94
209,110,28,94
211,109,28,94
212,108,28,94
212,107,28,94
212,106,28,94
213,106,28,94
213,106,28,94
213,106,28,94
212,106,28,94
211,105,28,94
212,104,28,94
212,101,28,94
214,101,28,94
214,101,28,94
214,102,28,94
215,101,28,94
216,101,28,94
216,101,28,94
217,101,28,94
218,101,28,94
217,100,28,94
216,101,28,94
216,105,28,94
217,106,28,94
219,109,28,94
218,111,28,94
217,112,28,94
218,113,28,94
217,115,28,94
215,116,28,94
215,117,28,94
212,115,28,94
209,115,28,94
202,113,28,94
199,112,28,94
196,110,28,94
194,107,28,94
194,106,28,94
193,107,28,94
195,110,28,94
195,111,28,94
196,111,28,94
196,113,28,94
196,115,28,94
198,115,28,94
199,114,28,94
196,114,28,94
195,113,28,94
196,113,28,94
198,112,28,94
201,111,28,94
210,112,28,94
214,110,28,94
217,107,28,94
218,105,28,94
215,105,28,94
211,104,28,94
203,104,28,94
199,104,28,94
197,105,28,94
193,99,28,94
192,96,28,94
193,90,28,94
195,80,28,94
196,78,28,94
198,77,28,94
197,76,28,94
200,75,28,94
200,75,28,94
201,76,28,94
201,80,28,94
202,89,28,94
200,92,28,94
201,97,28,94
200,99,28,94
201,101,28,94
202,107,28,94
204,109,28,94
208,115,28,94
208,118,28,94
203,125,28,94
203,127,28,94
203,128,28,94
202,130,28,94
202,131,28,94
202,130,28,94
199,131,28,94
200,131,28,94
200,130,28,94
200,129,28,94
210,126,28,94
211,124,28,94
215,123,28,94
217,123,28,94
202,116,28,94
201,115,28,94
203,114,28,94
202,114,28,94
211,115,28,94
214,116,28,94
214,116,28,94
216,117,28,94
214,119,28,94
213,120,28,94
213,120,28,94
212,121,28,94
215,122,28,94
215,122,28,94
214,122,28,94
216,122,28,94
217,122,28,94
217,123,28,94
219,125,28,94
219,126,28,94
232,128,28,94
231,128,28,94
232,128,28,94
231,129,28,94
233,128,28,94
233,127,28,94
234,126,28,94
234,125,28,94
232,123,28,94
234,123,28,94
235,122,28,94
234,122,28,94
233,120,28,94
233,120,28,94
232,119,28,94
231,118,28,94
231,117,28,94
230,115,28,94
231,114,28,94
231,113,28,94
230,112,28,94
231,112,28,94
230,111,28,94
230,111,28,94
231,111,28,94
231,111,28,94
231,110,28,94
231,108,28,94
234,108,28,94
235,107,28,94
236,106,28,94
235,106,28,94
236,106,28,94
237,106,28,94
235,107,28,94
236,107,28,94
235,107,28,94
234,107,28,94
232,107,28,94
230,107,28,94
229,106,28,94
227,106,28,94
221,105,28,94
221,105,28,94
219,104,28,94
218,104,28,94
218,105,28,94
217,105,28,94
217,104,28,94
217,104,28,94
217,104,28,94
217,104,28,94
216,102,28,94
215,102,28,94
215,102,28,94
215,104,28,94
216,104,28,94
216,106,28,94
214,108,28,94
215,108,28,94
214,109,28,94
215,110,28,94
214,109,28,94
214,109,28,94
215,108,28,94
216,108,28,94
216,107,28,94
214,107,28,94
213,108,28,94
214,109,28,94
212,110,28,94
213,112,28,94
211,112,28,94
211,113,28,94
210,112,28,94
209,111,28,94
209,111,28,94
209,112,28,94
209,114,28,94
209,117,28,94
210,122,28,94
211,125,28,94
211,129,28,94
210,132,28,94
210,134,28,94
209,135,28,94
210,136,28,94
210,136,28,94
209,136,28,94
209,136,28,94
210,135,28,94
211,136,28,94
211,137,28,94
211,137,28,94
212,137,28,94
213,137,28,94
210,136,28,94
210,136,28,94
210,136,28,94
209,136,28,94
201,135,28,94
198,134,28,94
198,134,28,94
196,134,28,94
196,135,28,94
195,135,28,94
195,136,28,94
195,136,28,94
194,135,28,94
194,134,28,94
195,135,28,94
197,135,28,94
200,135,28,94
202,134,28,94
209,135,28,94
210,135,28,94
215,135,28,94
215,135,28,94
215,135,28,94
215,134,28,94
214,131,28,94
213,130,28,94
214,127,28,94
215,124,28,94
213,123,28,94
213,123,28,94
212,118,28,94
212,119,28,94
212,119,28,94
212,119,28,94
211,119,28,94
210,120,28,94
209,119,28,94
208,119,28,94
204,122,28,94
203,122,28,94
203,122,28,94
203,123,28,94
203,123,28,94
202,123,28,94
202,123,28,94
202,124,28,94
197,123,28,94
196,123,28,94
195,123,28,94
194,119,28,94
193,118,28,94
192,118,28,94
193,117,28,94
193,116,28,94
185,114,28,94
182,113,28,94
182,112,28,94
181,110,28,94
180,108,28,94
178,107,28,94
177,107,28,94
176,106,28,94
169,101,28,94
169,99,28,94
170,97,28,94
169,95,28,94
169,94,28,94
169,93,28,94
168,94,28,94
166,93,28,94
164,92,28,94
163,92,28,94
161,90,28,94
160,90,28,94
159,88,28,94
159,87,28,94
159,87,28,94
158,84,28,94
157,87,28,94
157,88,28,94
152,90,28,94
151,91,28,94
150,92,28,94
147,93,28,94
146,94,28,94
145,93,28,94
143,92,28,94
143,91,28,94
144,90,28,94
145,90,28,94
144,90,28,94
143,91,28,94
142,91,28,94
141,91,28,94
141,91,28,94
140,91,28,94
133,90,28,94
139,90,28,94
139,90,28,94
140,90,28,94
139,90,28,94
139,91,28,94
140,92,28,94
144,96,28,94
141,97,28,94
142,101,28,94
143,106,28,94
144,107,28,94
145,108,28,94
149,108,28,94
161,106,28,94
166,106,28,94
167,104,28,94
173,102,28,94
176,105,28,94
176,106,28,94
167,105,28,94
164,105,28,94
161,107,28,94
159,105,28,94
159,106,28,94
157,106,28,94
156,107,28,94
150,107,28,94
145,101,28,94
145,101,28,94
144,101,28,94
145,101,28,94
146,105,28,94
145,105,28,94
145,105,28,94
143,105,28,94
141,101,28,94
140,99,28,94
141,95,28,94
143,93,28,94
141,93,28,94
142,92,28,94
150,93,28,94
157,95,28,94
159,98,28,94
161,101,28,94
161,106,28,94
161,109,28,94
162,111,28,94
162,114,28,94
164,117,28,94
165,119,28,94
165,123,28,94
165,124,28,94
162,125,28,94
161,126,28,94
160,126,28,94
158,128,28,94
160,128,28,94
158,127,28,94
158,125,28,94
158,119,28,94
157,114,28,94
157,109,28,94
158,106,28,94
160,99,28,94
162,94,28,94
165,91,28,94
167,90,28,94
167,89,28,94
168,90,28,94
168,90,28,94
169,91,28,94
169,93,28,94
167,96,28,94
165,100,28,94
160,106,28,94
158,108,28,94
149,112,28,94
149,116,28,94
146,118,28,94
143,123,28,94
142,123,28,94
141,124,28,94
141,125,28,94
141,124,28,94
143,124,28,94
148,119,28,94
148,117,28,94
149,115,28,94
149,113,28,94
150,111,28,94
152,109,28,94
158,108,28,94
157,106,28,94
159,101,28,94
159,100,28,94
159,98,28,94
160,97,28,94
160,95,28,94
160,94,28,94
159,93,28,94
159,92,28,94
158,94,28,94
157,94,28,94
151,94,28,94
150,94,28,94
149,94,28,94
145,94,28,94
145,93,28,94
144,92,28,94
142,91,28,94
142,90,28,94
143,91,28,94
142,90,28,94
143,88,28,94
142,83,28,94
143,81,28,94
144,81,28,94
144,80,28,94
147,79,28,94
148,79,28,94
150,77,28,94
156,77,28,94
160,79,28,94
163,81,28,94
161,88,28,94
164,91,28,94
163,95,28,94
164,99,28,94
164,101,28,94
163,102,28,94
163,102,28,94
163,102,28,94
163,105,28,94
164,106,28,94
163,105,28,94
163,107,28,94
161,110,28,94
160,113,28,94
158,115,28,94
157,116,28,94
150,118,28,94
150,119,28,94
150,119,28,94
150,120,28,94
150,119,28,94
150,118,28,94
150,119,28,94
150,119,28,94
150,119,28,94
150,118,28,94
151,119,28,94
151,119,28,94
151,118,28,94
150,118,28,94
151,115,28,94
151,114,28,94
149,112,28,94
150,109,28,94
150,107,28,94
150,105,28,94
150,101,28,94
159,98,28,94
161,98,28,94
162,97,28,94
164,95,28,94
164,93,28,94
165,93,28,94
164,91,28,94
164,89,28,94
164,89,28,94
164,89,28,94
164,89,28,94
162,90,28,94
164,89,28,94
163,90,28,94
163,90,28,94
164,89,28,94
164,89,28,94
164,89,28,94
165,88,28,94
165,84,28,94
165,84,28,94
163,83,28,94
162,83,28,94
159,84,28,94
157,84,28,94
157,84,28,94
150,84,28,94
150,85,28,94
147,88,28,94
143,84,28,94
143,84,28,94
142,84,28,94
140,83,28,94
134,81,28,94
133,81,28,94
132,81,28,94
132,81,28,94
131,81,28,94
130,81,28,94
130,82,28,94
129,81,28,94
129,82,28,94
128,82,28,94
129,82,28,94
130,83,28,94
129,90,28,94
133,94,28,94
139,100,28,94
141,107,28,94
144,110,28,94
148,113,28,94
150,113,28,94
151,116,28,94
156,114,28,94
151,111,28,94
149,108,28,94
150,105,28,94
149,100,28,94
148,96,28,94
148,92,28,94
148,91,28,94
147,89,28,94
146,84,28,94
146,84,28,94
146,83,28,94
143,82,28,94
133,82,28,94
130,80,28,94
126,78,28,94
124,72,28,94
113,67,28,94
110,63,28,94
126,54,28,94
126,54,28,94
NaN,NaN,NaN,-2
NaN,NaN,NaN,0
NaN,NaN,NaN,0
NaN,NaN,NaN,0
NaN,NaN,NaN,0
NaN,NaN,NaN,-1
250,33,40,130
250,33,40,130
249,35,40,130
251,38,40,130
241,46,40,130
241,51,40,130
242,53,40,130
241,57,40,130
233,74,40,130
224,83,40,130
206,100,40,130
199,104,40,130
194,104,40,130
188,107,40,130
185,108,40,130
182,106,40,130
182,104,40,130
188,105,40,130
188,101,40,130
192,98,40,130
196,91,40,130
198,91,40,130
198,90,40,130
197,89,40,130
198,89,40,130
194,90,40,130
191,92,40,130
187,92,40,130
184,105,40,130
