NaN,NaN,NaN,-1
134.01,117.01,78,103
134.02,117.02,78,103
134.04,117.04,78,103
134.08,117.08,78,103
134.12,117.12,78,103
134.18,117.18,78,103
134.24,117.24,78,103
134.32,117.32,78,103
134.4,117.4,78,103
134.5,117.5,78,103
134.6,117.6,78,103
134.72,117.72,78,103
134.84,117.84,78,103
134.98,117.98,78,103
135.12,118.12,78,103
179.43,116.92,51,109
NaN,NaN,NaN,-2
NaN,NaN,NaN,0
NaN,NaN,NaN,0
NaN,NaN,NaN,0
NaN,NaN,NaN,0
NaN,NaN,NaN,-1
125.25,133.38,16,13
132.66,146.49,16,13
150.88,174.78,13,11
162.92,194.39,13,11
NaN,NaN,NaN,-2
NaN,NaN,NaN,0
NaN,NaN,NaN,0
NaN,NaN,NaN,0
NaN,NaN,NaN,0
NaN,NaN,NaN,-1
106.01,114.01,78,103
106.02,114.02,78,103
106.04,114.04,78,103
106.08,114.08,78,103
106.12,114.12,78,103
106.18,114.18,78,103
106.24,114.24,78,103
106.32,114.32,78,103
106.4,114.4,78,103
160.16,104.31,16,41
196.7,112.78,29,113
NaN,NaN,NaN,-2
NaN,NaN,NaN,0
NaN,NaN,NaN,0
NaN,NaN,NaN,0
NaN,NaN,NaN,0
NaN,NaN,NaN,-1
128.37,115.86,31,63
124.6,186.5,11,6
NaN,NaN,NaN,-2
NaN,NaN,NaN,0
NaN,NaN,NaN,0
NaN,NaN,NaN,0
NaN,NaN,NaN,0
NaN,NaN,NaN,-1
139.01,118.01,78,103
139.02,118.02,78,103
163.3,161.91,13,15
179.24,194.03,11,12
NaN,NaN,NaN,-2
NaN,NaN,NaN,0
NaN,NaN,NaN,0
NaN,NaN,NaN,0
NaN,NaN,NaN,0
NaN,NaN,NaN,-1
154.58,146.68,13,12
159.05,164.83,13,12
163.54,182.99,13,12
168.03,201.16,13,12
172.53,219.35,13,12
NaN,NaN,NaN,-2
NaN,NaN,NaN,0
NaN,NaN,NaN,0
NaN,NaN,NaN,0
NaN,NaN,NaN,0
NaN,NaN,NaN,-1
140.26,138.31,133,69
129.46,163.6,124,68
141.9,181.68,55,49
151.94,187.02,58,45
147.08,175.72,27,13
158.72,180.99,27,56
120.92,184.93,75,54
137.94,178.46,26,41
NaN,NaN,NaN,-2
NaN,NaN,NaN,0
NaN,NaN,NaN,0
NaN,NaN,NaN,0
NaN,NaN,NaN,0
NaN,NaN,NaN,-1
136.01,124.01,78,103
136.02,124.02,78,103
136.04,124.04,78,103
136.08,124.08,78,103
136.12,124.12,78,103
136.18,124.18,78,103
136.24,124.24,78,103
136.32,124.32,78,103
136.4,124.4,78,103
136.5,124.5,78,103
136.6,124.6,78,103
136.72,124.72,78,103
136.84,124.84,78,103
136.98,124.98,78,103
137.12,125.12,78,103
137.28,125.28,78,103
137.44,125.44,78,103
137.62,125.62,78,103
137.8,125.8,78,103
138,126,78,103
138.2,126.2,78,103
138.42,126.42,78,103
138.64,126.64,78,103
138.88,126.88,78,103
139.12,127.12,78,103
139.38,127.38,78,103
139.64,127.64,78,103
139.92,127.92,78,103
140.2,128.2,78,103
140.5,128.5,78,103
140.8,128.8,78,103
141.12,129.12,78,103
141.44,129.44,78,103
141.78,129.78,78,103
142.12,130.12,78,103
142.48,130.48,78,103
142.84,130.84,78,103
143.22,131.22,78,103
143.6,131.6,78,103
144,132,78,103
144.4,132.4,78,103
NaN,NaN,NaN,-2
NaN,NaN,NaN,0
NaN,NaN,NaN,0
NaN,NaN,NaN,0
NaN,NaN,NaN,0
NaN,NaN,NaN,-1
112.78,134.19,112,61
94.861,163.34,89,69
95.583,177.12,49,47
99.428,185.91,55,70
101.51,190.71,54,66
99.176,193.83,77,58
90.574,200.83,114,68
83.962,207.94,118,79
78.411,208.07,110,61
77.159,207.19,109,61
77.476,205.88,110,57
79.979,204.43,108,56
79.028,203.58,109,57
79.783,203.53,107,48
85.727,202.94,107,49
98.873,200.05,56,48
101.87,200.53,24,48
102.51,201.26,23,47
102.32,200.33,22,41
101.32,200.79,24,47
100.39,200.36,21,44
99.831,201.86,21,35
99.459,202.85,21,35
99.261,203.4,21,35
99.18,202.06,22,45
NaN,NaN,NaN,-2
NaN,NaN,NaN,0
NaN,NaN,NaN,0
NaN,NaN,NaN,0
NaN,NaN,NaN,0
NaN,NaN,NaN,-1
144.7,124.44,102,43
NaN,NaN,NaN,-2
NaN,NaN,NaN,0
NaN,NaN,NaN,0
NaN,NaN,NaN,0
NaN,NaN,NaN,0
NaN,NaN,NaN,-1
118.01,125.01,78,103
118.02,125.02,78,103
118.04,125.04,78,103
118.08,125.08,78,103
118.12,125.12,78,103
118.18,125.18,78,103
118.24,125.24,78,103
118.32,125.32,78,103
118.4,125.4,78,103
118.5,125.5,78,103
118.6,125.6,78,103
118.72,125.72,78,103
118.84,125.84,78,103
118.98,125.98,78,103
119.12,126.12,78,103
119.28,126.28,78,103
119.44,126.44,78,103
119.62,126.62,78,103
119.8,126.8,78,103
120,127,78,103
120.2,127.2,78,103
120.42,127.42,78,103
120.64,127.64,78,103
120.88,127.88,78,103
121.12,128.12,78,103
121.38,128.38,78,103
121.64,128.64,78,103
121.92,128.92,78,103
122.2,129.2,78,103
122.5,129.5,78,103
122.8,129.8,78,103
123.12,130.12,78,103
123.44,130.44,78,103
NaN,NaN,NaN,-2
NaN,NaN,NaN,0
NaN,NaN,NaN,0
NaN,NaN,NaN,0
NaN,NaN,NaN,0
NaN,NaN,NaN,-1
128.85,125.64,89,36
NaN,NaN,NaN,-2
NaN,NaN,NaN,0
NaN,NaN,NaN,0
NaN,NaN,NaN,0
NaN,NaN,NaN,0
NaN,NaN,NaN,-1
106.15,143.23,102,22
75.641,179.06,97,17
116.35,123.93,24,12
194.1,123.84,12,12
NaN,NaN,NaN,-2
NaN,NaN,NaN,0
NaN,NaN,NaN,0
NaN,NaN,NaN,0
NaN,NaN,NaN,0
NaN,NaN,NaN,-1
149.84,120.01,45,38
201.65,155.84,43,29
NaN,NaN,NaN,-2
NaN,NaN,NaN,0
NaN,NaN,NaN,0
NaN,NaN,NaN,0
NaN,NaN,NaN,0
NaN,NaN,NaN,-1
135.39,135.44,53,38
NaN,NaN,NaN,-2
NaN,NaN,NaN,0
NaN,NaN,NaN,0
NaN,NaN,NaN,0
NaN,NaN,NaN,0
NaN,NaN,NaN,-1
121.01,108.01,78,103
121.02,108.02,78,103
121.04,108.04,78,103
121.08,108.08,78,103
121.12,108.12,78,103
121.18,108.18,78,103
121.24,108.24,78,103
121.32,108.32,78,103
121.4,108.4,78,103
121.5,108.5,78,103
121.6,108.6,78,103
NaN,NaN,NaN,-2
NaN,NaN,NaN,0
NaN,NaN,NaN,0
NaN,NaN,NaN,0
NaN,NaN,NaN,0
NaN,NaN,NaN,-1
137.81,148.18,50,18
167.61,208.23,50,19
NaN,NaN,NaN,-2
NaN,NaN,NaN,0
NaN,NaN,NaN,0
NaN,NaN,NaN,0
NaN,NaN,NaN,0
NaN,NaN,NaN,-1
124.01,119.01,78,103
124.02,119.02,78,103
124.04,119.04,78,103
124.08,119.08,78,103
124.12,119.12,78,103
124.18,119.18,78,103
124.24,119.24,78,103
124.32,119.32,78,103
124.4,119.4,78,103
124.5,119.5,78,103
124.6,119.6,78,103
124.72,119.72,78,103
124.84,119.84,78,103
124.98,119.98,78,103
172.03,112.96,11,11
NaN,NaN,NaN,-2
NaN,NaN,NaN,0
NaN,NaN,NaN,0
NaN,NaN,NaN,0
NaN,NaN,NaN,0
NaN,NaN,NaN,-1
115.01,126.01,78,103
115.02,126.02,78,103
115.04,126.04,78,103
115.08,126.08,78,103
115.12,126.12,78,103
115.18,126.18,78,103
115.24,126.24,78,103
115.32,126.32,78,103
115.4,126.4,78,103
115.5,126.5,78,103
115.6,126.6,78,103
115.72,126.72,78,103
115.84,126.84,78,103
115.98,126.98,78,103
116.12,127.12,78,103
116.28,127.28,78,103
116.44,127.44,78,103
116.62,127.62,78,103
116.8,127.8,78,103
117,128,78,103
117.2,128.2,78,103
117.42,128.42,78,103
117.64,128.64,78,103
117.88,128.88,78,103
147.83,164.56,12,11
166.63,188.59,14,15
179.07,202.58,24,21
181.85,211.56,13,16
180.97,213.5,12,13
NaN,NaN,NaN,-2
NaN,NaN,NaN,0
NaN,NaN,NaN,0
NaN,NaN,NaN,0
NaN,NaN,NaN,0
NaN,NaN,NaN,-1
111.01,131.01,76,98
111.02,131.02,76,98
111.04,131.04,76,98
111.08,131.08,76,98
111.12,131.12,76,98
111.18,131.18,76,98
111.24,131.24,76,98
111.32,131.32,76,98
NaN,NaN,NaN,-2
NaN,NaN,NaN,0
NaN,NaN,NaN,0
NaN,NaN,NaN,0
NaN,NaN,NaN,0
NaN,NaN,NaN,-1
87.582,143.16,89,105
64.204,164.18,87,84
45.172,175.9,77,91
45.417,183.61,104,106
48.58,187.81,83,90
50.172,188.22,77,66
49.698,176.62,92,79
47.303,164.49,79,80
47.062,152.62,100,113
47.138,142.57,84,80
45.542,138.1,102,111
43.412,136.53,89,100
42.08,135.72,86,99
41.353,135.41,86,99
41.873,134.25,87,101
45.734,129.85,85,75
48.9,125.81,89,76
51.105,122.9,90,77
52.696,120.38,90,77
53.278,118.66,89,77
53.424,117.47,91,78
53.459,116.53,92,78
53.102,116,90,78
54.921,114.46,90,66
55.705,114.13,90,66
56.088,114.12,88,63
57.763,113.83,88,63
57.089,114.02,90,60
54.489,115.76,89,75
52.114,117.3,88,75
50.676,118.19,88,73
54.913,116.78,74,58
57.993,115.8,73,59
60.885,114.15,72,57
62.337,113.71,71,57
62.245,114.08,71,57
55.271,121.21,57,15
57.21,118.1,70,57
58.822,115.62,70,57
129.34,114.2,41,105
172.95,111.14,49,111
NaN,NaN,NaN,-2
NaN,NaN,NaN,0
NaN,NaN,NaN,0
NaN,NaN,NaN,0
NaN,NaN,NaN,0
NaN,NaN,NaN,-1
99.005,127.01,76,96
99.02,127.02,76,96
99.045,127.04,76,96
99.08,127.08,76,96
99.125,127.12,76,96
99.18,127.18,76,96
99.245,127.24,76,96
NaN,NaN,NaN,-2
NaN,NaN,NaN,0
NaN,NaN,NaN,0
NaN,NaN,NaN,0
NaN,NaN,NaN,0
NaN,NaN,NaN,-1
99.793,131.65,77,80
87.879,152.98,92,73
84.647,172.92,76,67
87.947,179.65,60,68
90.257,185.69,82,92
86.564,188.11,100,86
76.817,192.38,125,82
69.469,197.55,136,98
63.342,197.18,104,77
60.277,196.81,103,73
59.308,196.33,104,71
