NaN,NaN,NaN,-1
129,56.29,39,82
129.01,56.67,39,82
129.09,57.437,39,82
129.04,57.497,39,82
129.14,57.595,39,82
129.17,59.199,39,82
129.21,59.671,39,82
129.03,61.428,39,82
129.04,61.547,39,82
129.01,63.625,39,82
129.04,65.753,39,82
128.95,68.032,39,82
129.11,70.123,39,82
129.17,74.34,39,82
131.34,80.677,39,82
133.4,85.482,39,82
135.72,88.911,39,82
141.09,95.404,39,82
146.98,99.191,39,82
156.5,101.79,39.39,82.82
160.83,105.77,39.39,82.82
168.08,110.13,39.39,82.82
178.56,111.91,39.39,82.82
185.53,114.19,39.39,82.82
193.94,115.01,39.39,82.82
203.39,113.39,39.39,82.82
209.4,112.39,39.39,82.82
215.63,113.8,39.39,82.82
220.85,112.63,39.39,82.82
224.68,112.4,39.39,82.82
226.32,110.92,39.39,82.82
227.04,110.26,39.39,82.82
227.2,109.88,39.39,82.82
224.79,110.21,39.39,82.82
217.32,110.55,39.39,82.82
210.27,113.8,39.39,82.82
199.94,111.51,39.39,82.82
189.18,110.52,39.39,82.82
177.36,110.58,39.39,82.82
168.84,113.55,39.39,82.82
157.39,115.9,38.996,81.992
148.2,116.26,38.996,81.992
142.71,111.81,38.606,81.172
132.67,110.1,38.22,80.36
124.17,116.42,38.22,80.36
114.31,111.94,37.838,79.557
107.04,119.33,38.216,80.352
101.83,120.68,38.598,81.156
94.163,117.59,38.598,81.156
90.413,118.76,38.598,81.156
85.906,120.14,38.598,81.156
82.135,116.96,38.598,81.156
81.439,114.85,38.598,81.156
80.837,111.14,38.598,81.156
79.836,104.71,38.598,81.156
81.366,98.798,38.598,81.156
82.031,88.861,38.598,81.156
84.969,81.702,38.598,81.156
88.874,75.557,38.598,81.156
92.272,68.957,38.598,81.156
95.585,63.551,38.598,81.156
99.683,60.07,38.598,81.156
106.47,56.641,38.598,81.156
112.33,53.863,38.598,81.156
121.58,51.696,38.598,81.156
128.99,51.891,38.598,81.156
138.13,52.13,38.598,81.156
146.1,53.377,38.598,81.156
153.73,56.58,38.212,80.344
162.67,60.08,38.212,80.344
169.86,62.991,38.212,80.344
176.87,64.222,38.212,80.344
185.93,66.492,38.212,80.344
197.4,64.425,38.595,81.148
203.91,67.981,38.595,81.148
210.79,69.082,38.595,81.148
216.77,68.577,38.595,81.148
223.85,68.565,38.595,81.148
226.72,67.615,38.595,81.148
227.41,66.304,38.595,81.148
225.05,64.45,38.595,81.148
217.72,62.622,38.595,81.148
207.57,58.37,38.595,81.148
199.04,56.724,38.595,81.148
187.75,53.641,38.595,81.148
178.34,51.535,38.595,81.148
167.78,49.482,38.595,81.148
159.09,48.504,38.595,81.148
149.15,45.492,38.595,81.148
139.89,45.704,38.595,81.148
126.97,47.121,38.981,81.959
118.15,49.455,38.981,81.959
108.95,51.495,38.981,81.959
97.979,53.251,39.37,82.779
90.063,54.816,39.37,82.779
83.873,59.128,39.37,82.779
77.9,62.366,39.37,82.779
75.077,66.238,39.37,82.779
74.945,71.221,39.37,82.779
75.438,76.019,39.37,82.779
77.367,81.489,39.37,82.779
81.065,88.251,39.37,82.779
84.912,92.004,39.37,82.779
89.663,98.471,39.37,82.779
92.373,103.01,39.37,82.779
95.315,110.23,39.37,82.779
98.43,116.43,39.37,82.779
99.51,118.72,38.977,81.951
103.11,122.94,38.977,81.951
104.03,123.14,38.587,81.131
110.58,123.36,38.201,80.32
116.44,124.4,38.201,80.32
122.96,127.51,38.583,81.123
128.27,123.66,38.583,81.123
136.65,121.03,38.583,81.123
143.62,117.54,38.583,81.123
148.37,113.82,38.583,81.123
157.36,109.99,38.583,81.123
163.69,106.55,38.583,81.123
172.34,105.73,38.583,81.123
177.61,103.59,38.583,81.123
183.17,98.685,38.583,81.123
188.97,95.552,38.583,81.123
194.25,91.6,38.583,81.123
200.46,87.506,38.583,81.123
206.5,85.596,38.583,81.123
210.81,83.535,38.583,81.123
215.78,80.834,38.583,81.123
219.93,78.63,38.583,81.123
224.19,74.563,38.583,81.123
224.54,73.995,38.583,81.123
225.39,70.528,38.583,81.123
224.89,67.525,38.583,81.123
219.82,64.539,38.583,81.123
214.26,61.608,38.583,81.123
208.11,57.539,38.583,81.123
201.13,57.183,38.583,81.123
191.39,53.469,38.583,81.123
181.49,52.605,38.583,81.123
172.64,51.452,38.583,81.123
163.55,49.666,38.583,81.123
155.17,50.327,38.583,81.123
144.61,47.212,38.969,81.934
136.11,46.22,38.969,81.934
126.53,44.576,38.969,81.934
116.5,41.72,38.969,81.934
111.81,42.881,38.969,81.934
105.05,42.373,38.969,81.934
98.256,40.518,38.969,81.934
93.965,41.92,38.969,81.934
91.781,43.142,38.969,81.934
89.91,44.412,38.969,81.934
89.55,45.04,38.969,81.934
90.158,46.36,38.969,81.934
91.677,48.041,38.969,81.934
95.287,51.428,38.969,81.934
98.973,54.729,38.969,81.934
102.96,58.307,38.969,81.934
105.6,62.708,38.969,81.934
107.63,65.741,38.579,81.115
109.79,66.773,38.193,80.304
112.09,70.319,38.193,80.304
112.54,70.37,37.811,79.501
113.12,71.085,37.433,78.706
117.24,73.02,37.433,78.706
119.26,73.031,37.059,77.919
124.77,72.151,37.059,77.919
125.73,71.073,36.688,77.14
132.02,70.453,36.321,76.368
139,70.992,35.958,75.605
145.67,70.137,35.958,75.605
150.91,68.979,35.599,74.849
155.45,69.649,35.243,74.1
160.54,66.118,34.89,73.359
166.31,65.414,34.89,73.359
167.08,65.584,34.541,72.625
170.75,62.294,34.196,71.899
171.51,62.397,33.854,71.18
176.4,65.681,33.854,71.18
180.69,65.999,33.854,71.18
185.57,68.279,33.854,71.18
191.82,68.07,33.854,71.18
196.95,68.141,33.854,71.18
201,67.896,33.854,71.18
204.4,66.812,33.854,71.18
206.67,65.557,33.854,71.18
210.91,62.76,33.854,71.18
214.06,59.273,34.193,71.892
215.07,55.448,34.534,72.611
214.99,52.539,34.88,73.337
218.3,53.769,35.229,74.07
218.36,54.394,34.876,73.33
220.24,60.927,34.528,72.596
225.93,75.439,34.528,72.596
226.41,81.025,34.182,71.87
226.52,87.017,33.84,71.152
226.89,94.207,33.502,70.44
226.66,102.04,33.167,69.736
225.9,104.88,32.835,69.038
221.65,107.95,32.835,69.038
219.1,111.3,32.507,68.348
215.45,111.99,32.182,67.665
208.01,113.92,31.86,66.988
204.04,113.74,31.86,66.988
194.4,109.35,31.542,66.318
186.06,109.46,31.542,66.318
175.36,108.5,31.542,66.318
162.4,108.4,31.542,66.318
152.45,107.82,31.226,65.655
146.15,109.35,31.538,66.311
129.61,109.43,31.854,66.975
119.01,104.69,32.172,67.644
106.33,101.52,32.494,68.321
97.355,104.35,32.494,68.321
87.983,98.128,32.819,69.004
80.511,95.966,33.147,69.694
73.453,93.535,33.479,70.391
66.955,90.515,33.479,70.391
64.333,85.992,33.813,71.095
62.928,82.192,33.813,71.095
63.345,78.439,33.475,70.384
66.561,69.179,33.475,70.384
71.207,60.574,33.475,70.384
80.385,51.303,33.81,71.088
82.683,44.843,33.81,71.088
88.844,35.109,33.81,71.088
94.911,27.703,33.81,71.088
98.548,21.561,33.81,71.088
103.98,14.053,33.81,71.088
106.27,10.405,33.472,70.377
NaN,NaN,NaN,-2
NaN,NaN,NaN,0
NaN,NaN,NaN,0
NaN,NaN,NaN,0
NaN,NaN,NaN,0
NaN,NaN,NaN,-1
144.6,33.636,26.26,53.53
149.7,40.132,26.26,53.53
155.71,46.231,26.26,53.53
161.78,51.233,26.26,53.53
171.56,56.492,26.523,54.065
176.96,60.442,26.523,54.065
187.74,66.501,26.788,54.606
194.78,71.54,26.788,54.606
205.34,76.069,26.788,54.606
213.59,80.51,27.056,55.152
221.85,84.824,27.326,55.704
229.81,89.644,27.6,56.261
235.75,93.435,27.876,56.823
241.94,97.049,28.154,57.391
246.51,100.44,28.436,57.965
252.13,104.64,28.72,58.545
254.65,107.43,28.72,58.545
255.4,110.27,28.72,58.545
255.41,111.23,28.72,58.545
254.5,112.59,28.72,58.545
250.88,112.81,28.72,58.545
243.18,113.83,28.72,58.545
234.99,113.58,28.72,58.545
225,113.76,28.72,58.545
217.13,112.66,28.72,58.545
205.64,113.32,29.007,59.13
197.92,113.98,29.007,59.13
185.32,115.58,29.007,59.13
177.93,116.67,29.007,59.13
167.87,117.5,29.007,59.13
158.19,117.88,29.007,59.13
148.14,118.75,29.007,59.13
137.98,117.7,29.007,59.13
130.02,117.69,29.007,59.13
119.37,116.76,29.007,59.13
111.64,114.5,29.007,59.13
104.34,113.79,29.007,59.13
99.481,112.5,29.007,59.13
91.628,108.05,28.717,58.539
86.667,109.05,28.717,58.539
83.291,106.41,28.43,57.954
79.303,98.968,28.146,57.374
79.043,98.713,28.146,57.374
74.111,92.504,28.146,57.374
70.514,86.643,28.146,57.374
68.986,82.789,28.146,57.374
65.919,75.528,28.146,57.374
64.539,70.645,28.146,57.374
63.641,63.752,28.146,57.374
63.936,58.573,28.146,57.374
63.946,51.754,28.146,57.374
63.821,41.984,27.864,56.8
64.889,38.66,27.864,56.8
64.954,36.13,27.864,56.8
64.666,31.515,27.864,56.8
64.601,30.937,27.864,56.8
64.56,30.715,27.864,56.8
62.362,28.221,27.586,56.232
58.705,36.772,27.862,56.795
56.246,40.145,27.862,56.795
54.703,43.772,27.862,56.795
53.662,47.351,27.862,56.795
52.621,50.412,27.862,56.795
52.474,52.403,27.862,56.795
51.939,55.107,27.862,56.795
53.518,56.531,27.862,56.795
55.799,59.776,27.862,56.795
58.851,64.209,27.862,56.795
62.886,69.178,27.862,56.795
67.476,76.123,27.862,56.795
70.642,83.045,27.862,56.795
75.135,89.355,27.862,56.795
81.876,95.217,27.862,56.795
88.816,101.21,27.862,56.795
95.599,104.46,27.583,56.227
105.29,107.87,27.307,55.665
115.37,108.33,27.034,55.108
128.82,112.76,27.304,55.659
138.91,112.31,27.577,56.216
150.02,110.91,27.853,56.778
161.87,108.07,28.132,57.346
171.53,103.48,28.413,57.919
177.38,97.999,28.129,57.34
185.2,93.435,27.848,56.766
190.46,92.047,27.569,56.199
194.44,91.045,27.293,55.637
198,89.347,27.021,55.08
198.17,87.584,26.75,54.53
198.16,87.511,26.75,54.53
196.94,85.909,26.75,54.53
193.61,82.712,26.75,54.53
188.53,76.711,26.75,54.53
181.26,73.014,27.018,55.075
174.51,70.358,27.288,55.626
169.18,66.577,27.288,55.626
163.59,64.52,27.288,55.626
156.3,62.515,27.288,55.626
150.05,62.895,27.288,55.626
141.83,62.224,27.561,56.182
136.1,65.023,27.561,56.182
129.83,68.999,27.561,56.182
123.83,75.611,27.561,56.182
116.59,80.998,27.561,56.182
112.27,85.178,27.285,55.62
109.63,91.295,27.285,55.62
108.42,93.372,27.012,55.064
111.11,98.021,26.742,54.513
115.69,98.747,26.475,53.968
124.62,99.574,26.21,53.428
133.6,101.26,25.948,52.894
142.56,101.18,25.689,52.365
153.42,100.24,25.432,51.842
163.11,100.5,25.177,51.323
172.27,99.599,24.926,50.81
181.2,100.41,24.676,50.302
189.17,101.49,24.43,49.799
195.64,104.77,24.185,49.301
200.85,107.18,24.185,49.301
204.54,110.34,24.185,49.301
208.76,113.75,24.427,49.794
209.34,117.54,24.183,49.296
209.17,121.29,24.183,49.296
207.75,124.77,24.425,49.789
204.13,127.66,24.669,50.287
192.82,128.47,24.422,49.784
190.73,131.56,24.666,50.282
183.95,133.33,24.913,50.784
177.99,133.3,25.162,51.292
172.15,132.81,25.414,51.805
159.9,130.87,25.668,52.323
151.23,130.2,25.925,52.847
139.42,124.95,26.184,53.375
131.07,121.22,26.446,53.909
120.74,117.51,26.446,53.909
109.45,105.52,26.181,53.37
101.04,105.06,26.443,53.903
93.173,99.083,26.708,54.442
86.085,93.62,26.708,54.442
78.074,84.983,26.975,54.987
69.893,75.225,26.705,54.437
65.465,69.391,26.438,53.893
63.811,65.259,26.173,53.354
64.256,58.164,25.912,52.82
68.162,55.023,26.171,53.348
74.018,51.271,26.433,53.882
78.026,46.879,26.697,54.421
81.612,41.344,26.43,53.876
89.761,38.071,26.694,54.415
93.684,34.054,26.694,54.415
97.566,32.786,26.694,54.415
102.93,32.223,26.961,54.959
106.54,31.008,26.961,54.959
110.27,32.478,27.231,55.509
112.4,33.829,26.958,54.954
118.96,39.035,27.228,55.503
122.91,43.36,27.5,56.058
126.55,47.311,27.5,56.058
130.64,50.762,27.5,56.058
132.97,56.191,27.775,56.619
137.22,60.458,28.053,57.185
138.26,60.605,27.773,56.613
142.09,64.155,27.773,56.613
142.94,64.392,27.495,56.047
146.37,65.73,27.22,55.487
148.32,67.536,26.948,54.932
150.41,68.829,26.678,54.383
152.25,69.434,26.411,53.839
