NaN,NaN,NaN,-1
142,29,18,99
142,29,18,99
141,28,18,99
142,28,18,99
142,28,18,99
142,28,18,99
142,28,18,99
142,29,18,99
142,30,18,99
142,29,18,99
141,29,18,99
141,29,18,99
141,29,18,99
140,28,18,99
140,29,18,99
140,29,18,99
140,29,18,99
139,28,18,99
139,29,18,99
138,29,18,99
138,30,18,99
138,30,18,99
137,31,18,99
137,32,18,99
137,31,18,99
136,31,18,99
136,32,18,99
135,32,18,99
135,33,18,99
135,33,18,99
134,32,18,99
133,32,18,99
133,31,18,99
132,29,18,99
132,28,18,99
134,33,18,99
133,33,18,99
133,34,18,99
133,35,18,99
133,35,18,99
131,34,18,99
131,34,18,99
126,29,18,99
126,25,18,99
125,26,18,99
131,24,18,99
136,20,18,99
137,20,18,99
139,19,18,99
142,20,18,99
144,15,18,99
145,16,18,99
146,15,18,99
146,14,18,99
145,14,18,99
145,12,18,99
145,11,18,99
146,10,18,99
145,11,18,99
146,9,18,99
147,7,18,99
146,6,18,99
146,6,18,99
145,5,18,99
146,5,18,99
146,4,18,99
146,4,18,99
147,4,18,99
147,4,18,99
147,3,18,99
147,5,18,99
147,4,18,99
147,3,18,99
147,5,18,99
146,5,18,99
145,5,18,99
144,6,18,99
144,8,18,99
143,10,18,99
142,11,18,99
142,9,18,99
142,7,18,99
141,6,18,99
141,5,18,99
148,5,18,99
150,0,18,99
149,0,18,99
149,1,18,99
149,3,18,99
149,4,18,99
149,4,18,99
148,2,18,99
148,3,18,99
147,4,18,99
148,6,18,99
146,9,18,99
147,10,18,99
148,11,18,99
147,12,18,99
147,13,18,99
150,13,18,99
152,15,18,99
153,16,18,99
152,18,18,99
151,21,18,99
151,20,18,99
153,23,18,99
146,23,18,99
144,24,18,99
145,26,18,99
144,27,18,99
147,29,18,99
133,44,18,99
135,42,18,99
132,40,18,99
148,32,18,99
149,33,18,99
150,34,18,99
150,34,18,99
150,33,18,99
148,34,18,99
147,35,18,99
145,35,18,99
134,27,18,99
135,29,18,99
132,28,18,99
123,34,18,99
122,34,18,99
110,32,18,99
108,31,18,99
107,31,18,99
106,30,18,99
106,30,18,99
104,28,18,99
NaN,NaN,NaN,-2
NaN,NaN,NaN,0
NaN,NaN,NaN,0
NaN,NaN,NaN,0
NaN,NaN,NaN,0
NaN,NaN,NaN,-1
132,29,34,51
134,29,34,51
134,30,34,51
137,31,34,51
137,32,34,51
132,35,34,51
131,38,34,51
131,38,34,51
132,39,34,51
133,40,34,51
132,40,34,51
130,38,34,51
131,41,34,51
131,41,34,51
131,40,34,51
131,40,34,51
132,41,34,51
134,44,34,51
135,45,34,51
137,46,34,51
137,44,34,51
137,46,34,51
139,48,34,51
140,49,34,51
139,53,34,51
138,53,34,51
138,56,34,51
134,57,34,51
133,58,34,51
130,57,34,51
130,55,34,51
113,66,34,51
113,64,34,51
113,62,34,51
110,57,34,51
111,57,34,51
114,55,34,51
114,54,34,51
112,54,34,51
113,52,34,51
113,50,34,51
111,45,34,51
111,39,34,51
110,35,34,51
NaN,NaN,NaN,-2
NaN,NaN,NaN,0
NaN,NaN,NaN,0
NaN,NaN,NaN,0
NaN,NaN,NaN,0
NaN,NaN,NaN,-1
131,78,47,59
133,83,47,59
134,83,47,59
135,82,47,59
136,83,47,59
137,84,47,59
138,85,47,59
138,84,47,59
139,85,47,59
138,85,47,59
138,85,47,59
137,88,47,59
138,90,47,59
138,92,47,59
137,94,47,59
137,96,47,59
136,96,47,59
136,97,47,59
136,97,47,59
134,98,47,59
132,99,47,59
113,83,47,59
115,81,47,59
116,81,47,59
116,79,47,59
118,75,47,59
99,59,47,59
101,55,47,59
103,54,47,59
104,51,47,59
106,50,47,59
106,48,47,59
108,45,47,59
108,43,47,59
109,42,47,59
107,39,47,59
104,37,47,59
101,35,47,59
103,34,47,59
103,32,47,59
