NaN,NaN,NaN,-1
254,163,52,36
254,163,52,36
253,163,52,36
253,163,52,36
252,163,52,35
252,163,52,35
251,162,52,36
251,162,52,36
250,162,52,35
250,162,52,35
249,162,52,35
249,162,52,35
248,160,51,37
248,160,52,36
247,160,52,36
249,160,50,36
246,158,52,38
248,158,49,38
245,158,51,38
247,158,50,37
247,158,50,37
246,158,49,37
246,156,50,39
246,156,50,40
245,156,50,39
245,156,49,39
245,156,49,40
244,157,50,39
244,157,49,38
244,157,49,36
244,156,48,39
244,152,49,40
243,152,48,40
245,152,45,40
243,152,47,40
244,152,47,40
242,152,47,39
244,152,45,39
244,152,45,39
243,153,45,38
243,152,44,39
243,152,43,38
243,149,44,41
242,149,43,41
242,149,43,41
242,148,43,41
241,148,43,41
241,148,43,41
241,148,43,41
240,148,45,41
240,148,43,40
240,148,43,40
240,148,45,40
240,148,43,40
239,145,43,43
239,145,43,43
239,145,43,43
239,145,43,43
239,145,43,43
239,144,43,43
238,144,43,43
238,144,43,43
238,144,43,43
238,144,43,43
238,144,43,43
238,143,43,42
238,143,43,43
237,143,41,42
237,144,44,42
237,143,42,42
237,144,44,41
237,142,44,42
237,142,44,42
237,142,44,42
237,142,44,42
239,141,42,43
237,141,44,42
239,141,42,42
236,141,45,42
238,141,40,42
238,140,43,42
238,140,43,42
238,140,43,42
238,140,43,42
238,140,43,42
238,139,43,42
236,139,45,43
238,139,43,43
238,139,43,42
238,139,43,42
238,139,43,42
239,139,42,41
238,139,43,41
238,139,43,41
238,137,43,43
238,138,43,42
238,137,43,42
238,138,43,41
238,137,43,42
238,137,43,42
238,137,43,42
238,137,43,42
238,137,43,42
238,137,43,41
238,137,43,41
238,134,43,44
238,134,43,44
238,134,43,44
238,134,43,44
238,134,43,43
238,134,43,43
238,133,43,44
238,133,43,44
238,133,43,44
238,133,43,44
238,133,43,44
238,133,43,44
238,133,43,44
238,133,43,44
238,133,43,44
238,133,43,44
238,133,43,43
238,133,43,43
238,133,43,43
238,133,43,43
238,133,43,43
238,133,43,43
238,133,43,43
238,133,43,43
238,133,43,43
238,133,43,43
238,133,43,43
238,133,43,43
238,133,43,43
238,133,43,43
238,133,43,43
238,133,43,43
238,133,43,43
238,133,43,43
238,133,43,43
238,133,43,43
238,133,43,43
238,133,43,43
238,133,43,43
238,133,43,43
238,133,43,43
238,133,43,43
238,133,43,43
238,133,43,43
238,133,43,43
238,133,43,43
238,133,43,43
238,133,43,43
238,133,43,43
238,133,43,44
238,133,43,43
238,133,43,44
238,133,43,44
238,133,43,44
238,133,43,44
238,133,43,44
238,133,43,44
238,133,43,44
238,133,43,44
238,133,43,44
238,133,43,44
238,133,43,44
238,133,43,44
238,133,43,44
238,133,43,44
238,133,43,44
238,133,43,44
238,133,43,44
238,133,43,44
238,133,43,44
238,133,43,44
238,133,43,45
238,133,43,45
238,133,43,45
238,132,43,46
238,133,43,45
238,133,43,45
238,133,43,45
237,133,44,45
237,133,44,45
236,133,45,45
236,133,45,46
235,133,46,46
235,133,46,46
234,133,47,46
234,133,47,46
235,133,46,46
236,133,45,47
235,133,46,47
234,133,47,47
233,133,48,47
232,133,49,47
232,133,49,47
231,133,50,45
231,133,50,45
231,133,50,45
231,132,50,45
231,132,50,44
231,132,50,45
231,132,50,45
230,133,51,43
230,132,51,44
230,132,51,44
230,132,51,45
230,132,51,45
230,132,51,46
232,132,49,46
232,132,49,44
232,132,49,44
232,132,49,44
232,132,49,44
234,132,47,44
233,133,48,43
232,131,49,45
231,133,50,43
231,131,50,45
231,131,50,45
231,131,50,45
231,131,50,45
231,131,50,46
231,131,50,46
231,131,50,46
231,131,50,46
231,131,50,46
231,131,50,46
231,131,50,45
231,131,50,47
232,131,49,47
231,131,50,47
231,132,50,47
231,132,50,46
231,132,50,46
231,132,50,46
231,132,50,46
232,132,49,46
232,132,49,46
232,132,49,46
232,132,49,46
232,132,49,46
232,132,49,46
232,132,49,46
232,132,49,46
NaN,NaN,NaN,-2
NaN,NaN,NaN,0
NaN,NaN,NaN,0
NaN,NaN,NaN,0
NaN,NaN,NaN,0
NaN,NaN,NaN,-1
156,156,57,24
156,156,58,25
157,156,54,24
156,156,54,24
155,156,54,24
153,156,54,24
151,150,54,30
149,150,54,30
147,150,55,30
146,150,56,30
145,150,57,30
143,150,58,29
143,150,58,29
142,150,56,29
140,150,57,29
139,150,56,29
139,150,57,29
138,150,57,28
136,150,58,28
135,150,58,28
134,150,57,28
133,150,57,28
132,150,56,27
131,151,56,26
130,150,56,27
129,150,56,27
128,150,54,27
127,150,56,26
125,139,54,37
124,147,54,29
123,139,54,38
122,145,54,30
120,139,54,36
119,139,54,37
118,139,53,36
117,137,53,37
115,135,54,39
113,135,54,39
112,134,53,39
111,134,54,39
110,134,52,38
109,134,53,38
108,134,54,38
107,134,55,38
107,133,55,38
106,133,56,38
106,132,56,39
106,133,56,37
106,133,56,37
106,133,56,36
106,132,56,37
106,132,56,37
106,132,56,36
106,132,56,36
106,132,56,36
106,131,56,36
107,131,55,36
107,131,58,35
107,131,58,35
107,131,56,35
107,131,58,35
107,131,58,42
107,131,58,42
107,131,58,42
107,131,58,42
107,131,58,42
107,131,58,42
108,131,57,42
108,131,57,42
110,132,55,41
108,132,57,41
108,132,56,41
107,132,56,41
107,132,57,42
106,132,58,43
NaN,NaN,NaN,-2
NaN,NaN,NaN,0
NaN,NaN,NaN,0
NaN,NaN,NaN,0
NaN,NaN,NaN,0
NaN,NaN,NaN,-1
54,140,36,18
53,140,39,18
53,137,38,20
53,137,36,20
52,137,36,20
51,136,36,20
51,134,36,22
49,134,36,22
48,134,36,21
47,134,37,21
45,134,39,21
45,134,36,21
43,134,38,20
42,134,36,20
41,134,37,20
40,134,36,19
38,134,34,19
37,133,36,20
37,134,35,19
36,134,36,18
34,134,38,18
33,134,33,18
32,130,34,22
31,130,33,21
29,130,34,21
28,130,34,21
27,130,34,20
27,131,34,19
25,129,34,21
23,129,36,20
22,129,38,20
22,129,38,20
21,130,38,19
20,130,38,18
17,129,39,19
16,129,39,19
16,129,38,19
13,126,34,21
12,126,38,21
