NaN,NaN,NaN,-1
260,163,50,40
259,163,51,39
258,163,51,39
258,163,51,39
257,163,51,39
256,162,50,40
255,162,50,39
254,162,50,39
254,162,51,39
253,162,51,39
252,162,50,38
252,162,51,38
251,160,51,40
251,161,51,39
250,160,50,39
250,160,50,39
250,161,50,38
250,160,50,39
249,161,50,38
249,160,50,39
248,158,50,40
248,158,50,40
248,158,49,40
247,159,49,39
247,156,49,42
246,156,49,41
246,156,49,41
247,157,47,40
245,157,49,39
245,157,48,39
245,157,47,39
244,154,48,42
244,153,47,43
243,153,47,43
245,153,45,43
242,153,47,43
244,152,45,44
244,153,45,41
243,153,45,43
243,154,45,42
243,153,44,43
243,153,43,43
243,152,43,44
242,153,45,43
242,152,43,44
241,152,45,44
241,151,45,43
241,152,43,42
241,151,43,41
240,152,43,42
240,151,43,41
240,152,43,39
239,152,43,39
239,152,43,39
239,152,43,39
239,152,43,39
239,148,43,42
238,148,43,42
238,148,43,42
238,148,43,41
240,148,39,41
238,148,41,41
239,148,41,41
237,148,43,40
239,148,41,40
237,148,42,40
237,148,43,40
237,148,41,40
237,148,43,39
236,148,43,39
238,148,41,39
238,148,41,39
238,148,41,39
238,147,40,39
238,147,40,37
238,147,40,39
237,144,41,40
237,147,41,39
237,144,42,39
237,144,41,39
237,144,41,39
237,144,41,39
237,144,41,39
237,142,40,40
237,142,41,40
237,142,41,40
237,142,41,40
237,141,41,40
237,141,40,40
237,141,40,40
237,140,40,40
237,140,40,40
237,140,40,40
237,139,40,41
237,139,40,41
237,139,39,41
237,139,40,40
237,139,44,40
237,139,39,41
237,139,39,41
237,139,39,40
237,139,40,41
237,138,40,40
237,139,41,39
237,139,40,39
238,139,43,40
238,139,43,39
238,138,43,41
238,138,43,40
238,139,43,38
239,139,42,38
239,139,42,38
239,139,42,38
239,139,42,38
239,139,42,38
239,139,42,38
239,139,42,38
239,139,42,38
239,139,42,38
239,139,42,38
239,139,42,38
239,139,42,37
239,139,42,37
239,139,42,37
239,139,42,37
239,139,42,37
239,139,42,37
240,139,41,37
240,139,41,37
240,139,41,37
240,139,41,37
240,139,41,37
240,139,41,37
240,139,41,37
240,139,41,37
240,139,41,37
240,139,41,37
240,139,41,37
240,139,41,37
240,139,41,37
240,139,41,37
240,139,41,37
240,139,41,37
240,139,41,37
240,139,41,37
240,139,41,37
240,139,41,37
240,139,41,37
240,139,41,37
240,139,41,37
240,139,41,37
240,139,41,37
240,139,41,37
240,139,41,37
240,139,41,38
240,139,41,37
240,139,41,38
241,139,40,38
240,139,41,38
241,139,40,38
240,139,41,38
240,139,41,38
240,139,41,38
241,139,40,38
240,139,41,38
241,139,40,38
240,139,41,38
240,139,41,38
240,139,41,38
241,139,40,38
241,139,40,38
241,139,40,38
240,139,41,38
240,139,41,38
240,139,41,38
240,139,41,38
239,139,42,39
239,139,42,39
239,139,42,39
239,139,42,39
238,139,43,39
238,139,43,39
238,139,43,39
237,139,44,39
237,139,44,39
236,139,45,39
236,139,45,40
235,139,46,40
235,139,46,40
235,139,46,40
237,139,44,40
235,139,46,40
236,139,45,41
236,139,45,41
235,139,46,41
236,139,45,41
235,139,46,41
235,138,46,39
236,138,45,39
236,138,45,39
236,138,45,39
236,139,45,38
237,138,44,38
237,139,44,37
236,139,45,37
236,139,45,37
236,139,45,38
236,139,45,38
236,139,45,38
236,139,45,38
238,138,43,38
238,139,43,37
237,139,44,37
238,136,47,40
237,137,48,39
237,139,47,37
238,136,47,40
238,137,47,39
239,136,46,40
238,135,47,41
242,134,43,42
242,134,43,42
242,134,43,42
242,134,43,42
242,134,43,42
239,134,46,42
241,134,46,42
240,134,47,43
240,134,47,42
243,134,44,42
241,134,46,42
242,134,45,43
241,134,46,43
240,134,47,44
240,134,47,44
241,134,46,44
240,133,47,45
241,134,46,44
241,134,46,44
241,134,46,44
241,135,46,41
NaN,NaN,NaN,-2
NaN,NaN,NaN,0
NaN,NaN,NaN,0
NaN,NaN,NaN,0
NaN,NaN,NaN,0
NaN,NaN,NaN,-1
171,156,58,25
171,156,58,25
170,156,58,25
169,156,57,25
168,156,56,25
166,155,56,25
165,155,56,25
163,156,56,25
162,156,56,25
161,156,56,24
160,156,55,24
159,156,55,24
159,154,54,26
158,155,54,25
156,153,54,27
155,155,54,25
154,154,52,26
152,155,53,24
151,152,52,27
149,152,54,27
148,152,54,27
148,154,51,25
145,152,52,27
144,155,52,23
144,152,51,26
141,152,52,26
141,151,51,27
140,152,50,26
139,152,51,25
137,150,50,27
135,148,52,29
135,148,49,29
132,148,50,29
132,148,49,28
129,150,50,26
128,150,50,26
126,148,50,27
124,148,50,27
123,149,50,26
121,148,50,27
120,148,50,26
118,148,50,26
117,148,50,26
116,148,49,26
113,144,50,29
112,147,50,26
111,144,49,30
108,144,51,28
108,144,49,28
107,144,48,28
105,144,49,28
104,144,49,28
101,144,50,27
100,142,50,28
98,142,50,28
97,142,50,28
95,142,50,28
94,142,50,27
94,142,49,27
91,140,52,28
90,140,53,28
88,140,55,28
87,140,56,27
86,140,57,27
84,140,58,28
83,132,56,34
83,132,56,34
80,132,53,33
80,132,53,33
77,132,53,33
76,132,54,32
75,132,55,32
75,131,49,32
72,132,51,31
72,132,49,31
71,130,53,32
69,130,52,33
68,130,53,33
67,130,54,33
65,130,58,31
68,130,56,31
68,130,56,30
69,130,55,30
68,129,56,31
68,129,56,30
68,129,56,30
68,127,56,31
68,127,57,31
68,127,55,30
67,127,56,30
67,127,57,30
67,127,57,30
67,127,57,29
66,127,58,29
66,127,58,29
67,127,57,29
66,127,58,28
67,127,56,28
66,127,58,28
67,127,57,26
67,127,57,26
67,127,55,40
67,127,55,40
66,126,56,41
66,126,56,41
66,127,56,39
65,127,57,40
64,127,58,40
63,127,58,40
63,127,58,40
NaN,NaN,NaN,-2
NaN,NaN,NaN,0
NaN,NaN,NaN,0
NaN,NaN,NaN,0
NaN,NaN,NaN,0
NaN,NaN,NaN,-1
19,129,32,23
19,129,33,23
18,130,33,22
17,129,32,23
16,129,32,23
15,130,32,22
14,129,33,23
13,130,32,21
12,131,31,20
10,126,31,24
