NaN,NaN,NaN,-1
255,163,53,40
255,163,53,40
255,163,53,39
254,161,53,40
254,161,53,40
253,161,53,40
253,160,52,41
252,160,53,41
251,159,53,41
251,159,53,41
250,159,52,40
249,160,52,37
251,160,51,39
250,160,51,39
250,158,51,40
249,158,51,40
249,158,51,40
248,158,51,38
248,158,51,38
248,158,51,38
247,158,51,38
247,158,51,38
247,156,50,40
246,156,50,40
246,156,50,40
245,156,50,40
245,157,50,39
245,157,49,39
244,154,49,42
244,154,49,42
244,152,49,44
243,152,49,44
243,152,49,42
243,152,47,42
242,152,49,42
242,152,47,42
242,152,47,41
243,152,45,41
241,152,47,41
241,152,47,40
242,153,45,39
240,153,47,39
240,149,47,43
242,148,45,43
241,149,45,42
241,148,45,43
239,148,47,43
240,148,44,42
240,148,45,42
240,148,43,41
240,148,45,42
239,148,43,41
239,148,45,41
239,148,43,41
239,148,43,41
239,148,43,41
238,147,43,41
238,148,43,40
238,148,43,40
238,147,43,40
238,147,43,41
238,148,43,38
237,148,43,39
237,148,41,38
237,148,43,39
237,148,42,37
237,148,41,37
237,148,42,37
236,148,42,37
236,147,43,38
236,147,43,38
236,147,43,37
236,147,43,37
236,147,42,37
235,147,43,37
236,148,42,36
235,144,44,39
237,143,41,40
235,148,44,35
237,144,41,39
235,144,43,39
235,144,43,39
235,141,43,41
235,143,43,39
235,143,44,39
235,141,43,41
237,140,41,41
235,140,43,41
237,140,41,41
237,139,41,42
237,139,41,41
237,139,40,41
237,139,40,42
237,139,40,42
237,139,40,41
237,139,39,41
237,139,40,41
237,138,40,41
237,138,40,41
237,135,40,44
237,135,40,44
237,135,40,44
237,137,40,42
237,134,40,44
239,134,38,44
237,134,40,44
237,134,40,44
237,133,40,45
237,133,44,45
237,133,44,44
237,133,44,45
237,133,44,45
238,133,43,45
238,133,43,44
238,133,43,44
238,133,43,44
238,132,43,45
238,132,43,45
238,132,43,45
238,132,43,45
238,132,43,45
238,132,43,44
238,132,43,44
238,132,43,44
238,132,43,44
238,132,43,44
238,132,43,44
238,132,43,44
238,132,43,44
238,132,43,44
238,132,43,44
238,132,43,44
238,132,43,44
238,132,43,44
238,132,43,44
238,132,43,44
238,132,43,44
238,132,43,44
238,132,43,44
238,132,43,44
238,132,43,44
238,132,43,44
238,132,43,44
238,132,43,44
238,132,43,44
238,132,43,44
238,132,43,44
238,132,43,44
238,132,43,44
238,132,43,44
238,132,43,44
238,132,43,44
238,132,43,44
238,132,43,44
238,132,43,45
238,132,43,44
238,132,43,45
238,132,43,45
238,132,43,45
238,132,43,45
238,132,43,45
238,132,43,45
238,132,43,45
238,132,43,45
238,132,43,45
238,132,43,45
238,132,43,45
238,132,43,45
238,132,43,45
238,132,43,45
238,132,43,45
238,132,43,45
238,132,43,45
238,132,43,45
238,132,43,45
238,132,43,45
238,132,43,46
238,132,43,46
238,132,43,46
238,132,43,46
238,132,43,46
238,132,43,46
238,133,43,45
237,133,44,45
237,133,44,45
236,133,45,45
236,133,45,46
235,133,46,46
235,133,46,46
236,133,45,46
234,133,47,46
236,133,45,46
235,133,46,47
234,133,47,47
234,133,47,47
233,133,48,47
232,133,49,47
232,133,49,43
232,133,49,45
232,133,49,43
232,133,49,43
232,132,49,44
232,132,49,45
231,132,50,44
231,132,50,44
231,132,50,44
231,132,51,44
231,132,50,44
231,132,51,45
231,132,51,45
233,132,49,44
233,132,49,44
231,132,52,46
231,132,51,46
231,133,51,45
231,133,51,45
231,133,51,43
231,133,51,45
231,133,51,44
231,133,51,43
231,133,51,43
231,133,51,43
231,133,51,43
231,133,51,44
231,133,51,44
231,133,51,44
231,133,51,44
231,133,51,44
231,133,51,44
231,133,51,44
231,133,51,43
233,133,49,44
231,133,51,45
232,133,50,45
231,133,51,45
231,133,51,45
231,133,53,45
231,133,53,45
231,133,53,45
232,133,53,46
232,133,53,46
232,133,53,45
232,133,53,45
232,133,53,45
232,133,53,45
233,135,52,43
NaN,NaN,NaN,-2
NaN,NaN,NaN,0
NaN,NaN,NaN,0
NaN,NaN,NaN,0
NaN,NaN,NaN,0
NaN,NaN,NaN,-1
158,155,58,35
158,155,58,35
158,156,58,34
157,155,58,35
157,156,58,34
158,156,57,34
157,156,57,34
158,156,56,34
157,155,56,35
157,156,54,34
156,155,54,35
156,154,53,36
154,154,56,36
153,155,53,35
152,154,55,36
153,155,51,35
150,154,54,36
150,152,53,38
149,155,54,35
151,155,52,35
151,156,52,34
152,155,51,35
151,156,52,34
152,152,51,38
151,156,52,34
150,154,53,36
151,154,52,36
149,155,54,35
151,156,52,34
149,152,54,38
149,152,54,38
148,154,55,36
151,153,52,37
150,152,53,38
151,150,52,40
151,150,52,40
153,150,51,40
153,150,51,40
152,150,51,41
151,150,52,40
154,150,49,40
152,150,51,40
154,150,52,40
154,150,54,40
153,150,56,40
151,150,58,40
NaN,NaN,NaN,-2
NaN,NaN,NaN,0
NaN,NaN,NaN,0
NaN,NaN,NaN,0
NaN,NaN,NaN,0
NaN,NaN,NaN,-1
93,143,42,27
92,142,41,27
91,143,41,26
90,143,41,25
89,142,41,26
88,142,44,26
86,144,41,24
84,142,41,26
83,143,41,25
82,143,41,25
80,142,41,24
79,143,41,23
77,142,44,24
76,139,44,27
75,142,44,24
74,142,44,24
72,141,44,24
71,142,44,23
70,140,44,25
69,140,42,25
67,136,43,27
65,136,43,28
64,136,43,28
62,130,43,34
61,134,43,29
59,134,43,29
57,136,43,26
56,136,43,26
55,136,43,25
53,137,43,24
52,136,43,25
50,132,43,29
49,134,43,27
47,134,43,27
46,134,43,26
45,134,43,26
43,134,43,26
42,127,43,32
41,134,43,25
39,134,44,27
38,134,43,25
37,134,42,25
35,133,43,25
34,133,43,25
33,134,42,24
32,134,43,25
30,133,43,24
29,133,43,24
28,134,44,23
27,133,44,24
26,133,42,24
25,134,43,23
24,130,41,26
22,130,41,26
21,129,41,28
20,129,41,28
19,129,42,28
18,129,43,27
16,129,43,27
15,129,44,27
14,129,44,27
13,129,44,26
12,129,44,26
11,129,44,26
9,129,42,25
8,126,43,28
7,121,44,32
6,125,41,28
6,125,41,28
