NaN,NaN,NaN,-1
257,155,56,44
257,154,56,45
257,153,56,47
258,151,55,48
259,150,54,49
259,150,54,49
260,149,53,49
260,149,53,49
260,148,53,49
260,148,53,49
260,148,53,49
260,148,53,49
260,148,53,49
260,147,53,49
260,148,53,48
260,148,53,48
260,148,53,48
260,147,53,49
260,148,53,48
260,148,53,48
260,148,53,48
260,148,53,48
260,146,53,49
260,146,53,49
260,146,53,49
261,145,52,49
261,145,52,49
261,145,52,49
261,144,52,49
261,144,52,49
261,144,52,49
261,144,52,49
261,143,52,49
261,143,52,49
261,143,52,49
261,143,52,49
261,143,52,49
261,142,52,49
261,142,52,49
261,142,52,49
261,142,52,49
261,142,52,49
261,141,52,49
261,141,52,49
261,141,52,49
261,141,52,49
261,141,52,49
261,140,52,50
261,140,52,50
261,140,52,50
261,140,52,50
261,140,52,50
261,140,52,50
261,140,52,50
261,140,52,50
261,139,52,51
261,139,52,51
261,139,52,51
261,139,52,51
261,139,52,51
261,139,52,51
261,139,52,51
261,138,52,52
261,138,52,52
261,138,52,52
262,138,51,52
262,138,51,52
262,138,51,52
262,138,51,52
262,138,51,52
262,138,51,52
262,138,51,52
262,137,51,53
262,137,51,53
262,137,51,53
262,137,51,53
262,137,51,53
262,137,51,53
262,137,51,53
262,137,51,53
263,136,50,54
263,136,50,54
263,136,50,54
263,136,50,54
263,136,50,54
263,136,50,54
263,136,50,54
263,136,50,54
263,136,50,54
263,136,50,54
263,136,50,54
263,136,50,54
263,136,50,54
263,135,50,55
263,135,50,55
263,135,50,55
263,135,50,55
263,135,50,55
263,135,50,55
263,135,50,55
263,135,50,55
263,135,50,55
263,135,50,55
263,135,50,55
264,134,49,56
263,134,50,56
264,134,49,56
264,134,49,56
264,134,49,56
264,134,49,56
264,134,49,56
264,134,49,56
264,134,49,56
264,134,49,56
264,133,49,56
264,134,49,56
264,133,49,56
264,133,49,56
264,133,49,56
264,133,49,56
264,133,49,56
264,133,49,56
264,133,49,56
264,133,49,56
264,133,49,56
264,133,49,56
264,133,49,56
264,133,49,56
264,133,49,56
264,133,49,56
264,133,49,56
264,133,49,56
264,133,49,56
264,133,49,56
264,133,49,56
264,133,49,56
264,133,49,56
264,133,49,56
264,133,49,56
264,133,49,56
264,133,49,56
264,133,49,56
264,133,49,56
264,133,49,56
264,133,49,56
264,133,49,56
264,133,49,56
264,133,49,56
264,133,49,56
264,133,49,56
264,133,49,56
264,133,49,56
264,133,49,56
264,133,49,56
264,133,49,56
264,133,49,56
264,133,49,56
264,133,49,56
264,133,49,56
264,132,49,56
264,132,49,56
264,132,49,56
264,132,49,56
264,132,49,56
264,132,49,56
264,132,49,56
264,132,49,56
264,132,49,56
264,132,49,56
264,132,49,56
264,132,49,56
264,132,49,56
264,132,49,56
264,132,49,56
264,132,49,56
264,132,49,56
264,132,49,56
264,132,49,56
264,132,49,56
264,132,49,56
264,132,49,56
264,132,49,56
264,132,49,56
264,132,49,56
264,132,49,56
264,132,49,56
264,131,49,56
264,131,49,56
264,131,49,56
264,131,49,56
264,131,49,56
264,131,49,56
264,131,49,56
264,131,49,56
264,131,49,56
264,131,49,56
264,131,49,56
264,131,49,56
264,131,49,56
264,131,49,56
264,131,49,56
264,131,49,56
264,131,49,56
264,131,49,56
264,131,49,56
264,131,49,56
264,131,49,56
264,131,49,56
264,131,49,56
264,131,49,56
NaN,NaN,NaN,-2
NaN,NaN,NaN,0
NaN,NaN,NaN,0
NaN,NaN,NaN,0
NaN,NaN,NaN,0
NaN,NaN,NaN,-1
212,144,50,39
212,142,50,41
212,142,49,41
211,142,50,41
210,142,50,41
210,142,50,41
209,142,50,41
208,142,50,41
207,142,50,41
206,142,50,42
206,142,50,42
205,142,50,42
204,142,50,42
204,142,49,42
203,142,49,42
203,142,48,42
203,142,48,41
202,142,48,41
203,142,47,41
203,142,47,41
203,140,46,42
203,140,46,42
200,139,49,42
203,139,46,42
202,139,46,42
202,139,46,41
202,139,46,41
200,139,48,41
201,137,47,43
201,137,46,43
202,135,45,45
201,135,45,45
201,137,46,43
200,135,46,45
201,134,45,47
200,134,47,47
200,134,45,48
200,133,46,47
200,133,46,48
200,133,43,47
200,133,45,47
200,132,46,48
200,132,46,48
198,132,48,48
200,132,46,48
199,131,47,49
200,131,44,48
198,131,46,48
198,131,47,48
198,130,47,48
197,130,48,48
195,130,49,48
NaN,NaN,NaN,-2
NaN,NaN,NaN,0
NaN,NaN,NaN,0
NaN,NaN,NaN,0
NaN,NaN,NaN,0
NaN,NaN,NaN,-1
135,150,55,28
134,150,54,27
133,150,53,27
132,139,53,38
130,139,54,38
129,137,53,40
128,137,53,39
126,137,53,39
124,137,53,39
123,136,53,40
122,137,53,38
121,137,53,38
119,134,55,41
118,134,56,42
117,133,51,42
116,134,53,40
115,133,53,41
114,133,53,40
112,133,53,40
112,134,53,38
112,132,53,40
112,132,53,40
112,132,53,39
112,133,53,38
111,133,54,38
111,133,54,38
111,133,54,37
111,133,54,37
111,133,54,36
111,133,55,36
111,133,55,36
110,132,55,36
110,132,55,36
110,132,55,36
110,132,55,35
110,132,55,35
110,132,55,35
110,131,55,35
110,131,55,35
110,131,55,34
110,131,55,34
110,133,55,41
110,131,55,43
110,133,55,33
112,131,53,33
110,133,56,41
110,132,55,42
111,132,54,41
110,132,55,45
109,132,56,45
109,131,55,46
109,131,54,45
NaN,NaN,NaN,-2
NaN,NaN,NaN,0
NaN,NaN,NaN,0
NaN,NaN,NaN,0
NaN,NaN,NaN,0
NaN,NaN,NaN,-1
60,140,39,19
60,139,39,19
59,139,39,19
58,139,39,18
57,137,38,20
56,137,37,20
54,130,41,27
53,130,41,28
51,136,37,22
50,134,37,24
49,134,37,23
48,134,37,23
46,134,38,23
45,134,39,22
43,134,37,22
42,134,37,22
41,134,37,21
40,132,37,23
38,134,37,21
37,134,37,21
36,134,37,20
35,131,37,23
33,133,39,21
32,134,40,20
31,133,37,25
30,130,37,28
29,130,35,27
27,130,37,27
26,130,35,27
25,130,37,27
24,130,37,26
23,124,38,32
21,130,39,26
20,123,40,33
19,123,40,32
18,123,41,32
16,123,41,31
16,121,41,33
14,121,37,33
12,121,39,33
11,121,40,33
