NaN,NaN,NaN,-1
205,115,33,103
202,114,36,102
200,113,39,102
199,111,40,102
199,111,40,101
200,110,37,100
201,109,35,100
203,108,32,100
204,107,31,100
206,106,30,100
209,105,29,100
212,105,31,99
213,106,32,99
212,107,34,99
210,107,36,99
210,107,36,99
209,105,36,99
207,104,37,101
206,103,38,103
206,101,37,104
207,100,37,105
208,99,37,106
209,98,36,107
209,98,37,107
210,98,40,107
210,98,41,106
210,97,42,106
210,97,41,106
210,96,40,105
211,94,40,106
212,93,38,106
213,93,38,105
215,94,36,104
215,94,39,104
215,94,39,103
215,95,42,102
215,95,43,101
215,94,45,101
215,94,46,101
215,95,46,101
215,98,44,101
215,100,42,101
217,103,40,101
218,105,39,100
216,106,43,101
214,106,48,103
213,107,52,104
211,107,57,104
208,108,60,104
204,107,62,104
200,106,61,103
197,105,58,103
193,103,54,103
192,101,48,102
190,99,50,106
188,97,50,107
187,97,51,108
187,99,55,109
187,101,58,109
188,101,61,109
189,103,63,110
190,105,64,109
192,106,63,109
193,105,62,109
191,105,60,109
190,104,58,109
192,104,54,108
193,104,55,108
195,103,60,109
201,102,64,110
202,102,62,109
205,99,66,109
204,97,68,109
200,96,70,109
200,95,70,111
193,93,81,116
192,93,85,120
186,91,86,123
184,88,87,126
182,82,90,129
181,74,94,132
183,67,98,134
185,63,101,137
184,60,104,141
184,58,107,145
184,56,109,148
185,56,109,150
185,58,107,152
185,64,104,154
184,70,104,158
182,75,110,162
181,79,115,165
181,80,120,167
181,83,125,168
182,86,130,169
183,88,137,173
182,90,144,176
180,95,148,179
178,99,150,180
177,101,150,182
176,103,151,184
175,105,152,186
175,105,153,187
175,106,153,188
174,105,154,189
174,105,155,189
174,104,157,190
174,101,160,191
175,98,162,192
175,96,163,193
174,94,165,194
174,92,166,195
173,90,169,197
173,89,171,198
174,88,174,199
174,88,178,201
175,88,180,202
175,88,184,203
175,89,187,204
175,89,190,205
175,90,193,207
175,90,195,208
176,90,197,209
177,91,198,210
179,91,201,212
180,91,204,214
181,91,209,216
182,90,216,219
183,91,218,220
184,91,223,221
186,91,226,223
187,91,231,225
187,91,237,227
188,90,243,229
188,89,250,231
188,89,253,231
190,89,258,233
192,87,262,234
194,87,266,235
195,85,271,236
195,84,277,237
196,82,281,238
196,80,287,239
196,79,291,238
196,77,297,239
195,76,300,239
194,74,305,241
194,74,309,242
194,73,312,244
193,71,316,246
192,69,321,248
192,67,329,250
193,65,336,254
193,63,341,255
193,62,344,255
193,61,350,257
193,59,355,260
192,56,366,265
192,56,370,266
192,54,376,268
193,52,386,272
194,50,392,276
195,49,398,277
195,49,400,279
197,48,404,281
200,47,406,283
201,47,408,284
201,45,417,286
200,44,422,289
199,42,432,298
198,41,440,305
198,40,444,308
199,40,445,309
199,40,446,311
201,40,446,311
201,39,450,316
201,38,452,319
201,37,457,325
201,35,463,329
201,33,468,336
200,31,477,343
199,30,481,347
199,29,488,352
198,28,493,356
198,27,499,360
197,26,504,366
198,26,508,371
197,25,514,378
197,25,518,383
199,25,520,386
200,25,525,393
201,25,528,398
201,25,533,403
201,24,537,407
200,23,542,411
200,22,544,416
201,22,544,417
200,20,548,426
201,20,548,430
201,20,546,431
203,21,546,432
204,21,548,434
205,22,548,436
207,23,549,436
207,23,550,442
208,22,554,448
208,22,557,451
209,21,560,454
211,23,558,458
212,23,559,461
215,26,560,463
218,30,559,466
221,35,558,466
225,39,558,467
228,42,559,467
NaN,NaN,NaN,-2
NaN,NaN,NaN,0
NaN,NaN,NaN,0
NaN,NaN,NaN,0
NaN,NaN,NaN,0
NaN,NaN,NaN,-1
203,132,31,94
202,132,33,95
202,132,35,96
202,132,35,97
201,131,39,98
200,130,42,99
199,130,45,100
197,129,49,102
194,129,55,105
191,127,61,107
188,126,67,111
185,124,72,113
184,124,74,114
182,123,77,115
180,123,81,117
178,122,85,118
176,122,90,120
175,121,95,122
174,120,100,125
172,119,106,128
171,117,111,132
171,116,116,136
172,115,121,138
177,116,121,139
180,115,125,141
185,115,125,142
190,116,125,142
189,115,130,143
189,114,134,145
189,113,137,147
189,110,141,149
189,107,145,152
189,105,148,153
189,102,152,156
191,101,152,156
194,100,152,156
196,100,152,157
198,100,152,157
200,100,152,157
202,100,152,157
204,100,152,157
206,101,152,157
208,101,153,157
209,102,153,158
211,104,153,158
213,105,153,158
215,106,153,158
217,107,153,158
219,108,153,158
221,108,153,158
223,109,153,158
225,109,153,158
NaN,NaN,NaN,-2
NaN,NaN,NaN,0
NaN,NaN,NaN,0
NaN,NaN,NaN,0
NaN,NaN,NaN,0
NaN,NaN,NaN,-1
184,117,34,92
182,115,38,94
180,114,41,96
178,112,44,96
175,110,47,97
173,108,50,97
172,105,53,97
170,103,57,98
168,102,60,99
164,101,64,101
163,100,65,102
161,97,69,104
160,93,73,107
159,89,77,109
158,87,80,111
157,85,83,112
156,83,87,114
154,82,90,115
153,82,91,116
152,80,94,117
150,79,98,119
149,78,100,121
148,77,101,121
147,76,104,124
146,74,108,126
145,74,110,127
145,73,112,128
144,73,114,129
143,73,116,130
143,74,118,132
143,76,119,132
143,78,119,132
144,79,120,133
143,78,124,135
143,77,127,138
143,76,129,140
143,75,132,142
143,74,134,144
145,74,135,145
146,74,136,146
147,74,137,147
148,74,138,147
149,74,139,148
151,74,140,149
152,75,141,150
155,75,141,151
157,76,142,151
159,76,143,152
162,77,144,153
NaN,NaN,NaN,-2
NaN,NaN,NaN,0
NaN,NaN,NaN,0
NaN,NaN,NaN,0
NaN,NaN,NaN,0
NaN,NaN,NaN,-1
142,108,29,82
144,109,29,83
146,110,30,84
151,108,31,87
150,111,33,85
157,109,36,87
157,109,37,88
157,108,39,89
157,108,38,89
156,108,39,90
153,108,39,91
149,108,38,91
146,108,38,92
142,108,39,93
139,108,42,95
135,107,45,98
133,106,49,101
130,105,53,103
130,104,54,105
129,104,56,106
129,103,59,108
129,103,62,108
128,104,64,108
128,104,66,108
126,104,67,108
124,104,68,108
121,102,72,110
120,98,76,114
119,93,81,117
117,91,86,119
117,90,90,121
119,89,95,123
126,90,98,124
129,90,102,125
130,92,105,126
132,96,109,127
133,99,112,128
132,102,116,129
132,105,120,131
132,107,125,133
131,109,129,136
130,110,133,139
132,110,136,140
132,111,138,142
132,112,140,143
131,112,142,144
130,112,144,145
128,113,148,147
127,112,149,148
126,110,153,150
125,106,158,153
124,100,163,156
123,94,167,160
123,88,172,163
124,83,176,166
126,77,180,168
129,71,183,169
132,67,186,171
135,64,189,172
136,63,192,173
137,63,196,175
137,63,199,177
137,64,202,178
136,66,205,180
134,70,207,181
131,76,209,182
129,80,210,183
127,84,211,183
125,88,211,183
122,92,212,184
121,96,213,184
119,98,214,185
118,99,216,186
118,99,220,187
119,98,224,189
120,97,227,191
122,95,230,193
125,93,233,194
127,91,237,196
127,89,239,198
129,86,241,198
132,82,243,200
134,80,245,201
135,79,248,202
137,76,250,203
138,73,253,205
139,71,255,205
140,70,257,206
142,68,259,207
143,68,260,208
144,68,261,208
144,68,262,209
143,68,263,209
143,69,264,209
143,69,265,210
142,69,266,211
142,69,268,211
140,69,268,212
140,70,269,212
140,70,269,212
139,70,270,212
140,70,270,213
141,70,271,213
142,69,272,214
144,68,273,215
146,65,273,215
148,62,274,215
150,60,275,216
152,60,275,216
154,60,275,216
157,60,276,216
158,59,277,217
159,59,277,218
160,59,278,218
161,60,279,218
163,63,278,217
164,69,279,217
166,74,280,218
168,77,280,218
169,81,281,219
170,83,282,220
172,84,284,220
173,85,285,221
175,87,285,221
176,89,285,221
178,91,285,222
179,93,284,223
180,95,284,223
179,99,284,224
178,102,284,225
178,104,284,225
178,106,283,226
178,109,283,227
179,110,283,227
179,113,282,229
180,115,282,230
181,116,282,231
182,118,281,231
NaN,NaN,NaN,-2
NaN,NaN,NaN,0
NaN,NaN,NaN,0
NaN,NaN,NaN,0
NaN,NaN,NaN,0
NaN,NaN,NaN,-1
148,117,34,87
148,115,34,87
148,113,34,87
147,111,34,88
147,110,34,88
148,107,34,88
148,104,34,89
148,103,34,89
150,100,34,89
153,98,34,89
156,96,35,89
157,94,35,88
158,92,35,88
158,90,36,89
158,89,36,90
158,88,37,91
158,88,37,91
157,87,37,92
157,87,39,93
156,87,39,94
156,87,41,95
157,87,41,95
157,87,42,95
158,86,42,95
158,86,43,96
158,85,43,97
157,84,45,98
157,82,45,100
156,81,46,102
154,79,48,104
153,79,50,105
150,78,51,106
147,79,53,106
145,79,54,107
142,79,54,107
140,79,55,108
138,80,56,109
135,80,56,109
131,79,57,111
128,77,59,113
125,76,61,115
122,74,63,117
121,73,64,118
120,73,66,119
119,73,67,120
118,73,67,121
117,73,67,121
116,73,68,122
115,72,70,123
113,72,72,124
113,72,72,125
113,72,72,126
113,73,72,126
114,75,72,125
115,80,72,125
118,85,72,124
121,91,72,124
124,96,72,123
130,103,60,113
137,107,58,111
140,109,58,111
140,110,57,110
141,109,57,110
139,106,58,111
137,102,59,111
136,98,60,114
136,94,62,115
135,89,64,116
135,84,65,117
135,83,66,116
134,81,66,116
132,79,67,116
132,78,69,116
131,77,69,117
127,74,72,122
118,71,76,128
110,66,82,137
102,59,91,151
93,49,103,168
83,38,116,188
78,23,130,212
84,7,139,231
106,0,140,236
133,-5,138,234
133,-4,142,233
136,2,143,225
128,4,143,225
124,8,142,224
144,15,134,218
162,16,126,213
165,19,120,210
164,24,114,207
163,28,110,205
159,37,104,199
154,38,116,215
162,44,113,213
163,51,112,211
161,50,115,215
160,49,117,219
156,48,122,224
149,54,122,224
145,56,122,224
142,58,122,224
138,59,123,223
134,57,123,223
137,54,123,222
141,52,122,221
141,52,123,222
146,49,122,221
153,49,121,219
156,49,120,219
157,51,117,217
158,54,116,215
158,60,115,214
155,66,114,214
153,68,114,214
155,72,112,213
153,75,109,213
