NaN,NaN,NaN,-1
205,116,32,102
202,114,35,103
200,113,38,102
200,111,40,102
199,111,39,101
200,110,37,101
201,109,35,100
203,108,32,100
205,107,31,100
206,106,30,101
209,105,28,100
212,105,30,99
213,106,31,99
212,107,33,99
211,107,34,99
210,107,35,99
209,106,35,99
207,104,36,101
206,103,37,103
207,101,36,104
208,100,36,105
208,99,36,106
209,98,36,107
210,98,36,107
210,98,39,107
210,98,40,106
210,97,41,106
210,97,40,106
211,96,39,105
211,94,39,106
213,93,37,106
214,93,37,105
215,94,36,104
215,94,39,105
216,94,39,103
215,95,42,102
215,94,43,102
215,94,45,101
215,93,46,102
215,94,46,101
215,98,45,101
216,100,42,101
217,103,40,101
218,105,38,100
217,106,42,101
215,106,47,103
214,107,52,103
211,107,56,104
208,108,60,104
204,107,61,103
200,107,60,103
197,105,57,102
193,103,54,103
192,101,48,102
190,98,49,106
188,97,49,107
187,97,51,108
187,99,55,109
187,101,57,109
188,101,60,109
189,103,63,109
190,105,63,109
192,106,63,108
193,105,62,108
191,105,60,109
190,104,58,109
192,104,55,108
193,104,55,108
195,103,60,109
201,102,64,110
202,102,62,108
205,99,66,109
204,97,68,109
200,97,70,109
200,95,70,110
193,93,81,116
193,93,83,118
187,92,85,122
184,88,86,125
182,82,89,128
182,74,93,130
184,68,97,133
185,63,100,136
185,61,103,140
184,58,106,143
185,57,108,147
186,57,107,148
186,59,105,150
186,64,101,152
185,70,104,156
183,74,108,162
182,78,114,165
182,79,118,167
182,82,123,169
183,85,128,170
185,88,133,172
183,90,140,175
181,95,145,178
179,99,147,180
178,101,146,181
177,102,148,183
177,104,149,185
177,105,149,187
177,105,149,187
176,105,150,188
175,104,152,189
175,103,153,190
176,100,156,191
176,97,158,192
176,95,159,193
176,93,160,193
176,91,161,194
175,90,165,196
175,89,166,197
175,88,167,198
175,88,171,200
176,88,172,200
177,89,175,201
177,89,176,202
177,89,182,204
177,89,187,206
177,90,188,207
178,90,190,208
179,91,192,210
181,91,193,210
181,91,195,212
182,91,201,214
184,90,206,216
185,90,212,218
187,91,216,220
189,91,221,222
190,91,223,222
191,91,229,224
191,90,235,227
192,89,241,229
192,90,245,229
192,88,252,231
193,87,258,233
194,85,263,235
196,84,268,237
196,82,274,238
197,80,279,240
197,78,284,239
198,77,287,239
198,76,291,239
197,75,298,240
196,73,304,242
195,72,307,244
195,71,311,245
194,68,319,249
193,66,326,251
194,64,333,255
194,63,338,256
193,60,347,260
193,59,352,261
193,57,362,264
193,56,365,266
191,52,378,272
190,49,392,276
190,47,399,280
192,46,407,284
192,44,412,285
193,42,420,290
193,42,423,291
193,40,427,294
194,39,432,296
195,38,437,299
197,37,441,302
196,36,447,306
194,34,460,311
193,34,462,313
194,33,466,317
195,34,465,317
196,34,467,318
196,33,469,320
198,33,469,321
198,33,471,324
199,32,473,327
199,31,475,331
198,28,482,336
198,26,491,341
197,24,499,347
196,24,504,350
196,23,506,356
196,23,508,359
196,23,511,362
197,24,510,360
197,24,512,367
197,24,517,372
196,24,520,373
197,24,527,376
197,23,532,386
197,23,532,392
197,23,534,396
197,22,538,399
197,22,538,399
197,20,542,407
198,20,541,408
199,19,543,417
199,18,550,419
201,19,551,420
202,20,550,419
204,20,551,421
205,21,552,423
205,21,552,429
205,20,557,434
205,19,559,438
205,19,562,443
205,19,565,446
208,22,565,447
208,22,568,454
208,23,568,458
208,23,566,457
210,26,563,454
209,27,565,464
209,28,570,467
210,30,574,470
209,29,583,474
210,29,585,474
210,29,589,477
211,29,589,483
211,29,589,488
214,30,589,488
217,30,589,489
218,30,589,487
219,30,590,486
220,30,589,486
223,30,589,486
225,31,589,486
227,32,589,487
NaN,NaN,NaN,-2
NaN,NaN,NaN,0
NaN,NaN,NaN,0
NaN,NaN,NaN,0
NaN,NaN,NaN,0
NaN,NaN,NaN,-1
192,133,31,94
190,132,34,96
190,133,34,96
191,132,35,97
191,132,36,99
191,131,35,100
192,132,35,101
193,130,36,104
195,130,37,106
198,129,39,109
200,129,40,110
202,129,41,112
204,128,42,113
204,127,44,114
204,126,45,115
204,124,46,117
204,121,48,119
203,119,50,121
203,116,52,124
202,114,54,125
202,112,56,128
201,110,58,130
200,109,61,132
199,108,63,133
199,108,66,134
198,107,68,135
198,107,69,137
196,106,72,139
193,106,75,141
191,106,78,143
190,106,81,146
188,106,84,148
188,106,87,149
187,106,90,151
186,105,93,152
186,105,96,153
187,105,96,153
188,105,96,153
188,106,96,154
188,106,96,154
189,105,96,154
190,105,96,154
191,105,96,155
191,105,96,155
193,105,96,155
194,105,96,155
195,104,96,155
195,102,96,155
197,100,96,155
199,98,96,155
201,97,96,155
203,97,95,155
NaN,NaN,NaN,-2
NaN,NaN,NaN,0
NaN,NaN,NaN,0
NaN,NaN,NaN,0
NaN,NaN,NaN,0
NaN,NaN,NaN,-1
169,100,31,94
167,98,34,96
165,97,38,97
162,97,42,99
160,95,45,100
157,94,49,102
154,93,53,104
151,91,57,106
149,90,61,109
147,89,65,111
146,88,69,113
145,87,71,114
143,87,75,116
142,88,78,117
140,89,81,118
138,90,84,119
136,91,88,121
132,91,93,123
130,91,98,126
129,89,102,129
128,88,106,132
126,86,111,135
125,85,115,138
124,84,119,140
122,83,122,142
121,83,125,144
120,83,129,146
118,82,133,148
117,81,137,150
115,80,142,153
114,80,146,155
113,79,151,157
112,79,155,160
113,79,158,162
114,79,160,164
117,80,161,164
119,82,164,166
121,84,166,167
123,86,169,169
125,90,173,171
125,92,177,174
127,93,182,177
129,93,187,180
134,92,191,183
143,90,195,185
151,89,200,188
153,88,202,191
154,87,206,193
154,86,210,195
155,86,212,197
155,86,213,199
154,86,215,200
152,86,217,202
151,87,218,204
151,87,220,205
150,87,222,207
151,88,223,209
152,88,225,210
152,88,226,211
154,88,228,213
157,88,230,215
160,88,231,216
162,88,233,218
165,89,234,220
167,89,235,221
169,89,236,222
170,89,237,223
NaN,NaN,NaN,-2
NaN,NaN,NaN,0
NaN,NaN,NaN,0
NaN,NaN,NaN,0
NaN,NaN,NaN,0
NaN,NaN,NaN,-1
153,91,34,96
154,94,36,96
156,98,38,95
158,103,39,93
157,107,41,93
156,109,44,95
156,111,48,97
154,113,51,100
153,114,55,102
153,114,59,105
152,115,62,106
150,115,65,107
148,116,68,108
147,117,71,109
143,118,75,110
139,117,79,112
137,115,83,113
136,111,88,116
134,105,92,120
133,98,96,123
132,92,101,127
132,87,105,130
133,80,109,132
135,75,113,134
138,71,116,136
140,68,120,138
140,66,124,140
139,66,128,142
139,66,132,144
138,66,136,147
136,68,140,149
132,71,143,151
129,76,146,153
126,80,147,154
123,84,148,155
120,88,149,155
118,92,150,156
115,95,152,157
113,96,154,158
111,97,158,160
109,97,162,162
109,96,166,165
109,94,170,167
110,91,174,170
112,89,177,173
113,86,181,175
113,83,183,177
114,81,186,178
117,77,188,180
118,74,190,181
119,73,193,182
120,70,196,184
120,66,198,186
120,64,201,188
121,62,203,189
123,61,205,190
124,60,206,191
124,60,207,191
124,61,208,192
124,60,209,192
124,61,209,193
123,61,210,193
123,61,212,194
122,61,213,194
121,62,213,195
120,62,214,195
120,61,214,196
120,62,214,196
120,61,215,197
120,61,217,198
121,60,218,199
122,58,220,200
123,55,221,201
124,52,223,202
125,50,224,203
126,48,225,204
128,48,227,204
130,48,228,205
133,48,229,206
136,48,230,206
141,49,231,206
147,51,232,207
150,54,233,207
150,60,234,207
153,65,235,208
154,68,236,208
154,72,237,209
155,74,239,210
155,74,242,211
156,75,244,213
156,75,245,214
156,77,246,215
158,78,247,216
159,80,247,217
159,82,248,218
158,85,248,219
157,88,248,220
157,90,248,220
157,92,248,221
156,94,248,222
157,96,247,222
158,98,247,224
159,100,246,225
160,102,246,226
162,103,246,226
164,104,246,227
166,105,245,227
167,106,245,228
169,106,245,228
171,106,244,229
173,107,244,229
174,107,244,230
176,106,243,230
179,105,243,231
180,105,243,231
182,104,243,231
184,103,243,232
NaN,NaN,NaN,-2
NaN,NaN,NaN,0
NaN,NaN,NaN,0
NaN,NaN,NaN,0
NaN,NaN,NaN,0
NaN,NaN,NaN,-1
157,98,34,83
158,97,34,83
158,96,34,84
158,95,35,85
158,94,36,86
157,94,37,87
156,93,38,88
156,93,39,89
155,93,41,90
156,93,42,90
156,93,43,90
157,93,43,90
157,93,44,91
157,91,45,92
156,90,46,93
156,89,46,95
155,87,48,97
153,86,50,100
151,85,53,101
148,85,55,103
145,85,56,103
143,85,57,103
140,86,58,104
138,86,59,104
136,86,60,105
133,86,60,106
129,85,62,107
126,84,64,109
122,82,66,111
119,81,69,113
118,80,70,114
117,80,72,115
116,79,73,116
115,79,74,117
114,80,74,117
113,80,75,117
112,79,77,118
110,79,78,120
110,79,80,121
109,79,80,122
109,79,81,123
109,81,83,125
111,86,82,123
114,91,81,122
118,97,81,121
121,102,81,120
125,108,73,114
133,112,71,113
135,113,71,113
135,114,70,112
136,114,71,112
134,111,72,113
132,106,74,115
131,102,76,118
131,98,78,120
130,93,80,120
130,88,81,121
130,87,81,120
129,85,82,119
128,84,82,118
127,83,83,118
127,82,84,119
122,80,88,123
113,77,93,130
104,72,101,140
96,65,112,153
86,57,127,171
75,46,143,192
70,32,161,217
78,18,161,230
99,11,167,236
125,5,168,236
126,4,168,238
132,7,160,231
124,9,160,230
120,14,159,229
141,22,148,222
160,24,136,215
162,28,130,211
161,33,126,208
160,37,122,205
157,46,116,200
162,62,112,196
163,63,111,196
165,71,109,193
160,88,106,185
153,107,100,174
151,107,103,175
142,113,106,175
138,114,106,175
135,115,108,174
129,116,110,175
126,115,111,174
128,111,112,173
132,109,111,172
134,104,111,171
139,101,110,170
146,101,107,167
151,104,102,164
151,106,101,162
152,109,99,158
152,115,97,154
148,121,97,153
146,123,97,153
147,127,95,151
144,130,93,149
