NaN,NaN,NaN,-1
169.58,79.772,50.841,48.6
168.03,77.687,52.488,49.985
166.38,79.648,54.103,47.106
167.17,80.641,52.186,44.886
165.21,78.333,54.652,48.1
165.18,80.638,55.467,44.968
166.06,79.185,53.369,45.784
165.03,78.243,54.108,47.358
165.74,78.18,53.172,46.902
166.14,75.878,49.938,50.194
165.8,74.828,46.86,51.265
156.93,73.437,51.493,46.918
152.88,74.823,48.994,46.82
149.05,74.443,53.774,46.962
148.77,72.048,48.313,47.588
143.02,70.871,49.283,49.036
139.58,70.261,49.435,47.097
135.67,68.673,51.172,48.945
130.21,62.915,50.482,53.631
127.53,63.281,44.985,52.976
123.72,64.34,47.341,49.041
120.34,60.767,46.93,51.989
113.67,59.656,48.454,53.026
111.46,56.406,45.871,54.822
106.57,56.972,43.732,52.246
105.39,58.269,42.819,54.319
99.765,58.778,39.732,51.827
96.312,59.668,37.631,49.098
92.559,59.482,37.768,52.515
90.806,58.014,38.194,54.232
87.797,63.983,39.75,46.275
85.898,66.344,35.093,44.571
84.046,70.334,35.581,40.556
85.261,71.072,34.023,44.861
86,72.116,30.811,40.042
83.281,68.473,34.11,41.78
84.366,73.16,33.165,40.164
86.504,76.257,31.745,36.455
85.962,78.686,32.776,33.235
86.536,80.357,34.342,34.151
87.284,83.782,32.905,32.188
87.748,84.963,32.481,33.267
88.18,89.796,33.861,36.016
88.422,94.756,33.086,31.279
89.138,97.093,35.103,30.744
90.207,101.02,41.372,31.935
93.684,101.9,42.253,34.189
96.937,102.39,37.612,32.692
99.989,106.34,33.912,30.929
111.41,111.13,35.509,29.624
112.12,111.5,40.257,24.632
114.36,114.08,44.983,23.185
120.81,113.64,44.381,24
121.71,111.75,47.561,27.216
125.61,109.35,51.301,28.751
131.21,109.08,51.439,31.031
136.55,107.11,50.971,32.092
141.01,108.46,50.595,30.152
145.91,108.79,49.996,28.842
151.63,109.59,47.837,28.088
156.77,103.95,51.376,28.266
167.77,106.3,45.385,26.501
170.89,105.74,44.01,27.848
172.56,105.36,50.781,31.486
173.86,106.78,53.821,27.632
180.6,106.98,51.997,30.006
181.01,108.32,53.559,33.614
190.84,110.94,48.923,36.586
197.72,108.61,42.311,43.784
200.32,109.48,44.401,44.815
203.71,112.33,45.756,46.87
203.86,115.19,48.098,45.929
203.75,116.7,53.047,47.527
205.28,115.69,54.098,49.408
207.91,121.3,52.496,45.912
210.19,123.64,53.095,51.106
214.49,126.44,46.957,48.112
214.49,127.39,47.152,50.021
214.07,129.25,46.289,48.386
215.14,133.07,46.037,52.492
215.23,136.33,45.09,47.416
211.91,137.25,49.348,49.503
210.74,141.32,46.576,46.294
203.39,143.36,49.074,45.259
200.79,144.49,54.615,44.969
200.11,145.46,51.912,44.343
195.18,146.28,53.791,45.613
196.18,145.6,48.745,45.01
192.06,147.83,51.761,41.375
187.21,147.96,54.032,41.855
182.35,146.83,54.758,45.287
180.79,145.19,54.973,43.742
178.25,146.18,56.301,40.381
178.71,141.13,53.755,43.366
179.45,136.99,53.389,41.635
179.06,133.22,55.246,39.683
181.9,129.15,51.603,42.67
177.23,122.15,54.259,47.172
177.55,118.91,53.22,46.814
176.81,115.62,56.877,43.007
176.5,108.65,53.477,47.348
179.39,104.31,49.584,49.676
179.1,100.34,51.643,46.822
173.88,97.385,56.183,46.527
178.91,92.581,52.479,46.186
178.16,90.312,52.125,47.028
178.84,89.317,48.885,46.609
178.73,85.878,49.331,50.134
174.82,87.189,47.007,47.071
170.57,88.238,55.182,47.301
170.62,89.38,56.378,47.267
168.89,93.539,54.936,43.416
168.3,92.849,52.321,43.656
164.87,95.475,57.504,39.315
168.5,95.84,55.252,42.394
169.05,95.019,54.93,40.013
169.04,96.007,55.207,40.739
170.78,97.465,54.259,40.061
172.8,97.327,46.835,39.655
171.8,99.496,47.772,36.958
170.83,97.568,48.833,37.842
175.6,98.191,46.955,38.028
177.5,98.922,45.925,37.186
177.11,98.717,45.114,37.513
178.36,99.949,47.492,35.341
177.45,100.13,46.574,34.184
176.03,96.111,49.715,35.077
174.54,94.94,51.896,36.589
177.38,89.93,48.389,40.122
176.13,87.56,50.322,36.403
165.12,91.625,61.183,35.347
163.85,85.288,65.215,37.279
164.52,84.536,63.466,38.546
163.29,79.39,65.116,40.356
163.51,75.129,64.189,42.157
163.77,58.925,64.309,42.958
163.85,61.121,66.413,43.41
165.26,62.97,58.83,43.126
164.17,80.098,58.585,41.366
166.27,77.122,57.937,38.344
160.96,67.991,67.35,37.817
159.84,67.615,72.248,40.859
158.3,76.863,74.328,40.586
161.69,81.159,73.904,41.06
159.47,86.649,75.462,41.803
NaN,NaN,NaN,-2
NaN,NaN,NaN,0
NaN,NaN,NaN,0
NaN,NaN,NaN,0
NaN,NaN,NaN,0
NaN,NaN,NaN,-1
188.39,34.775,27.811,52.356
184.5,38.712,25.783,49.114
181.35,39.898,26.65,49.932
177.8,42.319,25.908,51.212
176.47,43.428,25.985,55.755
175.91,45.006,25.28,56.88
175.46,46.761,26.36,58.763
175.56,47.342,26.336,63.88
177.77,47.63,24.933,69.26
176.69,47.774,26.306,75.876
182.96,45.208,25.995,82.104
184.42,52.857,21.103,79.965
185.45,64.128,22.059,69.598
185.65,65.822,22.399,68.406
187.69,78.666,19.995,61.001
191.88,82.838,19.953,53.444
194.86,84.298,21.173,52.705
199.77,88.057,21.803,52.725
203.88,88.986,22.014,53.626
204.78,88.568,21.614,52.819
203.62,88.03,21.941,54.049
198.5,87.232,23.704,50.302
194.8,89.232,23.618,45.761
186.97,89.348,27.907,46.039
193.77,89.52,27.896,49.942
178.25,85.703,27.501,49.562
171.09,86.716,25.336,47.264
164.85,83.299,25.488,45.849
NaN,NaN,NaN,-2
NaN,NaN,NaN,0
NaN,NaN,NaN,0
NaN,NaN,NaN,0
NaN,NaN,NaN,0
NaN,NaN,NaN,-1
79.681,73.023,53.104,47.094
71.21,73.659,56.639,46.975
66.068,74.164,55.522,44.961
61.86,73.223,53.041,44.625
57.03,71.847,51.505,46.249
50.77,72.661,51.511,46.56
43.889,72.456,53.118,48.736
37.703,75.15,55.487,47.81
34.856,78.136,53.353,47.47
32.377,84.698,53.59,44.975
29.754,88.214,57.973,45.002
31.634,89.391,55.34,47.002
35.984,90.054,54.169,48.38
38.389,94.462,54.32,46.1
42.901,95.259,53.028,49.207
47.377,102.13,51.348,46.97
50.99,109.19,51.736,42.161
52.92,111.88,51.843,45.674
56.784,118.14,51.57,45.683
56.727,123.2,51.794,44.631
61.274,130.82,53.228,42.563
69.9,136.98,45.907,42.123
69.399,139.95,48.236,39.244
71.416,146.89,50.471,41.141
76.047,149.89,51.096,39.834
77.942,151.84,52.1,41.544
80.326,154.02,52.348,40.295
81.689,154.62,54.722,41.891
86.767,156.49,55.319,40.471
92.251,155.97,51.894,44.172
94.179,154.94,53.09,42.27
96.19,156.07,55.313,43.71
102.67,162.82,55.089,38.081
101.52,169.94,60.542,35.835
101.16,169.63,62.309,34.554
103.08,162.53,55.968,37.645
109.47,160.99,55.879,35.497
109.07,161.83,50.981,34.077
93.19,156.71,47.729,34.259
NaN,NaN,NaN,-2
NaN,NaN,NaN,0
NaN,NaN,NaN,0
NaN,NaN,NaN,0
NaN,NaN,NaN,0
NaN,NaN,NaN,-1
165.75,174.87,49.504,42.128
168.88,170.95,48.764,43.14
170.71,169.13,49.819,42.396
171.94,165.21,50.055,44.345
171.82,162.63,51.6,41.558
172.79,159.51,53.176,42.253
174.35,157.22,53.048,43.372
177.08,154.51,52.573,44.223
180.11,152.04,51.857,44.375
180.79,149.36,52.421,45.381
180,147.48,54.879,43.514
180.87,146.55,53.496,43.345
181.94,143.7,51.861,46.529
181.94,142.62,53.327,45.222
181.29,139.83,53.682,45.247
182.81,136.94,51.927,48.336
181.25,135.49,52.642,44.501
182.09,130.64,51.746,47.86
179.42,126.97,53.519,47.148
176.19,124.72,57.47,44.429
177.12,116.92,54.602,47.54
175.98,112.23,55.597,46.342
176.02,109.1,55.073,48.104
176.28,105.59,51.692,47.44
169.45,101.61,56.961,46.487
169.3,98.177,55.928,49.912
171.76,99.526,50.963,48.059
171.4,98.497,49.98,45.859
173,100.05,47.73,45.116
170.1,99.589,50.423,45.795
168.55,96.427,52.676,47.145
167.67,96.466,51.55,47.426
160.83,93.858,60.47,47.128
