NaN,NaN,NaN,-1
134,112,78,105
135,110,80,102
134,111,80,102
135,106,78,103
135,109,80,104
135,107,80,104
134,106,80,105
135,105,80,104
135,104,80,101
133,108,77,104
131,109,80,104
131,106,80,102
129,100,78,104
128,106,78,102
126,106,76,103
125,109,78,105
122,109,79,105
118,108,76,103
115,107,78,101
113,104,80,101
113,103,80,102
110,102,77,101
110,97,77,102
109,100,77,103
108,100,77,101
107,93,77,102
104,93,76,101
109,89,78,103
110,87,77,101
108,86,77,101
110,86,77,101
107,80,79,101
111,79,77,101
109,81,77,101
109,79,77,101
111,79,79,101
111,78,76,101
112,79,76,101
114,79,77,101
114,80,77,101
116,78,76,101
115,79,77,101
117,80,77,101
119,79,76,101
121,79,77,101
123,78,78,101
125,78,77,101
127,78,77,101
128,80,77,101
130,80,79,101
133,80,78,102
136,83,78,101
139,83,76,101
140,84,77,101
139,86,78,101
141,84,78,101
140,83,80,102
142,87,79,103
143,92,79,103
143,95,78,102
145,98,79,103
147,100,80,105
147,104,79,102
148,106,76,102
148,108,80,105
149,108,79,103
150,104,78,103
151,105,78,101
151,105,77,101
150,106,77,101
152,104,78,101
152,101,78,101
155,100,77,101
155,101,76,101
152,105,79,103
150,108,78,103
151,103,78,101
150,105,77,101
149,100,77,103
149,100,78,101
147,103,78,101
150,95,78,103
149,91,79,101
154,93,76,101
155,98,76,103
155,102,76,103
158,103,77,105
156,105,77,103
156,108,77,102
152,105,76,104
151,111,77,104
148,101,77,103
150,104,77,104
148,106,77,105
146,108,77,105
144,111,76,104
144,114,79,104
145,119,77,101
143,120,78,102
146,123,76,102
146,125,79,101
148,125,79,101
147,122,80,101
145,117,78,101
145,115,76,101
147,119,77,103
146,120,77,101
148,123,77,103
146,122,78,101
148,125,76,103
148,127,76,104
146,120,77,101
145,114,76,101
146,117,77,101
146,121,77,101
146,122,77,102
143,122,77,103
146,127,77,104
145,128,77,104
146,127,77,104
147,129,76,104
146,126,77,102
143,123,76,102
141,118,79,101
143,116,76,101
144,119,76,101
143,125,77,104
144,124,77,102
144,127,77,105
145,126,77,105
144,126,76,104
146,125,76,104
144,122,77,101
143,123,77,101
144,121,78,101
144,120,78,101
142,123,80,102
140,124,80,104
143,118,80,101
142,117,80,103
137,116,78,102
136,116,79,103
137,118,80,104
128,113,79,104
129,118,80,101
124,117,77,104
124,119,80,103
122,116,80,103
120,115,80,103
121,115,80,104
120,109,76,103
120,110,80,105
118,108,80,103
119,114,78,104
120,116,80,101
118,118,80,103
118,118,80,101
119,113,78,102
117,115,80,102
115,117,79,105
118,121,76,104
117,123,79,104
119,122,80,104
120,127,78,104
118,123,80,104
117,118,80,104
117,118,80,101
117,117,79,101
114,111,77,101
112,105,77,101
112,103,76,105
112,103,76,105
111,106,77,104
112,104,77,104
111,103,77,103
111,101,76,102
111,105,77,105
110,106,76,102
108,109,77,103
109,110,77,101
106,114,76,104
109,110,76,101
109,109,77,102
108,110,77,102
108,111,76,101
107,113,77,101
108,112,77,102
106,115,76,102
105,118,77,103
105,119,77,101
104,119,77,102
106,124,76,102
104,124,77,102
107,120,77,101
107,118,77,102
106,117,76,102
108,117,77,102
106,120,77,101
109,119,77,102
108,123,77,104
108,122,77,104
107,125,76,104
107,123,77,105
105,127,76,105
106,126,77,105
107,123,77,102
106,117,77,104
105,120,76,102
104,124,77,105
103,123,76,104
103,121,77,101
103,125,76,102
102,127,76,105
105,125,77,101
102,129,77,105
103,128,77,104
102,131,77,101
103,127,77,102
103,126,77,102
101,121,79,101
105,120,77,101
105,120,77,104
104,123,77,102
107,120,77,101
105,121,77,101
106,117,76,101
107,113,77,101
107,109,76,102
110,107,76,102
105,103,79,101
108,98,77,103
110,93,79,104
113,93,80,101
115,93,80,101
115,93,77,104
121,90,77,101
120,91,80,102
121,94,78,103
123,92,80,102
122,91,80,103
122,91,80,102
120,93,78,104
122,91,78,101
120,91,80,102
121,92,80,102
122,95,80,104
124,99,80,104
124,102,80,105
126,105,77,104
125,106,80,105
126,108,78,104
128,105,80,103
127,107,80,103
125,105,80,104
126,108,80,104
126,103,80,102
126,105,80,104
125,106,80,105
125,112,78,105
127,109,77,101
125,114,78,102
124,118,77,104
124,112,80,104
126,120,78,104
125,116,79,101
126,114,79,101
126,113,80,102
126,111,80,104
125,111,80,104
124,115,79,105
124,114,80,104
127,113,80,101
123,107,80,101
120,102,78,102
123,103,79,101
123,101,78,101
124,100,77,101
124,99,79,101
124,98,77,101
123,100,79,101
122,97,78,101
123,98,78,101
122,98,79,101
121,99,77,101
122,98,79,101
123,99,78,101
121,98,78,101
118,94,78,101
117,96,76,101
119,96,76,101
120,95,77,101
120,96,77,101
118,94,77,101
118,96,77,101
116,98,79,101
114,95,77,101
115,95,77,101
115,95,76,101
115,99,77,101
114,99,79,101
112,98,79,101
111,101,77,101
113,99,77,101
113,100,77,101
111,100,79,101
111,98,79,101
115,99,77,101
114,100,77,101
113,98,77,101
115,100,77,101
115,100,79,101
116,98,77,101
112,99,76,101
115,102,76,101
116,101,77,101
115,101,80,101
116,102,78,101
116,103,80,101
116,105,80,102
114,107,80,102
112,110,78,104
112,110,80,104
113,114,79,102
112,117,78,103
112,117,80,104
112,121,80,104
111,119,80,103
112,121,80,105
110,113,78,101
109,109,78,103
109,108,78,104
108,115,77,103
111,109,80,102
107,104,80,103
108,114,78,103
104,111,80,103
103,114,80,104
104,113,80,101
103,114,80,101
102,118,78,104
102,119,80,104
100,109,80,102
97,104,77,103
97,105,77,101
93,105,78,103
92,105,76,101
91,106,80,102
91,108,79,101
90,102,77,102
90,100,78,103
89,106,80,102
92,109,80,102
97,113,80,102
100,113,77,101
101,116,77,104
101,118,76,103
104,120,76,102
104,122,77,104
104,125,76,104
104,129,77,105
104,128,77,105
103,131,77,104
100,123,76,103
100,123,76,102
101,119,77,102
102,121,76,104
104,127,77,104
105,128,77,103
107,129,76,104
109,130,76,104
107,133,76,104
106,124,76,105
107,124,77,103
112,125,76,103
112,126,77,101
113,124,76,101
114,127,77,104
113,125,77,103
115,124,77,104
116,123,76,105
116,123,76,104
116,128,77,104
118,131,77,104
120,131,77,105
120,135,77,104
122,137,77,105
122,139,76,104
122,137,77,104
122,136,77,104
117,128,78,104
122,139,77,104
122,138,76,104
123,139,76,104
124,139,77,105
117,125,78,104
120,124,79,103
117,118,78,101
122,119,80,102
122,127,78,104
122,129,80,104
123,119,80,104
125,121,78,103
129,122,77,102
129,120,77,103
120,109,80,104
118,110,80,105
121,107,80,103
119,107,80,103
114,105,79,103
117,110,80,102
121,115,80,101
121,118,80,103
110,110,78,104
110,112,79,103
