NaN,NaN,NaN,-1
125,110,84,105
126,108,86,102
126,111,86,103
127,105,85,103
127,108,86,105
126,106,86,104
125,103,84,105
124,103,86,103
124,99,86,103
124,104,82,104
122,107,84,104
121,107,86,104
121,102,84,104
121,105,83,104
119,108,83,102
116,107,84,104
116,111,83,104
110,105,83,103
108,107,84,101
106,105,85,101
105,104,86,102
100,102,86,102
102,101,83,103
102,103,82,101
101,100,82,101
101,98,82,101
97,94,82,101
102,91,84,103
101,90,83,101
100,89,83,101
99,86,84,101
99,83,85,101
103,81,83,101
103,80,83,101
104,81,84,101
105,80,85,101
106,80,84,101
106,79,84,101
105,79,84,101
107,80,85,101
110,78,82,101
112,78,82,101
112,79,83,101
113,79,83,101
115,79,85,101
118,78,84,101
122,77,84,101
124,78,85,101
123,81,84,101
127,80,86,101
126,82,83,101
130,83,84,101
134,82,82,101
134,82,86,101
135,86,85,101
136,85,86,103
135,84,86,102
136,87,85,101
136,91,83,102
137,94,82,103
139,96,84,105
139,99,86,105
139,103,85,102
141,105,82,102
140,105,86,104
141,100,82,105
142,105,86,102
144,107,84,101
145,104,83,101
144,107,83,101
145,104,85,101
145,103,83,101
145,101,84,101
146,101,84,102
144,105,83,103
141,107,84,104
140,105,86,103
144,105,82,101
142,104,85,101
141,104,85,101
140,104,84,101
142,96,84,103
141,92,85,101
146,93,82,101
151,99,84,104
151,102,82,103
154,102,83,102
152,106,83,103
151,108,82,101
147,104,83,104
146,106,83,104
143,104,83,103
143,108,84,103
140,111,83,105
138,112,83,103
137,115,86,103
137,118,86,103
139,120,86,101
137,121,86,103
138,118,86,101
141,127,85,101
143,125,86,104
145,122,86,101
142,118,86,103
142,113,84,102
142,122,84,101
146,120,83,101
143,125,86,103
143,124,86,104
144,127,86,102
147,127,83,105
141,117,84,101
140,115,85,101
144,123,84,101
145,125,82,104
144,126,84,103
142,128,82,104
141,131,85,104
142,130,82,104
144,129,82,104
144,132,82,104
147,130,83,102
140,124,86,103
138,121,86,101
138,118,86,101
143,119,84,103
142,126,85,103
143,124,85,101
144,127,83,105
144,126,83,104
146,124,83,103
144,127,83,104
143,122,86,101
143,122,86,101
143,121,84,101
143,121,86,102
142,122,86,102
143,123,86,104
146,116,85,101
146,116,84,101
140,117,84,104
138,116,84,103
138,119,86,104
124,109,83,101
119,109,83,105
116,110,82,103
113,109,84,104
111,109,86,104
112,107,83,105
112,112,85,104
113,108,83,101
113,107,84,102
110,110,86,104
112,116,82,105
111,115,84,101
110,118,83,103
110,118,83,102
111,113,84,102
109,110,82,102
108,119,82,102
108,119,82,104
109,122,83,104
109,117,85,105
110,123,83,104
109,118,86,104
109,115,86,104
109,115,84,104
110,114,85,101
109,109,83,101
108,105,82,103
108,105,82,103
106,107,83,104
106,108,83,104
107,107,83,104
106,105,83,104
106,104,82,102
106,107,83,103
104,107,82,104
102,110,83,103
103,111,82,101
100,115,82,104
103,113,83,101
104,111,82,101
101,112,83,102
101,114,82,101
103,112,82,102
102,112,83,102
100,115,82,102
100,117,83,102
99,119,83,101
99,119,82,101
100,122,82,102
99,123,83,102
99,124,83,102
99,122,83,101
99,117,83,102
99,121,83,101
100,121,83,101
102,120,82,103
102,123,83,104
102,122,83,104
101,125,82,104
101,122,83,105
100,126,82,105
98,119,82,104
99,121,82,104
98,122,82,104
98,121,82,102
98,124,83,103
97,123,82,104
97,122,83,101
96,126,83,104
96,126,82,105
97,124,83,103
96,129,83,105
97,128,83,104
96,129,83,104
97,128,83,102
97,127,83,102
95,124,83,101
97,122,82,103
99,121,83,104
99,124,83,101
99,122,83,103
99,120,82,102
101,118,82,101
102,115,83,101
101,111,82,102
102,109,83,101
100,105,82,101
101,99,86,102
103,95,85,104
106,95,86,101
107,93,85,103
108,96,83,101
110,92,84,101
110,91,86,102
112,92,86,102
114,91,86,105
114,89,84,103
113,88,86,105
114,93,83,102
115,90,83,101
114,89,82,102
114,90,83,101
117,94,83,104
116,99,84,103
116,99,84,103
118,102,83,105
117,105,82,105
117,108,84,104
118,104,86,104
118,102,86,105
118,104,86,104
117,99,85,104
118,97,86,103
117,101,83,105
116,102,86,105
116,106,83,104
118,106,82,103
117,111,83,104
116,113,82,103
116,111,86,104
118,118,84,104
117,115,83,101
117,111,85,103
118,111,82,101
118,107,85,101
116,111,83,102
117,113,85,105
116,112,84,105
117,108,84,103
115,104,86,102
116,102,83,101
117,102,85,101
116,100,84,101
116,100,85,101
117,99,84,101
116,100,84,101
116,101,85,101
115,97,86,102
115,98,84,101
115,98,85,101
115,99,84,101
113,98,86,102
113,100,83,101
111,98,84,101
109,95,84,101
110,97,84,101
112,96,84,101
112,97,84,101
111,96,84,101
110,96,84,101
111,97,83,101
109,99,85,101
108,95,86,101
109,95,83,101
109,97,82,101
109,100,83,101
107,98,83,101
105,100,84,101
105,101,83,101
107,99,83,101
107,99,83,101
108,100,85,101
105,99,85,101
107,100,83,101
106,99,85,101
107,99,83,101
107,99,83,101
107,100,82,101
108,101,86,101
105,99,82,101
108,102,82,101
109,101,83,101
109,103,85,101
110,101,85,101
109,103,86,101
107,106,84,103
108,110,83,102
105,111,84,104
104,110,86,104
105,115,85,102
105,118,85,104
102,120,85,105
103,116,86,103
104,114,86,103
104,117,86,101
103,110,85,103
103,108,84,103
101,107,85,105
102,115,82,104
99,106,86,102
100,104,84,104
99,111,86,103
96,109,86,103
96,111,86,104
97,114,84,103
96,114,84,105
94,117,83,104
94,120,86,104
93,109,85,102
91,107,83,103
89,105,84,103
86,106,83,103
85,105,83,102
85,106,84,101
82,107,82,101
82,101,83,102
83,99,82,103
82,103,83,101
85,107,86,102
87,103,86,102
92,106,84,103
97,111,83,104
98,113,82,102
100,115,82,102
103,119,82,103
102,122,83,105
102,127,83,105
103,129,83,105
101,133,83,104
96,126,86,105
98,124,86,103
94,115,84,102
100,123,83,104
101,128,83,104
104,130,83,102
104,131,82,104
105,134,84,105
104,137,82,104
103,128,85,104
105,127,82,105
110,126,82,103
110,124,83,101
110,125,83,101
110,129,83,102
106,123,86,103
108,124,86,103
112,124,84,105
111,131,84,105
112,134,83,104
113,136,84,105
117,135,83,104
117,139,83,104
118,141,83,105
119,140,83,104
119,139,83,104
119,135,83,104
114,129,84,104
120,140,82,104
119,140,82,104
120,142,83,104
119,143,83,104
118,144,83,104
116,137,84,105
117,133,85,104
120,135,84,104
120,142,85,103
117,143,84,103
117,141,86,105
122,133,86,105
126,132,83,104
129,131,83,105
128,128,84,105
122,123,86,101
112,111,86,101
107,102,83,101
104,104,83,103
102,107,84,104
102,102,85,105
102,109,84,104
101,111,84,104
102,107,84,104
