NaN,NaN,NaN,-1
252.18,61.372,82,174
252.39,57.532,82,174
252.39,57.532,82,174
251.95,58.321,82,174
251.24,57.803,82.82,175.74
250.3,56.554,83.648,177.5
249.32,55.542,84.485,179.27
246.98,56.12,84.485,179.27
244.06,57.163,84.485,179.27
241.17,59.07,85.33,181.07
240.57,58.795,85.33,181.07
240.33,59.19,85.33,181.07
239.58,59.11,85.33,181.07
234.07,60.063,86.183,182.88
228.42,54.629,86.183,182.88
225.18,53.694,86.183,182.88
224.88,53.064,85.321,181.05
225.28,51.463,84.468,179.24
225.77,51.786,83.623,177.44
226.18,52.575,82.787,175.67
203.37,57.471,83.615,177.43
201.5,57.144,83.615,177.43
202.38,57.626,83.615,177.43
202.78,58.371,83.615,177.43
207.06,60.383,83.615,177.43
216.46,60.811,83.615,177.43
218.3,62.484,83.615,177.43
221.5,61.666,82.779,175.65
228.31,61.876,81.951,173.9
221.64,74.454,81.951,173.9
215.65,78.491,81.951,173.9
210.34,82.088,81.951,173.9
207.89,84.138,81.951,173.9
207.49,82.333,82.77,175.63
207.07,81.422,83.598,177.39
206.58,78.508,84.434,179.16
206.14,77.585,85.278,180.96
197.69,76.021,85.278,180.96
195.5,72.105,86.131,182.77
194.8,70.871,86.992,184.59
194.08,69.857,87.862,186.44
NaN,NaN,NaN,-2
NaN,NaN,NaN,0
NaN,NaN,NaN,0
NaN,NaN,NaN,0
NaN,NaN,NaN,0
NaN,NaN,NaN,-1
220.19,52.813,112,181
220.31,52.728,112,181
220.61,52.901,112,181
221.97,53.862,110.88,179.19
227.65,49.578,110.88,179.19
231.53,47.61,110.88,179.19
233.71,47.743,110.88,179.19
234.57,47.614,110.88,179.19
237.47,44.745,110.88,179.19
237.37,44.532,110.88,179.19
234.58,42.794,110.88,179.19
227.1,35.511,109.77,177.4
221.49,42.166,109.77,177.4
220.52,43.631,109.77,177.4
220.96,45.591,109.77,177.4
221.08,46.014,109.77,177.4
221.34,52.818,110.87,179.17
221.17,52.144,110.87,179.17
221.34,51.97,110.87,179.17
221.43,51.838,110.87,179.17
221.48,51.632,110.87,179.17
221.46,51.562,110.87,179.17
221.44,51.529,110.87,179.17
221.4,51.514,110.87,179.17
221.39,51.506,110.87,179.17
223.33,55.725,111.98,180.96
223.21,77.5,113.1,182.77
NaN,NaN,NaN,-2
NaN,NaN,NaN,0
NaN,NaN,NaN,0
NaN,NaN,NaN,0
NaN,NaN,NaN,0
NaN,NaN,NaN,-1
242.16,87.081,103,144
241.72,78.687,103,144
241.61,77.92,103,144
241.6,75.882,103,144
241.37,75.037,103,144
238.38,73.621,103,144
236.15,73.572,103,144
235.97,74.618,101.97,142.56
229.45,73.761,102.99,143.99
227.08,74.153,102.99,143.99
225.03,73.717,102.99,143.99
224.29,73.589,102.99,143.99
224.04,74.96,101.96,142.55
223.93,76.083,100.94,141.12
223.71,77.463,99.931,139.71
219.63,75.695,99.931,139.71
209.53,88.006,98.931,138.31
201.36,80.542,98.931,138.31
198,83.884,97.942,136.93
198.01,84.969,96.963,135.56
197.53,78.106,97.932,136.92
198.05,78.429,97.932,136.92
198.11,78.473,97.932,136.92
198.11,78.498,97.932,136.92
198.17,78.771,97.932,136.92
198.45,80.089,96.953,135.55
198.68,81.315,95.984,134.19
198.74,81.435,95.984,134.19
198.76,81.487,95.984,134.19
200.8,88.4,95.984,134.19
202.72,98.332,96.943,135.53
203.75,102.59,97.913,136.89
203.81,104.42,98.892,138.26
204.48,109.7,99.881,139.64
204.02,109.53,100.88,141.04
203.51,108.84,101.89,142.45
203.01,109.69,102.91,143.87
202.5,108.97,103.94,145.31
202.01,108.91,104.98,146.76
207.52,117.35,104.98,146.76
NaN,NaN,NaN,-2
NaN,NaN,NaN,0
NaN,NaN,NaN,0
NaN,NaN,NaN,0
NaN,NaN,NaN,0
NaN,NaN,NaN,-1
243.02,61.317,63,186
243.19,61.434,63,186
243.24,62.412,63,186
243.24,62.412,63,186
243.24,62.412,63,186
243.27,61.892,63,186
243.27,61.892,63,186
242.99,61.843,63,186
242.95,61.965,63,186
242.81,61.869,63,186
242.74,62.195,63,186
242.56,63.138,63,186
242.44,64.04,63,186
239.51,65.377,63,186
239.51,65.377,63,186
237.57,69.488,63,186
237.57,69.495,63,186
233.14,71.917,63.63,187.86
NaN,NaN,NaN,-2
NaN,NaN,NaN,0
NaN,NaN,NaN,0
NaN,NaN,NaN,0
NaN,NaN,NaN,0
NaN,NaN,NaN,-1
222.94,74.377,79,154
222.87,74.448,79,154
222.71,74.439,79,154
222.71,74.439,79,154
222.9,74.776,79,154
223.14,76.489,79,154
223.07,78.179,79,154
222.93,78.842,79,154
223.69,79.908,78.21,152.46
217.9,85.314,78.992,153.98
218.51,85.744,78.202,152.44
218.66,85.775,77.42,150.92
218.71,85.562,77.42,150.92
219.12,85.1,77.42,150.92
219.11,84.776,77.42,150.92
217.25,82.659,77.42,150.92
215.55,81.818,77.42,150.92
211.71,81.748,77.42,150.92
206.92,77.83,76.646,149.41
189.26,82.162,77.412,150.91
185.86,80.695,77.412,150.91
185.98,80.772,76.638,149.4
181.48,84.354,76.638,149.4
174.93,90.962,77.405,150.89
175.13,92.686,77.405,150.89
175.25,97.206,77.405,150.89
175.59,100.69,78.179,152.4
178.67,106.02,78.961,153.92
NaN,NaN,NaN,-2
NaN,NaN,NaN,0
NaN,NaN,NaN,0
NaN,NaN,NaN,0
NaN,NaN,NaN,0
NaN,NaN,NaN,-1
195.96,77.927,86,171
195.92,83.118,86.86,172.71
195.49,82.267,87.729,174.44
195.4,81.96,88.606,176.18
NaN,NaN,NaN,-2
NaN,NaN,NaN,0
NaN,NaN,NaN,0
NaN,NaN,NaN,0
NaN,NaN,NaN,0
NaN,NaN,NaN,-1
242.1,59.972,51,184
242.2,59.936,51.51,185.84
243.45,64.217,51.51,185.84
243.54,64.992,52.025,187.7
244.13,69.469,52.025,187.7
244.14,70.144,52.025,187.7
243.93,70.887,52.025,187.7
243.91,71.719,52.025,187.7
NaN,NaN,NaN,-2
NaN,NaN,NaN,0
NaN,NaN,NaN,0
NaN,NaN,NaN,0
NaN,NaN,NaN,0
NaN,NaN,NaN,-1
244,61.389,63,184
244.01,61.473,63,184
243.99,61.91,63,184
243.8,61.86,63,184
243.78,61.678,63,184
244.23,61.991,62.37,182.16
241.69,61.542,61.746,180.34
238.65,68.394,61.746,180.34
238.63,71.2,61.746,180.34
238.83,71.629,61.746,180.34
238.83,71.629,61.746,180.34
238.83,71.629,61.746,180.34
238.82,71.922,61.746,180.34
239.2,72.537,62.364,182.14
NaN,NaN,NaN,-2
NaN,NaN,NaN,0
NaN,NaN,NaN,0
NaN,NaN,NaN,0
NaN,NaN,NaN,0
NaN,NaN,NaN,-1
254.92,72.882,81,167
254.61,73.55,81,167
253.98,73.884,81,167
253.64,74.405,80.19,165.33
253.56,75.018,79.388,163.68
252.27,75.193,78.594,162.04
247.91,72.474,77.808,160.42
247.94,72.561,77.03,158.82
243.6,70.094,77.8,160.4
237.48,63.685,77.8,160.4
237.04,59.999,77.8,160.4
237.25,59.703,77.8,160.4
237.64,60.376,77.022,158.8
228.23,56.739,76.252,157.21
207.65,62.766,76.252,157.21
203.2,63.13,77.015,158.78
205.72,69.337,77.785,160.37
225.68,87.694,78.563,161.98
235.07,67.394,79.348,163.59
239.92,54.302,80.142,165.23
240.03,55.694,79.34,163.58
237.93,56.052,78.547,161.94
235.02,54.343,77.762,160.32
235.65,54.381,76.984,158.72
236.04,55.154,76.214,157.13
234.32,55.376,75.452,155.56
230.62,55.846,74.697,154.01
230.81,61.093,73.951,152.47
238.77,66.586,73.211,150.94
239.96,65.685,72.479,149.43
240.53,64.697,71.754,147.94
270.39,62.868,71.754,147.94
270.98,60.023,71.037,146.46
270.53,57.521,70.326,144.99
259.86,43.442,69.623,143.54
258.09,44.516,68.927,142.11
258.43,45.227,68.237,140.69
258.45,45.325,67.555,139.28
257.48,45.173,67.555,139.28
257.31,44.505,67.555,139.28
258.85,42.249,66.88,137.89
258.95,41.789,66.88,137.89
274.23,32.262,67.548,139.27
275.04,32.244,66.873,137.87
275.35,32.491,66.204,136.49
276.05,32.543,65.542,135.13
275.9,33.096,64.887,133.78
275.56,33.815,64.238,132.44
275.28,34.011,63.595,131.12
268.87,32.674,62.959,129.81
268.81,32.861,62.33,128.51
267.31,32.92,61.707,127.22
267.23,33.078,61.089,125.95
267.07,33.177,60.479,124.69
267.24,32.935,59.874,123.44
270.5,35.874,60.473,124.68
270.93,36.18,59.868,123.43
271.57,36.101,59.868,123.43
288.11,38.766,60.466,124.67
288.7,39.187,59.862,123.42
289.69,39.111,59.263,122.18
291.51,39.092,58.671,120.96
294.75,37.309,58.084,119.75
297.97,37.224,57.503,118.56
298.93,37.145,56.928,117.37
299.54,36.685,56.928,117.37
299.59,36.576,56.928,117.37
295.36,32.867,56.359,116.2
294.75,33.167,55.795,115.03
294.75,33.034,55.237,113.88
295.22,32.908,54.685,112.75
295.49,33.443,54.138,111.62
295.73,33.56,53.597,110.5
295.56,33.749,53.061,109.4
291.45,30.815,53.591,110.49
288.92,29.724,53.055,109.39
289.24,29.647,52.525,108.29
288.54,28.663,52,107.21
289.68,28.812,51.48,106.14
290.82,29.729,50.965,105.08
295.14,32.174,50.965,105.08
299.46,34.951,51.474,106.13
299.53,35.968,51.989,107.19
299.04,35.974,52.509,108.26
289.29,45.123,53.034,109.34
278.78,57.217,52.504,108.25
278.28,58.497,51.979,107.17
275.66,63.13,51.979,107.17
275.66,62.852,51.459,106.09
275.73,62.998,50.944,105.03
274.54,64.302,50.944,105.03
241.27,68.896,51.454,106.08
238.52,70.145,51.454,106.08
238.51,70.149,51.454,106.08
230.65,73.463,50.939,105.02
229.99,73.709,50.43,103.97
229.31,72.395,49.926,102.93
229.97,69.938,49.426,101.9
231.33,68.444,48.932,100.88
233.66,68.143,48.443,99.876
234.64,68.156,47.958,98.877
230.59,76.47,47.958,98.877
230.6,86.931,48.438,99.866
233.04,92.939,47.953,98.867
232.86,94.733,47.953,98.867
232.86,94.733,47.953,98.867
232.82,94.236,48.433,99.856
232.57,93.385,48.917,100.85
232.7,92.29,49.407,101.86
233.03,91.266,49.901,102.88
232.84,90.365,50.4,103.91
228.51,68.238,50.4,103.91
225.83,60.888,50.904,104.95
223.99,57.2,51.413,106
219.99,51.845,51.927,107.06
219,50.959,52.446,108.13
218.14,51.992,52.97,109.21
217.22,51.639,53.5,110.3
217.26,51.423,54.035,111.41
217.21,51.353,54.576,112.52
243.33,45.772,54.576,112.52
243.06,45.209,55.121,113.65
240.48,47.35,55.673,114.78
238.18,50.541,56.229,115.93
237.62,50.574,56.792,117.09
235.65,52.48,57.359,118.26
233.84,53.54,57.933,119.44
227.03,56.716,58.512,120.64
225.19,57.239,59.097,121.84
222.19,55.029,59.688,123.06
219.8,54.103,60.285,124.29
217.43,51.197,60.888,125.53
215.36,46.37,61.497,126.79
213.67,40.516,62.112,128.06
212.06,38.271,62.733,129.34
211.4,36.939,63.361,130.63
211.02,26.382,63.994,131.94
210.85,18.723,64.634,133.26
211.15,18.368,65.28,134.59
211.65,17.879,65.933,135.94
211.16,16.958,66.593,137.3
210.63,15.915,67.258,138.67
210.23,14.676,67.931,140.06
210.67,13.467,68.61,141.46
219.99,16.394,69.296,142.87
238.57,16.922,69.989,144.3
253.42,46.514,69.989,144.3
255.83,51.031,69.989,144.3
259.58,69.695,70.689,145.74
260.17,69.244,71.396,147.2
263.61,75.901,72.11,148.67
262.91,80.609,72.831,150.16
261.9,81.256,73.56,151.66
262.08,81.639,73.56,151.66
262.1,82.478,73.56,151.66
255.34,92.126,74.295,153.18
246.97,96.301,74.295,153.18
246.81,96.429,74.295,153.18
245.09,100.24,74.295,153.18
239.1,104.39,75.038,154.71
237.4,105.23,74.288,153.16
230.23,105.67,73.545,151.63
221.66,101.96,72.809,150.11
213,94.921,72.081,148.61
211.87,89.22,71.361,147.13
211.99,88.669,71.361,147.13
213.55,83.534,71.361,147.13
212.44,66.011,70.647,145.65
213.12,65.201,69.94,144.2
213.29,65.97,69.241,142.76
213.3,66.782,68.549,141.33
213,66.899,67.863,139.92
207.28,60.376,67.863,139.92
205.31,56.207,67.185,138.52
201.49,47.234,66.513,137.13
192.9,45.199,67.178,138.5
189.54,47.074,66.506,137.12
189.37,48.106,65.841,135.75
187.92,54.602,66.499,137.1
194.31,71.939,66.499,137.1
196.36,75.958,67.164,138.47
196.51,75.702,67.836,139.86
197.33,79.731,67.836,139.86
199.99,85.719,68.514,141.26
200.27,85.605,69.2,142.67
199.94,84.919,69.892,144.1
199.76,84.851,70.59,145.54
199.52,84.6,71.296,146.99
199.19,83.996,72.009,148.46
199,83.934,72.729,149.95
198.64,83.234,73.457,151.45
198.33,82.993,74.191,152.96
197.97,82.337,74.933,154.49
197.44,82.346,75.682,156.04
196.91,82.472,76.439,157.6
196.19,81.655,77.204,159.17
195.45,79.15,77.976,160.76
195.5,79.102,77.976,160.76
195.45,78.748,77.976,160.76
194.8,78.581,77.976,160.76
190.52,75.806,78.755,162.37
190.52,75.806,78.755,162.37
190.52,75.806,78.755,162.37
195.44,79.46,78.755,162.37
195.6,80.794,77.968,160.75
195.67,83.263,77.188,159.14
200.74,79.65,77.188,159.14
201.17,80.344,76.416,157.55
207.35,67.627,76.416,157.55
209.61,61.812,76.416,157.55
210.19,61.415,76.416,157.55
208.58,56.82,76.416,157.55
208.47,56.045,76.416,157.55
207.66,54.08,76.416,157.55
207.22,52.94,77.181,159.13
200.67,46.71,77.181,159.13
199.95,46.907,77.181,159.13
197.93,46.826,77.181,159.13
197.45,45.972,77.181,159.13
196.61,42.719,77.181,159.13
194.16,39.488,76.409,157.53
194.95,39.817,75.645,155.96
195.59,40.639,74.888,154.4
199.12,37.572,74.139,152.86
200.05,37.913,73.398,151.33
200.87,38.58,72.664,149.81
201.03,39.632,71.937,148.32
203.14,36.404,72.657,149.8
209.21,49.686,71.93,148.3
210.49,50.654,71.211,146.82
214.77,55.636,70.499,145.35
214.51,59.926,69.794,143.9
213.49,61.904,69.794,143.9
212.75,63.711,69.794,143.9
212.53,65.442,69.794,143.9
212.38,62.569,70.492,145.33
214.55,60.193,71.197,146.79
214.97,62.232,71.197,146.79
214.92,62.871,71.197,146.79
214.73,65.261,71.197,146.79
214.48,65.133,71.197,146.79
213.55,64.893,71.197,146.79
212.78,55.219,71.909,148.26
211.53,51.358,71.909,148.26
210.52,50.129,72.628,149.74
210.11,49.917,73.354,151.24
208.77,49.379,74.087,152.75
207.17,48.689,74.087,152.75
204.88,49.039,74.828,154.28
204.84,48.718,74.828,154.28
202.43,49.354,75.577,155.82
201.06,50.504,76.332,157.38
200.21,51.29,77.096,158.95
199.77,52.119,77.867,160.54
200.07,54.847,78.645,162.15
203,58.528,79.432,163.77
204.73,60.484,80.226,165.4
208.31,58.371,79.424,163.75
208.73,59.145,78.63,162.11
209.61,59.395,77.843,160.49
210.12,59.665,77.065,158.89
210.5,60.387,76.294,157.3
209.64,60.695,76.294,157.3
208.59,62.707,76.294,157.3
208.94,63.452,75.531,155.72
207.88,66.849,75.531,155.72
207.73,67.65,75.531,155.72
206.67,69.955,75.531,155.72
206.41,70.592,75.531,155.72
204.78,72.777,75.531,155.72
204.74,73.334,75.531,155.72
