NaN,NaN,NaN,-1
326.18,189.41,54.702,47.286
320.5,183.85,57.445,53.717
318.09,182.65,58.179,53.362
317.96,180.61,56.809,55.193
314.25,179.69,59.628,56.027
313.53,179.17,57.986,55.457
312.59,175.28,57.481,59.495
310.1,174.32,60.442,59.743
309.07,171.63,57.601,62.403
306.13,170.75,59.591,63.206
303.79,168.82,62.06,62.519
303.3,171.64,58.193,58.402
302.98,170.04,56.079,58.101
308.68,168.93,47.858,59.591
307.41,164.84,47.242,63.386
299.73,160.5,54.004,66.834
304,161.5,47.885,64.719
301.09,158.04,47.504,67.392
300.5,155.79,53.797,72.544
303.7,152.83,52.047,64.579
298.19,156.97,55.807,59.693
293.9,155.53,60.241,59.687
298.74,151.91,51.324,60.065
299.46,148.84,47.011,61.329
292.53,149.36,51.495,65.267
293.48,145.99,53.025,66.685
288.78,141.68,57,54.843
289.26,142.76,61.288,61.127
292.41,144.35,53.805,52.73
287.77,138.76,56.836,49.07
287.23,137.71,59.641,47.631
288.15,134.44,57.221,47.87
289.43,133.19,54.829,47.83
289.08,132.77,54.201,42.708
287.93,131.2,57.264,43.574
287.4,127.85,56.442,44.571
287.41,125.22,57.919,48.936
288.32,125.66,54.23,44.03
287.83,120.51,56.914,47.045
286.63,119.23,58.661,45.778
288.17,119.04,58.683,42.81
287.4,117.82,59.028,42.337
288.72,118.05,55.796,45.414
289.47,112.16,54.678,49.173
291.17,113.5,51.689,46.585
290.28,109.89,54.4,47.198
292.97,107.67,54.151,49.517
291.92,104.94,55.792,51.316
289.26,107.58,63.423,46.425
290.36,109.78,59.64,42.871
292.41,109.28,57.591,41.739
289.26,110.04,61.545,39.192
289.61,106.56,61.974,38.433
288.96,107.19,65.282,36.485
286.1,103.89,65.154,35.525
286,103.98,73.378,31.121
285.72,107.64,74.036,33.851
285.54,104.73,67.834,31.568
287.07,104.26,71.75,32.364
289.62,102.95,71.37,35.421
290.8,100.94,72.268,33.913
284.67,106.08,66.977,38.691
290.65,99.759,68.586,35.724
293.37,100.74,67.237,36.211
289.46,100.7,70.762,40.797
294.5,96.524,63.646,46.358
296.91,94.662,60.403,51.974
299.9,94.912,57.847,49.449
300.16,94.996,59.613,51.662
298.92,93.13,61.325,50.797
300.44,93.909,60.844,52.676
301.27,92.342,58.026,54.6
302.94,89.729,60.008,56.457
304.07,91.246,60.641,59.344
303.26,87.895,61.735,56.878
303.92,87.12,60.311,56.205
309.36,91.568,53.355,52.397
309.16,89.434,56.045,56.268
310.6,87.045,54.64,55.991
312.74,87.635,51.771,56.358
314.66,84.425,47.826,58.955
316.02,87.199,47.129,55.796
312.73,86.585,51.757,52.03
313.69,88.502,55.373,49.575
314.41,87.529,55.489,54.112
312.24,79.705,54.787,66.94
316.12,73.919,53.15,72.161
315.91,79.038,51.39,66.927
315.01,81.591,50.93,60.659
314.49,77.877,49.611,65.614
316.5,80.44,49.024,60.326
316.11,78.984,51.778,60.793
317.41,75.126,51.996,64.407
317.85,74.983,47.528,66.787
317.18,74.732,51.069,69.034
318.51,77,47.972,61.775
314.35,80.302,47.751,61.576
310.67,80.131,54.708,62.986
312.03,77.012,55.151,67.778
313.23,74.901,59.702,66.234
308.11,74.669,63.837,70.662
304.65,73.188,63.56,64.248
306.88,72.005,64.339,63.739
323.11,68.237,67.953,61.48
322.87,67.898,68.248,63.114
302.86,76.742,64.869,64.715
300.96,75.239,70.668,64.103
300.03,74.558,71.079,64.89
300.07,74.97,75.555,64.489
301.07,75.762,73.164,65.595
301.45,74.974,74.348,65.96
297.7,78.742,78.74,61.679
298.93,72.326,74.676,71.019
301.65,75.897,70.471,68.96
291.99,75.18,82.196,69.912
298.24,69.305,77.833,77.009
302.54,73.886,68.628,71.449
285.72,77.194,68.98,67.943
276.08,88.276,63.316,65.794
275.77,77.318,53.522,73.089
285.18,74.85,57.318,73.478
304.9,77.817,65.16,69.635
308.46,83.899,59.598,62.901
310.87,81.991,56.485,65.274
309.88,80.006,58.893,70.899
309.15,81.044,58.207,70.781
310.63,78.71,52.852,74.807
311.98,79.212,52.251,77.101
310.08,78.603,56.08,78.079
312.38,72.915,53.489,88.395
310.95,70.73,54.7,89.187
307.54,77.222,52.683,82.409
303.97,75.417,56.202,79.132
303.68,78.086,58.788,81.374
299.6,76.015,63.994,83.034
295.58,74.496,73.148,83.78
296.63,79.972,69.839,83.783
300.2,82.696,65.894,76.344
298.65,81.454,64.744,79.478
291.64,80.95,75.743,82.391
291.86,81.663,74.332,81.511
289.63,80.73,73.326,81.743
291.77,82.168,71.116,79.734
287.79,80.298,77.91,86.582
290.75,84.465,74.394,78.874
287.85,84.859,77.423,79.223
294.67,84.598,61.089,79.383
295.98,84.897,60.152,81.114
294.64,88.401,61.496,80.615
297.74,87.752,60.087,76.081
293.27,89.238,65.651,75.45
290.76,86.278,68.383,77.428
293.73,83.207,63.836,84.49
293.91,82.394,60.771,88.284
290.37,85.223,64.087,82.224
286.33,82.638,67.305,91.44
284.09,81.284,70.184,90.343
288.17,83.266,68.578,92.191
288.1,83.684,66.645,89.783
293.39,78.586,60.922,93.359
293.89,80.202,54.403,94.316
291.71,90.021,55.5,89.143
287.15,99.17,56.458,84.497
294.51,95.374,48.172,78.409
296.44,98.551,44.812,76.757
295.24,100.09,45.559,80.244
293.57,98.123,49.001,79.638
294.8,99.49,50.344,77.272
289.38,102.34,52.376,75.715
292.71,104.81,47.707,71.565
293.09,109.59,46.653,63.941
290.7,110.13,46.594,65.243
292.12,109.19,41.284,69.438
291.28,110.01,40.48,67.372
290.2,113.09,41.473,66.437
290.55,115.18,40.642,72.996
291.41,110.63,47.12,70.116
291.2,110.12,48.543,73.359
281.84,118.31,53.761,70.218
286.16,117.04,48.425,68.89
286.29,117.86,44.919,69.967
287.72,106.77,40.1,81.146
288.97,107.4,39.071,81.744
287.13,109.29,40.236,78.792
285.99,114.59,40.304,77.164
280.68,112.28,36.988,72.191
285.35,112.15,38.002,76.343
282.55,111.95,40.986,71.237
276.17,103.02,35.607,73.283
274.99,102.94,38.828,84.727
273.91,111.41,41.848,88.798
260.25,109.98,43.911,77.204
263.81,111.57,40.685,78.738
261.54,107.04,43.029,70.221
270.33,123.14,42.85,71.709
257.93,130.49,49.747,71.306
263.02,128.36,48.683,68.289
262.74,132.45,49.189,65.628
256.66,139.16,54.481,58.458
260.25,140.63,53.21,55.612
266.31,146.73,53.416,61.5
259.8,143.23,52.699,62.278
253.66,143.06,54.398,63.113
264.54,137.82,54.826,69.406
265.06,140.44,53.691,81.342
286.57,159.47,59.695,67.438
284.67,156.64,65.364,74.484
274.06,152.52,79.861,78.402
275.78,149.84,72.147,80.756
267.38,154.06,58.512,77.98
268.56,157.93,52.656,77.925
271.94,158.42,47.597,75.578
262.94,166.03,44.856,70.294
271.88,169.62,38.551,62.62
269.63,173.41,39.547,56.481
269.95,173.19,39.044,58.081
269.69,174.59,36.964,55.958
267.4,173.88,37.525,58.261
268.26,176.1,33.928,55.649
264.14,177.6,36.128,54.55
264.82,176.78,38.975,54.514
267.19,178.77,38.372,52.542
264.5,177.25,40.516,55.79
260.24,177.39,44.007,57.186
266.89,178.52,42.14,53.488
257.16,176.71,48.816,46.154
250.39,177.95,54.318,45.572
