NaN,NaN,NaN,-1
124.83,94.417,50.797,53.914
123.99,93.8,50.811,53.973
123.61,94.553,50.531,53.544
124.83,94.483,50.599,53.693
123.53,93.466,50.989,54.009
125.37,95.171,51.179,54.08
122.91,93.965,50.621,53.28
122.48,98.017,51.164,53.838
122.2,95.491,51.031,53.739
123.15,99.578,51.391,54.081
120.66,99.387,51.033,53.6
121.39,101.87,51.714,54.479
119.89,98.987,51.783,54.77
120.43,97.655,51.392,54.386
119.83,98.276,51.574,54.52
118.31,100.3,51.705,54.623
116.15,99.824,51.406,54.433
115.12,101.63,51.391,54.455
117.58,101,51.589,54.318
115.58,99.235,51.544,54.403
118.25,98.304,51.546,54.246
118.87,95.611,51.679,54.468
120.88,96.676,52.079,54.911
120.19,96.52,52.244,55.05
122.62,97.003,52.264,55.069
123.28,93.173,52.45,55.225
126.92,92.061,52.246,54.801
127.01,93.521,52.185,54.857
127.86,91.393,51.916,54.582
126.36,91.61,51.699,54.456
127.87,90.967,51.525,54.351
128.5,89.333,51.562,54.209
128.53,87.453,51.294,53.84
124.2,87.111,51.531,54.284
122.77,83.416,51.912,54.891
121.03,81.528,52.117,55.087
119.9,83.266,51.828,54.883
118.56,81.453,51.41,54.394
118,84.414,51.436,54.417
116.44,83.839,51.394,54.373
117,89.319,51.124,53.962
116.7,94.369,51.541,54.387
117.57,95.082,51.84,54.708
117.18,96.763,51.734,54.75
115.95,96.687,51.639,54.621
117.13,97.361,52.217,55.257
118.16,97.249,52.072,55.125
121.3,98.078,52.224,55.254
119.36,96.416,51.928,54.879
122.54,96.896,51.942,54.936
120.7,95.849,52.245,55.235
123.28,96.11,52.111,55.168
122.75,95.018,52.077,55.188
123.68,96.41,52.21,55.305
121.84,95.327,51.817,54.795
122.8,94.741,51.744,54.788
123,95.471,51.76,54.844
122.6,92.887,51.793,54.82
123.05,93.512,51.573,54.362
119.96,93.622,51.676,54.375
120.39,95.881,51.34,53.843
119.19,99.012,51.09,53.809
120.2,101.46,51.002,53.806
119.29,102.36,51.135,54.109
119.72,103.62,50.714,53.633
120.4,108.08,50.409,53.357
121.99,106.12,49.887,52.821
122.52,109.02,49.557,52.506
122.5,108.32,49.902,52.918
122.75,105.34,49.584,52.428
122.77,104.84,49.42,52.231
124.34,101.87,49.216,51.99
123.28,98.502,49.102,51.802
121.27,95.777,48.483,51.041
121.58,92.706,48.891,51.489
124.9,89.393,49.143,51.899
122.93,84.375,48.619,51.147
124.22,84.898,48.641,51.3
121.19,85.045,48.767,51.582
120.02,83.905,49.252,52.053
122.29,83.154,49.436,52.201
121.2,85.221,48.902,51.71
122.24,84.771,48.472,51.23
120.81,86.944,48.446,51.371
121.06,89.874,48.423,51.48
119.21,90.679,48.308,51.403
118.61,93.365,48.126,51.175
115.8,96.038,47.875,50.899
115.47,96.486,47.899,50.94
113.22,97.568,48.266,51.412
110.75,99.445,47.893,51.094
108.93,98.658,47.659,50.963
107.74,101.67,47.594,50.948
107.44,100.74,47.859,51.167
105.49,104.66,47.827,51.023
101.77,106.57,47.756,50.996
101.44,107.96,47.824,50.95
99.468,108.19,47.558,50.601
100.68,112.73,47.86,51.026
101.9,110.09,47.982,51.065
102.19,109.35,47.862,51.021
104.18,109.7,47.591,50.81
105.68,108.62,47.981,51.076
108.98,105.87,47.876,50.966
110.93,109.34,47.9,50.95
114.59,105.64,48.12,50.962
117.95,105.69,47.929,50.831
119.29,108.34,47.992,50.775
121.65,106.19,47.555,50.458
125.83,107.84,47.503,50.41
130.54,107.51,47.366,50.24
131.96,104.9,47.218,50.078
133.74,105.06,47.092,49.951
133.41,105.56,47.394,50.373
137.09,105.42,47.771,50.808
135.01,108.87,47.495,50.489
134.49,109.21,47.237,50.291
132.79,108.91,46.776,49.797
132.56,113.13,47.273,50.306
132.55,110.57,46.973,50.002
125.57,111.53,47.331,50.333
125.32,111.37,46.816,49.916
124.9,107.94,46.05,49.105
124.68,104.8,45.824,48.882
120.36,103.23,46.62,49.638
118.34,101.38,46.945,49.824
116.3,98.771,46.862,49.644
114.38,100.11,46.922,49.807
113.22,97.462,47.012,49.898
113.59,97.591,46.884,49.611
109.34,99.394,46.55,49.339
107.58,101.32,46.613,49.299
108.76,104.08,46.313,48.927
108.05,105.36,45.539,48.141
105.81,107.28,45.285,47.924
108.23,112.48,45.907,48.549
110.6,113.49,46.175,48.811
112,114.79,46.608,49.335
111.58,113.45,46.989,49.776
113.75,113.2,47.091,49.91
114.13,113.14,47.198,49.896
114.16,114.13,47.311,50.041
115.54,112.19,47.05,49.769
113.87,110.84,47.343,50.137
114.83,110.37,47.274,50.133
112.11,109,47.095,49.993
110.05,107.26,47.485,50.351
106.41,107.24,48.073,50.854
103.51,104.96,48.17,50.825
100.37,105.04,48.116,50.822
95.858,104.31,48.073,50.815
93.397,105.86,47.803,50.525
91.895,105.52,48.763,51.271
90.049,108.84,48.214,50.759
87.332,105.9,47.839,50.333
88.945,104.82,47.794,50.308
88.187,104.57,47.34,49.862
87.558,105.06,46.95,49.67
89.585,109.97,46.456,49.088
87.277,106.21,46.336,48.834
89.402,111.33,45.943,48.433
90.929,110.05,45.414,47.869
91.326,111.44,45.738,48.216
92.335,113.08,45.832,48.192
90.935,114.57,46.325,48.785
88.343,115.55,46.62,49.225
88.821,114.94,46.424,48.99
88.993,115.85,46.273,48.799
87.258,116.25,46.42,49.039
86.128,116.5,46.643,49.231
83.149,114.5,46.405,48.806
85.938,112.59,46.186,48.681
84.422,115.44,45.894,48.223
83.283,112.27,46.143,48.505
82.228,110.47,46.021,48.437
81.428,108.9,46.259,48.719
80.632,109.22,46.56,49.046
77.073,107.03,46.867,49.321
76.389,107.52,47.141,49.639
71.3,107.09,46.847,49.38
71.79,108.7,46.7,49.286
70.121,108.78,46.473,49.139
69.353,107.41,46.4,49.042
66.641,106.46,46.335,49.011
64.152,108.43,45.791,48.286
65.709,106.85,45.85,48.262
64.284,107.96,45.388,47.788
61.875,107.31,45.19,47.502
64.969,109.17,45.078,47.398
64.406,109.6,44.472,46.748
66.651,112.58,44.567,46.902
66.874,111.8,44.796,47.062
66.962,111.66,44.818,47.072
68.28,114.01,44.861,46.981
69.678,112.88,45.53,47.712
67.102,113.45,45.02,47.176
68.13,112.53,44.617,46.752
66.492,112.93,44.635,46.968
65.397,110.81,45.077,47.52
65.977,111.04,44.719,47.123
65.598,107.8,44.729,47.043
62.663,109.26,44.561,46.736
63.466,106.63,44.724,47.009
63.863,105.55,44.978,47.34
62.111,103.94,45.192,47.642
63.52,103.83,45.043,47.518
62.135,103.43,44.789,47.391
63.216,104.2,44.678,47.224
67.286,102.49,44.522,47.189
66.98,101.86,45.342,48.125
68.741,101.27,45.453,48.153
69.876,99.439,45.801,48.499
73.488,99.171,46.083,48.786
72.01,97.052,46.219,48.821
72.659,97.968,46.425,49.015
73.296,96.759,46.573,49.174
72.879,98.222,46.428,48.919
75.037,97.084,46.038,48.46
76.883,97.219,46.083,48.63
81.41,95.768,46.486,49.069
81.729,95.001,46.322,48.719
83.559,94.744,46.086,48.529
83.98,93.338,46.355,48.771
88.483,95.176,45.983,48.432
88.054,96.05,46.164,48.707
91.692,98.756,45.917,48.423
91.613,99.529,45.821,48.283
96.331,103.17,45.154,47.601
98.411,105.28,45.096,47.592
100.81,108.95,45.123,47.544
104.37,110.39,45.781,48.157
103.87,111.76,46.175,48.575
108.73,112.23,46.32,48.687
110.95,115.54,46.17,48.515
113.55,121.04,46.096,48.434
115.71,123.54,45.79,48.202
115.77,121,45.828,48.167
115.23,120.85,45.939,48.438
115.16,121.48,46.396,48.939
113.01,116.3,46.304,48.698
110.6,115.38,45.848,48.19
108.61,113.41,45.711,48.029
106.94,111.93,45.938,48.293
105.37,110.3,46.281,48.622
97.433,109.36,46.208,48.749
93.319,107.05,46.383,48.859
89.673,104.84,46.834,49.338
84.901,103.92,46.499,48.937
82.342,99.665,46.866,49.328
75.99,101.93,47.57,49.96
73.007,100.54,46.791,49.186
72.7,98.432,46.764,49.146
74.971,99.962,47.135,49.524
77.789,103.07,47.225,49.6
82.081,103.79,46.809,48.983
85.852,105.4,47.674,49.917
90.57,105.55,46.922,49.267
91.406,108.68,46.806,49.05
95.645,112.65,46.916,49.098
96.184,112.03,47.02,49.203
97.327,115.91,47.589,49.799
98.682,118.76,47.772,50.08
101.15,121.93,47.773,50.049
103.88,121.62,47.848,50.339
104.91,122.99,47.875,50.426
106.52,121.37,47.551,50.034
109.86,118.24,47.696,50.139
110.76,117.1,47.381,49.818
113.7,112.88,47.256,49.632
117.23,110.36,47.22,49.543
117.02,105.3,47.299,49.671
119.66,102.45,47.399,49.766
119.95,96.997,48.339,50.593
118.74,92.993,48.352,50.659
118.17,91.381,48.094,50.309
116.35,89.736,47.939,50.234
114.07,84.808,48.451,50.817
110.6,82.275,48.635,50.948
106.46,76.639,48.032,50.317
105.01,75.083,47.683,49.926
102.25,71.635,48.145,50.522
99.045,69.694,48.253,50.799
94.576,67.44,48.035,50.515
93.503,67.413,47.36,49.747
91.637,65.726,47.534,49.849
89.832,67.149,47.955,50.274
91.615,67.195,48.214,50.455
87.936,68.727,48.596,50.833
86.399,70.776,48.812,51.216
86.581,71.539,48.592,50.882
87.71,74.971,48.34,50.808
84.385,76.076,48.873,51.298
83.653,76.206,49.477,51.981
82.158,78.574,50.157,52.67
80.855,81.337,49.704,52.477
80.088,84.587,49.429,52.222
81.385,86.765,49.698,52.541
79.66,90.87,49.603,52.435
82.855,91.235,50.03,52.934
84.034,92.607,50.213,53.302
85.664,95.175,50.502,53.696
90.092,94.198,51.044,54.414
