NaN,NaN,NaN,-1
125.03,92.715,44.442,59.114
124.67,91.828,44.28,58.964
124.91,92.843,44.264,58.925
125.76,93.478,44.028,58.614
126.67,92.631,44.225,59.116
125.7,90.808,44.641,59.7
124.62,93.193,45,60.316
122.8,92.631,45.013,60.186
122.5,93.831,44.871,59.927
123.82,94.848,44.951,60.21
121.54,96.183,44.982,60.294
120.42,97.519,44.134,58.939
123.38,96.638,44.335,59.25
120.03,96.801,44.049,58.801
120.82,94.835,44.376,59.296
120.52,98.58,44.881,60.01
118.58,96.932,45.181,60.422
118.57,96.995,44.823,59.807
116.3,97.858,44.789,59.693
116.41,97.069,44.837,59.709
117.41,95.464,44.871,59.746
117.54,94.291,44.988,60.086
122.19,91.084,44.728,59.627
121.69,93.161,44.276,59.116
123.06,91.554,44.16,58.84
124.25,93.169,43.938,58.588
125.47,90.75,43.947,58.6
129.98,90.819,43.795,58.343
130.9,90.932,43.587,58.078
130.09,89.284,43.192,57.611
130.15,88.254,42.936,57.161
129.94,86.693,42.867,57.102
128.7,86.066,42.327,56.342
126.81,86.414,42.133,56.11
125.73,83.634,42.205,56.24
124.52,84.525,41.903,55.859
123.28,81.6,41.729,55.587
122.32,85.375,41.542,55.511
121.13,85.705,41.572,55.513
121.12,88.973,41.661,55.685
121.38,88.994,41.925,56.048
119.11,91.777,42.034,56.166
121.14,93.754,41.808,55.933
119.47,94.071,41.336,55.212
119.13,98.238,41.4,55.261
119.78,99.676,41.6,55.675
121.84,98.895,41.425,55.347
121.12,99.792,41.354,55.302
124.15,98.743,41.384,55.342
124.03,98.08,41.137,55.017
124.5,96.374,41.18,55.03
123.68,95.177,41.12,54.991
126.91,94.125,40.993,54.94
126.76,94.308,41.561,55.799
124.9,95.886,41.7,55.911
124.79,94.548,41.353,55.278
123.17,93.423,42.045,56.164
124,95.592,41.571,55.54
123.11,92.952,42.189,56.32
122.14,91.793,42.008,56.139
121.45,95.211,42.265,56.442
121.79,97.146,42.693,56.99
119.78,99.716,42.62,56.959
119.16,101.77,42.471,56.765
119.93,101.95,42.645,56.991
121.22,104.53,42.545,57.198
121.86,104.37,42.338,56.974
122.41,104.26,42.403,57.086
122.54,105.59,42.667,57.574
123.13,100.4,42.652,57.583
124.64,97.878,42.788,57.761
122.04,94.147,42.596,57.448
122.35,92.955,42.547,57.272
121.08,87.961,41.756,56.191
122.24,86.951,41.65,56.189
122.67,85.151,41.793,56.277
124.5,82.046,40.752,54.876
122.84,79.739,40.506,54.567
122.08,79.999,40.412,54.488
122.21,79.553,40.82,54.877
121.22,79.835,41.044,55.247
121.96,81.825,40.699,54.818
122.38,82.002,40.168,54.131
120.43,83.461,39.903,53.921
120.59,85.399,39.97,53.844
119.96,87.963,39.658,53.405
117.46,91.072,39.37,52.913
116.66,92.427,38.58,51.927
114.3,94.693,38.32,51.662
114.29,95.432,38.788,52.375
113.7,95.218,38.704,52.263
111.17,96.41,38.849,52.335
108.79,97.314,38.974,52.568
106.61,98.82,39.106,52.758
105.57,100.82,39.069,52.85
102.92,102.58,38.521,52.152
102.02,105.15,38.137,51.682
100.94,105.8,38.164,51.725
100.75,107.45,38.022,51.556
101.18,110.72,37.458,50.814
102.71,107.66,37.579,50.906
104.74,107.99,37.246,50.604
106.87,105.74,37.228,50.623
109.87,106.92,36.869,50.276
112.94,107.41,37.006,50.402
113.85,106.88,37.022,50.285
118.85,104.75,36.812,49.968
122.81,106.69,37.361,50.787
124.68,105.15,37.066,50.469
128.15,106.72,37.258,50.876
131.08,105.1,36.743,50.124
132.51,104.62,37.064,50.524
134.23,103.78,37.373,50.956
135.33,104.48,37.375,50.947
136.31,102.83,37.667,51.446
135.51,105.25,37.174,50.751
136.94,107.63,36.781,50.064
135.15,106.63,36.947,50.181
133.55,109.59,37.383,50.813
131.35,108.31,37.522,51.172
129.91,109.18,37.213,50.788
125.5,109.16,37.629,51.372
124.55,105.21,38.322,52.215
123.18,101.75,37.762,51.327
119.65,102.78,37.278,50.517
118.09,97.732,36.67,49.789
117.63,95.987,36.952,50.083
116.92,97.164,36.509,49.409
113.95,96.707,36.585,49.624
112.27,95.843,36.494,49.499
110.98,98.389,36.784,49.862
107.96,100.64,36.922,49.954
108.14,103,36.627,49.57
108.73,105.43,37.408,50.762
108.23,106.89,36.984,50.103
106.27,109.42,37.147,50.302
107.67,111.52,37.463,50.724
108.54,110.93,37.658,50.971
111.03,112.09,37.372,50.577
113.95,110.77,37.158,50.325
113.83,113.45,37.174,50.56
114.81,110.48,37.064,50.289
114.91,111.04,36.869,49.97
114.8,111.62,36.525,49.489
114.57,108.88,36.339,49.149
113.15,107,35.706,48.377
110.3,106.58,35.981,48.777
105.61,105.91,35.75,48.394
103.98,104.19,36.295,49.16
99.577,104.2,36.703,49.721
97.367,104.89,36.434,49.316
94.076,106.05,36.191,48.994
93.563,105.45,35.494,48.056
91.588,105.26,35.819,48.429
91.362,106.34,35.884,48.59
91.055,106.36,35.972,48.652
89.284,105.59,35.252,47.673
88.719,105.14,35.216,47.589
89.674,107.88,35.075,47.352
90.081,108.84,35.667,48.116
89.524,109.16,35.854,48.397
91.919,109.5,35.621,48.086
91.881,110.73,35.71,48.22
90.424,111.67,35.723,48.219
89.945,113.75,36.129,48.858
90.309,114.01,36.019,48.576
90.008,113.57,35.922,48.566
89.013,114.51,35.733,48.229
87.349,115.23,36.093,48.682
87.603,113.99,35.619,48.118
86.977,113.86,35.707,48.146
85.998,112.7,35.757,48.195
83.987,112.33,35.668,48.088
83.979,109.99,35.893,48.384
83.009,109.46,35.88,48.406
82.539,108.44,36.065,48.641
79.662,106.02,36.404,49.068
77.663,103.79,36.131,48.646
76.441,105.01,36.031,48.387
74.569,106.4,36.21,48.746
73.347,107.51,36.215,48.856
70.474,106.97,35.907,48.384
69.74,107.59,36.048,48.662
67.051,105.29,35.702,48.274
66.244,104.06,35.752,48.388
65.054,105.55,35.56,48.131
64.391,106.38,35.553,48.064
64.094,105.07,35.91,48.553
63.978,107.59,35.933,48.661
66.654,107.51,35.492,48.024
66.82,108.8,34.949,47.314
68.038,108.2,34.835,47.1
68.34,111.79,34.822,47.079
70.818,112.13,34.872,47.126
69.074,111.63,34.575,46.638
68.773,112.54,34.766,46.951
69.788,111.44,34.744,46.966
68.063,110.82,35.234,47.634
66.616,108.28,35.339,47.739
66.729,108.94,35.663,48.245
66.284,106.77,36.206,48.967
64.749,106.42,36.495,49.383
63.608,103.67,36.578,49.34
62.694,102.55,36.767,49.568
61.978,102.56,36.945,49.729
62.14,100.51,37.32,50.293
62.656,100.06,37.509,50.549
63.814,100.8,37.067,49.978
66.984,100.25,37.031,49.961
69.267,98.263,37,49.798
70.439,97.936,36.634,49.21
71.899,99.232,36.858,49.421
71.271,95.82,36.494,49.031
73.174,95.545,36.616,49.046
75.38,96.351,36.522,48.922
76.736,95.01,36.449,48.868
74.361,95.546,36.296,48.672
75.071,95.622,36.335,48.587
77.788,93.12,36.101,48.246
79.835,95.285,36.641,48.942
81.133,92.894,36.951,49.386
84.103,91.61,36.781,49.136
85.195,92.003,36.797,49.018
88.607,92.594,37.155,49.451
89.493,92.266,36.869,49.082
90.704,94.606,37.355,49.72
94.662,96.737,37.778,50.342
96.567,97.941,37.634,50.171
99.254,102.27,37.824,50.347
101.3,104.84,37.868,50.423
103.62,104.54,38.54,51.201
105.85,105.94,38.652,51.325
109.22,110.17,38.534,51.215
111.76,111.87,38.555,51.097
115.14,117.23,38.725,51.397
118.31,120.04,38.705,51.384
116.51,117.87,38.758,51.376
118.52,118.59,39.117,51.929
117.29,116.5,39.707,52.681
113.77,113.86,39.538,52.477
113.67,113.69,39.484,52.39
111.01,112.2,39.424,52.259
106.29,108.81,39.895,52.903
104.46,107.7,40.063,53.118
97.432,104.69,40.408,53.502
95.013,105.79,39.772,52.754
89.957,101.92,40.428,53.582
85.042,101.33,41.331,54.724
82.103,100.01,41.411,54.782
75.336,98.89,41.132,54.368
71.621,96.878,41.418,54.682
72.821,98.295,40.937,54.01
75.891,97.936,40.653,53.602
76.89,98.065,40.636,53.501
82.88,101.64,40.89,53.788
84.638,102.98,40.744,53.584
87.157,102.61,40.576,53.432
93.265,103.71,40.843,53.88
95.578,107.69,41.366,54.479
95.441,110.3,41.486,54.643
96.352,114.94,41.39,54.475
100.2,116.5,41.033,53.974
101.31,118.4,41.344,54.393
102.62,119.81,41.601,54.756
106.06,117.65,42.019,55.201
107.33,115.36,41.768,54.879
110.58,115.15,41.21,54.146
111.72,115.26,41.102,53.871
114.15,109.46,41.075,53.809
116.3,106.7,41.035,53.757
117.1,102.4,41.318,54.047
120.3,98.673,40.924,53.539
119.8,95.808,40.634,53.212
117.35,92.301,40.733,53.251
117.78,89.575,39.954,52.251
116.57,87.928,39.863,52.083
113.17,84.319,39.371,51.501
112.04,81.903,38.881,50.951
109.14,77.918,39.212,51.595
105,73.178,39.802,52.541
102.86,69.746,39.906,52.728
99.651,69.447,39.406,52.182
96.712,66.903,39.266,51.97
94.633,65.128,38.445,50.772
94.278,66.227,38.697,51.151
92.037,67.255,39.052,51.56
89.432,67.02,39.174,51.826
89.289,68.674,39.511,52.31
87.824,70.293,40.073,53.013
86.613,70.317,41.008,54.145
85.49,72.183,40.751,53.818
83.435,74.487,40.714,53.778
83.448,76.546,39.964,52.75
80.467,79.261,39.643,52.244
81.238,81.922,40.088,52.851
79.418,84.744,40.036,52.864
80.58,86.512,40.633,53.637
80.634,89.452,40.547,53.413
82.613,92.246,40.672,53.674
82.505,93.463,40.698,53.751
85.53,94.667,41.213,54.458
88.905,95.456,41.326,54.64
