NaN,NaN,NaN,-1
121.83,87.827,44.408,63.546
120.52,88.736,44.511,63.491
121.16,87.331,44.281,63.077
120.27,89.393,44.587,63.515
119.68,88.827,45.228,64.452
120.72,88.361,44.49,63.323
118.61,89.077,44.9,63.907
119.95,86.695,44.833,63.743
119.68,88.079,44.854,63.687
119.7,91.304,44.25,62.839
118.45,93.183,44.071,62.605
118.87,92.138,44.064,62.602
117.12,95.002,43.845,62.35
116.23,92.077,43.191,61.384
116.02,95.642,43.249,61.444
115.99,95.706,43.212,61.41
114.24,97.092,43.374,61.651
112.87,93.966,43.279,61.486
115.3,94.712,43.787,62.314
114.4,94.555,43.493,61.926
113.63,92.313,43.716,62.266
115.19,92.968,43.44,62.014
116.81,92.921,43.53,62.164
119.01,90.657,43.473,61.989
120.16,89.839,43.423,61.916
122.74,89.281,43.406,61.907
123.82,87.235,43.161,61.561
124.45,88.248,43.346,61.793
124.68,87.345,43.438,62.062
126.82,84.97,43.473,61.992
125.63,83.126,44.422,63.221
123.38,80.711,44.259,62.921
124.3,80.163,43.878,62.523
121.92,77.385,43.684,62.405
120.06,80.181,43.928,62.679
118.57,76.572,44.091,62.869
117.82,76.005,44.017,62.894
117.13,78.153,43.805,62.522
115.24,78.76,43.599,62.178
113.05,81.638,43.683,62.234
115.41,81.608,43.282,61.702
116.13,83.941,43.149,61.718
114.52,93.873,43.141,61.581
114.06,92.174,42.836,61.15
114.04,92.434,43.229,61.643
116.22,95.307,43.856,62.647
117.65,91.752,43.96,62.747
116.17,92.876,43.226,61.707
118.01,93.911,43.353,61.862
119.27,92.172,42.939,61.412
119.11,92.346,43.111,61.739
118.33,90.464,43.158,61.646
122.81,88.94,42.836,61.243
122.45,90.793,43.18,61.836
120.64,90.024,43.029,61.686
119.58,88.081,43.087,61.788
120.51,87.486,43.636,62.518
122.14,90.56,43.168,61.926
119.79,88.772,43.1,61.814
119.95,91.928,43.091,61.781
119.57,90.79,42.644,60.904
118.4,95.041,42.8,61.109
117.78,97.963,42.815,61.156
117.93,99.076,41.847,59.806
117.27,101.96,41.445,59.278
120.14,100.36,41.845,59.833
120.45,101.75,41.895,59.876
121.76,103.55,41.539,59.48
121.96,103.14,41.443,59.369
121.81,100.02,41.18,58.818
121.62,95.884,40.752,58.144
121.45,94.839,41.092,58.462
118.71,92.5,40.578,57.872
121.6,91.123,40.523,57.725
122.27,87.716,40.419,57.685
122.55,84.9,39.984,57.299
122.35,79.839,39.79,57.077
121.26,75.954,39.822,57.156
120.67,74.485,40.062,57.594
121.43,76.925,40.421,58.049
118.65,77.564,40.519,58.036
118.2,76.116,41.206,59.042
118.7,78.339,41.356,59.068
115.07,78.931,40.685,58.204
117.25,78.921,40.818,58.435
116,83.638,40.617,58.121
114.41,85.376,40.822,58.366
112.96,89.129,40.901,58.521
111.25,89.615,40.899,58.472
109.54,88.203,40.707,58.077
107.96,88.673,40.699,57.877
107.49,90.998,40.755,57.81
105.58,92.187,40.283,57.143
102.24,94.381,40.845,57.972
101.45,95.553,40.912,58.042
99.28,98.11,40.866,58.004
98.768,100.29,40.708,57.948
95.276,101.53,41.06,58.462
97.05,100.54,40.654,57.908
95.761,102.29,40.441,57.645
98.148,99.778,40.266,57.17
99.83,102.49,40.095,56.856
102,101.61,40.058,56.755
106.1,100.45,40.159,56.982
107.39,99.78,39.916,56.734
110.11,101.23,40.004,56.774
113.4,98.927,40.15,57.047
116.2,99.203,40.692,57.838
118.43,98.758,41.121,58.525
124.55,100.63,41.042,58.455
125.5,98.187,41.152,58.392
127.51,96.646,40.491,57.399
128.13,95.635,40.459,57.326
130.08,97.422,39.726,56.325
132.49,97.085,39.505,55.927
134.3,103.2,39.746,56.315
133.67,98.953,39.768,56.297
130.78,102,39.641,56.107
129.37,101.21,39.312,55.714
125.32,101.52,38.957,55.268
126.55,105.79,39.005,55.289
126.08,104.03,38.617,54.634
123.34,100.66,38.954,55.111
121.85,100.58,39.161,55.511
118.55,96.258,39.469,55.709
117.55,94.217,39.56,55.837
114.48,91.813,38.976,55.077
112.23,93.474,38.561,54.439
111.39,93.288,39.382,55.384
111.34,91.851,39.09,54.991
108.11,92.278,40.02,56.38
105.69,94.778,39.262,55.398
103.63,95.575,38.703,54.724
103.76,100.84,38.611,54.641
105.75,102.69,38.238,53.99
106.89,105.08,38.907,55.004
106.16,111.05,38.796,54.929
107.23,109.43,39.283,55.644
110.3,108.06,39.249,55.546
111.34,108.19,39.415,55.801
109.9,108.06,39.871,56.41
112.87,105.34,40.039,56.7
110.96,107.4,39.607,56.12
111.37,106.05,39.439,55.867
111.81,103.9,39.744,56.332
108.67,102.89,39.352,55.813
105.76,101.05,39.551,56.137
101.2,100.45,39.234,55.594
98.506,99.84,39.045,55.295
97.475,100.14,38.589,54.569
94.516,100.37,39.422,55.681
92.671,99.28,39.251,55.327
89.69,100.68,39.33,55.318
89.012,100.46,39.116,55.058
87.121,100.2,39.031,54.978
84.783,101.25,38.645,54.384
84.306,100.12,38.181,53.758
87.783,102.19,37.868,53.469
87.159,100.82,37.735,53.269
87.971,103.77,37.433,52.913
87.706,106.79,37.372,52.84
88.491,106.66,36.938,52.139
90.53,105.75,36.309,51.145
89.921,108.68,36.49,51.501
90.121,112.2,35.921,50.813
85.787,113.44,35.774,50.627
88.707,110.74,36.248,51.281
88.718,113.11,35.972,50.971
88.804,112.61,36.355,51.504
86.399,112.62,35.844,50.838
83.346,111.69,35.571,50.486
85.388,110.44,35.192,49.928
85.221,109.01,34.869,49.62
83.693,107.34,34.314,48.909
83.135,107.78,34.502,49.223
81.478,105.16,34.625,49.274
76.792,105.62,34.608,49.234
77.059,103.81,34.739,49.442
76.678,104.85,34.682,49.4
71.456,103.99,34.979,49.854
68.841,104.97,35.415,50.489
67.803,104.85,35.67,50.801
69.384,103.51,35.707,50.976
65.779,103.58,35.745,51.012
63.248,103.92,35.765,51.071
62.666,102.34,35.79,51.162
64.075,103.48,35.903,51.336
62.983,103.22,35.556,50.976
62.215,104.16,35.735,51.245
65.509,104.98,36.362,52.164
63.084,105.54,36.838,52.879
66.564,105.47,36.907,52.907
64.333,107.79,36.646,52.648
65.352,106.92,36.411,52.357
66.742,108.2,35.985,51.845
67.947,108.38,36.886,53.129
65.961,107.01,36.666,52.829
66.632,108.03,36.626,52.797
64.926,107.18,36.671,52.85
62.636,104.81,36.234,52.214
65.017,106.61,36.857,53.176
63.308,104.5,36.823,53.193
63.893,105.17,36.739,53.166
62.675,102.91,36.661,53.071
61.457,101.34,36.377,52.68
62.08,99.823,35.893,51.884
62.818,100.52,35.807,51.738
63.986,100.41,35.373,51.001
66.914,100.54,35.444,50.986
69.23,99.489,34.909,50.284
70.265,98.484,33.606,48.425
73.166,98.664,33.602,48.44
74.343,96.054,33.149,47.758
77.034,96.119,33.303,47.973
75.943,95.896,33.448,48.232
77.358,95.783,33.324,48.182
72.706,94,33.022,47.668
77.228,95.216,33.292,48.076
79.99,94.569,33.682,48.66
79.299,92.339,33.738,48.803
82.738,91.854,33.768,48.785
82.691,92.527,34.232,49.364
85.803,92.175,34.882,50.203
87.353,91.252,34.455,49.635
89.712,93.947,35.054,50.561
91.798,93.506,34.983,50.446
94.358,95.388,35.365,51.002
95.186,99.034,35.835,51.612
98.698,99.756,35.488,51.138
102.2,102.67,35.14,50.564
103.8,106.39,35.436,50.961
107.42,107.44,35.546,51.147
109.24,107.82,35.794,51.591
112.59,111.02,35.798,51.633
115.63,117.34,36.275,52.165
113.93,116.93,36.642,52.673
117.27,119.29,36.265,52.134
113.16,117.88,36.828,52.947
116,114.39,36.911,53.132
111.66,113.79,37.036,53.409
114.42,110.35,37.121,53.482
108.13,108.08,37.649,54.354
106.87,105.48,38.032,54.928
105.07,105.01,38.701,55.991
95.753,102.9,38.669,56.014
93.331,100.93,38.721,56.11
86.594,99.592,39.397,57.023
80.986,96.641,39.41,57.019
77.174,96.201,39.743,57.515
72.434,96.034,39.462,57.1
72.733,93.361,39.979,57.793
71.272,95.012,40.056,57.99
72.699,93.958,39.383,57.08
74.824,96.685,39.679,57.473
79.764,98.083,39.689,57.511
85.285,100.41,39.692,57.472
89.034,100.31,39.612,57.384
88.943,101.5,39.538,57.29
93.556,104.81,39.652,57.471
92.003,107.64,39.364,57.07
96.845,110.2,39.137,56.644
97.376,111.52,38.619,55.764
97.259,116.1,38.722,55.924
104.28,117.59,38.876,56.081
103.7,115.68,38.684,55.781
106.71,114.66,38.583,55.652
108.37,114.01,38.7,55.703
109.23,111.18,39.155,56.378
111.59,108.87,38.839,55.905
114.66,105.62,39.196,56.563
116.72,101.3,38.93,56.161
118.65,96.05,38.37,55.288
115.92,92.175,38.155,54.939
116.79,90.898,37.738,54.53
118.63,87.352,37.975,55.011
116.26,84.542,37.881,54.911
113.08,80.319,37.493,54.304
110.3,77.79,37.39,54.172
106.22,74.33,37.499,54.374
105.59,71.459,37.662,54.597
100.07,69.437,37.59,54.619
100.66,66.794,38.003,55.149
94.833,63.885,37.686,54.523
91.778,63.09,37.762,54.608
92.006,61.933,37.845,54.779
88.649,63.675,38.269,55.293
87.408,63.278,38.636,55.867
87.831,63.189,38.985,56.326
84.803,67.433,38.942,56.448
85.54,68.322,39.547,57.186
85.349,67.997,39.54,57.127
82.232,71.183,39.934,57.654
80.619,71.935,39.897,57.538
79.999,75.37,39.178,56.536
77.984,77.522,39.053,56.451
77.8,80.711,39.192,56.671
78.251,85.548,39.274,56.848
78.758,85.786,39.156,56.786
80.437,88.745,39.143,56.713
81.754,90.465,39.4,57.129
84.022,92.346,39.906,57.878
87.354,93.044,39.986,58.031
