NaN,NaN,NaN,-1
130.41,110.84,84.078,97.945
131.63,111.62,81.642,95.164
132.51,112.2,79.788,93.046
132.92,113.24,78.928,92.062
132.28,112.89,79.185,92.353
132.83,113.54,78.618,91.706
132.78,113.44,78.68,91.777
132.92,114.24,78.343,91.391
132.97,114.72,78.109,91.123
132.61,115.29,78.494,91.565
131.08,114.99,79.439,92.647
130.22,115.16,79.159,92.324
129.7,115.31,79.034,92.177
128.29,117.49,77.696,90.647
126.16,118.21,78.223,91.251
123.96,119.84,77.55,90.479
121.29,121.38,76.96,89.806
118.44,122.83,77.087,89.952
114,122.42,77.184,90.065
111.64,122.79,76.902,89.744
111.07,121.54,75.907,88.603
108.34,120.66,76.549,89.339
107.64,120.13,77.17,90.043
106.51,119.47,78.124,91.131
107.42,120.11,76.474,89.241
107.71,119.79,75.823,88.481
106.93,118.27,76.043,88.72
107.51,115.68,75.469,88.06
108.46,115.89,72.788,84.967
109.43,114.89,71.019,82.914
109.72,113.88,70.225,82.017
109.9,113.29,69.378,81.061
111.24,113.74,68.511,80.068
113.02,115,66.975,78.289
113.81,115.02,66.6,77.858
114.82,115.58,66.016,77.181
115.74,116.12,65.649,76.754
117.41,115.42,65.333,76.387
118.19,115.52,66.189,77.386
120.2,115.98,65.244,76.285
122.64,116.36,64.829,75.8
124.7,116.96,64.474,75.386
126.76,116.54,64.833,75.805
128.76,115.81,64.996,75.996
130.62,116.72,64.522,75.443
133.12,115.99,65.386,76.451
134.93,115.99,65.244,76.285
136.8,116.51,64.536,75.459
138.63,116.68,64.912,75.898
140.05,116.91,65.235,76.275
141.06,117.89,65.364,76.426
142.48,118.36,66.462,77.707
143.34,118.39,67.23,78.604
146.33,120.38,66.801,78.104
147.2,121.17,67.732,79.19
147.5,121.62,68.872,80.52
147.46,121.95,70.022,81.863
146.04,121.9,73.76,86.166
145.08,122.32,75.74,88.432
145.49,122.26,76.865,89.721
145.87,122.79,77.967,91.007
146.06,123.74,79.05,92.231
145.84,124,79.825,93.104
146.36,125.36,78.94,92.084
146.8,125.2,79.897,93.18
146.12,124.91,80.36,93.705
147.86,125.64,79.007,92.157
149.7,126.09,78.14,91.164
150.25,125.82,78.317,91.361
151.04,125.93,78.113,91.127
151.4,124.72,77.735,90.697
151.39,123.71,78.296,91.34
151.37,123.25,78.126,91.145
151.33,123.06,78.102,91.118
151.33,123.03,78.047,91.055
151.37,123.06,77.945,90.936
150.77,123.31,77.533,90.462
150.03,123.85,77.125,89.998
149.4,124.38,77.244,90.134
148.63,125.16,77.256,90.149
147.77,124.59,77.243,90.134
146.88,124.61,77.016,89.87
146.05,124.11,77.202,90.087
144.92,123.82,77.496,90.43
143.1,122.76,78.713,91.85
142.2,122.37,79.427,92.683
141.45,121.79,80.849,94.326
139.04,121.24,82.209,95.912
137.75,121.09,82.378,96.109
136.51,122.72,82.545,96.27
135.09,123.39,82.423,96.123
134.13,123.99,82.252,95.909
133.2,124.99,80.905,94.349
133.6,126.35,79.033,92.193
132.01,126.77,78.337,91.396
132.43,127.46,77.625,90.58
132.26,128.4,76.887,89.727
132.03,129.16,76.637,89.439
131.32,130.67,76.793,89.616
130.65,131.22,76.508,89.288
131.17,132.01,75.826,88.512
131.3,131.91,75.881,88.574
130.82,132.48,76.09,88.816
130.2,132.02,76.093,88.82
129.58,131.31,76.339,89.101
129.46,130.88,76.692,89.503
129.18,130.77,76.64,89.444
129.02,130.67,76.674,89.485
128.97,130.65,76.624,89.427
128.93,130.61,76.632,89.437
128.86,129.98,76.913,89.758
128.73,129.89,77.411,90.327
128.82,130.25,77.006,89.864
128.88,130.48,76.756,89.577
128.85,130.53,76.758,89.582
128.87,130.57,76.688,89.501
129.24,131.5,76.653,89.461
129.07,131.05,76.629,89.433
128.92,130.19,76.961,89.814
128.91,130.4,76.774,89.599
128.9,130.5,76.688,89.501
128.9,130.54,76.656,89.464
128.78,130.37,76.645,89.452
128.68,130.34,76.673,89.485
128.76,130.43,76.697,89.513
128.83,130.52,76.649,89.457
128.74,130.47,76.706,89.524
128.76,129.9,76.945,89.796
128.82,130.25,76.775,89.601
128.86,130.42,76.693,89.507
128.89,130.47,76.584,89.38
128.8,130.33,76.757,89.583
128.6,129.51,77.493,90.427
128.68,129.8,77.362,90.274
128.57,129.57,77.461,90.397
128.89,129.17,78.174,91.208
128.61,128.68,78.735,91.863
128.49,128.53,78.965,92.131
128.95,127.98,78.566,91.664
128.75,128.88,77.08,89.958
128.66,128.09,76.138,88.876
128.52,128.16,76.508,89.293
128.12,128.07,76.056,88.781
127.67,127.36,76.25,89.008
126.33,124.63,77.86,90.846
126.44,124.45,77.499,90.429
125.83,124.68,77.338,90.242
125.36,124.78,77.406,90.322
125.17,124.85,77.341,90.246
124.2,124.37,77.461,90.386
124.08,123.92,77.07,89.94
124.08,123.38,77.317,90.221
124.01,123.68,77.207,90.091
124.53,123.96,77.002,89.859
124.3,124.03,77.192,90.077
124.18,123.52,77.583,90.522
123.61,123.23,77.821,90.795
123.31,123.14,77.915,90.903
122.87,122.48,78.305,91.349
123.05,122.78,78.106,91.12
123.11,122.92,78.05,91.057
123.14,122.96,78.022,91.025
123.2,123.21,77.927,90.914
123.25,123.15,77.941,90.932
123.38,123.08,77.967,90.962
123.73,123.48,76.836,89.669
123.08,123.08,76.071,88.794
122.13,121.68,76.652,89.46
121.94,121.63,76.32,89.072
120.17,120.45,77.801,90.768
119.26,119.47,77.767,90.727
119.32,119.51,77.891,90.872
119.6,120.84,77.5,90.429
119.92,120.5,76.654,89.463
119.66,121.01,77.015,89.884
119.14,121.8,77.089,89.965
118.73,122.59,76.949,89.801
118.13,123.35,77.055,89.925
118.69,124.88,76.595,89.399
118.62,126.18,76.834,89.677
117.86,126.97,77.037,89.908
117.59,127.38,77.526,90.48
118.11,127.97,77.439,90.371
119.64,128.99,76.125,88.864
120.29,129.19,76.232,88.98
120.36,129.26,76.109,88.836
120.33,129.85,76.027,88.735
120.7,129.66,76.031,88.738
121.08,130.43,75.476,88.091
120.96,130.37,75.771,88.44
120.41,130.57,75.706,88.371
121.07,130.28,76.173,88.909
120.94,130.28,76.13,88.862
121.25,130.22,75.774,88.458
121.28,130.02,76.183,88.924
120.39,130.59,76.775,89.603
120.61,130.42,76.416,89.191
120.74,130.37,76.222,88.968
120.16,131.23,75.366,87.988
120.06,130.96,75.936,88.639
119.45,130.56,76.547,89.338
119.67,130.58,76.573,89.369
120.28,130.43,76.305,89.062
120.04,130.51,76.464,89.244
120.3,130.73,75.924,88.623
120.05,130.8,76.257,89.006
120.15,130.51,76.719,89.535
119.46,131.2,76.833,89.665
119.61,133.09,75.453,88.086
118.95,133.19,76.556,89.348
119,134.53,75.952,88.659
119.66,136.75,76.053,88.775
119.88,137.36,76.07,88.795
120.01,137.42,76.515,89.304
120.43,138.25,76.301,89.059
120.62,138.62,76.213,88.958
120.18,138.95,76.504,89.293
120.03,138.74,75.945,88.649
118.84,136.45,77.361,90.27
119.43,133.7,77.302,90.201
119.7,130.55,77.466,90.389
119.14,126.39,77.671,90.623
119.33,121.85,77.955,90.954
119.13,118.35,77.554,90.493
120.4,115.6,76.765,89.585
120.43,110.99,76.32,89.077
120.06,108.26,75.719,88.39
120.92,104.96,75.551,88.202
120.58,103.33,76.18,88.921
119.93,102.47,75.757,88.439
118.87,100.47,77.2,90.098
119.1,99.82,77.33,90.25
118.77,99.704,77.601,90.561
119.25,99.944,77.106,89.986
120.42,100.57,76.152,88.892
120.16,100.44,76.372,89.142
120.51,100.86,76.224,88.971
120.42,100.82,76.261,89.009
120.89,101.43,76.081,88.803
120.96,101.56,76.212,88.958
120.63,101.96,76.788,89.618
121.12,102.97,76.556,89.354
121.2,103.35,76.297,89.056
121.74,104.67,76.305,89.066
122.2,105.32,76.661,89.473
122.35,106.72,76.777,89.604
122.42,107.24,76.898,89.743
122.76,107.38,77.179,90.065
123.8,108.59,77.226,90.118
124.35,107.91,77.322,90.227
124.87,108.93,77.653,90.604
126.24,110.06,77.18,90.062
125.91,110.64,77.666,90.619
127.17,111.91,76.806,89.634
126.99,112.25,76.8,89.628
126.88,113.04,76.386,89.154
126.16,113.48,77.274,90.17
125.57,114.27,77.355,90.263
125.32,115.49,77.247,90.138
125.28,116.11,77.267,90.16
125.39,117.11,77.011,89.87
125.34,116.59,77.248,90.142
125.36,116.18,77.309,90.211
125.44,116.13,77.272,90.167
125.44,115.97,77.24,90.129
125.41,115.85,77.293,90.191
125.39,115.79,77.323,90.226
125.38,115.76,77.34,90.245
125.08,116.06,77.658,90.609
125.04,115.99,77.615,90.563
125.64,116.67,76.571,89.365
125.77,116.82,76.728,89.545
125.48,117.72,77.058,89.917
126.06,119.35,75.736,88.411
127.36,120.89,74.67,87.187
127.3,121.47,73.506,85.827
124.68,121.37,75.367,87.959
122.85,121.81,75.579,88.208
122.16,122.5,75.208,87.785
121.57,122.35,74.784,87.302
121.32,121.34,75.9,88.587
121.09,121.38,76.515,89.296
120.02,122.24,75.567,88.214
119.4,122.68,75.601,88.255
119.55,122.94,75.599,88.254
120.22,122.36,76.465,89.239
119.85,121.88,76.494,89.268
120.02,122.57,75.646,88.293
120.62,122.18,75.013,87.568
120.04,122.02,75.185,87.769
119.97,121.81,75.887,88.578
119.74,121.88,75.714,88.382
119.85,122.18,76.735,89.552
119.86,121.9,76.69,89.502
119.88,121.74,76.645,89.451
119.79,121.68,76.607,89.407
119.85,121.64,76.6,89.399
119.87,121.64,76.597,89.397
119.89,121.67,77.103,89.972
119.95,121.8,77.209,90.095
119.88,121.28,76.883,89.722
120.6,121.64,76.683,89.493
120.83,122.43,76.488,89.272
121.06,122.02,76.546,89.338
121.19,121.92,76.594,89.393
121.25,121.76,76.592,89.391
121.3,121.54,76.534,89.324
121.72,121.89,76.139,88.873
121.49,121.63,75.995,88.711
121.17,121.38,76.031,88.751
120.93,121.21,76.293,89.056
120.39,120.88,76.687,89.508
120.14,121.23,76.674,89.49
119.75,121.72,76.625,89.441
120.08,120.69,76.819,89.662
119.82,120.46,77.073,89.955
120.19,120.26,77.096,89.981
119.72,119.67,78.115,91.17
119.95,119.24,77.773,90.769
119.32,118.62,79.417,92.643
119.4,118.27,79.331,92.537
119.28,118.68,77.594,90.546
119.91,119.24,77.102,89.979
120.24,119.54,76.884,89.728
120.48,118.88,76.422,89.198
120.2,118.68,76.301,89.06
120.18,118.8,76.186,88.928
120.38,118.9,76.132,88.865
119.03,118.41,76.73,89.55
118.27,118.02,76.978,89.832
117.91,118.3,76.676,89.484
117.8,117.82,77.115,89.989
116.77,117.29,76.271,89.02
116.18,116.85,76.267,89.02
115.61,116.99,76.364,89.129
114.6,116.52,77.233,90.122
114.06,116.17,77.833,90.812
113.37,117.04,77.201,90.087
112.83,117.34,77.008,89.867
111.71,118.1,76.716,89.53
109.43,118.45,77.709,90.667
106.54,119.64,77.579,90.52
104.18,121.15,77.471,90.397
101.21,121.13,77.741,90.705
98.159,121.12,77.92,90.91
96.093,120.92,78.157,91.185
94.794,120.89,77.845,90.829
93.054,120.85,77.558,90.498
91.528,120.1,78.631,91.725
91.134,121.03,77.942,90.935
91.104,121.59,77.432,90.35
91.454,122.24,77.042,89.9
90.501,121.45,77.76,90.72
90.137,121.61,78.594,91.675
89.687,122.35,77.728,90.681
89.805,122.24,77.739,90.696
89.803,122.07,77.869,90.847
89.966,121.73,78.272,91.309
89.559,121.86,77.779,90.746
90.025,122.71,77.892,90.876
89.736,122.12,77.94,90.932
89.778,121.85,78.05,91.059
90.186,122.87,78.029,91.034
90.446,123.21,78.11,91.129
90.809,124.1,77.684,90.641
90.362,124.16,78.592,91.677
91.311,124.57,77.984,90.983
91.937,124.9,77.568,90.505
91.964,125.63,77.272,90.164
92.539,126.02,76.804,89.627
92.973,125.65,77.18,90.056
94.124,126.92,77.526,90.454
94.509,125.86,78.469,91.534
94.437,124.89,79.298,92.481
94.896,125.37,78.703,91.802
96.03,125.05,79.226,92.397
96.219,125.82,78.613,91.699
97.67,126.41,77.612,90.556
99.019,126.06,77.527,90.462
100.05,125.66,77.467,90.393
100.44,126.01,77.695,90.653
99.945,124.52,78.775,91.891
101.51,122.88,78.223,91.254
102.73,122.62,77.222,90.115
103.58,122.56,76.69,89.506
104.31,121.96,76.599,89.4
104.73,121.71,76.693,89.509
105.08,120.45,76.823,89.66
104.78,120.85,76.751,89.576
104.67,121.04,76.832,89.671
105.7,120.98,76.035,88.758
105.05,121.17,76.396,89.171
104.57,121.09,76.791,89.621
104.53,121.32,76.713,89.531
104.63,121.45,76.708,89.525
104.32,121.21,76.981,89.838
104.44,121.37,76.857,89.696
105.69,120.98,77.209,90.102
106.65,121.47,76.881,89.727
107.42,120.69,77.732,90.697
107.75,120.24,78.396,91.458
108.4,119.83,79.18,92.357
109.51,119.53,78.76,91.875
110.72,120.3,77.98,90.98
111.7,121.85,76.646,89.452
112.67,122.52,75.801,88.481
112.62,120.75,77.218,90.104
112.87,120.09,77.55,90.484
112.58,119.19,77.785,90.755
112.81,119.56,77.161,90.04
113.34,119.65,76.466,89.247
113.11,119.82,76.515,89.302
112.78,119.89,76.654,89.464
112.26,119.83,76.921,89.767
