NaN,NaN,NaN,-1
130.33,113.47,82.8,96.6
128.8,113.47,84.333,98.133
130.33,110.4,82.8,101.2
128.8,108.87,84.333,102.73
127.27,108.87,85.867,102.73
130.33,110.4,82.8,101.2
127.27,108.87,85.867,101.2
127.27,110.4,84.333,99.667
127.27,108.87,84.333,101.2
128.8,108.87,82.8,99.667
125.73,111.93,84.333,99.667
121.13,108.87,88.933,104.27
121.13,113.47,85.867,99.667
122.67,111.93,82.8,101.2
119.6,111.93,84.333,102.73
115,108.87,85.867,105.8
116.53,110.4,82.8,104.27
113.47,111.93,82.8,104.27
110.4,113.47,82.8,102.73
105.8,113.47,84.333,102.73
104.27,115,84.333,99.667
101.2,113.47,85.867,101.2
99.667,113.47,87.289,95.067
99.667,115,87.4,87.4
99.667,115,87.4,82.8
96.6,111.93,93.533,81.267
98.133,110.4,92,78.2
96.6,105.8,95.067,79.733
98.133,104.27,93.533,76.667
95.067,98.133,96.6,78.2
95.067,98.133,96.6,75.133
96.6,98.133,95.067,75.133
95.067,98.133,98.133,73.6
96.6,98.133,96.6,75.133
95.067,98.133,98.133,75.133
98.133,96.6,95.067,76.667
98.133,96.6,96.6,76.667
99.667,96.6,96.6,76.667
99.667,96.6,98.133,76.667
102.73,96.6,95.067,75.133
105.8,96.6,95.067,75.133
107.33,96.6,95.067,75.133
110.4,96.6,93.533,75.133
111.93,96.6,95.067,75.133
116.53,95.067,92,76.667
118.07,95.067,93.533,78.2
119.6,95.067,93.533,78.2
122.67,96.6,93.533,75.133
122.67,96.6,95.067,76.667
125.73,96.6,95.067,76.667
127.27,96.6,95.067,78.2
128.8,98.133,95.067,78.2
131.87,98.133,93.533,79.733
133.4,99.667,95.067,79.733
134.93,99.667,95.067,81.267
136.47,99.667,95.067,82.8
138,99.667,93.533,85.867
139.53,102.73,90.467,85.867
138,104.27,93.533,88.933
138,105.8,95.067,65.933
141.07,105.8,92,67.467
141.07,107.33,93.533,69
142.6,107.33,92,67.467
144.13,107.33,90.467,72.067
141.07,107.33,95.067,70.533
144.13,107.33,92,73.6
142.6,107.33,93.533,73.6
144.13,108.87,93.533,69
144.13,108.87,93.533,67.467
144.13,108.87,93.533,67.467
144.13,108.87,95.067,73.6
145.67,107.33,93.533,73.6
147.2,107.33,92,73.6
145.67,107.33,93.533,72.067
147.2,107.33,90.467,73.6
147.2,107.33,90.467,70.533
145.67,107.33,92,72.067
144.13,107.33,92,72.067
142.6,107.33,93.533,73.6
142.6,107.33,92,72.067
141.07,107.33,92,70.533
139.53,107.33,93.533,72.067
139.53,108.87,92,72.067
136.47,107.33,92,70.533
134.93,104.27,93.533,70.533
133.4,104.27,95.067,67.467
128.8,99.667,98.133,76.667
122.67,88.933,102.73,90.467
119.6,84.333,105.8,92
116.53,78.2,107.33,101.2
113.47,75.133,110.4,107.33
110.4,70.533,111.93,111.93
108.87,69,111.93,113.47
104.27,93.533,116.53,90.467
115,90.467,104.27,95.067
116.53,90.467,101.2,95.067
118.07,88.933,99.667,96.6
145.67,107.33,70.533,79.733
145.67,110.4,70.533,78.2
145.67,108.87,69,79.733
145.67,104.27,69,84.333
145.67,107.33,69,81.267
145.67,107.33,69,79.733
145.67,107.33,67.467,82.8
148.73,108.87,64.4,81.267
147.2,108.87,65.933,81.267
147.2,108.87,65.933,81.267
147.2,110.4,65.933,79.733
147.2,110.4,65.933,82.8
148.73,111.93,64.4,81.267
145.67,110.4,67.467,82.8
148.73,110.4,64.4,84.333
145.67,110.4,67.467,84.333
145.67,110.4,67.467,84.333
145.67,111.93,67.467,82.8
145.67,111.93,67.467,85.867
146.42,111.93,66.709,84.333
145.67,111.93,67.467,84.333
142.6,111.93,70.533,84.333
142.6,111.93,70.533,84.333
142.6,111.93,70.533,84.333
142.6,111.93,70.533,84.333
145.67,111.93,67.467,84.333
145.67,111.93,67.467,85.867
144.13,111.93,69,84.333
144.13,111.93,69,85.867
142.6,111.93,70.533,87.4
139.53,111.93,73.6,87.4
141.07,111.93,72.067,87.4
141.07,111.93,72.067,87.4
141.07,111.93,72.067,87.4
142.6,111.93,70.533,87.4
141.07,110.4,72.067,88.933
141.07,110.4,72.067,87.4
139.53,110.4,73.6,85.867
138,108.87,75.133,87.4
134.93,108.87,78.2,87.4
133.4,107.33,79.733,86.642
128.8,107.33,84.333,87.4
131.87,107.33,81.267,88.933
130.33,107.33,82.8,98.133
128.8,107.33,84.333,98.133
128.8,105.8,82.8,99.667
128.8,104.27,82.8,99.667
128.8,104.27,81.267,98.133
128.8,104.27,81.267,98.133
127.27,104.27,82.8,98.133
127.27,104.27,82.8,98.133
127.27,104.27,81.267,98.133
125.73,104.27,82.8,98.133
125.73,104.27,82.8,98.133
125.73,104.27,81.267,98.133
124.2,104.27,82.8,93.533
124.2,102.73,82.8,95.067
122.67,102.73,84.333,95.067
124.2,102.73,82.8,95.067
122.67,104.27,84.333,92
122.67,102.73,84.333,93.533
121.13,102.73,85.867,93.533
121.13,102.73,84.333,93.533
121.13,102.73,84.333,95.067
121.13,102.73,84.333,95.067
121.13,102.73,84.333,95.067
121.13,102.73,84.333,95.067
121.13,102.73,84.333,95.067
122.67,102.73,82.8,96.6
122.67,102.73,82.8,96.6
124.2,102.73,81.267,96.6
122.67,102.73,84.333,99.667
122.67,102.73,84.333,99.667
121.13,104.27,84.333,99.667
122.67,104.27,82.8,99.667
122.67,104.27,79.733,99.667
122.67,105.8,78.2,98.133
122.67,105.8,78.2,99.667
121.13,104.27,84.333,101.2
121.13,102.73,79.733,102.73
121.13,101.2,78.2,102.73
121.13,98.133,75.133,105.8
121.13,96.6,72.067,108.87
121.13,96.6,73.6,115
121.13,93.533,76.667,119.6
121.13,93.533,76.667,121.13
121.13,93.533,76.667,121.13
121.13,93.533,76.667,124.2
116.53,115,79.733,104.27
116.53,116.53,79.733,104.27
116.53,116.53,78.2,102.73
118.07,118.07,75.133,101.2
118.07,118.07,75.133,111.93
116.53,118.07,49.067,111.93
118.07,118.07,49.067,111.93
118.07,119.6,46,108.87
118.07,119.6,47.533,110.4
118.07,119.6,47.533,108.87
118.07,119.6,47.533,108.87
118.07,119.6,47.533,110.4
118.07,119.6,47.533,108.87
118.07,119.6,47.533,110.4
118.07,119.6,47.533,110.4
118.07,119.6,47.533,110.4
118.07,119.6,47.533,110.4
118.07,119.6,47.533,110.4
118.07,119.6,47.533,115
118.07,119.6,47.533,115
119.6,119.6,46,113.47
119.6,118.07,46,115
119.6,119.6,46,115
116.53,121.13,49.067,122.67
116.53,121.13,49.067,124.2
116.53,121.13,49.067,125.73
116.53,124.2,46,136.47
116.53,125.73,46,134.93
116.53,125.73,46,136.47
116.53,125.73,47.533,136.47
116.53,125.73,47.533,136.47
116.53,124.95,47.533,140.32
118.13,124.2,45.942,139.53
118.07,121.13,46,142.6
118.07,119.6,46,139.53
118.07,116.53,44.467,139.53
118.07,111.93,46,141.07
118.07,107.33,46,139.53
118.07,102.73,46,139.53
116.53,98.133,49.067,138
118.07,93.533,50.6,142.6
119.6,90.467,49.067,142.6
119.6,87.4,49.067,141.07
118.07,84.333,50.6,141.07
118.07,82.8,52.133,141.07
118.07,81.267,52.133,141.07
118.07,81.267,52.133,142.6
118.07,79.733,52.133,142.6
118.07,79.733,53.667,138
118.07,79.733,53.667,139.53
118.07,81.267,52.133,144.13
118.07,82.8,52.133,133.4
119.6,82.8,52.133,133.4
119.6,82.8,53.667,136.47
119.6,82.8,53.667,136.47
121.13,84.333,55.2,134.93
122.67,84.333,55.2,136.47
122.67,85.867,52.133,134.93
122.67,87.4,62.867,133.4
122.67,85.867,65.933,134.93
124.2,85.867,65.933,136.47
125.73,87.4,65.933,134.93
125.73,88.933,65.933,134.93
125.73,90.467,65.933,131.87
125.73,90.467,65.933,133.4
127.27,92,64.4,133.4
127.27,93.533,64.4,134.93
127.27,93.533,64.4,136.47
127.27,95.067,64.4,136.47
127.27,95.067,65.933,134.93
127.27,95.067,65.933,136.47
125.73,96.6,65.933,136.47
125.73,96.6,65.933,136.47
125.73,98.133,65.933,136.47
125.73,99.667,64.4,138
124.2,101.2,65.933,136.47
124.2,99.667,65.933,139.53
124.2,99.667,65.933,139.53
124.2,101.2,65.933,139.53
124.2,101.2,67.467,136.47
125.73,101.2,67.467,139.53
124.2,101.2,69,139.53
125.73,101.2,65.933,142.6
124.2,102.73,67.467,134.93
124.2,102.73,67.467,131.87
125.73,102.73,67.467,128.8
116.53,102.73,76.667,108.87
113.47,102.73,78.2,102.73
111.93,104.27,78.2,96.6
110.4,105.8,78.2,92
113.47,105.8,73.6,90.467
105.8,105.8,79.733,88.933
107.33,105.8,76.667,88.102
107.33,105.8,75.133,85.867
108.87,105.8,73.6,85.867
105.8,107.33,76.667,84.333
104.27,107.33,79.733,84.333
107.33,107.33,75.133,84.333
110.4,107.33,72.067,85.867
107.33,108.87,76.667,84.333
108.87,108.87,73.6,84.333
105.8,108.87,75.133,82.8
102.73,108.87,78.2,81.267
99.667,108.87,81.267,81.267
96.6,108.87,82.8,81.267
96.6,108.87,84.333,81.267
92,108.87,87.4,81.267
90.467,108.87,88.933,81.267
111.93,110.4,67.467,79.733
111.93,110.4,69,79.733
111.93,110.4,65.933,79.733
110.4,110.4,67.467,79.733
110.4,110.4,65.933,79.733
111.93,110.4,65.933,79.733
110.4,110.4,69,79.733
110.4,110.4,73.6,79.733
108.87,110.4,76.667,79.733
110.4,110.4,76.667,79.733
110.4,110.4,78.2,79.733
108.87,111.93,78.2,78.2
108.87,110.4,76.667,79.733
110.4,110.4,78.2,79.733
110.4,110.4,75.133,79.733
110.4,110.4,76.667,79.733
110.4,108.87,79.733,81.267
110.4,108.87,75.739,81.267
111.93,108.87,75.133,82.8
111.93,108.87,73.6,84.333
111.93,108.87,72.067,85.867
111.93,108.87,75.133,87.4
111.93,108.87,73.6,87.4
113.47,107.33,72.067,90.467
111.93,107.33,76.667,93.533
111.93,107.33,76.667,96.6
113.47,107.33,75.133,102.73
113.47,105.8,76.667,102.73
113.47,105.8,76.667,108.87
113.47,105.8,75.133,105.8
113.47,105.8,75.133,105.8
113.47,104.27,75.133,104.27
111.93,104.27,75.133,104.27
110.4,102.73,76.667,105.8
110.4,102.73,76.667,105.8
108.87,102.73,76.667,104.27
107.33,102.73,75.133,104.27
107.33,102.73,75.133,104.27
107.33,102.73,75.133,105.8
105.8,102.73,76.667,104.27
107.34,102.73,75.128,104.27
107.33,102.73,73.6,105.8
105.8,102.73,75.133,104.27
105.8,102.73,73.6,105.8
104.27,102.73,75.133,107.33
104.27,102.73,75.133,107.33
101.2,104.27,72.067,105.8
99.667,104.27,73.6,104.27
98.133,105.8,73.6,105.8
95.067,105.8,76.667,105.8
93.533,105.8,75.133,104.27
92,105.8,75.133,104.27
90.467,105.8,75.133,108.87
88.933,105.8,75.133,107.33
88.933,105.8,73.6,113.47
92,105.8,73.6,113.47
95.067,105.8,69,116.53
101.19,105.8,64.415,116.53
102.73,105.8,59.8,116.53
105.8,105.8,59.8,110.4
108.87,107.33,55.2,110.4
111.93,107.33,52.133,110.4
111.93,107.33,53.667,110.4
111.93,107.33,53.667,110.4
110.4,107.33,55.2,110.4
108.87,108.87,56.733,107.33
107.33,108.87,58.267,105.8
105.8,107.33,59.8,113.47
105.8,108.87,61.333,111.93
105.8,107.33,61.333,113.47
105.8,107.33,61.333,113.47
104.27,108.87,64.4,110.4
104.27,107.33,64.4,111.93
107.33,107.33,62.867,115
107.33,107.33,62.867,115
108.87,107.33,62.867,115
110.4,107.33,61.333,111.93
111.93,107.33,61.333,111.93
113.47,107.33,59.8,115
115,107.33,59.8,113.47
115,107.33,59.8,113.47
116.53,107.33,59.8,111.93
116.53,107.33,59.8,111.93
116.53,107.33,59.8,111.93
118.07,107.33,59.8,111.93
119.6,107.33,58.267,111.93
121.13,105.8,55.2,111.93
119.6,105.8,56.733,113.47
121.13,104.27,56.733,111.93
122.67,102.73,56.733,111.93
122.67,101.2,55.2,111.93
122.67,101.2,55.2,115
124.2,101.2,53.667,115
124.2,101.2,55.2,113.47
125.73,99.667,53.667,115
125.73,99.667,53.667,113.47
125.73,99.667,55.2,111.93
125.73,99.667,56.733,111.93
124.2,98.133,58.267,113.47
125.73,98.133,56.733,113.47
124.2,98.133,58.267,113.47
122.67,98.133,58.267,113.47
122.67,98.133,59.8,111.93
122.67,98.133,61.333,111.93
122.67,98.133,61.333,111.93
121.13,98.133,62.867,111.93
121.13,98.133,62.867,111.93
121.13,96.6,62.867,113.47
119.6,96.6,64.4,113.47
119.6,96.6,64.4,113.47
118.07,96.6,67.467,113.47
121.13,96.6,64.4,113.47
119.6,96.6,65.933,113.47
121.13,96.6,64.4,113.47
121.13,96.6,64.4,115
115,96.6,69,115
115,96.6,69,115
134.93,96.6,49.067,115
133.4,96.6,50.6,113.47
133.4,96.6,49.067,113.47
133.4,98.133,49.067,111.93
