NaN,NaN,NaN,-1
151,96,17,52
151,96,17,52
150,93,17,52
149,92,17,52
149,90,17,52
150,89,17,52
151,88,17,52
153,88,17,52
154,87,17,52
156,87,17,52
157,87,17,52
156,87,17,52
154,87,17,52
153,87,17,52
152,87,17,52
148,87,17,52
143,87,17,52
138,87,17,52
134,87,17,52
131,87,17,52
130,87,17,52
131,86,17,52
131,86,17,52
132,85,17,52
133,85,17,52
134,84,17,52
136,84,17,52
138,84,17,52
140,84,17,52
142,84,17,52
144,84,17,52
147,84,17,52
149,84,17,52
151,84,17,52
151,84,17,52
151,84,17,52
151,84,17,52
152,84,17,52
153,84,17,52
154,84,17,52
156,85,17,52
157,85,17,52
157,85,17,52
158,85,17,52
159,86,17,52
161,86,17,52
162,86,17,52
164,86,17,52
166,86,17,52
166,86,17,52
165,86,17,52
165,86,17,52
164,86,17,52
162,87,17,52
160,87,17,52
157,87,17,52
152,87,17,52
145,87,17,52
138,87,17,52
132,86,17,52
129,85,17,52
129,83,17,52
129,82,17,52
131,82,17,52
136,81,17,52
141,81,17,52
145,80,17,52
151,80,17,52
157,80,17,52
163,80,17,52
169,80,17,52
173,81,17,52
176,81,17,52
179,81,17,52
179,81,17,52
179,82,17,52
178,83,17,52
178,84,17,52
178,86,17,52
179,87,17,52
180,88,17,52
181,88,17,52
183,89,17,52
185,89,17,52
187,90,17,52
189,90,17,52
191,90,17,52
194,91,17,52
196,91,17,52
198,91,17,52
199,90,17,52
198,89,17,52
197,87,17,52
197,86,17,52
197,83,17,52
194,82,17,52
189,81,17,52
187,79,17,52
186,78,17,52
185,77,17,52
184,77,17,52
184,76,17,52
184,76,17,52
184,75,17,52
185,75,17,52
185,75,17,52
186,75,17,52
183,75,17,52
180,75,17,52
177,76,17,52
176,76,17,52
174,75,17,52
172,75,17,52
168,75,17,52
166,76,17,52
164,76,17,52
161,77,17,52
159,78,17,52
158,79,17,52
157,81,17,52
155,83,17,52
154,84,17,52
152,85,17,52
152,87,17,52
155,88,17,52
161,89,17,52
168,89,17,52
175,89,17,52
180,87,17,52
183,86,17,52
187,83,17,52
191,82,17,52
195,81,17,52
199,80,17,52
202,78,17,52
205,77,17,52
208,77,17,52
208,77,17,52
208,77,17,52
205,78,17,52
198,81,17,52
189,83,17,52
183,88,17,52
175,91,17,52
169,94,17,52
164,96,17,52
161,98,17,52
158,98,17,52
155,98,17,52
155,97,17,52
156,95,17,52
159,92,17,52
161,89,17,52
162,88,17,52
163,87,17,52
161,85,17,52
160,84,17,52
160,84,17,52
159,83,17,52
157,83,17,52
154,82,17,52
151,82,17,52
145,81,17,52
141,81,17,52
137,82,17,52
135,82,17,52
137,82,17,52
138,83,17,52
138,82,17,52
134,81,17,52
137,81,17,52
136,79,17,52
134,78,17,52
132,77,17,52
133,76,17,52
134,76,17,52
136,76,17,52
135,77,17,52
133,79,17,52
129,82,17,52
125,85,17,52
121,88,17,52
117,90,17,52
118,91,17,52
122,92,17,52
126,92,17,52
130,93,17,52
133,93,17,52
136,93,17,52
139,93,17,52
142,93,17,52
144,93,17,52
147,93,17,52
148,93,17,52
149,93,17,52
149,92,17,52
149,92,17,52
148,92,17,52
148,91,17,52
149,91,17,52
148,91,17,52
146,91,17,52
144,91,17,52
141,91,17,52
142,91,17,52
144,91,17,52
132,95,17,52
130,93,17,52
147,87,17,52
145,87,17,52
143,87,17,52
141,86,17,52
141,86,17,52
141,85,17,52
141,85,17,52
NaN,NaN,NaN,-2
NaN,NaN,NaN,0
NaN,NaN,NaN,0
NaN,NaN,NaN,0
NaN,NaN,NaN,0
NaN,NaN,NaN,-1
134,90,14,39
139,91,14,39
143,90,14,39
145,90,14,39
146,90,14,39
147,90,14,39
151,89,14,39
155,89,14,39
158,89,14,39
160,89,14,39
161,88,14,39
162,88,14,39
162,88,14,39
163,88,14,39
164,88,14,39
165,88,14,39
164,88,14,39
164,88,14,39
163,88,14,39
164,88,14,39
167,88,14,39
169,87,14,39
171,87,14,39
172,87,14,39
174,86,14,39
176,86,14,39
177,86,14,39
178,86,14,39
178,86,14,39
178,86,14,39
178,87,14,39
178,88,14,39
178,90,14,39
178,91,14,39
177,93,14,39
176,94,14,39
176,94,14,39
175,95,14,39
174,95,14,39
173,96,14,39
172,96,14,39
171,97,14,39
170,97,14,39
170,97,14,39
169,97,14,39
170,97,14,39
171,97,14,39
169,103,14,39
169,106,14,39
