NaN,NaN,NaN,-1
153,96,18,52
153,96,18,52
152,93,18,52
151,92,18,52
151,90,18,52
152,89,18,52
153,88,18,52
155,88,18,52
156,87,18,52
158,87,18,52
159,87,18,52
158,87,18,52
157,87,18,52
155,87,18,52
154,87,18,52
150,87,18,52
145,87,18,52
141,87,18,52
137,87,18,52
134,87,18,52
133,87,18,52
133,86,18,52
134,86,18,52
134,85,18,52
135,85,18,52
137,84,18,52
139,84,18,52
140,84,18,52
142,84,18,52
145,84,18,52
147,84,18,52
149,84,18,52
152,84,18,52
154,84,18,52
154,84,18,52
153,84,18,52
154,84,18,52
155,84,18,52
156,84,18,52
157,84,18,52
158,84,18,52
159,85,18,52
160,85,18,52
161,85,18,52
162,86,18,52
163,86,18,52
165,86,18,52
167,86,18,52
168,86,18,52
169,86,18,52
168,86,18,52
168,86,18,52
167,86,18,52
165,87,18,52
163,87,18,52
160,87,18,52
155,87,18,52
148,87,18,52
141,87,18,52
135,86,18,52
132,85,18,52
132,83,18,52
132,82,18,52
134,82,18,52
139,81,18,52
144,81,18,52
148,80,18,52
154,80,18,52
160,80,18,52
166,79,18,52
172,80,18,52
175,80,18,52
179,81,18,52
182,81,18,52
182,81,18,52
182,82,18,52
181,83,18,52
181,84,18,52
181,86,18,52
182,87,18,52
183,88,18,52
184,88,18,52
186,89,18,52
188,89,18,52
190,90,18,52
192,90,18,52
194,90,18,52
197,91,18,52
199,91,18,52
201,91,18,52
202,90,18,52
201,89,18,52
200,88,18,52
200,86,18,52
200,83,18,52
197,82,18,52
192,81,18,52
190,79,18,52
189,78,18,52
188,77,18,52
187,77,18,52
186,76,18,52
186,76,18,52
187,75,18,52
187,75,18,52
188,75,18,52
189,75,18,52
186,75,18,52
182,75,18,52
180,75,18,52
179,75,18,52
177,75,18,52
175,75,18,52
171,75,18,52
168,75,18,52
166,76,18,52
163,77,18,52
161,78,18,52
160,79,18,52
159,80,18,52
157,83,18,52
156,84,18,52
154,85,18,52
153,87,18,52
157,88,18,52
163,89,18,52
170,89,18,52
176,88,18,52
182,87,18,52
185,86,18,52
189,83,18,52
193,82,18,52
197,81,18,52
201,79,18,52
203,77,18,52
207,77,18,52
209,76,18,52
210,76,18,52
209,76,18,52
207,77,18,52
200,81,18,52
191,83,18,52
184,87,18,52
177,91,18,52
171,94,18,52
166,96,18,52
163,98,18,52
160,98,18,52
157,98,18,52
157,97,18,52
158,95,18,52
161,92,18,52
163,89,18,52
164,88,18,52
165,87,18,52
163,85,18,52
162,84,18,52
162,84,18,52
161,83,18,52
159,83,18,52
156,82,18,52
153,82,18,52
147,81,18,52
143,81,18,52
139,82,18,52
137,82,18,52
139,82,18,52
139,82,18,52
139,82,18,52
131,84,18,52
123,83,18,52
116,81,18,52
NaN,NaN,NaN,-2
NaN,NaN,NaN,0
NaN,NaN,NaN,0
NaN,NaN,NaN,0
NaN,NaN,NaN,0
NaN,NaN,NaN,-1
125,76,20,59
121,79,20,59
117,82,20,59
113,85,20,59
110,87,20,59
111,88,20,59
115,89,20,59
119,89,20,59
123,89,20,59
126,90,20,59
129,90,20,59
132,90,20,59
135,90,20,59
137,90,20,59
140,90,20,59
142,90,20,59
143,89,20,59
142,89,20,59
142,89,20,59
142,88,20,59
142,88,20,59
142,88,20,59
142,88,20,59
140,88,20,59
138,88,20,59
135,88,20,59
136,88,20,59
138,88,20,59
141,86,20,59
142,84,20,59
141,84,20,59
140,84,20,59
138,83,20,59
136,83,20,59
136,83,20,59
136,82,20,59
135,82,20,59
134,82,20,59
132,82,20,59
131,82,20,59
129,83,20,59
127,83,20,59
128,84,20,59
133,84,20,59
138,85,20,59
142,85,20,59
144,85,20,59
145,84,20,59
146,84,20,59
150,84,20,59
154,83,20,59
156,83,20,59
158,83,20,59
160,83,20,59
160,83,20,59
161,83,20,59
162,83,20,59
163,83,20,59
163,83,20,59
163,83,20,59
162,83,20,59
162,82,20,59
163,82,20,59
166,82,20,59
168,82,20,59
170,81,20,59
171,81,20,59
172,80,20,59
174,80,20,59
175,80,20,59
176,80,20,59
177,80,20,59
177,80,20,59
177,81,20,59
177,82,20,59
177,84,20,59
176,85,20,59
176,87,20,59
175,87,20,59
174,88,20,59
174,88,20,59
173,89,20,59
172,89,20,59
171,90,20,59
170,90,20,59
169,90,20,59
169,90,20,59
168,91,20,59
169,90,20,59
170,90,20,59
171,90,20,59
172,89,20,59
