NaN,NaN,NaN,-1
123,91,46.73,58.572
123,92,46.73,58.572
123,92,46.73,58.572
122,93,46.73,58.572
122,94,46.73,58.572
123,92,46.73,58.572
122,93,46.73,58.572
123,94,46.73,58.572
121,94,46.73,58.572
121,95,46.73,58.572
120,96,46.73,58.572
120,97,46.73,58.572
120,97,46.73,58.572
118,97,46.73,58.572
118,97,46.73,58.572
117,97,46.73,58.572
116,98,46.73,58.572
115,97,46.73,58.572
115,98,46.73,58.572
116,97,46.73,58.572
116,96,46.73,58.572
117,94,46.73,58.572
119,93,46.73,58.572
120,94,46.73,58.572
121,93,46.73,58.572
122,92,46.73,58.572
125,91,46.73,58.572
126,91,46.73,58.572
126,89,46.73,58.572
127,89,46.73,58.572
127,87,46.73,58.572
126,86,46.73,58.572
125,85,46.73,58.572
122,83,46.73,58.572
121,81,46.73,58.572
120,82,46.73,58.572
119,81,46.73,58.572
116,82,46.73,58.572
117,82,46.73,58.572
117,84,46.73,58.572
116,86,46.73,58.572
116,89,46.73,58.572
115,91,46.73,58.572
116,93,46.73,58.572
116,95,46.73,58.572
117,96,46.73,58.572
117,96,46.73,58.572
118,96,46.73,58.572
120,94,46.73,58.572
119,95,46.73,58.572
120,93,46.73,58.572
120,93,46.73,58.572
122,93,46.73,58.572
122,92,46.73,58.572
121,93,46.73,58.572
120,93,46.73,58.572
121,92,46.73,58.572
121,92,46.73,58.572
121,93,46.73,58.572
119,93,46.73,58.572
119,95,46.73,58.572
117,97,46.73,58.572
117,99,46.73,58.572
117,100,46.73,58.572
118,101,46.73,58.572
117,103,46.73,58.572
119,103,46.73,58.572
120,104,46.73,58.572
119,103,46.73,58.572
120,101,46.73,58.572
120,99,46.73,58.572
119,96,46.73,58.572
120,93,46.73,58.572
118,90,46.73,58.572
119,86,46.73,58.572
120,84,46.73,58.572
120,81,46.73,58.572
120,78,46.73,58.572
118,78,46.73,58.572
120,78,46.73,58.572
118,78,46.73,58.572
117,79,46.73,58.572
119,80,46.73,58.572
117,82,46.73,58.572
117,84,46.73,58.572
115,86,46.73,58.572
115,87,46.73,58.572
113,89,46.73,58.572
111,90,46.73,58.572
109,92,46.73,58.572
107,92,46.73,58.572
105,93,46.73,58.572
104,95,46.73,58.572
100,96,46.73,58.572
102,99,46.73,58.572
97,100,46.73,58.572
98,102,46.73,58.572
99,103,46.73,58.572
96,104,46.73,58.572
99,105,46.73,58.572
100,103,46.73,58.572
99,102,46.73,58.572
100,102,46.73,58.572
105,101,46.73,58.572
105,101,46.73,58.572
111,100,46.73,58.572
114,101,46.73,58.572
118,101,46.73,58.572
117,100,46.73,58.572
121,100,46.73,58.572
123,100,46.73,58.572
125,98,46.73,58.572
127,97,46.73,58.572
129,98,46.73,58.572
130,98,46.73,58.572
129,99,46.73,58.572
129,100,46.73,58.572
129,102,46.73,58.572
130,103,46.73,58.572
126,103,46.73,58.572
123,103,46.73,58.572
119,103,46.73,58.572
118,101,46.73,58.572
117,98,46.73,58.572
117,95,46.73,58.572
115,94,46.73,58.572
112,92,46.73,58.572
112,91,46.73,58.572
108,90,46.73,58.572
109,92,46.73,58.572
105,93,46.73,58.572
106,94,46.73,58.572
104,96,46.73,58.572
101,98,46.73,58.572
99,100,46.73,58.572
101,103,46.73,58.572
105,105,46.73,58.572
106,106,46.73,58.572
106,106,46.73,58.572
107,106,46.73,58.572
109,106,46.73,58.572
110,106,46.73,58.572
108,105,46.73,58.572
109,104,46.73,58.572
109,102,46.73,58.572
107,100,46.73,58.572
103,99,46.73,58.572
100,99,46.73,58.572
96,98,46.73,58.572
93,96,46.73,58.572
90,97,46.73,58.572
89,98,46.73,58.572
83,98,46.73,58.572
84,99,46.73,58.572
85,99,46.73,58.572
85,98,46.73,58.572
82,98,46.73,58.572
81,99,46.73,58.572
83,99,46.73,58.572
83,101,46.73,58.572
83,103,46.73,58.572
83,103,46.73,58.572
84,103,46.73,58.572
84,105,46.73,58.572
85,107,46.73,58.572
82,108,46.73,58.572
82,108,46.73,58.572
82,108,46.73,58.572
81,108,46.73,58.572
81,108,46.73,58.572
80,107,46.73,58.572
79,106,46.73,58.572
79,104,46.73,58.572
77,103,46.73,58.572
75,102,46.73,58.572
74,101,46.73,58.572
73,101,46.73,58.572
73,99,46.73,58.572
70,100,46.73,58.572
69,100,46.73,58.572
66,101,46.73,58.572
64,101,46.73,58.572
63,100,46.73,58.572
61,99,46.73,58.572
59,99,46.73,58.572
59,98,46.73,58.572
56,98,46.73,58.572
57,99,46.73,58.572
57,99,46.73,58.572
59,101,46.73,58.572
59,102,46.73,58.572
61,103,46.73,58.572
62,103,46.73,58.572
62,105,46.73,58.572
62,104,46.73,58.572
62,104,46.73,58.572
62,104,46.73,58.572
61,103,46.73,58.572
60,102,46.73,58.572
59,100,46.73,58.572
59,100,46.73,58.572
58,98,46.73,58.572
58,96,46.73,58.572
57,96,46.73,58.572
56,95,46.73,58.572
56,95,46.73,58.572
56,94,46.73,58.572
57,94,46.73,58.572
59,94,46.73,58.572
63,93,46.73,58.572
64,92,46.73,58.572
64,91,46.73,58.572
65,90,46.73,58.572
67,89,46.73,58.572
69,89,46.73,58.572
68,89,46.73,58.572
68,88,46.73,58.572
69,89,46.73,58.572
71,88,46.73,58.572
72,87,46.73,58.572
74,86,46.73,58.572
76,87,46.73,58.572
79,87,46.73,58.572
82,87,46.73,58.572
83,88,46.73,58.572
84,89,46.73,58.572
89,91,46.73,58.572
90,93,46.73,58.572
94,97,46.73,58.572
95,100,46.73,58.572
98,100,46.73,58.572
101,101,46.73,58.572
104,103,46.73,58.572
105,107,46.73,58.572
110,112,46.73,58.572
111,115,46.73,58.572
110,113,46.73,58.572
111,113,46.73,58.572
111,111,46.73,58.572
109,110,46.73,58.572
106,108,46.73,58.572
105,104,46.73,58.572
102,103,46.73,58.572
97,101,46.73,58.572
93,101,46.73,58.572
89,98,46.73,58.572
85,96,46.73,58.572
80,95,46.73,58.572
76,93,46.73,58.572
72,93,46.73,58.572
69,93,46.73,58.572
68,92,46.73,58.572
70,92,46.73,58.572
72,93,46.73,58.572
77,96,46.73,58.572
81,98,46.73,58.572
85,98,46.73,58.572
87,99,46.73,58.572
89,103,46.73,58.572
89,107,46.73,58.572
93,108,46.73,58.572
93,111,46.73,58.572
95,113,46.73,58.572
96,115,46.73,58.572
98,115,46.73,58.572
100,114,46.73,58.572
104,112,46.73,58.572
105,111,46.73,58.572
107,107,46.73,58.572
110,103,46.73,58.572
111,98,46.73,58.572
114,95,46.73,58.572
115,90,46.73,58.572
114,87,46.73,58.572
113,84,46.73,58.572
112,81,46.73,58.572
110,78,46.73,58.572
106,76,46.73,58.572
103,71,46.73,58.572
100,67,46.73,58.572
98,65,46.73,58.572
94,62,46.73,58.572
91,61,46.73,58.572
89,59,46.73,58.572
88,60,46.73,58.572
85,59,46.73,58.572
86,60,46.73,58.572
84,63,46.73,58.572
83,64,46.73,58.572
82,65,46.73,58.572
81,66,46.73,58.572
79,69,46.73,58.572
78,71,46.73,58.572
78,73,46.73,58.572
76,76,46.73,58.572
76,79,46.73,58.572
74,80,46.73,58.572
75,83,46.73,58.572
77,85,46.73,58.572
79,87,46.73,58.572
80,87,46.73,58.572
83,89,46.73,58.572
