NaN,NaN,NaN,-1
152,95,17,46
151,94,17,46
151,92,17,46
150,90,17,46
150,89,17,46
151,87,17,46
153,87,17,46
154,85,17,46
156,86,17,46
157,86,17,46
158,86,17,46
157,85,17,46
156,85,17,46
155,86,17,46
153,86,17,46
148,84,17,46
144,86,17,46
140,87,17,46
136,86,17,46
133,87,17,46
131,86,17,46
133,86,17,46
133,85,17,46
133,85,17,46
135,85,17,46
136,84,17,46
137,84,17,46
140,85,17,46
141,85,17,46
144,85,17,46
146,85,17,46
149,85,17,46
150,84,17,46
152,84,17,46
152,83,17,46
152,83,17,46
152,83,17,46
153,83,17,46
154,83,17,46
155,84,17,46
157,84,17,46
158,84,17,46
158,85,17,46
159,85,17,46
160,85,17,46
161,84,17,46
163,84,17,46
164,84,17,46
166,84,17,46
166,84,17,46
166,83,17,46
165,83,17,46
164,84,17,46
162,84,17,46
160,84,17,46
157,84,17,46
152,84,17,46
147,84,17,46
142,85,17,46
137,84,17,46
132,82,17,46
130,80,17,46
130,80,17,46
132,79,17,46
136,79,17,46
141,78,17,46
145,77,17,46
150,77,17,46
155,77,17,46
160,78,17,46
165,78,17,46
170,78,17,46
175,78,17,46
178,78,17,46
178,79,17,46
179,79,17,46
177,80,17,46
178,81,17,46
178,83,17,46
179,84,17,46
180,85,17,46
181,85,17,46
183,85,17,46
185,86,17,46
187,86,17,46
189,86,17,46
192,86,17,46
194,87,17,46
196,87,17,46
198,87,17,46
199,86,17,46
198,84,17,46
197,83,17,46
196,82,17,46
196,79,17,46
192,78,17,46
188,77,17,46
186,75,17,46
185,74,17,46
184,73,17,46
183,72,17,46
183,72,17,46
182,72,17,46
183,71,17,46
184,71,17,46
184,72,17,46
184,72,17,46
181,73,17,46
178,73,17,46
175,74,17,46
174,74,17,46
172,75,17,46
170,75,17,46
166,75,17,46
163,75,17,46
161,76,17,46
158,77,17,46
156,78,17,46
155,79,17,46
154,81,17,46
152,84,17,46
151,84,17,46
149,86,17,46
148,88,17,46
151,89,17,46
156,90,17,46
161,91,17,46
166,90,17,46
171,89,17,46
176,87,17,46
181,85,17,46
184,83,17,46
189,82,17,46
194,81,17,46
197,78,17,46
198,78,17,46
201,77,17,46
201,77,17,46
201,77,17,46
198,78,17,46
193,80,17,46
188,82,17,46
187,86,17,46
182,88,17,46
177,91,17,46
171,94,17,46
165,97,17,46
159,100,17,46
156,99,17,46
154,98,17,46
155,97,17,46
157,93,17,46
159,91,17,46
160,89,17,46
161,88,17,46
159,86,17,46
159,84,17,46
159,85,17,46
157,85,17,46
155,84,17,46
153,84,17,46
149,83,17,46
144,83,17,46
139,83,17,46
135,84,17,46
133,84,17,46
135,83,17,46
136,83,17,46
136,83,17,46
134,82,17,46
131,81,17,46
128,79,17,46
123,82,17,46
117,83,17,46
NaN,NaN,NaN,-2
NaN,NaN,NaN,0
NaN,NaN,NaN,0
NaN,NaN,NaN,0
NaN,NaN,NaN,0
NaN,NaN,NaN,-1
119,81,19,52
115,84,19,52
111,85,19,52
113,86,19,52
116,86,19,52
121,87,19,52
126,87,19,52
129,87,19,52
132,87,19,52
135,86,19,52
137,86,19,52
139,86,19,52
142,86,19,52
143,86,19,52
144,86,19,52
144,85,19,52
144,85,19,52
144,84,19,52
143,84,19,52
144,83,19,52
143,84,19,52
141,84,19,52
139,84,19,52
137,84,19,52
137,84,19,52
139,84,19,52
142,83,19,52
143,82,19,52
142,82,19,52
141,82,19,52
139,81,19,52
137,81,19,52
136,79,19,52
137,77,19,52
136,76,19,52
134,76,19,52
132,75,19,52
131,76,19,52
129,76,19,52
127,77,19,52
129,77,19,52
134,77,19,52
139,78,19,52
142,77,19,52
145,77,19,52
146,77,19,52
147,77,19,52
150,76,19,52
154,76,19,52
156,76,19,52
158,77,19,52
159,77,19,52
160,76,19,52
161,76,19,52
162,76,19,52
163,75,19,52
163,76,19,52
162,76,19,52
162,76,19,52
161,76,19,52
162,76,19,52
165,75,19,52
167,75,19,52
169,74,19,52
170,73,19,52
171,73,19,52
173,72,19,52
175,72,19,52
175,72,19,52
175,73,19,52
175,73,19,52
176,74,19,52
176,75,19,52
176,75,19,52
176,76,19,52
175,79,19,52
173,81,19,52
171,84,19,52
171,84,19,52
171,84,19,52
170,85,19,52
167,90,19,52
164,92,19,52
163,92,19,52
162,93,19,52
161,94,19,52
162,93,19,52
163,93,19,52
163,94,19,52
163,95,19,52
