NaN,NaN,NaN,-1
153,90,20,48
152,89,20,48
151,86,20,48
149,85,20,48
150,84,20,48
151,82,20,48
152,81,20,48
153,80,20,48
155,81,20,48
156,81,20,48
157,81,20,48
156,81,20,48
155,81,20,48
153,82,20,48
151,82,20,48
148,82,20,48
143,81,20,48
138,81,20,48
134,80,20,48
131,80,20,48
129,80,20,48
130,80,20,48
130,79,20,48
131,79,20,48
132,80,20,48
133,80,20,48
135,79,20,48
137,77,20,48
138,77,20,48
141,77,20,48
143,77,20,48
146,77,20,48
148,77,20,48
150,77,20,48
150,76,20,48
149,77,20,48
150,76,20,48
151,77,20,48
152,77,20,48
153,77,20,48
154,77,20,48
155,78,20,48
156,78,20,48
156,79,20,48
157,79,20,48
159,79,20,48
161,80,20,48
162,80,20,48
164,80,20,48
164,80,20,48
164,80,20,48
163,80,20,48
162,80,20,48
160,80,20,48
158,80,20,48
155,80,20,48
150,81,20,48
144,81,20,48
137,81,20,48
131,79,20,48
128,78,20,48
128,77,20,48
129,76,20,48
130,75,20,48
134,74,20,48
139,74,20,48
143,73,20,48
148,73,20,48
154,72,20,48
161,72,20,48
166,73,20,48
170,73,20,48
173,73,20,48
176,73,20,48
176,74,20,48
176,74,20,48
175,75,20,48
175,76,20,48
175,78,20,48
175,79,20,48
176,80,20,48
178,81,20,48
180,81,20,48
182,82,20,48
184,82,20,48
186,83,20,48
188,83,20,48
190,84,20,48
192,84,20,48
194,84,20,48
196,84,20,48
195,82,20,48
194,81,20,48
193,79,20,48
193,77,20,48
189,75,20,48
185,74,20,48
183,72,20,48
182,71,20,48
180,70,20,48
179,70,20,48
179,69,20,48
179,69,20,48
179,69,20,48
180,69,20,48
181,69,20,48
181,69,20,48
178,69,20,48
175,70,20,48
173,70,20,48
172,70,20,48
169,70,20,48
167,70,20,48
164,70,20,48
161,71,20,48
159,72,20,48
156,73,20,48
154,73,20,48
153,75,20,48
152,77,20,48
149,80,20,48
148,81,20,48
146,83,20,48
145,84,20,48
149,85,20,48
155,86,20,48
162,87,20,48
168,86,20,48
173,85,20,48
177,83,20,48
181,81,20,48
184,80,20,48
189,79,20,48
193,77,20,48
196,75,20,48
197,75,20,48
200,74,20,48
200,74,20,48
199,74,20,48
197,75,20,48
192,78,20,48
185,81,20,48
177,84,20,48
169,87,20,48
162,90,20,48
157,92,20,48
154,93,20,48
151,94,20,48
149,94,20,48
148,93,20,48
149,91,20,48
152,88,20,48
153,86,20,48
155,85,20,48
156,83,20,48
154,81,20,48
153,79,20,48
154,79,20,48
153,79,20,48
151,79,20,48
149,78,20,48
146,77,20,48
141,77,20,48
136,77,20,48
132,78,20,48
130,79,20,48
133,79,20,48
133,78,20,48
134,78,20,48
132,79,20,48
128,77,20,48
123,77,20,48
117,80,20,48
111,81,20,48
NaN,NaN,NaN,-2
NaN,NaN,NaN,0
NaN,NaN,NaN,0
NaN,NaN,NaN,0
NaN,NaN,NaN,0
NaN,NaN,NaN,-1
121,73,22,54
117,76,22,54
112,77,22,54
112,78,22,54
116,79,22,54
121,80,22,54
125,80,22,54
128,80,22,54
131,80,22,54
133,80,22,54
136,80,22,54
137,80,22,54
140,80,22,54
141,80,22,54
142,80,22,54
142,80,22,54
142,79,22,54
142,79,22,54
142,78,22,54
141,79,22,54
141,79,22,54
139,80,22,54
136,80,22,54
134,79,22,54
135,79,22,54
137,80,22,54
139,78,22,54
140,77,22,54
140,77,22,54
138,77,22,54
136,76,22,54
134,75,22,54
134,74,22,54
135,73,22,54
134,72,22,54
133,72,22,54
131,72,22,54
130,73,22,54
128,73,22,54
126,74,22,54
127,75,22,54
132,75,22,54
137,76,22,54
140,76,22,54
143,75,22,54
144,75,22,54
145,75,22,54
148,75,22,54
152,75,22,54
154,75,22,54
157,75,22,54
158,75,22,54
158,75,22,54
159,74,22,54
160,74,22,54
161,74,22,54
161,74,22,54
161,74,22,54
160,74,22,54
160,74,22,54
161,73,22,54
163,73,22,54
166,73,22,54
167,72,22,54
169,71,22,54
170,70,22,54
171,70,22,54
172,70,22,54
173,70,22,54
174,71,22,54
174,71,22,54
174,72,22,54
173,74,22,54
173,74,22,54
173,75,22,54
172,77,22,54
170,79,22,54
168,84,22,54
166,87,22,54
166,87,22,54
163,92,22,54
162,93,22,54
161,94,22,54
160,94,22,54
159,94,22,54
158,95,22,54
159,94,22,54
160,94,22,54
160,94,22,54
160,95,22,54
