NaN,NaN,NaN,-1
152.75,95.95,18.611,52.659
152.83,96.481,18.091,51.648
152,93.32,18.52,52.581
149.85,91.149,19.599,53.648
150.69,89.401,19.911,54.431
151.12,88.171,20.623,55.097
152.7,86.995,18.872,54.399
153.49,85.681,19.972,55.842
155.13,84.897,19.933,56.13
156.32,84.952,20.926,56.174
157.99,85.056,19.529,55.658
156.51,84.968,20.582,56.469
155.78,85.541,20.142,55.312
154.24,85.864,19.925,54.721
152.58,85.73,20.027,55.729
148.75,85.541,20.79,56.147
144.18,85.913,19.66,55.354
140.13,86.305,19.314,54.842
135.63,86.545,19.85,54.855
131.3,85.608,22.619,56.307
130.85,85.09,21.166,56.439
131.03,82.971,20.686,59.385
131.32,81.501,22.112,61.269
131.71,80.578,21.895,61.064
133.14,79.643,22.095,62.755
134.15,78.959,22.577,63.609
136.55,78.677,22.016,62.741
137.04,78.384,24.052,63.846
139.01,78.654,24.097,64.15
141.58,78.182,23.669,64.535
143.97,77.688,23.732,65.502
145.47,77.564,24.93,65.607
148.45,76.81,25.644,67.075
149.71,76.511,27.057,68.449
149.12,76.529,26.548,68.923
149.58,76.514,25.81,69.284
149.52,75.649,27.403,70.867
149.76,75.431,28.764,71.589
150.75,75.586,28.541,71.201
151.71,75.7,28.768,71.665
152.36,75.881,29.8,72.623
153.01,75.811,30.435,73.661
153.55,75.346,31.542,74.1
155.49,76.713,27.667,71.775
155.53,76.974,30.161,73.139
157.83,76.452,27.929,73.093
160.47,76.693,27.199,73.326
163.01,77.082,25.833,72.854
164.4,76.221,26.456,74.549
164.1,76.332,27.004,75.375
163.17,76.217,28.425,75.425
161.96,76.297,28.814,75.388
160.68,76.197,29.676,75.959
158.91,76.648,29.197,75.988
156.66,76.652,29.553,76.122
153.61,76.964,30.08,76.411
146.1,75.905,32.333,77.355
139.81,78.725,31.308,75.445
133.19,77.954,30.962,75.935
127.69,76.161,31.288,77.149
123.15,75.347,31.977,77.784
122.6,72.767,33.71,78.745
124.16,72.55,30.354,77.223
125.06,72.461,31.026,77.802
130.15,71.243,30.359,78.175
135.43,70.719,29.862,78.324
144.12,69.025,28.42,78.24
149.09,68.617,28.518,77.82
155.11,67.416,28.819,79.99
154.94,67.97,38.221,83.002
160.54,67.436,38.162,83.376
171.36,68.625,28.563,79.425
174.19,68.692,29.153,80.009
173.12,69.679,33.685,82.056
173.13,69.845,36.036,82.946
173.15,70.207,35.607,83.153
176.29,68.681,33.453,81.119
177.75,73.116,29.189,73.494
179.23,74.193,28.583,72.977
179.17,75.428,28.53,72.733
180.15,76.75,27.898,73.096
182.68,76.579,27.329,73.245
183.81,77.389,28.33,74.05
186.18,77.275,27.668,73.93
188.24,78.805,27.192,73.584
190.18,78.284,28.354,74.429
191.5,77.923,29.98,75.911
193.94,78.096,29.853,76.188
195.78,77.975,30.626,76.312
197.97,77.982,30.751,76.288
199.93,77.754,30.185,76.807
198.34,76.666,31.226,77.143
197.18,74.619,31.694,77.767
197.1,72.757,32.349,78.306
184.18,72.658,45.218,82.914
179.66,70.573,46.468,84.425
176.11,69.738,46.457,83.186
175.32,69,44.192,82.565
174.84,68.42,43.026,80.876
172.95,67.418,44.177,81.217
171.21,66.309,45.758,82.878
171.5,65.425,45.889,82.97
171.71,64.892,45.577,83.246
171.8,64.904,45.014,83.247
173.08,63.507,45.201,84.251
173.19,62.984,45.724,84.906
173.22,62.56,46.016,85.245
171.5,64.452,45.647,82.837
167.9,64.789,45.235,82.104
165.16,65.827,46.59,81.523
163.38,65.884,48.363,81.496
161.99,65.784,47.658,81.557
159.85,66.295,46.528,80.704
157.48,66.974,45.158,79.538
154.84,67.034,44.398,79.514
152.46,68.218,45.39,79.29
149.98,69.884,44.364,78.146
148.39,70.277,43.63,77.317
148.29,71.513,41.807,76.665
146.77,73.84,42.355,76.072
145.02,76.109,41.94,76.335
144.42,76.857,41.569,76.814
141.87,77.473,41.96,77.717
140.86,79.108,41.722,77.855
143.83,79.357,42.534,79.041
150.05,79.695,42.382,79.999
156.52,81.709,33.526,70.586
158.42,83.748,30.243,69.217
162.82,81.96,30.8,71.023
166.66,80.129,30.191,70.758
170.39,78.832,30.578,69.806
174.82,77.223,29.657,69.372
177.92,76.019,31.507,70.434
182.44,75.529,30.67,69.457
185.57,76.266,36.664,71.033
186.8,74.614,37.289,70.708
190.53,74.537,35.818,70.05
192.05,74.657,33.372,68.16
190.85,72.049,34.597,66.894
188.16,73.48,34.207,65.361
185.85,76.767,31.413,65.864
186.42,71.889,31.659,66.013
186.92,81.087,30.144,62.057
184.8,82.427,37.612,59.252
NaN,NaN,NaN,-2
NaN,NaN,NaN,0
NaN,NaN,NaN,0
NaN,NaN,NaN,0
NaN,NaN,NaN,0
NaN,NaN,NaN,-1
150.49,83.75,24.047,66.664
153.63,80.404,23.85,67.406
155.46,77.199,23.858,67.138
156.49,76.926,23.627,66.329
156.51,74.247,25.247,68.119
155.94,73.731,24.617,66.581
155.29,73.786,24.218,64.783
155.32,72.259,24.952,65.628
154.47,72.543,24.741,66.137
152.14,71.656,25.348,66.593
150.28,72.007,24.619,65.049
147.67,72.568,22.893,63.664
141.88,71.688,23.492,63.574
137.9,72.01,23.336,62.545
134.12,73.429,22.93,61.702
132.02,73.682,23.292,61.215
133.64,74.096,24.118,60.892
133.46,74.025,25.899,61.22
134.91,74.669,25.464,60.108
136.3,74.004,24.455,61.801
136.65,74.673,21.603,59.999
127.03,72.962,42.697,62.667
124.52,71.799,41.983,61.633
129.36,70.201,24.862,55.473
127.78,67.915,33.415,58.695
130.81,67.392,30.001,59.239
130.28,68.449,32.963,57.69
129.43,69.139,32.478,56.268
127.24,71.17,32.587,55.535
123.02,74.808,32.728,55.13
118.75,78.242,33.007,54.701
115.09,82.42,32.627,53.848
110.77,83.608,33.553,53.8
115.06,84.719,25.494,55.603
117.96,86.45,25.295,54.535
123.1,87.549,21.127,53.273
124.17,86.944,25.294,53.933
127.03,86.713,25.426,54.532
130.17,87.017,24.67,54.608
133.21,87.35,24.96,54.818
139.13,89.152,22.237,51.762
139.98,86.779,25.035,56.226
144.17,86.555,18.69,53.167
142.09,86.603,23.702,53.611
142.97,87.047,22.697,53.207
142.09,86.871,24.628,52.598
142.71,86.852,24.409,52.749
141.32,87.363,25.147,51.167
142.14,86.653,24.229,51.579
143.41,86.636,22.542,51.564
143.25,86.954,23.24,51.865
141.15,87.642,23.405,50.85
140.15,87.862,21.154,50.001
137.45,87.295,22.931,50.943
137.52,87.324,22.841,51.36
138.99,86.676,24.087,52.755
133.47,87.769,39.446,51.309
133.51,87.086,41.213,50.644
141.81,84.981,30.259,51.503
140.56,85.89,25.947,48.721
137.76,88.498,32.639,45.487
139.93,87.83,24.588,45.907
141.28,86.27,18.326,45.345
138.6,84.933,27.811,47.872
137.84,85.046,28.096,48.462
138.94,84.138,22.468,48.816
137.04,83.704,19.454,47.38
135.69,84.095,19.803,47.197
134.14,84.681,19.999,47.516
132.22,86.82,19.859,46.025
132.25,87.042,21.208,45.541
136.36,87.26,22.335,46.853
141.2,87.086,22.913,47.737
144.52,86.998,24.113,48.62
145.71,86.863,25.581,49.572
145.55,85.671,28.085,50.826
145.6,85.89,30.143,51.062
149.2,86.11,30.815,50.581
152.05,86.321,31.156,49.587
154.93,85.229,30.665,50.678
160.04,85.661,29.659,51.189
157.41,86.521,31.812,53.6
159.31,86.689,29.608,52.359
159.68,87.356,29.32,51.488
160.32,87.673,29.352,50.331
161.2,88.108,29.361,49.543
161.92,88.242,29.64,49.173
161.14,88.616,29.322,47.67
160.83,84.826,33.335,47.114
161.34,85.519,30.649,45.195
162.3,85.669,28.706,44.934
165.37,86.521,27.303,45.914
166.44,85.489,30.006,46.057
173.6,86.103,17.503,40.674
174.83,85.746,17.004,40.51
173.33,86.689,24.637,40.973
177.45,88.573,20.612,37.169
178.01,87.941,22.199,37.845
178.68,87.725,21.389,36.492
181.26,90.387,17.863,33.802
178.58,89.937,23.941,35.898
182.47,87.933,16.083,37.945
NaN,NaN,NaN,-2
NaN,NaN,NaN,0
NaN,NaN,NaN,0
NaN,NaN,NaN,0
NaN,NaN,NaN,0
NaN,NaN,NaN,-1
180.15,99.362,14.381,35.869
180.4,100.41,13.244,34.8
176.66,100.58,16.466,36.251
177.67,100.14,14.032,35.664
176.02,98.347,13.898,35.471
175.98,102.71,13.547,30.907
174.91,104.36,16.629,31.574
174.79,105.62,16.248,31.733
175.29,102.3,13.588,33.475
175.36,101.44,17.304,34.008
175.28,101.61,16.153,33.922
174.97,101.05,19.673,34.872
