NaN,NaN,NaN,-1
256,162,56,39
256,162,56,39
255,162,56,39
254,161,56,39
253,161,56,39
253,161,56,39
252,161,56,39
252,161,56,39
251,161,56,39
251,161,56,39
250,161,56,39
249,160,56,39
249,160,56,39
248,160,56,39
247,160,56,39
247,160,56,39
247,159,56,39
246,159,56,39
246,159,56,39
245,159,56,39
245,159,56,39
245,158,56,39
244,158,56,39
244,158,56,39
243,158,56,39
243,158,56,39
243,157,56,39
242,157,56,39
242,157,56,39
241,157,56,39
242,157,56,39
241,156,56,39
240,156,56,39
241,156,56,39
240,156,56,39
240,156,56,39
240,156,56,39
239,155,56,39
239,155,56,39
239,155,56,39
238,155,56,39
238,154,56,39
238,154,56,39
237,154,56,39
237,154,56,39
237,154,56,39
237,155,56,39
236,153,56,39
236,153,56,39
236,154,56,39
236,153,56,39
236,154,56,39
236,154,56,39
236,153,56,39
236,153,56,39
235,153,56,39
235,153,56,39
235,153,56,39
235,153,56,39
234,152,56,39
234,152,56,39
234,152,56,39
234,152,56,39
233,152,56,39
233,151,56,39
233,152,56,39
233,151,56,39
232,151,56,39
232,151,56,39
231,151,56,39
231,151,56,39
231,150,56,39
231,150,56,39
230,150,56,39
230,150,56,39
230,150,56,39
230,150,56,39
230,149,56,39
229,149,56,39
229,149,56,39
229,149,56,39
228,149,56,39
229,148,56,39
229,148,56,39
228,148,56,39
228,148,56,39
228,148,56,39
227,148,56,39
227,147,56,39
227,148,56,39
226,147,56,39
226,147,56,39
226,147,56,39
226,146,56,39
225,146,56,39
225,146,56,39
225,146,56,39
225,146,56,39
225,146,56,39
225,145,56,39
225,145,56,39
225,145,56,39
225,145,56,39
224,144,56,39
224,145,56,39
224,144,56,39
223,144,56,39
223,144,56,39
223,144,56,39
223,143,56,39
222,144,56,39
222,143,56,39
222,143,56,39
222,143,56,39
222,143,56,39
222,143,56,39
221,143,56,39
222,143,56,39
221,143,56,39
221,143,56,39
221,143,56,39
221,143,56,39
221,143,56,39
221,143,56,39
222,142,56,39
221,143,56,39
221,143,56,39
221,143,56,39
221,143,56,39
221,143,56,39
221,143,56,39
221,143,56,39
221,143,56,39
221,143,56,39
220,143,56,39
220,143,56,39
221,143,56,39
221,143,56,39
220,143,56,39
220,143,56,39
220,143,56,39
220,143,56,39
220,143,56,39
220,143,56,39
220,143,56,39
220,143,56,39
220,143,56,39
220,143,56,39
220,143,56,39
221,142,56,39
220,143,56,39
220,143,56,39
220,143,56,39
220,143,56,39
220,143,56,39
221,142,56,39
220,143,56,39
220,143,56,39
220,143,56,39
220,143,56,39
220,143,56,39
219,144,56,39
220,143,56,39
220,143,56,39
219,143,56,39
219,143,56,39
220,143,56,39
220,143,56,39
220,143,56,39
220,143,56,39
219,144,56,39
220,143,56,39
220,143,56,39
219,144,56,39
219,144,56,39
219,144,56,39
219,144,56,39
218,144,56,39
218,144,56,39
218,144,56,39
218,144,56,39
217,144,56,39
217,144,56,39
217,144,56,39
216,145,56,39
216,145,56,39
216,145,56,39
214,146,56,39
214,146,56,39
214,146,56,39
213,146,56,39
213,146,56,39
212,147,56,39
211,147,56,39
210,147,56,39
210,147,56,39
209,147,56,39
208,147,56,39
208,147,56,39
207,148,56,39
206,148,56,39
205,148,56,39
205,148,56,39
204,149,56,39
203,149,56,39
202,149,56,39
202,149,56,39
200,149,56,39
200,149,56,39
199,149,56,39
198,149,56,39
197,149,56,39
196,150,56,39
195,150,56,39
194,150,56,39
192,150,56,39
191,151,56,39
190,151,56,39
189,151,56,39
187,151,56,39
186,151,56,39
185,151,56,39
184,152,56,39
183,152,56,39
182,152,56,39
180,152,56,39
179,152,56,39
178,152,56,39
176,152,56,39
175,152,56,39
174,152,56,39
172,152,56,39
171,152,56,39
169,152,56,39
169,152,56,39
168,152,56,39
165,152,56,39
165,152,56,39
163,152,56,39
161,152,56,39
160,152,56,39
158,152,56,39
156,152,56,39
154,152,56,39
154,152,56,39
152,152,56,39
149,152,56,39
148,151,56,39
147,151,56,39
146,151,56,39
144,150,56,39
143,150,56,39
142,150,56,39
140,150,56,39
139,150,56,39
138,149,56,39
136,149,56,39
135,149,56,39
133,149,56,39
132,149,56,39
131,149,56,39
130,148,56,39
129,148,56,39
127,148,56,39
126,148,56,39
125,147,56,39
123,147,56,39
123,147,56,39
120,147,56,39
118,147,56,39
118,146,56,39
116,147,56,39
115,146,56,39
114,145,56,39
113,146,56,39
112,145,56,39
111,145,56,39
109,145,56,39
108,144,56,39
107,144,56,39
106,144,56,39
104,144,56,39
103,143,56,39
102,143,56,39
101,142,56,39
99,143,56,39
98,142,56,39
96,143,56,39
95,142,56,39
94,142,56,39
93,142,56,39
92,141,56,39
91,141,56,39
90,141,56,39
88,141,56,39
88,140,56,39
87,140,56,39
86,140,56,39
85,139,56,39
83,139,56,39
81,139,56,39
80,139,56,39
79,138,56,39
77,138,56,39
76,138,56,39
75,137,56,39
73,137,56,39
72,136,56,39
71,136,56,39
69,136,56,39
68,136,56,39
67,135,56,39
66,135,56,39
65,135,56,39
64,135,56,39
61,133,56,39
60,133,56,39
59,132,56,39
57,132,56,39
56,132,56,39
55,132,56,39
54,132,56,39
53,132,56,39
51,132,56,39
50,131,56,39
49,130,56,39
47,130,56,39
46,129,56,39
45,129,56,39
45,128,56,39
43,127,56,39
42,127,56,39
41,126,56,39
40,126,56,39
38,126,56,39
38,126,56,39
37,125,56,39
35,126,56,39
34,126,56,39
33,125,56,39
32,124,56,39
31,124,56,39
30,125,56,39
28,124,56,39
27,124,56,39
25,124,56,39
25,124,56,39
24,123,56,39
23,123,56,39
22,123,56,39
21,123,56,39
20,123,56,39
18,123,56,39
17,122,56,39
17,122,56,39
14,122,56,39
14,121,56,39
13,121,56,39
12,121,56,39
9,121,56,39
9,121,56,39
9,120,56,39
7,120,56,39
6,120,56,39
5,120,56,39
4,119,56,39
3,117,56,39
1,117,56,39
0,117,56,39
0,117,56,39
0,117,56,39
0,116,56,39
0,116,56,39
