NaN,NaN,NaN,-1
259,167,53,35
258,167,53,35
258,166,53,35
256,166,53,35
256,167,53,35
255,166,53,35
254,166,53,35
254,166,53,35
253,166,53,35
252,166,53,35
252,166,53,35
251,166,53,35
251,166,53,35
251,166,53,35
251,166,53,35
250,165,53,35
249,165,53,35
249,165,53,35
249,165,53,35
249,165,53,35
248,165,53,35
248,165,53,35
247,165,53,35
247,164,53,35
246,164,53,35
246,164,53,35
244,163,53,35
244,163,53,35
244,163,53,35
243,163,53,35
243,162,53,35
242,162,53,35
242,162,53,35
242,162,53,35
242,162,53,35
241,161,53,35
241,161,53,35
240,161,53,35
241,161,53,35
240,161,53,35
239,160,53,35
239,160,53,35
239,160,53,35
239,160,53,35
238,160,53,35
237,160,53,35
237,159,53,35
237,159,53,35
237,160,53,35
236,159,53,35
236,158,53,35
236,158,53,35
235,158,53,35
236,157,53,35
235,157,53,35
235,157,53,35
234,157,53,35
234,157,53,35
234,156,53,35
234,156,53,35
234,156,53,35
233,156,53,35
233,156,53,35
233,155,53,35
233,155,53,35
233,155,53,35
232,155,53,35
232,155,53,35
232,155,53,35
232,154,53,35
232,154,53,35
231,154,53,35
231,154,53,35
231,153,53,35
231,153,53,35
231,153,53,35
231,153,53,35
231,153,53,35
231,153,53,35
231,152,53,35
231,152,53,35
230,152,53,35
230,152,53,35
230,152,53,35
230,151,53,35
230,151,53,35
230,151,53,35
230,151,53,35
230,152,53,35
230,151,53,35
229,150,53,35
229,150,53,35
229,150,53,35
229,150,53,35
228,150,53,35
228,149,53,35
228,149,53,35
228,148,53,35
228,149,53,35
228,148,53,35
228,148,53,35
228,148,53,35
227,147,53,35
227,147,53,35
227,147,53,35
228,147,53,35
228,147,53,35
227,147,53,35
227,146,53,35
227,146,53,35
227,146,53,35
227,146,53,35
227,146,53,35
227,146,53,35
227,146,53,35
227,146,53,35
227,146,53,35
227,145,53,35
227,145,53,35
226,146,53,35
227,146,53,35
226,146,53,35
227,146,53,35
226,146,53,35
226,146,53,35
227,145,53,35
226,146,53,35
226,146,53,35
226,146,53,35
226,146,53,35
226,146,53,35
226,146,53,35
226,146,53,35
226,146,53,35
226,146,53,35
226,146,53,35
227,145,53,35
226,146,53,35
226,146,53,35
226,146,53,35
226,146,53,35
226,145,53,35
226,146,53,35
226,146,53,35
225,146,53,35
225,146,53,35
225,146,53,35
225,146,53,35
225,146,53,35
226,146,53,35
225,146,53,35
226,146,53,35
225,146,53,35
225,146,53,35
225,146,53,35
225,146,53,35
225,146,53,35
225,146,53,35
225,146,53,35
225,146,53,35
225,146,53,35
225,146,53,35
225,146,53,35
225,146,53,35
225,146,53,35
224,146,53,35
225,146,53,35
225,146,53,35
225,146,53,35
225,146,53,35
224,146,53,35
225,146,53,35
225,146,53,35
225,146,53,35
225,146,53,35
225,146,53,35
225,146,53,35
224,146,53,35
224,146,53,35
224,146,53,35
224,146,53,35
224,145,53,35
224,146,53,35
223,145,53,35
223,145,53,35
223,145,53,35
223,145,53,35
222,146,53,35
222,146,53,35
221,146,53,35
221,146,53,35
221,146,53,35
221,146,53,35
220,146,53,35
218,146,53,35
218,146,53,35
217,146,53,35
217,147,53,35
217,147,53,35
217,147,53,35
216,147,53,35
216,147,53,35
214,147,53,35
213,149,53,35
212,149,53,35
212,148,53,35
213,147,53,35
210,148,53,35
209,148,53,35
209,148,53,35
208,149,53,35
207,149,53,35
206,149,53,35
203,150,53,35
203,150,53,35
201,150,53,35
200,150,53,35
198,151,53,35
198,150,53,35
196,150,53,35
195,150,53,35
194,150,53,35
193,151,53,35
192,150,53,35
191,150,53,35
190,150,53,35
188,151,53,35
188,150,53,35
186,151,53,35
183,152,53,35
184,151,53,35
183,150,53,35
181,150,53,35
180,150,53,35
178,151,53,35
177,151,53,35
175,151,53,35
173,152,53,35
172,152,53,35
170,152,53,35
169,152,53,35
168,152,53,35
166,152,53,35
165,152,53,35
163,151,53,35
162,151,53,35
160,152,53,35
159,151,53,35
156,151,53,35
154,150,53,35
154,150,53,35
152,150,53,35
151,150,53,35
149,150,53,35
147,149,53,35
146,150,53,35
144,149,53,35
143,148,53,35
142,148,53,35
140,148,53,35
139,148,53,35
138,148,53,35
137,148,53,35
135,147,53,35
136,148,53,35
134,147,53,35
132,148,53,35
130,146,53,35
128,147,53,35
127,147,53,35
124,145,53,35
123,147,53,35
122,145,53,35
121,146,53,35
119,146,53,35
119,146,53,35
119,146,53,35
117,145,53,35
115,146,53,35
114,145,53,35
114,146,53,35
112,145,53,35
111,145,53,35
109,144,53,35
109,144,53,35
107,143,53,35
106,143,53,35
105,142,53,35
103,143,53,35
102,142,53,35
102,143,53,35
100,141,53,35
98,141,53,35
98,141,53,35
99,141,53,35
97,141,53,35
94,140,53,35
94,140,53,35
94,140,53,35
93,140,53,35
91,140,53,35
91,139,53,35
88,138,53,35
88,139,53,35
86,138,53,35
84,137,53,35
84,137,53,35
83,137,53,35
81,137,53,35
79,137,53,35
77,136,53,35
77,136,53,35
76,136,53,35
75,136,53,35
75,136,53,35
72,134,53,35
71,133,53,35
69,133,53,35
70,133,53,35
68,133,53,35
67,132,53,35
65,133,53,35
64,132,53,35
62,132,53,35
61,132,53,35
58,132,53,35
57,131,53,35
56,130,53,35
55,130,53,35
54,130,53,35
52,130,53,35
50,129,53,35
49,129,53,35
46,128,53,35
45,128,53,35
44,128,53,35
43,127,53,35
42,127,53,35
41,126,53,35
39,126,53,35
37,126,53,35
36,126,53,35
36,126,53,35
34,126,53,35
32,125,53,35
30,125,53,35
29,124,53,35
28,124,53,35
27,124,53,35
26,124,53,35
23,123,53,35
23,123,53,35
22,123,53,35
21,123,53,35
19,122,53,35
18,122,53,35
16,122,53,35
15,122,53,35
14,122,53,35
13,121,53,35
12,121,53,35
11,121,53,35
10,121,53,35
9,120,53,35
7,120,53,35
6,120,53,35
4,119,53,35
3,119,53,35
1,119,53,35
1,118,53,35
0,118,53,35
0,118,53,35
0,118,53,35
