NaN,NaN,NaN,-1
143,58,94,93
141,60,92,96
137,63,92,96
134,63,91,96
131,62,92,96
130,59,89,96
128,54,89,96
127,51,90,96
126,50,89,96
123,50,90,96
117,50,90,96
111,52,90,96
104,54,91,96
100,54,92,96
99,52,92,96
100,50,92,96
101,48,94,96
105,49,93,96
107,51,92,96
110,54,92,96
109,56,92,96
111,58,90,96
111,58,92,96
112,59,91,93
113,60,90,96
111,58,92,96
114,54,90,96
116,48,93,96
121,43,96,96
127,41,93,93
130,39,93,96
134,39,95,96
137,38,96,96
140,41,94,96
141,43,92,96
140,44,95,93
139,43,93,96
137,40,94,96
133,37,96,94
130,36,94,92
126,36,94,95
119,41,95,94
114,44,95,95
108,47,95,96
105,46,95,95
102,46,96,96
101,46,95,96
99,47,96,96
99,45,95,96
100,39,95,96
102,36,95,96
105,35,94,96
109,36,94,96
110,41,94,94
112,46,94,94
116,51,94,94
120,54,94,96
122,56,96,95
127,54,93,95
130,49,95,96
133,42,96,96
137,38,96,96
138,34,95,96
140,35,96,96
140,41,94,96
137,46,95,96
134,47,95,96
132,49,95,96
132,50,94,96
129,49,95,96
129,46,94,96
130,42,93,93
130,43,93,95
130,47,93,96
128,52,93,95
127,52,91,96
126,53,92,96
125,54,93,95
126,55,92,96
123,55,94,96
120,52,92,96
116,49,91,95
114,46,93,95
116,45,91,95
115,50,90,94
113,55,92,96
114,58,93,96
116,62,91,96
118,65,92,96
121,65,93,96
123,59,92,96
126,50,93,96
130,43,93,96
135,39,92,96
139,37,92,96
139,40,92,96
141,43,93,96
142,45,94,96
144,46,93,96
149,46,88,96
145,45,92,96
145,45,91,96
145,44,90,96
144,43,91,96
142,42,89,95
140,43,89,96
136,48,89,96
134,51,89,95
129,50,90,96
125,53,90,95
121,56,90,95
120,54,87,96
120,50,88,96
120,47,89,96
120,47,89,96
120,47,89,96
120,48,90,95
119,49,90,95
120,50,91,95
122,53,91,96
123,54,92,96
124,53,94,96
127,50,95,96
127,46,96,93
129,46,94,90
132,46,93,91
135,45,95,92
138,47,77,79
140,46,86,95
140,50,83,95
141,53,87,96
141,54,84,95
142,56,83,93
139,56,83,90
137,55,83,89
136,53,83,86
136,50,87,87
136,48,88,85
135,48,86,86
133,42,94,90
128,40,95,94
128,42,86,93
126,44,80,93
123,50,80,89
120,52,81,87
118,51,80,85
115,49,84,87
116,45,78,84
115,42,78,87
114,42,84,79
110,40,83,89
115,44,80,81
113,47,82,80
117,54,75,82
117,58,81,86
118,59,82,85
119,58,73,84
121,56,85,88
116,52,75,76
118,48,78,84
120,44,73,78
122,42,70,78
124,39,69,78
120,39,71,84
119,42,72,78
115,42,77,78
116,47,78,77
117,52,74,78
118,55,74,81
119,56,81,80
120,55,80,78
121,52,79,84
122,47,72,84
122,43,72,76
122,41,73,86
122,41,71,85
121,41,74,82
126,43,69,82
129,47,72,88
128,48,71,81
130,51,80,88
127,54,64,79
126,56,67,81
123,58,66,79
120,58,66,78
118,58,63,75
115,55,70,82
114,53,62,78
110,52,63,76
107,53,68,84
107,52,68,87
108,54,67,85
110,54,65,90
114,54,64,89
119,48,66,90
123,46,63,94
128,43,57,96
124,38,61,95
133,40,60,96
139,45,64,96
142,49,59,96
147,51,60,96
151,54,59,96
152,54,60,96
155,55,61,96
157,56,61,96
158,58,61,95
160,62,60,96
161,64,62,96
163,66,58,96
163,67,60,96
163,68,61,96
160,68,62,96
154,66,64,96
150,67,64,96
145,67,66,96
140,67,66,96
134,66,67,96
132,64,68,96
129,64,70,96
127,63,70,96
128,65,70,96
129,69,72,96
131,72,71,95
135,74,74,96
138,75,77,96
143,75,74,96
148,75,76,96
154,74,77,96
157,74,74,96
160,73,78,96
163,72,77,96
166,72,76,96
166,74,75,96
165,76,71,96
162,78,71,96
164,80,71,96
164,81,69,96
163,81,70,96
164,81,70,96
165,80,69,96
165,79,64,96
168,78,64,96
169,78,69,96
171,78,64,96
175,80,63,96
173,82,65,96
173,83,69,96
173,83,67,96
170,83,70,96
168,81,67,96
163,76,70,96
163,73,69,95
161,70,69,96
160,67,70,96
156,64,71,96
159,62,69,96
157,63,71,96
159,66,70,96
158,73,70,96
158,79,71,96
160,83,71,96
162,82,71,96
164,79,71,96
166,73,72,94
167,68,72,95
168,64,73,96
170,62,71,96
168,60,72,96
168,59,71,95
167,62,71,96
166,65,70,96
166,68,71,96
165,69,70,96
161,69,71,96
156,68,70,96
150,66,73,96
144,64,70,96
140,59,70,95
130,54,70,96
126,52,74,96
122,52,77,94
120,54,77,96
117,58,75,95
117,64,78,96
116,69,78,96
116,71,79,96
119,70,78,96
124,71,79,96
129,70,80,96
138,68,75,96
143,67,81,96
144,66,81,96
144,64,81,95
141,63,82,96
137,63,82,95
131,63,84,96
126,65,82,95
117,65,84,94
108,63,79,93
101,59,80,94
95,53,81,94
87,47,82,96
82,43,82,96
83,42,78,95
81,43,80,96
80,49,80,95
79,56,81,93
76,61,80,94
68,65,85,94
68,67,79,94
61,65,79,95
55,64,78,93
48,59,80,94
48,55,80,93
50,51,78,93
51,51,81,92
59,51,87,92
61,55,90,91
64,59,79,90
65,62,90,89
71,63,87,89
75,65,87,89
80,66,87,89
85,64,77,88
90,58,78,93
96,50,77,92
106,42,77,91
112,38,87,95
119,38,81,89
126,43,81,95
126,46,88,96
130,48,73,91
132,49,84,96
133,51,75,92
132,51,75,87
130,50,73,93
131,48,78,88
130,46,80,89
132,43,76,90
134,43,73,93
136,45,69,90
136,46,69,89
132,48,78,94
133,48,71,88
132,49,78,95
134,49,76,94
136,48,76,93
138,43,75,94
142,38,75,89
141,36,81,90
142,35,83,87
154,43,70,94
146,49,79,96
145,56,76,96
143,62,80,96
142,64,80,96
138,60,80,96
138,54,79,95
141,49,79,96
148,46,77,96
153,48,78,96
153,51,78,96
154,56,74,96
152,59,74,96
143,61,74,96
138,62,71,96
132,62,86,96
124,58,71,96
121,54,70,96
119,48,68,96
123,47,69,96
123,49,70,96
123,52,70,96
123,55,68,96
122,58,70,96
121,58,70,96
119,60,69,96
116,61,69,96
114,58,68,96
117,55,71,96
120,53,71,96
125,52,67,96
134,56,68,96
137,59,69,96
144,60,72,96
151,57,75,96
156,55,74,96
160,53,74,96
162,52,73,96
163,51,74,96
164,47,72,96
165,44,71,96
166,42,71,96
164,42,71,95
165,43,70,96
167,50,70,96
166,57,67,96
162,61,69,96
158,66,66,90
150,66,69,91
144,60,69,94
146,56,66,94
152,52,65,93
154,50,66,94
156,52,65,93
153,56,69,92
156,59,65,92
159,60,63,94
159,66,63,90
157,69,63,89
158,70,67,89
161,70,68,89
163,66,68,88
162,63,68,89
165,63,67,86
167,66,65,88
158,69,74,88
156,73,73,86
154,76,70,85
148,76,71,85
147,66,71,94
146,64,69,95
144,62,67,94
141,58,71,93
137,55,70,94
134,54,70,92
132,39,69,96
129,33,72,95
128,28,71,94
125,32,71,93
126,35,71,92
126,36,71,92
124,40,71,92
122,42,70,92
121,43,72,92
120,43,71,92
121,42,74,92
122,43,79,92
126,43,81,92
135,43,78,92
145,45,74,90
153,45,70,90
154,47,70,90
154,49,69,91
155,48,68,91
159,47,67,90
158,47,65,90
157,46,65,90
153,44,82,90
148,43,78,87
151,41,61,90
147,50,74,82
149,49,68,85
150,55,65,79
149,54,68,86
154,61,58,80
154,62,66,79
158,63,61,81
160,59,59,83
164,65,58,79
161,66,59,76
162,67,77,76
160,65,81,78
159,67,81,75
156,67,80,73
153,65,80,78
149,65,82,81
146,64,80,75
140,61,79,76
135,63,79,76
135,61,73,79
131,61,75,79
132,59,71,77
132,59,67,78
132,56,71,82
134,55,72,84
138,52,69,85
139,52,63,87
139,51,62,88
139,50,61,90
140,50,61,92
134,49,63,95
133,49,64,96
132,49,65,96
132,52,66,94
135,54,68,90
136,51,73,93
134,51,79,94
137,50,86,90
138,47,88,91
136,46,92,91
130,42,84,94
129,41,84,96
125,42,78,96
119,43,81,93
118,45,81,96
113,44,81,96
115,44,81,96
116,41,79,96
121,39,90,96
126,34,73,96
127,30,75,96
131,30,77,96
138,31,75,96
136,32,83,96
141,32,78,96
144,30,79,96
143,26,79,95
144,22,79,96
148,19,77,96
151,19,79,96
149,22,78,96
148,27,78,96
146,31,77,96
137,34,79,96
130,36,78,96
124,37,78,95
115,34,80,96
115,34,80,96
112,31,80,96
111,26,81,95
113,27,82,95
115,28,83,96
118,28,83,96
122,31,83,95
120,32,88,96
124,35,87,96
129,38,87,96
133,38,87,95
135,35,89,96
136,29,90,95
136,24,92,94
136,23,93,94
138,22,93,95
139,25,94,95
140,25,93,95
139,25,93,95
137,21,93,95
135,17,93,94
133,12,93,94
132,8,93,95
126,6,95,91
123,6,95,93
118,10,94,96
112,12,95,93
110,12,94,94
112,13,92,96
112,13,92,96
111,15,91,96
108,15,91,96
108,15,90,96
110,13,89,96
114,15,87,94
115,19,87,93
117,24,87,94
118,28,86,94
117,31,87,94
118,33,87,95
116,32,88,96
117,26,88,94
119,17,91,94
124,10,91,91
126,14,91,92
128,18,91,93
128,23,91,93
127,26,90,93
125,28,90,94
125,30,89,91
124,31,88,91
124,28,89,93
128,30,87,90
128,31,84,92
124,30,83,89
120,30,82,91
117,32,82,90
113,33,81,86
107,31,81,85
100,30,83,88
95,29,83,89
90,29,84,91
97,28,80,91
96,26,83,92
100,21,81,90
101,20,84,93
101,24,87,93
111,30,81,93
118,35,77,92
127,36,75,92
134,33,75,94
135,30,79,93
138,24,79,94
143,22,77,93
142,19,80,93
145,18,79,93
147,18,78,94
146,19,78,95
147,21,76,95
145,23,78,96
141,25,77,96
136,26,81,96
135,25,84,94
130,26,82,95
132,24,81,89
131,21,81,94
130,21,83,89
131,24,81,89
129,25,85,87
130,24,83,91
131,26,85,93
133,27,85,92
134,28,85,93
133,29,83,94
136,31,83,92
134,34,83,93
130,39,81,92
129,44,81,92
133,47,79,93
135,50,77,93
130,52,79,94
128,50,77,94
127,48,80,94
128,47,81,94
125,45,80,93
126,40,82,94
129,39,82,94
132,39,81,94
136,40,82,94
140,40,81,95
141,41,82,94
144,41,81,94
147,40,80,94
146,35,82,95
146,34,81,93
141,32,83,94
139,30,80,94
133,31,81,94
128,35,80,93
123,37,81,94
119,38,81,94
116,40,80,93
111,41,80,94
106,41,81,94
105,41,81,94
103,39,79,94
103,34,80,93
106,32,79,95
109,34,80,95
111,39,78,94
115,44,77,94
122,49,75,94
125,53,77,94
131,55,77,92
136,53,76,92
142,48,75,94
149,49,76,91
153,51,75,90
156,54,75,90
157,59,76,89
158,61,75,90
155,61,80,92
151,61,80,91
147,59,76,92
146,57,74,92
144,56,74,93
140,56,75,93
138,55,76,93
139,54,76,93
137,56,78,92
135,56,81,93
132,56,77,94
130,55,76,94
128,54,77,94
128,54,76,94
127,54,77,94
127,51,77,95
128,48,78,96
130,47,78,95
134,46,77,96
138,47,79,96
143,53,78,92
146,57,81,91
148,60,81,90
150,59,81,93
151,60,82,92
154,55,82,95
154,56,79,92
154,54,84,92
154,56,84,90
154,49,83,96
148,50,90,91
156,45,83,91
159,42,83,91
163,42,82,91
162,42,83,94
164,43,83,96
166,45,83,96
166,49,83,93
164,48,92,94
163,49,89,93
160,48,90,96
157,48,90,96
151,46,91,96
149,47,92,95
147,49,96,95
153,50,82,96
148,51,88,96
146,49,87,96
143,45,82,96
140,42,80,96
139,38,83,95
135,35,89,95
131,33,86,96
141,32,83,96
145,34,82,96
150,37,82,95
153,41,82,94
156,42,81,95
160,41,80,96
162,41,80,96
165,41,76,96
160,41,77,96
156,39,80,96
158,37,79,96
156,38,78,96
152,41,79,96
152,45,78,96
150,49,78,96
147,50,78,96
142,49,80,96
135,47,79,96
134,44,78,96
130,42,79,96
128,41,77,96
126,40,79,96
123,40,79,95
122,40,78,95
122,43,77,96
124,44,79,95
127,44,77,95
132,44,76,95
136,45,77,94
143,45,75,94
146,43,77,95
150,43,74,94
153,41,75,95
155,42,75,94
157,45,75,95
158,49,74,95
154,53,77,94
149,54,80,96
153,57,73,96
152,59,73,95
149,58,72,95
144,54,73,96
144,51,73,95
140,49,73,96
136,49,74,96
131,52,74,96
129,55,76,95
128,54,73,96
126,52,74,96
123,51,75,96
122,51,75,96
120,52,75,95
117,52,76,95
115,50,76,96
112,49,77,96
110,47,77,96
