NaN,NaN,NaN,-1
77.133,91.225,37.825,48.208
81.583,89.742,40.05,49.692
81.583,89.742,45.983,50.433
86.775,90.483,47.467,58.592
104.58,92.708,37.825,51.175
111.99,94.192,36.342,49.692
119.41,96.417,31.892,46.725
127.57,97.158,29.667,45.242
132.76,104.58,29.667,36.342
137.21,105.32,30.408,38.567
143.14,106.06,29.667,43.017
150.56,107.54,28.925,42.275
157.97,108.28,28.183,41.533
164.65,109.03,28.925,40.792
170.58,108.28,28.925,41.533
176.52,107.54,28.925,40.792
182.45,106.8,28.925,43.017
188.38,106.06,28.183,43.758
192.83,106.06,28.925,43.758
198.03,106.06,27.846,44.5
202.1,107.54,27.817,44.5
203.96,107.54,28.925,47.467
203.96,106.8,28.925,48.208
203.22,106.06,28.925,47.467
201.73,104.58,29.667,48.208
198.77,103.83,28.925,48.95
194.32,103.09,28.925,49.17
188.38,102.35,29.667,48.95
181.71,101.61,29.667,49.692
173.55,101.61,30.408,49.692
163.91,103.09,31.892,50.433
153.53,103.83,34.117,50.433
142.4,105.32,32.633,50.433
129.79,106.8,34.858,50.433
120.89,106.8,35.6,50.433
115.7,104.58,34.858,51.175
109.77,103.09,36.342,51.917
107.54,102.35,38.567,51.917
106.8,101.93,40.05,52.337
108.28,102.35,40.05,52.658
107.54,103.83,43.758,52.658
109.03,106.06,45.983,51.917
117.18,106.06,43.758,51.175
123.86,105.32,43.017,51.175
130.53,105.32,43.758,51.175
136.47,106.06,43.758,50.433
142.4,106.06,45.242,51.175
149.08,106.8,46.725,51.175
169.84,106.8,34.117,50.433
179.48,107.54,32.633,50.433
189.87,108.28,31.15,50.433
198.03,109.77,32.633,49.692
206.18,111.25,31.892,48.95
209.89,112.73,29.667,48.208
209.15,113.48,28.183,48.95
204.7,114.22,28.925,48.95
197.28,114.22,28.925,49.692
187.64,113.48,31.15,48.95
175.03,111.99,31.892,49.692
160.2,110.51,34.117,48.95
147.59,109.77,31.15,48.208
130.53,109.03,34.858,54.142
119.41,107.54,34.117,57.108
106.8,106.01,40.05,60.862
97.158,108.28,42.275,60.817
91.225,111.25,41.533,60.075
86.775,114.22,42.275,58.592
79.358,117.18,50.433,57.85
78.617,117.93,51.917,57.108
79.358,117.18,48.95,57.85
79.358,116.44,48.208,58.592
78.617,117.18,48.95,58.592
78.617,117.93,39.308,55.613
79.358,118.67,37.083,55.625
81.583,119.41,37.825,56.367
82.325,119.41,40.792,56.367
90.483,117.18,39.308,57.108
100.13,115.7,37.083,56.367
104.58,112.73,41.533,57.108
120.15,110.51,37.825,53.4
135.72,109.03,34.117,50.433
152.78,106.8,32.633,49.692
167.62,108.07,28.183,41.006
185.42,110.51,28.183,40.792
197.28,114.22,29.667,40.792
206.18,119.41,28.925,40.792
209.89,123.12,28.925,40.792
211.38,123.86,28.925,45.983
210.63,124.6,28.925,45.983
208.41,124.6,28.183,45.242
205.44,123.86,28.925,45.242
202.47,123.12,27.442,45.983
198.77,124.6,25.958,45.983
192.83,127.57,26.7,46.725
185.42,131.28,26.7,47.467
175.78,133.14,27.442,47.083
163.91,130.53,30.408,47.467
149.82,123.12,31.15,47.467
132.76,115.7,31.892,48.208
109.77,114.22,37.825,51.917
91.225,106.06,45.983,54.883
77.133,109.03,43.017,58.592
69.717,109.77,41.533,60.817
60.075,109.77,48.95,60.817
53.4,106.8,37.825,63.783
45.983,106.06,43.758,64.525
37.825,106.06,45.242,65.267
28.183,112.73,42.275,60.075
15.575,113.48,46.725,60.817
15.575,111.99,39.308,60.817
10.383,102.35,36.342,63.042
2.225,98.048,37.083,59.186
-2.9667,95.675,36.342,59.333
-2.9667,99.383,34.117,50.433
-1.1812,90.483,43.456,45.242
10.383,90.483,44.5,56.367
21.508,89.742,47.467,63.042
29.667,91.967,45.242,62.3
33.375,102.35,43.017,52.672
46.725,103.09,39.308,50.433
49.692,100.13,39.308,56.367
59.333,104.58,39.308,49.692
63.042,104.58,43.017,50.433
66.008,103.83,45.983,48.95
69.717,112.73,47.467,44.5
75.65,112.73,45.242,44.5
80.842,113.48,45.242,42.275
89.742,114.22,40.792,40.792
95.675,109.77,45.983,42.275
101.61,98.642,46.725,45.983
109.03,89,53.4,46.725
114.22,84.55,51.175,43.758
115.7,84.55,48.208,37.825
112.73,75.65,48.95,45.983
104.58,68.975,57.108,49.714
96.417,68.233,51.917,52.658
87.517,77.133,51.175,47.467
77.875,75.65,59.333,48.95
69.717,76.392,62.3,48.95
75.65,76.392,49.692,45.968
68.233,74.908,47.467,45.983
65.267,73.425,45.983,45.242
69.717,89,38.567,26.7
71.2,86.775,37.825,30.408
72.683,91.225,38.567,25.217
72.683,91.967,42.275,25.958
74.908,98.642,44.5,20.767
90.483,100.13,34.858,21.508
98.642,101.61,35.6,22.25
106.8,98.642,38.567,25.958
116.44,95.675,35.6,26.7
124.6,97.158,34.858,22.25
126.83,95.675,35.6,25.958
132.76,97.9,28.925,21.508
134.24,97.9,28.925,21.508
136.47,107.54,29.667,27.442
134.24,107.54,28.296,27.442
131.28,108.28,28.183,28.183
126.08,109.77,28.183,32.633
121.63,109.77,28.183,32.633
117.93,106.8,27.442,34.117
117.18,104.58,28.183,33.375
117.93,103.83,31.892,34.858
120.89,103.83,32.633,34.858
124.6,105.32,33.375,34.858
132.02,105.32,32.633,34.117
139.43,106.06,34.117,32.633
146.85,104.58,35.6,37.083
155.75,103.83,28.183,35.6
162.43,102.35,28.183,36.342
164.65,102.35,31.15,35.6
