NaN,NaN,NaN,-1
61.45,65.533,72.15,283.07
65.35,65.533,72.15,283.07
67.3,65.533,72.15,283.07
71.2,65.533,72.15,283.07
73.15,65.533,72.15,283.07
77.05,65.533,72.15,283.07
79,65.533,72.15,283.07
82.9,65.533,72.15,283.07
84.85,65.533,72.15,283.07
88.75,65.533,72.15,283.07
90.7,67,72.15,283.07
94.6,67,72.15,283.07
96.55,67,72.15,283.07
100.45,67,72.15,283.07
102.4,67,72.15,283.07
106.3,67,72.15,283.07
108.25,68.467,72.15,283.07
112.15,68.467,72.15,283.07
114.1,68.467,72.15,283.07
116.05,69.933,72.15,283.07
119.95,69.933,72.15,283.07
121.9,69.933,72.15,283.07
125.8,69.933,72.15,283.07
127.75,69.933,72.15,283.07
129.7,69.933,72.15,283.07
133.6,69.933,72.15,283.07
135.55,69.933,72.15,283.07
137.5,69.933,72.15,283.07
139.45,69.933,72.15,283.07
143.35,69.933,72.15,283.07
145.3,69.933,72.15,283.07
147.25,69.933,72.15,283.07
151.15,69.933,72.15,283.07
153.1,69.933,72.15,283.07
155.05,69.933,72.15,283.07
158.95,69.933,72.15,283.07
160.9,69.933,72.15,283.07
162.85,69.933,72.15,283.07
164.8,69.933,72.15,283.07
168.7,69.933,72.15,283.07
170.65,69.933,72.15,283.07
172.6,69.933,72.15,283.07
174.55,69.933,72.15,283.07
176.5,69.933,72.15,283.07
178.45,69.933,72.15,283.07
180.4,69.933,72.15,283.07
182.35,69.933,72.15,283.07
184.3,69.933,72.15,283.07
186.25,69.933,72.15,283.07
188.2,69.933,72.15,283.07
190.15,69.933,72.15,283.07
192.1,69.933,72.15,283.07
194.05,69.933,72.15,283.07
196,69.933,72.15,283.07
197.95,69.933,72.15,283.07
199.9,69.933,72.15,283.07
201.85,69.933,72.15,283.07
203.8,69.933,72.15,283.07
205.75,69.933,72.15,283.07
207.7,69.933,72.15,283.07
209.65,69.933,72.15,283.07
211.6,69.933,72.15,283.07
213.55,69.933,72.15,283.07
215.5,69.933,72.15,283.07
217.45,69.933,72.15,283.07
219.4,69.933,72.15,283.07
221.35,69.933,72.15,283.07
223.3,69.933,72.15,283.07
223.3,68.467,72.15,283.07
225.25,67,72.15,283.07
227.2,67,72.15,283.07
229.15,65.533,72.15,283.07
231.1,65.533,72.15,283.07
233.05,65.533,72.15,283.07
233.05,65.533,72.15,283.07
235,65.533,72.15,283.07
236.95,64.067,72.15,283.07
238.9,64.067,72.15,283.07
240.85,64.067,72.15,283.07
242.8,64.067,72.15,283.07
242.8,62.6,72.15,283.07
244.75,62.6,72.15,283.07
246.7,61.133,72.15,283.07
246.7,61.133,72.15,283.07
248.65,59.667,72.15,283.07
248.65,59.667,72.15,283.07
250.6,59.667,72.15,283.07
250.6,58.2,72.15,283.07
252.55,58.2,72.15,283.07
254.5,58.2,72.15,283.07
254.5,56.733,72.15,283.07
256.45,56.733,72.15,283.07
258.4,56.733,72.15,283.07
258.4,56.733,72.15,283.07
260.35,55.267,72.15,283.07
260.35,55.267,72.15,283.07
262.3,55.267,72.15,283.07
264.25,55.267,72.15,283.07
264.25,55.267,72.15,283.07
266.2,55.267,72.15,283.07
268.15,55.267,72.15,283.07
270.1,55.267,72.15,283.07
270.1,55.267,72.15,283.07
272.05,53.8,72.15,283.07
274,53.8,72.15,283.07
275.95,53.8,72.15,283.07
275.95,53.8,72.15,283.07
277.9,53.8,72.15,283.07
279.85,53.8,72.15,283.07
279.85,53.8,72.15,283.07
281.8,52.333,72.15,283.07
281.8,52.333,72.15,283.07
283.75,52.333,72.15,283.07
283.75,50.867,72.15,283.07
285.7,50.867,72.15,283.07
285.7,49.4,72.15,283.07
287.65,49.4,72.15,283.07
287.65,49.4,72.15,283.07
289.6,47.933,72.15,283.07
289.6,47.933,72.15,283.07
291.55,46.467,72.15,283.07
291.55,46.467,72.15,283.07
293.5,45,72.15,283.07
293.5,45,72.15,283.07
295.45,45,72.15,283.07
295.45,43.533,72.15,283.07
297.4,43.533,72.15,283.07
268.15,42.067,72.15,283.07
270.1,42.067,72.15,283.07
270.1,42.067,72.15,283.07
270.1,40.6,72.15,283.07
272.05,40.6,72.15,283.07
272.05,40.6,72.15,283.07
274,40.6,72.15,283.07
274,39.133,72.15,283.07
275.95,39.133,72.15,283.07
275.95,37.667,72.15,283.07
277.9,37.667,72.15,283.07
277.9,37.667,72.15,283.07
279.85,37.667,72.15,283.07
279.85,37.667,72.15,283.07
279.85,37.667,72.15,283.07
281.8,37.667,72.15,283.07
281.8,37.667,72.15,283.07
283.75,36.2,72.15,283.07
283.75,36.2,72.15,283.07
285.7,36.2,72.15,283.07
285.7,36.2,72.15,283.07
285.7,36.2,72.15,283.07
287.65,34.733,72.15,283.07
287.65,34.733,72.15,283.07
289.6,34.733,72.15,283.07
289.6,37.667,72.15,283.07
289.6,37.667,72.15,283.07
291.55,37.667,72.15,283.07
291.55,37.667,72.15,283.07
293.5,37.667,72.15,283.07
293.5,37.667,72.15,283.07
293.5,37.667,72.15,283.07
295.45,37.667,72.15,283.07
295.45,36.2,72.15,283.07
295.45,36.2,72.15,283.07
295.45,36.2,72.15,283.07
297.4,34.733,72.15,283.07
297.4,34.733,72.15,283.07
297.4,34.733,72.15,283.07
299.35,34.733,72.15,283.07
299.35,34.733,72.15,283.07
299.35,34.733,72.15,283.07
301.3,34.733,72.15,283.07
301.3,33.267,72.15,283.07
301.3,33.267,72.15,283.07
303.25,31.8,72.15,283.07
303.25,31.8,72.15,283.07
303.25,31.8,72.15,283.07
305.2,31.8,72.15,283.07
305.2,30.333,72.15,283.07
307.15,30.333,72.15,283.07
307.15,30.333,72.15,283.07
307.15,30.333,72.15,283.07
309.1,30.333,72.15,283.07
309.1,28.867,72.15,283.07
309.1,28.867,72.15,283.07
311.05,28.867,72.15,283.07
311.05,28.867,72.15,283.07
311.05,28.867,72.15,283.07
311.05,28.867,72.15,283.07
313,27.4,72.15,283.07
313,27.4,72.15,283.07
314.95,27.4,72.15,283.07
314.95,27.4,72.15,283.07
314.95,27.4,72.15,283.07
316.9,27.4,72.15,283.07
316.9,27.4,72.15,283.07
316.9,27.4,72.15,283.07
316.9,27.4,72.15,283.07
318.85,27.4,72.15,283.07
318.85,27.4,72.15,283.07
318.85,27.4,72.15,283.07
318.85,25.933,72.15,283.07
320.8,25.933,72.15,283.07
320.8,25.933,72.15,283.07
320.8,25.933,72.15,283.07
322.75,24.467,72.15,283.07
322.75,24.467,72.15,283.07
322.75,25.933,72.15,283.07
322.75,24.467,72.15,283.07
322.75,24.467,72.15,283.07
324.7,23,72.15,283.07
324.7,23,72.15,283.07
324.7,21.533,72.15,283.07
324.7,21.533,72.15,283.07
324.7,21.533,72.15,283.07
324.7,20.067,72.15,283.07
326.65,20.067,72.15,283.07
326.65,20.067,72.15,283.07
326.65,20.067,72.15,283.07
326.65,18.6,72.15,283.07
326.65,18.6,72.15,283.07
326.65,18.6,72.15,283.07
326.65,18.6,72.15,283.07
326.65,17.133,72.15,283.07
326.65,17.133,72.15,283.07
328.6,15.667,72.15,283.07
328.6,15.667,72.15,283.07
328.6,15.667,72.15,283.07
328.6,15.667,72.15,283.07
328.6,15.667,72.15,283.07
328.6,15.667,72.15,283.07
328.6,15.667,72.15,283.07
328.6,15.667,72.15,283.07
328.6,14.2,72.15,283.07
328.6,14.2,72.15,283.07
328.6,14.2,72.15,283.07
328.6,14.2,72.15,283.07
328.6,12.733,72.15,283.07
324.7,12.733,72.15,283.07
324.7,12.733,72.15,283.07
324.7,12.733,72.15,283.07
324.7,12.733,72.15,283.07
324.7,12.733,72.15,283.07
324.7,12.733,72.15,283.07
324.7,12.733,72.15,283.07
324.7,12.733,72.15,283.07
324.7,12.733,72.15,283.07
324.7,12.733,72.15,283.07
324.7,14.2,72.15,283.07
324.7,14.2,72.15,283.07
324.7,14.2,72.15,283.07
324.7,15.667,72.15,283.07
324.7,15.667,72.15,283.07
324.7,15.667,72.15,283.07
324.7,15.667,72.15,283.07
324.7,15.667,72.15,283.07
324.7,15.667,72.15,283.07
324.7,15.667,72.15,283.07
324.7,15.667,72.15,283.07
324.7,15.667,72.15,283.07
324.7,15.667,72.15,283.07
324.7,15.667,72.15,283.07
324.7,15.667,72.15,283.07
324.7,15.667,72.15,283.07
324.7,15.667,72.15,283.07
324.7,15.667,72.15,283.07
324.7,15.667,72.15,283.07
324.7,15.667,72.15,283.07
324.7,15.667,72.15,283.07
324.7,15.667,72.15,283.07
324.7,15.667,72.15,283.07
324.7,15.667,72.15,283.07
324.7,15.667,72.15,283.07
326.65,14.2,72.15,283.07
326.65,14.2,72.15,283.07
326.65,14.2,72.15,283.07
326.65,14.2,72.15,283.07
328.6,12.733,72.15,283.07
328.6,12.733,72.15,283.07
328.6,12.733,72.15,283.07
328.6,12.733,72.15,283.07
328.6,12.733,72.15,283.07
328.6,12.733,72.15,283.07
328.6,12.733,72.15,283.07
328.6,12.733,72.15,283.07
328.6,11.267,72.15,283.07
328.6,11.267,72.15,283.07
328.6,11.267,72.15,283.07
328.6,11.267,72.15,283.07
328.6,11.267,72.15,283.07
328.6,11.267,72.15,283.07
328.6,11.267,72.15,283.07
328.6,11.267,72.15,283.07
328.6,11.267,72.15,283.07
330.55,9.8,72.15,283.07
330.55,9.8,72.15,283.07
330.55,9.8,72.15,283.07
330.55,9.8,72.15,283.07
330.55,9.8,72.15,283.07
330.55,9.8,72.15,283.07
332.5,8.3333,72.15,283.07
332.5,8.3333,72.15,283.07
332.5,8.3333,72.15,283.07
330.55,8.3333,72.15,283.07
330.55,8.3333,72.15,283.07
330.55,8.3333,72.15,283.07
330.55,8.3333,72.15,283.07
330.55,6.8667,72.15,283.07
330.55,6.8667,72.15,283.07
330.55,6.8667,72.15,283.07
330.55,6.8667,72.15,283.07
330.55,6.8667,72.15,283.07
330.55,6.8667,72.15,283.07
330.55,5.4,72.15,283.07
330.55,5.4,72.15,283.07
330.55,5.4,72.15,283.07
330.55,5.4,72.15,283.07
330.55,5.4,72.15,283.07
330.55,3.9333,72.15,283.07
330.55,3.9333,72.15,283.07
330.55,3.9333,72.15,283.07
330.55,3.9333,72.15,283.07
330.55,3.9333,72.15,283.07
330.55,2.4667,72.15,283.07
330.55,2.4667,72.15,283.07
330.55,2.4667,72.15,283.07
330.55,2.4667,72.15,283.07
330.55,1,72.15,283.07
330.55,1,72.15,283.07
330.55,1,72.15,283.07
330.55,1,72.15,283.07
330.55,1,72.15,283.07
330.55,1,72.15,283.07
330.55,1,72.15,283.07
330.55,1,72.15,283.07
330.55,1,72.15,283.07
328.6,1,72.15,283.07
328.6,1,72.15,283.07
328.6,1,72.15,283.07
328.6,1,72.15,283.07
328.6,1,72.15,283.07
328.6,1,72.15,283.07
328.6,1,72.15,283.07
328.6,1,72.15,283.07
328.6,1,72.15,283.07
328.6,1,72.15,283.07
328.6,1,72.15,283.07
328.6,1,72.15,283.07
328.6,1,72.15,283.07
328.6,1,72.15,283.07
328.6,1,72.15,283.07
328.6,1,72.15,283.07
