NaN,NaN,NaN,-1
228.01,89.005,41,42
228.02,89.02,41,42
228.04,89.045,41,42
228.08,89.08,41,42
228.12,89.125,41,42
228.18,89.18,41,42
228.24,89.245,41,42
228.32,89.32,41,42
228.4,89.405,41,42
228.5,89.5,41,42
228.6,89.605,41,42
228.72,89.72,41,42
228.84,89.845,41,42
240.22,107.53,12,19
NaN,NaN,NaN,-2
NaN,NaN,NaN,0
NaN,NaN,NaN,0
NaN,NaN,NaN,0
NaN,NaN,NaN,0
NaN,NaN,NaN,-1
184.29,91.497,94,74
180.82,111.34,88,67
172.1,124.7,76,48
164.15,130.24,58,46
166.04,131.11,75,59
170.7,128.96,56,59
165.66,127.28,36,52
161.29,126.11,54,48
155.23,124.86,69,46
146.8,123.25,90,43
NaN,NaN,NaN,-2
NaN,NaN,NaN,0
NaN,NaN,NaN,0
NaN,NaN,NaN,0
NaN,NaN,NaN,0
NaN,NaN,NaN,-1
46.521,116.68,19,20
58.284,135.38,19,19
67.909,150.99,18,18
72.53,159.88,19,15
79.767,172.04,19,15
80.177,168.14,27,23
76.11,161.93,19,16
72.999,157.38,19,19
70.466,153.01,19,13
68.614,151.88,15,19
NaN,NaN,NaN,-2
NaN,NaN,NaN,0
NaN,NaN,NaN,0
NaN,NaN,NaN,0
NaN,NaN,NaN,0
NaN,NaN,NaN,-1
140.28,98.393,66,54
161.48,109.96,59,55
180.72,117.63,51,55
182.45,124.91,46,45
182.02,127.07,64,42
184.76,127,66,52
186.33,125.25,68,56
187.66,123.87,70,73
NaN,NaN,NaN,-2
NaN,NaN,NaN,0
NaN,NaN,NaN,0
NaN,NaN,NaN,0
NaN,NaN,NaN,0
NaN,NaN,NaN,-1
228.29,63.181,16,32
231.73,77.736,16,32
235.18,92.302,16,32
238.64,106.88,16,32
NaN,NaN,NaN,-2
NaN,NaN,NaN,0
NaN,NaN,NaN,0
NaN,NaN,NaN,0
NaN,NaN,NaN,0
NaN,NaN,NaN,-1
239.96,76.78,58,80
252.26,102.99,18,23
NaN,NaN,NaN,-2
NaN,NaN,NaN,0
NaN,NaN,NaN,0
NaN,NaN,NaN,0
NaN,NaN,NaN,0
NaN,NaN,NaN,-1
251.85,106.46,46,77
262.35,130.09,29,48
273.63,142.95,19,19
280.94,153.04,21,25
278.19,161.67,53,72
274.34,166.53,52,79
271.57,152.34,18,27
269.82,141.35,18,25
269.02,133.88,19,24
268.23,128.17,18,17
274.03,146.03,12,14
270.57,162.28,42,30
264.01,167.9,43,46
258.28,167.7,46,50
253.37,164.77,50,56
248.57,161.62,54,60
244.97,159.64,59,58
230.31,159.58,38,43
215.13,150.9,26,45
205.19,140.35,23,61
NaN,NaN,NaN,-2
NaN,NaN,NaN,0
NaN,NaN,NaN,0
NaN,NaN,NaN,0
NaN,NaN,NaN,0
NaN,NaN,NaN,-1
129.65,102.87,61,66
136.95,109.71,61,65
142.32,114.65,65,63
140.24,115.94,35,42
139.51,114.26,40,54
141.04,114.68,55,63
143.72,114.19,61,68
146.23,113.44,64,71
147.9,112.45,62,76
NaN,NaN,NaN,-2
NaN,NaN,NaN,0
NaN,NaN,NaN,0
NaN,NaN,NaN,0
NaN,NaN,NaN,0
NaN,NaN,NaN,-1
149.38,66.252,32,69
157.52,88.443,31,69
NaN,NaN,NaN,-2
NaN,NaN,NaN,0
NaN,NaN,NaN,0
NaN,NaN,NaN,0
NaN,NaN,NaN,0
NaN,NaN,NaN,-1
151.33,77.546,15,14
NaN,NaN,NaN,-2
NaN,NaN,NaN,0
NaN,NaN,NaN,0
NaN,NaN,NaN,0
NaN,NaN,NaN,0
NaN,NaN,NaN,-1
182.12,67.883,12,12
183.84,87.001,12,12
196.11,91.091,11,11
202.34,103.81,11,11
206.51,98.078,19,15
207.58,94.881,16,14
206.31,84.73,17,15
205.1,80.481,17,17
204.05,81.052,23,26
202.95,85.902,24,37
198.36,103.89,50,75
193.75,118.32,65,90
NaN,NaN,NaN,-2
NaN,NaN,NaN,0
NaN,NaN,NaN,0
NaN,NaN,NaN,0
NaN,NaN,NaN,0
NaN,NaN,NaN,-1
105.01,127.01,50,59
105.02,127.02,50,59
105.04,127.04,50,59
105.08,127.08,50,59
105.12,127.12,50,59
105.18,127.18,50,59
105.24,127.24,50,59
108.95,154.89,11,11
110.21,172.43,11,11
111.62,185.89,11,11
NaN,NaN,NaN,-2
NaN,NaN,NaN,0
NaN,NaN,NaN,0
NaN,NaN,NaN,0
NaN,NaN,NaN,0
NaN,NaN,NaN,-1
46.662,152.48,32,26
64.663,151.59,33,27
83.642,150.74,16,16
90.732,152.66,15,18
91.342,150.99,32,28
90.122,149.07,33,29
91.419,150.71,17,19
91.16,146.47,17,42
85.064,129.05,36,30
86.197,120.84,44,48
88.682,116.75,44,52
91.292,118.65,45,73
94.535,119.47,46,71
101.12,120.35,46,45
104.42,119.97,75,55
108.67,120.11,80,60
115.3,118.64,50,58
120.77,117.91,52,55
124.14,117.69,53,54
125.78,117.86,52,56
125.99,117.74,50,58
125.49,118.39,48,56
124.77,119.37,47,55
124.61,120.18,46,54
125.56,120.62,42,55
127.21,121.13,40,54
129.58,121.99,39,51
132.23,123.5,38,47
134.47,125.26,37,43
137.14,127.52,35,39
139.64,130.37,33,32
142.76,132.44,34,30
148.11,134.13,31,27
104.84,138.15,21,46
NaN,NaN,NaN,-2
NaN,NaN,NaN,0
NaN,NaN,NaN,0
NaN,NaN,NaN,0
NaN,NaN,NaN,0
NaN,NaN,NaN,-1
181.23,126.88,13,16
211.93,151.63,11,11
219.13,148.15,12,14
221.25,141.65,13,18
231.54,144.39,13,18
NaN,NaN,NaN,-2
NaN,NaN,NaN,0
NaN,NaN,NaN,0
NaN,NaN,NaN,0
NaN,NaN,NaN,0
NaN,NaN,NaN,-1
NaN,NaN,NaN,-2
NaN,NaN,NaN,0
NaN,NaN,NaN,0
NaN,NaN,NaN,0
NaN,NaN,NaN,0
NaN,NaN,NaN,-1
223.01,105.01,45,57
223.02,105.02,45,57
223.04,105.04,45,57
223.08,105.08,45,57
223.12,105.12,45,57
223.18,105.18,45,57
NaN,NaN,NaN,-2
NaN,NaN,NaN,0
NaN,NaN,NaN,0
NaN,NaN,NaN,0
NaN,NaN,NaN,0
NaN,NaN,NaN,0
