NaN,NaN,NaN,-1
222.01,88.005,44,43
222.02,88.02,44,43
222.04,88.045,44,43
222.08,88.08,44,43
222.12,88.125,44,43
222.18,88.18,44,43
222.24,88.245,44,43
222.32,88.32,44,43
222.4,88.405,44,43
222.5,88.5,44,43
222.6,88.605,44,43
222.72,88.72,44,43
222.84,88.845,44,43
237.5,107.08,12,19
NaN,NaN,NaN,-2
NaN,NaN,NaN,0
NaN,NaN,NaN,0
NaN,NaN,NaN,0
NaN,NaN,NaN,0
NaN,NaN,NaN,-1
179.49,90.697,94,74
178.58,110.97,88,67
171.89,124.66,76,48
164.93,130.37,58,46
167.11,131.29,75,59
171.69,129.12,56,59
166.4,127.4,36,52
161.75,126.19,54,48
155.47,124.9,69,46
146.89,123.27,90,43
NaN,NaN,NaN,-2
NaN,NaN,NaN,0
NaN,NaN,NaN,0
NaN,NaN,NaN,0
NaN,NaN,NaN,0
NaN,NaN,NaN,-1
40.921,115.08,19,20
55.669,134.63,19,19
67.664,150.92,18,18
73.442,160.14,19,15
82.484,172.82,19,15
82.257,168.73,27,23
77.459,162.32,19,16
73.725,157.59,19,19
70.753,153.09,19,13
68.64,151.89,15,19
NaN,NaN,NaN,-2
NaN,NaN,NaN,0
NaN,NaN,NaN,0
NaN,NaN,NaN,0
NaN,NaN,NaN,0
NaN,NaN,NaN,-1
134.68,96.793,66,54
158.86,109.22,59,55
180.47,117.56,51,55
183.37,125.17,46,45
183.27,127.43,64,42
185.91,127.32,66,52
187.19,125.49,68,56
188.2,124.02,70,73
NaN,NaN,NaN,-2
NaN,NaN,NaN,0
NaN,NaN,NaN,0
NaN,NaN,NaN,0
NaN,NaN,NaN,0
NaN,NaN,NaN,-1
224.29,61.581,16,32
228.53,76.456,16,32
232.78,91.342,16,32
237.04,106.24,16,32
NaN,NaN,NaN,-2
NaN,NaN,NaN,0
NaN,NaN,NaN,0
NaN,NaN,NaN,0
NaN,NaN,NaN,0
NaN,NaN,NaN,-1
235.96,75.98,58,80
250.4,102.62,18,23
NaN,NaN,NaN,-2
NaN,NaN,NaN,0
NaN,NaN,NaN,0
NaN,NaN,NaN,0
NaN,NaN,NaN,0
NaN,NaN,NaN,-1
248.65,105.66,46,77
260.86,129.71,29,48
273.49,142.91,19,19
281.46,153.17,21,25
278.9,161.84,53,72
275,166.7,52,79
272.06,152.46,18,27
270.13,141.42,18,25
269.18,133.92,19,24
268.29,128.18,18,17
274.03,146.03,12,14
270.55,162.27,42,30
263.98,167.89,43,46
258.25,167.69,46,50
253.35,164.76,50,56
248.56,161.62,54,60
244.97,159.64,59,58
230.31,159.58,38,43
215.13,150.9,26,45
205.19,140.35,23,61
NaN,NaN,NaN,-2
NaN,NaN,NaN,0
NaN,NaN,NaN,0
NaN,NaN,NaN,0
NaN,NaN,NaN,0
NaN,NaN,NaN,-1
124.85,101.27,61,66
134.71,108.96,61,65
142.11,114.58,65,63
141.02,116.21,35,42
140.58,114.62,40,54
142.02,115,55,63
144.45,114.43,61,68
146.7,113.59,64,71
148.14,112.53,62,76
NaN,NaN,NaN,-2
NaN,NaN,NaN,0
NaN,NaN,NaN,0
NaN,NaN,NaN,0
NaN,NaN,NaN,0
NaN,NaN,NaN,-1
146.18,65.452,32,69
156.02,88.069,31,69
NaN,NaN,NaN,-2
NaN,NaN,NaN,0
NaN,NaN,NaN,0
NaN,NaN,NaN,0
NaN,NaN,NaN,0
NaN,NaN,NaN,-1
NaN,NaN,NaN,-2
NaN,NaN,NaN,0
NaN,NaN,NaN,0
NaN,NaN,NaN,0
NaN,NaN,NaN,0
NaN,NaN,NaN,-1
171.01,50.005,42,53
171.02,50.02,42,53
171.04,50.045,42,53
171.08,50.08,42,53
171.12,50.125,42,53
171.18,50.18,42,53
187.3,59.663,13,14
197.68,68.077,18,20
203.78,75.423,17,22
205.68,81.699,24,28
205.96,89.36,24,39
201.49,107.47,50,78
NaN,NaN,NaN,-2
NaN,NaN,NaN,0
NaN,NaN,NaN,0
NaN,NaN,NaN,0
NaN,NaN,NaN,0
NaN,NaN,NaN,-1
101.01,121.01,54,59
101.02,121.02,54,59
101.04,121.04,54,59
101.08,121.08,54,59
101.12,121.12,54,59
101.18,121.18,54,59
101.24,121.24,54,59
101.32,121.32,54,59
101.4,121.4,54,59
101.5,121.5,54,59
101.6,121.6,54,59
101.72,121.72,54,59
NaN,NaN,NaN,-2
NaN,NaN,NaN,0
NaN,NaN,NaN,0
NaN,NaN,NaN,0
NaN,NaN,NaN,0
NaN,NaN,NaN,-1
38.276,147.52,33,33
61.359,147.01,33,29
68.703,129.18,14,12
84.378,138.95,16,20
93.8,141.29,20,41
96.687,148.05,16,18
96.477,152.07,14,17
89.63,134.34,34,29
89.214,124.68,45,48
90.177,118.92,45,54
91.729,119.8,45,74
94.63,120.14,46,74
101.26,118.24,42,52
105.09,118.28,75,55
108.98,119.06,80,60
115.63,118.4,50,60
120.85,117.82,52,55
124.1,117.72,53,54
125.61,117.85,52,56
125.87,117.76,50,58
125.4,118.4,48,56
124.59,119.24,46,54
124.43,119.9,44,53
125.41,120.37,42,55
127.13,121.01,40,54
129.56,121.95,39,51
132.24,123.5,38,47
134.49,125.28,37,43
137.16,127.55,35,39
139.66,130.39,33,32
142.77,132.45,34,30
148.11,134.14,31,27
104.84,138.15,21,46
NaN,NaN,NaN,-2
NaN,NaN,NaN,0
NaN,NaN,NaN,0
NaN,NaN,NaN,0
NaN,NaN,NaN,0
NaN,NaN,NaN,-1
176.43,126.08,13,16
209.69,151.26,11,11
218.92,148.11,12,14
222.03,141.78,13,18
233.87,144.77,13,18
NaN,NaN,NaN,-2
NaN,NaN,NaN,0
NaN,NaN,NaN,0
NaN,NaN,NaN,0
NaN,NaN,NaN,0
NaN,NaN,NaN,-1
NaN,NaN,NaN,-2
NaN,NaN,NaN,0
NaN,NaN,NaN,0
NaN,NaN,NaN,0
NaN,NaN,NaN,0
NaN,NaN,NaN,-1
217.01,104.01,48,60
217.02,104.02,48,60
217.04,104.04,48,60
217.08,104.08,48,60
217.12,104.12,48,60
217.18,104.18,48,60
NaN,NaN,NaN,-2
NaN,NaN,NaN,0
NaN,NaN,NaN,0
NaN,NaN,NaN,0
NaN,NaN,NaN,0
NaN,NaN,NaN,0
