NaN,NaN,NaN,-1
146.18,58.147,79.952,91.373
146.18,64.154,79.952,89.742
138.69,65.563,81.583,91.373
137.43,70.31,76.688,84.847
134.76,72.09,70.162,78.32
128.53,72.238,76.688,75.057
142.77,86.033,57.108,65.267
142.77,86.033,57.108,65.267
144.4,87.739,53.845,60.372
138.1,81.287,62.003,71.793
128.9,78.097,68.53,76.688
124.75,84.328,62.003,70.162
115.7,82.696,65.267,73.425
107.99,73.351,71.793,83.215
108.06,71.868,70.162,83.215
107.91,64.154,73.425,89.742
109.62,65.934,68.53,83.215
118.74,79.655,63.635,75.057
118.89,88.778,60.372,70.162
120.45,91.744,58.74,70.162
122,96.268,57.108,68.53
120.15,111.47,65.267,60.372
117.03,111.1,68.53,68.53
113.85,109.4,73.425,73.425
113.7,109.32,76.688,75.057
113.7,104.72,76.688,78.32
111.92,103.31,83.215,76.688
108.36,93.672,96.268,93.005
107.91,87.442,106.06,99.532
107.69,83.067,110.95,97.9
107.39,79.952,117.48,101.16
105.46,78.32,127.27,104.43
105.24,78.246,132.17,106.06
105.17,78.172,133.8,107.69
105.09,81.138,135.43,107.69
103.61,79.581,135.43,109.32
105.32,81.287,130.53,104.43
103.31,79.952,141.96,101.16
103.68,77.059,133.8,99.532
103.98,78.765,127.27,94.637
107.62,88.036,112.59,86.478
99.013,98.568,106.06,83.215
99.235,104.2,101.16,89.742
102.72,115.18,89.742,76.688
96.936,122.97,86.478,68.53
93.153,122.89,104.43,70.162
90.038,125.64,107.69,75.057
91.67,125.64,104.43,75.057
94.859,125.64,99.532,75.057
96.268,121.34,101.16,71.793
94.637,112.14,104.43,78.32
100.72,113.92,101.16,71.793
108.21,115.4,99.532,71.793
109.69,118.22,99.532,75.057
108.06,121.11,102.8,76.688
114.14,128.75,99.532,71.793
119.7,134.69,107.69,71.793
118,134.61,112.59,73.425
119.41,131.65,114.22,73.425
122.3,127.05,115.85,76.688
126.75,116.44,115.85,81.583
126.68,110.36,117.48,84.847
120.3,108.8,127.27,86.478
121.86,104.06,125.64,93.005
120.37,108.43,125.64,94.637
112.88,109.69,127.27,99.532
111.47,112.73,125.64,97.9
108.65,113.99,122.38,102.8
110.29,113.99,119.11,102.8
107.32,112.51,119.11,102.8
107.17,109.54,122.38,102.8
110.36,108.28,117.48,97.9
113.47,109.91,114.22,94.637
113.4,111.25,115.85,97.9
113.4,117.33,115.85,94.637
116.52,120.37,112.59,93.005
116.59,118.81,110.95,94.637
121.34,120.3,104.43,94.637
121.41,122.89,102.8,102.8
121.48,124.3,101.16,104.43
117.03,119.85,101.16,104.43
114.22,118.59,97.9,99.532
112.73,115.7,97.9,97.9
115.77,115.25,96.268,107.69
114.29,118.22,96.268,107.69
112.81,124.3,96.268,104.43
114.36,128.83,94.637,102.8
114.29,133.35,96.268,101.16
115.7,131.42,97.9,110.95
118.67,131.35,97.9,112.59
120.15,123.78,97.9,115.85
119.93,114.81,102.8,117.48
125.93,110.43,101.16,115.85
128.83,104.28,102.8,120.74
130.09,101.31,107.69,120.74
128.38,102.94,112.59,117.48
126.75,102.72,115.85,122.38
128.31,104.35,114.22,119.11
129.87,107.47,112.59,115.85
132.91,104.43,110.95,117.48
134.54,106.06,107.69,114.22
137.8,107.69,101.16,110.95
133.13,105.91,106.06,117.48
134.76,104.5,102.8,115.85
137.95,104.65,97.9,112.59
136.39,104.5,99.532,115.85
130.39,107.32,101.16,119.11
125.86,107.17,102.8,122.38
122.89,107.1,102.8,124.01
116.74,108.51,107.69,125.64
109.17,111.47,110.95,125.64
104.8,109.91,109.19,127.27
103.24,103.83,110.95,130.53
104.72,99.383,110.95,130.53
106.28,100.87,109.32,130.53
106.28,102.35,109.32,130.53
106.13,102.35,112.59,130.53
103.02,100.87,115.85,130.53
103.02,102.2,115.85,133.8
107.62,105.24,112.59,132.17
107.47,108.43,115.85,127.27
110.73,106.8,109.32,130.53
110.36,116.22,117.48,119.11
110.43,114.88,115.85,115.85
108.88,111.84,117.48,117.48
108.88,110.43,117.48,115.85
108.58,108.88,124.01,117.48
123.93,104.35,112.59,119.11
126.9,104.06,112.59,125.64
126.9,105.39,112.59,128.9
128.23,107.1,115.85,124.01
128.16,107.1,117.48,124.01
129.72,105.69,115.85,122.38
128.38,104.13,112.59,124.01
126.83,98.048,114.22,127.27
125.27,95.008,115.85,128.9
128.6,93.747,107.69,124.01
128.68,90.78,106.06,124.01
127.27,89.148,104.43,127.27
124.23,87.739,106.06,125.64
119.63,87.665,109.32,127.27
119.7,87.591,107.69,128.9
118.3,89.074,106.06,128.9
115.4,95.304,104.43,122.38
112.51,95.23,102.8,124.01
112.36,92.263,106.06,124.01
110.51,89.297,114.22,124.01
107.42,81.732,116.85,127.27
108.73,77.282,120.74,127.27
109.99,72.387,125.64,137.06
113.1,77.133,122.38,130.53
114.44,76.911,125.64,135.43
115.92,78.394,125.64,135.43
118.52,82.696,101.16,138.69
121.56,88.629,99.532,138.69
124.67,93.079,96.268,138.69
124.53,88.184,99.532,148.48
125.93,105.32,101.16,130.53
127.42,103.83,101.16,130.53
125.64,103.83,107.69,130.53
127.05,99.235,109.32,133.8
123.78,94.562,115.85,138.69
125.27,93.376,115.85,132.16
127.27,91.967,104.43,130.53
125.86,88.703,102.8,137.06
125.86,91.67,102.8,137.06
127.49,99.309,99.532,132.17
127.57,102.35,97.9,130.53
130.68,102.2,94.637,133.8
133.72,103.76,93.005,132.17
133.8,99.161,91.373,135.43
133.87,88.332,89.742,145.22
132.24,83.808,93.005,146.85
130.68,79.358,94.637,146.85
129.12,72.461,96.268,135.43
129.2,72.609,94.637,132.17
129.12,72.609,96.268,132.17
130.46,74.167,99.532,130.53
131.79,75.65,102.82,130.53
133.2,77.207,104.43,128.9
134.46,78.394,109.32,135.43
132.91,81.435,110.95,133.8
126.83,84.476,114.22,132.16
123.93,84.476,112.59,132.16
119.41,87.665,114.22,127.27
116.37,84.698,115.85,127.27
114.96,81.732,114.22,127.27
111.99,81.88,114.22,124.01
107.39,80.397,117.48,124.01
104.43,80.471,117.48,122.38
104.5,78.913,115.85,124.01
104.5,80.471,115.85,122.38
104.5,82.028,115.85,120.74
107.54,80.471,114.22,122.38
108.8,72.832,119.11,127.27
113.25,69.865,119.11,127.27
113.18,65.341,120.74,128.9
113.33,62.448,117.48,127.27
120.82,63.932,115.85,127.27
128.23,71.422,115.85,125.64
131.2,74.389,115.85,125.64
132.46,71.126,120.74,132.16
132.31,70.829,124.01,138.69
127.27,69.198,137.06,141.96
123.93,69.198,145.22,141.96
120.74,69.123,150.11,143.59
136.17,82.918,137.06,133.8
137.65,87.22,137.06,137.06
134.39,87.072,143.59,140.32
151.37,93.228,128.9,135.43
149.74,93.079,132.17,138.69
148.11,96.194,135.43,135.43
145,94.637,138.69,137.06
160.79,91.596,117.48,138.69
157.68,91.299,120.74,145.22
154.64,91.299,122.37,145.22
153.23,94.34,120.74,143.59
150.19,94.34,122.38,143.59
148.63,92.56,124.01,150.11
145.52,90.854,127.27,155.01
143.36,87.739,109.32,158.27
143.29,99.457,110.95,128.9
143.22,105.39,112.59,128.9
146.26,112.88,110.95,127.27
149.15,115.85,112.59,127.27
152.04,115.77,114.22,128.9
154.93,117.11,115.85,132.17
159.38,117.18,115.85,130.53
163.91,115.63,114.22,132.16
168.51,118.81,110.95,127.27
171.62,117.33,107.69,127.27
174.74,117.55,104.43,122.38
176.22,117.55,104.43,122.38
179.34,125.49,101.16,110.95
177.85,128.53,101.16,109.32
177.93,130.09,99.532,107.69
176.52,131.65,97.9,106.06
178.22,122.45,93.005,112.59
176.74,122.6,93.005,109.32
179.85,124.23,89.742,106.06
179.93,124.45,88.11,101.16
179.48,119.63,97.9,109.32
181.04,121.26,96.268,106.06
184.08,121.19,94.637,107.69
185.64,122.82,93.005,104.43
190.16,125.86,91.373,102.8
191.72,128.75,89.742,104.43
193.13,125.42,91.373,112.59
196.17,123.86,89.742,114.22
194.61,123.86,91.373,114.22
185.34,120.82,99.532,115.85
182.3,117.55,101.16,122.38
179.19,112.88,104.43,127.27
177.63,105.17,106.06,133.8
176.07,102.35,107.69,130.53
173.1,99.309,107.69,132.17
173.03,97.752,109.32,133.8
171.4,97.455,112.59,140.32
171.03,109.69,120.74,132.16
171.1,118.81,119.11,127.27
171.03,124.9,120.74,124.01
170.88,129.5,124.01,120.74
172.14,129.5,128.9,120.74
175.11,124.82,128.9,125.64
176.52,117.26,130.53,128.9
178.52,112.81,119.11,128.9
179.78,109.84,124.01,128.9
181.41,105.17,120.74,133.8
181.34,105.17,122.38,133.8
180.45,104.53,109.32,137.57
182,108.06,107.69,135.43
178.82,104.57,112.59,146.85
177.26,106.13,114.22,145.22
177.33,106.13,112.59,145.22
172.88,117.11,112.59,132.17
159.09,114.22,122.38,130.53
154.49,112.88,125.64,127.27
148.48,108.21,127.27,132.17
144.03,94.118,127.27,148.48
136.69,87.888,125.64,155.01
129.27,98.716,125.64,145.22
124.75,100.12,127.27,114.22
121.71,101.53,128.9,115.85
121.67,107.54,128.94,114.22
121.34,113.47,137.06,114.22
121.04,117.92,143.59,114.22
122.52,119.56,110.95,110.9
125.42,118,112.59,112.59
132.83,119.48,112.59,112.59
138.84,119.52,110.95,111.7
146.26,116.59,110.95,110.95
147.29,116.66,120.74,109.32
150.34,116.66,119.11,109.32
151.89,115.11,117.48,110.95
148.85,115.11,119.11,110.95
144.33,111.77,120.74,119.11
138.32,110.58,122.38,112.59
128.23,104.5,115.85,115.85
119.04,102.65,122.38,124.01
109.62,100.5,133.8,106.06
100.94,94.562,128.9,106.06
96.046,88.555,138.69,107.69
89.074,80.99,96.268,110.95
90.409,71.868,99.532,115.85
83.808,71.942,114.22,114.22
78.913,73.425,124.01,114.22
77.059,77.875,132.17,114.22
76.762,85.292,106.06,114.22
79.729,89.816,106.06,112.59
80.174,92.782,96.268,112.59
74.463,94.34,91.373,110.95
65.489,92.857,93.005,110.95
62.597,92.931,91.373,109.32
56.367,88.481,97.9,109.32
51.397,84.031,109.32,109.32
54.216,74.908,79.952,114.22
55.699,64.006,79.952,125.64
60.149,65.638,79.952,122.38
64.599,71.719,79.952,119.11
66.008,76.243,81.583,117.48
65.786,79.284,86.478,115.85
70.162,79.358,88.11,114.22
74.612,83.957,88.11,110.95
79.062,82.325,88.11,114.22
83.438,79.358,89.742,114.22
89.371,74.834,89.742,115.85
93.821,65.786,89.742,119.11
99.68,58.295,91.373,120.74
106.8,53.993,97.9,117.48
112.66,52.362,99.532,120.74
115.48,55.254,102.8,122.38
115.48,51.991,102.8,128.9
116.89,53.4,104.43,130.53
116.89,53.252,104.43,133.8
113.47,50.137,114.22,137.06
108.8,45.39,119.11,143.59
102.79,43.017,120.74,130.53
100.94,31.076,128.9,132.17
96.12,28.035,137.06,133.8
93.153,25.068,137.06,133.8
96.194,25.587,135.43,122.38
94.785,28.554,133.8,122.38
94.785,23.807,133.8,128.9
125.93,25.291,101.16,128.9
124.45,25.291,101.16,128.9
124.38,26.848,102.8,127.27
124.38,23.807,102.8,128.9
125.86,23.956,102.8,125.64
127.42,16.391,101.16,128.9
130.39,12.015,101.16,127.27
134.84,12.237,101.16,122.38
140.77,10.754,101.16,122.38
142.25,16.762,101.16,120.74
142.4,22.695,97.9,120.74
140.99,28.777,96.268,117.48
141.06,30.037,94.637,122.38
141.14,31.447,93.005,124.01
136.69,26.997,93.005,124.01
135.21,19.506,93.005,125.64
139.73,15.056,91.373,125.64
145.66,19.877,91.373,117.48
151.67,24.475,89.742,114.22
151.75,29.147,88.11,109.32
152.12,33.597,79.952,109.32
147.59,38.196,81.583,106.06
141.73,41.311,79.952,102.8
137.43,41.311,76.688,102.8
131.2,36.861,83.215,102.8
123.86,32.411,81.583,102.8
120.97,27.367,79.952,115.85
117.92,21.286,81.583,119.11
120.82,13.498,83.215,127.27
122.38,16.613,81.583,124.01
120.82,19.728,83.215,120.74
122.3,22.695,83.215,120.74
122.38,25.676,81.583,119.17
119.33,25.662,83.215,120.74
117.92,27.219,81.583,119.11
116.52,27.145,79.952,120.74
113.55,24.327,79.952,117.48
114.88,19.654,83.215,122.38
119.33,19.654,83.215,122.38
122.23,18.022,84.847,125.64
132.68,19.283,83.215,130.53
137.13,17.503,83.215,137.06
144.62,15.649,81.583,145.22
150.41,11.051,84.847,148.48
154.93,17.281,83.215,141.96
157.9,15.797,83.215,141.96
160.94,14.24,81.583,143.59
162.42,6.4525,81.583,151.75
162.58,5.1917,78.241,146.85
164.13,3.7825,76.688,145.22
164.13,2.3733,76.688,143.59
162.8,2.3733,73.425,143.59
164.43,2.3733,70.162,143.59
167.47,8.2325,68.53,145.22
159.83,14.166,73.425,145.22
153.82,17.132,75.057,145.22
147.81,18.616,76.688,145.22
140.32,23.362,78.32,138.69
131.28,21.953,81.583,137.06
126.45,19.061,89.742,135.43
128.09,10.087,86.478,137.06
124.9,10.161,91.373,135.43
121.78,13.127,94.637,135.43
117.18,17.726,97.9,132.16
113.92,22.324,104.43,128.9
110.8,25.365,107.69,127.27
107.69,23.733,110.95,130.53
110.73,26.848,109.32,127.27
105.98,31.447,115.85,124.01
109.02,29.889,114.22,125.64
105.91,17.503,117.48,137.06
98.123,16.168,125.64,133.8
96.491,14.611,128.9,135.43
115.03,12.905,112.59,140.32
108.51,17.355,125.64,140.32
161.61,45.39,66.898,110.95
158.35,48.357,73.425,110.95
155.38,49.914,73.425,109.32
152.56,48.431,70.162,109.32
152.78,46.947,65.267,109.32
149.67,45.538,68.53,107.69
146.85,42.646,65.267,106.06
144.03,39.679,62.003,106.06
136.47,39.902,65.267,101.16
131.79,33.894,70.162,102.8
130.31,26.626,70.162,99.532
127.27,26.661,71.793,98.76
124.3,31.076,71.793,99.532
125.86,34.042,70.162,99.532
125.79,33.894,71.793,102.8
124.38,38.344,70.162,102.8
122.89,41.533,70.162,97.9
121.41,41.607,70.162,96.268
120,41.237,68.53,104.43
121.41,41.311,70.162,102.8
124.16,41.348,75.057,101.97
126.9,41.385,79.952,101.16
137.5,45.316,75.057,98.599
137.28,45.909,79.952,99.532
133.16,47.281,88.93,99.649
129.27,50.507,93.005,96.268
123.12,51.991,97.9,96.268
118.44,52.065,102.8,94.637
119.78,49.098,106.06,94.637
113.62,49.321,110.95,89.742
109.02,49.098,114.22,94.637
103.46,50.73,106.1,91.373
95.749,46.206,112.59,93.005
94.266,46.28,112.59,91.373
91.002,50.952,119.11,86.478
86.33,52.534,124.01,84.328
100.42,52.51,107.69,84.847
95.898,52.51,109.32,84.847
97.01,53.993,117.48,84.847
98.642,52.584,114.22,83.215
93.153,52.732,137.06,79.952
97.603,54.142,137.06,81.583
165.76,63.412,73.425,73.425
164.13,63.487,76.688,71.793
164.28,64.896,73.425,73.425
165.17,64.896,70.933,73.425
164.58,66.453,66.898,71.793
163.39,66.676,60.372,66.898
157.38,65.192,62.003,66.898
154.49,66.75,60.372,65.267
148.63,65.118,58.74,68.53
142.7,66.824,58.74,63.635
141.36,65.341,55.477,63.635
136.91,65.118,55.477,68.53
128.9,63.561,68.53,70.162
124.53,66.602,66.898,68.53
118.37,68.085,71.793,68.53
116.52,67.911,79.952,67.158
114.81,63.412,84.847,73.425
114.88,63.487,83.215,71.793
114.88,60.372,83.215,75.057
114.74,58.888,86.478,75.057
116.29,58.74,84.847,78.32
116.29,58.592,84.847,81.583
113.25,58.517,86.478,83.215
114.81,57.034,84.847,83.215
117.85,53.845,83.215,88.11
122.38,53.919,81.583,86.478
130.01,52.51,76.688,84.847
133.35,44.574,68.53,96.268
133.35,38.27,68.53,104.43
136.32,36.787,68.53,104.43
138.91,33.82,76.688,104.43
138.62,29.222,83.215,107.69
131.05,29.196,86.478,108.25
129.35,27.59,91.373,110.95
127.49,29.073,99.532,110.95
123.27,29.073,94.637,110.95
120.22,31.966,96.268,112.59
115.92,28.851,93.005,115.85
119.04,28.851,89.742,115.85
117.41,25.81,93.005,117.48
122.08,22.695,88.11,120.74
123.64,19.728,86.478,120.74
126.53,15.13,88.11,124.01
130.53,13.35,97.9,130.53
134.76,16.465,102.8,127.27
134.76,17.948,102.8,127.27
139.51,19.506,96.268,125.64
142.7,16.391,91.373,128.9
140.84,12.015,99.532,127.27
142.1,7.4167,104.43,130.53
145.14,6.0075,102.8,128.9
149.74,5.9333,99.532,130.53
146.78,10.383,99.532,130.53
148.41,16.391,96.268,128.9
143.59,22.324,104.43,128.9
132.83,23.882,112.59,127.27
125.12,26.922,119.11,125.64
117.48,26.922,124.01,125.64
106.58,27.071,135.43,122.38
107.02,26.997,125.64,124.01
102.35,20.841,130.53,128.9
105.39,16.391,128.9,128.9
109.02,17.948,114.22,127.27
111.92,22.472,115.85,125.64
103.83,22.472,130.53,125.64
106.65,23.882,133.8,127.27
106.48,25.291,137.47,128.9
109.4,26.7,138.69,130.53
118.59,28.109,99.532,132.17
123.04,31.076,99.532,132.17
126.01,31.15,99.532,130.53
127.42,25.142,101.16,132.17
127.2,18.987,106.06,137.06
128.68,18.912,106.06,138.69
130.09,18.764,107.69,141.96
131.65,20.173,106.06,143.59
130.09,21.879,107.69,138.69
130.16,20.322,106.06,140.32
128.68,15.797,106.06,141.96
128.83,11.347,102.8,141.95
125.56,2.5217,109.32,140.32
124.08,-0.445,109.32,140.32
118,-7.8617,112.59,140.32
118.07,-3.3375,110.95,138.69
113.7,4.5242,109.32,128.9
103.09,9.1967,114.22,124.01
103.24,10.902,110.95,119.11
103.39,12.386,107.69,119.11
109.69,12.46,99.532,117.48
106.65,13.795,101.16,120.74
111.47,17.062,93.005,118.87
106.8,16.984,97.9,115.85
111.4,15.575,94.637,114.22
109.84,17.207,96.268,110.95
114.44,23.14,93.005,110.95
117.41,24.401,93.005,115.85
112.73,29.073,97.9,110.95
108.06,32.114,102.8,109.32
108.06,33.523,102.8,110.95
111.25,32.04,97.9,110.95
108.06,24.549,102.8,112.59
107.91,17.058,106.06,114.22
107.69,11.051,110.95,115.85
112.29,10.828,107.69,120.74
112.21,15.278,109.32,120.74
112.21,21.286,109.32,119.11
109.25,25.282,109.32,119.59
107.76,28.777,109.32,117.48
110.95,30.037,104.43,122.38
115.74,31.521,96.997,122.38
118.89,30.112,93.005,120.74
120.37,30.26,93.005,117.48
120.45,31.817,91.373,115.85
120.74,30.408,84.847,114.22
116.07,31.892,89.742,114.22
114.36,33.449,94.637,112.59
111.25,33.523,97.9,110.95
101.98,33.523,106.06,110.95
89.593,32.04,117.48,110.95
81.88,30.26,124.01,117.48
75.798,30.186,127.27,119.11
75.576,28.628,132.17,120.74
72.387,25.662,137.06,120.74
73.87,21.137,137.06,122.38
79.877,19.58,135.43,124.01
86.033,24.178,130.53,120.74
90.78,30.112,124.01,120.74
98.493,34.636,117.48,119.11
109.17,36.416,110.95,112.59
121.41,33.449,102.8,112.59
122.67,29.147,107.69,109.32
119.11,24.994,120.74,102.8
122.3,22.027,115.85,102.8
122.23,19.061,117.48,102.8
125.27,17.577,115.85,102.8
121.93,18.987,124.01,104.43
118.89,19.061,125.64,102.79
117.33,20.396,127.27,106.06
115.92,23.585,125.64,101.16
109.91,24.994,127.27,102.8
105.32,26.552,130.53,101.16
103.98,26.552,127.27,101.16
96.491,26.477,128.9,102.8
97.974,24.92,128.9,104.43
99.606,24.772,125.64,107.69
104.2,24.549,122.38,112.59
105.76,25.662,120.74,120.74
105.84,25.439,119.11,125.64
110.36,27.516,117.48,112.59
108.58,27.367,124.01,115.85
105.17,28.851,133.8,115.85
106.65,30.408,133.8,114.22
106.65,30.334,133.8,115.85
109.69,33.449,132.16,112.59
109.84,34.932,128.9,112.59
105.46,40.792,127.27,114.22
108.73,45.242,120.74,114.22
113.55,51.316,112.59,110.96
113.77,54.29,107.69,110.95
111.1,55.699,101.16,112.59
113.03,52.732,91.373,112.59
109.91,52.881,94.637,109.32
106.65,51.397,101.16,109.32
99.087,48.431,104.43,109.32
97.381,43.981,109.32,109.32
94.043,42.349,117.48,112.59
95.453,43.98,119.11,113.98
95.304,42.127,122.38,117.48
95.082,43.684,127.27,115.85
96.565,45.242,127.27,114.22
108.88,45.242,117.48,114.22
110.29,43.758,119.11,114.22
110.29,37.751,119.11,115.85
113.47,36.342,114.22,114.22
115.25,34.932,107.69,112.59
112.36,31.966,106.06,112.59
109.47,33.523,104.43,110.95
101.9,37.973,107.69,110.95
97.455,39.308,107.69,114.22
99.309,40.866,99.532,112.59
94.785,42.275,101.16,114.22
88.778,43.832,102.8,112.59
82.77,45.39,104.43,110.95
84.437,43.832,100.38,112.59
81.509,40.866,99.532,112.59
79.877,36.416,102.8,112.59
79.729,34.932,106.06,112.59
84.328,39.605,102.8,107.69
84.179,44.055,106.06,107.69
82.473,50.062,110.95,106.06
88.407,52.955,110.95,107.69
91.299,55.922,112.59,107.69
95.749,58.341,112.59,103.6
100.27,55.996,110.95,106.06
101.53,56.218,115.85,101.16
105.84,53.177,119.11,102.8
110.36,54.735,117.48,101.16
108.65,56.144,122.38,102.8
113.25,59.111,119.11,102.8
111.62,63.042,122.38,114.22
105.54,64.599,125.64,112.59
99.457,63.116,128.9,112.59
102.79,63.19,120.74,110.95
98.197,58.592,124.01,114.22
96.788,60.223,122.38,110.95
112.51,61.781,102.8,109.32
114.14,58.666,99.532,112.59
115.7,57.182,97.9,112.59
115.77,58.74,96.268,110.95
117.41,60.149,93.005,112.59
117.55,61.781,89.742,109.32
118.96,61.707,91.373,110.95
118.96,58.666,91.373,112.59
118.89,58.666,93.005,112.59
118.67,55.551,97.9,115.85
121.71,55.699,96.268,112.59
121.56,52.658,99.532,114.22
121.41,49.543,102.8,117.48
123.04,44.871,99.532,122.38
129.2,46.28,94.637,124.01
130.76,55.477,93.005,117.48
127.57,56.812,97.9,120.74
124.3,59.778,104.43,120.74
118,62.819,112.59,119.11
114.74,61.262,119.11,120.74
103.76,59.778,132.17,120.74
97.455,53.771,140.32,122.38
94.34,52.362,143.59,120.74
98.938,50.878,140.32,120.74
153.53,44.648,81.583,127.27
151.89,43.387,84.847,122.38
150.26,37.306,88.11,125.64
159.46,35.971,81.583,122.38
163.98,35.897,79.952,124.01
163.98,34.339,79.952,125.64
165.54,32.707,78.32,128.9
168.51,34.117,78.32,130.53
163.91,34.117,81.583,130.53
159.31,32.633,84.847,130.53
151.74,32.633,88.239,130.53
147.15,26.403,91.373,137.06
139.51,27.961,96.268,135.43
133.57,26.403,96.268,137.06
132.16,28.035,94.637,133.8
129.05,27.887,97.9,137.06
130.61,25.81,96.268,150.11
127.57,27.219,97.9,151.75
122.89,26.997,102.8,156.64
119.93,26.477,102.8,135.43
113.85,21.879,106.06,138.69
109.17,18.987,110.95,137.06
121.63,17.429,97.9,138.69
120.52,15.946,89.742,138.69
123.12,16.02,97.9,137.06
123.04,17.503,99.532,137.06
122.97,22.027,101.16,135.43
119.7,26.477,107.69,135.43
116.52,26.403,112.59,137.06
116.29,26.403,117.48,137.06
122.45,26.552,112.59,133.8
119.33,26.552,115.85,133.8
135.06,24.994,96.268,135.43
135.13,25.217,94.637,130.53
136.61,23.659,94.637,132.16
133.65,26.134,94.637,129.57
130.68,28.109,94.637,132.17
132.24,27.887,93.005,137.06
129.27,32.633,93.005,130.53
129.42,34.265,89.742,127.27
125.05,34.413,88.11,124.01
122.08,29.963,88.11,124.01
122.08,28.48,88.11,124.01
120.52,23.882,89.742,127.27
116,23.807,91.373,128.9
115.85,22.324,94.637,128.9
115.03,33.375,79.952,114.22
115.03,32.782,79.952,127.27
118.15,34.265,76.688,127.27
119.63,34.191,76.688,128.9
122.6,34.265,76.688,127.27
125.64,34.265,75.057,127.27
130.01,35.822,76.688,125.64
134.39,37.38,78.32,124.01
135.72,35.897,81.583,124.01
134.09,35.971,84.847,122.38
136.99,36.119,86.478,119.11
136.91,36.045,88.11,120.74
132.16,37.677,94.637,117.48
130.68,42.052,94.637,119.11
126.08,41.904,97.9,122.38
119.93,40.198,102.8,127.27
112.29,41.682,107.69,127.27
109.17,41.757,110.95,125.62
106.13,43.387,112.59,122.38
104.95,40.495,106.06,120.74
103.31,37.528,109.32,120.74
97.307,36.045,110.95,120.74
94.34,40.717,110.95,115.85
86.775,45.167,114.22,115.85
88.481,46.725,109.32,114.22
93.153,45.167,104.43,115.85
96.417,42.127,97.9,117.48
98.048,42.127,94.637,117.48
104.28,40.272,88.11,125.64
107.47,41.682,83.215,127.27
112.29,41.682,75.057,127.27
115.4,49.469,71.793,119.11
112.36,46.354,73.425,122.38
107.84,44.871,75.057,122.38
