NaN,NaN,NaN,-1
147.67,59.778,79.952,88.11
147.81,68.901,76.688,83.215
143.51,76.614,73.425,76.688
143.66,81.064,70.162,76.688
139.14,74.908,71.793,81.583
136.1,70.532,73.425,79.952
134.84,66.231,68.53,76.688
136.69,66.528,60.372,70.162
135.21,63.412,60.372,73.425
121.34,48.06,71.793,84.847
121.71,52.584,63.635,83.215
112.66,55.551,66.898,83.215
110.14,72.535,57.108,68.53
111.84,86.256,52.213,60.372
110.14,90.928,57.108,55.477
111.69,89.371,55.477,57.108
116.29,87.962,52.213,55.477
108.36,85.737,63.635,71.793
114.59,87.294,57.108,70.162
122.08,99.458,55.477,63.635
123.64,98.79,53.845,78.32
119.04,98.271,57.108,89.742
122.08,97.678,55.477,102.8
123.41,92.931,58.74,109.32
124.82,89.742,60.372,114.22
119.93,91.077,70.162,117.48
118.44,75.131,70.162,141.96
115.55,66.008,68.53,146.85
115.25,55.254,75.057,155.01
114.59,48.95,89.742,163.17
114.44,47.541,93.005,161.54
112.66,42.868,99.532,166.43
112.51,46.057,102.8,161.53
113.92,44.352,104.43,166.43
114.14,45.761,99.532,168.06
110.95,48.802,104.43,166.43
112.66,70.978,99.532,135.43
111.4,71.126,94.637,132.16
108.43,83.66,94.637,117.48
110.29,85.292,86.478,114.22
113.62,91.448,78.32,109.32
109.32,95.453,75.057,119.11
106.35,104.65,75.057,112.59
106.3,102.72,76.667,122.38
103.09,110.58,81.583,112.59
95.378,110.29,88.11,119.11
90.706,111.69,93.005,120.74
87.591,105.39,96.268,128.9
87.517,99.309,97.9,132.17
90.632,93.376,94.637,132.16
93.672,90.409,93.005,132.16
99.458,90.558,96.268,128.9
102.28,91.967,99.532,130.53
103.83,93.376,97.9,132.16
105.32,100.87,97.9,130.53
111.47,108.51,93.005,125.64
119.9,111.4,87.279,127.27
123.71,111.25,84.847,130.53
125.19,112.96,84.847,125.64
128.23,109.62,83.215,133.8
129.5,100.5,88.11,138.69
129.35,92.782,91.373,145.22
126.16,89.668,96.268,148.48
124.38,103.39,102.8,140.32
121.35,103.17,104.21,145.22
118.44,110.8,102.8,140.32
115.4,112.36,104.43,138.69
111.03,115.48,102.8,135.43
112.51,115.48,102.8,135.43
115.77,115.63,96.268,132.16
117.33,115.92,94.637,125.64
118.81,116.14,94.637,120.74
120.37,119.33,93.005,115.85
124.97,125.34,89.742,114.22
127.94,129.83,89.742,113.41
120.15,128.38,97.9,112.59
123.34,129.79,93.005,114.22
124.9,129.72,91.373,115.85
123.41,132.68,91.373,115.85
126.6,132.61,86.478,117.48
122.15,124.9,86.478,124.01
111.47,120.45,93.005,124.01
108.43,117.48,94.637,124.01
109.99,119.19,93.005,119.11
109.91,120.67,94.637,119.11
109.99,125.04,93.005,120.74
111.55,129.5,91.373,120.74
114.59,135.72,89.742,114.22
114.51,135.72,91.373,114.22
115.77,131.05,96.268,119.11
117.26,121.78,96.268,127.27
120.22,115.85,96.268,127.27
116.81,109.77,106.06,130.53
114.96,105.17,114.22,133.8
114.66,103.61,120.74,135.43
114.74,106.73,119.11,132.16
114.66,103.46,120.74,138.69
116.22,108.06,119.11,135.43
117.78,109.54,117.48,135.43
120.97,111.18,112.59,132.17
124.16,112.81,107.69,128.9
127.27,108.28,104.43,130.53
124.23,106.95,106.06,127.27
124.3,105.39,104.43,128.9
127.49,108.7,99.532,122.33
125.79,107.02,104.43,125.64
122.97,109.91,101.16,127.27
123.19,117.55,96.268,122.38
119.85,117.55,104.43,122.38
116.89,118.96,104.43,124.01
110.88,125.12,106.06,119.11
101.61,120.22,114.22,128.9
103.09,122,114.22,122.38
104.35,120.59,119.11,120.74
104.28,123.75,120.74,116.65
104.28,122.15,120.74,119.11
104.2,116,122.38,124.01
105.84,114.36,119.11,127.27
105.76,119.04,120.74,122.38
107.32,120.45,119.11,124.01
108.65,123.34,122.38,125.64
107.24,123.27,120.74,127.27
110.21,118.74,120.74,128.9
107.24,114.14,120.74,132.17
105.69,109.62,122.38,133.8
104.8,107.99,109.32,137.06
104.57,105.02,114.22,137.06
104.43,105.02,117.48,137.06
104.28,104.95,120.74,138.69
105.84,107.91,119.11,138.69
108.88,107.91,117.48,138.69
108.8,107.84,119.11,140.32
108.73,107.84,120.74,140.32
110.51,107.84,114.22,140.32
110.51,106.35,114.22,140.32
110.51,101.9,114.22,140.32
111.99,97.455,114.22,140.32
115.11,96.12,110.95,137.06
112.07,98.601,112.59,132.91
104.43,97.603,117.48,137.06
104.57,99.309,114.22,132.17
103.09,103.83,114.22,130.53
118.81,100.72,94.637,133.8
117.41,102.13,93.005,135.43
112.73,105.24,97.9,132.17
111.1,105.32,101.16,130.53
112.21,104.13,109.32,124.01
112.07,103.58,112.59,119.92
108.73,103.02,120.74,115.85
113.85,101.61,106.06,114.22
99.902,101.53,119.11,115.85
101.31,103.02,120.74,115.85
104.28,101.31,120.74,120.74
107.47,105.69,115.85,122.38
107.32,108.51,119.11,125.64
108.58,111.32,124.01,128.9
109.99,109.69,125.64,132.16
111.47,108.13,125.64,133.8
112.07,104.95,112.59,138.69
112.07,103.02,112.59,148.48
113.47,97.455,114.22,140.32
111.92,92.857,115.85,143.59
111.84,110.06,117.48,124.01
114.96,109.99,114.22,125.64
114.96,111.55,114.22,124.01
116.59,114.44,110.95,125.64
116.66,119.04,109.32,122.38
118.22,122,107.69,122.38
116.52,123.41,112.59,124.01
116.44,124.97,114.22,122.38
115.18,123.04,109.32,99.532
115.18,113.77,109.32,107.69
121.34,113.77,104.43,107.69
122.28,110.73,101.88,109.32
121.48,106.28,101.16,109.32
123.04,95.453,99.532,119.11
124.45,95.453,101.16,119.11
128.83,96.788,102.8,122.38
131.72,99.828,104.43,120.74
133.06,95.008,107.69,128.9
132.91,96.194,110.95,135.43
129.79,95.898,114.22,141.96
125.19,102.13,117.48,135.43
123.41,98.938,91.373,140.32
120.52,103.76,89.742,132.17
114.51,99.235,91.373,133.8
114.74,99.235,86.478,133.8
111.84,96.343,84.847,132.16
108.8,94.859,86.478,132.17
105.91,98.048,84.847,127.27
104.35,96.491,86.478,128.9
104.28,96.417,88.11,130.53
104.2,96.491,89.742,128.9
108.8,95.008,86.478,128.9
108.58,90.558,91.373,128.9
111.55,87.665,91.373,127.27
109.99,81.509,93.005,132.17
111.32,76.762,96.268,138.69
115.92,76.317,93.005,148.48
123.56,82.251,88.11,148.48
126.53,83.512,88.11,153.38
127.86,84.921,91.373,155.01
133.8,88.778,91.373,135.43
135.28,88.778,91.373,135.43
138.25,88.778,91.373,135.43
139.8,87.146,89.742,138.69
141.21,91.818,91.373,133.8
144.03,96.046,94.637,138.69
144.03,95.898,94.637,141.96
144.03,97.307,94.637,143.59
144.18,101.98,91.373,138.69
140.77,104.95,101.16,138.69
139.36,103.46,99.532,138.69
131.87,101.83,101.04,141.96
130.39,101.61,101.16,146.85
125.49,110.88,110.95,138.69
122.45,112.36,112.59,138.69
116.37,113.99,115.85,135.43
116.44,113.92,114.22,137.06
114.96,113.99,114.22,135.43
110.36,117.03,117.48,133.8
110.36,112.36,117.48,138.69
108.65,115.48,122.38,135.43
111.69,115.48,120.74,135.43
114.74,117.03,119.11,133.8
127.05,120.15,109.32,130.53
131.42,118.67,110.95,130.53
134.32,118.59,112.59,132.16
138.77,118.81,112.59,127.27
137.13,117.26,115.85,128.9
135.5,129.72,119.11,115.85
143.22,128.31,112.59,114.22
146.11,126.75,114.22,115.85
144.62,128.09,114.22,119.11
135.43,134.32,120.74,112.59
129.2,132.68,127.27,115.85
127.79,134.24,125.64,114.22
152.71,134.17,99.532,115.85
151.23,134.24,99.532,114.22
151.23,138.84,99.532,110.95
152.71,138.84,99.532,110.95
152.86,137.36,96.268,110.95
155.82,134.39,96.268,110.95
157.31,134.39,96.268,110.95
160.19,134.32,97.909,112.59
164.58,135.72,99.532,114.22
164.65,138.84,97.9,110.95
165.99,138.84,101.16,110.95
165.91,140.4,102.8,109.32
164.28,141.95,106.06,107.69
159.75,140.4,107.69,109.32
155.23,137.43,109.32,109.32
152.04,135.72,114.22,114.22
150.56,129.5,114.22,120.74
147.52,123.27,115.85,127.27
142.92,117.11,119.11,132.17
144.48,115.48,117.48,135.43
141.29,117.33,122.38,127.27
141.29,120.22,122.38,128.9
139.8,127.64,122.38,128.9
139.8,133.65,122.38,127.27
141.21,138.1,124.01,127.27
142.77,135.72,122.37,114.22
143.96,135.8,128.9,112.59
143.73,133.06,133.8,107.69
145.37,128.83,130.53,102.8
148.33,121.19,130.53,107.69
146.85,119.78,130.53,106.06
143.81,116.89,132.17,104.43
141.96,115.4,140.32,104.43
140.4,118.37,141.96,104.43
135.8,112.07,145.22,112.59
137.43,115.11,141.96,110.95
137.43,113.47,141.96,114.22
134.32,105.69,145.22,122.38
131.5,104.28,141.95,120.74
124.67,99.777,128.9,121.86
121.93,120.08,124.01,99.532
116,117.18,124.01,97.9
108.51,114.22,125.64,97.9
102.42,112.73,128.9,97.9
88.184,112.73,148.48,97.9
86.404,115.7,155.01,97.9
82.918,109.25,166.43,109.32
83.586,108.95,151.75,115.85
83.512,114.96,153.38,114.22
84.921,117.92,122.38,114.22
87.888,114.88,122.38,115.85
91.892,114.96,132.17,114.22
99.235,115.03,133.8,112.59
108.13,111.99,133.8,114.22
114.14,112.07,132.17,112.59
117.55,99.68,122.38,124.01
117.63,99.754,120.74,122.38
116.22,98.197,119.11,124.01
103.91,98.123,128.9,125.64
98.004,98.134,128.24,125.38
90.409,99.532,132.16,127.27
78.394,101.09,135.43,125.64
67.981,99.532,136.08,127.27
57.553,93.45,137.06,130.53
46.947,87.442,141.96,132.16
56.441,79.952,128.9,133.8
51.62,76.985,137.06,133.8
52.732,76.614,145.22,109.32
47.837,76.54,155.01,110.95
48.727,82.547,135.43,109.32
72.238,88.481,107.69,109.32
70.607,92.931,110.95,109.32
67.147,94.488,106.81,107.69
62.003,94.414,104.43,109.32
54.512,94.488,106.06,107.69
50.137,92.931,104.43,109.32
45.687,88.481,104.43,109.32
46.577,85.514,84.847,109.32
46.682,81.064,82.531,109.32
51.249,70.236,79.952,119.11
60.297,71.868,76.688,115.85
64.748,71.645,76.688,120.74
61.558,74.612,81.583,120.74
59.927,77.578,84.847,120.74
64.377,83.808,84.847,114.22
68.827,86.849,84.847,112.59
73.277,88.481,84.847,109.32
79.21,84.105,84.847,107.69
85.218,76.466,83.215,112.59
87.888,72.172,89.742,107.76
93.672,63.156,93.005,111.7
100.94,46.206,96.268,125.64
106.87,46.057,96.268,128.9
109.77,50.581,97.9,127.28
109.69,51.991,99.532,128.9
111.03,48.727,102.8,135.43
110.8,48.579,107.69,138.69
109.1,51.472,112.59,140.32
109.1,52.955,112.59,140.32
107.62,51.397,112.59,141.96
109.17,49.988,110.95,140.32
106.06,48.876,114.22,132.17
103.09,45.835,114.22,133.8
102.94,46.057,117.48,128.9
101.46,47.467,117.48,130.53
101.31,49.247,120.74,124.01
102.94,44.5,117.48,130.53
101.46,44.5,117.48,130.53
101.46,44.5,117.48,130.53
98.419,44.203,119.11,137.06
99.902,33.449,119.11,145.22
108.88,30.557,117.48,143.59
110.36,26.181,117.48,141.96
113.18,24.772,120.74,140.32
124.01,17.355,110.95,140.32
123.86,23.437,114.22,137.06
114.59,32.411,122.38,135.43
114.66,41.237,120.74,104.43
117.78,42.572,117.48,107.69
113.1,42.497,122.38,109.32
114.88,42.696,115.85,107.56
114.96,36.712,114.22,106.06
114.74,33.894,119.11,102.8
112.88,16.762,127.27,120.74
157.83,19.802,84.847,119.11
159.38,22.843,83.215,117.48
161.02,28.925,79.952,114.22
153.45,31.966,83.215,112.59
146.03,34.784,83.215,115.85
144.77,34.858,78.32,114.22
137.28,34.784,79.952,115.85
130.01,30.334,76.688,115.85
127.12,25.958,75.057,114.22
125.64,16.836,75.057,119.11
128.53,13.795,76.688,120.74
128.53,18.319,76.688,119.11
128.53,21.36,76.688,117.48
128.53,22.769,76.688,119.11
128.53,25.81,76.688,117.48
127.12,25.736,75.057,119.11
125.6,27.293,75.877,117.48
122.6,25.81,76.688,117.48
118.15,20.767,76.688,130.53
122.6,17.874,76.688,128.9
127.12,16.391,75.057,128.9
126.97,14.685,78.32,133.8
134.24,16.02,81.583,137.06
134.17,17.429,83.143,138.69
133.87,17.132,89.742,145.22
133.43,14.092,99.532,146.85
130.16,12.608,106.06,146.85
136.39,9.5675,99.504,148.48
136.32,23.659,101.16,132.16
134.69,22.176,104.43,132.17
131.65,19.283,106.06,130.53
134.69,16.317,104.43,130.53
162.72,13.276,75.057,132.17
158.27,6.8233,75.057,143.59
156.79,16.094,75.057,135.43
156.79,23.585,75.057,133.8
153.82,29.741,75.057,128.91
146.26,34.265,78.32,127.27
140.25,35.748,79.952,127.27
132.68,34.191,83.215,128.9
123.64,28.183,86.478,130.53
120.45,23.585,91.373,133.8
120.15,16.094,97.9,135.43
116.89,14.685,104.43,133.8
113.77,50.507,107.69,96.268
109.1,55.106,112.59,93.005
105.91,59.63,117.48,91.373
104.35,62.745,119.11,88.11
105.91,64.228,117.48,88.11
102.72,67.195,122.38,88.11
99.68,68.604,124.01,89.742
97.974,70.384,128.9,83.215
96.046,65.786,138.69,86.478
100.79,62.819,132.17,86.478
97.603,61.336,137.06,86.478
161.09,66.73,78.32,82.381
160.79,72.052,84.847,79.162
159.64,74.983,77.527,79.952
156.49,78.023,81.583,78.32
153.75,78.023,76.688,78.32
157.16,78.023,66.898,78.32
155.75,76.688,65.267,75.057
154.49,73.648,60.372,76.688
150.08,72.312,59.565,73.425
147.29,70.978,55.477,70.162
145.81,69.494,55.477,70.162
141.29,67.993,57.108,65.518
138.25,62.3,58.74,65.267
133.72,62.3,60.372,65.267
128.9,65.267,68.53,65.267
127.34,68.308,70.162,63.635
125.79,68.159,71.793,66.898
122.75,71.126,73.425,66.898
119.71,72.609,75.057,66.898
118.22,74.167,75.057,65.267
113.62,73.87,78.32,71.793
113.55,70.755,79.952,75.057
114.96,58.369,81.583,86.478
114.51,59.852,91.373,86.478
117.26,62.967,96.268,83.215
113.85,55.259,106.06,89.646
110.58,53.771,112.59,89.742
126.08,55.18,97.9,91.373
119.93,58.221,102.8,89.742
115.25,50.137,107.69,104.43
116.66,48.727,109.32,102.8
110.58,48.876,112.59,99.532
105.98,50.507,115.85,96.268
100.12,50.804,114.22,89.742
103.61,48.208,102.8,81.583
111.93,48.06,100.3,84.847
109.62,51.175,101.16,81.583
103.54,54.364,104.43,76.688
101.83,57.405,109.32,75.057
95.823,60.668,110.95,68.53
98.419,63.709,119.11,66.898
96.491,65.341,128.9,63.635
158.42,66.898,71.793,62.003
159.9,66.824,71.793,63.635
164.35,68.308,71.793,63.635
161.31,68.308,73.425,63.635
163.02,66.676,68.53,66.898
159.75,66.676,75.057,66.898
158.49,66.602,70.162,68.53
160.27,66.75,63.635,65.267
157.46,65.044,60.372,70.162
152.93,64.97,62.003,71.793
145.52,61.781,62.003,76.688
139.66,60.446,60.372,73.425
138.25,60.446,58.74,73.425
133.87,58.888,57.108,75.057
130.76,58.814,60.372,76.688
135.5,58.814,53.845,76.688
137.06,60.223,52.213,78.32
141.81,60.372,45.687,75.057
143.22,63.487,47.318,71.793
143.14,60.372,48.95,75.057
141.62,60.878,49.849,76.081
135.35,60.446,57.108,73.425
135.21,60.372,60.372,75.057
135.13,60.223,62.003,78.32
130.68,61.855,62.003,75.057
129.12,60.223,63.635,78.32
130.68,58.814,62.003,76.688
133.8,55.699,58.74,79.952
135.28,54.067,58.74,83.215
138.32,52.51,57.108,84.847
144.62,52.84,48.95,86.055
148.53,50.952,47.964,86.478
150.47,49.617,45.935,83.215
150.41,46.354,52.213,89.742
145.81,43.387,55.477,89.742
144.62,43.387,48.95,89.742
141.51,43.239,52.213,93.005
137.09,43.239,51.471,93.005
129.35,46.132,58.74,94.637
124.82,43.091,60.372,96.268
127.49,44.648,66.898,94.637
127.64,40.05,63.635,97.9
132.17,36.861,62.003,102.8
135.21,30.779,60.372,106.06
139.58,27.887,62.003,104.43
143.96,27.738,63.635,107.69
149.97,29.147,62.003,109.32
151.45,27.442,62.003,114.22
155.82,27.293,63.635,117.48
157.23,24.178,65.267,120.74
157.23,19.728,65.267,120.74
158.79,16.687,63.635,122.38
161.68,13.647,65.267,124.01
166.21,13.647,63.635,124.01
163.17,15.13,65.267,124.01
163.09,22.547,66.898,124.01
159.83,25.439,73.425,125.64
152.04,28.554,81.583,122.38
144.33,30.037,88.11,122.38
138.1,30.112,94.637,120.74
128.9,27.071,101.16,122.38
128.68,23.807,106.06,128.9
127.42,20.841,101.16,128.9
126.08,16.391,65.267,128.9
130.68,20.989,62.003,125.64
121.19,22.472,75.057,125.64
122.6,22.547,76.688,124.01
131.65,25.513,73.425,124.01
131.5,26.848,76.688,127.27
136.02,28.257,75.057,128.9
140.4,29.667,76.688,130.53
142.44,31.076,80.764,132.17
146.11,31.15,81.583,130.53
147.59,32.93,81.583,124.01
149.07,31.926,81.583,123.5
148.93,33.004,84.847,122.38
147.3,34.413,88.11,124.01
148.85,34.191,86.478,128.9
150.41,38.789,84.847,125.64
150.48,38.789,83.215,125.64
142.77,35.822,89.742,125.64
144.44,32.856,84.882,125.64
144.48,22.176,84.847,132.17
142.84,20.841,88.11,128.9
136.99,22.695,86.478,120.74
133.95,22.621,88.11,122.38
129.5,31.817,88.11,115.85
123.49,34.858,89.742,114.22
126.65,36.416,84.873,112.59
126.6,37.973,86.478,110.95
117.48,38.047,91.373,109.32
123.86,39.308,81.583,114.22
114.59,39.827,89.742,102.8
116.22,38.196,86.478,106.06
122.38,36.861,81.583,102.8
117.55,38.567,89.742,97.9
119.04,41.533,89.742,97.9
118.96,42.868,91.373,101.16
117.33,44.129,94.637,106.06
117.41,47.096,93.005,106.06
111.1,48.505,101.16,107.69
108.28,47.022,97.996,107.69
111.32,42.646,96.268,106.06
114.14,33.672,99.532,107.69
115.48,24.627,102.8,110.88
115.4,26.032,104.43,112.59
116.89,25.662,104.43,120.74
121.56,30.112,99.532,120.74
120.86,33.078,98.709,120.74
121.78,36.119,94.637,119.11
120.15,37.602,97.9,119.11
121.93,39.16,91.373,117.48
123.49,37.825,89.742,114.22
126.53,39.531,88.11,109.32
129.64,38.047,84.847,109.32
123.71,38.122,84.847,107.69
112.88,36.564,94.637,109.32
107.99,41.237,104.43,104.43
100.2,41.311,112.59,102.8
92.56,38.047,117.48,109.32
86.33,38.122,124.01,107.69
81.732,39.457,127.27,110.95
77.207,36.267,128.9,115.85
78.542,34.71,132.17,117.48
86.33,31.743,124.01,117.48
81.583,25.736,130.53,119.11
89.222,27.293,125.64,117.48
96.936,31.743,119.11,117.48
101.53,37.751,115.85,115.85
107.76,43.832,109.32,112.59
118.44,45.612,102.8,106.06
128.32,44.352,97.111,101.16
134.99,36.712,101,106.06
139.14,32.337,104.43,104.43
140.92,29.444,97.9,102.8
142.47,26.477,96.268,102.8
142.4,26.032,97.9,112.59
143.81,25.884,99.532,115.85
143.59,25.662,104.43,120.74
142.18,24.104,102.8,122.38
142.47,30.112,96.268,120.74
133.43,31.447,99.532,124.01
128.75,31.224,104.43,128.9
128.98,32.633,99.532,130.53
123.08,34.191,98.787,128.9
124.53,33.227,99.532,117.48
119.85,33.227,104.43,117.48
112.14,34.636,110.95,119.11
110.58,36.119,112.59,119.11
124.53,36.045,99.532,120.74
125.79,34.562,104.43,120.74
127.05,38.102,109.32,118.59
129.94,39.16,110.95,117.48
131.2,39.16,115.85,117.48
129.64,40.643,117.48,117.48
132.61,43.684,117.48,115.85
131.2,46.799,115.85,112.59
128.23,49.766,115.85,112.59
129.87,51.027,112.59,117.48
133.13,53.993,106.06,117.48
133.43,60.149,99.532,112.59
130.68,60.001,94.637,115.85
124.97,61.632,89.742,112.59
125.12,55.477,86.478,117.48
126.6,54.067,86.478,115.85
122.15,51.027,86.478,117.48
123.64,45.019,86.478,119.11
126.53,46.651,88.11,115.85
129.5,48.208,88.11,114.22
134.02,51.249,86.478,112.59
136.99,49.766,86.478,112.59
138.54,49.692,84.847,114.22
143.07,52.807,83.215,110.95
144.48,49.84,84.847,110.95
144.48,45.39,84.847,110.95
144.48,43.907,84.847,110.95
139.95,44.055,86.478,107.69
137.06,41.088,84.847,107.69
131.05,41.014,86.478,109.32
125.05,43.907,88.11,110.95
120.59,46.873,88.11,110.95
116.14,48.431,88.11,109.32
113.18,53.029,88.11,106.06
108.73,51.397,88.11,109.32
104.35,52.955,86.478,107.69
102.87,53.029,86.478,106.06
99.903,50.062,86.478,106.06
99.903,45.538,86.478,107.69
101.31,45.612,88.11,106.06
104.35,44.055,86.478,107.69
108.95,46.947,83.215,109.32
115.03,49.914,79.952,109.32
122.52,57.561,78.32,104.25
128.66,60.223,73.945,110.95
131.5,61.855,76.688,107.69
136.02,60.372,75.057,107.69
138.84,59.037,78.32,104.43
138.47,60.594,86.478,102.8
136.76,63.635,91.373,101.16
135.13,65.118,94.637,101.16
130.31,69.568,102.8,101.16
125.6,72.609,108.5,99.532
119.56,74.167,110.95,97.9
113.4,72.683,115.85,97.9
107.47,71.052,115.85,101.16
102.87,68.233,119.11,97.9
99.828,66.676,120.74,99.532
96.862,63.561,120.74,102.8
96.936,62.077,119.11,102.8
100.05,59.037,115.85,104.43
100.2,54.364,112.59,109.32
101.9,55.847,107.69,109.32
103.54,58.814,104.43,109.32
103.61,60.446,102.8,106.06
106.73,58.814,99.532,109.32
109.84,61.929,96.268,106.06
112.96,60.446,93.005,106.06
116.07,60.594,89.742,102.8
117.63,56.07,88.11,104.43
117.48,54.29,91.373,110.95
118.81,52.732,94.637,112.59
121.71,55.773,96.268,110.95
121.41,58.74,102.8,110.95
119.63,60.223,109.32,110.95
114.88,61.632,115.85,112.59
108.51,67.714,125.64,109.32
99.087,59.259,137.06,132.17
92.708,52.881,146.85,141.95
87.962,53.029,153.38,138.69
87.962,50.433,153.38,130.53
89.519,53.548,151.75,127.27
137.88,54.809,99.532,132.17
140.92,50.137,97.9,137.06
139.28,45.612,101.16,138.69
146.92,44.352,96.268,133.8
154.56,41.904,91.373,122.38
153.01,44.871,93.005,122.38
154.49,47.986,93.005,119.11
159.01,47.837,91.373,122.38
157.6,44.5,89.742,130.53
154.56,43.017,91.373,130.53
154.86,41.459,84.847,132.17
153.45,34.932,83.215,145.22
152.34,33.375,75.057,146.85
146.26,61.484,78.32,115.85
144.92,58.369,75.057,119.11
143.36,61.336,76.688,119.11
140.62,62.819,71.793,119.11
134.46,64.006,76.688,125.64
127.57,63.932,97.9,127.27
124.53,64.006,99.532,125.64
124.75,59.407,94.637,128.9
141.88,50.137,76.688,137.06
140.1,45.316,83.215,145.22
137.13,44.277,83.215,135.43
138.32,39.605,89.742,140.32
139.73,39.679,91.373,138.69
138.02,38.344,96.268,135.43
137.8,39.753,101.16,137.06
131.66,40.643,105.76,150.11
167.32,42.201,71.793,148.48
168.8,40.495,71.793,153.38
165.76,39.605,73.425,140.32
161.09,39.679,78.32,138.69
159.75,38.233,75.057,137.88
161.31,36.787,73.425,137.06
158.2,35.155,76.688,140.32
155.31,38.047,75.057,141.96
155.31,42.497,75.057,141.96
153.97,43.981,71.793,141.96
154.12,45.464,68.53,141.96
148.19,45.538,68.53,140.32
142.25,44.129,68.53,138.69
132.91,44.277,78.32,135.43
123.71,41.162,84.847,138.69
120.74,38.196,84.847,138.69
122.3,36.638,83.215,140.32
120.97,36.564,79.952,141.96
119.48,36.564,79.952,141.96
121.19,39.605,75.057,140.32
122.52,42.794,78.32,135.43
123.93,41.162,79.952,138.69
128.61,41.237,75.057,137.06
136.17,42.794,71.793,135.43
140.55,39.679,73.425,138.69
143.22,38.196,79.952,138.69
143.14,38.27,81.583,137.06
142.92,36.787,86.478,137.06
141.29,38.344,89.742,135.43
139.58,41.311,94.637,135.43
136.54,45.761,96.268,135.43
131.87,47.17,101.16,137.06
155.08,48.579,79.952,138.69
153.75,54.661,76.688,135.43
152.41,54.661,73.425,135.43
151,54.661,71.793,135.43
145.07,50.211,71.793,135.43
145.07,47.244,71.793,135.43
140.62,45.761,71.793,135.43
137.88,45.687,66.898,137.06
133.5,50.211,65.267,135.43
132.09,51.694,63.635,135.43
128.98,50.137,66.898,137.06
129.05,50.211,65.267,135.43
126.01,50.211,66.898,135.43
124.45,48.579,68.53,138.69
118.3,48.579,73.425,138.69
115.33,50.954,73.425,136.2
112.29,51.694,75.057,135.43
110.8,50.211,75.057,135.43
106.28,45.538,76.688,140.32
