NaN,NaN,NaN,-1
247.56,56.419,70.125,161.29
233.86,51.956,91.163,165.96
233.96,49.087,88.825,182.33
238.42,49.3,84.15,177.65
229.29,46.644,98.175,189.34
220.68,46.537,100.51,191.68
216.43,46.431,100.51,194.01
209.84,46.325,105.19,196.35
209.95,48.556,102.85,194.01
205.81,48.45,100.51,196.35
203.79,48.45,98.175,196.35
201.56,49.535,100.51,195.21
196.88,48.45,109.86,196.35
190.4,50.787,112.2,191.68
183.6,48.556,121.55,194.01
183.6,46.537,121.55,191.68
181.26,42.181,126.23,194.01
181.37,30.919,123.89,208.04
169.57,28.581,149.6,212.71
178.82,15.512,133.24,219.73
189.76,13.069,126.23,226.74
203.36,16.15,107.53,205.7
200.92,11.9,114.54,205.7
194.01,9.5625,126.23,210.38
197.84,11.475,135.58,215.05
204.74,20.4,123.89,205.7
200.49,24.65,123.89,205.7
184.88,29.219,140.25,198.69
176.27,33.575,142.59,196.35
160.97,33.044,151.94,208.04
162.88,40.357,156.61,211.51
162.78,39.312,158.95,210.38
167.34,46.431,151.94,194.01
173.72,28.581,151.94,212.71
175.63,30.812,156.61,210.38
187.32,28.794,133.24,208.04
191.57,26.669,133.24,208.04
200.17,22.312,130.9,210.38
204.32,15.725,133.24,215.05
206.44,15.3,133.24,177.65
208.46,20.081,135.58,165.96
210.69,10.944,133.24,179.99
215.26,4.4625,126.23,182.33
219.72,11.369,121.55,170.64
221.53,4.8875,128.56,172.98
226.31,0.425,116.88,177.65
233.01,-3.825,109.86,177.65
234.92,-3.7188,114.54,175.31
237.47,-1.3813,105.19,170.64
241.82,-1.6219,102.85,173.12
245.86,-5.6313,107.53,170.64
241.29,-5.4823,114.54,167.36
243.42,1.275,114.54,158.95
236.83,0.2166,119.21,157.83
234.71,-5.2063,119.21,161.29
239.38,-5.2063,109.86,161.29
230.46,-5.2063,119.21,161.29
219.41,-7.8625,128.56,172.98
219.09,-10.306,135.58,179.99
212.71,-7.65,135.58,168.3
206.12,-8.075,140.25,177.65
213.65,-4.7813,134.59,151.94
209.74,-2.4438,132.01,147.26
202.41,-2.55,128.56,149.6
219.94,1.9125,116.88,144.93
217.49,4.25,123.89,140.25
209.21,1.9125,119.21,144.93
200.28,4.2288,128.56,138.91
188.49,2.0187,154.28,142.59
166.92,-2.2313,161.29,142.59
153,-4.5688,187,147.26
141.74,-2.2734,201.03,144.86
124.1,-2.55,215.05,149.6
104.23,-0.53125,231.41,151.94
112.73,-2.6563,184.66,151.94
101.68,-2.6563,194.01,151.94
82.237,-4.1438,201.03,137.91
67.044,-1.275,208.04,121.55
34.956,-3.6125,212.71,126.23
19.869,-3.0813,217.39,114.54
NaN,NaN,NaN,-2
NaN,NaN,NaN,0
NaN,NaN,NaN,0
NaN,NaN,NaN,0
NaN,NaN,NaN,0
NaN,NaN,NaN,-1
210.87,68.082,88.367,136.97
202.64,67.982,92.785,139.18
197.32,67.982,98.364,139.18
177.54,70.091,114.88,136.97
168.9,63.664,128.13,145.81
162.57,65.773,134.76,143.6
198.42,67.882,97.203,141.39
196.11,69.79,103.83,143.6
198.22,73.907,101.62,141.39
194,73.907,106.04,141.39
196.11,73.907,103.83,141.39
191.7,67.682,112.67,145.77
185.27,69.791,121.5,143.59
174.62,69.79,134.76,143.6
166.19,71.898,143.6,141.39
153.44,69.689,159.06,145.81
149.12,65.572,165.69,148.01
186.88,52.92,130.34,161.27
189.08,46.392,125.92,172.32
180.95,55.33,128.13,152.43
176.83,55.129,130.34,156.85
175.03,57.237,125.92,154.64
177.03,57.037,125.92,159.06
172.92,58.643,128.13,167.9
173.12,62.66,123.71,167.9
175.23,56.133,121.5,178.94
183.36,58.192,119.3,177.82
191.8,55.731,110.46,187.78
193.8,55.631,110.46,189.99
191.59,47.095,114.88,201.03
191.49,42.777,117.09,207.66
195.51,32.033,117.09,223.13
199.73,53.522,112.67,192.2
201.84,60.451,110.46,172.32
203.95,64.668,108.25,167.9
203.75,62.057,112.67,181.15
203.75,62.057,112.67,181.15
203.54,64.267,117.09,176.73
199.23,66.476,123.71,172.32
203.34,64.367,121.5,174.52
203.24,66.677,123.71,167.9
203.24,66.476,123.71,172.32
205.55,62.048,117.09,181.35
203.54,52.529,117.09,189.03
207.66,49.606,114.88,189.99
203.44,47.497,119.3,192.2
209.67,47.497,114.88,192.2
199.13,49.606,125.92,189.99
196.72,41.372,134.76,194.41
196.72,30.828,134.76,205.45
196.82,35.849,132.55,183.36
196.62,39.966,136.97,181.15
194.51,39.865,139.18,183.36
196.82,33.539,132.55,189.99
192.6,29.422,136.97,192.2
190.39,33.439,141.39,192.2
202.04,27.012,150.22,201.03
202.04,27.213,150.22,196.62
201.94,27.213,152.43,196.62
201.74,31.23,156.85,196.62
201.54,27.112,161.27,198.83
201.44,31.43,163.48,192.2
202.74,27.414,134.76,192.2
201.73,27.414,135.82,192.2
196.41,21.087,141.39,198.83
198.72,49.003,134.76,159.06
194.41,46.794,141.39,163.48
189.89,46.593,152.43,167.9
187.98,42.376,150.22,172.31
181.95,44.485,150.22,170.11
175.83,44.685,152.43,165.69
161.37,48.702,161.27,165.69
151.13,48.702,165.69,165.69
151.03,48.602,167.9,167.9
184.67,48.501,134.76,170.11
185.07,50.61,125.92,167.9
176.83,54.727,130.34,165.69
172.62,48.401,134.76,172.31
172.72,52.618,132.55,167.9
160.26,46.292,141.39,174.52
155.85,39.966,150.22,181.15
149.52,35.648,156.85,187.78
151.33,31.531,161.27,189.99
149.42,8.1337,159.06,218.71
156.25,14.36,141.39,214.29
160.77,41.372,130.34,194.41
161.07,39.162,123.71,198.83
156.75,72.3,130.34,176.73
150.42,76.517,136.97,172.32
142.59,63.765,132.55,187.78
131.85,70.091,148.01,181.15
125.42,74.379,156.85,175.18
135.56,80.534,154.64,172.31
135.46,82.643,156.85,170.11
141.49,84.752,156.85,167.9
146.01,84.752,145.81,167.9
150.12,82.743,143.6,167.9
152.13,82.743,143.6,167.9
158.36,82.743,139.18,167.9
160.26,82.643,141.39,170.11
165.99,80.434,148.01,174.52
163.48,80.434,159.06,174.52
165.59,80.434,156.85,174.52
165.29,74.007,163.48,183.36
162.98,69.589,170.11,192.2
160.87,61.053,172.32,203.24
177.84,60.953,152.43,205.45
175.73,58.844,154.64,207.66
175.83,54.426,152.43,216.5
173.62,54.225,156.85,220.92
175.83,87.764,152.43,189.99
177.94,89.873,150.22,187.78
179.85,93.789,152.43,189.99
180.05,95.797,148.01,189.99
182.16,95.797,145.81,189.99
184.16,95.898,145.81,187.78
179.95,81.036,150.22,205.45
171.51,81.036,159.06,205.45
171.21,84.551,165.69,172.32
169,73.907,170.11,185.57
169,73.806,170.11,187.78
165.39,77.823,161.27,187.78
160.06,77.823,145.81,187.78
153.54,77.823,156.85,187.78
142.99,71.296,167.9,198.83
138.17,77.923,185.57,185.57
129.64,77.823,196.62,187.78
126.73,71.396,172.31,196.62
122.41,76.317,178.94,176.73
116.08,82.643,185.57,170.11
107.55,76.116,196.62,181.15
103.33,80.735,201.03,167.9
82.241,80.534,223.13,172.31
71.497,78.325,194.41,176.73
66.978,63.664,205.45,189.99
83.848,64.668,187.78,167.9
NaN,NaN,NaN,-2
NaN,NaN,NaN,0
NaN,NaN,NaN,0
NaN,NaN,NaN,0
NaN,NaN,NaN,0
NaN,NaN,NaN,-1
234.24,64.837,99.623,158.49
217.05,60.618,115.47,160.76
214.79,62.882,120,156.23
210.46,65.043,124.53,153.96
208.1,60.618,131.32,160.76
197.19,65.146,144.91,151.7
181.85,49.915,165.28,169.81
192.66,43.534,153.96,174.34
177.53,39.314,169.81,176.61
162.51,37.256,183.4,176.61
182.78,80.378,144.91,133.59
177.74,84.803,165.28,126.79
169.09,86.862,174.34,126.79
179.8,78.32,165.28,133.59
190.4,67.513,158.49,144.91
190.5,67.41,156.23,147.17
187.51,58.663,176.61,158.49
187.41,50.017,178.87,167.55
187.31,45.901,181.13,167.55
187.31,46.107,181.13,163.02
178.87,39.623,185.66,169.81
166,37.462,196.98,172.08
164.26,61.393,190.19,143.69
166.42,54.957,187.93,149.44
166.21,52.693,192.45,153.96
164.26,54.957,190.19,149.44
166.31,65.764,190.19,138.11
168.37,61.441,190.19,142.64
176.71,63.705,187.93,138.11
176.81,57.222,185.66,144.91
178.77,55.472,187.93,138.11
184.63,59.589,194.72,138.11
191.12,57.53,187.93,138.11
183.09,49.091,183.4,142.64
187.41,50.944,178.87,147.17
176.81,46.724,185.66,149.44
175.16,46.827,176.61,147.17
169.09,42.505,174.34,151.7
164.15,46.93,192.45,144.91
155.92,47.033,192.45,142.64
149.54,44.975,196.98,142.64
171.15,42.916,174.34,142.64
160.45,40.961,183.4,140.38
153.76,38.902,194.72,140.38
145.32,36.844,199.25,140.38
141,36.947,203.78,138.11
123.5,37.256,226.42,131.32
162.51,48.165,183.4,117.74
153.65,48.268,196.98,115.47
142.44,48.371,217.36,113.21
136.26,48.474,217.36,110.94
159.83,50.635,196.98,108.68
159.73,48.474,199.25,110.94
157.46,59.28,203.78,99.623
159.73,57.325,199.25,97.359
170.22,59.486,194.72,95.095
171.77,59.486,206.04,95.095
178.35,57.428,196.98,95.095
182.99,57.428,185.66,95.095
183.5,59.692,174.34,90.567
186.18,46.827,160.76,101.89
186.49,40.446,153.96,106.42
195.03,40.343,147.17,108.68
199.25,40.446,144.91,106.42
186.28,38.388,158.49,106.42
195.34,40.858,140.38,97.359
201.61,38.8,138.11,97.359
207.79,36.638,138.11,99.623
211.6,38.903,144.91,95.095
213.86,36.741,140.38,97.359
224.36,36.947,135.85,92.831
228.27,36.844,140.38,95.095
238.97,38.8,131.32,97.359
242.99,36.741,133.59,97.359
242.27,38.594,149.44,101.89
250.5,36.638,149.44,99.623
239.28,32.213,169.81,106.42
230.22,23.362,187.93,120
225.08,14.511,210.57,133.59
224.67,10.189,219.62,138.11
224.15,7.9246,230.95,142.64
256.16,7.7187,206.04,147.17
257.39,1.0292,224.15,158.49
278.39,3.3962,215.1,151.7
276.13,5.5575,219.62,149.44
275.51,3.0875,233.21,158.49
292.7,6.175,217.36,135.85
288.37,3.9108,221.89,140.38
315.13,5.4546,176.61,106.42
NaN,NaN,NaN,-2
NaN,NaN,NaN,0
NaN,NaN,NaN,0
NaN,NaN,NaN,0
NaN,NaN,NaN,0
NaN,NaN,NaN,-1
224.07,89.899,111.06,115.34
223.58,85.725,121.74,121.74
218.63,77.792,145.24,125.98
217.18,73.395,177.27,136.69
216.79,75.337,185.82,136.69
219.02,77.57,136.69,130.29
218.92,75.434,138.83,134.56
218.53,69.318,147.37,140.96
218.34,69.22,151.64,143.1
216.2,69.22,155.92,143.1
211.54,61.065,173,151.64
211.45,52.91,175.14,160.19
211.54,46.794,173,166.6
215.61,38.639,168.99,175.14
209.41,38.736,177.27,173
200.96,29.999,192.23,194.36
197.86,25.727,175.14,202.9
195.82,33.008,177.27,170.87
191.74,29.028,181.55,173
177.47,10.388,196.5,198.63
181.35,6.6644,196.5,195.12
183.68,4.5629,145.24,198.63
169.6,41.163,155.92,162.32
135.53,30.387,179.41,185.82
131.65,14.077,179.41,202.9
131.84,11.844,175.14,209.31
187.18,38.154,111.06,185.82
169.51,46.309,115.34,177.27
163.49,47.358,119.61,176.18
165.62,46.309,115.34,177.27
165.82,40.095,111.06,185.82
163.97,48.25,108.93,177.27
162.03,50.289,108.93,175.14
162.13,48.153,106.79,179.41
162.23,52.328,104.66,173
160.38,56.114,102.52,175.14
158.54,54.172,100.38,175.14
160.67,54.464,96.113,168.73
164.85,54.464,89.705,168.73
160.96,56.211,89.705,173
158.83,60.192,93.977,170.87
164.94,57.959,87.569,177.27
169.02,60.095,83.298,173
181.06,62.23,74.754,168.73
182.81,62.328,79.026,166.6
194.65,68.444,74.754,160.19
194.17,70.385,85.433,160.19
213.87,74.463,79.026,155.92
221.59,76.599,80.071,151.64
229.31,78.638,81.162,149.51
237.17,82.715,79.026,145.24
251.06,86.89,72.618,138.83
252.81,90.967,76.89,134.56
267.08,92.909,61.939,134.56
266.98,96.792,64.075,134.56
269.02,98.637,61.939,136.69
264.75,102.52,70.483,136.69
262.9,104.46,68.347,136.69
259.5,106.31,57.668,138.83
253.1,110.38,70.482,134.56
249.5,117.28,64.075,111.06
249.74,119.32,58.796,108.81
247.95,117.18,55.532,113.2
241.79,102.71,63.004,132.42
231.74,104.75,70.483,130.29
233.97,110.77,64.075,126.01
232.51,112.62,53.396,128.15
231.7,114.75,48.142,123.88
224.75,100.77,53.396,132.42
226.69,92.812,53.396,136.69
212.52,84.365,66.211,151.64
216.69,80.385,59.803,153.78
213.29,75.143,49.124,140.97
211.35,75.531,49.124,132.42
213.29,75.919,49.124,123.88
207.08,71.745,57.667,130.29
211.16,71.929,53.396,126.23
203.1,69.706,59.803,132.42
206.88,65.531,61.939,138.83
202.32,59.706,76.89,138.83
206.5,58.541,70.483,164.46
200.38,52.425,76.89,170.87
191.84,53.978,93.977,179.41
201.93,62.133,85.433,170.87
192.81,54.658,72.618,164.46
194.94,52.619,68.347,166.6
190.67,46.309,76.89,177.27
194.65,46.406,74.754,175.14
183.68,46.309,102.52,177.27
182.61,46.212,126.01,179.41
192.32,46.115,126.01,181.55
196.11,50.095,128.15,179.41
189.99,47.959,134.56,183.68
183.58,49.804,147.37,185.82
176.98,49.804,164.46,185.82
173,66.017,166.6,170.87
166.3,65.92,185.82,173
165.92,61.939,151.64,175.14
161.64,59.803,160.19,179.41
139.22,60.386,183.68,166.6
118.64,56.211,209.31,173
119.7,58.153,185.82,173
117.96,53.978,181.55,179.41
117.96,54.27,181.55,173
128.05,52.328,173,173
133.97,48.639,170.87,168.73
133.78,46.697,175.14,168.73
141.64,48.175,173,167.18
145.04,43.105,183.68,162.32
150.87,38.736,183.68,173
156.6,34.853,185.82,173
160.38,30.872,187.95,175.14
161.94,18.737,196.5,185.82
163.68,16.99,200.77,181.55
166.4,12.621,140.97,192.23
161.84,8.6404,155.92,194.36
149.8,0.48542,164.46,202.9
147.86,0.5825,164.46,200.77
143.88,-1.4563,166.6,202.9
140.19,45.532,162.32,151.64
203.1,45.241,102.52,158.05
203.29,45.338,98.248,155.92
203.2,47.377,100.38,153.78
203.29,46.988,98.248,162.32
203.58,46.794,91.841,166.6
211.74,42.937,83.297,166.01
218.05,42.814,72.618,168.73
218.05,40.678,72.618,173
215.91,44.658,76.89,170.87
217.86,38.542,76.89,177.27
219.31,38.445,87.569,179.41
219.31,34.562,87.569,179.41
219.31,32.717,87.569,177.27
219.51,32.62,83.298,179.41
219.7,32.717,79.026,177.27
221.74,31.358,76.89,164.46
223.97,41.358,70.482,158.05
226.3,45.435,61.939,153.78
224.17,47.377,66.211,153.78
224.36,49.318,61.939,153.78
224.07,51.26,68.347,153.78
224.07,53.105,68.347,155.92
222.03,55.143,70.482,153.78
224.46,57.085,59.803,153.78
224.84,63.201,51.313,147.37
226.59,61.065,55.532,151.64
226.59,61.26,55.532,147.37
224.36,59.114,61.939,151.86
220.28,62.91,66.211,153.78
220.19,60.968,68.347,153.78
220.28,65.143,66.211,147.37
218.24,61.065,68.347,151.64
222.71,61.26,55.532,147.37
222.71,49.027,55.532,160.19
224.84,51.066,51.26,158.05
223,55.049,49.19,155.85
224.94,59.124,49.124,151.64
220.86,57.085,53.396,153.78
220.86,56.988,53.396,155.92
222.81,40.581,53.396,175.14
224.65,48.64,55.532,168.71
224.65,52.619,55.532,166.6
226.59,52.716,55.532,164.46
228.53,46.697,55.532,168.73
230.67,50.677,51.26,166.6
228.73,52.825,51.26,162.07
230.77,52.813,49.124,162.32
229.21,52.91,40.581,160.19
227.18,52.716,42.717,164.46
227.18,52.522,42.717,168.73
219.12,36.212,49.124,185.82
211.06,36.212,55.532,185.82
206.88,38.251,61.939,183.68
204.94,34.076,61.939,190.09
204.75,36.406,66.211,181.55
202.61,36.406,70.483,181.55
