NaN,NaN,NaN,-1
151.61,93.486,18.06,48.246
150.31,92.741,19.629,49.235
150.11,89.953,18.772,48.52
148.71,87.732,18.601,48.931
148.55,85.854,19.389,51.722
149.58,84.343,18.599,53.385
150.42,83.878,20.225,52.106
152.67,84.106,18.46,49.788
153.22,83.153,20.505,50.278
156.81,82.963,17.37,50.356
156.8,82.498,17.612,52.399
154.94,83.518,19.954,49.066
153.1,82.253,20.569,50.739
152.74,80.633,19.267,53.644
151.23,82.521,19.136,52.235
146.77,81.016,21.633,55.865
141.78,80.874,21.312,54.482
136.4,81.562,22.465,56.536
132.71,80.337,20.552,55.725
131.57,80.423,17.886,54.968
129.46,79.245,18.275,56.684
131.11,78.979,18.243,57.135
131.2,80.578,19.035,53.741
131.14,80.506,19.967,54.345
132.04,75.443,20.165,61.087
133.78,77.901,19.593,56.942
134.86,76.794,20.069,61.006
137.31,76.143,20.405,60.439
137.49,74.947,21.557,58.905
139.12,75.419,22.93,58.209
141.93,74.155,22,60.162
144.28,74.705,23.065,59.566
145.9,75.293,23.371,58.692
147.68,73.754,24.03,62.705
149.31,74.103,21.471,61.145
150.06,72.098,19.502,65.136
150.25,73.735,19.512,63.884
150.52,72.579,20.441,65.851
151.48,73.55,20.913,62.407
153.29,73.921,21.1,62.887
153.67,73.7,20.92,65.174
153.29,73.403,22.774,64.961
155.36,74.88,22.176,62.884
156.03,73.111,21.218,66.831
156.39,72.902,21.255,67.165
158.23,71.423,21.668,70.686
158.24,74.287,22.886,65.137
160.5,72.102,23.016,68.406
163.42,72.306,21.479,68.62
162.42,72.286,22.17,69.523
163.67,72.211,21.293,68.744
163.14,72.952,19.859,68.479
162.01,72.921,20.616,68.247
160.69,70.13,20.496,73.511
157.24,71.826,21.639,71.258
154.56,72.594,21.048,70.778
150.66,71.786,20.874,72.359
142.75,71.383,22.567,73.447
136.17,73.157,21.193,72.203
129.84,71.15,22.3,72.682
125.73,69.218,22.005,74.385
124.28,66.986,24.08,75.581
125.01,67.79,24.689,71.875
127.5,66.705,24.578,74.221
131.15,65.416,24.717,74.934
136.84,64.14,24.149,75.908
140.12,64.928,26.768,72.976
144.99,62.936,26.734,74.977
153.45,63.449,21.248,76.38
159.09,61.915,22.565,78.239
163.8,63.707,24.693,75.638
169.2,63.438,22.538,75.97
172.71,65.254,22.677,76.692
175.43,65.14,21.535,73.566
175.67,64.148,21.801,79.108
176.1,65.177,22.529,78.809
173.28,65.387,23.862,79.622
172.41,66.885,23.305,76.993
173.92,69.245,23.675,74.577
174.16,69.164,25.04,78.303
174.03,68.653,24.712,81.969
175.04,71.91,26.848,76.485
177.57,71.154,26.322,78.416
179.1,70.527,28.22,78.175
182.22,71.633,26.205,77.637
184.26,70.774,25.748,81.064
186.82,66.516,26.558,84.363
189.01,73.68,25.119,75.9
190.82,71.728,25.323,79.087
192.07,72.832,28.237,76.008
190.83,72.344,31.09,77.728
191.7,69.093,27.89,80.487
192.24,66.38,24.845,82.742
193.71,66.302,23.463,80.485
191.5,64.157,25.101,81.097
186.63,62.063,29.37,81.088
181.93,60.882,30.419,79.637
181.82,59.741,27.312,79.358
180.16,60.236,25.769,78.138
178.54,58.696,25.789,79.727
176.47,54.892,28.307,84.228
178.37,57.751,27.621,77.868
176.9,58.72,27.826,75.834
178.74,56.831,26.254,77.848
179.59,55.669,25.376,78.053
180.06,56.916,25.522,74.429
182.12,57.749,23.328,76.705
180.8,57.849,20.464,75.594
178.23,56.784,18.605,77.9
175.06,58.062,19.305,72.901
174.9,57.983,17.59,75.936
173.42,54.483,15.344,80.37
169.9,48.906,15.071,92.606
167.09,53.713,15.013,80.293
164.45,53.603,14.218,80.52
162.57,54.013,14.964,81.192
160.94,59.816,15.258,75.081
159.07,61.663,14.069,71.031
153.24,67.006,12.702,74.705
156.8,62.277,11.18,75.724
156.14,67.105,11.287,70.428
154.32,68.768,10.782,72.856
153.65,69.346,10.544,72.24
152.67,66.773,9.9339,79.063
155.75,70.407,9.4002,72.228
161.43,73.259,9.3893,68.41
168.43,72.012,9.2171,70.727
174.78,71.224,9.2724,72.887
179.37,71.922,9.141,66.854
182.31,65.104,8.9746,75.03
187.31,63.52,8.4424,77.843
191.15,66.548,8.2479,67.59
195.65,64.882,8.4715,69.554
199.33,60.858,7.9383,72.203
203.02,61.975,8.2196,68.861
206.4,58.395,7.6619,74.759
209.69,58.352,6.9871,75.321
209.9,59.006,6.9582,73.843
209.43,57.724,6.7763,75.006
207.08,60.162,6.6618,71.67
199.66,61.778,6.1488,77.451
190.73,64.023,6.4201,78.765
184.44,67.785,6.8057,75.236
176.56,71.421,6.7241,78.659
170.47,73.102,7.1707,79.908
168.06,74.843,6.7731,86.923
165.79,75.191,7.3287,92.835
157.07,78.257,7.5136,88.265
159.17,76.755,7.6334,93.246
169.27,92.618,8.598,90.359
157.79,78.947,8.6955,88.437
159.41,76.89,9.7941,82.083
156.99,80.192,8.2832,79.097
167.96,85.272,7.6926,72.501
152.97,79.844,7.1444,73.991
152.27,75.135,7.2328,81.299
153.03,78.97,6.8791,73.968
165.28,78.991,6.7785,76.911
162.85,83.308,6.5901,88.516
159.04,65.02,5.9957,86.634
158.93,82.799,5.6491,87.514
155.5,79.857,5.5599,89.122
149.25,80.841,5.982,87.643
143.66,80.929,6.6104,86.295
133.96,69.361,6.8252,89.495
136.48,81.481,6.8673,86.054
139.5,75.65,6.6418,83.171
125.83,88.276,7.2447,77.694
126.17,89.188,7.0874,76.975
136.84,71.951,7.3634,82.31
132.38,78.431,7.0981,66.457
131.83,72.133,6.1777,69.533
134.34,65.724,6.2139,69.278
126.96,71.213,5.9551,72.755
124.63,72.221,5.6815,74.331
NaN,NaN,NaN,-2
NaN,NaN,NaN,0
NaN,NaN,NaN,0
NaN,NaN,NaN,0
NaN,NaN,NaN,0
NaN,NaN,NaN,-1
115.28,84.538,19.725,50.552
112.01,83.162,18.808,55.609
112.65,87.174,19.672,51.606
117.83,85.147,17.984,56.221
122.21,86.698,17.126,53.946
126.93,87.781,16.58,54.042
130.53,86.413,15.954,56.039
133.58,87.358,16.012,55.307
136.47,89.519,15.893,51.717
138.09,88.194,16.666,53.096
140.97,88.985,15.517,51.341
143.09,89.855,15.711,50.94
145.81,89.462,15.539,51.666
146.66,86.955,15.652,53.857
145.4,86.396,16.743,54.256
145.93,85.541,16.927,55.359
145.36,86.277,15.791,53.264
145.21,87.348,15.78,51.498
146.62,85.652,14.96,53.892
145.95,85.963,15.208,52.269
144.1,86.469,15.551,51.829
141.57,85.662,15.657,52.91
139.41,84.776,15.999,56.595
140.14,88.356,15.989,48.187
141.57,87.103,16.317,49.865
144.08,86.43,16.935,48.428
145.91,86.555,16.226,46.54
143.64,86.329,18.051,44.613
141.17,86.575,17.775,43.727
140.01,87.909,18.347,42.885
139.99,88.627,16.509,40
136.9,84.521,17.704,46.975
136.99,83.533,18.107,47.991
138.12,84.05,16.605,47.207
136.9,83.721,13.967,45.122
135.77,85.14,14.595,43.387
135.3,84.791,13.489,44.468
133.78,85.714,12.761,44.034
130.47,87.561,13.867,42.2
131.92,89.649,13.692,41.6
136.95,86.807,12.921,44.454
143.09,88.182,12.83,43.177
146.3,87.852,13.212,43.207
148.2,88.496,12.905,41.781
149.57,89.296,13.904,40.698
150.41,87.319,12.977,42.738
153.55,87.516,14.08,42.268
158.56,87.669,13.539,41.432
159.82,86.07,13.92,43.952
162.24,87.128,14.612,41.85
164.44,86.346,12.963,43.037
164.78,87.342,12.729,41.58
164.31,87.369,13.885,41.053
165.81,87.404,13.417,41.054
168.07,86.852,12.543,41.387
167.79,88.85,13.045,38.38
167.82,88.146,13.265,40.56
166.59,87.661,12.74,39.739
166.77,87.39,12.293,39.967
167.36,87.78,13.555,37.761
169.37,88.315,13.776,36.867
171.48,86.394,14.928,38.474
173.66,87.925,13.742,37.585
175.08,87.116,13.694,37.163
176.22,87.762,13.699,36.657
178.66,86.266,13.01,37.009
179.47,86.614,13.735,37.263
181.16,86.051,12.583,38.348
181.67,85.753,13.037,38.256
180.6,86.601,14.656,36.012
181.51,88.18,14.505,37.427
181.75,89.011,13.69,38.266
180.14,90.888,13.761,37.044
180.83,92.793,13.311,35.636
179.51,93.229,12.897,37.958
179.99,94.126,12.143,36.868
179.17,96.775,11.629,33.932
177.91,96.31,11.422,35.402
176.48,96.828,12.19,34.916
174.92,97.703,13.928,34.733
175.92,98.45,12.248,34.842
175.3,98.102,11.152,35.051
175.46,100.38,10.501,30.863
175.26,101,9.7355,31.03
175.1,100.49,9.2223,32.126
174.19,100.01,10.732,32.302
174.93,97.232,10.655,37.558
175.96,98.886,10.659,34.732
177.19,98.717,11.353,32.826
