NaN,NaN,NaN,-1
153.03,94.596,15.98,49.344
151.66,94.153,16.78,48.258
151.14,89.432,16.571,52.241
149.04,89.654,17.562,48.505
149.85,86.824,16.576,49.973
151.26,85.126,16.115,51.99
151.49,84.767,17.039,51.538
153.1,84.607,17.905,51.385
154.52,83.592,17.735,51.854
155.88,83.686,17.859,50.979
156.62,82.506,17.678,52.426
155.97,81.916,17.476,53.151
155.92,82.923,16.398,53.145
154.2,82.102,16.054,54.278
153.77,81.271,14.836,54.607
149.97,81.316,15.38,55.321
144.49,80.881,14.837,56.126
139.65,82.666,16.078,54.777
135.79,79.571,15.595,59.508
132.56,80.347,15.963,58.664
131.27,80.63,17.166,56.247
131.35,80.124,17.694,56.6
132.27,79.024,16.334,59.126
133.26,77.8,16.878,59.984
135.13,77.506,15.678,60.079
136.83,77.347,15.811,59.309
137.38,74.742,16.131,63.846
138.45,75.148,17.205,62.45
140.1,75.024,16.528,61.088
142.44,74.342,17.394,62.372
142.87,74.439,19.217,61.739
146.75,74.429,19.269,62.711
148.97,74.192,18.251,62.61
151.79,76.001,17.611,59.836
151.65,75.198,16.909,59.704
151.28,74.613,16.843,63.017
150.38,73.579,19.367,63.035
151.91,74.515,18.681,62.053
152.96,73.787,19.202,64.143
153.88,73.67,19.484,64.735
153.66,75.249,21.914,63.838
155.35,73.607,20.563,65.558
157.25,74.564,19.378,65.106
156.62,73.364,19.563,66.118
157.54,74.188,20.565,66.213
159.21,72.544,20.104,68.409
160.52,73.869,19.168,66.561
162.85,76.24,20.06,64.832
164.71,73.796,19.745,67.557
164.84,75.543,20.16,66.189
163.68,74.176,21.36,68.601
162.96,72.544,21.266,70.804
162.09,72.414,21.012,71.122
160.77,72.69,20.261,71.182
158.38,73.06,21.752,71.741
154.87,71.851,21.67,73.428
150.24,74.213,20.893,71.632
142.59,72.443,21.56,72.269
136.66,71.818,20.638,73.884
130.9,69.522,19.609,76.431
128.42,69.152,18.765,75.593
127.71,67.682,19.908,76.885
127.85,68.925,21.767,72.62
129.32,65.612,21.676,75.731
132.25,66.659,22.6,73.102
138.7,63.983,23.006,76.949
143.51,66.616,21.832,73.129
147.92,64.916,23.107,73.923
153.22,63.32,24.032,77.452
161.01,62.864,23.003,77.227
165.6,62.649,22.48,77.926
170.54,64.257,20.373,75.972
173.79,62.644,20.645,80.276
176.73,60.94,21.332,83.289
177.76,58.252,19.856,87.272
176.58,57.877,20.34,88.833
177.33,61.483,21.106,85.105
175.31,64.204,22.289,83.775
176.86,64.432,22.508,85.002
176.84,62.119,22.131,90.711
175.84,67.097,25.865,84.023
177.69,67.925,26.791,85.869
180.84,66.416,24.441,87.073
183.84,65.917,22.674,88.631
185.36,65.48,21.731,89.133
187.88,67.906,22.559,86.951
189.38,66.363,23.603,89.782
191.09,68.156,25.001,87.355
194.49,67.077,23.586,89.526
194.63,62.709,25.916,97.256
196.56,61.476,25.653,97.388
196.16,62.485,25.085,94.793
195.23,63.334,25.21,89.952
194.9,60.434,25.237,91.812
194.69,62.025,26.32,85.837
192.42,61.685,24.608,83.76
187.5,61.754,24.092,81.995
184.63,59.967,25.404,84.24
182.62,57.394,29.116,84.975
181.69,58.081,29.317,82.621
180.2,57.606,28.552,83.433
178.94,57.937,28.048,82.5
179.85,54.701,28.6,85.559
179.58,54.261,29.971,87.141
179.84,56.369,32.836,82.108
181.09,56.093,30.696,82.397
182.23,52.753,28.058,87.266
178.34,55.724,30.42,84.569
176.74,56.271,28.921,83.282
174.38,55.517,26.525,85.899
173.49,53.844,28.196,87.034
170.62,55.557,28.505,85.113
168.12,58.014,28.856,80.895
163.78,57.074,31.323,83.667
160.97,56.398,29.272,84.889
159.93,58.267,28.623,81.806
157.14,60.19,28.143,80.803
154.71,57.761,29.22,84.653
153.93,58.589,29.927,85.337
151.31,59.586,32.29,85.229
150.35,66.147,32.229,80.461
149.15,69.884,30.592,76.837
147.76,68.098,30.417,80.333
146.93,71.284,30.403,78.726
151.01,73.083,29.397,77.045
155.57,65.424,29.55,89.019
164.31,69.489,29.19,84.567
171.77,70.152,26.425,82.991
175.92,65.648,27.769,88.349
178.44,66.902,30.702,81.316
182.76,67.826,28.414,78.841
187.81,67.473,28.753,75.798
190.91,62.798,31.091,81.614
194.93,64.135,31.483,76.686
196.62,64.012,32.732,73.869
202.05,64.838,29.794,70.835
204.32,60.805,30.188,77.815
204.11,61.322,29.701,75.844
204.07,56.341,29.478,81.752
201.19,55.911,30.786,82.649
192.02,61.175,31.809,83.186
185.08,63.927,30.022,84.056
179.79,71.025,24.844,76.997
172.71,74.37,24.461,78.981
166.9,77.603,23.684,77.211
160.98,78.11,25.325,77.734
158.28,81.405,23.475,78.097
148.37,83.899,23.477,84.868
146.53,87.573,22.919,79.755
147.91,87.788,22.287,77.968
147.94,80.828,21.55,85.519
151.6,81.077,21.526,79.999
153.53,75.505,20.017,83.582
154.29,75.298,19.088,82.201
154.84,75.847,20.032,79.146
154.2,71.35,17.121,84.261
152.28,71.292,16.577,80.567
154.48,72.747,17.155,78.941
152.17,73.956,18.393,77.428
149.24,72.282,19.535,76.867
146.69,71.867,20.68,77.045
144.91,71.845,18.085,76.607
143.14,73.558,17.579,82.061
136.59,68.186,16.12,81.684
132.81,71.236,16.807,76.104
129.96,70.744,16.899,78.014
133.22,70.899,16.859,77.663
133.55,71.247,14.524,78.715
134.8,70.272,14.408,79.052
134.86,71.295,13.958,76.084
144.52,76.169,12.835,77.129
136.71,87.896,14.652,66.442
129.97,69.286,15.153,66.671
129.92,73.175,16.418,59.104
131.61,73.334,15.533,58.316
133.1,71.07,14.954,61.137
139.96,71.084,13.633,55.952
140.21,69.309,13.114,57.465
137.34,75.001,13.58,54.945
134.8,76.687,11.609,57.545
130.26,78.163,10.779,60.433
126.2,84.585,11.69,55.554
123.16,86.757,9.8323,52.354
125.32,89.986,10.314,52.624
129.2,90.879,9.5477,56.461
125.5,89.97,9.4939,52.688
130.49,87.295,8.439,57.938
128.69,100.93,8.6168,53.793
137.02,89.557,9.3795,54.033
139.25,91.682,9.3257,50.325
141.6,91.993,9.9784,50.46
144.24,89.677,9.5323,54.206
147.13,89.927,8.8098,52.312
149.92,89.815,9.2319,51.82
149.66,88.104,9.8867,54.31
149.59,89.65,9.661,51.213
149.55,91.124,9.3036,47.148
148.72,92.401,9.6981,43.989
149.47,93.304,8.8364,40.905
150.08,92.577,9.5685,42.696
148.92,91.146,10.543,44.888
147.65,92.552,9.7042,44.295
145.99,91.696,8.67,45.687
143.84,92.602,8.3853,44.786
144.04,92.962,8.2209,44.355
147.08,90.774,7.5299,46.15
149.25,87.545,8.1092,48.943
149.85,88.052,8.531,46.196
149.89,88.962,9.0599,45.079
148.75,89.273,8.9524,43.283
149.77,94.697,7.7374,43.227
147,94.413,7.6489,41.48
143.55,88.768,6.7633,44.262
144.25,87.985,7.0123,44.923
143.23,83.978,6.7374,48.449
141.18,85.519,7.0236,47.073
139.3,84.19,6.9676,46.701
142.54,91.625,7.5972,38.853
142.32,91.606,8.0487,38.723
140.55,92.292,7.5186,38.637
140.94,91.543,6.9073,40.204
140.25,90.832,6.4318,41.596
150.85,90.41,6.4543,40.767
154.51,89.62,6.6777,46.679
151.79,88.412,6.5231,46.374
158.61,88.174,5.9739,48.031
159.22,89.111,5.5158,46.487
157.48,87.54,6.0977,45.764
161.67,87.836,6.0143,43.296
163.45,88.05,6.2689,43.197
165.96,89.212,6.8867,44.272
166.83,89.032,7.4931,42.498
162.82,96.274,7.1855,40.687
169.28,87.717,7.1429,42.565
170.58,89.407,7.4637,39.878
170.09,89.115,7.1121,40.073
171.58,89.086,7.5467,40.027
169.89,89.823,8.1232,39.571
169.68,89.345,8.3969,39.939
169,89.445,8.472,39.735
169.55,88.764,8.8906,39.663
172.57,87.56,8.5221,41.562
175.04,88.14,8.0729,39.391
176.64,89.132,8.302,38.324
178.43,90.189,8.5021,36.685
179.39,91.493,9.1205,35.337
180.65,89.795,9.7817,36.91
181.16,89.313,11.029,37.57
183.31,88.761,10.201,37.577
184.07,89.651,10.436,34.284
183.76,92.613,10.258,30.778
184.15,92.204,9.6483,32.125
184.7,94.72,8.763,29.919
186.53,98.899,7.9665,25.415
184.76,99.671,7.6359,24.711
183.43,99.906,8.2783,24.48
185.97,106.06,7.1869,23.848
186.23,106.5,6.9005,21.536
184.95,104.58,6.2431,22.975
185.07,103.54,5.5408,26.425
179.92,102.63,6.1901,24.769
182.96,103.57,6.5734,27.539
182.04,103.89,6.8346,28.073
179.76,101.51,7.4466,30.531
178.93,102.2,7.7948,30.226
179.33,102.14,7.4502,30.485
179.2,102.92,6.9467,28.525
166.23,91.68,7.3698,32.436
NaN,NaN,NaN,-2
NaN,NaN,NaN,0
