NaN,NaN,NaN,-1
64,47,64,258
68,47,64,258
70,47,64,258
71,47,64,258
73,46,64,258
78,47,64,258
80,47,64,258
83,48,64,258
85,48,64,258
85,48,64,258
88,48,64,258
97,48,64,258
98,48,64,258
102,49,64,258
105,49,64,258
108,49,64,258
110,50,64,258
111,50,64,258
115,50,64,258
116,51,64,258
121,50,64,258
122,50,64,258
123,52,64,258
123,52,64,258
135,51,64,258
136,52,64,258
137,52,64,258
139,52,64,258
139,52,64,258
143,50,64,258
147,52,64,258
149,51,64,258
150,52,64,258
151,53,64,258
154,54,64,258
155,54,64,258
160,52,64,258
158,53,64,258
167,53,64,258
169,53,64,258
170,52,64,258
171,53,64,258
174,53,64,258
175,53,64,258
175,52,64,258
177,52,64,258
180,53,64,258
183,53,64,258
184,53,64,258
185,53,64,258
188,52,64,258
187,51,64,258
191,52,64,258
190,52,64,258
195,52,64,258
196,53,64,258
194,51,64,258
195,51,64,258
196,49,64,258
205,53,64,258
208,52,64,258
206,52,64,258
209,52,64,258
211,53,64,258
210,52,64,258
211,52,64,258
213,52,64,258
214,51,64,258
216,51,64,258
219,50,64,258
218,51,64,258
219,51,64,258
223,50,64,258
222,50,64,258
226,51,64,258
228,49,64,258
227,49,64,258
229,49,64,258
226,50,64,258
228,49,64,258
229,49,64,258
226,49,64,258
229,47,64,258
228,50,64,258
240,47,64,258
242,48,64,258
240,47,64,258
242,47,64,258
243,46,64,258
245,45,64,258
245,45,64,258
246,45,64,258
248,45,64,258
250,45,64,258
251,45,64,258
252,45,64,258
254,44,64,258
254,44,64,258
254,44,64,258
255,44,64,258
255,43,64,258
257,43,64,258
259,43,64,258
257,42,64,258
259,41,64,258
260,41,64,258
262,41,64,258
261,40,64,258
259,40,64,258
260,40,64,258
260,39,64,258
263,39,64,258
261,38,64,258
263,38,64,258
263,37,64,258
263,37,64,258
263,37,64,258
263,37,64,258
263,36,64,258
263,36,64,258
263,40,64,258
263,39,64,258
264,40,64,258
264,39,64,258
263,40,64,258
265,40,64,258
265,39,64,258
265,39,64,258
263,39,64,258
264,38,64,258
260,41,64,258
262,41,64,258
262,40,64,258
261,40,64,258
262,39,64,258
262,39,64,258
262,38,64,258
262,38,64,258
264,38,64,258
264,38,64,258
266,38,64,258
265,38,64,258
265,38,64,258
265,38,64,258
263,38,64,258
263,38,64,258
264,38,64,258
264,38,64,258
283,37,64,258
288,37,64,258
288,38,64,258
290,38,64,258
290,37,64,258
292,39,64,258
293,39,64,258
292,37,64,258
294,40,64,258
295,39,64,258
296,40,64,258
296,40,64,258
295,39,64,258
294,38,64,258
295,38,64,258
296,38,64,258
297,37,64,258
296,36,64,258
296,37,64,258
296,36,64,258
295,37,64,258
297,36,64,258
299,36,64,258
298,35,64,258
299,35,64,258
300,34,64,258
301,35,64,258
300,34,64,258
300,34,64,258
299,34,64,258
300,34,64,258
305,33,64,258
306,34,64,258
307,33,64,258
308,34,64,258
310,34,64,258
309,33,64,258
312,33,64,258
311,33,64,258
312,33,64,258
312,34,64,258
312,33,64,258
312,34,64,258
313,34,64,258
314,38,64,258
314,38,64,258
316,36,64,258
316,36,64,258
316,36,64,258
318,36,64,258
321,36,64,258
319,36,64,258
320,35,64,258
320,36,64,258
321,36,64,258
322,36,64,258
318,36,64,258
322,36,64,258
321,38,64,258
322,36,64,258
325,36,64,258
323,36,64,258
324,35,64,258
325,36,64,258
323,35,64,258
322,35,64,258
324,36,64,258
325,37,64,258
324,37,64,258
323,36,64,258
325,35,64,258
324,36,64,258
324,36,64,258
325,36,64,258
325,37,64,258
326,37,64,258
327,37,64,258
326,36,64,258
327,36,64,258
326,35,64,258
326,36,64,258
326,36,64,258
326,35,64,258
326,35,64,258
326,35,64,258
326,35,64,258
327,35,64,258
327,35,64,258
328,35,64,258
327,35,64,258
328,35,64,258
328,35,64,258
327,35,64,258
326,35,64,258
328,35,64,258
328,35,64,258
327,34,64,258
328,35,64,258
328,36,64,258
328,35,64,258
327,35,64,258
329,35,64,258
328,35,64,258
328,35,64,258
328,35,64,258
328,36,64,258
328,35,64,258
326,35,64,258
328,35,64,258
328,35,64,258
327,35,64,258
328,35,64,258
327,35,64,258
327,35,64,258
327,36,64,258
326,36,64,258
327,36,64,258
328,36,64,258
328,37,64,258
329,36,64,258
327,38,64,258
328,37,64,258
328,36,64,258
328,36,64,258
328,37,64,258
327,36,64,258
328,37,64,258
329,37,64,258
328,37,64,258
329,38,64,258
329,38,64,258
329,37,64,258
327,36,64,258
328,36,64,258
328,36,64,258
327,36,64,258
328,37,64,258
327,36,64,258
328,36,64,258
329,37,64,258
329,37,64,258
330,36,64,258
330,36,64,258
329,36,64,258
330,36,64,258
330,37,64,258
331,36,64,258
330,35,64,258
331,36,64,258
332,37,64,258
329,37,64,258
330,37,64,258
330,36,64,258
328,38,64,258
331,37,64,258
331,36,64,258
330,37,64,258
330,36,64,258
330,36,64,258
328,37,64,258
330,36,64,258
330,36,64,258
329,36,64,258
330,36,64,258
329,36,64,258
329,36,64,258
329,36,64,258
329,36,64,258
328,36,64,258
329,36,64,258
328,36,64,258
328,36,64,258
328,36,64,258
327,36,64,258
326,36,64,258
325,36,64,258
327,36,64,258
326,36,64,258
327,36,64,258
327,36,64,258
326,36,64,258
326,36,64,258
326,36,64,258
327,36,64,258
324,38,64,258
325,37,64,258
325,37,64,258
325,37,64,258
325,37,64,258
323,38,64,258
324,38,64,258
325,37,64,258
326,37,64,258
323,38,64,258
323,38,64,258
324,38,64,258
323,37,64,258
322,38,64,258
324,37,64,258
325,37,64,258
325,37,64,258
326,39,64,258
