NaN,NaN,NaN,-1
78.353,88.159,34.719,48.636
87.276,87.889,34.946,48.918
89.591,88.73,35.117,49.221
95.602,90.116,34.5,48.364
102.91,90.812,34.446,48.344
109.13,92.916,34.852,48.837
114.36,93.645,34.639,48.633
117.22,100.67,34.662,48.721
119.22,108.49,34.547,48.599
116.51,109.75,33.918,47.62
118.54,111.54,33.979,47.666
134.57,108.18,34.422,48.306
148.08,108.17,35.079,49.315
154.91,109.43,34.839,48.789
160.46,106.59,35.218,49.315
166.92,106.61,35.287,49.462
172.98,107.55,35.193,49.225
178.71,106.15,35.211,49.349
183.33,104.78,35.393,49.655
188.03,103.65,35.374,49.637
192.52,107.06,35.579,49.741
195.06,106.39,35.619,49.701
194.6,105.52,35.62,49.69
193.67,104.83,35.341,49.267
192.46,102.87,35.433,49.511
188.49,101.74,35.9,50.162
181.89,101.56,36.126,50.557
177.8,101.74,36,50.315
169.93,100.33,36.701,51.362
162.37,101.82,36.074,50.414
154.31,102.43,36.819,51.391
142.46,105.44,36.743,51.31
130.77,104.31,36.831,51.486
119.68,108.91,36.625,51.197
111.12,106.83,36.661,51.348
105.4,107.15,36.836,51.553
99.131,102.9,36.952,51.739
97.311,102.06,37.163,52.024
95.929,100,36.604,51.114
97.215,99.553,37.014,51.743
88.12,106.57,37.507,52.412
94.374,108.56,36.578,51.081
100.61,109.86,36.783,51.412
105.4,110.56,36.85,51.494
110.89,106.98,36.143,50.546
119.08,109.65,36.839,51.445
125.46,105.48,36.763,51.362
131.19,109.08,37.037,51.661
133.52,109.1,36.649,51.047
NaN,NaN,NaN,-2
NaN,NaN,NaN,0
NaN,NaN,NaN,0
NaN,NaN,NaN,0
NaN,NaN,NaN,0
NaN,NaN,NaN,-1
196.22,97.507,32.762,51.256
187.6,97.68,33.345,52.098
179.34,97.241,33.805,52.683
166.28,95.264,33.618,52.386
155.94,96.7,33.185,51.702
139.92,93.062,33.566,52.209
125.39,92.682,33.321,51.697
111.63,91.788,33.365,51.71
99.96,91.435,33.021,51.08
92.663,92.406,32.617,50.401
NaN,NaN,NaN,-2
NaN,NaN,NaN,0
NaN,NaN,NaN,0
NaN,NaN,NaN,0
NaN,NaN,NaN,0
NaN,NaN,NaN,-1
77.224,101.81,34.158,51.36
78.299,102.08,34.25,51.469
79.305,103.12,34.22,51.385
81.66,105.82,34.036,51.012
85.315,101.87,34.207,51.127
91.198,103.07,33.829,50.613
100.36,102.35,33.751,50.539
109.49,99.188,33.187,49.641
122.62,98.092,32.757,49.016
125.47,118.08,32.949,49.297
131.96,106.66,33.318,49.863
NaN,NaN,NaN,-2
NaN,NaN,NaN,0
NaN,NaN,NaN,0
NaN,NaN,NaN,0
NaN,NaN,NaN,0
NaN,NaN,NaN,-1
197.84,102.7,33.777,51.66
197.29,101.37,33.608,51.43
194.17,101.96,33.678,51.636
190.28,101.91,34.238,52.551
187.02,101.5,34.664,53.179
183.43,105.8,34.438,52.763
175.85,109.84,34.525,52.791
167.09,111.99,34.358,52.592
156.55,107.69,34.242,52.367
141.52,97.814,34.196,52.337
124.78,90.106,33.983,52.027
102.14,93.605,33.717,51.664
91.565,79.178,33.933,51.936
81.948,81.067,34.606,52.867
NaN,NaN,NaN,-2
NaN,NaN,NaN,0
NaN,NaN,NaN,0
NaN,NaN,NaN,0
NaN,NaN,NaN,0
NaN,NaN,NaN,-1
20.232,109,33.931,52.865
14.938,107.62,33.754,52.56
7.4256,100.64,34.468,53.77
0.019329,92.239,34.551,53.856
NaN,NaN,NaN,NaN
NaN,NaN,NaN,NaN
NaN,NaN,NaN,NaN
NaN,NaN,NaN,NaN
NaN,NaN,NaN,NaN
NaN,NaN,NaN,NaN
NaN,NaN,NaN,NaN
NaN,NaN,NaN,NaN
NaN,NaN,NaN,NaN
NaN,NaN,NaN,NaN
NaN,NaN,NaN,NaN
NaN,NaN,NaN,NaN
NaN,NaN,NaN,NaN
NaN,NaN,NaN,NaN
NaN,NaN,NaN,NaN
NaN,NaN,NaN,NaN
NaN,NaN,NaN,NaN
NaN,NaN,NaN,NaN
NaN,NaN,NaN,NaN
NaN,NaN,NaN,NaN
NaN,NaN,NaN,NaN
NaN,NaN,NaN,NaN
NaN,NaN,NaN,NaN
NaN,NaN,NaN,NaN
NaN,NaN,NaN,NaN
NaN,NaN,NaN,NaN
NaN,NaN,NaN,NaN
NaN,NaN,NaN,NaN
NaN,NaN,NaN,NaN
NaN,NaN,NaN,NaN
NaN,NaN,NaN,NaN
NaN,NaN,NaN,NaN
NaN,NaN,NaN,NaN
NaN,NaN,NaN,NaN
NaN,NaN,NaN,NaN
NaN,NaN,NaN,NaN
NaN,NaN,NaN,NaN
NaN,NaN,NaN,NaN
NaN,NaN,NaN,NaN
NaN,NaN,NaN,NaN
NaN,NaN,NaN,NaN
NaN,NaN,NaN,NaN
NaN,NaN,NaN,NaN
NaN,NaN,NaN,NaN
NaN,NaN,NaN,NaN
NaN,NaN,NaN,NaN
NaN,NaN,NaN,NaN
NaN,NaN,NaN,NaN
NaN,NaN,NaN,NaN
NaN,NaN,NaN,NaN
NaN,NaN,NaN,NaN
NaN,NaN,NaN,NaN
NaN,NaN,NaN,NaN
NaN,NaN,NaN,NaN
NaN,NaN,NaN,NaN
NaN,NaN,NaN,NaN
NaN,NaN,NaN,NaN
NaN,NaN,NaN,NaN
NaN,NaN,NaN,NaN
