NaN,NaN,NaN,-1
78.599,95.931,35.047,52.072
84.472,95.761,34.761,51.602
90.657,95.76,34.782,51.532
96.02,97.476,34.786,51.55
102.81,99.271,35.006,52
109.96,99.431,35.11,52.157
115.61,98.86,35.059,51.999
118.84,99.359,35.512,52.697
116.44,105.34,35.475,52.647
114.41,107.3,35.564,52.673
117.14,109.65,35.82,53.107
139.86,102.53,36.363,53.947
141.37,106,36.64,54.325
153.43,105.84,36.301,53.787
158.64,105.93,35.685,53.042
161.72,104.86,35.783,52.97
171.17,103.55,35.877,53.024
178.8,105.51,35.568,52.61
182.32,104.68,35.396,52.403
187.36,104.14,35.595,52.622
191.96,102.6,36.129,53.372
193.09,106.99,36.062,53.238
192.14,105.47,36.244,53.477
191.42,103.83,36.058,53.305
190.44,103.02,36.356,53.75
186.12,102.37,36.646,54.279
182.32,100.15,36.815,54.577
176.89,102.91,36.939,54.729
168.89,97.82,37.492,55.463
161.07,100.93,37.839,55.985
153.69,103.38,37.891,56.135
143.34,102.85,37.394,55.4
131.98,104.07,37.71,55.688
119.96,104.22,37.853,55.864
109.82,104.19,37.657,55.541
104.12,102.63,37.495,55.278
97.525,101.84,37.697,55.611
96.148,99.522,38.042,56.179
95.825,100.62,38.557,56.985
81.766,105.87,38.541,57.005
86.865,102.72,37.976,56.282
93.672,107.3,38.248,56.567
99.768,104.03,37.641,55.677
104.8,108.39,37.303,55.11
111.38,107.11,37.189,55.1
117.74,107.6,37.087,55.057
123.54,108.3,37.129,55.085
128.47,107.2,37.044,54.904
133.31,106.66,37.285,55.292
157.37,105.21,37.819,56.057
174.15,108.85,37.876,56.167
185.69,105.11,38.392,56.877
190.31,108.68,38.471,56.972
193.65,110,38.309,56.675
191.58,108.09,38.668,57.261
190.83,112.35,38.29,56.712
184.53,112.4,38.178,56.606
176.89,111.91,38.298,56.757
161.02,110.66,38.409,56.889
145.4,108.45,37.933,56.286
132.99,106.54,38.05,56.484
115.52,106.02,37.814,56.219
110.01,103.66,37.705,55.91
98.434,104.04,37.696,55.961
92.599,105.43,37.125,55.048
80.323,71.013,36.721,54.402
80.808,65.188,36.484,54.145
83.45,64.621,36.512,54.249
83.063,66.113,36.444,54.042
85.116,65.901,35.761,53.037
87.8,66.777,36.369,53.928
85.68,66.769,36.193,53.515
86.734,68.185,36.654,54.209
85.978,68.416,36.827,54.523
84.967,66.478,36.543,54.106
84.312,67.847,35.898,53.245
84.129,65.857,36.695,54.431
84.231,65.096,36.634,54.394
82.297,66.759,37.355,55.447
NaN,NaN,NaN,-2
NaN,NaN,NaN,0
NaN,NaN,NaN,0
NaN,NaN,NaN,0
NaN,NaN,NaN,0
NaN,NaN,NaN,-1
194.2,110.24,32.266,55.503
200.13,112.74,32.384,55.832
200.66,114.04,31.898,54.967
198.71,114.41,31.83,54.925
196.56,114.02,31.717,54.721
193.83,112.89,31.615,54.62
191.35,114.08,31.307,54.188
187.21,114.63,30.85,53.409
182.22,118.43,31.706,54.981
175.54,122.21,31.603,54.834
168.74,123.82,31.625,54.812
154.8,120.86,31.715,55.017
142,113.49,31.388,54.438
127.49,107.12,31.453,54.575
114.21,101.54,31.304,54.21
106.34,127.47,31.395,54.268
99.716,113.74,31.539,54.458
NaN,NaN,NaN,-2
NaN,NaN,NaN,0
NaN,NaN,NaN,0
NaN,NaN,NaN,0
NaN,NaN,NaN,0
NaN,NaN,NaN,-1
23.201,118.76,33.908,55.89
13.562,119.04,33.866,55.797
3.3611,111.03,33.416,55.033
-0.71152,101.45,33.366,54.902
NaN,NaN,NaN,NaN
NaN,NaN,NaN,NaN
NaN,NaN,NaN,NaN
NaN,NaN,NaN,NaN
NaN,NaN,NaN,NaN
NaN,NaN,NaN,NaN
NaN,NaN,NaN,NaN
NaN,NaN,NaN,NaN
NaN,NaN,NaN,NaN
NaN,NaN,NaN,NaN
NaN,NaN,NaN,NaN
NaN,NaN,NaN,NaN
NaN,NaN,NaN,NaN
NaN,NaN,NaN,NaN
NaN,NaN,NaN,NaN
NaN,NaN,NaN,NaN
NaN,NaN,NaN,NaN
NaN,NaN,NaN,NaN
NaN,NaN,NaN,NaN
NaN,NaN,NaN,NaN
NaN,NaN,NaN,NaN
NaN,NaN,NaN,NaN
NaN,NaN,NaN,NaN
NaN,NaN,NaN,NaN
NaN,NaN,NaN,NaN
NaN,NaN,NaN,NaN
NaN,NaN,NaN,NaN
NaN,NaN,NaN,NaN
NaN,NaN,NaN,NaN
NaN,NaN,NaN,NaN
NaN,NaN,NaN,NaN
NaN,NaN,NaN,NaN
NaN,NaN,NaN,NaN
NaN,NaN,NaN,NaN
NaN,NaN,NaN,NaN
NaN,NaN,NaN,NaN
NaN,NaN,NaN,NaN
NaN,NaN,NaN,NaN
NaN,NaN,NaN,NaN
NaN,NaN,NaN,NaN
NaN,NaN,NaN,NaN
NaN,NaN,NaN,NaN
NaN,NaN,NaN,NaN
NaN,NaN,NaN,NaN
NaN,NaN,NaN,NaN
NaN,NaN,NaN,NaN
NaN,NaN,NaN,NaN
NaN,NaN,NaN,NaN
NaN,NaN,NaN,NaN
NaN,NaN,NaN,NaN
NaN,NaN,NaN,NaN
NaN,NaN,NaN,NaN
NaN,NaN,NaN,NaN
NaN,NaN,NaN,NaN
NaN,NaN,NaN,NaN
NaN,NaN,NaN,NaN
NaN,NaN,NaN,NaN
NaN,NaN,NaN,NaN
NaN,NaN,NaN,NaN
