NaN,NaN,NaN,-1
82.741,90.178,38.784,49.81
88.459,87.653,39.011,49.959
93.223,88.478,38.604,49.448
99.234,91.111,38.702,49.457
104.65,92.209,38.828,49.535
112,93.758,38.16,48.703
118.4,96.186,38.538,49.202
115.76,94.553,38.332,48.911
116.56,108.12,38.069,48.668
114.46,109.48,38.017,48.64
112.17,107.05,38.175,48.891
131.88,111.11,38.431,49.202
139.37,110.1,38.37,49.185
147.52,110.36,38.494,49.356
153.17,110.84,38.738,49.63
156.93,106.65,38.819,49.684
162.94,105.78,38.478,49.215
187.56,95.594,38.372,49.119
191.27,94.676,38.912,49.732
196.92,95.393,38.481,49.327
199.27,96.797,37.945,48.683
204.35,97.176,38.247,49.171
185.52,100.11,38.887,49.922
185.22,107.87,38.673,49.638
184.33,104.95,38.12,48.981
180.33,100.54,37.728,48.349
176.33,98.825,38.137,48.862
169.89,96.492,38.37,49.234
163.68,103.47,38.044,48.882
155.29,103.71,38.8,49.956
145.15,100.7,38.546,49.556
136.14,92.856,39.175,50.302
141.01,95.173,38.074,48.885
111.53,107.9,37.606,48.263
105.54,110.73,37.404,48.037
98.57,111.31,37.623,48.329
91.585,106.94,37.811,48.548
89.662,108.16,38.236,49.119
86.508,101.28,38.437,49.469
91.977,100.36,38.27,49.291
92.879,100.27,38.491,49.464
92.675,97.318,38.957,50.015
98.934,98.534,39.322,50.448
104.34,97.969,39.207,50.46
110.41,95.164,39.319,50.641
124.56,99.444,39.166,50.498
131.54,101.36,39.106,50.45
140.4,100.93,39.277,50.707
153.16,101.27,39.06,50.463
159.27,109.74,38.895,50.178
170.49,113.99,38.612,50.066
177.41,109.45,38.528,50.085
186.65,109.44,38.439,49.972
188.56,109.79,38.495,50.078
187.37,111.85,38.327,49.848
185.23,111.24,38.208,49.615
177.57,116.99,38.595,50.215
168.17,111.57,38.175,49.59
156.41,109.81,38.175,49.703
143.89,108.97,38.247,49.683
128.09,105.15,38.422,50
114.84,106.29,38.294,49.952
105.3,95.932,37.891,49.538
92.69,92.032,37.769,49.417
75.853,64.671,37.789,49.478
68.05,66.573,37.835,49.41
71.412,67.532,37.942,49.651
71.799,67.781,37.578,49.115
74.358,66.99,37.308,48.748
74.056,68.869,37.715,49.182
76.21,70.421,37.83,49.336
74.688,68.156,38.088,49.64
75.669,67.076,38.547,50.16
74.19,66.48,37.759,49.259
75.144,70.501,37.565,49.053
75.75,68.686,37.536,49.004
74.628,67.502,37.7,49.202
73.289,67.693,37.791,49.176
72.981,67.325,37.204,48.452
NaN,NaN,NaN,-2
NaN,NaN,NaN,0
NaN,NaN,NaN,0
NaN,NaN,NaN,0
NaN,NaN,NaN,0
NaN,NaN,NaN,-1
196.4,104.33,36.099,53.185
201.45,106.14,35.818,52.666
202.49,107.95,35.393,52.078
202.19,107.29,35.201,51.796
199.43,108.53,34.573,50.909
197.75,108.36,34.829,51.248
193.57,107.57,34.639,51.02
190.45,107.78,34.478,50.825
185.6,110.88,34.348,50.841
177.69,113.94,34.403,50.984
166.41,116.4,34.404,50.925
155.34,113.69,33.97,50.285
144.07,105.93,33.916,50.171
129.03,99.425,33.896,50.094
99.974,98.905,33.888,50.161
85.998,89.826,33.383,49.425
83.448,106.5,32.932,48.788
60.594,115.81,32.511,48.172
57.135,112.66,32.324,47.89
58.156,110.67,32.299,47.848
58.359,92.254,32.215,47.692
NaN,NaN,NaN,-2
NaN,NaN,NaN,0
NaN,NaN,NaN,0
NaN,NaN,NaN,0
NaN,NaN,NaN,0
NaN,NaN,NaN,-1
1.8297,92.027,40.243,57.327
-0.11178,98.866,39.943,56.877
NaN,NaN,NaN,NaN
NaN,NaN,NaN,NaN
NaN,NaN,NaN,NaN
NaN,NaN,NaN,NaN
NaN,NaN,NaN,NaN
NaN,NaN,NaN,NaN
NaN,NaN,NaN,NaN
NaN,NaN,NaN,NaN
NaN,NaN,NaN,NaN
NaN,NaN,NaN,NaN
NaN,NaN,NaN,NaN
NaN,NaN,NaN,NaN
NaN,NaN,NaN,NaN
NaN,NaN,NaN,NaN
NaN,NaN,NaN,NaN
NaN,NaN,NaN,NaN
NaN,NaN,NaN,NaN
NaN,NaN,NaN,NaN
NaN,NaN,NaN,NaN
NaN,NaN,NaN,NaN
NaN,NaN,NaN,NaN
NaN,NaN,NaN,NaN
NaN,NaN,NaN,NaN
NaN,NaN,NaN,NaN
NaN,NaN,NaN,NaN
NaN,NaN,NaN,NaN
NaN,NaN,NaN,NaN
NaN,NaN,NaN,NaN
NaN,NaN,NaN,NaN
NaN,NaN,NaN,NaN
NaN,NaN,NaN,NaN
NaN,NaN,NaN,NaN
NaN,NaN,NaN,NaN
NaN,NaN,NaN,NaN
NaN,NaN,NaN,NaN
NaN,NaN,NaN,NaN
NaN,NaN,NaN,NaN
NaN,NaN,NaN,NaN
NaN,NaN,NaN,NaN
NaN,NaN,NaN,NaN
NaN,NaN,NaN,NaN
NaN,NaN,NaN,NaN
NaN,NaN,NaN,NaN
NaN,NaN,NaN,NaN
NaN,NaN,NaN,NaN
NaN,NaN,NaN,NaN
NaN,NaN,NaN,NaN
NaN,NaN,NaN,NaN
NaN,NaN,NaN,NaN
NaN,NaN,NaN,NaN
NaN,NaN,NaN,NaN
NaN,NaN,NaN,NaN
NaN,NaN,NaN,NaN
NaN,NaN,NaN,NaN
NaN,NaN,NaN,NaN
NaN,NaN,NaN,NaN
NaN,NaN,NaN,NaN
