NaN,NaN,NaN,-1
329,193,57,53
328,192,57,53
326,191,57,53
324,190,57,53
323,189,57,53
321,188,57,53
319,187,57,53
318,186,57,53
316,185,57,53
315,184,57,53
313,182,57,53
312,182,57,53
310,180,57,53
309,180,57,53
306,178,57,53
306,177,57,53
305,175,57,53
304,175,57,53
302,173,57,53
301,172,57,53
300,171,57,53
298,169,57,53
297,168,57,53
295,167,57,53
295,165,57,53
294,163,57,53
293,161,57,53
293,159,57,53
292,157,57,53
292,156,57,53
291,153,57,53
291,151,57,53
290,149,57,53
290,147,57,53
290,144,57,53
290,142,57,53
290,140,57,53
290,138,57,53
290,137,57,53
290,136,57,53
290,132,57,53
290,130,57,53
290,129,57,53
290,128,57,53
290,127,57,53
290,126,57,53
290,125,57,53
290,124,57,53
291,123,57,53
290,121,57,53
291,121,57,53
291,121,57,53
292,119,57,53
291,119,57,53
292,118,57,53
292,117,57,53
292,117,57,53
292,116,57,53
292,116,57,53
292,115,57,53
293,118,57,53
294,116,57,53
296,116,57,53
298,118,57,53
295,117,57,53
295,117,57,53
296,115,57,53
296,115,57,53
298,114,57,53
299,113,57,53
300,112,57,53
301,111,57,53
303,110,57,53
302,110,57,53
299,112,57,53
300,111,57,53
301,110,57,53
300,111,57,53
301,110,57,53
302,109,57,53
303,108,57,53
303,107,57,53
304,107,57,53
304,106,57,53
305,105,57,53
306,105,57,53
306,104,57,53
304,103,57,53
306,103,57,53
306,103,57,53
306,102,57,53
306,101,57,53
306,102,57,53
306,101,57,53
307,101,57,53
307,101,57,53
317,84,57,53
318,83,57,53
319,83,57,53
318,84,57,53
318,83,57,53
318,84,57,53
318,83,57,53
317,85,57,53
317,84,57,53
317,84,57,53
317,84,57,53
318,83,57,53
319,81,57,53
318,83,57,53
318,83,57,53
319,82,57,53
319,84,57,53
319,84,57,53
319,83,57,53
320,83,57,53
319,85,57,53
318,85,57,53
318,85,57,53
320,83,57,53
321,86,57,53
320,86,57,53
319,87,57,53
318,88,57,53
317,88,57,53
317,89,57,53
317,89,57,53
316,90,57,53
316,90,57,53
316,91,57,53
316,90,57,53
315,91,57,53
315,92,57,53
315,92,57,53
314,93,57,53
314,94,57,53
315,93,57,53
315,94,57,53
314,94,57,53
313,94,57,53
313,95,57,53
313,95,57,53
312,96,57,53
311,96,57,53
311,97,57,53
310,97,57,53
309,98,57,53
309,98,57,53
305,95,57,53
305,97,57,53
304,96,57,53
304,96,57,53
303,95,57,53
302,106,57,53
301,109,57,53
301,109,57,53
300,109,57,53
299,109,57,53
299,112,57,53
299,112,57,53
298,113,57,53
298,114,57,53
297,114,57,53
297,115,57,53
295,116,57,53
295,115,57,53
294,116,57,53
294,117,57,53
293,118,57,53
293,118,57,53
292,120,57,53
292,119,57,53
291,122,57,53
290,123,57,53
289,121,57,53
287,122,57,53
288,122,57,53
288,123,57,53
287,124,57,53
286,126,57,53
286,125,57,53
285,126,57,53
284,127,57,53
284,128,57,53
283,129,57,53
284,128,57,53
282,130,57,53
281,131,57,53
282,132,57,53
282,132,57,53
286,140,57,53
285,141,57,53
283,142,57,53
281,143,57,53
280,145,57,53
279,147,57,53
279,149,57,53
279,150,57,53
278,151,57,53
277,153,57,53
280,156,57,53
268,160,57,53
278,165,57,53
278,166,57,53
278,166,57,53
278,167,57,53
278,175,57,53
278,177,57,53
276,177,57,53
275,179,57,53
277,180,57,53
276,181,57,53
276,182,57,53
275,182,57,53
275,183,57,53
275,183,57,53
274,184,57,53
274,184,57,53
271,184,57,53
270,184,57,53
270,185,57,53
270,185,57,53
267,184,57,53
266,185,57,53
267,184,57,53
267,186,57,53
266,187,57,53
