NaN,NaN,NaN,-1
325,190,52,47
324,189,52,47
322,188,52,47
320,187,52,47
319,186,52,47
317,185,52,47
316,185,52,47
314,184,52,47
313,183,52,47
311,182,52,47
309,180,52,47
308,180,52,47
307,179,52,47
304,179,52,47
303,177,52,47
302,176,52,47
301,175,52,47
300,174,52,47
298,171,52,47
297,170,52,47
296,169,52,47
294,168,52,47
293,166,52,47
292,165,52,47
291,163,52,47
290,162,52,47
290,159,52,47
290,160,52,47
289,156,52,47
288,154,52,47
288,152,52,47
288,150,52,47
287,148,52,47
287,146,52,47
287,143,52,47
287,142,52,47
287,140,52,47
287,139,52,47
285,134,52,47
286,133,52,47
286,132,52,47
286,128,52,47
286,129,52,47
286,127,52,47
286,126,52,47
286,124,52,47
287,123,52,47
287,122,52,47
288,122,52,47
288,121,52,47
289,122,52,47
289,120,52,47
289,119,52,47
289,119,52,47
290,119,52,47
290,119,52,47
289,117,52,47
287,117,52,47
289,116,52,47
290,116,52,47
292,116,52,47
293,115,52,47
294,115,52,47
295,117,52,47
293,116,52,47
293,116,52,47
293,115,52,47
295,112,52,47
297,110,52,47
299,110,52,47
299,108,52,47
300,107,52,47
300,109,52,47
301,106,52,47
302,106,52,47
303,105,52,47
304,105,52,47
305,104,52,47
304,106,52,47
304,107,52,47
304,105,52,47
304,106,52,47
304,107,52,47
304,108,52,47
303,113,52,47
308,102,52,47
309,101,52,47
309,101,52,47
309,100,52,47
309,100,52,47
309,99,52,47
309,98,52,47
309,98,52,47
309,97,52,47
309,98,52,47
309,97,52,47
315,89,52,47
314,91,52,47
314,89,52,47
314,88,52,47
316,88,52,47
316,88,52,47
316,89,52,47
316,88,52,47
316,88,52,47
316,88,52,47
317,88,52,47
316,87,52,47
316,86,52,47
317,88,52,47
318,87,52,47
318,86,52,47
318,86,52,47
318,86,52,47
319,87,52,47
318,88,52,47
319,89,52,47
319,87,52,47
320,89,52,47
319,90,52,47
320,87,52,47
319,88,52,47
318,90,52,47
318,91,52,47
317,90,52,47
317,90,52,47
317,90,52,47
316,91,52,47
316,91,52,47
316,90,52,47
316,90,52,47
315,90,52,47
315,90,52,47
315,92,52,47
314,94,52,47
314,95,52,47
313,96,52,47
313,96,52,47
313,97,52,47
313,97,52,47
312,98,52,47
312,98,52,47
311,99,52,47
312,99,52,47
308,98,52,47
308,99,52,47
304,95,52,47
304,93,52,47
304,93,52,47
304,96,52,47
302,94,52,47
302,94,52,47
301,96,52,47
300,94,52,47
295,107,52,47
296,108,52,47
295,113,52,47
295,116,52,47
294,114,52,47
294,115,52,47
293,115,52,47
294,115,52,47
293,114,52,47
293,115,52,47
293,114,52,47
292,116,52,47
292,117,52,47
291,118,52,47
291,119,52,47
291,118,52,47
290,120,52,47
290,119,52,47
288,122,52,47
289,124,52,47
287,124,52,47
287,126,52,47
286,125,52,47
286,125,52,47
285,127,52,47
284,128,52,47
284,125,52,47
283,127,52,47
283,126,52,47
282,128,52,47
281,129,52,47
281,129,52,47
280,131,52,47
280,133,52,47
279,132,52,47
281,133,52,47
289,150,52,47
288,151,52,47
286,150,52,47
287,153,52,47
285,154,52,47
284,156,52,47
283,157,52,47
282,159,52,47
285,159,52,47
284,162,52,47
283,164,52,47
282,165,52,47
265,157,52,47
263,158,52,47
263,157,52,47
294,157,52,47
283,179,52,47
282,181,52,47
281,182,52,47
281,185,52,47
264,181,52,47
263,181,52,47
263,181,52,47
263,182,52,47
261,181,52,47
260,181,52,47
259,183,52,47
258,182,52,47
259,183,52,47
258,184,52,47
258,184,52,47
260,185,52,47
258,184,52,47
260,186,52,47
257,186,52,47
257,186,52,47
256,186,52,47
