NaN,NaN,NaN,-1
82.492,87.892,38.381,53.886
86.801,86.596,40.989,55.507
92.249,87.615,39.641,55.122
98.279,88.955,39.268,54.422
105.37,91.234,38.826,53.88
112.21,92.123,39.016,53.122
118.61,92.932,37.955,51.762
124.72,92.308,37.749,51.266
130.36,90.078,37.053,51.993
136.61,89.717,35.847,50.745
141.43,90.503,36.579,51.657
146.71,90.056,37.894,53.112
151.64,89.782,42.795,56.988
158.13,89.365,43.983,58.279
164.45,89.602,43.855,57.829
170.31,88.717,44.179,57.832
176.58,87.203,44.438,58.307
182.35,86.36,43.962,57.781
187.13,86.622,44.498,57.56
192.32,87.172,44.314,56.925
195.93,88.347,43.87,56.738
199.32,89.12,43.175,55.611
198.09,87.266,45.924,57.668
197.76,86.789,45.078,57.025
196.36,86.737,44.008,55.63
193.22,85.658,45.043,56.635
188.48,86.046,44.554,55.842
182.65,85.115,44.984,56.546
174.94,83.312,47.512,58.849
165.36,83.043,51.134,61.753
156.82,84.429,50.197,60.558
146.05,85.457,52.547,62.465
134.61,86.368,52.235,62.354
124.45,88.209,50.506,61.403
115.09,88.814,49.857,61.336
109.58,86.748,49.764,61.26
103.66,85.795,50.435,62.184
101.47,84.912,49.189,61.391
101.36,84.863,47.823,60.552
102.69,86.73,45.239,58.581
105.84,89.679,42.833,56.34
110,91.69,40.906,55.014
115.13,91.704,41.257,55.531
121.31,91.183,40.712,54.829
128.62,91.65,39.951,53.892
131.82,89.219,44.364,58.24
141.89,90.413,42.64,55.908
150.92,89.844,43.336,56.818
162.13,90.715,41.693,56.096
173.89,91.513,39.156,54.325
184.78,92.822,37.421,52.861
193.79,93.283,37.417,53.091
199.8,94.643,37.674,52.889
202.21,95.001,39.851,54.437
201.44,96.048,40.482,54.618
199.01,97.625,38.98,53.323
191.02,97.246,39.978,54.207
182.2,96.091,39.513,53.909
166.66,91.463,48.588,59.773
152.58,90.492,49.218,60.065
138.44,89.751,49.862,60.041
124.63,88.994,50.417,60.631
116.73,95.081,37.307,51.399
106.66,97.622,37.137,51.166
97.79,100.78,35.37,49.43
88.205,100.05,40.54,54.861
84.464,102.68,39.242,54.068
81.176,105.97,36.805,51.676
79.385,105.41,37.19,52.247
76.525,105.81,37.348,52.036
74.915,105.71,37.395,52.029
74.17,106,37.186,51.754
74.549,106.98,37.414,52.133
76.042,108.57,36.488,51.188
78.308,108.87,36.098,51.139
78.951,106.43,39.447,54.943
84.399,103.67,41.133,56.698
94.754,102.96,40.314,52.903
106.03,99.662,38.474,54.285
119.22,96.165,38.471,53.756
133.75,94.573,35.515,49.489
149.64,93.086,35.299,48.737
166.09,93.298,35.351,48.771
181.19,93.77,38.323,50.829
192.86,97.416,40.567,52.307
200.19,100.8,42.732,53.866
204.02,104.02,44.513,55.018
204.64,105.08,44.344,55.213
204.07,103.42,46.843,57.77
202.26,103.17,44.773,56.792
199.33,102.67,45.503,57.553
195.65,101.01,47.274,59.085
190.85,101.38,49.932,61.808
186.16,105.5,45.642,58.373
179.07,109.44,46.09,58.744
169.63,111.53,46.837,59.24
157.72,108.06,47.287,59.525
143.26,100.92,48.76,60.548
125.64,92.339,50.472,61.915
106.28,90.898,51.62,63.822
92.557,107.44,60.999,68.976
77.686,112.27,63.713,71.62
66.546,115.03,64.338,72.102
58.954,116.32,64.569,72.139
51.772,115.48,65.06,72.236
45.709,115.15,64.854,72.367
38.785,116.3,64.632,71.901
31.84,117.53,64.622,72.152
23.618,119.55,63.741,72.081
15,117.47,63.929,72.311
6.0912,110.53,64.746,72.307
-0.93912,102.34,65.422,72.073
-6.2812,100.86,64.007,70.612
-7.0282,107.08,64.882,71.921
-5.8531,111.7,46.751,62.928
1.7423,125.34,46.162,61.4
10.15,131.76,45.522,60.545
18.558,133.26,44.781,60.188
26.045,133.11,43.171,59.054
31.445,133.75,42.121,58.33
35.768,132.87,42.598,58.647
39.134,131.11,42.536,58.672
41.855,127.66,43.435,59.061
45.306,126.94,43.256,59.028
49.3,127.18,43.143,58.762
53.368,126.94,44.773,59.717
57.058,121.33,54.894,66.444
64.458,119.4,55.819,66.272
73.376,114.71,55.987,66.262
80.706,107.17,55.614,65.635
90.9,98.744,52.224,63.624
96.145,91.647,52.554,64.048
99.537,86.832,51.988,63.742
98.932,86.32,52.143,63.87
96.292,88.686,51.87,63.741
91.869,91.385,50.477,63.619
85.405,93.403,50.489,63.956
79.387,93.36,50.806,64.907
74.857,94.144,50.239,64.383
71.141,93.575,48.144,63.391
68.396,92.637,46.334,62.135
66.862,91.071,46.055,62.2
67.662,91.07,43.595,59.686
69.396,91.42,41.506,58.742
70.436,90.83,43.129,59.717
74.305,90.808,43.433,59.772
78.034,92.689,44.355,60.065
84.997,94.565,44.776,60.191
92.786,96.081,45.742,60.72
102.09,96.4,45.242,60.297
111.81,94.751,44.366,59.496
120.25,92.956,43.93,59.021
124.42,90.963,46.842,60.658
130.32,90.647,43.749,59.299
132.25,89.09,44.084,60.194
133.52,91.259,41.561,56.075
130.55,91.847,41.332,55.635
128.1,93.699,40.325,54.272
123.73,95.104,38.93,52.907
117.73,91.63,44.509,58.042
114.27,90.593,43.473,56.474
113.09,88.648,42.12,54.823
112.88,86.705,44.555,56.549
114.41,86.467,47.991,58.871
119.18,88.226,46.603,58.085
126.22,88.759,46.62,57.483
134.11,89.649,45.551,56.941
142.63,88.694,45.346,56.969
151.15,88.28,43.976,55.906
157.29,87.523,43.975,55.483
164,88.431,40.849,52.79
