NaN,NaN,NaN,-1
142,63,90,96
139,66,90,96
136,68,90,96
133,68,90,96
129,67,90,96
128,62,90,96
126,57,90,96
125,53,90,96
123,52,90,96
120,52,90,96
113,53,90,96
108,55,90,96
102,58,90,96
98,56,90,96
97,54,90,96
97,51,90,96
100,51,90,96
102,53,90,96
104,55,90,96
106,56,90,96
106,59,90,96
106,61,90,96
107,62,90,96
108,63,90,96
109,65,90,96
109,63,90,96
111,57,90,96
113,52,90,96
119,47,90,96
124,44,90,96
128,41,90,96
131,42,90,96
135,41,90,96
138,42,90,96
139,44,90,96
138,46,90,96
137,44,90,96
135,40,90,96
131,38,90,96
128,35,90,96
125,38,90,96
119,42,90,96
113,47,90,96
109,48,90,96
105,50,90,96
103,49,90,96
102,50,90,96
101,49,90,96
101,46,90,96
101,41,90,96
103,37,90,96
106,35,90,96
109,37,90,96
111,40,90,96
113,47,90,96
117,50,90,96
121,53,90,96
124,56,90,96
127,53,90,96
132,47,90,96
136,41,90,96
140,36,90,96
140,34,90,96
142,34,90,96
141,40,90,96
138,44,90,96
136,44,90,96
134,45,90,96
134,47,90,96
132,44,90,96
131,41,90,96
132,38,90,96
133,38,90,96
133,42,90,96
131,46,90,96
129,47,90,96
128,47,90,96
128,48,90,96
128,50,90,96
126,50,90,96
123,46,90,96
119,43,90,96
118,38,90,96
119,38,90,96
117,43,90,96
116,47,90,96
117,50,90,96
119,55,90,96
121,58,90,96
124,58,90,96
126,51,90,96
130,42,90,96
134,36,90,96
139,33,90,96
143,29,90,96
143,33,90,96
145,34,90,96
146,36,90,96
149,36,90,96
150,36,90,96
149,36,90,96
149,34,90,96
149,33,90,96
147,32,90,96
145,30,90,96
144,32,90,96
140,37,90,96
137,39,90,96
134,39,90,96
131,42,90,96
127,44,90,96
123,42,90,96
123,38,90,96
124,35,90,96
125,34,90,96
125,34,90,96
125,34,90,96
124,35,90,96
125,37,90,96
127,40,90,96
129,40,90,96
131,39,90,96
135,36,90,96
138,32,90,96
141,30,90,96
145,28,90,96
151,26,90,96
155,24,90,96
158,25,90,96
159,26,90,96
161,27,90,96
161,28,90,96
161,26,90,96
159,25,90,96
157,23,90,96
156,20,90,96
156,17,90,96
157,14,90,96
155,13,90,96
153,12,90,96
149,12,90,96
146,14,90,96
143,16,90,96
141,18,90,96
139,18,90,96
135,16,90,96
133,13,90,96
128,8,90,96
126,5,90,96
126,3,90,96
124,3,90,96
126,4,90,96
126,6,90,96
127,11,90,96
128,15,90,96
130,17,90,96
132,17,90,96
134,14,90,96
135,11,90,96
134,6,90,96
136,2,90,96
137,0,90,96
137,0,90,96
135,0,90,96
134,2,90,96
132,5,90,96
132,9,90,96
132,13,90,96
132,15,90,96
132,17,90,96
131,15,90,96
132,11,90,96
132,7,90,96
131,3,90,96
131,2,90,96
131,0,90,96
129,0,90,96
131,3,90,96
133,6,90,96
135,7,90,96
134,10,90,96
132,12,90,96
129,15,90,96
126,17,90,96
121,17,90,96
118,16,90,96
116,14,90,96
113,12,90,96
110,11,90,96
107,11,90,96
106,11,90,96
108,12,90,96
109,11,90,96
113,9,90,96
117,5,90,96
121,0,90,96
122,0,90,96
123,0,90,96
129,0,90,96
134,0,90,96
136,3,90,96
141,4,90,96
145,7,90,96
147,5,90,96
150,5,90,96
150,6,90,96
151,9,90,96
153,11,90,96
155,13,90,96
158,15,90,96
159,16,90,96
159,16,90,96
157,16,90,96
152,14,90,96
149,15,90,96
145,15,90,96
141,15,90,96
135,14,90,96
134,12,90,96
133,12,90,96
130,11,90,96
132,12,90,96
135,16,90,96
137,19,90,96
142,20,90,96
148,21,90,96
153,22,90,96
158,22,90,96
163,21,90,96
167,21,90,96
170,20,90,96
173,19,90,96
174,19,90,96
174,22,90,96
171,23,90,96
170,26,90,96
167,28,90,96
165,27,90,96
163,28,90,96
163,27,90,96
162,26,90,96
162,25,90,96
165,24,90,96
167,24,90,96
168,24,90,96
170,25,90,96
170,27,90,96
171,28,90,96
172,28,90,96
172,28,90,96
168,25,90,96
166,21,90,96
165,18,90,96
164,15,90,96
163,11,90,96
161,8,90,96
162,6,90,96
162,7,90,96
163,10,90,96
161,18,90,96
162,24,90,96
164,26,90,96
165,25,90,96
167,22,90,96
170,16,90,96
171,11,90,96
173,8,90,96
173,6,90,96
172,3,90,96
171,3,90,96
170,6,90,96
168,9,90,96
168,12,90,96
168,14,90,96
164,13,90,96
158,11,90,96
153,9,90,96
148,7,90,96
144,2,90,96
137,0,90,96
134,0,90,96
130,0,90,96
129,0,90,96
127,5,90,96
128,12,90,96
127,16,90,96
128,19,90,96
131,17,90,96
137,17,90,96
143,17,90,96
149,15,90,96
157,13,90,96
158,12,90,96
158,11,90,96
155,10,90,96
152,10,90,96
147,11,90,96
142,13,90,96
135,13,90,96
127,10,90,96
120,6,90,96
115,2,90,96
111,0,90,96
109,0,90,96
108,0,90,96
105,0,90,96
105,5,90,96
104,11,90,96
102,15,90,96
99,18,90,96
93,20,90,96
86,20,90,96
81,18,90,96
75,14,90,96
76,10,90,96
76,7,90,96
78,6,90,96
84,7,90,96
89,11,90,96
92,14,90,96
93,17,90,96
99,19,90,96
104,21,90,96
110,21,90,96
116,17,90,96
122,12,90,96
129,5,90,96
141,0,90,96
151,0,90,96
160,0,90,96
166,2,90,96
168,5,90,96
172,8,90,96
175,9,90,96
177,11,90,96
178,11,90,96
179,11,90,96
179,7,90,96
179,4,90,96
178,1,90,96
178,2,90,96
176,5,90,96
176,6,90,96
176,8,90,96
177,13,90,96
176,13,90,96
177,13,90,96
178,13,90,96
179,9,90,96
182,4,90,96
186,0,90,96
188,0,90,96
191,0,90,96
189,6,90,96
188,8,90,96
188,17,90,96
188,23,90,96
185,18,90,96
186,11,90,96
204,14,90,96
211,7,90,96
205,1,90,96
199,0,90,96
191,0,90,96
184,0,90,96
171,0,90,96
165,0,90,96
158,0,90,96
152,0,90,96
147,0,90,96
150,0,90,96
154,0,90,96
158,0,90,96
155,0,90,96
154,0,90,96
154,1,90,96
152,0,90,96
149,0,90,96
146,0,90,96
143,0,90,96
143,0,90,96
144,0,90,96
144,0,90,96
152,0,90,96
152,1,90,96
156,0,90,96
163,0,90,96
167,0,90,96
170,0,90,96
170,0,90,96
171,0,90,96
169,0,90,96
169,0,90,96
168,0,90,96
164,0,90,96
163,0,90,96
164,5,90,96
159,12,90,96
154,17,90,96
149,18,90,96
143,17,90,96
139,13,90,96
140,10,90,96
146,6,90,96
148,5,90,96
150,9,90,96
148,12,90,96
149,14,90,96
149,16,90,96
149,18,90,96
150,21,90,96
150,23,90,96
153,24,90,96
156,20,90,96
155,18,90,96
155,18,90,96
160,22,90,96
161,28,90,96
156,31,90,96
153,33,90,96
148,34,90,96
146,33,90,96
145,31,90,96
142,29,90,96
136,26,90,96
131,23,90,96
129,22,90,96
125,16,90,96
124,10,90,96
122,10,90,96
118,14,90,96
118,16,90,96
118,17,90,96
116,21,90,96
113,22,90,96
112,22,90,96
111,22,90,96
112,21,90,96
116,22,90,96
123,23,90,96
128,23,90,96
132,25,90,96
134,24,90,96
135,24,90,96
132,25,90,96
135,24,90,96
138,23,90,96
136,22,90,96
136,22,90,96
129,17,90,96
125,15,90,96
129,17,90,96
128,21,90,96
127,24,90,96
126,27,90,96
124,27,90,96
130,32,90,96
133,33,90,96
136,33,90,96
133,33,90,96
136,33,90,96
132,32,90,96
133,31,90,96
132,32,90,96
129,33,90,96
125,32,90,96
123,32,90,96
121,31,90,96
116,31,90,96
111,31,90,96
108,31,90,96
105,32,90,96
100,33,90,96
95,35,90,96
94,35,90,96
90,37,90,96
90,36,90,96
90,34,90,96
90,34,90,96
90,34,90,96
91,34,90,96
90,35,90,96
87,35,90,96
89,32,90,96
91,28,90,96
96,26,90,96
100,24,90,96
104,21,90,96
105,22,90,96
108,19,90,96
109,17,90,96
109,16,90,96
102,13,90,96
100,13,90,96
96,14,90,96
90,14,90,96
90,18,90,96
85,16,90,96
86,15,90,96
87,12,90,96
92,10,90,96
94,6,90,96
96,2,90,96
99,1,90,96
103,2,90,96
104,3,90,96
108,4,90,96
111,3,90,96
110,0,90,96
110,0,90,96
114,0,90,96
117,0,90,96
114,2,90,96
112,8,90,96
108,13,90,96
100,17,90,96
92,20,90,96
86,21,90,96
79,20,90,96
80,21,90,96
75,18,90,96
74,14,90,96
77,15,90,96
79,17,90,96
83,17,90,96
86,19,90,96
88,21,90,96
90,24,90,96
95,26,90,96
99,26,90,96
101,23,90,96
103,17,90,96
103,13,90,96
104,11,90,96
104,12,90,96
105,15,90,96
105,14,90,96
104,12,90,96
102,9,90,96
100,5,90,96
99,0,90,96
96,0,90,96
90,0,90,96
89,0,90,96
85,0,90,96
80,0,90,96
79,0,90,96
80,0,90,96
83,0,90,96
82,1,90,96
81,1,90,96
80,1,90,96
83,0,90,96
87,1,90,96
88,5,90,96
89,10,90,96
90,15,90,96
89,19,90,96
90,22,90,96
88,19,90,96
89,14,90,96
91,6,90,96
94,2,90,96
96,6,90,96
98,11,90,96
98,16,90,96
96,20,90,96
95,22,90,96
95,23,90,96
94,24,90,96
96,22,90,96
98,22,90,96
98,22,90,96
94,21,90,96
90,22,90,96
87,24,90,96
82,24,90,96
76,24,90,96
72,23,90,96
65,22,90,96
61,22,90,96
64,21,90,96
66,19,90,96
67,14,90,96
71,14,90,96
74,18,90,96
77,22,90,96
81,25,90,96
88,26,90,96
95,25,90,96
100,22,90,96
105,20,90,96
109,17,90,96
112,14,90,96
112,13,90,96
113,14,90,96
112,14,90,96
111,16,90,96
110,19,90,96
105,21,90,96
102,21,90,96
102,21,90,96
99,21,90,96
100,17,90,96
100,16,90,96
100,17,90,96
99,18,90,96
99,18,90,96
99,19,90,96
101,20,90,96
104,21,90,96
104,21,90,96
104,22,90,96
105,24,90,96
104,26,90,96
99,31,90,96
100,34,90,96
101,37,90,96
100,41,90,96
97,42,90,96
94,41,90,96
94,38,90,96
96,37,90,96
93,35,90,96
95,31,90,96
97,30,90,96
100,30,90,96
103,31,90,96
107,31,90,96
109,31,90,96
112,31,90,96
114,30,90,96
114,25,90,96
114,23,90,96
111,21,90,96
107,18,90,96
103,19,90,96
98,22,90,96
94,25,90,96
89,26,90,96
85,28,90,96
81,29,90,96
76,29,90,96
75,29,90,96
72,27,90,96
73,22,90,96
75,21,90,96
78,23,90,96
80,27,90,96
84,31,90,96
90,37,90,96
95,41,90,96
100,41,90,96
104,39,90,96
110,35,90,96
115,34,90,96
119,34,90,96
122,36,90,96
124,39,90,96
124,41,90,96
121,41,90,96
119,39,90,96
113,37,90,96
112,34,90,96
109,33,90,96
106,33,90,96
105,33,90,96
105,33,90,96
103,34,90,96
101,37,90,96
98,38,90,96
96,38,90,96
95,38,90,96
94,40,90,96
95,37,90,96
94,36,90,96
94,35,90,96
96,35,90,96
100,34,90,96
105,36,90,96
110,38,90,96
114,40,90,96
117,39,90,96
119,39,90,96
120,39,90,96
122,40,90,96
122,38,90,96
121,36,90,96
121,37,90,96
120,36,90,96
119,35,90,96
120,30,90,96
123,25,90,96
125,27,90,96
124,28,90,96
125,29,90,96
127,30,90,96
126,31,90,96
122,28,90,96
116,26,90,96
114,23,90,96
111,20,90,96
104,17,90,96
101,18,90,96
101,16,90,96
99,17,90,96
97,17,90,96
95,17,90,96
91,16,90,96
88,12,90,96
87,10,90,96
88,6,90,96
85,3,90,96
93,2,90,96
97,2,90,96
101,3,90,96
103,7,90,96
101,7,90,96
102,9,90,96
103,9,90,96
101,8,90,96
99,7,90,96
95,7,90,96
95,5,90,96
93,6,90,96
89,8,90,96
89,11,90,96
87,14,90,96
85,16,90,96
81,17,90,96
76,17,90,96
75,17,90,96
72,16,90,96
69,16,90,96
68,15,90,96
65,15,90,96
64,15,90,96
65,17,90,96
67,18,90,96
70,18,90,96
74,17,90,96
78,17,90,96
83,16,90,96
87,14,90,96
89,13,90,96
92,11,90,96
93,10,90,96
94,12,90,96
95,14,90,96
94,16,90,96
93,18,90,96
90,18,90,96
90,16,90,96
87,16,90,96
82,13,90,96
81,11,90,96
76,10,90,96
73,11,90,96
69,15,90,96
66,18,90,96
65,20,90,96
63,20,90,96
61,21,90,96
59,21,90,96
59,23,90,96
57,23,90,96
56,23,90,96
50,23,90,96
44,19,90,96
