NaN,NaN,NaN,-1
199,118,28,102
205,118,28,102
202,115,28,102
199,115,28,102
202,112,28,102
202,112,28,102
202,112,28,102
205,112,28,102
205,109,28,102
211,112,28,102
208,109,28,102
211,109,28,102
211,109,28,102
211,109,28,102
211,109,28,102
208,109,28,102
208,109,28,102
208,106,28,102
208,106,28,102
208,106,28,102
211,103,28,102
211,103,28,102
211,103,28,102
211,103,28,102
211,103,28,102
211,103,28,102
211,100,28,102
211,100,28,102
211,100,28,102
214,97,28,102
214,97,28,102
214,97,28,102
214,103,28,102
214,100,28,102
214,97,28,102
217,97,28,102
214,97,28,102
214,97,28,102
217,94,28,102
217,97,28,102
217,100,28,102
214,103,28,102
217,106,28,102
217,109,28,102
217,109,28,102
217,112,28,102
217,112,28,102
217,112,28,102
214,112,28,102
208,112,28,102
205,112,28,102
202,109,28,102
199,106,28,102
196,106,28,102
193,103,28,102
190,103,28,102
190,103,28,102
190,103,28,102
193,106,28,102
193,106,28,102
196,109,28,102
199,109,28,102
199,109,28,102
199,112,28,102
199,112,28,102
190,109,28,102
193,109,28,102
199,109,28,102
202,106,28,102
211,106,28,102
220,103,28,102
226,94,28,102
226,91,28,102
223,91,28,102
217,91,28,102
208,94,28,102
199,97,28,102
196,100,28,102
187,97,28,102
187,91,28,102
190,80,28,102
193,71,28,102
196,65,28,102
196,65,28,102
199,65,28,102
202,65,28,102
199,65,28,102
202,71,28,102
199,71,28,102
196,82,28,102
196,91,28,102
202,94,28,102
202,97,28,102
205,97,28,102
208,100,28,102
211,103,28,102
211,103,28,102
211,109,28,102
208,112,28,102
205,118,28,102
205,124,28,102
205,127,28,102
199,130,28,102
202,130,28,102
202,130,28,102
202,127,28,102
202,124,28,102
205,124,28,102
208,121,28,102
205,115,28,102
208,115,28,102
205,112,28,102
205,112,28,102
205,112,28,102
205,112,28,102
205,112,28,102
205,109,28,102
205,115,28,102
205,112,28,102
208,118,28,102
208,115,28,102
208,115,28,102
208,118,28,102
211,118,28,102
211,118,28,102
214,118,28,102
214,118,28,102
217,118,28,102
217,121,28,102
220,118,28,102
220,121,28,102
223,121,28,102
223,121,28,102
226,121,28,102
223,124,28,102
226,124,28,102
226,124,28,102
229,121,28,102
229,121,28,102
232,121,28,102
232,121,28,102
232,118,28,102
232,115,28,102
232,115,28,102
232,115,28,102
232,115,28,102
229,115,28,102
229,112,28,102
229,112,28,102
229,109,28,102
229,112,28,102
232,106,28,102
229,109,28,102
232,109,28,102
232,106,28,102
232,106,28,102
232,103,28,102
232,103,28,102
232,103,28,102
232,103,28,102
232,106,28,102
235,100,28,102
235,100,28,102
235,100,28,102
235,103,28,102
235,100,28,102
235,100,28,102
235,100,28,102
235,100,28,102
235,100,28,102
232,100,28,102
229,100,28,102
226,100,28,102
226,100,28,102
223,103,28,102
223,100,28,102
220,103,28,102
220,100,28,102
220,100,28,102
217,100,28,102
217,100,28,102
214,100,28,102
214,100,28,102
217,97,28,102
217,97,28,102
217,97,28,102
217,97,28,102
217,97,28,102
217,100,28,102
217,100,28,102
217,103,28,102
214,103,28,102
214,103,28,102
214,103,28,102
214,103,28,102
214,103,28,102
217,100,28,102
214,103,28,102
217,100,28,102
214,100,28,102
214,103,28,102
214,100,28,102
211,103,28,102
208,106,28,102
208,103,28,102
205,106,28,102
205,106,28,102
205,106,28,102
205,106,28,102
205,109,28,102
205,109,28,102
205,115,28,102
208,118,28,102
208,124,28,102
208,127,28,102
208,127,28,102
205,130,28,102
205,130,28,102
205,133,28,102
208,130,28,102
208,130,28,102
208,130,28,102
208,133,28,102
208,133,28,102
208,133,28,102
208,133,28,102
208,133,28,102
208,130,28,102
205,133,28,102
205,133,28,102
205,130,28,102
202,133,28,102
202,130,28,102
199,130,28,102
196,130,28,102
196,130,28,102
193,130,28,102
193,133,28,102
193,133,28,102
193,133,28,102
193,130,28,102
193,133,28,102
196,133,28,102
196,133,28,102
199,133,28,102
205,130,28,102
205,130,28,102
208,130,28,102
211,130,28,102
211,130,28,102
211,130,28,102
214,127,28,102
214,124,28,102
214,124,28,102
214,121,28,102
214,118,28,102
214,115,28,102
214,115,28,102
214,115,28,102
214,115,28,102
214,115,28,102
211,115,28,102
208,118,28,102
208,118,28,102
208,118,28,102
205,121,28,102
205,121,28,102
205,121,28,102
205,118,28,102
205,118,28,102
205,118,28,102
202,118,28,102
202,118,28,102
202,118,28,102
199,118,28,102
196,118,28,102
193,115,28,102
193,115,28,102
190,115,28,102
187,115,28,102
187,112,28,102
184,112,28,102
181,112,28,102
181,109,28,102
178,106,28,102
178,106,28,102
178,103,28,102
175,103,28,102
172,103,28,102
169,100,28,102
169,100,28,102
169,97,28,102
172,91,28,102
169,88,28,102
169,88,28,102
169,88,28,102
169,85,28,102
166,85,28,102
163,85,28,102
163,85,28,102
160,85,28,102
157,85,28,102
157,82,28,102
157,82,28,102
154,82,28,102
154,82,28,102
151,82,28,102
151,82,28,102
151,85,28,102
148,85,28,102
145,88,28,102
145,88,28,102
145,88,28,102
142,88,28,102
142,88,28,102
142,85,28,102
142,85,28,102
142,85,28,102
142,82,28,102
142,85,28,102
139,85,28,102
139,82,28,102
139,85,28,102
136,85,28,102
136,85,28,102
136,85,28,102
136,82,28,102
136,85,28,102
136,85,28,102
136,85,28,102
136,88,28,102
139,91,28,102
139,94,28,102
139,100,28,102
142,100,28,102
142,100,28,102
145,103,28,102
151,103,28,102
162,97,28,102
171,100,28,102
171,97,28,102
171,97,28,102
168,97,28,102
165,97,28,102
162,100,28,102
159,97,28,102
156,97,28,102
153,97,28,102
150,97,28,102
147,97,28,102
147,97,28,102
147,97,28,102
147,94,28,102
144,97,28,102
147,94,28,102
147,94,28,102
147,97,28,102
144,100,28,102
141,97,28,102
141,97,28,102
141,97,28,102
138,94,28,102
141,88,28,102
141,88,28,102
141,88,28,102
141,88,28,102
150,88,28,102
156,88,28,102
159,91,28,102
162,97,28,102
162,100,28,102
162,103,28,102
162,109,28,102
162,109,28,102
162,112,28,102
162,115,28,102
165,115,28,102
165,115,28,102
162,115,28,102
159,118,28,102
159,121,28,102
156,124,28,102
153,124,28,102
153,121,28,102
153,118,28,102
153,112,28,102
153,106,28,102
153,103,28,102
156,97,28,102
159,91,28,102
162,88,28,102
165,85,28,102
168,82,28,102
171,82,28,102
171,85,28,102
171,85,28,102
171,85,28,102
168,88,28,102
168,91,28,102
165,94,28,102
159,100,28,102
156,103,28,102
153,106,28,102
147,112,28,102
144,115,28,102
141,118,28,102
141,118,28,102
141,118,28,102
141,121,28,102
141,118,28,102
144,115,28,102
147,112,28,102
147,112,28,102
150,109,28,102
150,106,28,102
153,103,28,102
156,100,28,102
156,100,28,102
156,100,28,102
159,97,28,102
159,94,28,102
159,91,28,102
159,91,28,102
162,88,28,102
162,88,28,102
159,88,28,102
159,88,28,102
156,88,28,102
156,85,28,102
153,88,28,102
153,88,28,102
150,88,28,102
147,88,28,102
144,88,28,102
144,85,28,102
141,85,28,102
144,82,28,102
141,85,28,102
141,85,28,102
144,82,28,102
144,79,28,102
144,76,28,102
144,76,28,102
147,73,28,102
147,73,28,102
150,73,28,102
150,73,28,102
153,73,28,102
159,73,28,102
162,76,28,102
165,79,28,102
162,88,28,102
165,88,28,102
165,94,28,102
165,94,28,102
162,97,28,102
165,97,28,102
165,97,28,102
162,100,28,102
162,100,28,102
165,100,28,102
162,103,28,102
159,106,28,102
159,109,28,102
159,109,28,102
156,112,28,102
153,112,28,102
153,115,28,102
150,115,28,102
150,115,28,102
150,115,28,102
150,115,28,102
150,115,28,102
150,115,28,102
153,115,28,102
153,115,28,102
153,115,28,102
153,115,28,102
150,115,28,102
153,112,28,102
153,109,28,102
153,109,28,102
153,106,28,102
153,103,28,102
153,100,28,102
153,100,28,102
156,97,28,102
159,94,28,102
162,91,28,102
162,91,28,102
162,88,28,102
162,88,28,102
162,88,28,102
165,85,28,102
165,85,28,102
165,82,28,102
165,82,28,102
165,82,28,102
165,82,28,102
162,85,28,102
162,85,28,102
162,85,28,102
165,85,28,102
165,82,28,102
165,82,28,102
165,82,28,102
165,79,28,102
165,79,28,102
165,79,28,102
162,79,28,102
159,79,28,102
159,79,28,102
156,79,28,102
153,82,28,102
150,82,28,102
147,82,28,102
144,82,28,102
141,79,28,102
138,79,28,102
138,76,28,102
135,76,28,102
135,76,28,102
132,76,28,102
132,76,28,102
132,79,28,102
129,79,28,102
129,79,28,102
129,79,28,102
129,76,28,102
129,79,28,102
129,79,28,102
129,79,28,102
132,85,28,102
135,91,28,102
135,97,28,102
138,100,28,102
144,106,28,102
150,109,28,102
153,112,28,102
153,112,28,102
153,112,28,102
153,109,28,102
150,103,28,102
147,100,28,102
150,97,28,102
147,91,28,102
150,85,28,102
147,85,28,102
147,82,28,102
144,82,28,102
144,82,28,102
144,79,28,102
144,79,28,102
135,76,28,102
129,73,28,102
126,70,28,102
120,67,28,102
114,64,28,102
114,58,28,102
134,47,28,102
157,41,28,102
183,35,28,102
209,35,28,102
235,35,28,102
229,32,28,102
223,35,28,102
240,38,28,102
257,32,28,102
254,35,28,102
251,35,28,102
245,38,28,102
242,47,28,102
245,61,28,102
248,67,28,102
248,70,28,102
239,84,28,102
228,98,28,102
211,109,28,102
202,112,28,102
196,112,28,102
190,112,28,102
184,112,28,102
178,112,28,102
181,109,28,102
184,106,28,102
187,100,28,102
190,97,28,102
196,94,28,102
199,94,28,102
199,94,28,102
199,94,28,102
196,97,28,102
193,100,28,102
190,103,28,102
190,106,28,102
184,109,28,102
