NaN,NaN,NaN,-1
338,163,28,64
331,152,28,61
335,160,27,64
342,165,28,64
343,164,28,63
340,158,28,64
336,157,28,62
339,158,28,62
338,156,28,63
335,154,28,64
333,155,27,64
324,150,26,64
323,150,26,64
320,149,27,64
319,153,27,62
318,150,26,64
315,154,28,62
314,154,28,64
316,155,28,62
316,152,28,64
319,152,28,63
323,152,28,64
321,148,28,63
322,145,28,62
322,145,28,63
321,140,28,64
322,146,28,62
321,147,28,64
322,148,28,62
324,148,28,62
322,144,28,64
328,147,28,62
325,145,28,61
323,144,28,62
324,146,28,62
327,139,26,63
324,145,28,64
327,142,28,62
328,141,28,62
331,146,28,62
327,139,28,62
331,140,28,62
334,140,28,62
335,142,28,62
337,142,28,62
329,138,26,64
333,138,28,63
329,133,28,63
329,130,28,61
329,134,28,62
327,139,27,63
325,138,26,63
328,143,26,62
326,142,28,63
332,146,28,61
336,148,28,64
336,148,28,64
341,149,28,62
340,153,28,62
338,153,28,64
331,151,28,62
335,150,28,64
335,154,28,62
334,152,28,62
334,148,28,63
331,148,28,62
330,150,27,64
330,150,28,62
329,149,28,63
327,149,28,62
326,147,28,64
325,148,28,64
325,151,28,63
326,150,28,63
328,149,28,62
325,150,28,62
325,151,28,64
325,153,28,62
330,150,28,61
328,151,28,62
321,148,27,64
315,147,26,64
313,150,26,63
314,152,28,62
312,152,28,62
316,153,28,64
320,151,28,62
321,152,28,63
321,157,28,63
320,154,28,62
319,154,26,62
319,153,28,61
322,152,28,63
326,152,28,62
329,156,28,64
325,152,28,60
327,151,28,62
330,155,28,64
334,154,26,64
332,157,28,64
332,153,28,62
336,157,28,64
337,155,28,64
336,157,28,64
334,158,28,63
331,152,28,62
333,153,28,61
336,152,28,61
336,153,28,64
338,155,28,64
338,153,28,64
341,155,28,64
342,154,28,63
345,153,28,63
346,150,28,64
349,153,28,63
352,154,26,64
354,153,28,63
358,154,28,61
361,158,28,64
359,160,26,64
355,156,28,64
NaN,NaN,NaN,-2
NaN,NaN,NaN,0
NaN,NaN,NaN,0
NaN,NaN,NaN,0
NaN,NaN,NaN,0
NaN,NaN,NaN,-1
372,159,28,64
373,155,26,64
373,158,27,64
371,155,28,64
374,158,27,64
380,159,26,62
382,158,26,62
383,160,28,62
386,162,28,62
384,162,26,64
388,160,28,63
392,160,28,64
392,162,26,64
393,161,28,64
392,165,26,64
395,166,28,61
400,164,25,63
403,164,27,64
402,165,28,62
406,169,28,64
406,166,28,60
408,164,26,61
401,150,28,62
411,157,27,62
409,158,28,64
408,155,28,64
409,153,28,63
409,152,28,64
411,154,28,61
409,156,28,63
410,154,28,64
413,154,26,63
412,153,28,61
413,156,28,64
414,159,28,62
419,163,27,64
421,163,28,62
424,166,28,63
428,164,28,61
435,170,28,62
442,169,26,61
446,172,27,63
448,169,28,62
450,165,26,61
454,165,28,63
455,164,28,62
458,164,28,63
459,161,28,63
462,159,28,61
464,157,28,60
466,157,26,61
465,159,28,64
465,155,28,63
465,153,28,61
470,154,28,61
470,155,28,62
469,159,28,64
470,162,28,63
469,163,27,63
467,159,28,60
469,161,28,62
469,161,28,64
466,166,26,62
465,166,25,64
462,163,27,63
462,163,27,64
457,161,26,64
456,164,27,63
455,164,28,63
455,166,28,62
451,160,28,61
454,164,28,62
455,164,28,63
456,166,28,63
454,164,28,62
459,161,27,64
455,156,26,61
456,155,28,63
454,156,28,63
453,158,28,62
452,157,28,61
452,156,28,61
446,154,26,60
446,154,28,62
450,156,25,64
448,158,26,64
443,150,28,64
445,150,28,61
449,153,28,62
447,149,28,64
455,156,25,64
453,156,26,61
445,152,28,61
448,148,28,61
450,147,28,63
447,149,28,61
451,148,28,62
452,148,26,62
452,147,26,64
449,144,28,62
454,141,25,60
453,144,28,64
455,143,27,64
457,145,28,62
460,145,28,62
455,141,28,62
461,140,26,62
465,142,28,63
474,140,26,63
477,140,26,63
486,141,26,61
497,143,26,60
500,136,28,62
506,139,26,61
517,140,27,64
524,140,26,62
526,136,26,61
530,135,26,62
533,132,26,60
534,130,26,61
533,125,25,62
537,126,27,62
535,121,26,60
533,118,26,61
531,115,25,61
527,116,28,61
529,118,26,64
526,118,25,64
524,118,26,62
520,115,24,62
520,116,24,62
516,111,27,64
515,116,24,62
513,114,24,62
508,110,25,61
506,108,25,61
506,107,25,60
502,111,27,62
501,111,27,64
501,111,25,63
501,110,25,60
497,100,25,64
491,100,26,64
490,100,24,63
489,98,24,62
487,97,25,61
485,89,24,60
485,90,25,60
486,88,24,61
485,87,24,62
486,88,24,62
488,89,25,64
488,89,25,63
488,87,24,60
489,86,25,62
489,85,25,61
490,86,24,61
491,87,25,62
492,87,25,62
492,83,25,60
493,82,24,62
493,81,25,60
493,81,25,61
493,82,24,61
494,79,24,62
493,81,25,60
493,83,25,62
491,85,24,60
488,83,25,61
485,83,24,60
482,83,24,62
479,81,25,63
474,77,25,60
470,77,25,60
467,78,24,62
461,78,26,62
458,79,26,62
455,85,26,62
452,86,24,64
442,79,26,62
441,84,25,62
440,86,25,63
438,89,25,63
436,90,25,61
434,93,26,61
432,89,26,61
432,90,25,61
431,89,24,60
430,89,25,60
429,90,25,61
432,93,25,61
429,89,25,61
428,90,27,60
428,93,26,61
428,94,26,61
428,92,24,60
428,94,25,62
426,92,25,60
424,91,25,64
424,89,25,62
421,89,24,60
418,90,27,61
415,87,26,62
415,83,25,60
414,87,24,60
412,89,25,61
412,91,25,60
409,85,25,60
409,85,25,60
404,87,26,60
399,83,26,63
399,87,26,61
396,87,25,62
394,87,25,61
392,88,28,62
388,87,24,61
384,85,25,60
382,90,26,64
372,87,26,61
371,83,25,62
374,87,26,61
