NaN,NaN,NaN,-1
256,165,57,36
255,165,57,36
254,165,57,36
253,165,57,36
252,164,57,36
251,164,57,36
250,164,57,36
249,164,57,36
249,164,57,36
248,164,57,36
247,164,57,36
246,164,57,36
246,164,57,36
245,164,57,36
245,164,57,36
245,164,57,36
245,164,57,36
245,164,57,36
243,163,57,36
244,163,57,36
244,163,57,36
243,163,57,36
243,163,57,36
243,163,57,36
243,162,57,36
242,162,57,36
242,162,57,36
241,162,57,36
241,162,57,36
240,161,57,36
240,161,57,36
239,161,57,36
239,161,57,36
239,161,57,36
238,160,57,36
238,160,57,36
237,160,57,36
237,159,57,36
236,159,57,36
236,159,57,36
236,159,57,36
236,159,57,36
235,159,57,36
235,158,57,36
234,158,57,36
234,158,57,36
234,157,57,36
233,157,57,36
233,157,57,36
233,157,57,36
232,157,57,36
232,157,57,36
232,157,57,36
232,156,57,36
231,156,57,36
231,156,57,36
231,156,57,36
230,155,57,36
230,155,57,36
230,155,57,36
230,155,57,36
230,155,57,36
230,155,57,36
229,155,57,36
229,154,57,36
229,154,57,36
229,154,57,36
228,154,57,36
228,154,57,36
228,154,57,36
228,153,57,36
228,153,57,36
228,153,57,36
228,153,57,36
228,152,57,36
227,152,57,36
227,152,57,36
227,151,57,36
227,151,57,36
227,151,57,36
227,151,57,36
227,151,57,36
227,151,57,36
227,151,57,36
227,151,57,36
227,150,57,36
227,150,57,36
227,150,57,36
227,150,57,36
227,150,57,36
227,150,57,36
227,150,57,36
227,149,57,36
227,149,57,36
227,149,57,36
227,149,57,36
227,149,57,36
226,149,57,36
227,148,57,36
227,148,57,36
226,148,57,36
226,148,57,36
226,148,57,36
227,147,57,36
227,147,57,36
227,147,57,36
227,147,57,36
227,147,57,36
227,147,57,36
227,146,57,36
227,146,57,36
227,146,57,36
227,146,57,36
227,146,57,36
227,146,57,36
227,146,57,36
227,146,57,36
227,146,57,36
227,146,57,36
227,146,57,36
227,146,57,36
227,146,57,36
227,146,57,36
227,146,57,36
227,146,57,36
227,146,57,36
227,146,57,36
227,145,57,36
227,145,57,36
227,145,57,36
227,145,57,36
227,145,57,36
226,145,57,36
227,145,57,36
226,145,57,36
226,145,57,36
226,145,57,36
226,145,57,36
226,145,57,36
226,145,57,36
226,145,57,36
226,145,57,36
226,145,57,36
226,145,57,36
226,145,57,36
226,145,57,36
226,145,57,36
226,145,57,36
226,145,57,36
226,145,57,36
226,145,57,36
226,145,57,36
226,145,57,36
226,145,57,36
226,145,57,36
226,145,57,36
226,145,57,36
226,145,57,36
226,145,57,36
226,145,57,36
226,145,57,36
226,145,57,36
226,145,57,36
226,145,57,36
226,145,57,36
226,145,57,36
226,145,57,36
226,145,57,36
226,145,57,36
226,146,57,36
226,146,57,36
226,146,57,36
226,146,57,36
225,146,57,36
225,146,57,36
225,146,57,36
225,146,57,36
225,146,57,36
225,146,57,36
225,147,57,36
224,147,57,36
224,147,57,36
224,147,57,36
224,147,57,36
224,147,57,36
224,147,57,36
224,147,57,36
224,147,57,36
223,148,57,36
223,147,57,36
222,148,57,36
222,148,57,36
222,148,57,36
221,148,57,36
221,148,57,36
221,148,57,36
220,148,57,36
220,147,57,36
219,148,57,36
219,148,57,36
219,148,57,36
219,148,57,36
218,148,57,36
218,148,57,36
217,148,57,36
217,148,57,36
216,148,57,36
215,148,57,36
215,148,57,36
214,148,57,36
213,148,57,36
213,148,57,36
212,148,57,36
211,148,57,36
211,148,57,36
210,148,57,36
209,148,57,36
208,149,57,36
207,149,57,36
206,149,57,36
204,149,57,36
203,150,57,36
202,150,57,36
201,150,57,36
199,150,57,36
198,150,57,36
198,150,57,36
197,150,57,36
196,150,57,36
196,150,57,36
195,150,57,36
194,150,57,36
191,151,57,36
190,151,57,36
189,151,57,36
188,151,57,36
187,151,57,36
186,151,57,36
184,151,57,36
184,151,57,36
184,151,57,36
184,151,57,36
182,151,57,36
180,151,57,36
179,151,57,36
178,151,57,36
176,151,57,36
175,151,57,36
172,151,57,36
171,151,57,36
170,151,57,36
169,151,57,36
167,151,57,36
167,151,57,36
166,151,57,36
165,151,57,36
162,151,57,36
162,150,57,36
159,150,57,36
158,150,57,36
156,150,57,36
155,150,57,36
154,150,57,36
149,150,57,36
149,149,57,36
148,149,57,36
147,149,57,36
146,149,57,36
145,148,57,36
144,148,57,36
143,148,57,36
141,148,57,36
140,148,57,36
138,147,57,36
137,147,57,36
136,147,57,36
135,146,57,36
133,145,57,36
131,145,57,36
129,145,57,36
128,145,57,36
126,145,57,36
125,144,57,36
124,144,57,36
122,144,57,36
120,143,57,36
119,143,57,36
117,142,57,36
115,142,57,36
114,142,57,36
112,141,57,36
110,141,57,36
109,141,57,36
108,140,57,36
106,140,57,36
105,140,57,36
104,139,57,36
102,139,57,36
101,139,57,36
100,138,57,36
98,138,57,36
97,138,57,36
96,138,57,36
94,138,57,36
92,138,57,36
91,137,57,36
89,137,57,36
88,137,57,36
86,136,57,36
84,136,57,36
83,135,57,36
81,135,57,36
80,135,57,36
79,135,57,36
77,134,57,36
76,134,57,36
73,133,57,36
72,133,57,36
69,132,57,36
68,132,57,36
67,132,57,36
66,132,57,36
65,132,57,36
64,132,57,36
63,131,57,36
61,131,57,36
59,131,57,36
58,130,57,36
57,130,57,36
55,129,57,36
54,129,57,36
53,129,57,36
52,128,57,36
50,128,57,36
49,128,57,36
47,128,57,36
46,127,57,36
44,127,57,36
43,127,57,36
43,126,57,36
41,126,57,36
40,126,57,36
39,126,57,36
38,126,57,36
37,126,57,36
35,126,57,36
35,126,57,36
34,126,57,36
32,125,57,36
31,125,57,36
30,124,57,36
28,123,57,36
27,123,57,36
26,123,57,36
25,122,57,36
25,122,57,36
23,122,57,36
22,122,57,36
21,121,57,36
19,121,57,36
18,121,57,36
16,121,57,36
15,120,57,36
13,120,57,36
12,120,57,36
11,120,57,36
9,121,57,36
8,120,57,36
7,120,57,36
6,120,57,36
5,120,57,36
3,119,57,36
1,118,57,36
