NaN,NaN,NaN,-1
256,166,57,36
256,166,57,36
255,166,57,36
255,166,57,36
254,166,57,36
254,166,57,36
253,166,57,36
252,166,57,36
252,166,57,36
251,165,57,36
250,165,57,36
250,165,57,36
250,165,57,36
249,165,57,36
248,165,57,36
248,164,57,36
247,164,57,36
247,164,57,36
247,164,57,36
246,164,57,36
245,163,57,36
245,163,57,36
244,163,57,36
244,163,57,36
243,162,57,36
243,162,57,36
242,162,57,36
242,162,57,36
241,161,57,36
241,161,57,36
240,161,57,36
240,161,57,36
239,161,57,36
239,160,57,36
239,160,57,36
238,160,57,36
238,160,57,36
237,159,57,36
237,159,57,36
237,159,57,36
236,159,57,36
236,159,57,36
236,158,57,36
235,158,57,36
235,158,57,36
234,158,57,36
234,158,57,36
234,158,57,36
234,157,57,36
233,157,57,36
233,157,57,36
233,157,57,36
232,157,57,36
232,157,57,36
231,156,57,36
231,156,57,36
231,156,57,36
230,156,57,36
230,156,57,36
230,155,57,36
229,155,57,36
229,155,57,36
229,155,57,36
229,155,57,36
228,155,57,36
228,155,57,36
227,155,57,36
227,155,57,36
227,154,57,36
227,154,57,36
227,154,57,36
226,154,57,36
226,153,57,36
226,153,57,36
226,153,57,36
225,152,57,36
225,152,57,36
225,152,57,36
225,152,57,36
225,152,57,36
225,151,57,36
225,151,57,36
225,151,57,36
225,151,57,36
225,151,57,36
224,151,57,36
224,151,57,36
224,150,57,36
224,150,57,36
224,150,57,36
224,150,57,36
223,150,57,36
223,150,57,36
223,150,57,36
223,150,57,36
223,150,57,36
223,149,57,36
223,149,57,36
223,149,57,36
223,149,57,36
223,148,57,36
223,148,57,36
222,148,57,36
222,148,57,36
222,148,57,36
222,148,57,36
222,148,57,36
222,147,57,36
222,147,57,36
222,147,57,36
222,147,57,36
222,146,57,36
222,146,57,36
222,146,57,36
222,146,57,36
222,146,57,36
222,146,57,36
222,146,57,36
222,146,57,36
222,146,57,36
222,146,57,36
222,146,57,36
222,146,57,36
222,146,57,36
222,146,57,36
222,146,57,36
222,146,57,36
222,146,57,36
222,146,57,36
222,146,57,36
222,146,57,36
222,146,57,36
222,146,57,36
222,146,57,36
222,146,57,36
222,146,57,36
222,146,57,36
222,146,57,36
222,146,57,36
222,146,57,36
222,146,57,36
222,146,57,36
222,146,57,36
222,146,57,36
222,146,57,36
222,146,57,36
222,146,57,36
222,146,57,36
222,146,57,36
222,146,57,36
222,146,57,36
222,146,57,36
222,146,57,36
222,146,57,36
222,146,57,36
222,146,57,36
222,146,57,36
222,146,57,36
222,146,57,36
222,146,57,36
222,146,57,36
222,146,57,36
222,146,57,36
222,146,57,36
222,146,57,36
222,146,57,36
222,146,57,36
222,146,57,36
222,146,57,36
222,146,57,36
222,146,57,36
222,146,57,36
222,146,57,36
222,146,57,36
222,146,57,36
222,146,57,36
222,146,57,36
222,146,57,36
222,146,57,36
222,146,57,36
221,147,57,36
221,147,57,36
220,147,57,36
220,147,57,36
220,147,57,36
219,147,57,36
219,147,57,36
219,147,57,36
218,147,57,36
218,148,57,36
217,148,57,36
217,149,57,36
216,149,57,36
216,149,57,36
216,149,57,36
215,149,57,36
215,149,57,36
214,149,57,36
213,150,57,36
213,149,57,36
213,149,57,36
212,150,57,36
212,149,57,36
212,149,57,36
211,149,57,36
210,149,57,36
209,150,57,36
208,150,57,36
208,150,57,36
207,150,57,36
206,150,57,36
206,150,57,36
205,150,57,36
204,150,57,36
203,150,57,36
202,150,57,36
201,150,57,36
199,151,57,36
198,151,57,36
197,151,57,36
196,151,57,36
195,151,57,36
194,151,57,36
193,151,57,36
192,151,57,36
191,151,57,36
190,151,57,36
189,151,57,36
187,152,57,36
185,152,57,36
184,152,57,36
183,152,57,36
182,152,57,36
180,152,57,36
179,152,57,36
179,152,57,36
177,152,57,36
176,152,57,36
175,152,57,36
174,152,57,36
172,152,57,36
171,152,57,36
169,152,57,36
168,152,57,36
166,152,57,36
165,152,57,36
165,151,57,36
164,151,57,36
163,151,57,36
162,151,57,36
161,151,57,36
157,151,57,36
157,151,57,36
155,150,57,36
154,150,57,36
149,150,57,36
149,150,57,36
148,150,57,36
147,149,57,36
145,149,57,36
143,149,57,36
142,149,57,36
141,148,57,36
140,148,57,36
139,148,57,36
139,148,57,36
137,148,57,36
136,148,57,36
134,147,57,36
132,147,57,36
130,146,57,36
131,146,57,36
130,146,57,36
130,146,57,36
130,145,57,36
129,145,57,36
128,144,57,36
127,144,57,36
126,144,57,36
125,143,57,36
124,143,57,36
123,142,57,36
122,142,57,36
120,142,57,36
119,142,57,36
118,141,57,36
117,141,57,36
115,141,57,36
114,141,57,36
112,140,57,36
111,140,57,36
110,140,57,36
108,139,57,36
107,139,57,36
106,139,57,36
105,138,57,36
103,138,57,36
102,138,57,36
101,138,57,36
99,137,57,36
98,137,57,36
96,137,57,36
95,137,57,36
94,136,57,36
92,136,57,36
91,136,57,36
89,135,57,36
88,135,57,36
86,134,57,36
85,134,57,36
83,134,57,36
81,134,57,36
79,133,57,36
78,132,57,36
76,132,57,36
74,132,57,36
73,131,57,36
71,131,57,36
69,131,57,36
68,130,57,36
66,130,57,36
65,130,57,36
63,129,57,36
61,129,57,36
60,129,57,36
59,128,57,36
57,128,57,36
56,128,57,36
55,127,57,36
53,127,57,36
51,127,57,36
51,127,57,36
49,127,57,36
47,126,57,36
46,126,57,36
45,125,57,36
43,125,57,36
42,125,57,36
41,125,57,36
40,125,57,36
39,124,57,36
38,124,57,36
37,124,57,36
35,124,57,36
34,123,57,36
33,123,57,36
31,123,57,36
30,122,57,36
29,122,57,36
27,122,57,36
26,122,57,36
25,122,57,36
23,122,57,36
22,121,57,36
21,121,57,36
20,121,57,36
19,121,57,36
17,120,57,36
16,120,57,36
15,119,57,36
13,119,57,36
12,119,57,36
10,119,57,36
8,118,57,36
7,118,57,36
6,118,57,36
4,118,57,36
3,118,57,36
2,117,57,36
1,117,57,36
1,117,57,36
1,117,57,36
1,116,57,36
