NaN,NaN,NaN,-1
244,50,85,176
244,46,84,176
241,49,86,173
238,49,86,174
235,50,86,173
228,53,89,171
226,57,89,167
224,60,89,167
221,62,88,166
218,64,91,166
216,66,95,165
215,66,98,164
211,65,107,164
207,51,125,174
204,46,135,175
204,44,99,168
203,43,96,170
200,36,125,156
199,30,126,169
198,25,122,170
198,23,116,174
202,20,100,172
204,20,110,162
210,20,75,159
216,7,70,171
209,20,87,163
210,22,89,169
192,30,108,162
177,36,119,165
161,45,127,170
154,51,133,159
152,54,135,154
154,55,138,163
180,56,122,155
188,54,119,153
192,55,119,155
192,55,123,160
203,51,114,153
195,50,107,152
208,49,96,151
202,47,95,155
202,44,96,157
201,45,99,157
205,42,96,157
206,41,89,158
208,39,87,158
212,38,84,156
214,37,84,155
217,37,82,155
224,35,76,155
214,35,115,168
219,35,112,168
222,37,111,175
229,39,110,173
232,44,107,168
235,47,108,166
235,49,111,164
239,52,112,165
242,52,110,167
243,52,111,168
244,53,111,169
247,57,110,169
251,59,105,168
254,61,102,166
255,65,101,160
255,74,98,153
255,80,102,147
254,83,97,146
253,88,98,143
254,88,97,145
244,100,104,134
244,100,104,136
243,105,105,133
242,104,96,134
242,105,94,133
241,79,93,160
240,104,93,132
239,71,93,159
238,69,93,157
237,64,92,157
235,62,92,156
231,62,90,147
228,47,90,159
193,47,122,157
187,45,123,158
184,47,117,156
175,49,123,154
172,48,123,155
170,49,123,155
168,51,121,154
167,51,121,155
168,54,120,153
168,56,120,151
172,55,119,153
175,54,116,156
172,54,120,157
174,62,119,147
184,59,110,150
194,59,102,150
203,58,93,155
194,57,102,152
219,58,74,151
226,59,65,151
228,60,63,151
224,62,60,149
226,56,50,156
221,51,55,159
230,46,46,166
229,45,49,168
226,52,49,169
227,50,49,169
231,53,55,163
234,47,49,172
240,55,47,167
241,58,47,166
241,68,49,159
240,66,55,166
240,61,57,175
240,65,57,172
248,66,49,171
248,67,49,169
249,68,49,173
246,70,52,169
238,74,63,161
228,76,74,165
237,75,64,155
229,73,70,159
228,67,68,164
228,63,65,167
225,56,62,168
224,52,61,163
222,39,61,161
221,48,61,148
220,45,58,148
220,46,57,149
221,32,55,163
221,46,56,149
221,47,54,151
221,48,56,150
223,49,55,149
223,50,55,151
223,56,57,142
223,58,57,140
224,61,58,140
224,65,58,135
227,70,56,148
225,73,57,144
224,75,57,141
220,76,60,139
199,76,79,139
197,76,80,138
197,75,79,138
198,75,81,137
210,76,66,131
216,75,59,132
206,77,67,125
216,78,55,120
206,79,64,123
196,82,75,122
208,83,65,102
204,83,68,106
200,80,76,134
201,78,74,138
201,76,75,140
170,75,106,142
162,66,109,153
145,60,123,159
140,51,123,168
141,47,118,172
140,55,111,160
192,47,55,163
184,41,71,143
192,46,59,145
185,50,60,140
183,69,57,126
180,74,60,127
178,59,72,159
179,61,70,153
183,71,80,137
171,82,96,150
144,82,126,152
144,78,127,156
192,79,81,155
196,70,80,164
200,60,96,173
206,68,72,163
219,63,63,164
222,60,63,166
228,60,64,163
233,57,43,162
176,50,160,154
178,28,158,158
176,36,159,145
174,32,160,150
172,35,162,150
172,46,162,140
171,44,163,144
172,41,163,148
172,41,163,152
172,59,163,135
172,60,163,134
172,61,163,134
169,63,163,129
168,63,163,134
166,64,162,133
164,64,161,133
158,64,162,133
155,65,162,116
151,66,162,117
147,66,162,105
133,63,168,127
130,66,167,120
125,68,168,123
121,70,168,79
113,78,159,67
109,76,163,54
94,70,174,73
89,80,175,52
79,81,176,60
NaN,NaN,NaN,-2
NaN,NaN,NaN,0
NaN,NaN,NaN,0
NaN,NaN,NaN,0
NaN,NaN,NaN,0
NaN,NaN,NaN,-1
245,52,88,180
239,56,88,170
236,55,91,171
234,74,97,153
199,79,154,145
189,81,182,142
189,77,182,145
189,78,182,141
188,69,182,149
187,82,182,135
185,84,182,132
183,84,182,132
182,85,175,133
178,89,178,131
166,90,174,125
134,91,170,119
91,88,180,75
NaN,NaN,NaN,-2
NaN,NaN,NaN,0
NaN,NaN,NaN,0
NaN,NaN,NaN,0
NaN,NaN,NaN,0
NaN,NaN,NaN,-1
204,61,139,145
223,62,115,145
211,66,146,140
208,70,148,134
209,71,148,133
207,72,148,135
207,74,148,133
200,73,148,113
190,61,148,131
191,64,148,111
194,60,148,115
189,63,148,129
188,60,148,109
180,73,148,100
148,69,137,88
127,67,148,88
115,66,148,87
106,64,148,87
NaN,NaN,NaN,-2
NaN,NaN,NaN,0
NaN,NaN,NaN,0
NaN,NaN,NaN,0
NaN,NaN,NaN,0
NaN,NaN,NaN,-1
249,52,122,118
253,38,122,115
240,40,121,109
232,32,122,103
226,30,122,103
221,33,122,95
215,52,122,72
214,53,122,70
210,50,122,73
208,51,122,71
208,54,122,67
207,52,122,69
208,54,122,65
208,53,122,64
210,53,122,62
212,52,122,62
213,53,122,59
215,52,122,59
221,51,122,57
225,48,122,59
227,49,122,56
230,49,122,54
238,47,122,53
241,47,122,52
245,46,122,45
250,46,122,49
260,46,122,43
266,46,122,43
274,46,122,47
280,46,122,42
294,45,122,45
306,42,122,47
315,44,122,46
324,43,122,45
341,43,122,42
NaN,NaN,NaN,-2
NaN,NaN,NaN,0
NaN,NaN,NaN,0
NaN,NaN,NaN,0
NaN,NaN,NaN,0
NaN,NaN,NaN,-1
255,61,90,130
244,76,96,125
239,86,98,125
236,91,99,114
232,94,101,113
227,95,103,122
224,96,104,116
222,97,105,116
221,100,106,112
218,99,109,113
216,98,111,114
215,97,113,115
214,96,115,116
214,89,117,123
214,92,118,120
214,90,121,120
214,83,122,126
219,86,120,120
223,84,110,120
223,81,108,119
225,81,113,115
228,77,103,115
229,75,95,111
228,72,99,118
228,71,98,118
224,69,111,123
222,68,102,124
219,66,104,126
217,63,103,127
210,60,102,130
207,61,102,131
204,63,102,131
201,63,119,131
196,72,114,124
194,69,112,129
189,69,112,131
187,70,109,131
183,76,98,127
181,73,97,130
178,74,97,129
177,72,96,131
175,76,93,129
175,78,91,127
175,78,89,128
174,80,89,126
173,81,87,126
171,82,87,124
170,82,85,124
170,83,83,122
170,87,79,117
170,88,81,116
173,73,81,131
175,88,81,115
186,89,75,113
189,73,76,130
195,63,76,131
203,60,74,131
219,62,73,131
224,64,76,131
237,66,70,130
245,70,69,128
261,75,65,125
269,77,60,128
267,81,63,128
268,84,60,127
265,86,60,126
256,91,64,126
251,91,65,126
247,96,67,118
245,98,68,116
247,103,62,120
251,105,55,115
248,107,63,114
246,108,70,115
240,115,61,112
235,115,60,113
232,109,49,120
231,110,47,123
225,99,45,113
221,88,48,117
214,84,53,99
215,67,54,116
210,74,69,109
220,67,51,115
210,69,53,107
192,57,75,127
194,58,84,121
208,59,78,122
208,58,89,120
212,63,44,118
172,56,87,124
205,59,64,121
198,79,53,108
200,66,64,131
211,78,45,118
207,78,51,125
202,81,64,131
199,86,66,126
196,88,63,126
197,100,71,115
198,107,59,109
199,104,56,115
173,110,87,110
161,106,103,115
161,106,106,117
160,115,108,112
155,110,110,115
152,100,129,125
148,99,128,125
147,99,129,126
145,108,111,106
144,110,111,110
145,107,107,109
148,110,101,86
145,107,105,82
149,99,118,116
159,102,110,112
174,95,96,118
167,89,106,122
179,86,98,118
201,81,84,120
209,76,75,122
217,65,76,127
219,61,76,126
220,56,80,125
220,51,89,128
218,46,101,129
220,48,101,125
218,46,104,126
215,45,110,125
216,43,101,127
212,43,107,126
207,42,116,128
207,42,105,129
209,44,103,130
215,45,90,131
215,46,102,130
215,49,105,131
215,52,102,131
216,53,100,130
217,51,96,131
218,50,95,131
221,47,83,131
222,44,77,131
215,43,80,129
211,39,81,131
189,38,95,131
188,39,94,130
184,41,99,129
184,44,96,128
189,50,89,126
221,53,57,127
221,57,58,127
218,60,58,125
217,63,59,124
216,63,61,128
216,63,58,128
217,63,60,126
219,59,53,126
218,60,56,126
220,58,54,127
222,58,51,128
222,55,49,131
221,54,50,131
209,55,62,131
209,54,62,131
213,55,56,131
215,56,56,130
219,57,53,130
220,60,53,130
222,62,53,131
223,62,64,131
225,62,60,131
226,62,51,131
227,62,92,131
227,63,47,131
226,63,47,131
225,63,47,131
223,64,47,131
224,65,46,131
224,65,90,131
223,66,45,131
221,67,45,131
221,68,44,131
221,68,43,131
219,68,45,131
