NaN,NaN,NaN,-1
244,49,85,176
244,46,84,176
241,49,86,172
238,48,86,174
235,49,86,174
228,52,89,173
226,56,89,170
224,59,88,167
221,61,88,167
218,64,91,171
217,65,93,166
215,61,98,169
212,57,106,172
207,59,125,166
204,51,135,170
204,46,99,166
203,38,96,173
200,31,125,169
199,33,126,166
198,31,126,166
198,28,119,169
202,22,89,170
205,15,89,172
209,21,80,158
216,17,78,162
209,20,87,164
211,22,88,171
192,26,107,168
177,35,121,166
161,45,126,168
154,49,133,163
152,54,135,157
154,55,138,154
164,56,123,152
187,56,120,151
192,55,119,155
192,55,123,160
203,53,100,151
195,51,107,157
204,49,100,153
202,47,99,155
200,44,98,158
201,43,99,159
202,42,99,159
205,41,91,159
208,34,123,163
212,30,115,164
216,26,109,165
219,24,100,166
226,36,87,154
232,32,80,154
219,36,110,168
229,36,101,161
230,34,109,172
232,42,107,170
235,46,108,167
235,49,111,164
237,52,114,165
240,53,113,166
243,55,111,165
244,55,111,167
247,57,109,167
253,59,103,166
252,61,104,166
251,65,105,160
252,72,101,154
255,74,98,153
254,84,101,144
246,85,110,146
254,95,108,138
256,92,98,142
255,104,91,131
253,105,91,131
242,104,98,132
242,77,95,158
241,79,93,155
240,105,94,129
239,70,94,159
238,66,94,159
237,64,93,157
235,62,93,154
231,62,90,147
228,56,92,150
226,47,88,157
223,45,88,158
184,47,118,156
176,49,125,154
174,48,122,156
170,49,123,155
169,51,122,154
168,52,121,154
168,54,121,152
170,54,120,153
173,55,118,153
174,54,117,155
172,61,120,149
174,62,119,149
188,59,106,150
194,57,101,153
200,57,95,153
205,57,90,153
212,58,81,153
226,59,66,151
216,60,71,149
224,62,58,149
226,57,52,155
229,51,47,159
230,47,46,165
200,45,78,168
226,47,49,174
228,50,48,165
231,45,53,171
234,47,51,168
240,52,47,166
241,64,47,166
240,66,51,167
240,69,55,167
247,75,50,164
250,77,47,164
248,76,49,161
237,69,60,167
238,70,57,164
232,70,66,163
238,69,63,166
236,72,66,159
240,74,61,157
236,72,63,159
228,67,68,164
228,63,68,167
231,56,64,167
230,52,68,162
234,39,67,163
235,29,68,169
178,25,125,167
180,31,123,162
238,42,65,151
237,44,66,151
236,47,68,151
236,47,72,151
236,44,71,153
235,50,72,148
232,56,75,142
231,58,77,139
230,61,76,132
229,65,76,142
228,70,76,144
227,67,77,143
224,74,80,120
227,76,78,123
226,75,74,113
215,74,80,120
216,76,75,116
219,75,71,121
221,75,63,107
224,76,58,116
220,77,61,121
216,78,66,120
215,79,67,115
211,76,67,108
208,83,71,102
204,83,70,103
200,80,76,134
200,81,74,135
204,76,72,140
170,71,106,146
162,83,104,136
142,75,123,144
140,70,123,149
141,64,118,157
145,59,101,158
189,58,57,139
194,50,53,140
130,43,173,148
185,52,53,140
182,58,62,145
180,53,60,154
178,58,67,150
179,63,69,141
182,68,70,143
172,70,86,141
144,72,113,145
144,72,108,143
185,58,109,169
196,57,99,168
200,58,97,165
206,59,94,161
219,63,52,153
223,63,49,155
228,59,45,161
234,59,42,160
234,50,49,166
236,47,54,170
236,47,53,166
237,41,51,171
239,48,52,162
239,49,71,164
239,48,72,166
240,49,71,166
184,57,151,160
217,58,119,161
242,60,70,158
186,48,148,170
202,60,129,158
182,51,148,154
175,51,153,152
174,50,153,150
165,68,155,131
161,66,157,134
158,68,157,121
154,67,157,128
145,70,157,108
140,75,159,118
129,65,164,84
123,61,166,133
115,67,169,73
97,71,173,59
94,76,170,57
89,79,175,53
78,81,176,53
NaN,NaN,NaN,-2
NaN,NaN,NaN,0
NaN,NaN,NaN,0
NaN,NaN,NaN,0
NaN,NaN,NaN,0
NaN,NaN,NaN,-1
245,52,79,178
239,60,88,169
236,66,91,159
234,79,94,146
233,72,97,151
230,76,104,147
188,82,182,143
227,83,113,138
197,76,143,144
187,82,182,136
192,76,182,144
189,78,182,141
185,88,172,130
183,78,160,137
167,89,171,126
135,91,170,121
96,80,175,85
NaN,NaN,NaN,-2
NaN,NaN,NaN,0
NaN,NaN,NaN,0
NaN,NaN,NaN,0
NaN,NaN,NaN,0
NaN,NaN,NaN,-1
223,61,122,145
223,62,112,145
203,65,148,139
196,65,148,137
187,66,148,110
159,70,148,109
109,69,148,93
93,59,148,93
NaN,NaN,NaN,-2
NaN,NaN,NaN,0
NaN,NaN,NaN,0
NaN,NaN,NaN,0
NaN,NaN,NaN,0
NaN,NaN,NaN,-1
NaN,NaN,NaN,-2
NaN,NaN,NaN,0
NaN,NaN,NaN,0
NaN,NaN,NaN,0
NaN,NaN,NaN,0
NaN,NaN,NaN,-1
239,63,119,116
246,56,119,117
251,52,119,111
251,45,119,105
253,47,119,93
254,32,119,113
256,53,119,77
253,49,119,71
255,45,119,74
255,54,119,63
256,54,119,62
257,50,119,66
258,55,119,61
257,55,119,72
255,55,119,59
255,55,119,60
255,55,119,62
254,54,119,57
254,53,119,56
254,54,119,54
255,53,119,54
256,54,119,52
261,52,119,51
264,51,119,51
268,48,119,53
272,50,119,49
280,49,118,49
284,48,117,48
289,47,115,48
294,46,115,48
303,46,119,47
308,47,117,45
316,47,116,45
323,45,113,47
336,46,114,45
NaN,NaN,NaN,-2
NaN,NaN,NaN,0
NaN,NaN,NaN,0
NaN,NaN,NaN,0
NaN,NaN,NaN,0
NaN,NaN,NaN,-1
266,59,86,123
262,74,89,115
259,85,90,108
256,90,91,114
253,95,92,106
243,99,99,102
239,100,98,103
236,101,99,104
232,102,103,103
227,104,103,105
224,104,104,108
222,104,105,109
220,104,107,110
218,103,109,109
216,102,111,112
215,99,113,113
214,96,115,116
214,93,116,118
214,92,116,120
216,90,118,117
218,86,113,118
226,84,95,101
225,80,94,105
227,82,97,103
228,82,101,102
229,78,90,105
229,74,95,110
228,74,95,108
228,73,95,110
224,71,99,116
222,68,100,119
219,66,101,121
217,64,102,123
210,66,101,120
207,65,101,122
204,70,99,122
200,70,101,121
196,80,98,114
194,80,97,118
190,82,101,118
186,81,101,118
184,82,95,119
180,82,97,121
179,83,95,120
177,81,95,122
173,84,95,119
177,86,89,115
172,86,91,116
176,86,85,116
176,87,83,115
174,87,84,114
173,87,82,114
170,86,85,114
170,87,81,112
173,87,81,112
176,88,75,111
181,87,71,112
188,89,73,110
194,75,71,123
200,66,73,123
205,66,72,123
222,67,70,123
228,68,72,123
239,70,68,123
244,71,70,123
260,75,65,123
266,78,63,120
270,80,59,122
268,84,60,118
265,86,62,120
256,92,63,117
251,94,64,118
247,96,68,118
245,98,68,116
248,103,61,114
251,105,55,114
248,107,63,115
246,108,70,115
240,111,61,117
235,112,60,116
236,112,45,117
236,111,39,110
230,102,55,112
225,88,46,102
223,88,44,114
215,80,54,95
214,72,59,111
221,64,53,111
210,66,55,93
211,63,50,108
210,59,68,117
209,66,77,108
208,58,79,118
209,60,43,114
176,64,80,110
170,59,99,115
177,43,106,116
185,45,112,107
213,11,113,99
224,6,117,115
237,21,118,51
NaN,NaN,NaN,-2
NaN,NaN,NaN,0
NaN,NaN,NaN,0
NaN,NaN,NaN,0
NaN,NaN,NaN,0
NaN,NaN,NaN,-1
177,89,126,129
179,94,127,125
177,97,121,123
171,99,117,121
168,99,129,117
167,100,128,113
165,94,129,112
160,100,116,93
157,100,118,107
153,100,119,106
151,98,119,108
153,100,117,105
160,98,109,112
164,97,109,114
170,95,109,116
180,89,97,118
181,86,97,118
181,81,101,114
207,76,87,117
209,65,77,124
220,61,75,125
221,56,79,124
217,51,92,127
220,46,99,128
207,48,113,124
218,46,104,124
215,45,106,123
216,43,101,125
212,43,107,125
207,42,112,126
207,42,105,126
214,44,105,129
215,47,90,129
213,48,91,128
215,49,103,129
215,52,103,129
216,53,102,129
217,53,97,129
219,52,91,129
223,48,80,129
220,45,79,129
215,43,80,129
211,41,87,128
208,40,80,129
188,40,94,129
185,42,95,128
185,44,93,127
212,50,65,126
207,54,70,127
212,57,65,127
218,60,61,125
217,64,64,127
216,64,61,129
216,64,60,127
216,63,61,127
221,62,54,124
222,60,52,125
222,60,53,125
222,58,51,127
222,55,50,128
220,54,51,129
209,54,62,129
209,54,60,129
212,60,57,123
215,63,56,123
219,60,53,129
220,62,53,128
222,64,53,129
223,65,53,128
224,65,95,129
226,65,61,129
226,66,49,128
227,66,47,128
226,65,47,129
226,65,46,129
225,66,45,129
224,66,45,129
224,67,44,129
223,68,45,129
221,70,45,128
189,71,77,127
218,70,46,128
219,69,44,129
