NaN,NaN,NaN,-1
67,57,68,254
69,56,68,254
72,56,68,254
74,56,68,254
77,55,68,254
80,55,68,254
82,54,68,254
85,55,68,254
88,54,68,254
91,55,68,254
94,55,68,254
97,55,68,254
100,55,68,254
103,55,68,254
106,55,68,254
110,55,68,254
112,55,68,254
115,55,68,254
118,55,68,254
120,55,68,254
123,55,68,254
126,55,68,254
129,55,68,254
131,55,68,254
133,55,68,254
136,55,68,254
138,54,68,254
140,55,68,254
142,54,68,254
145,55,68,254
146,55,68,254
149,54,68,254
152,54,68,254
155,54,68,254
156,53,68,254
158,53,68,254
161,53,68,254
163,53,68,254
165,52,68,254
167,52,68,254
170,52,68,254
172,51,68,254
173,51,68,254
175,51,68,254
177,51,68,254
179,50,68,254
181,50,68,254
183,50,68,254
184,50,68,254
187,49,68,254
188,49,68,254
190,48,68,254
193,48,68,254
194,48,68,254
196,48,68,254
197,48,68,254
199,49,68,254
201,48,68,254
203,48,68,254
205,48,68,254
206,47,68,254
208,47,68,254
210,47,68,254
211,47,68,254
213,48,68,254
214,47,68,254
216,48,68,254
217,47,68,254
221,48,68,254
223,48,68,254
224,49,68,254
226,49,68,254
228,48,68,254
229,49,68,254
231,50,68,254
234,51,68,254
236,52,68,254
238,54,68,254
241,54,68,254
242,55,68,254
245,54,68,254
247,54,68,254
248,56,68,254
251,56,68,254
251,56,68,254
251,58,68,254
254,59,68,254
254,59,68,254
256,59,68,254
257,58,68,254
258,58,68,254
259,57,68,254
260,57,68,254
261,56,68,254
261,56,68,254
262,55,68,254
263,54,68,254
264,53,68,254
265,53,68,254
265,52,68,254
265,53,68,254
267,52,68,254
268,51,68,254
269,51,68,254
270,51,68,254
272,51,68,254
273,52,68,254
275,51,68,254
276,51,68,254
277,50,68,254
277,50,68,254
278,49,68,254
278,48,68,254
279,47,68,254
279,47,68,254
279,45,68,254
280,44,68,254
281,41,68,254
281,40,68,254
282,38,68,254
283,36,68,254
283,35,68,254
281,34,68,254
280,33,68,254
281,31,68,254
280,30,68,254
279,29,68,254
279,26,68,254
279,25,68,254
280,24,68,254
278,21,68,254
279,20,68,254
279,19,68,254
280,18,68,254
279,17,68,254
280,16,68,254
279,16,68,254
280,15,68,254
281,14,68,254
281,14,68,254
282,13,68,254
283,13,68,254
283,12,68,254
284,11,68,254
284,11,68,254
285,10,68,254
285,10,68,254
286,10,68,254
286,9,68,254
286,8,68,254
287,7,68,254
288,5,68,254
288,5,68,254
289,5,68,254
290,2,68,254
290,1,68,254
290,2,68,254
291,2,68,254
289,0,68,254
290,0,68,254
289,0,68,254
288,0,68,254
289,0,68,254
290,0,68,254
291,0,68,254
291,0,68,254
290,0,68,254
291,0,68,254
291,0,68,254
291,0,68,254
290,0,68,254
290,0,68,254
290,0,68,254
290,0,68,254
291,0,68,254
291,0,68,254
292,0,68,254
292,0,68,254
293,0,68,254
293,0,68,254
294,0,68,254
294,0,68,254
294,0,68,254
294,0,68,254
296,1,68,254
296,1,68,254
296,1,68,254
297,1,68,254
298,1,68,254
298,1,68,254
299,1,68,254
300,1,68,254
300,0,68,254
301,1,68,254
301,1,68,254
301,2,68,254
302,1,68,254
302,1,68,254
303,0,68,254
303,1,68,254
304,1,68,254
305,0,68,254
304,0,68,254
305,0,68,254
304,0,68,254
305,0,68,254
307,0,68,254
307,0,68,254
308,0,68,254
308,0,68,254
308,0,68,254
308,0,68,254
309,0,68,254
310,0,68,254
310,0,68,254
311,0,68,254
311,0,68,254
311,1,68,254
310,0,68,254
310,0,68,254
310,0,68,254
310,0,68,254
311,0,68,254
310,0,68,254
310,0,68,254
310,0,68,254
310,0,68,254
311,0,68,254
311,0,68,254
311,0,68,254
311,0,68,254
311,0,68,254
311,0,68,254
311,0,68,254
310,0,68,254
311,0,68,254
313,0,68,254
313,0,68,254
313,1,68,254
313,1,68,254
313,1,68,254
313,1,68,254
313,1,68,254
312,0,68,254
313,1,68,254
312,0,68,254
312,0,68,254
313,0,68,254
313,0,68,254
313,0,68,254
313,1,68,254
314,1,68,254
311,0,68,254
313,0,68,254
312,0,68,254
313,1,68,254
313,1,68,254
312,1,68,254
313,1,68,254
312,1,68,254
312,1,68,254
312,1,68,254
311,2,68,254
314,2,68,254
315,3,68,254
315,4,68,254
315,2,68,254
315,1,68,254
315,0,68,254
314,0,68,254
315,0,68,254
317,0,68,254
319,0,68,254
319,0,68,254
318,0,68,254
317,0,68,254
315,0,68,254
314,0,68,254
314,0,68,254
317,0,68,254
317,0,68,254
317,0,68,254
315,0,68,254
314,0,68,254
313,0,68,254
314,0,68,254
315,0,68,254
315,1,68,254
316,0,68,254
315,1,68,254
315,1,68,254
313,0,68,254
313,1,68,254
313,1,68,254
313,2,68,254
313,2,68,254
313,3,68,254
313,2,68,254
313,3,68,254
313,3,68,254
313,2,68,254
313,2,68,254
313,2,68,254
313,2,68,254
312,2,68,254
313,3,68,254
314,2,68,254
313,2,68,254
312,1,68,254
313,1,68,254
312,2,68,254
312,2,68,254
312,2,68,254
312,1,68,254
312,1,68,254
312,1,68,254
311,1,68,254
311,1,68,254
311,2,68,254
311,1,68,254
311,0,68,254
310,0,68,254
310,0,68,254
310,1,68,254
311,1,68,254
310,1,68,254
310,0,68,254
310,0,68,254
310,0,68,254
310,1,68,254
310,1,68,254
309,1,68,254
310,1,68,254
310,1,68,254
310,1,68,254
309,1,68,254
310,1,68,254
310,1,68,254
310,1,68,254
310,1,68,254
310,2,68,254
310,1,68,254
310,1,68,254
310,2,68,254
311,2,68,254
311,1,68,254
310,2,68,254
311,1,68,254
311,1,68,254
311,1,68,254
