NaN,NaN,NaN,-1
323,188,53,50
320,186,53,50
319,185,53,50
317,184,53,50
315,183,53,50
313,182,53,50
311,181,53,50
309,180,53,50
308,179,53,50
306,178,53,50
305,177,53,50
303,176,53,50
302,175,53,50
300,174,53,50
299,173,53,50
297,172,53,50
296,171,53,50
294,170,53,50
292,169,53,50
291,167,53,50
289,166,53,50
287,165,53,50
286,164,53,50
285,163,53,50
283,161,53,50
282,159,53,50
282,157,53,50
282,155,53,50
281,152,53,50
281,150,53,50
280,148,53,50
280,146,53,50
280,144,53,50
280,141,53,50
281,139,53,50
281,137,53,50
281,135,53,50
282,133,53,50
281,131,53,50
282,129,53,50
282,127,53,50
282,125,53,50
282,123,53,50
282,122,53,50
282,121,53,50
282,119,53,50
282,118,53,50
282,117,53,50
282,116,53,50
283,115,53,50
283,114,53,50
284,113,53,50
284,112,53,50
285,112,53,50
286,111,53,50
288,111,53,50
289,110,53,50
290,109,53,50
290,108,53,50
290,108,53,50
290,107,53,50
290,107,53,50
291,106,53,50
291,105,53,50
292,105,53,50
292,105,53,50
292,104,53,50
294,103,53,50
294,103,53,50
294,101,53,50
295,101,53,50
296,100,53,50
297,99,53,50
298,98,53,50
299,98,53,50
300,96,53,50
301,95,53,50
302,94,53,50
303,93,53,50
304,92,53,50
305,91,53,50
306,90,53,50
306,89,53,50
307,88,53,50
308,88,53,50
309,87,53,50
310,86,53,50
310,85,53,50
310,85,53,50
310,84,53,50
310,83,53,50
311,83,53,50
311,82,53,50
311,81,53,50
311,81,53,50
312,80,53,50
312,79,53,50
313,78,53,50
314,77,53,50
314,76,53,50
313,76,53,50
313,75,53,50
313,75,53,50
312,75,53,50
312,75,53,50
311,75,53,50
312,75,53,50
312,75,53,50
312,75,53,50
313,75,53,50
313,75,53,50
312,76,53,50
313,75,53,50
314,76,53,50
315,76,53,50
313,77,53,50
313,76,53,50
312,77,53,50
313,77,53,50
314,77,53,50
312,78,53,50
311,78,53,50
311,79,53,50
311,80,53,50
310,80,53,50
310,81,53,50
310,82,53,50
310,82,53,50
309,81,53,50
310,82,53,50
309,83,53,50
308,84,53,50
308,85,53,50
308,86,53,50
307,86,53,50
307,87,53,50
306,87,53,50
305,88,53,50
305,88,53,50
305,88,53,50
305,89,53,50
306,90,53,50
305,90,53,50
304,90,53,50
303,90,53,50
303,90,53,50
302,90,53,50
301,90,53,50
301,91,53,50
300,92,53,50
299,93,53,50
299,93,53,50
298,94,53,50
298,94,53,50
296,93,53,50
296,94,53,50
296,95,53,50
296,96,53,50
296,96,53,50
295,97,53,50
294,98,53,50
293,99,53,50
292,99,53,50
292,100,53,50
292,101,53,50
291,102,53,50
291,103,53,50
291,104,53,50
290,105,53,50
290,105,53,50
289,107,53,50
288,108,53,50
288,108,53,50
287,109,53,50
286,110,53,50
286,111,53,50
286,111,53,50
285,112,53,50
284,112,53,50
283,114,53,50
283,115,53,50
282,116,53,50
282,117,53,50
281,117,53,50
279,118,53,50
279,119,53,50
278,120,53,50
277,120,53,50
277,120,53,50
277,120,53,50
277,120,53,50
277,121,53,50
276,122,53,50
276,123,53,50
276,124,53,50
275,126,53,50
275,128,53,50
274,130,53,50
273,133,53,50
271,136,53,50
271,138,53,50
271,140,53,50
270,142,53,50
270,143,53,50
269,144,53,50
270,146,53,50
269,148,53,50
269,150,53,50
269,152,53,50
270,153,53,50
270,154,53,50
270,155,53,50
270,156,53,50
269,157,53,50
269,157,53,50
268,158,53,50
268,158,53,50
268,159,53,50
268,159,53,50
267,160,53,50
267,161,53,50
266,162,53,50
266,162,53,50
265,162,53,50
264,163,53,50
263,163,53,50
262,163,53,50
