NaN,NaN,NaN,-1
327,188,53,50
325,187,53,50
323,186,53,50
321,185,53,50
319,185,53,50
317,184,53,50
315,183,53,50
313,182,53,50
311,181,53,50
309,180,53,50
307,179,53,50
306,178,53,50
304,177,53,50
303,176,53,50
302,175,53,50
301,174,53,50
298,172,53,50
297,171,53,50
295,170,53,50
293,168,53,50
292,167,53,50
290,166,53,50
288,165,53,50
287,164,53,50
286,162,53,50
285,161,53,50
284,160,53,50
283,158,53,50
282,156,53,50
282,153,53,50
282,151,53,50
282,149,53,50
282,146,53,50
282,144,53,50
282,141,53,50
282,140,53,50
282,138,53,50
282,137,53,50
282,135,53,50
283,132,53,50
283,130,53,50
283,129,53,50
282,126,53,50
281,124,53,50
281,123,53,50
281,122,53,50
280,120,53,50
280,119,53,50
279,118,53,50
280,117,53,50
280,117,53,50
281,117,53,50
281,116,53,50
282,116,53,50
284,116,53,50
285,116,53,50
286,115,53,50
288,114,53,50
289,113,53,50
287,112,53,50
287,111,53,50
287,111,53,50
287,110,53,50
289,110,53,50
287,109,53,50
287,109,53,50
288,109,53,50
288,108,53,50
290,107,53,50
289,106,53,50
289,105,53,50
289,105,53,50
289,105,53,50
290,104,53,50
290,103,53,50
290,102,53,50
290,102,53,50
291,101,53,50
292,99,53,50
292,98,53,50
294,96,53,50
295,96,53,50
296,97,53,50
297,97,53,50
299,95,53,50
300,94,53,50
300,94,53,50
300,93,53,50
301,93,53,50
300,92,53,50
301,91,53,50
301,91,53,50
302,90,53,50
303,89,53,50
304,88,53,50
304,87,53,50
304,87,53,50
305,85,53,50
306,84,53,50
306,83,53,50
306,83,53,50
306,83,53,50
307,82,53,50
306,82,53,50
307,82,53,50
307,83,53,50
308,83,53,50
309,83,53,50
309,83,53,50
311,83,53,50
315,84,53,50
310,83,53,50
311,83,53,50
312,83,53,50
314,84,53,50
316,85,53,50
319,85,53,50
319,84,53,50
319,83,53,50
322,83,53,50
322,83,53,50
322,84,53,50
312,88,53,50
312,88,53,50
312,89,53,50
312,90,53,50
312,90,53,50
311,90,53,50
312,90,53,50
312,92,53,50
310,92,53,50
311,92,53,50
311,95,53,50
311,96,53,50
310,97,53,50
309,97,53,50
308,97,53,50
308,97,53,50
308,98,53,50
307,98,53,50
308,98,53,50
309,99,53,50
308,99,53,50
307,100,53,50
307,100,53,50
307,100,53,50
305,97,53,50
305,96,53,50
304,96,53,50
304,96,53,50
304,96,53,50
303,98,53,50
303,98,53,50
303,98,53,50
302,99,53,50
301,98,53,50
300,99,53,50
301,99,53,50
301,99,53,50
300,99,53,50
299,100,53,50
298,101,53,50
297,101,53,50
297,102,53,50
296,103,53,50
296,104,53,50
296,105,53,50
295,106,53,50
295,108,53,50
294,108,53,50
293,108,53,50
293,109,53,50
292,110,53,50
291,110,53,50
291,111,53,50
291,112,53,50
290,112,53,50
290,112,53,50
289,112,53,50
288,113,53,50
288,114,53,50
287,115,53,50
286,115,53,50
285,115,53,50
285,116,53,50
284,117,53,50
283,117,53,50
282,118,53,50
282,118,53,50
281,118,53,50
280,119,53,50
279,120,53,50
279,121,53,50
278,123,53,50
277,125,53,50
277,126,53,50
276,128,53,50
275,130,53,50
274,133,53,50
273,135,53,50
272,137,53,50
271,140,53,50
271,142,53,50
270,143,53,50
270,144,53,50
270,146,53,50
270,148,53,50
270,150,53,50
270,152,53,50
270,153,53,50
270,154,53,50
270,156,53,50
269,157,53,50
268,158,53,50
268,158,53,50
267,159,53,50
267,159,53,50
267,159,53,50
267,160,53,50
266,160,53,50
266,161,53,50
266,161,53,50
265,162,53,50
264,162,53,50
263,162,53,50
262,162,53,50
261,162,53,50
