NaN,NaN,NaN,-1
325,189,53,50
324,188,53,50
320,187,53,50
319,184,53,50
317,183,53,50
316,182,53,50
314,181,53,50
312,180,53,50
310,178,53,50
309,177,53,50
307,176,53,50
306,175,53,50
304,174,53,50
303,173,53,50
302,172,53,50
301,171,53,50
300,170,53,50
299,169,53,50
297,168,53,50
295,167,53,50
293,166,53,50
292,164,53,50
290,163,53,50
289,162,53,50
288,160,53,50
287,158,53,50
286,157,53,50
286,155,53,50
286,152,53,50
286,150,53,50
285,148,53,50
284,146,53,50
284,144,53,50
284,140,53,50
284,138,53,50
284,135,53,50
284,133,53,50
284,132,53,50
284,130,53,50
284,128,53,50
284,127,53,50
284,126,53,50
284,124,53,50
284,122,53,50
284,121,53,50
284,119,53,50
284,118,53,50
283,117,53,50
283,116,53,50
284,115,53,50
285,114,53,50
286,113,53,50
286,113,53,50
286,112,53,50
287,111,53,50
288,111,53,50
290,110,53,50
292,110,53,50
293,109,53,50
293,109,53,50
291,108,53,50
292,107,53,50
292,107,53,50
292,106,53,50
291,104,53,50
292,104,53,50
293,104,53,50
293,103,53,50
293,103,53,50
294,102,53,50
294,101,53,50
295,101,53,50
296,101,53,50
297,100,53,50
298,99,53,50
299,98,53,50
300,98,53,50
300,97,53,50
301,95,53,50
302,94,53,50
304,92,53,50
304,91,53,50
305,91,53,50
306,90,53,50
307,89,53,50
307,88,53,50
308,87,53,50
308,86,53,50
309,86,53,50
309,85,53,50
309,85,53,50
310,84,53,50
310,83,53,50
310,82,53,50
310,82,53,50
311,82,53,50
312,81,53,50
313,80,53,50
314,79,53,50
315,79,53,50
315,78,53,50
314,77,53,50
314,76,53,50
314,77,53,50
313,77,53,50
312,76,53,50
313,76,53,50
313,77,53,50
314,77,53,50
314,77,53,50
314,77,53,50
314,77,53,50
314,77,53,50
315,77,53,50
315,77,53,50
315,77,53,50
315,77,53,50
315,78,53,50
314,78,53,50
314,77,53,50
314,77,53,50
313,78,53,50
312,78,53,50
311,78,53,50
311,79,53,50
311,80,53,50
310,80,53,50
310,81,53,50
310,81,53,50
310,81,53,50
308,82,53,50
308,82,53,50
308,83,53,50
308,84,53,50
308,84,53,50
307,85,53,50
306,85,53,50
305,86,53,50
305,86,53,50
305,87,53,50
305,87,53,50
305,87,53,50
305,88,53,50
304,88,53,50
304,88,53,50
303,88,53,50
303,88,53,50
301,88,53,50
301,89,53,50
300,89,53,50
299,89,53,50
298,90,53,50
298,91,53,50
298,92,53,50
295,91,53,50
294,91,53,50
294,92,53,50
294,93,53,50
294,93,53,50
293,94,53,50
292,95,53,50
292,97,53,50
290,97,53,50
289,98,53,50
288,99,53,50
288,100,53,50
287,101,53,50
287,102,53,50
287,103,53,50
286,104,53,50
286,105,53,50
285,105,53,50
284,106,53,50
283,107,53,50
283,108,53,50
282,108,53,50
282,109,53,50
282,110,53,50
282,111,53,50
281,112,53,50
281,113,53,50
280,113,53,50
280,114,53,50
279,115,53,50
278,115,53,50
277,116,53,50
276,116,53,50
276,116,53,50
276,116,53,50
276,117,53,50
276,117,53,50
277,118,53,50
277,119,53,50
276,121,53,50
276,122,53,50
275,124,53,50
274,126,53,50
273,128,53,50
272,131,53,50
271,132,53,50
270,134,53,50
269,136,53,50
269,138,53,50
269,139,53,50
268,141,53,50
268,143,53,50
267,146,53,50
267,147,53,50
267,149,53,50
268,150,53,50
268,150,53,50
268,150,53,50
268,148,53,50
269,147,53,50
269,147,53,50
270,146,53,50
269,145,53,50
271,145,53,50
272,144,53,50
275,143,53,50
278,143,53,50
284,142,53,50
289,141,53,50
294,141,53,50
299,140,53,50
303,139,53,50
308,138,53,50
