NaN,NaN,NaN,-1
152,91,19,48
151,91,20,48
149,87,20,49
148,85,20,49
148,84,20,50
149,82,20,50
151,81,20,50
152,81,20,50
154,80,21,51
155,79,21,51
155,79,21,51
155,79,21,52
153,78,21,52
152,79,21,53
150,79,21,53
147,78,22,53
141,78,22,53
137,78,22,54
133,78,22,54
130,77,22,55
129,77,22,55
129,76,22,55
129,76,22,55
130,75,23,56
131,74,23,56
132,73,23,57
134,73,23,57
136,72,23,58
138,72,23,58
140,72,23,58
142,72,23,58
145,72,24,59
147,71,24,59
148,71,24,60
148,71,25,60
148,70,25,61
148,70,25,61
149,70,25,62
150,70,25,62
151,70,26,62
152,70,26,63
153,70,26,63
153,70,27,64
154,70,27,64
155,70,27,64
156,71,27,65
158,71,27,65
160,70,27,65
161,70,27,66
161,70,28,66
161,70,28,67
160,70,28,67
159,69,29,68
157,69,29,68
155,70,29,68
152,70,29,69
146,70,30,69
139,70,30,70
132,69,30,70
126,68,30,71
123,67,31,71
122,65,31,71
123,64,31,72
125,63,30,72
129,63,30,72
134,62,30,72
139,61,31,73
144,60,31,73
150,60,32,74
156,60,32,74
161,60,32,74
162,60,33,75
164,59,32,75
167,60,32,75
167,60,32,76
167,60,32,76
166,61,31,76
166,62,31,76
167,64,31,76
168,65,30,76
168,65,31,76
170,66,31,77
172,66,31,77
174,66,31,77
175,67,31,77
178,67,31,77
180,67,31,77
182,68,32,77
184,68,32,78
187,68,31,78
188,67,31,78
187,65,31,78
186,64,31,78
186,62,31,79
186,60,31,79
182,58,32,78
180,57,33,80
179,57,33,79
179,56,33,79
177,55,33,79
176,54,34,80
176,53,34,80
176,53,35,80
176,53,35,80
177,53,34,79
177,53,34,79
178,53,34,79
175,53,34,79
172,54,34,78
170,54,34,78
169,54,33,78
167,54,33,78
164,54,33,78
161,54,34,78
158,54,33,78
156,55,33,77
153,56,33,77
152,58,33,76
150,59,33,76
149,60,33,76
147,63,33,76
146,64,33,76
144,66,33,75
144,68,33,75
145,68,32,74
146,69,31,73
146,69,30,73
147,69,29,72
146,69,30,72
146,69,30,72
NaN,NaN,NaN,-2
NaN,NaN,NaN,0
NaN,NaN,NaN,0
NaN,NaN,NaN,0
NaN,NaN,NaN,0
NaN,NaN,NaN,-1
193,59,27,63
194,59,26,63
194,60,26,62
191,61,26,62
183,64,26,62
183,64,26,62
182,63,26,62
183,67,27,57
183,67,27,57
NaN,NaN,NaN,-2
NaN,NaN,NaN,0
NaN,NaN,NaN,0
NaN,NaN,NaN,0
NaN,NaN,NaN,0
NaN,NaN,NaN,-1
150,74,25,61
153,72,24,60
154,71,24,59
155,70,23,59
154,68,23,59
152,68,23,58
153,67,23,58
151,67,23,58
149,67,23,57
147,66,23,57
144,66,23,56
138,66,23,56
134,66,23,56
131,67,23,55
129,68,23,55
131,68,22,55
132,69,23,54
133,69,22,54
133,69,22,53
131,68,22,52
130,67,21,52
128,65,21,52
126,64,22,53
127,64,22,52
128,64,22,51
130,65,21,51
129,66,21,51
127,68,22,50
123,71,22,50
119,75,22,50
115,78,22,50
111,80,22,49
112,81,21,49
116,82,21,48
116,81,27,50
114,80,33,53
113,79,36,54
110,78,39,56
108,78,43,58
106,77,48,59
103,77,53,61
101,76,56,62
98,75,60,64
93,74,65,66
88,73,69,68
84,72,71,69
79,72,72,69
75,72,72,70
NaN,NaN,NaN,-2
NaN,NaN,NaN,0
NaN,NaN,NaN,0
NaN,NaN,NaN,0
NaN,NaN,NaN,0
NaN,NaN,NaN,-1
136,85,20,45
136,83,24,46
137,82,23,45
137,82,23,45
137,82,20,44
138,83,17,42
136,83,17,42
137,83,17,41
136,83,17,41
136,82,17,41
134,83,16,40
132,83,16,39
132,84,16,39
130,85,16,39
127,85,16,38
129,86,16,38
134,87,16,38
139,87,16,37
143,87,16,37
145,87,16,37
146,87,15,37
147,87,15,37
151,86,15,37
155,86,15,36
158,86,15,36
160,86,15,36
161,86,15,36
162,86,14,36
163,86,14,36
164,86,14,35
165,86,14,35
165,86,14,35
165,86,14,35
164,86,14,35
164,86,14,34
165,86,14,34
168,86,14,34
170,86,14,34
172,85,14,34
173,85,14,34
174,85,15,34
174,84,17,35
173,84,19,35
172,83,21,37
170,83,25,38
170,83,25,38
167,84,28,39
164,84,32,40
162,85,35,41
158,86,37,42
155,87,40,42
152,88,42,43
149,88,45,44
145,89,47,45
142,89,50,46
139,89,52,46
136,89,54,47
133,89,56,48
129,89,59,49
126,89,61,50
124,88,63,51
122,88,65,52
120,87,66,53
119,86,68,53
118,86,70,54
