NaN,NaN,NaN,-1
152,93,19,48
152,93,20,48
150,90,20,48
149,88,20,49
149,86,20,49
150,84,20,50
152,83,20,50
153,83,20,50
155,82,21,51
156,82,21,51
157,81,21,51
156,81,21,52
154,81,21,52
153,81,21,52
151,81,21,53
148,81,21,53
142,81,22,53
138,81,22,54
134,80,22,54
131,80,22,55
129,79,22,55
130,79,22,55
131,78,22,55
131,78,23,56
132,77,23,56
134,76,23,57
135,75,23,57
137,75,23,58
139,75,24,58
141,75,24,58
143,75,24,59
146,75,24,59
148,74,24,60
149,74,25,60
149,74,25,61
149,73,25,61
149,73,26,62
150,73,26,62
151,73,26,62
152,73,26,63
153,73,27,63
154,73,27,64
154,73,27,64
155,73,27,64
156,73,27,65
157,73,27,65
159,73,28,65
161,73,28,66
162,73,28,66
162,73,28,67
162,73,28,67
161,72,29,68
160,72,29,68
158,72,29,69
156,72,29,69
153,73,29,69
147,73,30,70
142,71,33,74
140,71,34,74
135,70,34,74
131,69,34,75
131,67,34,75
131,66,34,75
133,65,35,76
132,64,35,76
135,65,31,73
140,64,31,73
145,64,32,74
151,63,32,74
157,63,33,75
162,63,33,75
162,63,34,75
166,63,34,75
168,63,34,76
169,63,34,76
168,64,35,77
167,65,35,77
167,65,36,77
167,67,36,77
167,68,36,78
168,68,37,78
169,69,37,79
171,69,38,79
173,69,38,79
175,70,37,79
177,70,37,79
180,71,37,79
182,71,37,79
185,71,37,79
187,71,37,79
188,70,37,80
187,69,37,80
185,67,38,81
185,65,38,81
185,63,38,81
185,62,37,81
185,62,36,81
183,60,36,81
182,59,36,81
180,58,36,81
179,57,37,82
178,57,37,82
178,56,38,82
179,56,38,82
179,56,38,82
180,56,37,82
181,56,37,82
178,56,37,82
175,56,37,81
173,57,36,80
171,57,36,80
170,57,36,80
167,57,36,80
164,57,37,80
161,57,36,80
159,58,36,79
156,59,36,79
154,60,35,78
153,61,35,78
152,63,35,78
150,66,36,78
148,67,36,78
147,69,36,77
146,71,36,77
146,71,37,77
147,71,36,77
147,71,36,77
147,71,35,76
147,72,34,74
147,72,34,74
147,72,34,74
148,72,33,74
NaN,NaN,NaN,-2
NaN,NaN,NaN,0
NaN,NaN,NaN,0
NaN,NaN,NaN,0
NaN,NaN,NaN,0
NaN,NaN,NaN,-1
199,63,26,63
196,65,26,62
188,67,26,63
188,67,26,63
188,66,27,64
189,70,25,58
NaN,NaN,NaN,-2
NaN,NaN,NaN,0
NaN,NaN,NaN,0
NaN,NaN,NaN,0
NaN,NaN,NaN,0
NaN,NaN,NaN,-1
150,80,25,60
153,78,24,59
155,75,24,59
156,74,24,58
157,73,24,58
155,72,24,57
154,71,23,57
155,71,23,56
154,70,22,56
152,70,22,55
149,70,22,55
146,70,22,55
141,69,22,54
137,69,22,54
133,70,22,54
131,71,22,53
133,71,21,53
134,72,22,53
135,72,21,52
136,72,21,52
132,74,19,47
131,73,19,46
127,67,24,53
128,67,21,52
129,67,21,51
130,67,21,49
131,68,20,49
131,69,21,49
128,71,21,48
124,74,21,48
120,78,21,48
116,81,21,47
113,83,21,47
114,84,20,47
118,85,20,46
118,85,24,47
118,86,25,45
116,85,29,47
114,85,33,48
112,84,37,50
109,84,42,51
106,83,46,53
105,83,49,54
102,82,54,56
97,81,59,58
92,80,63,60
88,78,67,61
83,78,67,62
79,78,68,62
NaN,NaN,NaN,-2
NaN,NaN,NaN,0
NaN,NaN,NaN,0
NaN,NaN,NaN,0
NaN,NaN,NaN,0
NaN,NaN,NaN,-1
138,87,20,45
140,86,20,45
141,85,19,45
141,84,20,44
139,84,19,44
137,84,19,43
136,85,19,42
136,85,18,42
136,84,18,41
135,84,18,41
134,84,17,40
132,84,17,40
131,85,18,39
129,86,18,39
127,87,17,39
128,88,17,38
133,88,17,38
138,89,17,38
142,88,17,38
145,88,17,38
146,88,17,38
147,88,17,37
151,88,17,37
155,87,16,37
158,87,16,37
160,87,16,37
161,87,16,37
162,87,16,36
163,87,15,36
164,87,15,36
164,87,15,36
165,87,15,36
165,87,15,36
164,87,15,35
164,87,15,35
165,87,15,35
167,87,15,35
170,87,15,35
171,86,15,35
173,86,15,34
174,86,15,34
176,86,15,34
177,86,15,34
178,86,15,34
178,86,16,34
178,86,16,34
179,88,16,33
179,89,16,33
178,90,16,33
178,92,15,32
178,94,15,32
177,95,15,32
176,96,15,32
175,96,15,31
175,97,14,31
174,97,15,31
173,98,14,30
173,99,14,30
172,99,14,30
171,99,13,30
171,99,14,30
171,99,14,30
172,99,14,30
173,99,14,29
174,99,14,29
