NaN,NaN,NaN,-1
243.59,58.653,79.541,196.33
240.11,54.623,82.581,201.44
236.06,55.127,86.974,198.43
234.76,53.096,82.892,201.13
233.06,52.182,80.455,201.34
227.13,48.333,79.262,209.9
224.93,47.117,79.756,212.43
219.77,52.263,85.111,204.88
218.74,53.393,82.123,207.02
214.44,58.679,84.537,201.93
212.19,58.962,86.438,200.88
211.13,69.46,89.823,183.25
205.83,60.795,83.105,198.18
196.2,57.869,86.259,208.88
196.19,54.213,78.511,211.95
197.03,51.407,76.111,216.33
196.81,57.334,75.982,195.48
192.99,52.165,77.686,208.89
190.74,52.614,86.13,208.36
188.7,54.529,93.051,208.89
181.59,47.439,95.937,215.43
182,43.944,97.154,224.32
185.85,41.372,91.309,224.91
192.6,17.378,100.08,226.22
190.89,24.718,89.375,241.95
189.93,23.942,80.161,240.82
180.6,22.059,89.962,240.91
183.75,11.584,88.182,254.11
188.21,5.889,87.453,261.57
189.54,6.5695,86.465,263.26
184.79,7.1775,84.146,262.53
195.06,8.5711,88.783,234.38
189.16,12.322,91.363,210.82
192.94,11.801,91.633,218.85
185.9,11.431,106.72,213.34
172.69,9.6417,103.79,218.25
185.1,9.5646,95.638,210.16
207.16,9.169,85.463,188.1
208.26,9.2334,89.616,176.32
214.01,4.1372,87.665,196.57
215.5,5.506,90.445,180.27
212.27,2.4272,93.231,178.95
214.7,0.99745,97.041,171.43
227.99,8.0175,105.58,173.63
223.41,5.6254,108.36,179.34
217.96,3.4045,97.847,171.34
227.48,4.421,85.952,161.45
232.08,5.0665,86.734,162.74
230.38,1.2939,96.149,166.31
235.08,5.3632,99.71,161.5
240.77,1.9212,96.531,161.59
242.68,16.168,88.134,143.7
243.34,21.354,95.542,137.31
233.31,28.094,81.251,148.29
244.47,35.486,87.306,157.07
228.88,28.079,90.878,154.59
214.58,22.698,96.333,145.83
215.68,21.732,82.659,131.37
217.65,33.47,87.599,119.16
224.33,38.204,82.574,128.36
226.94,37.531,76.917,113.8
233.82,34.858,77.117,132.04
226.34,44.534,62.396,134.93
233.19,52.433,59.177,130.19
237.23,39.778,62.932,127.44
215.56,33.971,68.435,127.72
218.87,44.85,71.562,115.58
218.96,41.539,74.729,121.28
209.17,45.747,85.119,121.98
194.32,49.678,82.151,107.07
201.35,49.221,73.806,107.4
197.99,43.648,81.056,116.27
197.07,39.148,89.162,118.35
198.94,52.223,82.134,110.9
197.91,41.936,84.111,122.12
203.23,48.369,88.458,106.91
191.84,51.686,81.096,102.69
180.77,51.75,78.887,89.104
177.05,52.079,80.014,82.983
178.67,52.095,78.993,83.426
179.11,55.671,81.568,77.457
187.69,62.736,86.648,71.405
191.5,86.089,82.192,78.835
191.96,82.792,81.108,81.681
185.5,81.443,81.015,85.445
183.87,79.776,84.418,88.583
187.42,80.277,70.729,88.666
191.61,77.883,60.294,96.682
187.9,79.973,60.601,92.99
189.4,83.766,63.986,97.595
185.63,79.263,68.099,101.25
187.04,80.738,73.222,108.45
187.49,86.075,75.004,129.16
190.15,81.735,74.168,136.77
206.49,81.662,81.87,136.58
204.51,88.674,99.179,134
207.83,85.262,89.446,139.19
211.32,73.923,86.33,155.43
208.13,67.563,85.25,162.27
213.93,68.432,78.415,161.73
217.21,65.197,76.799,164.43
210.84,75.267,78.454,156.22
209.86,66.889,77.217,167.82
211.27,70.56,74.682,164.02
202.51,80.217,81.292,153.15
200.51,77.53,75.806,157.89
203.12,85.572,70.933,152.84
200.09,83.368,70.987,154.31
194.08,85.814,82.475,150.24
195.13,87.29,83.915,164.81
196.58,77.819,75.366,170.64
203.36,70.064,80.67,163.69
198.65,81.811,91.895,171.69
211.31,77.702,85.882,170.83
211.23,91.421,94.167,156.21
205.68,90.358,104.22,160.72
210.44,89.513,102.07,164.76
218.8,86.214,97.1,173.81
218.86,84.475,93.691,184.72
222.71,77.361,99.73,189.17
229.07,77.458,98.84,188.66
216.89,77.487,87.735,186.62
230.46,81.65,77.638,182.2
228.96,82.955,73.851,178.52
223.39,82.591,77.294,179.1
221.61,77.126,75.796,172.69
221.86,72.676,75.23,184.05
229.08,67.747,70.351,189.11
218.38,70.477,69.428,182.17
215.76,62.638,71.468,185.1
217.62,55.99,64.68,193.3
218.33,55.576,64.984,195.06
212.8,52.895,70.272,204.17
214.77,58.939,73.571,206.49
212.65,60.108,70.784,201.65
217.22,58.028,64.893,211.02
217.31,49.954,60.541,214.93
222.06,51.089,52.63,199.85
224.26,46.584,48.84,206.8
222.4,43.496,48.611,213.12
223.16,48.728,48.114,209.94
244.72,54.819,52.101,208.42
244.24,52.029,42.554,207.28
242.86,54.531,45.102,210.15
241.7,52.219,45.01,208.94
239.44,60.94,46.112,196.64
233.76,65.095,50.507,188.16
235.61,68.177,50.253,187.31
231.09,71.807,56.261,186.55
223.52,71.778,59.716,195.81
226.24,73.037,61.489,187.92
213.96,81.017,64.983,178.13
213.15,77.517,73.253,170
201.21,77.418,84.645,171.12
200.3,76.74,81.068,176.53
194.87,79.844,83.896,173.5
188.65,89.753,84.516,163.11
183.04,90.19,84.407,155.01
176.44,89.537,93.055,160.7
170.95,83.267,89.47,171.85
169.81,81.901,89.167,173.09
163.57,85.198,86.982,166.74
171.96,87.28,90.52,158.7
164.65,94.612,94.279,151.09
160.69,88.756,92.562,159.02
155.53,85.958,95.771,163
157.91,85.181,110.28,162.09
149.29,89.233,111.09,159.71
145.35,84.845,126.71,146.82
132.25,91.292,120.46,157.74
139.7,84.211,117.93,169.97
146.02,81.586,115.12,160.3
156.67,88.675,114.5,160.05
145.12,92.259,103.76,168.62
156.53,83.973,89.891,156.8
150.71,94.089,83.931,159.46
146.81,79.469,83.235,175.87
150.5,78.859,82.245,185.51
159.06,82.874,78.727,184.76
161.04,89.424,81.287,179.97
173.4,90.121,68.955,179.81
171.5,85.624,73.632,183.89
178.99,93.025,68.773,165.18
183.9,98.084,76.423,157.71
188.97,100.29,74.133,156.23
186.82,92.144,67.901,137.27
195.83,96.065,74.663,157.01
205.29,91.746,71.038,163.19
209.35,84.917,64.237,175.59
205.83,78.668,66.573,187
224.14,82.474,68.757,179.25
223.74,96.947,72.743,159.43
227.34,92.012,60.097,167.61
226.8,97.528,64.945,159.39
230.74,103.26,62.735,157.86
232.85,92.536,51.934,166.51
232.79,93.579,53.659,164.65
240.99,96.943,46.955,154.89
240.67,101.62,48.028,156.07
242.35,101.66,54.826,158.12
239.23,111.45,58.206,155.5
240.44,107.35,56.977,161.07
240.29,108.97,59.726,158.57
242.18,108.83,61.653,137.6
239.87,115.14,64.75,141.56
239.79,109.75,68.635,156.88
262.81,112.1,71.912,149.51
263.63,111.04,69.419,148.12
262.05,108.92,66.679,151.69
259.85,104.1,66.455,154.74
263.56,101.97,69.833,162.19
260.95,103.32,73.99,156.2
263.82,108.54,69.643,150.64
267.8,109.78,61.697,146.62
271.67,112,56.397,142.09
274.23,104.45,53.994,156.51
273.13,109.12,57.247,160.19
269.92,117.65,55.826,138.84
269.8,117.73,51.089,137.77
268.33,117.46,55.87,144.51
259.02,121.83,58.901,128.25
253.4,131.85,60.778,134.16
260.98,133.73,60.462,121.38
254.81,117.95,62.998,112.7
268.96,113.36,53.047,99.22
270.07,113.45,50.469,109.33
273.26,110.74,48.223,109.25
272.23,110.81,55.62,98.476
259.18,108.32,54.951,112.07
265.54,104.21,48.403,120.7
264.62,101.31,45.727,127.08
265.96,97.963,41.942,130.08
266.96,94.657,38.705,147.13
260.14,85.552,41.136,156.01
261.87,86.729,42.533,158.59
259.86,87.189,37.018,157.56
254.64,81.534,37.312,164.88
255.65,79.846,38.319,167.07
255.01,85.873,35.655,158.34
259.27,89.854,33.473,158.2
259.94,88.799,34.465,152.13
263.14,94.703,33.074,145.14
251.37,97.324,29.633,133.15
262.57,87.378,30.454,147.2
257.91,92.744,30.613,139.92
264.73,92.98,34.923,132.12
262.91,91.081,35.066,141.12
264.16,90.23,35.513,141.45
264.58,90.837,35.699,140.24
265.25,95.586,36.071,135.95
268.72,94.102,36.265,136.27
269.76,89.783,34.561,135.95
269.09,82.633,30.047,146.04
266.53,85.039,32.449,145.13
260.24,77.079,30.371,149.24
259.21,74.923,28.783,157.2
262.68,77.481,27.634,150.14
260.78,74.725,26.072,156.06
278.16,72.121,23.259,151.8
268.48,73.179,23.934,144.94
267.33,83.26,23.011,127.83
271.01,91.469,23.107,114.21
285.81,84.325,24.507,120.92
278.72,78.655,25.578,125.31
283.09,77.62,23.687,131.26
285.32,76.577,24.193,135.23
298.64,75.97,22.215,130.85
298.64,72.913,22.581,128.2
302.43,74.316,21.101,124.49
306.87,86.299,22.329,122.28
313.07,87.461,23.326,114.15
308.76,76.565,24.289,108.04
304.46,67.521,23.133,98.938
305.73,69.664,20.582,92.6
310.62,71.226,20.145,94.626
312.4,72.72,20.848,86.438
307.28,76.153,21.743,68.665
289.1,72.907,21.795,65.177
287.36,68.86,21.035,76.04
283.77,72.59,21.733,64.512
279.82,71.724,24.483,69.871
279.63,77.284,27.228,61.775
279.12,72.149,26.445,69.752
284.13,70.767,27.477,72.09
296.38,61.599,26.004,76.933
291.69,64.939,24.154,72.348
284.99,57.843,25.105,80.77
275.91,62.822,24.109,72.321
285.69,58.991,22.708,69.19
281.74,58.751,22.07,71.538
284.41,57.458,22.33,70.223
287.25,53.429,22.6,73.151
294.59,51.05,21.425,70.984
287.84,50.948,22.506,66.424
294.29,49.871,20.651,62.175
292.93,49.907,22.491,62.053
292.14,49.173,21.696,59.521
291.76,47.342,24.391,61.407
290.53,46.977,24.848,57.611
288.12,45.973,26.971,56.335
290.68,45.842,27.424,52.662
286.69,47.067,27.575,60.211
288.9,43.17,26.028,56.437
291.36,50.597,29.573,57.274
290.01,47.782,27.897,54.658
291.9,44.38,28.836,57.875
286.31,42.429,27.686,57.94
295.58,46.594,29.426,57.019
296.23,48.394,29.472,56.277
296.25,51.538,31.003,50.04
302.26,61.131,27.586,56.356
298.31,55.447,29.407,50.038
300,60.303,25.667,45.821
298.77,61.353,24.946,45.365
303.91,51.883,26.129,39.659
307.23,51.609,26.925,37.839
318.66,53.258,27.064,35.068
NaN,NaN,NaN,-2
NaN,NaN,NaN,0
NaN,NaN,NaN,0
NaN,NaN,NaN,0
NaN,NaN,NaN,0
NaN,NaN,NaN,-1
221.98,97.689,112.56,133.27
219.27,96.095,115.17,132.31
223.16,94.406,106.51,133.54
220.32,95.51,113.69,135.63
216.77,95.133,119.61,134.19
219.41,93.259,113.69,136.42
220.43,91.085,111.79,138.36
222.55,88.345,111.4,141.14
223.9,85.463,109.61,145.97
222.82,84.508,115.11,145.06
222.65,83.723,115.69,147.2
224.14,79.917,113.46,153.17
228.34,74.976,111.12,164.59
227.98,71.327,109.8,165.9
227.49,70.466,107.48,164.03
224.16,69.439,111.3,172.26
216.8,55.638,119.39,190.87
216.95,56.386,116.61,190.18
216.28,54.083,113.35,189.62
215.76,48.842,109.94,200.31
209.91,43.03,112.32,205.86
206.47,46.32,111.98,206.11
204.45,37.497,108,214.39
198.36,48.334,110.01,207.63
191.04,54.724,117.31,203.69
192.4,50.696,110.93,214.6
192.01,55.858,108.51,203.29
189.17,54.388,100.2,203.34
184.53,55.324,105.69,204.39
179.93,55.273,111.81,210.59
178.8,54.84,108.77,213.33
179.95,53.418,100.27,208.54
174.92,58.645,109.44,209.67
176.79,56.75,103.97,204.46
176.54,62.024,102.7,198.02
176.23,49.533,97.202,216.3
172.23,48.637,101.29,218.64
176.18,47.617,96.956,219.93
175.78,50.797,90.604,214.03
177.06,55.808,87.034,197.56
179.65,60.088,80.802,199.96
181.13,53.431,79.813,213.17
182.3,58.019,80.797,200.29
190.43,49.682,80.382,219.96
194.1,55.217,82.293,207.54
199.27,58.744,76.164,195.92
204.93,64.414,71.968,182.76
221.96,72.796,69.774,162.94
225.93,78.758,74.729,150.44
233.14,80.29,70.994,150.67
242.68,78.578,67.768,154.01
268.55,83.565,54.617,134.75
275.34,92.404,56.057,127.01
268.83,102.09,57.191,114.71
266.96,100.05,59.697,126.07
267.83,101.03,59.913,138.38
262.16,95.581,62.6,150.56
267.96,109.82,66.586,136.98
251.93,109.46,60.367,134.03
243.63,103.4,61.478,128.7
240.24,107.27,56.122,131.57
241.28,118.55,53.944,118.6
230.95,122.41,57.809,111.82
228.59,133.23,58.553,100.62
223.89,147.31,55.51,91.239
219.1,144.02,51.633,89.636
237.24,146.4,52.265,87.767
216.73,152.18,46.834,82.847
218.39,146.26,48.803,82.741
220.89,131.99,48.469,72.431
215.56,128.74,52.344,68.382
218.79,122.56,56.316,71.778
210.7,139.98,55.57,70.722
210.59,151.54,49.739,65.276
221.64,148.65,47.579,69.105
215.26,173.52,36.906,76.809
210.71,167.96,40.368,76.009
208.58,167.72,39.206,75.105
207.95,160.49,41.117,78.347
208,161.33,41.506,77.914
206.83,170.7,39.21,80.911
202.38,169.49,41.544,77.508
204.77,157.73,38.612,84.326
204.19,161.61,37.276,88.962
216.82,157.28,43.652,90.984
216.9,150.14,45.057,85.426
220.96,134.83,47.09,82.472
217.31,136.64,53.894,83.188
215.96,143.22,60.175,79.219
212.01,152.64,59.458,66.663
211.16,159.99,56.081,64.881
212.15,160.24,53.677,64.636
214.51,159.89,51.488,66.951
217.32,162.2,49.919,65.383
217.07,161.88,53.727,67.649
218.15,163.69,51.161,68.809
215.28,163.05,50.501,67.703
208.17,164.11,53.844,66.997
200.21,165.41,51.775,76.337
208.53,140.44,52.604,72.073
197.89,137.74,53.511,72.104
187.64,142.79,59.569,74.718
183.14,141.19,65.842,76.294
181.98,141.29,64.429,74.634
174.98,146.17,71.848,76.091
170.6,154.5,78.333,73.184
180.49,148.27,82.24,76.557
190.74,140.34,89.044,75.904
201.61,128.44,97.009,75.738
211.52,126.04,91.848,71.234
219.52,115.49,92.323,69.539
229.21,114.35,99.568,72.967
248.67,101.78,95.992,65.988
249.48,89.586,90.471,63.606
260.54,90.776,100.43,55.005
248.74,82.834,109.58,48.697
259.11,76.839,105.87,53.736
248.51,94.211,105.23,52.317
259.27,86.077,99.183,50.759
253.97,84.558,107.44,51.551
251.22,92.86,107.04,49.378
251.7,97.647,99.722,45.734
248.41,102.71,103.93,44.24
238.48,106.46,118.38,44.882
231.16,114.11,120.65,46.747
235.15,116.96,110.52,44.598
236.64,113.56,99.686,48.306
236.94,115.8,88.814,46.464
237.37,118.46,79.352,43.765
243.3,115.56,74.17,44.111
245.7,123.49,69.274,43.525
243,120,65.847,43.519
244.69,121.14,61.748,39.951
252.78,124.21,54.5,38.802
256.76,132.88,51.275,38.788
257.89,145.9,48.689,37.946
255.55,148.61,43.845,38.275
254.23,147.81,40.476,38.631
252.16,147.26,40.206,42.146
249.58,150.12,40.81,42.537
245.17,148.22,43.567,45.197
242.55,157.44,48.846,41.081
243.63,158.47,47.698,39.771
246.43,167.43,48.606,41.184
254.14,177.3,45.453,38.913
251.37,182.78,44.21,39.429
240.19,166.71,45.776,40.84
237.06,172.91,49.466,40.949
237.34,163.12,53.173,39.384
241.36,173.15,57.828,43.034
240.71,167.34,53.448,37.92
241.94,179.91,55.482,37.638
242.74,171.72,52.346,36.384
234.6,172.38,53.857,37.349
244.48,177.9,47.208,40.296
229.79,174.95,47.639,33.602
224.3,170.89,51.48,33.748
220.84,165.91,54.159,35.95
221.56,176,54.793,37.046
223.33,173.62,52.622,36.432
225.41,177.24,56.375,36.372
225.81,171.3,55.41,43.283
226.81,174.42,57.9,35.079
226.24,174.28,51.091,38.434
227.99,179.96,48.518,37.7
231.38,175.56,42.884,38.455
233.11,182.37,39.606,38.161
229.19,177.42,41.76,40.747
227.12,179.66,41.87,40.931
224.11,177.45,41.144,37.363
225.43,175.35,41.224,41.132
226.66,173.98,36.866,44.257
221.95,177.91,38.082,40.218
217.44,178.9,41.363,38.028
208.73,181.27,42.086,36.632
211.52,183,44.266,33.873
