NaN,NaN,NaN,-1
242.19,39.425,78.66,159.1
241.44,40.342,74.312,152.6
239.96,35.877,73.587,158.65
234.34,33.554,79.555,159.21
232.2,35.828,78.177,155.27
224.82,30.864,81.506,166.04
220.44,33.33,84.217,164.29
217.5,35.069,83.936,162.53
212.43,35.883,89.939,160.32
208.12,36.48,90.669,162.72
206.01,37.508,91.232,164.11
201,38.227,95.101,158.44
198.88,38.695,87.784,164.05
199.71,37.4,76.248,167.6
200.98,40.341,68.757,151.94
197.79,42.549,67.387,148.08
195,45.326,69.68,138.9
198.2,47.7,75.35,130.21
196.67,49.124,79.196,118.69
182.76,49.226,88.644,119.89
181.72,51.513,96.266,113.24
178.67,44.665,106.59,122.42
179.79,36.592,100.81,126.44
168.92,16.692,120.99,137.91
167.13,25.307,123.78,127.43
163.48,29.263,139.36,116.08
163.78,12.868,130.44,128.56
170.49,8.6541,134.17,130.45
158.85,9.9675,119.53,127.05
164.05,5.2236,113.14,146.48
160.57,5.9105,119.18,152.72
158.99,3.2378,101.55,155.23
153.72,3.7068,93.213,152.46
162.24,1.584,89.548,139.28
176.8,0.79989,92.798,129.3
171.14,1.9317,83.815,129.41
178.12,5.5336,85.084,134.21
182.52,27.058,92.338,140.96
180.46,44.441,92.379,121.24
176.68,48.679,102.2,132.24
173.42,47.582,108.99,137.74
184.13,42.201,100.71,136.37
187.28,36.509,94.868,153.15
191.91,36.064,94.723,135.46
196.01,38.607,89.576,118.89
201.98,37.899,85.004,113.03
203.73,31.947,89.611,120.93
197.51,57.995,87.697,131.31
197.42,62.394,90.174,125.76
198.65,58.922,96.693,129.83
204.26,62.756,91.014,122.15
212.52,68.554,85.172,112.76
212.5,71.905,96.289,110.93
215.32,57.877,95.75,123.17
222.11,54.987,84.726,119.88
228.05,50.32,81.554,126.03
228.33,51.716,82.095,122.25
231.27,55.234,82.607,121.93
228.76,57.289,83.819,115.65
228.25,50.024,86.717,120.87
225.83,59.457,91.224,115.96
227.66,54.073,92.482,125.88
226.41,55.363,73.03,131.55
233.22,59.391,69.184,126.59
244.14,61.702,60.204,124.05
245.88,60.367,55.408,133.9
245.45,57.387,53.975,143.27
245.11,62.344,53.483,145.84
248.38,60.393,52.241,152.55
244.52,63.935,59.542,149.66
245.38,68.417,60.593,149.83
248.19,66.346,59.008,155.64
257.95,75.535,51.865,140.76
263.6,79.068,48.306,138.75
263.33,74.48,48.676,145.92
263.63,69.439,47.577,154.06
260.05,73.405,51.183,146.43
263.17,78.96,46.938,129.47
263.87,79.469,44.516,127.68
263.36,76.704,43.84,125.92
264.68,79.171,37.47,113.26
257.86,71.822,39.313,110.79
256.18,72.074,37.077,109.12
251.62,65.686,39.95,116.13
247.12,61.98,41.034,114.44
239.04,53.745,41.619,117.49
234.39,54.874,43.86,117.95
231.69,48.239,43.769,127.24
229.88,54.043,42.82,120.36
225.62,66.37,43.95,108.67
223.75,60.476,46.034,110.06
225.93,56.015,44.834,115.89
223.84,58.603,47.092,112.92
231.8,57.394,49.513,127.99
233.18,53.936,46.389,129.06
233.73,49.874,46.595,135.31
235.08,50.235,45.802,134.39
228.56,46.406,51.503,130.74
230.04,55.024,52.812,114.07
227.53,59.766,55.52,113.7
228.36,57.515,57.604,128.53
229.4,52.386,56.322,130.91
224.19,57.879,59.425,125.63
237.37,69.285,53.385,137.49
233.12,61.338,53.546,153.4
224.86,60.348,57.17,152.89
218.22,66.822,64.264,156.91
220.41,71.559,61.644,154.99
222.89,73.492,60.448,159.07
216.13,59.839,67.01,174.63
220.86,54.761,60.642,187.99
222.93,46.922,61.305,198.41
223.19,48.809,61.93,200.24
237.47,47.471,65.543,210.49
239.47,42.379,61.753,213.51
242.66,43.296,58.249,199.4
247.62,49.257,57.117,207.88
255.82,52.709,50.942,193.36
256.28,51.121,45.751,203.88
252.82,52.73,45.621,187.28
254.05,53.921,43.086,180.65
249.96,51.812,41.305,162.21
257.81,52.955,40.94,168.65
254.29,52.546,45.825,165.76
258.11,53.103,45.565,165.72
249.1,55.155,49.664,161.49
259.87,67.473,49.002,169.64
252.86,50.415,51.005,188.92
249.4,46.315,53.956,203.68
243.85,48.412,55.18,205.46
233.52,52.981,58.856,175.41
229.92,46.966,58.921,172.68
235.07,46.684,65.489,196.61
231.34,50.128,62.044,183.11
233.68,48.481,54.669,179.96
234.6,48.795,53.691,187.92
233.04,50.691,54.842,185.37
233.81,52.843,56.732,189.23
233.3,61.276,52.325,178.9
227.82,70.846,54.187,168.55
228.16,80.673,48.585,158.16
225.09,78.562,53.502,155.72
218.56,84.875,58.489,148.78
215.37,95.559,65.092,137.63
210.5,98.803,65.753,133.89
200.39,97.582,65.726,135.1
199.04,102.1,66.891,128.11
191.58,97.102,76.674,125.07
191.2,97.432,67.873,125.98
196.83,95.806,62.849,122.31
199.21,99.194,54.953,118.61
198.71,97.003,52.978,124.05
196.21,102.99,48.903,118.31
196.73,108.15,51.452,112.46
190.82,105.68,51.018,118.02
192.2,104.12,52.47,129.64
187.89,107.24,55.243,126.64
183.99,107.64,51.243,124.48
181.47,107.87,50.454,124.1
163.64,120.46,55.282,138.01
160.87,123.3,57.682,120.98
150.19,132.31,53.653,125.28
146.95,119.42,55.306,133.8
138.85,124.67,51.772,127.88
NaN,NaN,NaN,-2
NaN,NaN,NaN,0
NaN,NaN,NaN,0
NaN,NaN,NaN,0
NaN,NaN,NaN,0
NaN,NaN,NaN,-1
174.39,32.113,83.948,162.02
176.23,32.329,74.713,167.46
172.71,32.464,79.843,166.28
168.54,35.571,81.311,167.85
166.24,37.838,85.014,167.53
169.5,44.24,84.452,153.09
169.56,43.573,92.703,157.63
168.06,49.254,98.885,152.12
169.3,51.356,100.24,157.11
172.56,52.946,93.127,153.79
172.66,54.191,99.324,154.65
174.2,55.732,101.53,157.96
179.35,57.812,92.582,159.75
181.37,57.539,87.777,161.93
180.69,56.905,92.983,169.25
184.62,53.865,101.11,185.45
182.6,59.606,116,177.97
179.58,61.565,124.06,169.68
179.98,61.306,128.98,174.91
180.21,63.771,138.19,169.97
178.92,66.961,144.73,165.34
169.68,66.147,149.19,170.16
164.12,64.56,171.88,175.53
162.79,68.547,176.49,171.69
160.6,69.152,178.78,179.86
170.79,74.023,185.4,178.12
166.28,77.282,200.85,168.57
162.37,78.135,206.1,175.4
166.74,82.667,199.33,173
171.58,84.438,193.8,173.69
175.66,83.971,169.95,173.22
179.26,86.847,185.18,172.35
184.36,88.13,175.23,175.43
186.74,87.244,174.23,179.2
180.02,87.432,176.79,180.71
174.83,89.571,183.73,179.33
170.22,92.157,212.28,169.78
175.38,90.731,203.25,178.65
170.25,94.352,209.75,167.45
161.24,93.929,212.39,174.89
161.47,96.217,232.51,172.02
149.02,95.973,231.65,172.76
145.16,97.214,231.03,171.87
135.59,97.444,248,172.22
146.07,101.7,234.72,166.48
120.22,103.63,247.48,161.99
135.64,105.43,272.59,161.49
125.56,107.84,276.95,157.57
127.51,109.9,304.23,158.06
126.71,113.44,298.44,151.26
120.68,116.09,305.39,146.4
126.28,112.91,285.6,154.38
134.79,118.06,303.44,149.17
138.76,116.91,306.07,151.69
144.5,120.3,295.35,143.14
145.76,124.42,273.03,134.4
151.21,119.19,277.17,144.25
157.56,123.68,260.81,133.75
172.11,127.64,262.83,127.64
174.73,126.05,238.44,125.39
176.99,127.35,233.63,134.96
186.53,126.28,209.08,136.59
196.79,130.44,233.99,137.06
200.01,131.46,220.23,130.9
198.12,133.58,215.59,122.43
200.37,131.85,219.52,126.61
187.31,135,229.16,133.06
185.56,131.73,206.93,138.07
184.6,127.79,170.47,134.22
185.68,125.98,173.35,142.61
193.97,126.68,158.68,140.37
201.9,130.81,143.47,131.2
211.38,127.64,135.32,126.73
209.65,142.75,146.61,111.08
207.13,146.51,161.68,97.856
219.13,148.83,155.04,91.83
223.95,153.56,142.74,80.62
228.89,153.91,136.12,75.07
231.9,154.86,140.14,75.863
231.69,154.95,134.08,74.328
235.19,155.5,136.58,73.816
223.17,153.61,118.4,80.005
224.48,152.5,124.92,80.173
233.23,148.66,124.51,90.475
229.8,149.66,132.04,82.819
229.01,148.5,136.39,80.715
241.13,144.82,122.09,84.669
234.06,146.7,132.34,79.855
236.72,143.22,134.34,77.057
237.01,147.04,123.5,65.725
231.18,143.23,109.25,63.747
237.5,140.28,99.871,66.223
252,140.51,104.66,60.649
257.8,137.79,107.29,62.063
262.8,137.12,103.36,59.953
266.86,135.68,105.6,59.475
279.3,134.56,104.86,58.21
281.5,131.38,109.99,55.168
291.9,132.5,104.98,60.48
293.13,131.89,114.86,68.805
293.42,124.59,134.14,73.77
296.21,119.95,129.29,79.636
297.53,113.1,142.23,89.246
298.97,114.78,161.86,84.667
310.43,108.64,129.23,83.465
315.69,117.09,114.37,81.519
310.44,107.51,102.5,78.328
309.19,105.43,99.122,79.834
301.78,103.76,89.429,75.224
311.89,105.16,85.238,83.687
314.06,101.86,83.667,82.522
308.66,102.61,78.858,80.558
301.66,104.39,80.009,75.385
298.9,99.132,84.207,79.678
294.69,97.264,86.488,84.209
293.96,93.655,87.207,85.483
283.14,89.326,95.516,89.926
280.42,87.129,98.937,94.757
287.85,88.109,88.907,95.332
286.53,85.059,94.37,94.725
273.52,77.423,85.693,96.551
270.49,77.899,83.117,101.01
276.49,70.849,83.721,88.484
270.29,73.598,85.023,88.721
274.49,74.715,85.369,84.658
278.2,75.453,87.828,78.339
279.23,73.976,80.084,76.84
282.2,66.554,70.359,75.181
282.12,72.098,69.39,68.856
277.36,71.879,75.671,68.128
270.48,68.961,85.602,71.887
270.09,73.252,89.794,68.79
267.21,75.62,88.265,67.887
270.61,70.001,91.5,70.441
270.51,67.11,86.175,74.997
268.61,60.588,87.491,90.162
271.85,58.351,87.628,90.346
269.62,56.046,81.579,98.634
272.12,53.908,73.14,99.857
275.29,51.211,63.392,106.48
274.53,52.542,62.077,103.85
275.91,50.79,60.339,107.13
273.2,50.289,58.715,108.84
271.89,49.587,57.348,111.48
264.78,48.033,57.078,118.15
260.24,42.536,63.117,128.79
254.21,39.66,61.242,139.78
259.33,35.691,66.01,152.92
247.8,33.323,70.8,152.54
244.13,31.047,73.827,157.97
244.81,28.242,67.487,159.49
238.57,23.917,65.987,159.24
245.3,33.274,63.491,156.63
242.1,31.398,59.23,151.49
240.46,37.13,67.662,145.11
236.09,45.502,73.147,131.79
234.53,50.855,74.236,123.47
235.12,45.671,70.715,130.07
233.72,55.945,69.173,117.65
235.33,61.389,67.544,107.31
231.83,69.794,68.335,90.668
225.27,69.221,79.031,93.933
237.67,65.053,84.311,97.915
247,71.77,84.485,102.35
245.46,78.645,82.811,93.42
246.14,77.664,76.207,80.134
244.85,79.029,78.967,77.227
246.93,73.017,75.771,84.001
248.18,63.569,69.447,90.618
254.24,71.681,68.673,95.772
250.53,67.092,70.269,97.828
246.66,67.443,74.021,98.667
247.45,63.017,65.674,104
249.73,70.981,68.974,115.27
240.85,79.286,71.45,104.1
241.93,82.053,71.005,97.031
239.15,82.378,59.031,95.088
241.13,87.036,51.356,91.499
238.98,84.761,48.911,90.679
239.37,94.131,46.175,83.069
232.04,94.045,50.044,86.872
235.68,94.827,45.454,89.684
233.5,96.237,42.707,88.107
233.25,97.83,41.354,88.086
230.89,107,42.952,91.392
225.1,104.58,45.314,82.392
220.1,98.852,47.199,79.267
218.82,100.79,48.752,79.922
214.85,106.4,50.337,75.891
214.32,104.2,51.806,77.994
212.89,106.95,50.679,73.662
211.09,105.7,49.647,75.135
209.17,106.49,47.512,71.291
210.75,102.55,44.558,75.525
212.61,104.13,44.958,74.533
213.85,101.88,44.13,79.17
219.11,105.02,44.539,73.014
224.82,106.75,43.051,69.274
227.58,111.8,43.879,63.524
232.34,108.82,43.033,65.87
242.95,112.35,44.66,64.301
251.53,111.81,41.556,62.96
257.66,111.94,40.47,63.402
262.7,116.31,40.615,56.451
271.66,110.24,43.25,47.804
275.6,108.64,43.233,52.622
277.43,114.67,46.191,56.454
280.1,111.29,44.038,53.571
280.15,113.98,51.932,54.909
272.22,109.66,54.629,49.257
260.92,124.88,59.115,47.776
258.18,115.93,59.245,42.825
261.74,122.62,49.176,34.869
252.15,134.54,55.154,33.365
242.75,128.2,59.103,33.217
240.45,133.02,63.17,37.087
237.51,134.67,62.127,40.656
236.71,157.75,66.613,43.998
237.53,156.36,61.871,46.315
234.05,155.77,60.993,49.626
223,164.95,60.218,55.807
224.62,157.27,56.867,56.974
230.97,155.95,50.528,52.745
233.24,144.17,50.469,56.97
230.27,144.44,60.859,55.502
219.62,156.05,64.801,53.847
207.65,141,66.339,47.11
195.17,142.47,70.149,49.663
191.5,143.18,67.65,50.935
192.74,144.26,64.917,54.235
189.3,149.32,67.906,51.185
185.21,160.11,67.528,53.788
180.25,164.17,74.954,47.817
182.8,171.53,73.68,50.078
189.05,174.2,70.889,45.799
181.43,169.29,76.809,48.194
178.71,171.96,82.232,50.519
180.32,171.18,82.798,53.42
173.21,165.23,88.268,54.829
165.89,163.56,96.367,51.499
159.87,168.2,98.355,56.276
168.56,166.74,82.388,55.101
175.11,166.36,73.471,58.273
181.33,170.7,66.979,57.161
184.53,169.86,66.145,55.965
184.73,180.96,63.469,47.662
183.65,176.99,67.61,52.288
185.3,181.27,65.398,47.844
182.13,187.14,66.422,44.191
178.88,184.56,65.729,48.025
170.17,184.56,71.557,50.755
163.55,188.16,71.274,45.758
155.61,188.37,71.748,44.93
150.52,192.45,69.149,47.017
154.5,167.63,69.652,49.552
146.65,171.16,72.331,49.549
146.24,164.42,72.442,56.013
138.98,169.73,73.129,58.547
139.94,169.72,77.193,57.435
140.17,167.78,82.726,58.386
148.9,163.3,85.466,56.427
146.42,182.61,82.108,51.721
150.38,176.2,96.041,54.355
149.83,190.54,86.642,54.351
151.69,186.29,94.942,51.161
155.56,188.53,95.163,49.515
158.52,179.41,94.532,56.248
154.85,173.57,102.69,58.652
153.22,169.73,106.82,57.026
160.09,159.9,99.682,61.31
162.6,161.58,94.944,57.107
156.43,171.76,93.541,59.738
161.29,168.59,90.711,55.704
161.94,166.06,91.779,50.916
165.46,165.13,87.293,52.711
166.79,167.87,85.312,49.401
170.93,168.06,79.058,47.985
176.76,171.58,76.292,55.725
187.11,171.26,72.07,59.381
195.39,172.82,64.804,53.454
201.89,173.21,63.147,54.756
221.13,174.47,63.805,53.051
227.68,179.19,65.676,47.255
234.64,182.4,63.791,46.981
240.13,183.31,60.949,40.732
250.93,177.1,55.764,42.204
239.32,165,58.729,36.369
237.13,162.44,54.708,31.804
234.46,153.47,51.133,32.29
233.09,171.63,50.029,31.399
238.74,182.82,53.132,26.932
228.35,176.4,51.454,26.516
225.43,177.38,55.141,24.77
222.19,176.32,55.321,28.55
224.36,180.31,52.078,26.504
229.17,177.85,47.396,27.233
244.09,161.34,49.403,25.847
245.43,170.34,44.213,26.535
238.36,163.44,42.538,25.526
236.58,148.29,45.183,26.39
230.45,138.61,47.558,25.873
227.98,132.52,43.486,26.375
226.58,131.9,46.383,26.551
228.71,130.27,41.993,26.325
226.78,129.79,43.541,26.943
220.84,125.36,49.03,25.6
219.14,122.27,51.404,21.902
212.75,123.78,59.307,22.237
211.47,135.11,66.069,23.377
217.96,138.43,67.863,21.174
213.69,124.17,66.849,18.976
217.45,126.23,62.428,19.109
216.42,125.71,64.608,19.553
218.69,127.79,66.306,20.063
219.11,128.31,65.885,18.409
221.08,128.2,63.617,20.948
221.48,128.34,61.694,20.817
222.05,128.87,59.774,19.849
221.13,128.32,59.499,21.155
221.35,129.08,57.658,21.795
221.99,132.22,53.758,20.296
216.77,132.17,58.76,18.983
218.26,133.74,57.12,20.096
213.44,130.01,63.763,22.369
214.65,132.55,61.12,21.931
215.04,132.89,56.541,21.156
215.42,134.08,54.788,20.597
211.23,111.76,55.641,21.974
213.09,108.33,62.776,20.621
