NaN,NaN,NaN,-1
239,46,90,183
242,46,86,179
241,50,86,180
238,49,86,174
235,49,86,180
228,50,89,186
226,52,88,174
224,54,88,172
221,56,88,172
218,57,91,174
216,58,95,173
214,58,99,172
212,57,106,173
204,55,128,170
204,46,135,175
204,41,99,171
203,38,97,175
196,28,129,186
194,31,131,184
198,31,123,175
198,21,137,185
202,23,113,178
206,20,99,174
209,16,85,174
208,12,78,178
209,20,87,174
211,20,88,182
192,30,107,173
177,36,119,169
158,45,132,163
151,51,131,161
150,54,137,177
144,55,148,177
168,53,134,178
179,51,128,179
178,50,133,179
183,49,132,183
180,44,130,182
185,44,117,177
185,42,120,176
190,44,122,167
200,42,104,161
186,36,117,170
160,35,144,167
169,33,171,167
176,30,155,168
194,26,135,165
203,16,124,170
198,24,123,161
213,22,123,163
227,22,87,167
221,10,85,180
222,34,111,173
229,34,110,177
232,37,108,187
235,39,108,174
237,41,109,178
239,45,112,172
240,47,112,170
242,50,112,171
244,49,111,173
247,55,109,171
252,59,104,168
250,60,106,167
255,61,101,165
256,76,98,151
255,78,100,148
254,83,102,143
253,84,100,144
254,90,97,141
244,100,104,133
243,87,105,147
243,105,102,129
242,75,102,162
242,105,96,131
241,73,96,165
240,67,93,166
234,66,98,163
238,65,93,159
237,64,92,157
228,62,99,155
208,47,114,162
200,46,118,160
193,43,121,161
186,42,124,161
177,47,123,156
171,49,126,154
168,48,126,156
166,48,126,157
163,51,129,154
164,52,124,154
160,52,130,155
161,56,127,151
165,55,126,155
168,51,123,158
171,48,121,164
174,48,119,162
193,55,101,153
186,51,109,159
174,48,121,161
194,49,101,160
219,48,75,161
228,51,62,158
228,57,59,154
224,53,63,158
226,53,53,159
229,44,46,166
230,43,46,169
229,40,55,173
226,47,48,174
228,50,48,173
231,45,53,180
234,47,52,177
240,60,47,171
241,57,47,179
240,56,51,177
240,58,55,178
239,64,58,186
240,62,57,175
248,64,49,173
247,64,50,172
246,64,49,170
246,64,52,169
238,63,63,172
236,64,66,172
240,64,61,166
239,61,60,166
235,61,61,170
174,58,191,172
236,55,127,169
236,46,49,177
236,32,52,190
235,46,54,174
236,44,45,170
233,45,55,177
237,44,49,178
236,46,49,177
236,47,45,176
233,48,44,175
236,40,42,185
235,50,44,174
230,54,50,171
228,58,53,171
224,60,58,169
221,64,61,161
216,70,67,154
213,73,70,157
208,66,74,157
204,75,75,144
199,76,79,153
197,75,79,140
197,74,78,151
200,75,75,139
197,76,75,139
216,73,55,139
216,73,64,125
206,74,71,124
205,79,68,123
200,56,72,149
208,82,66,125
203,43,74,168
200,60,76,154
172,43,105,173
201,76,75,140
170,71,106,146
146,66,125,153
139,60,129,159
140,51,126,167
141,47,118,174
151,59,99,140
192,43,65,153
190,34,61,156
179,46,77,145
153,65,86,125
182,55,70,166
180,64,89,161
178,68,101,159
179,73,104,159
172,80,103,151
151,70,116,164
144,72,126,162
128,69,143,165
191,68,84,169
196,70,80,168
200,69,78,168
206,68,76,163
219,60,63,167
184,60,95,167
230,58,66,169
229,58,53,168
192,50,144,171
178,35,158,166
165,23,170,170
160,24,174,168
157,40,177,154
158,30,176,164
159,41,176,156
160,33,176,166
160,58,175,144
160,37,176,166
160,60,174,144
160,37,174,168
157,63,174,138
156,64,174,136
158,62,175,136
163,63,174,141
162,63,172,142
157,65,170,140
156,52,163,152
148,56,164,147
139,65,172,135
132,68,165,115
127,70,172,121
117,62,172,87
108,67,164,95
104,74,174,97
85,70,185,63
76,68,188,93
65,72,191,62
59,69,191,67
NaN,NaN,NaN,-2
NaN,NaN,NaN,0
NaN,NaN,NaN,0
NaN,NaN,NaN,0
NaN,NaN,NaN,0
NaN,NaN,NaN,-1
199,59,166,183
189,54,192,171
190,61,192,163
190,79,192,145
188,81,192,142
187,83,192,140
186,83,192,138
187,84,191,136
184,81,192,138
166,82,192,129
151,78,192,123
134,69,192,119
97,80,189,97
79,90,192,72
60,89,192,59
NaN,NaN,NaN,-2
NaN,NaN,NaN,0
NaN,NaN,NaN,0
NaN,NaN,NaN,0
NaN,NaN,NaN,0
NaN,NaN,NaN,-1
208,62,143,153
206,58,139,153
200,59,138,153
241,81,75,129
212,70,115,136
212,71,131,132
207,72,105,131
193,73,158,131
188,71,157,132
183,72,148,130
181,70,158,128
178,75,158,119
178,74,158,117
175,71,158,118
171,73,158,118
141,72,144,111
115,69,158,86
97,72,158,81
NaN,NaN,NaN,-2
NaN,NaN,NaN,0
NaN,NaN,NaN,0
NaN,NaN,NaN,0
NaN,NaN,NaN,0
NaN,NaN,NaN,-1
239,51,133,129
246,45,133,125
248,46,133,113
232,44,133,105
231,31,133,107
234,51,133,78
236,46,133,83
237,54,133,87
238,54,133,72
239,54,133,73
239,55,133,72
237,55,133,69
237,54,133,69
237,55,133,65
237,53,133,67
238,54,133,69
239,53,133,71
240,54,133,70
242,53,133,70
248,51,133,70
250,50,133,69
252,49,133,68
254,48,133,68
261,48,133,63
264,45,133,63
267,46,133,51
271,42,133,55
280,41,133,59
286,43,132,49
290,46,133,47
297,44,132,55
317,46,126,44
324,45,129,44
332,45,131,43
341,44,132,45
NaN,NaN,NaN,-2
NaN,NaN,NaN,0
NaN,NaN,NaN,0
NaN,NaN,NaN,0
NaN,NaN,NaN,0
NaN,NaN,NaN,-1
250,61,97,133
252,70,93,129
244,73,96,128
239,84,98,119
236,86,99,119
232,87,101,118
227,90,102,123
224,95,104,117
222,96,105,119
220,97,108,118
218,98,109,117
216,98,113,116
215,97,114,117
214,96,117,118
213,89,118,124
213,92,119,121
213,90,122,123
213,88,123,125
214,86,125,127
214,85,127,126
215,83,128,126
218,81,127,126
226,77,119,125
226,75,100,122
222,74,117,117
228,72,99,119
223,65,103,124
222,63,100,126
219,66,104,127
212,63,108,131
210,74,104,121
207,71,102,124
203,71,103,125
199,74,102,122
194,76,101,123
192,78,99,124
189,79,100,126
186,80,98,125
183,82,97,124
180,82,97,124
179,80,95,126
177,81,97,126
174,84,93,123
174,82,91,125
175,81,89,126
171,86,91,121
172,87,87,122
171,87,85,120
169,86,87,120
170,86,83,120
168,87,83,117
170,85,81,118
172,88,79,116
175,86,77,117
186,68,71,134
188,69,75,132
194,69,77,132
200,67,77,131
217,60,75,136
228,63,75,135
235,66,72,130
240,69,74,133
263,75,64,125
265,78,65,130
270,81,60,128
268,84,59,127
265,87,63,126
256,92,62,126
251,93,64,124
247,96,67,117
245,99,67,115
248,103,61,114
250,105,56,115
234,107,77,114
243,108,73,118
240,112,61,115
238,112,57,116
236,112,51,117
234,110,43,110
231,99,56,109
225,89,48,112
223,96,44,83
215,75,54,100
217,76,56,98
218,73,47,104
183,56,83,109
192,69,74,102
211,58,76,120
201,62,62,118
161,58,139,127
159,60,95,106
167,63,112,91
169,60,126,73
174,40,140,75
184,41,140,91
211,26,140,57
226,23,140,91
238,25,140,52
251,15,140,59
NaN,NaN,NaN,-2
NaN,NaN,NaN,0
NaN,NaN,NaN,0
NaN,NaN,NaN,0
NaN,NaN,NaN,0
NaN,NaN,NaN,-1
167,88,125,137
172,86,126,139
171,84,117,137
165,97,139,108
163,98,130,111
159,100,138,106
154,100,123,109
152,100,123,98
151,100,121,111
149,100,123,111
151,100,121,114
153,97,119,118
160,97,112,117
162,95,111,118
173,89,117,122
183,83,97,125
197,81,84,120
203,76,85,121
217,65,79,127
219,61,71,128
220,56,80,128
220,50,89,132
219,40,100,139
219,47,105,130
218,46,109,129
215,45,114,128
216,43,104,129
212,43,107,132
203,42,120,134
207,42,117,136
209,44,103,134
213,45,106,138
215,45,109,138
215,48,108,138
215,49,104,135
216,49,100,137
217,47,96,137
211,46,99,138
218,41,85,140
188,38,121,140
201,33,95,139
213,33,80,139
182,36,102,137
181,38,104,134
182,40,106,134
183,43,96,133
205,47,79,132
209,53,71,129
221,56,61,128
218,58,61,127
217,63,65,132
216,64,64,130
216,64,59,131
217,63,57,130
213,62,62,130
221,60,53,133
218,59,57,134
221,59,52,135
221,55,51,137
222,53,49,136
209,52,63,137
209,51,61,139
211,54,58,135
214,56,58,134
215,57,57,135
218,59,56,136
221,60,98,138
219,61,78,138
224,61,53,138
226,60,99,140
226,60,49,140
225,60,49,140
225,60,48,140
216,60,56,140
205,61,65,140
220,62,49,139
222,62,47,140
223,63,46,140
215,64,52,140
184,64,82,140
200,64,65,140
199,63,65,140
