NaN,NaN,NaN,-1
336,164,25,60
336,161,25,60
336,163,25,60
330,166,25,60
342,181,25,60
335,174,25,60
331,169,25,60
326,171,25,60
322,168,25,60
332,159,25,60
336,161,25,60
332,161,25,60
326,159,25,60
326,164,25,60
337,172,25,60
333,176,25,60
329,169,25,60
325,167,25,60
321,170,25,60
323,179,25,60
323,167,25,60
329,180,25,60
332,161,25,60
328,164,25,60
325,155,25,60
325,158,25,60
324,185,25,60
321,181,25,60
321,177,25,60
322,167,25,60
331,165,25,60
334,160,25,60
331,192,25,60
332,190,25,60
331,182,25,60
328,167,25,60
330,172,25,60
334,172,25,60
328,173,25,60
325,175,25,60
330,174,25,60
331,174,25,60
342,155,25,60
334,188,25,60
336,180,25,60
332,178,25,60
333,177,25,60
334,179,25,60
330,175,25,60
327,175,25,60
330,172,25,60
345,183,25,60
345,177,25,60
339,181,25,60
338,177,25,60
351,164,25,60
353,159,25,60
352,163,25,60
349,162,25,60
342,161,25,60
340,161,25,60
340,160,25,60
341,164,25,60
340,162,25,60
336,183,25,60
333,159,25,60
338,162,25,60
340,163,25,60
332,164,25,60
330,173,25,60
324,164,25,60
320,161,25,60
322,165,25,60
330,162,25,60
327,153,25,60
328,175,25,60
321,179,25,60
321,178,25,60
325,168,25,60
323,160,25,60
323,164,25,60
321,165,25,60
322,168,25,60
325,164,25,60
331,164,25,60
327,154,25,60
331,182,25,60
327,181,25,60
324,180,25,60
327,195,25,60
324,184,25,60
324,177,25,60
324,177,25,60
332,167,25,60
329,166,25,60
337,165,25,60
332,186,25,60
343,187,25,60
340,182,25,60
336,163,25,60
337,162,25,60
340,164,25,60
338,166,25,60
336,161,25,60
348,163,25,60
345,158,25,60
346,147,25,60
347,151,25,60
341,164,25,60
343,169,25,60
347,166,25,60
349,166,25,60
348,171,25,60
352,167,25,60
360,168,25,60
361,174,25,60
363,184,25,60
367,162,25,60
350,187,25,60
361,167,25,60
362,166,25,60
364,182,25,60
370,172,25,60
375,171,25,60
375,167,25,60
368,174,25,60
376,171,25,60
385,159,25,60
374,154,25,60
375,189,25,60
370,172,25,60
371,159,25,60
373,190,25,60
376,184,25,60
380,173,25,60
380,175,25,60
379,180,25,60
379,177,25,60
391,168,25,60
391,164,25,60
NaN,NaN,NaN,-2
NaN,NaN,NaN,0
NaN,NaN,NaN,0
NaN,NaN,NaN,0
NaN,NaN,NaN,0
NaN,NaN,NaN,-1
406,170,25,60
409,174,25,60
412,165,25,60
417,172,25,60
416,172,25,60
417,176,25,60
416,174,25,60
415,175,25,60
414,173,25,60
414,170,25,60
414,168,25,60
415,169,25,60
416,171,25,60
417,173,25,60
420,171,25,60
423,174,25,60
421,178,25,60
424,174,25,60
426,171,25,60
428,172,25,60
434,173,25,60
442,170,25,60
447,175,25,60
451,173,25,60
451,166,25,60
459,167,25,60
461,176,25,60
465,169,25,60
467,169,25,60
467,169,25,60
468,163,25,60
469,163,25,60
470,162,25,60
467,162,25,60
468,165,25,60
468,183,25,60
468,171,25,60
473,170,25,60
475,168,25,60
476,169,25,60
473,175,25,60
474,173,25,60
473,173,25,60
472,173,25,60
469,175,25,60
466,177,25,60
470,176,25,60
468,175,25,60
462,175,25,60
458,175,25,60
459,174,25,60
454,186,25,60
455,178,25,60
457,171,25,60
460,171,25,60
458,171,25,60
457,169,25,60
458,168,25,60
460,166,25,60
461,167,25,60
459,164,25,60
456,165,25,60
454,161,25,60
452,171,25,60
453,161,25,60
452,159,25,60
451,164,25,60
453,162,25,60
452,160,25,60
453,154,25,60
452,157,25,60
453,159,25,60
451,158,25,60
452,155,25,60
449,157,25,60
453,157,25,60
455,154,25,60
457,157,25,60
456,157,25,60
453,156,25,60
453,157,25,60
453,150,25,60
458,151,25,60
455,147,25,60
456,147,25,60
454,151,25,60
463,159,25,60
466,152,25,60
470,153,25,60
475,153,25,60
477,148,25,60
482,157,25,60
494,135,25,60
499,139,25,60
503,147,25,60
510,147,25,60
514,140,25,60
524,136,25,60
528,143,25,60
535,136,25,60
538,129,25,60
539,130,25,60
541,132,25,60
540,113,25,60
539,112,25,60
536,103,25,60
531,107,25,60
535,127,25,60
529,128,25,60
528,131,25,60
526,131,25,60
525,129,25,60
527,132,25,60
521,133,25,60
519,133,25,60
516,132,25,60
513,128,25,60
514,125,25,60
511,122,25,60
507,121,25,60
504,118,25,60
504,122,25,60
501,121,25,60
499,115,25,60
496,111,25,60
494,108,25,60
492,119,25,60
492,122,25,60
487,120,25,60
476,143,25,60
470,143,25,60
472,143,25,60
472,142,25,60
474,144,25,60
473,146,25,60
475,145,25,60
NaN,NaN,NaN,-2
NaN,NaN,NaN,0
NaN,NaN,NaN,0
NaN,NaN,NaN,0
NaN,NaN,NaN,0
NaN,NaN,NaN,-1
493,80,25,60
494,76,25,60
495,78,25,60
495,87,25,60
494,92,25,60
493,90,25,60
492,89,25,60
492,88,25,60
490,86,25,60
487,87,25,60
485,87,25,60
480,84,25,60
477,82,25,60
474,85,25,60
469,84,25,60
464,87,25,60
459,87,25,60
455,90,25,60
453,91,25,60
446,90,25,60
445,95,25,60
447,114,25,60
441,96,25,60
438,99,25,60
441,113,25,60
440,115,25,60
436,120,25,60
433,93,25,60
431,95,25,60
431,100,25,60
431,97,25,60
429,96,25,60
429,95,25,60
431,96,25,60
430,94,25,60
430,93,25,60
429,91,25,60
430,89,25,60
429,89,25,60
432,91,25,60
429,93,25,60
426,95,25,60
419,93,25,60
418,93,25,60
418,91,25,60
406,93,25,60
406,90,25,60
404,83,25,60
404,80,25,60
404,86,25,60
404,85,25,60
404,90,25,60
398,91,25,60
391,91,25,60
390,92,25,60
387,93,25,60
378,97,25,60
374,96,25,60
371,93,25,60
371,91,25,60
371,94,25,60
