NaN,NaN,NaN,-1
336,165,25,60
336,162,25,60
332,160,25,60
330,166,25,60
336,169,25,60
334,174,25,60
332,170,25,60
326,171,25,60
322,162,25,60
325,160,25,60
338,160,25,60
331,160,25,60
326,159,25,60
327,164,25,60
331,170,25,60
333,175,25,60
327,167,25,60
325,168,25,60
321,170,25,60
323,178,25,60
323,164,25,60
329,182,25,60
332,158,25,60
330,158,25,60
325,160,25,60
325,181,25,60
325,184,25,60
321,180,25,60
321,177,25,60
324,165,25,60
328,166,25,60
329,171,25,60
327,190,25,60
332,188,25,60
331,180,25,60
328,167,25,60
336,165,25,60
333,171,25,60
331,172,25,60
324,175,25,60
330,168,25,60
332,168,25,60
340,157,25,60
335,193,25,60
336,180,25,60
332,177,25,60
328,176,25,60
336,180,25,60
328,176,25,60
327,175,25,60
331,172,25,60
335,181,25,60
343,175,25,60
340,173,25,60
339,166,25,60
337,174,25,60
333,167,25,60
338,166,25,60
341,164,25,60
335,159,25,60
340,160,25,60
340,162,25,60
341,161,25,60
341,166,25,60
334,182,25,60
332,178,25,60
330,171,25,60
322,161,25,60
328,165,25,60
324,164,25,60
322,162,25,60
319,164,25,60
321,163,25,60
332,160,25,60
327,182,25,60
328,182,25,60
326,180,25,60
325,180,25,60
328,166,25,60
324,163,25,60
322,161,25,60
322,159,25,60
327,164,25,60
330,163,25,60
331,164,25,60
327,151,25,60
331,156,25,60
324,180,25,60
324,179,25,60
335,184,25,60
330,184,25,60
325,176,25,60
322,174,25,60
332,165,25,60
331,166,25,60
337,166,25,60
345,185,25,60
344,184,25,60
345,182,25,60
351,159,25,60
349,157,25,60
349,167,25,60
350,169,25,60
345,161,25,60
350,166,25,60
349,162,25,60
345,151,25,60
346,151,25,60
339,161,25,60
341,164,25,60
346,168,25,60
350,164,25,60
349,170,25,60
347,170,25,60
355,168,25,60
362,173,25,60
364,180,25,60
367,177,25,60
361,175,25,60
364,173,25,60
362,171,25,60
365,179,25,60
371,168,25,60
378,172,25,60
375,168,25,60
370,173,25,60
374,178,25,60
374,192,25,60
379,167,25,60
375,190,25,60
371,176,25,60
377,166,25,60
374,185,25,60
376,184,25,60
379,173,25,60
385,176,25,60
381,181,25,60
380,176,25,60
397,170,25,60
396,167,25,60
405,175,25,60
385,168,25,60
388,169,25,60
396,183,25,60
402,178,25,60
403,182,25,60
404,186,25,60
406,188,25,60
413,171,25,60
416,156,25,60
416,161,25,60
414,175,25,60
413,170,25,60
415,179,25,60
412,180,25,60
412,183,25,60
414,179,25,60
413,186,25,60
414,184,25,60
417,173,25,60
419,171,25,60
418,171,25,60
411,161,25,60
415,186,25,60
424,170,25,60
426,184,25,60
431,180,25,60
444,186,25,60
445,187,25,60
449,176,25,60
454,169,25,60
459,170,25,60
463,184,25,60
464,173,25,60
464,176,25,60
465,176,25,60
467,172,25,60
467,163,25,60
470,175,25,60
467,176,25,60
470,168,25,60
471,161,25,60
472,166,25,60
473,170,25,60
474,168,25,60
474,175,25,60
475,178,25,60
472,178,25,60
471,178,25,60
471,180,25,60
469,181,25,60
467,173,25,60
466,173,25,60
465,174,25,60
461,177,25,60
459,180,25,60
460,180,25,60
456,177,25,60
456,180,25,60
457,176,25,60
456,177,25,60
458,180,25,60
458,172,25,60
460,166,25,60
459,163,25,60
461,168,25,60
459,166,25,60
458,167,25,60
454,168,25,60
452,171,25,60
454,154,25,60
453,167,25,60
449,169,25,60
450,170,25,60
454,159,25,60
454,155,25,60
454,162,25,60
454,158,25,60
451,167,25,60
447,165,25,60
455,150,25,60
455,154,25,60
454,151,25,60
447,154,25,60
450,165,25,60
451,172,25,60
454,166,25,60
454,147,25,60
455,145,25,60
455,145,25,60
456,143,25,60
457,146,25,60
465,149,25,60
469,152,25,60
471,155,25,60
476,152,25,60
476,149,25,60
482,149,25,60
493,136,25,60
501,141,25,60
504,141,25,60
509,145,25,60
516,139,25,60
523,132,25,60
529,129,25,60
533,126,25,60
535,125,25,60
534,124,25,60
535,129,25,60
540,120,25,60
536,119,25,60
536,119,25,60
533,120,25,60
532,118,25,60
529,118,25,60
528,127,25,60
529,126,25,60
528,146,25,60
528,144,25,60
520,133,25,60
516,123,25,60
517,140,25,60
514,128,25,60
514,123,25,60
511,125,25,60
481,159,25,60
NaN,NaN,NaN,-2
NaN,NaN,NaN,0
NaN,NaN,NaN,0
NaN,NaN,NaN,0
NaN,NaN,NaN,0
NaN,NaN,NaN,-1
489,101,25,60
487,98,25,60
488,99,25,60
489,99,25,60
489,98,25,60
491,95,25,60
487,96,25,60
488,97,25,60
489,94,25,60
490,91,25,60
491,90,25,60
490,85,25,60
491,90,25,60
491,90,25,60
492,90,25,60
494,89,25,60
495,84,25,60
495,78,25,60
494,81,25,60
495,87,25,60
496,87,25,60
493,84,25,60
493,87,25,60
492,85,25,60
489,89,25,60
486,89,25,60
484,90,25,60
484,92,25,60
480,89,25,60
474,89,25,60
469,86,25,60
463,88,25,60
459,89,25,60
456,92,25,60
452,92,25,60
446,91,25,60
446,96,25,60
447,111,25,60
443,109,25,60
438,98,25,60
434,95,25,60
433,95,25,60
437,120,25,60
432,95,25,60
430,97,25,60
430,97,25,60
432,96,25,60
433,97,25,60
432,98,25,60
431,94,25,60
431,94,25,60
430,92,25,60
428,90,25,60
429,90,25,60
428,89,25,60
427,90,25,60
425,93,25,60
424,96,25,60
419,111,25,60
419,113,25,60
NaN,NaN,NaN,-2
NaN,NaN,NaN,0
NaN,NaN,NaN,0
NaN,NaN,NaN,0
NaN,NaN,NaN,0
NaN,NaN,NaN,-1
401,90,25,60
400,93,25,60
398,94,25,60
393,92,25,60
390,93,25,60
386,94,25,60
384,98,25,60
380,100,25,60
377,99,25,60
378,101,25,60
377,98,25,60
