NaN,NaN,NaN,-1
339,164,25,60
338,166,25,60
336,170,25,60
334,163,25,60
326,166,25,60
316,169,25,60
315,167,25,60
309,166,25,60
NaN,NaN,NaN,-2
NaN,NaN,NaN,0
NaN,NaN,NaN,0
NaN,NaN,NaN,0
NaN,NaN,NaN,0
NaN,NaN,NaN,-1
331,159,25,60
325,160,25,60
320,165,25,60
315,163,25,60
308,158,25,60
NaN,NaN,NaN,-2
NaN,NaN,NaN,0
NaN,NaN,NaN,0
NaN,NaN,NaN,0
NaN,NaN,NaN,0
NaN,NaN,NaN,-1
332,158,25,60
328,154,25,60
329,151,25,60
326,157,25,60
323,160,25,60
328,160,25,60
330,162,25,60
331,156,25,60
330,156,25,60
331,156,25,60
330,153,25,60
332,155,25,60
332,149,25,60
327,156,25,60
325,155,25,60
331,152,25,60
330,158,25,60
332,156,25,60
332,153,25,60
332,152,25,60
332,154,25,60
330,151,25,60
332,148,25,60
335,146,25,60
334,150,25,60
332,150,25,60
336,149,25,60
338,149,25,60
336,153,25,60
340,151,25,60
338,152,25,60
337,151,25,60
338,147,25,60
337,147,25,60
337,144,25,60
336,144,25,60
335,139,25,60
333,139,25,60
333,140,25,60
332,145,25,60
329,145,25,60
326,145,25,60
322,143,25,60
321,144,25,60
322,146,25,60
323,143,25,60
322,143,25,60
321,144,25,60
326,146,25,60
328,143,25,60
328,144,25,60
327,144,25,60
325,146,25,60
327,141,25,60
326,141,25,60
329,144,25,60
326,144,25,60
328,142,25,60
328,142,25,60
331,142,25,60
334,145,25,60
333,147,25,60
332,145,25,60
331,145,25,60
332,143,25,60
334,144,25,60
336,147,25,60
336,145,25,60
338,145,25,60
341,142,25,60
343,146,25,60
346,152,25,60
345,149,25,60
344,147,25,60
345,143,25,60
342,143,25,60
343,143,25,60
344,143,25,60
345,140,25,60
348,144,25,60
340,146,25,60
341,145,25,60
343,144,25,60
343,148,25,60
347,142,25,60
349,139,25,60
354,143,25,60
357,143,25,60
358,140,25,60
359,141,25,60
361,141,25,60
364,142,25,60
367,141,25,60
366,140,25,60
366,139,25,60
366,137,25,60
363,133,25,60
361,129,25,60
360,130,25,60
358,130,25,60
353,128,25,60
350,125,25,60
350,125,25,60
NaN,NaN,NaN,-2
NaN,NaN,NaN,0
NaN,NaN,NaN,0
NaN,NaN,NaN,0
NaN,NaN,NaN,0
NaN,NaN,NaN,-1
379,161,25,60
380,161,25,60
384,160,25,60
389,160,25,60
391,155,25,60
391,155,25,60
392,158,25,60
394,156,25,60
398,151,25,60
401,148,25,60
406,150,25,60
408,154,25,60
405,159,25,60
406,163,25,60
411,160,25,60
412,158,25,60
412,159,25,60
412,159,25,60
414,154,25,60
415,150,25,60
414,146,25,60
414,151,25,60
412,151,25,60
412,150,25,60
413,150,25,60
413,148,25,60
416,148,25,60
416,149,25,60
417,151,25,60
422,147,25,60
426,148,25,60
431,145,25,60
436,145,25,60
443,149,25,60
447,150,25,60
449,150,25,60
454,148,25,60
457,147,25,60
459,148,25,60
461,146,25,60
464,144,25,60
467,142,25,60
469,139,25,60
469,139,25,60
469,138,25,60
470,139,25,60
468,141,25,60
470,141,25,60
471,141,25,60
471,144,25,60
472,143,25,60
474,144,25,60
472,146,25,60
473,147,25,60
473,146,25,60
471,147,25,60
467,148,25,60
465,148,25,60
464,149,25,60
461,149,25,60
457,148,25,60
457,147,25,60
456,147,25,60
455,149,25,60
456,148,25,60
455,145,25,60
455,145,25,60
454,147,25,60
454,145,25,60
455,144,25,60
454,144,25,60
454,142,25,60
453,141,25,60
452,141,25,60
451,139,25,60
450,139,25,60
449,139,25,60
447,141,25,60
447,141,25,60
448,138,25,60
448,137,25,60
449,135,25,60
449,135,25,60
450,136,25,60
450,137,25,60
451,137,25,60
450,137,25,60
450,137,25,60
451,135,25,60
452,134,25,60
451,136,25,60
451,134,25,60
451,132,25,60
451,129,25,60
454,128,25,60
456,128,25,60
460,126,25,60
463,125,25,60
458,129,25,60
462,129,25,60
464,127,25,60
469,126,25,60
472,125,25,60
476,127,25,60
NaN,NaN,NaN,-2
NaN,NaN,NaN,0
NaN,NaN,NaN,0
NaN,NaN,NaN,0
NaN,NaN,NaN,0
NaN,NaN,NaN,-1
529,128,25,60
532,124,25,60
535,118,25,60
535,116,25,60
534,113,25,60
533,112,25,60
532,110,25,60
531,109,25,60
529,107,25,60
527,107,25,60
525,108,25,60
522,109,25,60
520,108,25,60
518,106,25,60
516,104,25,60
514,104,25,60
511,104,25,60
508,104,25,60
506,101,25,60
505,99,25,60
503,97,25,60
499,94,25,60
497,92,25,60
496,92,25,60
494,90,25,60
492,86,25,60
489,83,25,60
488,82,25,60
484,81,25,60
482,79,25,60
480,77,25,60
477,73,25,60
477,71,25,60
478,72,25,60
479,72,25,60
480,73,25,60
481,72,25,60
482,70,25,60
482,68,25,60
483,67,25,60
484,68,25,60
483,68,25,60
484,67,25,60
483,62,25,60
491,62,25,60
491,60,25,60
487,61,25,60
487,63,25,60
487,65,25,60
489,65,25,60
487,63,25,60
486,64,25,60
484,65,25,60
481,66,25,60
478,67,25,60
472,66,25,60
469,63,25,60
462,64,25,60
459,61,25,60
457,64,25,60
454,67,25,60
450,70,25,60
446,70,25,60
440,71,25,60
437,72,25,60
437,73,25,60
435,75,25,60
432,75,25,60
430,74,25,60
430,73,25,60
427,73,25,60
427,73,25,60
427,74,25,60
427,75,25,60
427,77,25,60
427,78,25,60
427,77,25,60
426,77,25,60
426,77,25,60
425,77,25,60
424,75,25,60
423,74,25,60
422,71,25,60
421,72,25,60
418,74,25,60
417,75,25,60
412,73,25,60
410,72,25,60
409,72,25,60
405,74,25,60
404,75,25,60
402,75,25,60
401,74,25,60
396,73,25,60
395,72,25,60
394,74,25,60
391,74,25,60
389,72,25,60
386,72,25,60
381,73,25,60
376,74,25,60
373,73,25,60
370,71,25,60
370,71,25,60
370,71,25,60
