NaN,NaN,NaN,-1
339,167,25,60
338,167,25,60
336,168,25,60
335,164,25,60
334,157,25,60
340,162,25,60
339,159,25,60
337,159,25,60
339,160,25,60
339,166,25,60
340,164,25,60
337,166,25,60
330,169,25,60
331,168,25,60
329,170,25,60
335,169,25,60
334,166,25,60
328,169,25,60
334,171,25,60
331,170,25,60
331,171,25,60
335,175,25,60
342,170,25,60
340,169,25,60
336,168,25,60
331,166,25,60
327,165,25,60
323,164,25,60
326,163,25,60
325,167,25,60
330,165,25,60
335,167,25,60
342,172,25,60
344,174,25,60
343,176,25,60
338,180,25,60
331,178,25,60
331,178,25,60
330,177,25,60
329,177,25,60
330,178,25,60
335,181,25,60
336,182,25,60
341,183,25,60
345,185,25,60
341,186,25,60
342,185,25,60
337,184,25,60
342,187,25,60
347,185,25,60
351,187,25,60
344,185,25,60
340,183,25,60
342,182,25,60
348,181,25,60
348,182,25,60
346,183,25,60
340,183,25,60
346,180,25,60
350,178,25,60
350,179,25,60
348,183,25,60
341,181,25,60
332,181,25,60
332,177,25,60
336,178,25,60
333,181,25,60
327,186,25,60
317,185,25,60
305,182,25,60
300,171,25,60
304,184,25,60
NaN,NaN,NaN,-2
NaN,NaN,NaN,0
NaN,NaN,NaN,0
NaN,NaN,NaN,0
NaN,NaN,NaN,0
NaN,NaN,NaN,-1
324,145,25,60
323,144,25,60
322,148,25,60
322,144,25,60
325,137,25,60
325,137,25,60
327,138,25,60
331,134,25,60
330,136,25,60
329,137,25,60
331,133,25,60
331,133,25,60
333,136,25,60
335,134,25,60
336,133,25,60
338,132,25,60
340,130,25,60
342,131,25,60
344,125,25,60
341,125,25,60
341,126,25,60
342,125,25,60
344,128,25,60
344,125,25,60
344,127,25,60
345,126,25,60
344,130,25,60
341,127,25,60
340,128,25,60
343,127,25,60
344,128,25,60
347,127,25,60
349,124,25,60
354,130,25,60
356,131,25,60
357,130,25,60
355,127,25,60
360,130,25,60
362,131,25,60
364,131,25,60
364,131,25,60
364,130,25,60
366,129,25,60
362,124,25,60
359,122,25,60
358,122,25,60
358,118,25,60
354,120,25,60
353,120,25,60
353,121,25,60
355,121,25,60
356,120,25,60
358,124,25,60
358,124,25,60
NaN,NaN,NaN,-2
NaN,NaN,NaN,0
NaN,NaN,NaN,0
NaN,NaN,NaN,0
NaN,NaN,NaN,0
NaN,NaN,NaN,-1
392,160,25,60
394,161,25,60
393,162,25,60
394,167,25,60
398,159,25,60
402,155,25,60
406,159,25,60
412,161,25,60
412,161,25,60
409,166,25,60
414,164,25,60
415,163,25,60
415,164,25,60
415,164,25,60
417,159,25,60
417,156,25,60
418,155,25,60
416,158,25,60
416,155,25,60
413,156,25,60
415,159,25,60
416,155,25,60
418,154,25,60
418,154,25,60
419,155,25,60
422,155,25,60
427,152,25,60
432,155,25,60
436,154,25,60
443,156,25,60
449,155,25,60
451,155,25,60
456,153,25,60
460,152,25,60
461,153,25,60
463,152,25,60
466,148,25,60
469,143,25,60
470,143,25,60
471,143,25,60
470,143,25,60
471,144,25,60
471,143,25,60
473,143,25,60
473,144,25,60
473,147,25,60
474,148,25,60
475,147,25,60
472,150,25,60
473,150,25,60
473,151,25,60
471,151,25,60
468,153,25,60
466,153,25,60
465,153,25,60
463,151,25,60
458,153,25,60
459,150,25,60
459,149,25,60
457,149,25,60
456,150,25,60
457,149,25,60
457,149,25,60
457,150,25,60
457,149,25,60
457,147,25,60
456,146,25,60
455,144,25,60
455,144,25,60
454,144,25,60
455,139,25,60
452,146,25,60
452,141,25,60
451,141,25,60
450,141,25,60
452,137,25,60
451,136,25,60
452,131,25,60
453,131,25,60
453,131,25,60
453,131,25,60
456,130,25,60
455,129,25,60
455,129,25,60
455,130,25,60
456,128,25,60
453,131,25,60
452,133,25,60
452,130,25,60
454,125,25,60
456,123,25,60
458,120,25,60
461,120,25,60
464,119,25,60
458,121,25,60
463,124,25,60
465,122,25,60
469,122,25,60
473,122,25,60
479,125,25,60
487,120,25,60
498,116,25,60
505,115,25,60
506,112,25,60
512,111,25,60
521,110,25,60
524,108,25,60
529,106,25,60
532,103,25,60
532,102,25,60
532,102,25,60
531,101,25,60
531,101,25,60
530,99,25,60
528,97,25,60
526,97,25,60
523,99,25,60
521,100,25,60
520,100,25,60
517,98,25,60
515,97,25,60
513,97,25,60
511,98,25,60
508,98,25,60
506,96,25,60
505,94,25,60
503,91,25,60
499,87,25,60
497,86,25,60
496,86,25,60
495,85,25,60
493,81,25,60
490,79,25,60
488,79,25,60
485,78,25,60
483,77,25,60
484,74,25,60
484,72,25,60
484,70,25,60
483,68,25,60
482,70,25,60
484,70,25,60
484,70,25,60
485,67,25,60
485,65,25,60
485,65,25,60
487,65,25,60
487,65,25,60
487,63,25,60
488,59,25,60
491,59,25,60
491,58,25,60
491,59,25,60
490,60,25,60
489,62,25,60
490,63,25,60
489,62,25,60
487,63,25,60
485,63,25,60
482,64,25,60
479,65,25,60
473,65,25,60
468,65,25,60
465,61,25,60
457,61,25,60
458,63,25,60
455,66,25,60
452,69,25,60
448,70,25,60
442,70,25,60
439,71,25,60
438,71,25,60
435,74,25,60
434,75,25,60
432,74,25,60
430,74,25,60
430,70,25,60
428,72,25,60
428,73,25,60
428,74,25,60
429,76,25,60
429,76,25,60
428,76,25,60
427,76,25,60
427,76,25,60
427,77,25,60
426,75,25,60
425,73,25,60
424,72,25,60
422,71,25,60
419,73,25,60
418,74,25,60
414,73,25,60
411,72,25,60
411,72,25,60
407,73,25,60
406,74,25,60
405,73,25,60
403,72,25,60
398,71,25,60
397,72,25,60
395,74,25,60
393,74,25,60
390,73,25,60
388,73,25,60
383,74,25,60
377,75,25,60
374,74,25,60
370,72,25,60
370,72,25,60
370,72,25,60
