NaN,NaN,NaN,-1
144,58,92,96
141,60,92,96
137,63,92,96
134,63,91,96
131,62,90,96
130,58,90,96
128,53,89,96
127,50,90,96
127,49,88,96
124,49,89,96
118,49,89,95
113,51,94,95
107,53,89,96
103,53,89,96
102,50,89,93
103,46,96,96
105,45,90,96
107,46,90,96
109,47,91,96
111,50,90,96
111,54,91,93
111,55,91,96
112,56,90,95
113,57,90,95
113,58,91,93
113,56,90,95
115,52,93,96
118,47,91,96
123,42,92,95
127,38,92,95
131,37,92,93
134,36,92,96
138,36,95,93
140,38,93,96
141,41,92,95
140,42,93,95
139,41,93,95
138,38,93,91
134,35,92,96
131,33,92,96
128,34,92,96
122,38,92,96
115,43,94,95
111,44,93,96
106,43,93,95
104,43,95,96
103,44,93,96
101,44,93,96
101,43,94,95
102,37,94,96
103,34,93,94
106,33,93,96
109,35,93,96
111,40,93,95
113,45,94,95
116,49,93,96
119,53,95,91
122,55,95,96
125,52,95,91
130,47,95,96
134,40,94,96
138,36,95,95
139,33,94,96
141,34,95,96
140,39,94,96
138,45,92,93
135,46,94,93
132,48,96,96
132,49,94,96
130,48,94,95
129,45,94,93
130,41,93,96
130,41,93,96
131,46,92,96
128,51,93,96
127,51,91,94
127,51,91,93
124,52,94,96
124,54,94,96
122,54,94,93
119,51,92,96
115,48,92,95
114,45,93,96
116,44,91,96
115,49,91,95
113,54,94,96
114,58,92,95
116,62,92,96
117,65,93,96
121,65,93,96
123,59,93,93
127,49,93,95
131,43,92,93
135,39,92,96
141,40,90,93
143,40,88,96
144,45,88,91
144,45,95,90
145,45,92,91
148,46,89,96
146,45,93,96
145,45,95,95
145,43,91,96
143,42,92,95
142,41,90,96
142,42,88,96
135,48,91,95
134,50,89,95
129,50,90,94
127,53,89,94
121,56,91,93
120,54,87,95
120,50,88,95
120,47,89,96
120,47,89,96
120,47,89,96
120,48,90,95
119,48,90,95
120,50,91,94
122,53,93,96
123,54,92,91
124,53,94,94
127,49,94,91
129,45,96,90
134,42,94,93
138,39,95,89
144,36,93,91
147,35,94,93
148,35,96,92
148,37,96,90
149,38,96,94
149,39,96,89
149,39,96,89
146,37,95,91
145,35,96,92
144,35,95,90
145,32,94,89
146,27,94,93
146,26,93,88
143,26,90,86
137,24,92,91
134,26,95,93
130,28,95,93
126,31,95,93
123,31,95,90
121,31,89,89
120,27,92,93
116,22,96,90
116,20,93,91
115,18,95,96
112,19,96,95
114,20,96,95
116,22,93,92
114,25,96,92
118,30,92,90
119,38,92,83
119,38,79,83
118,42,73,78
119,37,72,83
118,32,83,82
119,36,73,76
119,30,81,80
120,34,78,75
119,35,75,74
116,32,77,80
113,34,79,80
115,47,77,73
117,51,75,71
117,54,75,69
118,56,74,76
120,54,75,68
119,51,73,71
120,47,80,67
122,43,70,71
120,40,72,72
122,39,68,64
121,41,68,63
128,42,63,64
128,47,63,64
131,48,68,63
133,51,78,60
132,52,78,62
130,56,61,62
126,58,59,61
127,58,57,61
124,56,75,61
123,55,53,63
120,53,55,59
118,50,51,62
115,52,52,61
117,52,51,61
115,53,53,61
117,53,54,59
122,51,76,59
126,47,64,57
133,43,50,60
134,40,49,59
134,35,51,60
135,36,59,63
145,40,50,71
148,44,51,59
152,46,51,57
157,48,50,58
159,47,70,58
162,48,51,57
163,49,58,62
164,52,45,60
167,55,50,59
163,57,53,63
170,60,47,59
171,59,49,57
170,60,48,53
168,59,48,43
162,56,46,41
159,59,45,47
153,58,47,47
148,59,44,40
142,55,42,43
139,54,46,44
136,53,47,44
134,54,47,43
135,54,48,42
138,56,46,44
138,60,48,46
143,62,48,46
125,60,72,47
152,64,50,46
143,50,86,78
142,62,76,64
168,64,52,45
170,62,52,46
173,61,59,45
167,62,67,50
176,64,55,44
175,66,56,45
152,53,79,65
148,72,89,47
146,54,75,61
171,73,53,43
172,73,54,43
172,72,52,42
173,72,50,42
154,54,73,58
180,70,52,42
180,70,53,42
184,74,50,40
182,75,52,41
184,76,53,42
184,77,46,41
156,63,70,55
177,72,49,44
159,60,72,51
172,66,46,42
169,63,47,42
168,59,47,43
166,56,50,43
166,54,51,43
166,53,50,45
167,58,45,44
165,63,48,48
165,70,50,46
167,73,47,45
168,74,49,44
170,69,49,46
176,64,56,44
174,58,52,49
176,55,49,46
176,51,63,48
176,50,61,46
174,51,61,45
175,56,60,44
171,56,63,47
172,59,62,46
171,61,68,46
168,62,64,44
160,59,71,45
154,56,69,47
149,54,65,46
144,48,69,76
136,45,67,45
117,44,82,58
121,44,74,59
126,46,67,74
123,48,67,73
123,55,67,73
122,59,68,77
110,62,81,73
114,61,78,73
132,62,69,72
136,63,71,72
139,59,74,73
146,58,75,77
149,58,69,73
145,55,76,77
143,56,74,74
137,58,78,70
132,54,76,76
126,56,73,78
117,57,84,79
111,56,77,80
101,52,80,81
96,44,80,85
90,41,80,82
84,36,84,85
83,35,87,85
85,38,81,91
80,43,85,85
82,50,81,85
77,55,83,83
70,59,86,83
68,61,91,82
63,60,80,80
56,59,79,81
48,55,84,80
54,51,78,79
50,47,82,80
55,46,78,80
59,47,78,79
63,53,88,92
66,56,86,91
69,61,87,89
72,60,88,91
76,63,88,90
80,61,89,93
85,58,88,92
95,55,77,91
99,48,84,93
107,41,79,93
115,36,81,96
121,37,79,96
126,42,80,95
128,46,82,95
131,49,86,95
132,52,79,91
134,50,83,96
128,50,85,95
124,49,88,94
132,46,81,94
133,46,87,93
132,42,84,94
134,43,80,93
132,45,83,93
132,47,77,89
132,48,78,94
132,49,77,87
132,49,78,95
134,49,76,88
136,48,74,93
138,43,76,92
141,38,78,91
146,37,77,91
149,35,76,96
154,43,73,94
153,49,73,96
153,56,71,96
153,61,81,96
152,63,70,96
149,60,73,96
149,54,74,94
146,49,78,94
151,46,81,96
156,48,79,95
157,50,76,96
154,54,78,96
145,57,82,96
136,60,84,96
130,60,83,96
135,60,71,96
127,55,71,96
110,51,96,96
112,46,80,96
113,44,82,96
118,46,78,96
113,49,83,96
116,52,80,96
123,55,73,96
116,56,78,96
110,57,84,96
110,58,79,96
114,55,72,96
108,51,83,96
113,50,80,96
116,49,83,96
126,53,82,96
132,56,80,96
135,56,84,96
143,54,84,96
148,52,86,96
152,50,86,96
153,49,85,96
165,48,75,96
165,44,74,96
168,41,71,96
167,39,72,96
167,39,71,96
167,40,70,96
169,47,71,96
168,54,69,95
150,58,81,96
158,60,68,96
153,60,67,96
148,58,68,93
152,56,64,88
154,43,68,96
157,48,67,90
157,51,67,89
155,57,68,87
157,58,68,89
154,63,71,86
154,65,71,87
157,59,70,96
151,60,76,96
150,61,79,95
152,56,79,95
151,51,79,96
155,52,77,94
158,53,76,96
157,65,75,88
155,60,74,96
152,62,73,96
148,56,72,95
146,54,88,96
146,53,83,96
143,48,82,92
139,43,75,94
136,40,71,94
131,39,73,94
130,36,71,91
127,28,74,92
127,27,72,92
125,31,71,92
125,35,72,90
126,36,71,91
124,39,71,89
122,43,71,84
121,43,72,84
119,43,73,84
120,43,75,84
121,43,80,83
124,44,87,82
131,45,83,82
136,45,85,81
149,44,74,87
154,46,71,88
154,49,69,90
155,49,68,90
158,47,71,90
158,46,65,90
157,48,81,88
150,48,84,85
145,43,81,87
147,42,79,88
149,46,61,86
146,52,63,81
146,51,62,81
145,50,62,81
152,53,69,79
154,62,67,71
157,60,63,81
158,62,81,83
160,64,77,72
159,66,68,67
160,64,79,71
160,66,82,69
158,67,82,69
154,67,82,70
151,66,82,76
148,65,83,78
145,64,81,81
140,63,80,77
138,63,81,80
135,61,79,81
131,61,77,83
131,59,76,84
129,59,82,81
126,56,76,88
126,55,77,91
125,52,79,87
125,52,80,96
126,53,80,96
126,54,80,96
126,56,75,96
123,56,74,96
125,56,73,96
126,55,71,96
126,54,72,96
128,52,77,93
132,51,77,93
133,50,80,95
137,47,86,93
138,47,88,91
136,46,91,91
130,42,96,93
129,39,95,95
128,41,95,93
122,43,95,92
120,42,96,95
116,41,91,94
118,43,96,93
118,38,96,95
125,37,96,95
129,33,93,96
131,31,95,96
136,31,96,96
140,32,95,96
141,34,91,96
146,35,94,96
147,33,93,96
147,28,90,96
148,25,93,96
150,23,94,96
154,23,96,96
152,26,95,96
151,32,93,96
149,37,95,96
140,40,96,96
133,42,92,96
126,42,96,96
119,40,91,96
118,40,89,96
116,38,91,96
114,33,88,96
116,34,95,94
117,34,93,95
118,33,94,96
122,34,94,96
127,37,91,96
124,37,87,96
129,39,87,96
129,39,91,96
133,36,91,96
136,30,90,96
136,25,92,95
135,24,95,95
136,24,95,95
138,26,95,96
137,25,96,95
137,25,95,95
135,21,95,95
134,17,94,96
133,12,94,94
131,8,95,95
126,6,96,90
125,6,94,92
119,9,95,96
114,11,94,93
111,12,94,93
112,13,93,93
114,13,91,93
113,14,89,93
109,15,94,93
108,15,90,90
110,13,89,90
114,15,88,90
115,18,88,94
117,23,87,93
116,28,88,93
117,31,87,93
119,33,86,95
116,32,88,95
117,26,88,92
120,17,90,93
123,10,92,90
126,13,91,89
129,18,90,93
129,22,89,89
127,26,90,86
126,28,89,90
125,30,89,87
124,31,88,87
125,28,88,85
127,28,87,85
129,30,86,88
121,29,87,86
119,30,85,89
114,31,85,88
112,31,82,86
106,30,82,86
102,31,82,77
94,28,84,88
89,29,87,80
92,28,85,87
96,26,83,81
99,19,81,77
101,20,88,76
102,24,87,77
109,31,83,75
116,35,79,77
125,36,77,76
130,33,79,76
135,29,80,78
136,24,81,78
143,22,77,78
143,19,80,74
146,17,79,75
146,18,79,74
144,19,80,76
144,21,80,73
144,23,79,73
139,25,79,74
136,26,81,75
135,25,83,75
130,26,82,78
132,24,81,76
131,22,82,74
134,23,79,76
129,25,83,77
130,25,84,74
130,25,83,75
131,26,85,75
133,27,86,78
134,28,86,76
133,29,84,83
136,31,83,75
135,34,81,78
130,39,81,75
130,44,81,78
133,47,79,78
133,51,79,77
131,52,79,77
128,51,77,74
125,48,82,75
128,47,81,76
125,44,81,79
126,41,82,76
129,39,82,75
132,39,82,77
135,40,83,75
140,40,81,75
141,39,82,77
143,41,82,75
146,40,82,73
147,35,81,77
147,30,80,79
143,32,81,74
140,30,79,74
133,31,82,73
127,35,82,74
124,37,80,75
118,38,81,75
116,40,80,74
112,41,79,74
106,41,80,75
106,40,80,77
103,39,79,75
103,33,80,76
106,33,80,75
108,35,79,74
111,40,78,73
115,44,77,73
121,51,77,71
128,54,75,71
133,55,76,70
133,46,79,78
143,48,75,72
150,47,75,71
154,40,74,80
156,44,75,79
157,47,76,80
158,61,76,69
155,49,76,81
152,48,79,83
147,46,77,80
146,44,75,80
144,43,75,80
140,43,75,81
138,41,75,82
139,40,76,83
137,42,78,81
135,44,81,80
132,46,84,79
129,48,89,75
127,47,78,77
128,47,78,77
127,47,78,77
127,45,77,77
128,45,79,75
131,42,77,77
133,43,79,75
138,44,79,76
143,45,78,79
147,47,85,81
148,49,81,80
150,55,81,77
151,57,82,76
152,50,83,81
154,45,84,84
154,42,84,91
154,45,85,90
153,43,84,87
149,43,89,79
156,36,82,93
159,40,83,75
163,41,82,81
162,43,83,77
163,46,82,75
165,45,84,80
164,52,85,74
164,51,83,75
163,49,89,87
158,48,92,87
157,47,85,88
149,44,88,91
149,44,91,96
154,46,78,95
157,47,78,96
156,48,74,96
147,46,80,95
142,43,81,93
140,39,84,93
139,34,83,95
138,31,83,95
135,30,82,94
141,30,83,93
145,32,82,93
150,37,81,90
154,40,81,92
156,41,81,91
160,41,80,89
161,43,81,90
167,41,74,89
160,41,77,89
158,38,78,89
158,36,79,88
154,37,80,89
152,39,79,87
152,43,78,92
150,47,78,88
147,48,78,93
141,46,88,94
135,44,91,94
132,42,80,95
129,40,90,94
125,38,81,93
126,38,78,92
123,39,78,94
122,38,78,93
123,43,76,93
124,44,77,91
127,44,77,91
132,43,76,93
137,45,85,93
143,45,75,90
146,42,89,93
150,42,84,93
153,41,81,92
156,42,77,91
157,43,75,91
157,49,75,94
154,53,90,93
149,56,89,94
144,58,89,95
152,58,76,96
149,59,75,96
144,55,73,96
144,51,73,96
140,49,72,96
136,49,74,95
131,52,73,96
128,54,77,96
121,54,87,94
124,52,88,96
123,52,75,96
122,52,75,96
120,53,75,96
117,52,76,96
115,51,77,96
112,50,78,96
110,47,77,96
