NaN,NaN,NaN,-1
143,58,93,96
141,60,92,96
137,63,92,96
134,63,91,96
131,62,90,96
130,58,90,96
128,53,90,96
127,50,90,96
127,49,88,96
124,49,89,96
118,50,89,94
112,52,90,96
106,55,89,96
101,54,93,96
100,53,91,95
100,49,95,95
101,49,94,96
104,50,93,93
107,52,93,96
111,53,90,95
110,56,92,95
111,57,91,94
112,58,90,93
111,59,93,94
112,60,92,96
112,59,91,93
114,54,91,96
117,49,92,94
122,44,93,93
127,41,92,96
130,40,93,96
134,38,92,95
138,39,95,96
140,41,93,96
141,44,92,94
140,44,93,93
139,43,93,93
138,40,93,95
133,37,93,95
130,35,93,95
126,36,94,94
119,41,95,95
113,45,96,94
111,45,93,95
105,45,94,96
103,45,96,96
102,46,94,93
100,45,94,96
100,44,95,94
101,39,95,96
103,35,93,93
106,34,93,96
109,36,93,96
110,41,94,94
112,46,95,96
116,51,93,95
119,55,95,96
123,56,94,95
125,53,95,96
130,48,95,95
133,42,95,94
138,37,95,94
139,34,94,96
140,34,96,96
140,40,94,96
136,45,94,93
134,46,95,96
132,48,96,96
132,49,94,96
130,48,94,95
129,45,94,96
130,42,93,96
130,42,93,96
131,46,92,96
128,51,93,96
127,52,91,95
127,52,91,96
124,53,94,96
123,54,95,96
122,54,94,95
119,51,92,96
115,48,92,95
114,46,93,95
116,45,91,96
115,50,91,94
113,55,94,96
113,59,93,94
116,62,92,96
117,66,93,96
120,65,94,96
123,59,93,95
127,50,93,96
130,43,93,96
135,39,93,96
141,40,90,94
143,40,88,96
144,44,88,96
144,45,95,96
145,46,92,96
148,46,89,96
146,46,91,96
145,45,91,96
145,44,91,96
143,43,91,96
142,42,89,96
142,43,87,95
136,48,89,96
134,51,89,94
129,50,90,95
125,53,90,94
121,56,90,96
120,54,87,95
120,50,88,95
120,47,89,96
120,47,89,96
120,48,89,95
120,48,90,95
119,48,90,95
120,50,91,94
122,53,91,96
123,54,92,96
124,53,94,96
127,49,94,96
128,46,96,91
134,43,94,91
138,39,95,89
143,36,94,91
147,35,94,93
148,35,96,92
148,37,96,93
148,38,96,90
148,39,96,89
148,37,96,91
146,37,95,91
144,35,96,92
143,35,96,90
144,32,96,89
146,28,94,92
146,26,93,89
142,26,90,92
135,26,95,89
133,27,95,92
129,29,96,93
126,31,95,93
123,32,95,89
121,31,91,90
120,27,92,93
117,22,95,90
116,20,93,91
115,18,95,96
114,19,95,95
114,20,96,95
116,22,94,92
114,26,96,91
118,29,93,91
119,31,94,91
119,29,96,92
121,31,96,89
123,24,96,96
122,23,89,91
124,23,89,88
119,28,88,81
120,24,87,81
120,24,81,83
109,30,91,81
107,33,95,79
105,37,95,79
109,39,91,81
112,40,88,82
111,38,89,84
118,37,82,84
119,32,81,87
120,29,80,84
122,28,77,80
120,27,76,80
122,26,75,77
121,27,74,79
124,32,72,75
119,37,78,72
123,34,76,83
119,38,80,76
114,40,84,76
120,46,75,72
112,44,79,75
117,56,71,63
106,52,76,65
108,36,73,79
111,37,72,75
120,38,56,74
118,38,54,75
118,52,50,61
118,55,50,61
123,55,48,57
125,54,73,56
126,49,64,55
134,45,49,58
135,43,48,56
136,37,49,58
135,38,59,61
146,41,49,70
148,46,51,57
152,50,46,54
157,50,50,56
160,50,69,55
162,50,51,55
164,50,57,61
165,53,50,59
168,58,49,56
168,58,50,62
171,60,50,59
171,60,52,59
170,61,50,53
168,60,53,60
162,58,54,62
159,59,54,63
153,58,55,58
150,59,57,70
138,55,61,75
139,54,48,61
136,53,50,67
134,54,52,62
134,54,49,61
138,56,46,48
138,60,48,47
143,62,48,46
125,60,72,50
152,64,50,46
143,50,86,78
142,62,76,64
168,64,52,45
170,62,53,47
173,61,59,45
175,63,59,43
177,66,54,42
173,66,58,45
152,53,79,65
148,54,89,65
146,54,81,64
150,57,74,59
157,59,69,57
171,74,55,41
154,55,72,59
177,74,53,39
180,71,52,41
180,72,53,40
184,74,52,40
183,75,53,41
184,78,53,40
184,77,53,41
182,76,55,42
177,72,56,44
159,60,72,51
172,66,60,42
170,62,57,43
170,59,57,43
166,56,59,43
166,54,59,43
166,53,60,45
166,59,63,70
165,63,59,46
165,70,61,46
167,73,61,45
168,74,63,44
170,69,63,46
174,64,61,45
174,58,62,49
176,55,63,46
176,51,63,48
176,50,62,45
174,50,62,46
174,53,61,46
172,56,62,47
171,59,63,46
171,61,68,46
166,63,63,43
160,59,71,45
156,59,67,44
150,54,66,46
144,50,69,46
136,46,67,44
117,44,82,58
121,44,74,59
125,46,68,74
123,50,67,71
123,58,66,46
108,62,82,76
110,62,81,73
125,65,68,68
132,64,69,70
136,63,71,72
139,63,74,69
149,58,72,77
150,58,68,73
149,59,72,73
144,56,79,76
141,58,78,73
134,58,74,74
128,56,71,78
119,57,82,79
111,56,77,80
101,52,80,81
96,44,80,85
90,41,80,82
84,36,84,85
83,35,87,85
85,38,81,91
85,43,80,85
79,50,84,87
79,55,81,85
70,59,86,83
68,61,91,86
61,59,82,85
56,59,79,83
48,55,84,80
55,49,76,81
50,47,82,80
55,47,78,78
60,49,79,77
63,53,86,91
67,57,76,80
67,61,89,89
72,62,88,89
77,63,87,90
80,65,89,89
88,63,86,88
90,58,82,88
97,48,86,93
107,42,79,92
115,37,84,96
123,38,77,94
127,42,79,95
128,46,82,95
131,49,82,94
132,49,85,96
134,54,86,93
128,52,91,95
124,50,88,93
132,48,81,92
133,46,87,93
132,43,84,93
136,43,78,93
132,45,83,93
132,47,77,88
132,48,78,88
132,49,77,87
132,49,78,94
134,49,76,94
136,48,76,93
138,43,76,92
142,38,77,94
148,37,75,91
151,37,74,94
154,43,73,94
154,49,72,96
153,56,71,96
153,61,81,96
143,63,79,96
149,60,73,96
149,54,74,94
153,49,71,94
151,46,80,96
156,48,79,95
157,51,76,96
154,55,78,96
145,57,81,96
136,60,84,96
130,60,83,96
135,60,71,96
127,56,70,96
121,52,73,96
112,46,80,96
113,45,82,96
118,47,78,96
113,50,83,96
116,53,80,96
124,55,72,96
114,56,80,96
110,57,84,96
110,58,79,96
114,56,72,96
108,52,83,96
113,50,80,96
116,49,83,96
135,54,73,96
132,57,80,96
135,57,84,96
143,55,84,96
148,53,86,96
152,51,86,96
153,50,85,96
166,49,74,96
165,45,74,96
168,42,71,96
167,40,72,96
166,40,71,96
167,41,69,96
169,48,69,96
168,57,67,94
150,61,81,94
160,62,66,92
153,66,67,90
148,62,68,90
148,56,68,88
153,49,69,92
155,51,69,87
156,53,68,87
155,56,68,88
157,61,68,86
154,64,71,86
154,65,71,87
156,63,71,92
151,69,76,88
150,70,79,88
158,60,73,94
151,56,79,94
155,53,77,96
158,66,76,86
158,66,74,90
155,73,87,86
152,64,82,96
148,67,87,93
146,63,88,96
146,61,82,96
143,51,78,96
140,56,73,96
136,46,70,95
131,39,73,96
131,36,73,92
129,28,72,93
127,27,72,93
125,32,71,92
126,35,71,91
126,36,71,91
124,40,71,91
122,42,70,90
121,43,72,89
119,43,73,90
120,43,75,86
121,44,79,85
124,44,86,85
131,44,85,85
135,45,85,88
149,44,74,89
154,47,70,88
154,49,68,91
154,49,69,90
159,47,67,90
158,47,65,90
157,47,81,90
152,45,82,83
147,41,79,89
146,42,80,88
151,46,59,86
148,54,61,78
150,52,58,81
148,57,59,77
153,57,68,77
155,61,66,80
160,59,61,76
160,66,79,80
163,67,74,74
162,66,67,74
162,67,77,73
160,67,83,73
159,68,82,72
155,66,82,71
153,66,81,76
151,65,80,81
147,64,79,82
141,63,79,74
139,63,80,80
135,61,77,75
131,61,78,75
132,59,73,78
132,59,83,81
133,56,70,82
134,55,73,84
136,55,71,83
136,52,69,87
136,51,71,87
139,50,68,89
138,50,62,91
123,54,74,93
125,55,89,92
126,54,71,96
130,54,68,96
134,53,69,91
135,52,74,92
134,51,79,94
137,48,86,92
138,47,88,91
136,46,92,91
130,42,89,94
129,41,86,95
125,43,93,95
119,44,93,95
118,46,93,96
113,44,92,96
115,45,92,95
116,42,93,96
121,40,94,96
125,36,92,96
127,34,91,96
131,33,94,96
136,34,92,96
140,35,89,96
141,35,92,96
144,34,93,96
143,29,94,96
144,25,95,96
147,23,95,96
151,23,90,96
149,26,92,96
151,32,92,96
146,36,88,96
137,39,89,96
129,41,90,96
124,41,78,96
115,39,88,96
115,40,80,96
112,37,82,96
111,30,81,96
112,30,83,96
115,30,83,95
118,29,83,96
122,31,83,96
120,33,88,96
122,35,89,96
129,38,87,96
129,39,91,96
133,36,91,96
136,29,90,96
136,25,92,95
135,24,95,95
137,25,94,92
138,27,95,93
139,27,94,93
138,25,94,95
136,22,94,96
134,17,94,94
133,13,93,93
132,8,93,95
127,6,96,90
125,6,94,92
119,9,95,96
114,12,94,92
110,12,95,93
111,13,94,93
113,13,91,93
113,14,89,91
114,15,87,93
108,15,92,92
110,13,89,90
114,15,90,90
115,18,90,94
117,23,89,93
116,28,89,93
117,31,87,93
119,33,86,95
116,32,88,95
117,26,88,92
120,17,90,89
123,10,92,87
126,13,91,86
128,18,91,93
129,23,89,87
127,26,90,86
126,28,89,90
125,30,89,87
124,31,89,88
124,29,88,92
126,29,88,83
128,31,84,90
121,30,86,90
118,32,84,87
116,31,83,88
112,33,82,84
106,30,82,86
102,29,82,86
94,30,84,76
89,29,85,80
92,27,85,79
96,26,83,77
99,20,81,76
101,20,88,76
102,24,87,77
109,31,83,75
117,35,78,77
122,36,79,76
130,33,79,76
134,29,79,78
138,25,79,77
135,22,85,85
143,19,79,74
145,17,79,76
146,18,79,75
145,19,79,76
144,21,80,76
144,23,79,75
139,25,79,74
136,26,81,74
135,25,83,74
130,26,82,78
132,24,81,76
133,22,80,74
134,23,79,76
129,25,83,73
130,25,84,74
130,25,83,75
131,26,85,75
133,27,85,78
134,28,86,77
133,29,84,83
136,31,84,75
135,33,82,79
130,39,81,75
131,43,80,76
133,47,79,78
133,50,79,78
130,52,80,77
126,51,79,77
126,48,81,75
128,47,81,76
125,44,81,76
126,41,82,76
129,40,82,76
132,39,82,78
135,40,83,77
140,40,81,80
141,39,82,79
143,41,82,76
147,40,81,77
147,35,81,77
147,34,80,75
143,32,81,76
140,30,79,74
133,31,82,75
127,34,82,75
124,37,80,75
120,38,79,75
116,40,80,75
112,41,79,75
106,41,81,75
106,41,81,76
103,39,80,75
103,33,80,76
106,33,80,76
108,35,80,76
111,39,78,75
116,44,76,73
123,51,75,71
128,55,78,77
133,55,76,71
133,46,79,78
144,48,76,73
150,45,75,74
153,40,75,81
156,44,75,79
157,47,75,80
158,47,86,81
155,48,84,82
152,48,79,83
147,46,77,83
146,44,75,80
144,43,75,81
140,43,75,81
138,41,76,84
139,40,76,82
137,42,78,81
135,44,81,80
132,46,84,79
129,48,89,77
127,47,78,77
128,47,80,77
127,47,78,77
127,45,77,77
128,45,79,75
131,42,77,77
133,43,79,75
138,44,79,76
143,45,78,77
146,47,86,81
148,49,81,80
150,48,81,83
150,46,90,83
152,50,80,83
154,45,84,84
154,41,84,92
154,45,85,90
153,43,84,87
149,43,89,82
156,36,82,93
159,39,83,79
163,38,82,84
162,42,83,79
163,46,83,75
166,45,83,80
165,52,84,75
164,49,83,77
163,48,89,88
160,48,90,87
157,47,89,88
149,44,88,91
149,43,91,91
147,44,96,95
157,45,81,91
154,44,77,95
149,42,79,96
146,39,76,96
148,36,72,96
147,32,75,96
148,31,73,95
144,30,73,94
148,30,76,93
154,31,73,94
158,37,73,92
162,40,73,92
164,41,73,93
166,41,74,93
168,42,74,92
167,41,74,93
165,41,73,92
161,38,75,92
158,36,79,91
156,37,78,92
152,39,79,94
152,42,82,96
150,47,83,94
147,47,85,96
141,48,88,95
135,47,91,96
134,46,92,94
131,45,92,96
128,44,85,96
126,43,79,96
123,43,79,96
122,43,85,96
123,45,84,96
124,46,84,96
128,45,76,96
132,45,75,96
137,45,85,96
142,45,90,96
147,44,88,96
149,43,85,96
153,42,81,96
155,43,78,96
156,46,76,96
158,50,74,95
154,54,90,96
149,57,89,95
145,60,88,96
150,62,82,96
148,62,73,96
144,58,73,96
144,53,73,96
138,51,75,96
136,51,74,96
131,54,73,96
128,56,77,95
121,56,87,96
122,54,90,96
123,54,77,95
122,54,78,96
120,54,75,96
117,53,76,96
115,52,77,96
112,50,78,96
110,48,77,96
