NaN,NaN,NaN,-1
72,63,68,268
75,64,68,267
78,64,67,265
81,64,67,264
84,65,66,262
87,66,66,261
91,66,66,259
94,67,65,258
97,67,65,257
100,68,65,256
103,68,64,255
106,69,64,254
109,69,64,253
112,70,64,251
115,71,64,250
118,71,63,249
121,72,63,249
124,73,63,247
127,73,63,246
129,74,63,245
132,75,62,244
135,75,62,243
138,76,62,242
140,76,62,241
143,76,62,240
145,77,62,240
147,77,62,239
149,77,63,238
152,78,63,237
154,78,63,237
156,78,62,236
159,78,62,235
162,79,62,234
164,79,62,233
167,79,61,232
169,79,61,232
172,79,61,231
175,80,60,230
177,80,60,228
179,80,60,227
182,81,59,226
184,81,59,225
186,82,59,224
188,82,59,223
190,82,58,222
192,83,58,221
194,83,58,220
196,83,57,219
198,84,57,218
199,84,57,217
201,84,57,216
203,84,57,215
205,85,57,214
207,85,57,213
209,85,57,212
211,86,57,211
213,86,57,210
215,86,56,209
217,87,56,207
219,87,55,206
221,88,55,205
223,89,54,203
225,89,54,202
226,90,53,201
228,90,53,200
230,91,52,198
231,91,52,197
233,92,52,196
234,92,51,195
236,92,51,194
237,93,50,193
239,93,50,191
240,93,50,190
242,94,50,189
243,94,50,188
245,94,50,188
246,94,49,187
247,94,49,187
249,95,49,186
250,95,49,185
252,95,48,184
253,95,48,183
254,96,48,182
256,96,48,181
257,96,47,180
258,97,47,179
259,97,47,178
260,98,47,177
261,98,47,176
263,99,47,175
264,99,47,174
265,99,47,173
266,100,47,172
267,100,46,171
268,101,46,170
269,102,46,169
271,102,46,168
272,103,46,167
273,103,45,166
274,104,45,165
276,104,45,164
277,104,45,163
278,105,45,162
280,105,45,161
281,106,45,160
282,106,45,159
283,107,45,158
285,107,44,157
286,108,44,156
287,108,44,155
288,109,44,154
289,109,43,153
290,109,43,152
291,110,43,150
292,110,42,149
293,110,42,148
294,111,42,146
294,111,42,145
295,112,41,143
296,112,41,142
297,113,41,140
298,113,41,138
299,114,40,136
299,114,40,135
300,115,40,133
301,116,39,131
302,117,39,129
303,117,39,127
304,118,38,125
305,119,38,122
306,120,37,120
307,121,36,118
308,121,36,117
309,121,35,116
310,122,35,114
311,122,34,113
312,123,33,112
313,123,33,112
314,123,32,111
315,123,32,111
316,123,32,111
317,124,32,110
318,124,32,110
319,124,32,111
319,123,32,111
320,123,32,111
321,123,33,112
321,123,33,112
322,123,33,112
323,123,33,112
324,123,33,112
324,123,33,112
325,123,33,112
326,123,33,111
327,123,33,111
327,124,33,110
328,124,33,110
328,124,33,109
329,125,32,108
330,125,32,108
330,125,32,107
331,125,32,106
331,125,31,106
332,125,31,105
332,125,31,104
333,125,30,103
334,125,30,103
334,125,30,102
335,126,30,101
336,126,29,100
337,126,29,100
337,126,29,99
338,126,29,98
339,126,29,98
339,126,29,98
340,126,29,98
341,126,28,97
342,126,28,97
342,126,28,96
343,126,28,96
344,126,27,95
344,126,27,95
345,126,27,95
345,126,27,94
346,126,27,94
347,126,27,93
347,126,27,93
348,126,27,92
348,126,27,92
349,127,27,92
349,127,27,91
350,127,27,91
351,128,27,90
351,128,27,90
352,128,27,90
352,128,27,89
353,128,27,89
353,129,27,88
354,129,27,88
354,129,27,87
354,129,27,87
355,129,27,87
355,129,27,87
355,129,28,87
355,129,28,87
356,129,28,86
356,129,28,86
356,129,28,86
357,129,28,86
357,128,28,86
357,129,27,85
357,129,27,84
358,129,27,83
358,129,27,83
358,129,27,83
358,129,27,83
358,129,27,82
359,129,27,82
359,129,27,82
359,128,27,82
359,128,27,82
359,128,26,81
360,129,26,81
360,129,26,80
360,129,26,80
360,129,26,80
360,129,26,80
361,128,26,80
361,128,26,80
361,127,26,80
361,128,25,79
361,128,25,78
362,129,25,77
362,129,25,77
362,129,25,77
362,129,24,76
362,129,24,77
362,128,24,77
362,128,24,77
362,128,24,77
362,128,24,77
362,129,23,76
363,129,23,75
363,129,23,75
363,130,23,74
363,130,23,74
363,130,23,74
363,129,23,74
363,129,22,75
363,129,22,75
363,129,22,75
363,129,22,74
363,130,22,74
363,130,21,73
363,130,21,73
363,130,21,73
363,130,21,73
363,130,21,73
363,130,21,73
363,130,21,72
363,131,20,72
363,131,20,72
363,131,20,71
363,131,20,71
363,131,20,71
364,131,20,71
364,131,19,70
364,131,19,70
364,131,19,70
364,131,19,70
364,131,19,69
365,131,19,69
365,131,19,69
365,131,18,68
365,132,18,68
365,132,18,67
365,131,18,67
365,131,18,67
365,131,18,67
365,131,18,67
365,131,18,66
365,131,18,66
365,131,18,66
366,132,18,66
366,131,18,66
366,132,18,65
366,131,18,65
366,131,18,65
366,131,18,65
366,131,17,65
366,131,17,65
366,131,17,65
366,131,17,65
366,131,17,64
366,131,17,64
367,131,17,64
367,132,17,64
367,131,17,64
367,132,17,64
367,132,17,63
367,132,17,63
367,132,17,63
367,132,17,63
367,132,17,63
367,132,16,63
367,132,16,63
367,132,16,63
367,132,16,62
366,132,16,62
366,132,16,62
366,132,16,62
366,132,16,62
366,132,16,62
366,132,17,62
366,132,16,61
366,132,16,61
365,131,17,61
365,131,17,61
365,131,17,61
365,131,17,61
365,131,17,61
365,131,17,61
365,131,17,61
364,131,17,60
364,131,17,60
364,131,17,60
364,131,17,60
364,131,17,60
364,131,17,60
364,132,17,59
364,132,17,59
364,132,16,59
364,132,16,59
364,132,16,59
364,132,16,58
364,132,16,58
364,132,16,58
364,132,16,58
364,132,16,58
364,132,16,58
364,133,16,58
364,133,16,57
364,133,16,57
364,133,16,57
364,133,16,57
364,133,16,57
364,133,16,57
364,133,16,56
364,133,16,56
364,133,16,56
