NaN,NaN,NaN,-1
70,78,76,260
72,78,76,258
75,78,75,257
79,79,75,256
82,79,75,255
85,80,74,253
88,80,74,252
91,81,73,251
94,81,73,249
97,82,73,248
100,82,73,247
103,83,73,246
106,83,72,245
109,84,72,244
112,85,72,243
115,85,72,242
118,86,71,241
121,86,71,240
123,87,71,239
126,87,71,238
129,88,70,237
132,89,70,236
134,89,70,235
137,89,70,234
139,89,70,233
142,90,70,233
144,90,70,232
146,90,70,231
149,91,70,230
151,91,70,229
154,91,70,228
156,91,70,227
159,92,69,226
162,92,69,226
164,92,69,225
167,92,68,224
169,92,68,223
172,92,68,222
174,93,67,221
177,93,67,220
179,93,67,219
181,94,66,218
183,94,66,217
185,95,66,216
187,95,65,215
189,95,65,213
191,95,65,212
193,96,64,211
195,96,64,210
197,96,64,209
199,97,64,208
201,97,64,207
203,97,64,206
205,97,63,205
207,98,63,204
209,98,63,203
211,98,63,202
213,99,62,201
215,99,62,200
217,99,62,199
219,100,61,197
221,100,61,196
222,101,60,195
224,101,60,194
226,102,60,193
227,102,59,191
229,103,59,190
230,103,58,189
232,103,58,188
233,103,58,187
235,104,57,186
236,104,57,185
237,104,57,184
239,105,57,183
240,105,57,182
242,105,57,181
243,105,57,181
244,105,57,180
246,105,56,180
247,105,56,179
249,106,56,178
250,106,56,177
251,106,56,176
252,106,56,176
253,106,55,175
255,107,55,174
256,107,55,173
257,108,55,172
258,108,55,171
259,109,55,170
260,109,55,169
261,109,55,168
262,110,54,167
263,110,54,166
265,111,54,165
266,111,54,164
267,112,54,163
268,112,54,162
269,112,54,161
271,113,53,160
272,113,53,159
273,114,53,158
275,114,53,157
276,115,53,156
277,115,53,155
279,115,52,154
280,116,52,153
281,116,52,153
282,116,52,152
283,117,52,151
285,117,51,150
286,117,51,149
287,117,51,148
288,118,50,147
288,118,50,146
289,118,50,144
290,119,50,143
291,119,49,142
292,120,49,140
293,120,48,138
293,120,48,137
294,121,48,135
295,121,47,133
296,122,47,132
297,123,47,129
298,123,46,128
298,124,46,125
299,125,46,124
300,126,45,121
301,126,44,119
303,127,43,117
304,128,43,115
305,128,42,114
306,128,41,112
307,129,41,111
308,129,40,110
309,130,39,109
310,130,39,108
311,130,38,108
312,130,38,107
313,130,37,107
314,131,37,107
315,131,37,107
316,131,37,107
317,131,38,107
317,130,38,107
318,130,38,108
319,130,39,109
319,129,39,109
320,129,39,109
321,129,39,109
322,129,39,109
322,129,39,109
323,129,39,109
324,129,39,108
324,130,39,108
325,130,39,108
326,130,38,107
326,130,38,106
327,130,38,106
327,130,37,105
328,130,37,104
328,131,37,103
329,131,37,102
330,131,36,102
330,131,36,101
331,131,36,100
332,131,35,99
332,131,35,99
333,131,35,98
334,132,35,98
335,132,34,97
335,131,34,96
336,131,34,96
337,132,34,95
337,132,34,95
338,132,33,94
339,132,33,94
340,132,33,93
340,132,33,93
341,132,33,92
342,132,32,92
342,132,32,91
343,132,32,91
344,132,32,90
344,132,32,90
345,132,32,90
345,132,32,89
346,132,32,89
346,133,32,88
347,133,32,88
348,133,32,87
348,133,32,87
349,134,32,87
349,134,32,86
350,134,32,86
350,134,32,86
351,134,32,85
351,135,32,85
351,135,32,84
352,135,32,84
352,135,32,83
352,135,32,84
353,135,33,83
353,135,33,83
353,135,32,83
354,135,32,83
354,135,32,82
354,135,32,82
354,135,32,82
354,135,32,81
355,135,32,81
355,135,32,80
355,135,32,80
355,135,32,79
356,135,32,79
356,135,32,79
356,135,31,78
356,135,31,78
356,134,31,78
357,134,31,78
357,134,31,77
357,135,31,77
357,135,31,76
358,135,31,76
358,135,31,76
358,134,30,76
358,134,30,76
358,133,30,76
358,133,30,76
358,133,30,76
359,134,30,75
359,134,29,74
359,134,30,74
359,135,29,73
359,134,29,74
359,134,29,74
359,134,29,74
359,133,29,75
360,133,29,74
360,133,29,74
360,134,29,73
360,134,28,73
360,134,28,72
360,135,28,72
360,135,28,72
360,134,28,72
360,134,28,72
360,134,28,72
360,134,28,72
360,134,28,73
360,134,28,72
360,134,28,72
360,135,27,71
360,135,27,71
360,135,27,71
360,135,27,71
360,135,27,71
360,135,27,71
360,135,27,71
360,135,26,70
360,135,26,70
360,135,26,70
360,135,26,70
360,135,26,69
360,135,26,69
361,135,26,69
361,135,25,69
361,135,25,68
361,135,25,68
361,135,25,68
362,135,25,67
362,135,25,67
362,135,25,67
362,136,25,66
362,135,24,66
362,135,24,66
362,135,24,66
362,135,24,66
362,135,24,66
362,135,24,66
362,135,24,65
362,135,24,65
362,135,24,65
363,135,24,65
363,135,24,65
363,135,24,65
363,135,24,65
363,135,24,65
363,135,24,64
363,135,24,64
363,135,24,64
363,135,24,64
363,135,23,64
363,135,23,64
363,135,23,64
363,135,23,64
363,135,23,64
364,135,23,63
364,135,23,63
364,135,23,63
364,135,23,63
364,135,23,63
364,135,23,63
364,135,23,63
364,135,23,62
364,135,23,62
364,135,23,62
364,135,22,62
364,135,22,62
363,135,22,62
363,135,22,62
363,135,22,62
363,135,22,62
363,134,22,61
363,134,22,61
363,134,22,61
363,134,22,61
363,134,22,61
363,134,22,61
362,134,21,61
362,134,21,60
362,134,21,60
362,134,21,60
362,134,21,60
362,134,21,60
362,134,21,60
362,134,21,60
362,134,21,59
362,135,21,59
362,135,21,59
362,135,21,59
362,135,20,58
362,135,20,58
362,135,20,58
362,135,20,58
362,135,20,58
362,135,20,58
362,135,20,57
362,135,20,57
362,135,20,57
362,136,20,57
362,136,20,57
362,136,20,57
362,136,19,56
362,136,19,56
362,136,19,56
363,136,19,56
363,136,19,56
363,136,19,55
