NaN,NaN,NaN,-1
62,56,66,294
65,56,66,293
68,57,66,292
71,57,65,290
74,58,65,289
78,58,65,287
81,59,64,286
84,59,64,285
87,60,64,283
90,61,64,282
93,61,63,281
97,62,63,280
100,62,63,278
103,63,63,277
106,64,62,276
109,64,62,275
112,65,62,274
115,66,61,272
118,67,61,271
121,67,61,270
124,68,60,268
126,69,60,267
129,69,60,266
132,70,60,265
135,70,60,264
137,71,60,263
140,71,60,262
142,72,60,261
144,72,60,259
147,72,60,259
149,73,59,258
152,73,59,256
155,73,59,255
157,73,58,254
160,74,58,253
163,74,58,252
166,74,57,251
168,75,57,250
171,75,56,249
173,75,56,247
176,76,56,246
178,76,55,245
180,77,55,244
182,77,55,243
184,77,55,242
186,78,54,241
188,78,54,240
190,78,54,238
192,78,54,237
194,79,54,236
196,79,54,235
198,80,53,234
200,80,53,233
202,80,53,231
204,81,53,230
206,81,53,229
207,81,53,228
209,82,53,227
211,82,53,226
213,83,52,225
215,83,52,223
217,84,51,222
219,84,51,221
221,85,51,220
222,85,51,218
224,85,50,217
225,86,50,216
227,86,50,215
228,87,49,214
230,87,49,213
231,87,49,212
233,87,48,211
234,88,48,210
236,88,48,209
237,88,48,208
239,88,48,207
240,89,48,206
242,89,48,205
243,89,47,204
245,89,47,204
246,90,47,203
247,90,47,202
249,90,47,201
250,90,46,200
251,91,46,199
252,91,46,198
253,92,46,197
255,92,46,196
256,93,46,195
257,93,46,194
258,93,46,193
259,94,46,192
260,94,46,192
261,94,46,191
262,95,46,190
263,95,46,189
265,95,46,188
266,96,45,187
267,96,45,187
268,96,46,186
270,96,45,185
271,97,45,184
272,97,45,183
274,98,45,182
275,98,45,181
276,99,45,180
277,99,45,179
279,100,45,178
280,100,45,177
281,100,45,176
282,100,45,176
283,100,45,175
284,100,45,174
285,101,45,173
286,101,45,173
286,101,45,172
287,100,45,171
288,100,45,171
288,100,45,170
289,101,45,169
290,101,45,168
291,101,45,167
291,101,45,166
292,101,45,165
293,101,45,164
293,102,45,163
294,102,45,162
295,102,45,160
296,102,45,159
297,103,45,158
298,103,45,156
299,104,44,155
300,104,44,154
301,104,43,153
302,104,43,152
303,104,43,151
304,105,42,150
305,105,42,149
306,105,41,149
307,105,41,149
308,106,41,148
309,106,41,148
310,106,40,147
311,106,40,147
311,106,40,147
312,106,41,147
313,106,41,146
313,106,41,146
314,106,41,146
315,106,41,146
316,106,41,146
317,107,41,145
317,107,41,145
318,107,41,144
319,108,40,143
319,108,40,143
320,109,40,142
321,109,40,141
321,109,40,140
322,109,39,140
322,109,39,139
323,109,39,139
323,109,39,138
324,109,38,138
325,109,38,137
325,110,38,136
326,110,37,136
327,110,37,135
328,110,37,134
328,110,36,133
329,111,36,132
330,111,36,132
330,110,36,131
331,110,36,131
332,110,36,130
332,110,36,130
333,111,36,129
334,111,35,129
335,111,35,128
336,111,35,128
336,110,34,127
337,110,34,127
338,111,34,126
338,111,34,126
339,111,34,125
339,111,34,125
340,111,34,124
341,111,34,124
341,112,34,123
342,112,34,123
342,113,33,122
343,113,33,121
344,113,33,121
344,114,33,120
345,114,33,120
345,114,33,119
346,114,33,119
346,114,33,118
347,115,33,118
347,115,33,117
348,115,32,117
348,115,32,116
349,115,32,116
349,115,32,116
349,115,32,115
350,116,32,115
350,116,32,114
350,116,32,114
351,116,32,114
351,115,32,113
351,116,32,113
352,116,31,113
352,116,31,112
352,116,31,112
352,116,31,111
353,116,31,111
353,116,31,111
353,115,31,110
353,115,31,110
353,115,30,110
354,115,30,110
354,115,30,110
354,115,30,109
354,115,30,108
355,115,29,108
355,115,29,108
355,115,29,107
355,115,29,107
355,115,29,107
356,114,28,107
356,115,28,106
356,115,28,106
356,116,28,105
356,116,28,104
357,116,27,104
357,116,27,103
357,116,27,103
357,116,27,103
357,116,26,103
357,116,26,103
358,116,26,103
358,116,26,102
358,117,26,101
358,117,26,100
358,117,25,100
358,117,25,100
358,117,25,100
358,117,25,100
358,117,24,100
358,117,24,100
358,117,24,100
358,118,24,99
358,118,24,98
358,119,23,98
358,119,23,97
358,119,23,97
358,119,23,97
358,118,22,98
358,118,23,98
358,118,23,98
358,118,23,98
358,119,23,97
358,119,23,96
358,119,23,96
359,120,23,95
359,120,23,95
359,120,23,95
359,120,23,94
359,120,23,94
359,120,23,94
359,120,23,93
359,120,23,93
359,120,22,92
360,120,22,92
360,120,22,91
360,121,22,91
360,121,22,90
360,121,22,90
360,121,22,90
360,121,22,89
360,121,22,89
360,121,22,89
360,121,22,89
360,121,21,88
361,121,21,88
361,121,21,88
361,121,21,88
361,121,21,87
361,121,21,87
361,121,21,87
361,121,22,87
361,121,22,87
361,121,22,87
361,121,22,87
361,121,22,87
361,121,21,86
361,121,21,86
361,121,21,86
361,121,21,85
361,122,21,85
361,122,21,85
362,122,21,84
362,122,21,84
362,122,21,84
362,122,21,83
362,122,21,83
362,122,21,83
361,122,21,83
361,122,21,83
361,122,21,83
361,122,21,82
361,122,21,82
361,122,21,82
361,122,21,82
360,122,21,82
361,122,21,81
360,122,21,81
360,122,21,81
360,122,21,81
360,122,21,81
360,122,21,81
360,122,21,80
360,122,21,80
360,122,21,80
360,122,21,80
359,122,21,80
359,122,21,79
359,122,21,79
359,123,21,79
359,123,20,79
359,123,20,79
359,123,20,78
359,123,20,78
359,123,20,78
359,123,20,77
359,123,20,77
359,123,20,77
359,124,20,77
359,124,20,77
359,124,20,77
359,124,20,76
359,124,20,76
359,124,20,76
359,124,20,76
359,124,20,75
359,124,20,75
360,124,20,75
360,125,20,75
360,125,20,75
360,125,20,74
