NaN,NaN,NaN,-1
82,95,34,46
88,95,34,46
92,95,34,46
100,97,34,46
106,99,34,46
114,99,34,46
120,99,34,46
126,99,34,46
130,97,34,46
126,115,34,46
134,105,34,46
136,105,34,46
142,107,34,46
150,107,34,46
156,107,34,46
162,105,34,46
168,105,34,46
174,103,34,46
178,103,34,46
184,103,34,46
188,105,34,46
190,105,34,46
190,103,34,46
188,103,34,46
188,101,34,46
184,101,34,46
180,101,34,46
174,99,34,46
168,99,34,46
160,99,34,46
152,101,34,46
142,101,34,46
132,105,34,46
124,101,34,46
114,105,34,46
108,101,34,46
104,99,34,46
102,99,34,46
100,97,34,46
100,99,34,46
104,101,34,46
108,103,34,46
112,103,34,46
118,101,34,46
126,101,34,46
134,103,34,46
142,103,34,46
152,103,34,46
160,103,34,46
170,105,34,46
180,107,34,46
184,105,34,46
190,109,34,46
192,109,34,46
192,109,34,46
188,111,34,46
180,111,34,46
172,111,34,46
160,109,34,46
146,107,34,46
132,107,34,46
120,105,34,46
114,103,34,46
106,103,34,46
98,105,34,46
92,107,34,46
84,111,34,46
84,111,34,46
82,111,34,46
80,111,34,46
78,111,34,46
76,111,34,46
76,113,34,46
78,113,34,46
80,113,34,46
84,113,34,46
90,111,34,46
98,109,34,46
108,107,34,46
122,103,34,46
126,103,34,46
142,103,34,46
158,103,34,46
172,105,34,46
186,111,34,46
192,113,34,46
196,117,34,46
196,119,34,46
196,119,34,46
194,119,34,46
190,117,34,46
188,117,34,46
184,119,34,46
178,121,34,46
172,127,34,46
162,127,34,46
152,123,34,46
136,117,34,46
120,109,34,46
106,107,34,46
94,109,34,46
80,117,34,46
68,119,34,46
60,119,34,46
56,119,34,46
48,119,34,46
42,119,34,46
34,121,34,46
26,123,34,46
16,121,34,46
10,113,34,46
2,105,34,46
-4,103,34,46
-4,111,34,46
0,125,34,46
8,139,34,46
16,143,34,46
24,145,34,46
32,143,34,46
36,143,34,46
40,143,34,46
44,139,34,46
46,139,34,46
48,137,34,46
52,137,34,46
58,137,34,46
66,135,34,46
74,133,34,46
80,129,34,46
88,121,34,46
98,111,34,46
102,103,34,46
104,99,34,46
104,99,34,46
102,101,34,46
96,105,34,46
88,107,34,46
84,107,34,46
80,107,34,46
74,107,34,46
72,105,34,46
70,103,34,46
70,103,34,46
72,101,34,46
74,101,34,46
78,101,34,46
82,103,34,46
90,105,34,46
96,107,34,46
106,107,34,46
116,105,34,46
124,103,34,46
128,103,34,46
132,101,34,46
124,103,34,46
124,109,34,46
122,107,34,46
118,109,34,46
114,111,34,46
110,111,34,46
106,107,34,46
106,105,34,46
106,103,34,46
110,103,34,46
114,103,34,46
122,105,34,46
130,103,34,46
140,103,34,46
148,101,34,46
154,101,34,46
160,101,34,46
