NaN,NaN,NaN,-1
83,89,38,48
90,89,38,48
92,91,38,48
101,91,38,48
108,93,38,48
115,93,38,48
119,93,38,48
128,93,38,48
132,91,38,48
128,111,38,48
139,100,38,48
143,109,38,48
150,109,38,48
154,111,38,48
161,111,38,48
165,109,38,48
172,109,38,48
176,107,38,48
183,107,38,48
187,107,38,48
191,109,38,48
193,109,38,48
193,109,38,48
193,107,38,48
191,107,38,48
189,107,38,48
185,105,38,48
178,105,38,48
171,103,38,48
164,105,38,48
155,105,38,48
146,105,38,48
135,107,38,48
124,109,38,48
115,109,38,48
111,109,38,48
107,107,38,48
103,107,38,48
103,107,38,48
103,107,38,48
107,109,38,48
109,109,38,48
116,109,38,48
120,109,38,48
129,109,38,48
136,109,38,48
145,109,38,48
154,111,38,48
163,111,38,48
172,111,38,48
181,111,38,48
188,111,38,48
195,113,38,48
195,113,38,48
195,115,38,48
191,115,38,48
184,115,38,48
175,115,38,48
164,115,38,48
151,113,38,48
136,111,38,48
123,113,38,48
105,109,38,48
105,122,38,48
96,124,38,48
89,126,38,48
85,128,38,48
81,130,38,48
79,130,38,48
77,130,38,48
75,130,38,48
75,130,38,48
75,130,38,48
75,132,38,48
77,132,38,48
81,132,38,48
88,130,38,48
97,128,38,48
106,126,38,48
119,122,38,48
130,113,38,48
145,109,38,48
163,109,38,48
176,111,38,48
187,115,38,48
196,119,38,48
198,123,38,48
200,125,38,48
198,125,38,48
196,125,38,48
194,123,38,48
190,123,38,48
188,125,38,48
181,127,38,48
174,131,38,48
167,133,38,48
156,131,38,48
141,122,38,48
126,115,38,48
106,115,38,48
91,128,38,48
78,135,38,48
67,137,38,48
60,139,38,48
53,139,38,48
46,139,38,48
39,139,38,48
32,141,38,48
25,143,38,48
14,141,38,48
7,132,38,48
-2,123,38,48
-6,123,38,48
-6,130,38,48
-2,143,38,48
7,156,38,48
14,160,38,48
23,162,38,48
30,162,38,48
34,162,38,48
38,160,38,48
40,158,38,48
44,156,38,48
46,154,38,48
50,154,38,48
54,156,38,48
61,156,38,48
70,152,38,48
79,148,38,48
88,139,38,48
95,128,38,48
99,121,38,48
101,117,38,48
101,117,38,48
99,119,38,48
92,121,38,48
88,125,38,48
81,125,38,48
77,125,38,48
73,125,38,48
71,123,38,48
69,121,38,48
69,121,38,48
69,119,38,48
73,121,38,48
75,121,38,48
79,121,38,48
88,125,38,48
95,125,38,48
104,125,38,48
113,123,38,48
122,121,38,48
126,121,38,48
130,119,38,48
128,115,38,48
126,115,38,48
124,115,38,48
122,115,38,48
118,115,38,48
114,115,38,48
110,113,38,48
110,109,38,48
110,109,38,48
112,109,38,48
119,109,38,48
123,109,38,48
132,109,38,48
141,109,38,48
150,109,38,48
157,107,38,48
161,107,38,48
