NaN,NaN,NaN,-1
82,88,34,52
86,88,34,52
90,90,34,52
97,90,34,52
104,92,34,52
111,92,34,52
115,92,34,52
124,92,34,52
128,90,34,52
128,105,34,52
132,98,34,52
141,107,34,52
145,107,34,52
154,107,34,52
158,107,34,52
165,107,34,52
172,105,34,52
176,105,34,52
180,105,34,52
187,105,34,52
191,107,34,52
193,107,34,52
193,105,34,52
193,105,34,52
191,105,34,52
187,103,34,52
183,101,34,52
176,101,34,52
172,101,34,52
163,101,34,52
154,101,34,52
147,92,34,52
136,94,34,52
125,94,34,52
116,94,34,52
109,94,34,52
105,92,34,52
103,92,34,52
103,90,34,52
103,90,34,52
105,92,34,52
107,94,34,52
111,94,34,52
118,94,34,52
127,94,34,52
134,94,34,52
143,94,34,52
152,94,34,52
161,96,34,52
172,96,34,52
181,96,34,52
190,98,34,52
194,98,34,52
196,100,34,52
196,100,34,52
192,102,34,52
183,102,34,52
176,102,34,52
163,100,34,52
150,98,34,52
137,98,34,52
124,98,34,52
113,94,34,52
104,107,34,52
95,109,34,52
91,111,34,52
87,113,34,52
83,115,34,52
81,115,34,52
79,115,34,52
77,115,34,52
77,115,34,52
77,115,34,52
77,117,34,52
79,117,34,52
83,117,34,52
90,117,34,52
99,115,34,52
108,111,34,52
119,107,34,52
132,96,34,52
145,94,34,52
163,94,34,52
176,96,34,52
187,109,34,52
196,116,34,52
198,118,34,52
200,118,34,52
198,118,34,52
196,120,34,52
194,118,34,52
192,118,34,52
188,118,34,52
184,114,34,52
175,118,34,52
168,120,34,52
155,116,34,52
142,107,34,52
124,100,34,52
106,100,34,52
93,113,34,52
80,120,34,52
69,122,34,52
60,122,34,52
53,122,34,52
49,122,34,52
40,122,34,52
33,124,34,52
26,126,34,52
17,124,34,52
8,117,34,52
-1,108,34,52
-5,106,34,52
-5,115,34,52
-1,128,34,52
8,141,34,52
17,148,34,52
24,148,34,52
31,148,34,52
35,146,34,52
39,146,34,52
43,144,34,52
45,142,34,52
49,140,34,52
51,140,34,52
58,140,34,52
62,140,34,52
73,136,34,52
80,132,34,52
91,112,34,52
100,103,34,52
100,94,34,52
102,92,34,52
102,90,34,52
98,92,34,52
96,96,34,52
85,98,34,52
83,98,34,52
76,100,34,52
72,98,34,52
70,98,34,52
68,96,34,52
68,94,34,52
68,94,34,52
70,92,34,52
74,94,34,52
78,94,34,52
85,98,34,52
94,100,34,52
103,100,34,52
112,98,34,52
121,96,34,52
125,94,34,52
129,92,34,52
129,99,34,52
127,108,34,52
125,108,34,52
123,110,34,52
119,112,34,52
115,110,34,52
111,108,34,52
109,95,34,52
111,93,34,52
113,93,34,52
120,95,34,52
127,95,34,52
134,95,34,52
143,95,34,52
150,93,34,52
157,91,34,52
161,91,34,52
