NaN,NaN,NaN,-1
123,92,46,58
123,93,46,58
123,93,46,58
123,93,46,58
123,93,46,58
123,93,46,58
123,93,46,58
123,94,46,58
122,95,46,58
122,96,46,58
121,97,46,58
121,98,46,58
120,98,46,58
119,98,46,58
118,99,46,58
117,99,46,58
116,100,46,58
116,99,46,58
116,100,46,58
116,98,46,58
117,98,46,58
118,96,46,58
119,96,46,58
120,95,46,58
122,94,46,58
123,94,46,58
125,93,46,58
126,93,46,58
127,92,46,58
128,91,46,58
128,90,46,58
127,88,46,58
125,87,46,58
123,86,46,58
121,84,46,58
120,83,46,58
119,83,46,58
118,84,46,58
117,84,46,58
117,86,46,58
117,88,46,58
116,92,46,58
115,94,46,58
116,95,46,58
115,97,46,58
117,96,46,58
118,96,46,58
118,96,46,58
120,95,46,58
121,95,46,58
121,95,46,58
121,94,46,58
123,94,46,58
123,94,46,58
122,94,46,58
123,93,46,58
123,93,46,58
123,93,46,58
123,93,46,58
122,93,46,58
122,95,46,58
121,98,46,58
121,100,46,58
121,100,46,58
121,102,46,58
122,103,46,58
123,104,46,58
124,104,46,58
124,104,46,58
124,102,46,58
124,97,46,58
124,95,46,58
123,94,46,58
124,91,46,58
124,87,46,58
124,83,46,58
124,80,46,58
124,78,46,58
123,78,46,58
123,78,46,58
122,78,46,58
122,79,46,58
122,80,46,58
122,81,46,58
121,83,46,58
119,85,46,58
118,86,46,58
116,88,46,58
114,90,46,58
113,91,46,58
111,92,46,58
110,93,46,58
108,94,46,58
107,96,46,58
105,97,46,58
103,99,46,58
102,101,46,58
101,103,46,58
101,104,46,58
101,104,46,58
103,103,46,58
104,102,46,58
107,101,46,58
109,101,46,58
111,101,46,58
115,100,46,58
118,100,46,58
122,100,46,58
124,100,46,58
126,100,46,58
128,100,46,58
130,99,46,58
132,97,46,58
133,98,46,58
135,98,46,58
135,99,46,58
135,101,46,58
133,102,46,58
131,103,46,58
129,103,46,58
127,103,46,58
125,102,46,58
123,101,46,58
122,97,46,58
119,95,46,58
117,92,46,58
115,91,46,58
114,91,46,58
113,91,46,58
111,91,46,58
109,93,46,58
108,94,46,58
106,97,46,58
106,98,46,58
107,100,46,58
107,102,46,58
108,103,46,58
109,104,46,58
110,104,46,58
112,104,46,58
112,104,46,58
112,104,46,58
112,103,46,58
112,102,46,58
111,100,46,58
109,99,46,58
106,98,46,58
103,97,46,58
100,97,46,58
98,96,46,58
94,96,46,58
92,97,46,58
89,97,46,58
88,98,46,58
88,98,46,58
87,97,46,58
86,97,46,58
86,97,46,58
86,98,46,58
86,99,46,58
86,100,46,58
86,101,46,58
86,102,46,58
87,103,46,58
86,105,46,58
85,106,46,58
85,106,46,58
84,106,46,58
83,106,46,58
82,106,46,58
81,105,46,58
80,104,46,58
79,102,46,58
78,101,46,58
77,100,46,58
76,99,46,58
75,98,46,58
73,97,46,58
72,98,46,58
70,98,46,58
67,99,46,58
65,99,46,58
64,98,46,58
62,98,46,58
61,97,46,58
59,97,46,58
58,97,46,58
58,97,46,58
59,97,46,58
60,98,46,58
61,99,46,58
61,101,46,58
62,101,46,58
62,103,46,58
63,102,46,58
62,103,46,58
61,102,46,58
61,102,46,58
59,101,46,58
58,101,46,58
57,100,46,58
55,99,46,58
54,98,46,58
53,97,46,58
52,96,46,58
52,96,46,58
52,95,46,58
53,95,46,58
56,94,46,58
58,93,46,58
59,93,46,58
61,92,46,58
62,91,46,58
62,90,46,58
62,89,46,58
61,90,46,58
61,89,46,58
59,91,46,58
59,90,46,58
58,90,46,58
58,90,46,58
58,88,46,58
58,87,46,58
59,88,46,58
59,86,46,58
58,87,46,58
59,88,46,58
58,86,46,58
55,87,46,58
NaN,NaN,NaN,-2
NaN,NaN,NaN,0
NaN,NaN,NaN,0
NaN,NaN,NaN,0
NaN,NaN,NaN,0
NaN,NaN,NaN,-1
116,115,41,53
116,114,41,53
116,113,41,53
114,111,41,53
112,109,41,53
110,107,41,53
108,104,41,53
106,102,41,53
102,100,41,53
97,99,41,53
92,97,41,53
88,95,41,53
83,93,41,53
78,92,41,53
72,92,41,53
69,91,41,53
68,91,41,53
70,91,41,53
73,93,41,53
77,95,41,53
81,97,41,53
84,98,41,53
88,99,41,53
89,102,41,53
90,106,41,53
92,108,41,53
94,111,41,53
96,114,41,53
98,115,41,53
100,115,41,53
102,114,41,53
105,113,41,53
107,111,41,53
109,108,41,53
111,104,41,53
113,100,41,53
115,96,41,53
116,92,41,53
115,89,41,53
116,86,41,53
112,84,41,53
110,80,41,53
107,76,41,53
104,73,41,53
101,70,41,53
98,67,41,53
95,65,41,53
92,62,41,53
89,61,41,53
87,60,41,53
86,61,41,53
85,62,41,53
84,64,41,53
83,65,41,53
81,67,41,53
81,69,41,53
81,70,41,53
79,72,41,53
78,74,41,53
77,76,41,53
77,79,41,53
76,81,41,53
78,84,41,53
80,86,41,53
81,87,41,53
85,88,41,53
88,89,41,53
