NaN,NaN,NaN,-1
335,168,26,64
336,167,26,64
335,168,26,64
334,168,26,64
344,177,26,64
344,177,26,64
344,177,26,64
344,177,26,64
344,177,26,64
344,177,26,64
344,177,26,64
344,177,26,64
344,177,26,64
344,177,26,64
NaN,NaN,NaN,-2
NaN,NaN,NaN,0
NaN,NaN,NaN,0
NaN,NaN,NaN,0
NaN,NaN,NaN,0
NaN,NaN,NaN,-1
324,162,26,64
324,162,26,64
324,162,26,64
324,162,26,64
324,162,26,64
324,162,26,64
324,162,26,64
324,162,26,64
324,162,26,64
324,162,26,64
324,162,26,64
324,162,26,64
324,162,26,64
324,162,26,64
324,162,26,64
324,162,26,64
324,162,26,64
324,162,26,64
324,162,26,64
324,162,26,64
324,162,26,64
324,162,26,64
324,162,26,64
324,162,26,64
324,162,26,64
324,162,26,64
324,162,26,64
324,162,26,64
324,162,26,64
324,162,26,64
324,162,26,64
324,162,26,64
324,162,26,64
324,162,26,64
324,162,26,64
324,162,26,64
324,162,26,64
324,162,26,64
NaN,NaN,NaN,-2
NaN,NaN,NaN,0
NaN,NaN,NaN,0
NaN,NaN,NaN,0
NaN,NaN,NaN,0
NaN,NaN,NaN,-1
326,150,26,64
324,151,26,64
323,151,26,64
322,152,26,64
320,152,26,64
319,151,26,64
319,151,26,64
321,149,26,64
323,150,26,64
321,151,26,64
321,151,26,64
321,151,26,64
320,151,26,64
321,152,26,64
321,151,26,64
319,152,26,64
319,151,26,64
321,149,26,64
322,150,26,64
323,150,26,64
324,151,26,64
322,151,26,64
322,151,26,64
322,152,26,64
323,152,26,64
325,152,26,64
325,152,26,64
327,152,26,64
328,151,26,64
334,150,26,64
334,151,26,64
335,151,26,64
336,151,26,64
335,151,26,64
336,151,26,64
336,150,26,64
337,150,26,64
337,149,26,64
338,150,26,64
339,149,26,64
341,149,26,64
341,151,26,64
341,151,26,64
341,151,26,64
343,151,26,64
344,152,26,64
350,157,26,64
351,151,26,64
352,155,26,64
354,155,26,64
359,151,26,64
362,155,26,64
362,156,26,64
362,155,26,64
362,155,26,64
362,156,26,64
359,158,26,64
368,157,26,64
368,158,26,64
368,159,26,64
369,158,26,64
371,156,26,64
371,157,26,64
369,158,26,64
370,157,26,64
373,159,26,64
373,161,26,64
375,161,26,64
378,162,26,64
378,161,26,64
380,163,26,64
385,160,26,64
387,162,26,64
388,163,26,64
387,165,26,64
389,165,26,64
391,165,26,64
391,166,26,64
393,166,26,64
395,168,26,64
403,166,26,64
404,167,26,64
405,167,26,64
408,169,26,64
409,169,26,64
410,168,26,64
410,168,26,64
411,168,26,64
413,167,26,64
413,168,26,64
411,176,26,64
413,166,26,64
413,165,26,64
413,165,26,64
414,166,26,64
413,165,26,64
413,166,26,64
414,167,26,64
414,168,26,64
420,168,26,64
422,169,26,64
426,177,26,64
429,175,26,64
444,169,26,64
447,169,26,64
448,173,26,64
447,173,26,64
457,167,26,64
457,168,26,64
457,166,26,64
462,167,26,64
464,164,26,64
461,164,26,64
464,164,26,64
463,164,26,64
464,162,26,64
467,161,26,64
466,161,26,64
467,161,26,64
467,162,26,64
467,164,26,64
473,166,26,64
478,167,26,64
478,165,26,64
479,165,26,64
477,166,26,64
475,166,26,64
464,168,26,64
463,169,26,64
461,169,26,64
458,167,26,64
457,169,26,64
458,169,26,64
459,169,26,64
461,166,26,64
461,164,26,64
460,165,26,64
460,165,26,64
461,164,26,64
460,163,26,64
458,163,26,64
458,162,26,64
458,160,26,64
458,160,26,64
456,159,26,64
456,158,26,64
456,158,26,64
456,157,26,64
456,158,26,64
NaN,NaN,NaN,-2
NaN,NaN,NaN,0
NaN,NaN,NaN,0
NaN,NaN,NaN,0
NaN,NaN,NaN,0
NaN,NaN,NaN,-1
459,140,26,64
458,138,26,64
458,138,26,64
458,138,26,64
459,137,26,64
457,138,26,64
457,137,26,64
457,134,26,64
458,134,26,64
459,133,26,64
460,132,26,64
462,132,26,64
463,131,26,64
464,130,26,64
464,129,26,64
466,128,26,64
474,127,26,64
477,127,26,64
482,128,26,64
477,107,26,64
NaN,NaN,NaN,-2
NaN,NaN,NaN,0
NaN,NaN,NaN,0
NaN,NaN,NaN,0
NaN,NaN,NaN,0
NaN,NaN,NaN,-1
531,133,26,64
534,131,26,64
534,130,26,64
534,130,26,64
534,129,26,64
531,128,26,64
531,126,26,64
529,126,26,64
526,126,26,64
525,127,26,64
525,127,26,64
524,127,26,64
524,126,26,64
519,126,26,64
518,125,26,64
515,127,26,64
511,127,26,64
508,125,26,64
507,124,26,64
502,121,26,64
500,120,26,64
499,120,26,64
499,121,26,64
498,117,26,64
496,114,26,64
495,110,26,64
493,109,26,64
490,108,26,64
484,107,26,64
483,105,26,64
484,104,26,64
482,97,26,64
482,97,26,64
483,97,26,64
484,98,26,64
484,98,26,64
485,96,26,64
485,95,26,64
485,93,26,64
489,95,26,64
491,95,26,64
490,94,26,64
491,93,26,64
491,91,26,64
492,89,26,64
492,89,26,64
491,90,26,64
492,91,26,64
494,92,26,64
493,92,26,64
492,91,26,64
490,92,26,64
485,94,26,64
482,94,26,64
479,94,26,64
475,93,26,64
474,93,26,64
463,92,26,64
461,92,26,64
458,95,26,64
455,97,26,64
449,98,26,64
447,97,26,64
445,98,26,64
445,97,26,64
446,99,26,64
444,98,26,64
441,98,26,64
440,97,26,64
440,97,26,64
431,99,26,64
430,99,26,64
429,100,26,64
430,102,26,64
431,102,26,64
431,102,26,64
433,100,26,64
430,103,26,64
431,102,26,64
428,102,26,64
426,99,26,64
426,99,26,64
425,98,26,64
423,98,26,64
422,99,26,64
416,98,26,64
416,97,26,64
415,97,26,64
413,98,26,64
410,98,26,64
409,98,26,64
407,96,26,64
403,97,26,64
395,96,26,64
398,98,26,64
397,97,26,64
394,97,26,64
393,96,26,64
389,98,26,64
386,98,26,64
362,81,26,64
374,97,26,64
375,97,26,64
375,97,26,64
