NaN,NaN,NaN,-1
206,106,34,93
202,104,34,94
204,101,34,93
202,101,34,95
200,99,34,94
197,102,34,93
196,105,32,91
201,102,34,94
201,104,31,92
204,108,30,94
204,107,31,92
207,106,34,91
211,105,31,93
208,101,34,92
211,102,32,91
208,97,32,91
212,97,32,91
215,102,31,93
212,96,30,91
211,92,31,91
212,96,30,93
214,97,31,91
216,101,31,91
218,99,31,92
218,98,32,91
217,92,30,92
217,94,31,93
218,96,31,92
216,87,31,92
218,94,30,93
217,90,31,91
220,102,30,93
223,90,31,93
220,99,30,91
221,93,31,92
218,100,31,91
217,97,33,92
218,95,30,92
216,93,30,91
216,98,31,93
218,91,31,93
220,96,30,91
220,104,31,91
222,90,31,93
217,111,30,93
216,109,30,94
219,110,33,93
218,107,31,93
219,105,30,92
217,111,31,92
211,108,31,93
208,108,31,95
204,105,31,91
194,100,33,93
194,96,31,93
191,87,30,92
190,85,31,95
192,86,31,93
195,91,31,93
194,89,31,92
193,89,30,95
192,89,30,93
195,101,31,93
197,93,30,91
197,93,31,91
199,91,31,91
198,88,31,93
199,91,31,91
205,97,31,91
208,91,30,92
219,94,30,93
221,103,31,95
221,92,31,93
216,90,31,93
213,95,30,91
207,98,30,91
196,94,31,93
193,91,31,94
193,90,31,93
192,82,30,93
192,78,33,92
191,78,31,93
197,79,30,93
191,78,31,95
197,77,33,93
189,81,33,93
193,84,31,92
190,80,33,93
190,79,31,92
192,87,30,91
193,84,31,92
198,98,32,93
201,104,33,94
199,109,31,92
204,112,30,94
206,106,30,93
211,110,31,94
206,109,31,94
209,111,32,95
207,109,31,92
202,119,33,91
203,120,31,92
205,126,31,94
204,129,31,93
203,130,31,94
203,132,30,94
201,133,31,91
202,131,31,91
201,128,34,93
204,124,34,91
201,124,34,92
202,121,34,92
204,120,32,92
204,116,33,93
206,118,30,92
208,117,31,93
210,118,31,91
213,118,31,92
214,118,30,91
217,117,30,91
218,115,32,91
217,115,34,92
218,118,34,91
209,123,31,93
211,127,32,94
216,111,31,91
213,104,31,91
214,118,31,94
215,122,30,92
218,117,31,91
223,119,31,91
218,114,32,91
225,123,31,92
226,116,31,91
225,116,30,91
227,127,30,95
231,111,30,91
230,126,30,94
227,128,34,94
223,130,33,92
224,130,34,95
228,133,30,95
231,129,31,93
231,128,30,92
232,127,30,93
232,125,31,94
232,123,31,95
233,123,30,93
233,121,30,91
232,121,31,91
233,121,31,93
235,121,31,92
233,120,30,92
234,117,31,94
234,117,30,94
235,113,31,95
231,105,32,91
229,109,34,91
233,106,31,91
231,105,31,93
232,107,31,91
233,109,30,91
235,106,30,91
235,103,31,91
236,108,30,91
234,110,32,91
233,105,31,91
234,106,31,91
234,106,31,91
230,106,32,91
232,106,30,91
230,113,30,93
226,110,31,93
227,104,31,91
224,104,30,91
220,103,31,93
220,105,31,94
220,103,31,91
219,100,31,91
219,101,30,91
217,99,30,93
215,99,31,91
215,103,30,91
213,104,31,91
214,104,31,91
214,103,30,92
216,105,31,91
212,108,31,92
214,112,31,93
213,113,30,94
213,117,33,93
214,116,30,92
214,115,31,94
215,117,30,94
214,120,34,95
214,114,31,93
215,114,30,92
212,105,33,92
214,106,30,91
214,104,31,91
211,105,30,91
210,107,31,91
209,106,30,91
206,111,31,93
204,113,31,92
204,115,30,91
204,115,31,93
207,116,31,94
208,120,30,91
208,117,31,94
209,122,32,95
209,126,30,93
210,129,31,93
209,134,32,94
208,139,30,93
208,141,31,95
206,141,31,92
206,145,31,94
206,147,30,94
205,147,30,93
205,150,31,95
205,150,31,95
205,149,31,95
205,147,31,92
204,145,30,92
207,146,31,95
206,145,31,93
206,147,31,91
206,148,31,94
207,146,30,91
207,144,30,92
205,143,30,95
201,150,30,95
198,153,31,93
197,154,31,95
195,152,31,94
193,153,31,95
195,147,31,94
193,150,31,94
193,146,31,93
194,148,31,93
195,150,30,92
195,148,31,94
197,148,31,91
201,149,30,92
203,147,30,93
206,144,31,95
209,145,31,95
211,144,31,92
213,144,31,91
211,140,31,93
214,140,30,91
212,138,31,91
211,133,31,93
213,131,33,91
213,132,32,92
212,129,30,93
213,131,31,91
215,127,31,92
213,125,31,93
213,123,31,93
212,117,31,91
211,124,30,92
205,132,30,95
205,130,30,92
204,137,31,93
203,138,30,92
202,140,30,94
202,141,31,94
202,139,31,94
202,143,31,94
203,141,30,94
202,139,30,94
199,141,30,94
197,140,30,94
195,141,31,95
193,140,31,94
192,140,30,94
190,141,30,94
189,141,31,94
188,140,31,95
186,148,32,94
184,126,30,92
179,126,30,93
176,125,33,91
177,132,30,94
179,121,31,91
176,129,31,94
195,155,34,93
198,153,32,94
200,154,32,94
197,157,32,93
NaN,NaN,NaN,-2
NaN,NaN,NaN,0
NaN,NaN,NaN,0
NaN,NaN,NaN,0
NaN,NaN,NaN,0
NaN,NaN,NaN,-1
162,88,34,83
162,86,33,86
161,87,34,85
157,86,34,86
155,84,32,84
154,81,33,86
153,84,33,86
154,83,32,86
156,83,32,86
154,84,32,86
152,87,34,85
150,87,34,86
152,92,32,86
151,91,32,86
152,96,33,84
140,88,32,84
138,85,34,86
138,86,34,86
140,85,34,83
138,84,34,82
138,85,34,82
135,85,34,83
132,82,34,83
139,84,34,83
139,85,34,83
140,84,34,85
139,85,34,84
138,87,34,83
138,86,34,84
138,89,34,84
135,88,34,84
129,80,34,85
136,87,34,82
141,89,33,84
138,88,34,84
138,91,34,85
139,90,34,86
140,92,34,85
141,91,34,85
145,92,34,84
153,94,32,83
155,96,34,84
158,98,34,84
159,97,34,84
165,101,34,84
160,99,34,84
163,94,34,86
154,89,33,86
168,93,34,84
169,92,34,82
168,92,34,84
148,80,33,86
148,83,33,86
148,88,34,85
148,90,33,86
150,93,32,86
153,95,34,86
155,98,34,85
155,95,34,86
154,96,34,84
155,97,34,84
153,95,34,85
154,97,34,85
155,100,32,86
149,97,34,86
133,88,34,86
134,89,34,86
132,92,30,85
139,94,32,84
138,91,34,86
140,95,34,85
142,96,34,84
144,97,34,85
146,102,34,86
150,105,34,86
151,109,34,84
151,109,34,86
155,108,34,84
154,113,34,84
153,118,32,84
154,119,34,86
153,118,32,86
151,117,34,85
150,118,34,86
154,118,34,85
154,120,34,84
156,118,34,82
160,120,34,85
163,119,32,86
146,102,34,85
145,100,34,82
145,95,32,83
147,92,33,84
148,90,34,82
155,91,32,83
156,90,32,83
156,88,34,83
159,86,32,83
162,83,34,83
163,86,34,85
159,87,34,86
154,87,32,83
160,86,34,84
154,85,32,86
156,89,33,86
155,91,32,86
158,97,32,84
153,96,34,85
154,99,34,86
142,94,31,84
149,99,31,86
149,103,33,84
146,101,34,84
151,104,34,86
149,101,34,86
140,103,31,86
140,99,34,84
145,99,34,85
148,101,34,83
144,99,34,83
146,97,34,83
144,96,34,83
147,97,34,83
148,92,32,83
149,89,34,85
150,91,34,84
151,89,34,85
151,90,34,86
154,89,34,84
157,93,32,85
160,91,34,86
158,90,34,86
157,93,34,84
159,90,34,83
160,91,34,85
157,90,34,85
152,90,34,83
151,88,34,85
150,88,34,86
152,89,34,84
148,85,34,84
149,80,32,85
150,80,34,84
151,78,34,86
154,80,34,85
154,76,34,84
153,77,34,84
155,75,34,84
155,74,34,84
158,75,34,85
161,76,34,82
165,78,32,86
168,81,34,84
168,86,33,86
171,84,34,86
168,90,34,84
169,91,30,85
170,93,32,86
173,95,33,86
175,98,32,86
173,102,31,84
171,102,31,86
172,103,34,85
169,106,33,86
166,107,31,84
166,110,31,86
153,98,32,86
153,104,32,84
150,103,33,85
148,105,32,84
148,108,33,85
145,106,34,84
148,109,33,86
146,112,32,85
145,109,34,84
147,109,34,86
144,109,34,86
145,114,32,84
146,114,34,84
147,116,34,84
153,118,34,86
154,119,34,84
147,116,32,84
145,117,30,85
159,120,34,84
160,121,34,84
160,116,34,83
161,115,34,85
146,100,32,83
160,112,34,85
151,97,32,85
152,97,34,86
153,95,32,85
158,92,32,82
154,88,34,85
156,87,34,83
160,87,34,85
157,85,34,85
156,85,34,84
155,87,34,84
156,86,34,83
160,85,34,84
159,86,34,82
159,85,34,82
158,85,34,84
159,86,34,82
159,86,34,84
158,85,34,82
155,83,34,82
155,85,34,83
159,85,34,85
158,84,34,83
156,81,34,85
154,85,34,84
153,84,34,84
154,86,34,83
147,82,34,85
146,82,33,85
141,83,32,83
138,79,34,84
136,82,34,83
133,80,34,83
134,79,34,84
133,81,34,83
134,76,34,86
132,79,34,85
133,77,34,84
131,75,34,85
129,77,34,83
130,74,34,83
130,77,34,84
131,78,34,85
132,79,34,83
133,83,34,84
132,86,33,82
136,86,34,84
137,89,32,86
139,94,33,85
143,99,33,83
146,102,32,84
147,104,34,86
152,105,32,84
154,103,34,86
157,104,32,83
155,104,30,83
150,104,34,83
152,102,34,83
151,98,34,83
148,91,34,84
149,91,34,83
150,89,34,85
148,85,34,85
148,82,33,82
148,82,32,82
145,84,34,84
137,81,33,84
131,76,34,84
131,75,34,83
130,76,32,82
128,71,34,84
128,68,34,84
124,65,31,84
138,64,34,84
151,72,34,82
NaN,NaN,NaN,-2
NaN,NaN,NaN,0
NaN,NaN,NaN,0
NaN,NaN,NaN,0
NaN,NaN,NaN,0
NaN,NaN,NaN,-1
246,9,47,134
243,13,47,132
242,16,45,132
240,14,43,133
242,18,44,136
244,23,43,134
243,26,45,134
239,24,44,136
233,26,44,136
222,19,43,134
221,21,45,132
217,18,45,135
NaN,NaN,NaN,-2
NaN,NaN,NaN,0
NaN,NaN,NaN,0
NaN,NaN,NaN,0
NaN,NaN,NaN,0
NaN,NaN,NaN,-1
174,69,64,142
179,70,64,143
180,70,64,139
183,70,65,142
184,73,64,142
183,77,64,141
185,79,64,142
184,81,62,142
182,85,62,143
169,72,62,141
