NaN,NaN,NaN,-1
205,118,32,95
206,113,32,94
207,111,32,96
209,106,31,96
199,106,32,94
202,110,32,94
198,108,32,96
204,107,28,95
203,107,29,94
205,110,29,96
206,112,29,97
212,109,30,94
212,106,30,95
214,105,30,95
213,101,31,97
211,99,31,94
213,99,29,94
215,103,29,95
211,93,29,94
212,97,29,94
213,97,29,95
213,96,29,94
216,93,29,94
218,97,28,96
217,97,29,95
219,94,29,95
217,96,29,95
218,98,29,94
214,91,30,95
217,93,29,94
220,96,29,95
221,96,29,95
222,92,28,96
221,92,30,95
219,100,29,95
218,96,28,96
219,96,28,95
218,97,28,95
218,95,28,94
217,96,29,94
218,93,28,95
218,95,28,95
220,100,28,95
224,100,28,95
216,105,31,97
217,111,28,96
221,109,31,94
219,106,30,96
221,112,29,94
219,102,28,97
212,103,29,96
210,109,29,97
203,96,29,96
196,97,30,96
197,92,29,94
194,85,29,97
194,90,29,98
194,87,29,94
195,90,28,95
197,87,29,95
197,89,29,95
198,90,29,94
198,91,29,95
200,96,29,95
199,95,29,95
200,91,29,95
199,90,28,94
199,86,28,94
204,91,28,95
212,94,28,94
217,94,29,95
219,111,32,96
220,105,28,98
215,108,30,96
212,103,28,96
207,88,28,96
196,89,29,95
195,89,29,96
195,81,28,95
194,77,29,96
194,78,30,94
191,83,30,97
197,81,32,96
194,83,29,96
198,76,30,94
193,80,30,96
193,84,29,96
201,82,31,95
195,91,29,95
193,81,29,97
196,89,28,95
199,95,28,96
199,102,28,94
203,102,29,95
205,102,29,98
208,108,30,96
211,107,29,97
207,109,31,97
209,107,30,97
206,102,28,98
205,105,30,96
205,113,30,96
204,116,30,98
206,122,28,94
205,124,30,98
206,128,31,98
202,130,31,97
203,128,30,95
202,126,32,96
206,125,32,94
204,122,32,95
204,118,31,95
206,118,31,95
207,115,30,94
206,115,28,94
209,117,28,95
209,115,29,95
212,115,30,95
214,116,28,95
217,115,28,95
219,115,30,95
217,117,32,94
208,115,30,98
209,122,30,96
210,123,29,98
217,121,31,96
215,125,30,97
214,125,32,98
216,122,29,94
220,114,28,95
224,122,29,95
225,121,29,97
226,118,29,95
226,124,30,98
226,121,28,97
227,128,28,98
230,125,28,97
231,127,29,94
225,127,32,98
220,132,30,96
226,131,32,98
230,132,32,96
233,127,31,95
234,124,29,98
233,121,29,95
235,123,29,98
235,122,29,98
235,122,28,94
233,117,28,95
232,119,29,94
233,118,29,95
236,120,29,95
234,118,29,97
235,117,29,95
235,114,30,96
237,113,29,97
230,103,31,96
232,106,30,95
233,105,29,95
233,104,29,94
234,106,29,95
235,105,29,95
236,106,28,94
236,106,29,95
237,107,29,95
237,107,29,95
237,104,29,94
237,106,29,95
236,106,29,95
232,106,30,94
235,107,29,95
232,107,28,95
229,109,28,95
229,108,29,94
225,105,28,95
223,104,29,97
221,104,29,96
220,104,28,95
220,102,29,95
220,97,29,95
220,98,29,95
218,103,29,95
216,99,28,95
216,102,29,95
215,103,29,97
216,105,28,95
217,101,29,95
215,107,28,96
215,111,28,96
215,114,28,96
214,115,30,95
216,115,29,95
216,115,29,98
216,114,31,97
217,120,31,96
216,115,30,98
216,115,28,95
213,107,30,94
215,105,29,95
217,104,29,94
214,103,29,94
213,101,29,95
211,103,29,94
209,104,29,95
209,107,28,94
205,107,29,98
206,112,28,98
208,113,29,97
208,113,28,96
208,114,29,98
210,118,29,96
211,123,28,98
212,126,29,98
210,135,28,97
209,140,28,95
209,141,29,98
207,141,28,98
207,145,29,97
208,145,28,96
205,145,30,95
205,148,29,96
206,146,29,97
206,146,29,97
206,147,28,97
206,145,28,95
208,144,29,94
208,144,29,98
208,146,29,95
207,148,29,96
207,142,29,97
208,143,29,94
205,144,30,96
202,147,30,98
200,148,29,98
198,149,28,98
196,149,29,98
195,150,30,98
197,147,29,98
195,151,29,97
192,154,31,98
194,153,30,98
196,156,30,98
196,153,29,95
198,150,29,95
201,149,28,95
204,148,29,94
207,148,29,95
210,149,28,96
211,148,29,94
213,147,29,95
213,142,29,95
214,138,29,96
212,138,29,94
214,139,29,95
214,133,29,98
215,131,29,94
214,129,29,95
215,125,29,95
214,127,29,94
214,122,29,95
212,122,29,97
212,125,29,94
213,127,29,95
206,127,28,95
206,126,28,98
205,126,29,96
206,128,29,96
204,129,29,98
203,132,29,96
204,133,29,98
202,137,28,98
203,136,28,96
202,135,29,98
201,137,28,96
198,135,28,98
197,138,29,98
195,134,28,96
195,135,29,98
192,135,29,96
190,135,29,98
187,126,28,94
186,123,29,95
183,116,29,95
179,116,30,95
179,118,28,95
181,112,29,95
180,115,30,95
176,106,31,95
176,104,28,96
173,125,30,97
172,102,29,95
197,148,30,97
169,110,32,95
170,114,29,95
173,106,29,95
175,114,30,97
173,121,29,95
NaN,NaN,NaN,-2
NaN,NaN,NaN,0
NaN,NaN,NaN,0
NaN,NaN,NaN,0
NaN,NaN,NaN,0
NaN,NaN,NaN,-1
155,90,30,66
154,89,30,66
153,88,30,68
155,88,27,68
153,90,29,66
149,91,30,66
150,93,30,67
149,95,30,65
148,96,29,65
143,96,29,66
141,94,30,66
143,92,31,65
141,92,30,66
141,90,30,64
139,90,31,67
137,89,30,68
136,90,30,65
136,87,31,65
138,86,31,65
140,88,31,65
141,89,30,66
142,88,30,68
135,86,31,64
135,88,30,64
134,87,30,66
136,89,30,65
133,88,30,66
137,92,30,64
138,93,30,66
142,96,30,67
139,98,31,67
140,98,31,66
144,101,30,66
148,102,30,66
148,105,30,68
152,105,30,68
154,105,30,65
159,105,30,66
160,108,30,65
161,110,30,66
160,107,27,68
156,107,29,68
153,105,30,68
155,101,29,66
152,102,29,66
148,92,31,66
146,90,29,66
145,91,30,68
148,93,30,66
148,93,30,66
148,94,30,67
150,93,31,68
154,95,30,66
152,92,30,66
152,97,30,66
150,97,30,66
151,93,31,67
152,97,30,68
153,95,30,66
137,88,27,66
135,91,30,66
134,92,31,68
132,93,30,67
139,94,31,66
142,96,31,67
145,96,30,67
149,100,31,66
152,102,31,66
153,106,30,64
153,109,30,67
154,112,29,68
154,112,29,68
155,117,29,66
154,119,29,66
154,121,31,67
153,122,30,66
154,125,29,66
153,125,30,68
152,123,30,64
149,124,30,68
149,125,30,68
148,122,30,68
147,119,31,67
145,114,30,67
145,113,30,66
145,109,28,65
144,104,29,67
147,103,29,64
152,101,28,65
153,98,28,66
153,95,30,64
156,95,31,66
160,93,29,65
161,92,31,66
159,92,27,65
157,96,27,67
154,99,29,66
153,100,30,68
150,101,27,68
149,103,29,66
148,102,27,68
145,103,28,68
142,109,29,66
145,109,30,68
142,113,29,66
144,116,31,66
143,120,30,67
141,118,29,66
139,122,30,66
139,123,30,66
138,120,30,67
139,116,31,67
140,114,30,65
141,107,30,65
144,109,31,67
140,104,29,65
142,103,30,64
145,103,31,67
148,102,30,67
149,98,27,67
151,97,30,66
151,98,27,67
150,95,28,66
151,100,29,68
149,98,31,66
151,103,29,68
146,98,29,68
144,99,27,67
140,99,28,66
138,97,27,66
137,98,27,67
135,93,30,68
133,98,28,68
132,98,27,66
131,97,29,68
134,99,30,66
136,94,30,68
135,93,29,68
138,93,31,68
137,90,31,66
137,84,31,65
144,88,30,66
144,85,30,65
149,88,30,68
153,85,30,66
156,90,30,66
160,87,31,66
163,89,30,66
167,89,30,67
169,90,30,64
168,94,29,66
169,97,30,67
172,98,29,68
172,102,30,68
173,101,31,67
173,106,30,67
172,105,30,65
175,108,31,68
170,100,30,68
168,98,27,68
167,97,29,68
166,100,28,68
166,102,28,68
166,105,29,68
163,102,30,68
156,99,28,68
154,101,27,66
154,104,29,66
151,106,28,64
155,103,28,64
152,106,31,66
150,108,31,66
150,110,30,66
154,111,31,65
149,113,29,66
148,116,31,67
149,115,30,68
146,120,28,66
145,124,27,68
144,124,29,68
144,121,30,67
144,114,28,67
144,112,29,65
145,110,31,65
147,107,30,66
150,106,29,64
153,103,28,65
153,100,28,65
154,98,28,66
155,95,30,66
156,94,31,68
156,93,30,66
157,92,31,65
155,88,30,67
154,90,30,65
156,89,30,64
157,93,30,65
157,92,31,67
159,92,30,65
158,92,30,64
158,91,30,64
158,91,30,65
159,92,30,65
158,92,28,64
158,89,30,64
157,89,30,65
159,87,30,65
156,88,31,64
160,85,31,64
162,86,30,64
156,86,30,65
154,85,30,65
153,87,30,65
149,84,28,65
144,84,30,67
143,84,29,65
143,85,31,65
140,83,30,65
135,82,30,66
135,78,30,64
134,80,30,65
130,82,31,65
127,81,29,67
127,83,30,66
125,86,29,67
131,82,30,65
134,85,31,65
135,84,31,64
129,84,30,65
131,87,30,68
134,91,31,67
136,95,30,68
138,100,31,67
143,102,31,64
147,104,30,66
150,106,30,68
152,109,30,64
154,113,30,67
157,111,30,65
152,108,30,64
144,103,31,68
144,105,30,66
144,100,30,64
145,98,30,64
145,97,31,65
147,94,30,66
143,94,28,64
145,91,31,65
145,90,30,65
145,90,30,64
137,85,30,64
132,83,30,66
130,78,30,66
135,78,27,66
128,68,30,65
132,65,30,64
114,53,30,66
134,62,30,67
NaN,NaN,NaN,-2
NaN,NaN,NaN,0
NaN,NaN,NaN,0
NaN,NaN,NaN,0
NaN,NaN,NaN,0
NaN,NaN,NaN,-1
244,28,42,133
246,25,44,134
244,23,44,133
243,24,42,133
239,25,40,133
241,30,41,133
246,33,43,134
247,35,40,134
242,37,41,135
228,30,42,132
216,26,42,133
220,36,43,132
213,25,43,135
NaN,NaN,NaN,-2
NaN,NaN,NaN,0
NaN,NaN,NaN,0
NaN,NaN,NaN,0
NaN,NaN,NaN,0
NaN,NaN,NaN,-1
182,86,60,146
185,84,60,145
186,84,60,143
187,84,60,145
187,87,61,143
188,90,60,145
188,92,61,145
188,94,58,146
186,98,58,147
182,99,59,145
