NaN,NaN,NaN,-1
124.69,97.033,43.491,52.353
124.7,97.836,42.324,50.851
124.62,98.637,42.104,50.557
124.65,98.625,41.779,50.141
124.65,98.561,41.639,49.96
124.44,98.721,41.365,49.615
124.23,98.523,41.213,49.432
124.14,98.921,41.168,49.369
123.84,100.4,40.838,48.948
123.84,102.07,40.523,48.534
123.5,102.93,40.707,48.767
123.11,103.36,40.978,49.113
122.52,103.91,40.496,48.5
121.89,104.19,40.481,48.48
121.44,104.4,40.487,48.485
120.23,105.3,40.241,48.175
118.97,105.79,40.333,48.293
118.27,105.83,40.279,48.217
118.21,105.56,40.112,47.999
118.62,104.91,39.985,47.838
118.99,103.53,40.133,48.024
119.93,102.43,39.975,47.822
120.92,101.73,39.871,47.691
122.29,100.55,39.969,47.819
124.02,99.18,40.447,48.429
125.78,98.782,40.244,48.175
127.28,98.322,40.097,47.992
129.01,97.646,40.169,48.09
130.22,97.089,39.956,47.811
130.43,96.471,39.832,47.651
130.26,95.501,39.904,47.735
129.74,94.089,39.993,47.857
128.04,92.706,40.027,47.899
125.61,91.491,39.727,47.52
124.15,90.575,39.5,47.231
122.88,89.513,39.669,47.444
121.63,88.76,39.659,47.432
120.68,89.2,39.16,46.793
119.43,89.95,39.224,46.88
119.03,91.331,39.163,46.802
118.49,93.411,39.139,46.771
117.81,97.117,39.092,46.713
117.93,99.708,38.849,46.41
117.58,101.53,39.263,46.943
117.62,103.15,38.99,46.593
118.5,103.21,39.493,47.242
120.2,103.98,39.162,46.803
121.07,103.82,39.398,47.113
122.26,103.17,38.836,46.385
123.32,102.09,39.195,46.847
123.93,101.19,39.008,46.605
124.08,100.57,39.115,46.735
125.49,99.909,40.068,47.959
125.14,98.96,40.227,48.159
124.68,99.159,40,47.875
124.21,98.899,40.357,48.331
124.57,98.869,40.147,48.058
124.38,98.459,40.588,48.632
124.24,98.472,40.146,48.073
123.91,98.189,40.751,48.838
123.89,101.18,40.401,48.404
123.69,103.56,40.553,48.592
123.21,105.82,40.197,48.136
123.43,107.15,39.633,47.412
123.64,109.35,39.108,46.749
124.39,110.72,39.347,47.047
125.43,111.13,39.656,47.449
126.49,111.66,39.628,47.405
126.3,111.44,39.287,46.972
126.57,110.05,38.429,45.885
126.28,108.36,38.124,45.505
125.67,106.82,37.69,44.966
125.62,105.27,36.126,43.073
126.5,102.69,34.639,41.295
127.42,99.481,34.044,40.577
128.11,96.637,33.691,40.154
128.18,94.15,33.154,39.518
128.01,92.737,33.37,39.767
128.03,91.972,33.391,39.79
127.39,92.16,33.614,40.048
126.94,92.698,33.499,39.914
126.95,93.783,33.417,39.818
127.2,94.388,33.394,39.792
127.15,96.496,32.91,39.223
125.63,98.02,32.923,39.24
124.32,99.653,33.068,39.408
122.93,101.16,33.249,39.622
121.55,103.19,32.972,39.299
119.77,104.32,33.028,39.363
117.99,105.05,33.061,39.402
116.52,105.37,33.334,39.723
115.6,107.03,32.889,39.204
113.41,108.25,33.088,39.435
111.59,109.37,33.23,39.598
109.25,111.42,33.39,39.785
107.08,113.26,34,40.499
106.13,114.66,34.228,40.767
105.78,116.44,33.856,40.334
105.93,117.45,33.695,40.15
106.24,117.58,33.745,40.204
107.24,116.74,33.963,40.46
108.78,115.43,33.94,40.435
110.7,114.76,34.135,40.66
112.89,114.79,33.635,40.076
115.21,114.42,33.838,40.312
118.71,113.76,33.838,40.313
122.25,113.59,33.973,40.47
125.63,113.87,33.774,40.239
127.9,113.91,33.83,40.305
131.02,114.51,33.181,39.547
133.02,113.56,33.396,39.798
135.03,113.01,33.533,39.958
135.98,112.35,33.548,39.975
137.05,112.55,34.022,40.53
138.28,113.05,33.987,40.491
138.29,114.42,33.963,40.459
137.09,115.88,34.171,40.702
135.21,116.75,34.003,40.503
134,116.59,33.862,40.339
133.23,116.83,33.582,40.017
130.89,116.58,33.403,39.806
128.44,116.29,33.39,39.791
126.97,114.41,33.336,39.728
125.64,111.79,33.305,39.688
121.91,109.41,33.128,39.477
120.43,107.11,33.115,39.463
117.89,104.91,33.872,40.353
116.25,103.98,33.819,40.292
115.59,103.73,33.608,40.044
113.54,104.3,33.525,39.945
111,104.99,33.896,40.378
109.78,106.66,33.793,40.259
108.13,109.27,33.887,40.368
107.99,111.68,33.787,40.25
107.88,114.28,33.408,39.806
108.03,116.15,33.98,40.474
109.02,117.98,34.101,40.618
110.98,118.77,34.096,40.613
112.81,119.21,33.749,40.208
114.52,119.36,33.527,39.95
115.49,119.86,33.764,40.226
115.96,120.06,33.494,39.909
116.63,119.16,33.047,39.388
116.32,117.97,32.629,38.898
115.29,116.1,33.141,39.497
113.49,114.8,33.36,39.752
110.69,113.51,33.633,40.066
107.45,112.53,34.018,40.519
104.76,111.52,33.776,40.236
102.1,110.84,33.825,40.295
98.971,111.06,33.461,39.868
96.134,111.94,33.64,40.079
94.059,112.59,33.655,40.098
92.276,112.82,33.602,40.034
91.633,112.76,34.078,40.593
91.08,112.62,33.695,40.148
90.47,112.39,33.488,39.904
90.463,112.81,33.225,39.595
91.025,113.48,33.391,39.791
91.336,115.17,33.444,39.852
91.126,116.74,33.338,39.726
91.34,117.3,33.427,39.832
91.482,117.42,33.225,39.596
91.49,118.58,33.244,39.618
91.048,120.43,33.162,39.522
90.306,121.49,33.368,39.765
90.291,121.41,33.373,39.769
90.096,121.67,33.158,39.517
89.694,122.03,32.938,39.26
88.681,121.98,33.152,39.51
87.637,120.63,33.203,39.571
87.014,119.09,33.301,39.683
85.501,117.36,33.318,39.701
84.389,116.39,33.642,40.081
83.56,115.29,33.548,39.971
82.834,115.02,33.266,39.641
81.413,113.88,33.545,39.969
79.403,113.36,33.666,40.109
77.492,113.53,33.606,40.039
75.622,114.02,33.89,40.37
73.212,114.38,34.046,40.551
71.669,114.13,33.924,40.411
70.496,114.34,33.735,40.189
68.796,113.77,33.857,40.331
67.213,113.79,34.117,40.636
65.76,113.92,34.067,40.579
64.24,114.01,33.838,40.31
63.903,114.47,33.909,40.394
64.748,115.29,33.724,40.176
65.699,116.23,33.438,39.84
66.445,117.35,33.376,39.769
67.73,118.78,33.196,39.56
68.523,119.83,33.007,39.34
69.05,120.32,32.969,39.293
69.428,120.48,32.596,38.859
69.248,120.15,32.673,38.949
68.704,119.5,32.94,39.259
68.241,118.88,32.947,39.269
66.936,117.9,32.937,39.257
65.965,116.53,32.841,39.147
64.961,115.43,32.91,39.227
63.951,113.76,33.428,39.833
63.172,112.17,33.527,39.949
61.785,111.33,33.922,40.411
60.813,110.17,34.644,41.255
60.572,109.54,34.958,41.619
60.343,108.98,35.178,41.874
61.108,108.61,34.802,41.434
63.779,107.9,34.179,40.709
66.105,106.52,33.872,40.349
67.575,105.87,33.466,39.876
68.534,104.56,33.919,40.407
69.809,103.52,33.935,40.426
70.417,102.97,33.926,40.413
71.186,102.54,34.169,40.697
71.41,102.36,34.316,40.873
71.457,102.38,34.252,40.796
72.299,102.26,34.418,40.993
73.743,101.44,34.395,40.967
74.974,100.44,34.437,41.017
77.075,99.504,34.451,41.033
79.085,99.239,34.7,41.33
80.843,99.686,34.825,41.479
83.052,99.941,35.173,41.893
84.449,100.39,35.433,42.203
86.216,101.81,35.805,42.646
89.044,103.73,36.018,42.9
91.267,106.2,36.33,43.271
93.839,108.75,36.67,43.676
96.37,111.1,36.956,44.017
98.165,112.64,36.933,43.989
100.25,112.94,36.958,44.013
102.96,114.08,37.605,44.783
106.24,117.8,38.181,45.469
109.11,122.7,38.474,45.818
111.22,124.69,38.703,46.091
110.93,123.73,39.186,46.666
110.61,122.48,39.394,46.913
109.52,120.68,40.015,47.654
107.76,118.72,40.532,48.269
105.22,115.66,41.348,49.296
103.01,112.98,41.949,50.012
100.02,111.42,42.36,50.61
96.338,109.73,42.627,50.98
92.621,109.05,41.825,49.994
87.892,106.87,42.56,50.966
83.142,104.55,42.764,51.211
79.025,101.76,43.216,51.78
74.885,101.13,43.209,51.771
70.558,100.46,43.095,51.635
NaN,NaN,NaN,-2
NaN,NaN,NaN,0
NaN,NaN,NaN,0
NaN,NaN,NaN,0
NaN,NaN,NaN,0
NaN,NaN,NaN,-1
91.491,99.259,40.953,53.938
93.726,100.04,40.954,53.939
96.457,103.57,40.365,53.176
98.709,107.77,39.528,52.099
100.94,110.63,38.518,50.801
103.06,112.35,38.433,50.695
105.41,115.12,37.618,49.644
108.04,116.12,37.52,49.52
110.07,115.29,37.662,49.704
112.63,115.05,36.947,48.784
115.52,113.66,37.005,48.859
117.41,111.56,37.157,49.053
119.12,108.25,37.028,48.886
121.49,104.65,36.317,47.975
122.91,100.46,36.639,48.389
124.41,96.73,36.441,48.129
124.89,92.761,36.495,48.199
124.52,88.662,37.029,48.886
123.95,85.489,36.803,48.6
122.57,82.568,36.871,48.686
120.12,78.943,36.853,48.666
116.7,74.909,37.402,49.375
113.52,71.694,37.252,49.182
110.79,68.393,37.573,49.594
108.6,65.736,37.263,49.199
105.44,63.692,37.119,49.016
102.03,61.104,37.41,49.39
116,67,20,26
114.37,66.381,20.327,26.424
113.27,66.92,20.556,26.723
96,62.333,34,45
94.227,62.783,35.428,46.843
92.515,63.533,36.588,48.336
91.872,64.962,36.969,48.823
91.097,67.035,37.037,48.911
89.463,68.771,37.047,48.925
88.472,70.641,36.671,48.436
86.681,72.622,36.889,48.719
85.507,74.497,37.363,49.332
84.612,76.331,37.351,49.316
84.416,78.516,38.041,50.208
86.041,81.092,37.606,49.648
87.372,82.933,37.917,50.048
88.693,85.321,37.849,49.96
90.97,86.526,38.061,50.232
93.971,86.552,38.825,51.214
