NaN,NaN,NaN,-1
NaN,NaN,NaN,-2
NaN,NaN,NaN,0
NaN,NaN,NaN,0
NaN,NaN,NaN,0
NaN,NaN,NaN,0
NaN,NaN,NaN,-1
142,84,30,52
140,81,31,49
143,82,30,47
147,81,38,48
147,81,39,50
151,80,29,48
147,81,31,47
140,81,35,47
136,81,37,47
130,79,40,50
133,82,31,47
131,81,29,48
122,81,37,49
123,82,30,47
117,80,40,50
122,80,30,48
121,79,33,50
119,79,36,49
117,78,36,50
124,78,35,50
123,77,34,51
124,78,35,52
126,78,34,50
134,79,29,50
134,79,33,53
134,79,34,51
143,79,28,48
143,79,33,49
141,79,39,50
134,79,39,51
143,79,33,51
143,79,31,51
139,79,36,51
136,79,42,52
138,82,43,50
138,80,41,52
138,83,43,49
139,84,40,49
140,84,42,49
143,84,44,46
148,84,36,50
144,84,43,50
153,84,36,50
152,84,36,50
145,83,43,52
150,83,37,52
150,83,42,52
150,84,37,52
146,84,42,52
143,84,42,53
138,84,39,51
129,84,39,53
126,84,34,53
119,83,41,53
115,82,41,53
116,80,35,49
112,79,47,49
118,78,43,51
123,78,45,53
127,77,46,52
131,76,47,53
139,76,43,53
147,76,36,52
151,75,43,49
157,76,41,53
161,76,45,49
164,77,41,51
167,77,45,51
168,78,39,48
168,78,43,51
167,80,40,53
167,82,40,53
166,84,40,53
167,85,42,53
168,86,44,53
170,87,41,53
172,87,40,49
172,88,42,53
174,88,39,52
174,88,46,52
177,89,37,52
181,89,40,52
184,90,43,53
186,90,44,53
187,90,43,53
187,89,42,53
186,88,46,53
185,86,46,53
185,84,47,53
181,83,46,51
177,81,46,53
175,80,48,52
174,79,46,52
173,78,46,52
172,78,43,52
171,78,45,52
171,77,43,53
171,77,44,51
169,77,48,51
174,76,43,52
174,77,42,51
171,77,42,51
167,79,43,49
163,78,45,50
160,78,46,50
162,78,43,50
160,78,43,50
156,79,43,49
154,78,40,50
152,79,42,50
149,81,42,48
147,82,41,48
145,82,43,49
144,85,43,48
143,86,48,49
141,87,42,50
139,88,39,50
139,90,38,49
142,91,39,49
148,93,40,48
155,93,45,48
162,91,44,49
167,91,39,48
170,92,40,45
173,87,39,48
177,86,40,47
182,85,39,48
183,84,40,47
189,82,39,47
191,82,39,47
193,80,41,46
193,82,47,45
194,81,38,42
192,83,39,44
183,85,41,45
176,88,38,44
169,91,38,44
162,97,37,42
155,98,37,43
150,100,36,46
146,101,35,42
145,101,35,49
141,101,35,44
141,101,35,43
143,99,36,43
146,96,32,44
149,93,32,42
147,93,35,42
151,92,34,42
148,88,36,44
148,87,32,43
139,84,41,43
138,86,42,46
136,83,41,46
138,82,39,48
131,82,39,47
125,82,40,45
121,81,40,45
116,82,40,47
117,82,46,46
116,83,44,44
115,84,43,44
120,86,35,41
119,86,39,40
113,85,41,37
102,79,49,39
95,79,43,36
87,77,45,39
NaN,NaN,NaN,-2
NaN,NaN,NaN,0
NaN,NaN,NaN,0
NaN,NaN,NaN,0
NaN,NaN,NaN,0
NaN,NaN,NaN,-1
117,79,33,53
101,81,41,54
93,83,44,53
92,86,46,52
95,87,47,52
99,87,47,48
102,87,48,51
110,87,43,49
113,87,43,51
116,88,43,50
117,88,43,50
116,88,48,50
123,88,43,51
121,87,47,52
122,87,45,52
126,87,40,52
121,87,52,52
128,86,41,52
127,86,41,52
127,86,39,49
127,86,40,47
125,87,38,50
120,85,44,48
119,87,42,48
116,86,53,49
123,87,45,48
125,85,42,47
124,85,45,47
124,84,42,44
120,84,44,44
121,83,40,46
122,83,37,45
120,82,40,47
125,82,37,48
122,84,37,44
119,81,38,45
114,84,41,40
110,82,48,43
114,81,37,43
114,86,37,39
112,87,37,41
114,83,41,44
116,82,47,42
118,83,46,43
126,87,38,41
124,87,43,37
130,87,37,37
131,87,40,37
139,87,36,37
147,86,32,38
147,86,33,37
146,86,35,39
144,86,48,33
143,86,41,38
144,86,41,40
152,86,33,37
149,86,35,41
150,86,34,35
147,84,38,34
144,86,37,41
143,85,41,42
146,83,40,43
157,83,39,42
157,82,35,42
159,81,32,43
161,81,32,42
162,82,33,37
161,81,35,36
159,84,33,36
161,82,35,37
160,85,40,34
170,86,29,33
168,88,29,33
165,88,32,32
163,91,34,29
167,93,28,30
164,94,30,30
162,94,29,31
158,95,31,29
157,93,33,31
152,93,38,42
168,96,22,35
160,98,28,29
162,98,25,29
159,98,25,29
163,95,21,31
159,94,26,32
164,101,23,27
164,98,25,28
166,99,40,29
