NaN,NaN,NaN,-1
152,95,21,46
148,95,25,46
143,92,29,46
144,90,29,47
144,89,27,46
146,87,26,47
142,86,32,48
151,85,25,45
151,85,23,48
154,85,30,48
154,85,32,48
153,84,25,48
147,84,29,48
148,84,31,46
139,84,36,48
142,84,29,45
139,84,27,45
136,84,26,45
130,84,29,45
129,84,24,45
128,83,25,47
126,83,26,45
127,82,25,44
129,82,26,46
128,81,26,47
124,80,35,48
132,80,28,48
124,80,36,45
133,80,29,46
139,81,26,48
137,81,31,48
134,81,36,48
143,81,31,48
147,81,29,47
141,81,39,48
136,81,39,48
145,81,31,48
147,81,27,48
147,81,28,48
148,81,30,48
147,82,34,48
150,82,29,48
144,82,36,48
152,83,27,48
152,83,30,48
154,83,30,47
151,83,33,48
156,83,31,48
158,83,31,48
152,83,36,48
158,83,30,48
156,83,33,48
150,83,36,47
155,84,32,48
152,84,36,48
145,85,37,48
144,87,33,45
135,85,32,47
128,85,33,47
124,83,32,48
115,82,35,46
117,80,33,47
119,79,33,47
122,79,39,46
125,79,37,45
130,78,37,46
135,78,42,46
141,77,37,46
147,77,36,46
153,77,41,45
158,78,36,45
162,78,40,47
165,79,40,48
168,79,43,47
168,79,39,47
167,80,41,47
167,81,36,46
167,82,40,46
166,84,37,47
168,85,41,47
169,86,43,47
170,87,39,47
172,87,39,46
172,88,42,45
174,88,39,47
174,88,40,48
177,89,40,47
182,89,37,48
184,89,35,47
186,89,34,47
187,88,36,48
187,87,34,47
186,86,34,47
186,84,38,48
185,82,39,47
181,81,40,45
177,80,42,47
175,78,41,48
174,77,38,46
173,76,42,47
172,76,37,46
171,75,39,47
172,75,37,46
171,75,41,46
169,77,45,44
174,75,37,45
174,75,39,46
170,77,37,44
167,75,40,46
163,75,42,47
160,76,44,45
162,75,40,46
160,75,40,46
155,75,41,46
154,76,39,46
152,76,38,46
149,77,39,46
147,78,38,46
145,79,39,48
143,81,40,48
143,83,38,45
141,85,38,43
139,85,39,46
138,88,38,46
141,89,38,45
148,90,39,47
155,89,38,48
161,90,39,47
161,87,44,48
170,85,37,48
173,83,37,48
177,82,39,46
181,81,39,46
183,80,38,48
189,78,38,48
191,77,39,47
193,77,38,46
193,77,39,45
194,76,35,47
191,77,36,46
183,80,36,48
175,82,39,47
169,86,38,48
162,90,37,47
155,92,37,45
150,95,36,48
142,96,40,47
144,97,34,48
141,97,37,48
138,96,38,48
143,94,35,48
144,92,34,48
149,89,32,46
147,88,39,47
150,87,35,47
148,85,36,47
147,84,33,46
148,84,32,45
146,83,34,47
144,83,33,46
138,82,39,47
132,82,38,47
127,82,38,45
122,81,39,45
118,82,38,47
117,82,46,46
120,83,40,44
119,82,36,45
123,84,33,41
119,86,39,37
119,84,34,41
113,81,38,41
104,80,46,42
96,79,41,40
92,78,40,39
88,79,46,37
84,78,46,39
NaN,NaN,NaN,-2
NaN,NaN,NaN,0
NaN,NaN,NaN,0
NaN,NaN,NaN,0
NaN,NaN,NaN,0
NaN,NaN,NaN,-1
111,86,27,52
113,87,30,51
113,87,33,51
119,87,31,51
123,87,30,50
121,87,35,50
119,87,40,50
126,87,35,51
124,88,40,50
131,87,35,52
133,87,35,52
130,87,37,52
134,87,43,52
133,86,43,53
131,86,39,52
133,86,35,52
133,86,32,51
131,86,39,51
127,86,46,51
121,85,47,48
119,87,53,49
119,86,50,49
123,87,50,47
125,85,47,46
125,85,47,47
124,84,45,47
124,84,41,47
121,83,41,48
122,83,41,48
120,82,40,48
120,82,42,47
124,81,35,49
119,83,39,45
114,84,41,43
117,84,36,43
115,85,34,43
114,86,37,47
112,84,47,46
114,87,48,43
118,88,40,38
127,84,37,49
127,87,39,44
125,86,38,47
125,83,42,49
131,87,40,41
139,87,36,41
140,85,37,39
148,86,32,41
147,86,34,41
144,85,39,40
143,86,44,40
154,86,31,40
151,86,34,38
151,86,33,41
150,86,30,41
147,86,35,41
144,86,37,41
143,86,41,41
146,83,40,43
154,83,34,42
151,82,41,43
156,81,35,43
158,81,33,43
162,84,33,38
161,84,35,37
159,82,32,38
161,82,33,37
160,85,36,36
167,86,32,37
168,88,29,36
165,89,32,37
163,91,34,36
160,93,35,36
158,94,37,31
162,94,34,34
158,95,36,34
157,93,34,38
152,93,38,42
151,93,39,42
149,93,39,42
151,95,35,40
149,94,38,41
149,94,37,37
151,101,36,34
152,100,35,31
156,97,33,37
156,98,33,35
