NaN,NaN,NaN,-1
326.68,189.66,52.726,49.752
324.1,187.64,54.37,51.45
322.88,186.88,53.087,50.322
320.95,185.2,54.001,51.339
318.05,183.24,55.638,53.077
316.12,182.04,55.912,53.408
314.32,180.77,56.594,54.147
312.67,179.47,58.011,55.635
310.15,177.39,58.203,55.909
308.31,176.27,58.656,56.425
306.88,174.97,58.659,56.585
304.72,173.56,59.505,57.502
302.26,171.12,61.088,59.139
300.37,169.15,62.033,60.03
295.72,165.13,67.476,65.252
293.63,163.49,68.747,66.562
291.52,161.44,70.217,67.961
289.52,160.01,71.33,69.12
287.51,157.25,72.476,70.228
289.65,157.73,69.177,67.322
286.97,156.35,70.551,68.805
284.62,153.39,70.381,68.701
282.99,151.61,70.51,68.982
280.84,149.23,71.861,70.401
280.33,148.2,71.924,70.588
278.25,145.8,73.387,72.185
277.18,143.64,74.372,73.196
275.58,140.89,74.97,73.914
274.73,138.94,75.234,74.263
274.33,135.88,75.853,74.977
273.98,133.26,78.127,76.629
272.93,132.12,78.452,77.126
271.88,129.41,78.105,76.906
275.2,127.29,71.091,68.893
268.8,125.46,76.075,74.602
267.83,122.36,77.493,75.973
267.99,119.88,77.287,75.853
268.29,116.01,81.746,80.269
268.81,113.84,81.205,79.825
281.61,129.95,60.308,56.906
276.7,110.45,74.194,72.302
276.11,107.9,75.049,73.213
276.3,106.5,74.474,72.63
276.76,105.45,74.485,72.717
277.02,104.76,73.991,72.21
276.81,103.3,73.797,72.124
281.99,101.8,69.884,67.925
277.15,116.17,63.865,62.506
276.93,114.9,64.197,62.863
277.14,113.68,64.436,63.084
276.59,112.25,64.92,63.562
277.09,111.79,64.24,62.861
273.86,102.61,66.697,65.217
274.29,101.83,67.383,65.749
273.83,99.332,68.602,66.884
276.89,96.826,70.501,68.808
279.1,97.598,67.608,65.993
289.54,94.141,67.026,65.201
291.19,93.408,64.384,62.484
292.73,93.682,62.897,60.923
293.96,93.203,62.957,60.965
294.34,93.478,62.584,60.647
296.54,95.775,58.817,56.231
297.23,95.796,58.179,55.635
297.47,95.351,58.696,56.249
298.89,95.163,56.849,54.411
300.49,95.596,55.944,53.564
302.13,95.5,54.725,52.262
303.25,94.585,54.69,52.297
307.36,94.932,49.786,47.271
307.8,95.414,49.802,47.255
308,94.568,50.322,47.778
308.45,94.706,50.441,47.894
310.07,94.31,49.263,46.73
311.65,94.522,48.631,46.144
312.47,93.652,48.421,45.953
314.29,94.06,46.968,44.509
315.22,93.282,46.857,44.458
315.34,92.356,47.024,44.642
311.3,89.035,55.512,53.357
316.41,91.862,52.087,49.707
316.95,90.804,52.827,50.558
315.38,90.469,50.538,48.107
315.85,89.785,51.131,48.806
317.58,89.342,49.078,46.688
318.46,88.291,49.135,46.75
321.68,90.645,43.803,41.308
323.1,90.024,43.078,40.62
323.19,90.165,43.382,40.939
324.07,88.769,42.496,40.159
324.63,89.283,42.356,40.007
324.39,88.478,42.948,40.574
324.71,87.999,42.31,39.887
324.75,88.232,42.312,39.889
325.33,87.375,42.529,40.149
325.39,87.316,42.793,40.437
325.8,87.631,41.981,39.697
325.99,87.925,41.828,39.546
325.93,87.45,40.813,38.52
326.12,86.848,41.191,38.841
326.07,86.723,41.018,38.746
326.38,87.122,40.443,38.198
326.28,87.469,40.642,38.386
325.01,85.348,42.487,40.357
324.85,84.979,43.573,41.408
324.9,85.642,43.016,40.866
325.17,85.353,42.714,40.533
325.04,85.924,42.34,40.127
324.64,84.927,44.193,41.979
324.86,84.727,44.612,42.418
318.17,76.844,48.485,46.714
323.63,80.756,42.535,40.537
323.88,80.083,42.56,40.594
324.29,79.878,42.421,40.543
323.05,81.178,40.89,39.034
322.2,81.361,41.372,39.531
321.72,80.56,42.056,40.265
321.49,80.951,42.914,41.152
321.83,80.566,43.111,41.344
320.21,80.098,44.533,42.722
319.7,79.838,46.05,44.058
324.29,86.015,43.263,41.055
320.35,82.313,51.207,49.399
320.36,83.119,52.101,50.252
320.75,84.75,51.475,49.601
318.77,84.549,52.843,50.925
317.96,85.032,53.619,51.629
318.34,85.884,53.713,51.744
317.49,87.123,53.4,51.482
317.09,87.052,54.058,52.108
317.53,88.824,52.909,50.894
316.91,89.617,53.176,51.186
316.24,89.188,54.022,52.1
316,90.446,53.728,51.786
315.07,90.765,54.227,52.292
315.36,91.9,53.596,51.689
316.22,93.8,50.381,48.431
316.45,93.675,50.401,48.474
317.08,95.712,48.348,46.405
316.51,95.755,48.298,46.389
316.96,96.745,47.728,45.919
317,97.44,46.281,44.427
316.03,97.724,46.672,44.826
315.38,98.252,46.667,44.793
314.6,98.066,47.353,45.509
314.06,99.621,46.971,45.095
313.69,100.09,45.494,43.671
302.61,104.94,49.531,47.842
302.15,106.24,49.071,47.411
302.2,105.84,49.301,47.641
300.96,108.2,51.077,49.017
300.61,107.88,50.661,48.541
299.28,108.09,52.177,50.123
298.35,107.93,51.769,49.678
297.9,108.86,52.149,50.154
301.44,98.386,53.854,51.939
302.16,99.959,51.209,49.291
301.25,100.16,50.901,48.921
300.39,100.38,51.245,49.269
298.95,100.38,52.199,50.232
297.61,100.77,53.539,51.671
297.31,101.66,54.948,53.227
296.88,102.72,54.462,52.617
296.16,103.98,54.35,52.46
295.53,104.5,54.947,53.065
294.95,105.65,54.721,52.792
294.07,106.72,55.203,53.243
294.32,107.73,55.006,53.039
293.55,108.91,54.57,52.622
293.92,110.15,54.608,52.637
293.29,111.58,53.953,51.936
292.81,112.91,53.213,51.183
293.43,113.48,52.087,50.07
292.75,115.66,51.846,49.833
292.28,115.88,51.766,49.743
291.44,116.13,53.203,51.251
290.46,116.77,53.934,51.901
288.82,117.03,56.032,53.998
289.4,117.68,53.985,51.905
288.91,119.14,53.331,51.241
287.7,119.91,54.635,52.568
287.54,120.19,55.111,53.05
286.76,121.41,54.638,52.619
285.61,122.23,55.073,53.135
285.39,122.51,55.682,53.854
284.77,123.8,54.969,53.197
284.18,125.21,55.155,53.382
283.13,125.29,55.032,53.309
282.11,126.75,55.011,53.287
281.59,128.19,55.289,53.539
281.09,129.43,55.101,53.352
280.05,129.87,56.444,54.829
279.28,131.11,56.235,54.567
279.11,132.85,55.388,53.779
278.75,134.49,54.606,52.971
278.02,136.81,54.247,52.577
277.54,138.42,53.919,52.231
276.56,141.44,53.581,51.885
276.67,143.68,52.893,51.203
275.68,145.77,52.609,50.991
274.7,148.03,52.074,50.407
274.56,150.22,51.633,49.926
275.39,152.73,49.839,48.2
275.21,155.06,49.096,47.581
275.5,168.02,44.881,42.844
276.9,171.04,43.026,40.902
277.73,173.6,41.099,38.988
278.56,177.05,38.429,36.224
279.23,178.64,38.387,36.183
281.06,181.93,36.746,34.796
282.33,183.47,35.494,33.518
281.65,185.7,34.981,33.062
281.47,186.53,34.442,32.535
279.4,183.91,37.981,36.159
274.29,183.11,39.41,38.03
274.51,183.71,38.598,37.176
273.36,184.33,38.873,37.496
273.4,184.35,39.572,38.171
272.49,184.41,39.46,38.069
273.33,185.47,38.894,37.4
273.44,186.06,38.566,37.118
272.85,186.52,38.331,36.876
272.47,186.79,38.232,36.732
272.12,186.98,38.468,36.893
271.12,187.45,38.528,36.952
270.53,187.93,37.883,36.287
269.95,187.38,38.764,37.241
