NaN,NaN,NaN,-1
241.8,58.258,75.325,190.82
239.4,57.165,75.71,191.8
237.01,51.465,77.363,195.99
234.15,51.15,77.184,195.53
231.12,50.033,76.595,194.04
223.68,49.658,77.128,195.39
220.84,46.593,78.288,198.33
218.34,45.872,78.582,199.08
217.04,48.778,78.058,197.75
213.42,50.592,78.376,198.55
211.7,51.015,78.332,198.44
208.11,46.314,79.464,201.31
204.47,45.029,79.964,202.58
198.92,44.3,80.543,204.04
195.59,42.836,81.715,207.01
192.47,40.745,83.134,210.61
191.14,38.595,84.778,214.77
188.41,35.211,87.293,221.14
188.23,31.059,90.306,228.78
189.22,29.249,91.731,232.39
188.59,26.58,93.114,235.89
NaN,NaN,NaN,-2
NaN,NaN,NaN,0
NaN,NaN,NaN,0
NaN,NaN,NaN,0
NaN,NaN,NaN,0
NaN,NaN,NaN,-1
206.6,24.862,91.329,217.4
208.2,26.072,90.738,216
NaN,NaN,NaN,-2
NaN,NaN,NaN,0
NaN,NaN,NaN,0
NaN,NaN,NaN,0
NaN,NaN,NaN,0
NaN,NaN,NaN,-1
176.64,60.269,108.23,197.41
178.25,58.322,108.9,198.65
185.21,54.692,108.78,198.42
189.15,53.074,108.33,197.6
191.89,52.037,107.41,195.92
192.81,48.792,108.87,198.59
196.41,44.943,110.51,201.58
198.34,43.631,110.57,201.68
199.15,42.814,111.46,203.22
200.53,41.254,110.94,202.3
206.06,38.136,110.67,201.79
209.05,37.059,109.58,199.81
212.99,35.907,108.84,198.47
217.04,35.872,107.18,195.44
222.8,32.605,106.67,194.51
227.28,36.123,102.14,186.23
231.19,31.222,101.58,185.22
232.84,30.735,100.79,183.77
238,30.237,99.799,181.97
237.5,27.959,101.94,185.9
239.44,27.973,101.89,185.81
242.47,30.18,99.582,181.58
245.08,34.501,98.107,178.89
247.31,35.638,98.021,178.73
248.97,37.52,97.33,177.46
249.92,39.495,97.076,177
251.88,38.99,95.945,174.92
250.12,39.73,95.609,174.3
250.5,41.062,94.849,172.91
251.18,41.937,94.182,171.7
253.06,44.93,91.79,167.34
255.4,47.938,89.457,163.08
256.51,53.328,86.437,157.6
257.02,54.062,86.612,157.9
261.05,60.496,82.689,150.77
263.32,64.062,81.7,148.98
265.98,67.427,78.34,142.92
267.54,69.448,77.943,142.18
271.15,74.181,75.936,138.53
272.21,78.511,75.067,137
273.3,80.062,73.744,134.54
272.61,81.258,72.336,131.91
272.88,80.258,69.749,127.11
271.92,78.205,70.014,127.63
270.58,77.08,68.489,124.74
268.41,71.705,68.671,125.05
264.43,65.081,67.153,122.2
262.96,63.359,66.508,120.93
258.68,61.272,66.1,120.13
254.53,60.201,66.349,120.57
246.71,59.495,66.53,120.86
242.73,59.107,67.602,122.91
239.61,58.49,67.705,123.11
239.42,60.686,65.835,119.53
237.36,61.697,65.496,118.92
236.32,61.624,66.053,119.99
235.77,60.949,67.054,121.9
235.99,63.624,66.364,120.54
238.33,64.192,65.878,119.54
238.99,63.43,66.697,121.07
238.97,62.92,67.569,122.73
239.11,62.232,67.46,122.52
238.09,60.444,68.741,124.93
238.11,59.335,68.398,124.28
238.58,60.806,67.387,122.39
237.51,60.325,68.181,123.93
234.82,57.867,69.645,126.61
234.58,58.111,68.998,125.38
233.63,58.204,68.872,125.17
232.65,59.528,68.111,123.73
228.77,63.458,67.355,122.31
226.9,65.996,67.048,121.73
226.19,67.755,66.74,121.12
226.04,70.219,65.856,119.47
226.98,77.854,65.638,119.08
228.5,82.077,64.746,117.39
228.56,83.704,65.852,119.49
230.64,84.925,67.874,123.29
237.47,89.487,67.331,122.3
239.9,90.53,67.882,123.3
241.58,91.577,67.874,123.29
242.83,90.711,68.721,124.93
245.39,92.145,68.619,124.75
246,92.81,68.554,124.63
245.47,91.737,69.692,126.71
245.16,91.356,70.134,127.51
236,84,90,164
236.38,81.807,90.993,165.81
235.83,81.155,91.576,166.87
235.74,80.111,92.77,169.05
236.15,79.898,93.12,169.69
236.6,79.731,93.15,169.74
235.68,79.009,93.701,170.74
236.75,77.035,94.127,171.52
237.68,73.861,96.898,176.57
237.61,72.697,97.936,178.46
237.07,71.412,99.304,180.95
236.96,70.26,101.02,184.07
236.33,67.11,104.92,191.19
236.58,66.746,106.09,193.32
236.73,65.993,107.87,196.57
237.01,65.893,109.35,199.26
237.41,64.866,112.37,204.76
237.42,64.438,114.1,207.91
237.01,64.425,114.88,209.33
236.99,64.109,116.36,212.03
242.23,63.263,118.59,216.09
242.22,62.907,119.14,217.1
243.96,62.577,120.06,218.78
243.36,61.472,121.28,220.99
245.17,61.612,122.6,223.4
244.79,61.619,122.59,223.39
244.68,61.438,122.79,223.75
244.21,61.358,123.62,225.27
242.53,60.967,126.34,230.23
240.28,60.938,127.35,232.07
238.38,60.682,128.71,234.54
236.72,61.214,129.31,235.64
231.26,64.154,129.71,236.37
227.51,65.663,130,236.89
222.87,67.828,129.32,235.65
219.92,71.324,127.14,231.68
214.15,78.544,122.33,222.91
211.67,82.46,119.42,217.62
208.38,85.981,117.09,213.37
204.76,85.304,118.68,216.25
203.26,87.656,117.22,213.6
200.48,88.404,116.48,212.25
195.61,88.18,116.95,213.11
191.99,86.404,119.12,217.06
169.14,84.084,122.43,223.1
164.1,81.519,125.01,227.79
156.33,80.6,125.98,229.56
152.73,80.111,126.47,230.46
NaN,NaN,NaN,-2
NaN,NaN,NaN,0
NaN,NaN,NaN,0
NaN,NaN,NaN,0
NaN,NaN,NaN,0
NaN,NaN,NaN,-1
172.21,42.507,90.388,196.85
171.19,43.778,90.975,198.12
170.28,44.539,91.84,200.01
167.43,46.68,92.944,202.41
161.11,47.012,94.018,204.75
157.66,46.645,95.921,208.9
153.52,47.223,96.739,210.68
152.67,49.733,97.148,211.57
152.45,50.655,97.476,212.28
153.02,51.044,98.078,213.59
154.02,50.914,98.922,215.43
157.7,50.135,100.55,218.97
159.28,49.789,101.41,220.86
160.04,49.461,102.26,222.7
159.57,48.008,103.6,225.62
157.7,46.849,104.99,228.65
155.69,46.797,105.79,230.38
153.94,46.612,106.9,232.8
152.25,47.408,107.5,234.11
151.45,49.931,108.78,236.89
152.16,51.448,109.21,237.83
152.08,52.817,109.91,239.37
151.62,54.214,110.38,240.39
150.05,56.767,111.72,243.31
149.23,57.891,112.22,244.39
148.5,57.998,113.07,246.25
147.09,58.342,113.9,248.04
146.27,58.607,115.48,251.49
144.35,59.214,115.49,251.51
143.39,58.286,117,254.79
140.34,58.079,117.61,256.12
133.28,57.362,118.94,259.03
129.93,57.601,119.04,259.25
125.9,57.336,119.59,260.44
121.65,57.219,120.12,261.59
NaN,NaN,NaN,-2
NaN,NaN,NaN,0
NaN,NaN,NaN,0
NaN,NaN,NaN,0
NaN,NaN,NaN,0
NaN,NaN,NaN,-1
243.76,62.357,65.208,200.64
243.7,63.379,64.995,199.98
NaN,NaN,NaN,-2
NaN,NaN,NaN,0
NaN,NaN,NaN,0
NaN,NaN,NaN,0
NaN,NaN,NaN,0
NaN,NaN,NaN,-1
261,63.266,64.664,198.97
260.19,63.767,64.603,198.78
256.75,65.297,64.479,198.4
254.61,65.611,64.662,198.96
252.75,66.444,64.376,198.08
250.63,67.319,64.063,197.12
247.08,68.259,63.808,196.33
246.08,69.422,63.313,194.81
245.73,70.909,62.619,192.67
244.5,72.542,61.853,190.32
242.55,75.094,60.72,186.83
240.35,76.606,59.9,184.31
237.99,77.154,59.547,183.22
236.42,77.843,59.051,181.7
NaN,NaN,NaN,-2
NaN,NaN,NaN,0
NaN,NaN,NaN,0
NaN,NaN,NaN,0
NaN,NaN,NaN,0
NaN,NaN,NaN,-1
237.6,74.459,70.615,152.49
237.37,71.527,72.541,156.65
236.19,69.068,74.038,159.88
235.46,67.866,74.306,160.46
235.53,67.903,74.068,159.94
235.53,68.484,73.546,158.82
NaN,NaN,NaN,-2
NaN,NaN,NaN,0
NaN,NaN,NaN,0
NaN,NaN,NaN,0
NaN,NaN,NaN,0
NaN,NaN,NaN,-1
237,77.074,69.012,151.03
238.09,77.661,67.8,148.29
239.45,77.759,65.802,143.92
240.28,78.217,64.229,140.48
242.16,77.619,63.535,138.96
243.36,77.475,62.538,136.78
NaN,NaN,NaN,-2
NaN,NaN,NaN,0
NaN,NaN,NaN,0
NaN,NaN,NaN,0
NaN,NaN,NaN,0
NaN,NaN,NaN,-1
251.94,63.403,80.849,129.36
252.92,59.731,82.771,132.43
254.47,52.793,85.959,137.53
255.1,50.96,86.272,138.04
251.35,49.273,86.373,138.2
246.57,48.583,85.996,137.59
NaN,NaN,NaN,-2
NaN,NaN,NaN,0
NaN,NaN,NaN,0
NaN,NaN,NaN,0
NaN,NaN,NaN,0
NaN,NaN,NaN,-1
276.73,54.308,74.265,124.1
277.56,55.633,72.331,120.87
280.67,58.465,68.813,114.99
281.22,59.08,67.897,113.46
280.91,59.467,67.35,112.54
281.64,60.398,65.894,110.11
283.44,61.411,63.235,105.67
284.71,62.597,61.845,103.46
285.93,62.198,61.4,102.72
287.25,61.143,61.097,102.21
289.9,57.55,62.67,104.84
291.33,56.909,61.768,103.33
292.47,55.456,61.885,103.58
292.76,54.226,61.811,103.46
292.29,50.849,63.6,106.45
292.7,49.333,64.25,107.54
292.81,47.321,65.77,110.09
292.74,45.069,67.709,113.33
293.13,41.431,71.276,119.3
295.12,39.876,73.125,122.38
298.57,39.885,72.609,121.57
304.07,39.237,73.288,122.7
314.63,35.706,76.85,128.67
322.63,35.092,77.437,129.63
330.59,33.869,78.038,130.63
338.94,32.924,79.03,132.24
NaN,NaN,NaN,-2
NaN,NaN,NaN,0
NaN,NaN,NaN,0
NaN,NaN,NaN,0
NaN,NaN,NaN,0
NaN,NaN,NaN,-1
260.61,59.012,79.68,140.2
257.55,60.093,80.299,141.29
250.49,62.129,82.118,144.49
246.35,60.918,85.102,149.71
242.18,61.193,87.684,154.23
238.5,59.858,89.893,158.1
232.88,59.722,92.082,161.94
230.54,59.798,92.895,163.37
228.43,62.492,92.965,163.49
227.26,64.693,92.507,162.68
224.7,63.507,94.691,166.51
222.29,64.331,97.001,170.53
221.96,63.407,99.724,175.26
221.82,62.123,100.51,176.63
222.86,60.279,101.77,178.85
223.02,59.187,102.43,180.02
223.4,58.625,101.63,178.6
224.05,57.671,101.82,178.93
224.43,54.746,103.68,182.2
224.87,53.395,105.07,184.57
225.57,51.072,106.64,187.3
226.34,51.77,107.45,188.69
226.3,51.8,108.44,190.44
227.61,52.004,107.39,188.57
228.49,52.199,107.57,188.9
228.04,51.406,107.53,188.81
224.63,48.266,110.86,194.67
221.29,47.606,112.63,197.74
218.62,46.474,113.63,199.5
215.03,44.668,115.37,202.55
207.71,42.864,117.53,206.35
203.68,43.754,117.34,205.97
198.45,43.644,118.33,207.66
193.6,42.057,120.13,210.77
188.89,46.715,118.72,208.3
185.98,48.137,118.62,208.13
181.07,46.769,119.53,209.68
178.5,43.614,121.23,212.62
174.13,42.872,119.36,209.35
169.7,43.172,119.47,209.53
168.11,44.795,117.21,205.6
166.72,44.518,115.86,203.23
165.04,49.329,114.27,200.45
165.85,50.985,112.39,197.19
164.84,51.264,110.49,193.88
165.64,55.511,106.7,187.29
163.9,55.35,105.12,184.54
163.37,56.138,104.1,182.74
163.75,58.941,102.64,180.2
161.52,59.663,103.34,181.44
161.73,62.249,100.5,176.47
163.48,64.398,97.809,171.81
165.4,66.055,97.111,170.6
167.61,66.115,95.692,168.13
177.02,68.435,92.274,162.16
183.45,68.328,89.161,156.72
188.78,71.913,86.224,151.59
196.48,73.403,83.529,146.88
212.75,76.652,79.254,139.38
221.33,80.296,74.91,131.74
229.6,85.491,72.468,127.44
238.71,89.689,70.422,123.83
251.69,94.786,68.877,121.11
256.06,97.602,68.225,119.97
259.73,99.927,68.436,120.34
261.87,104.24,66.618,117.14
264.3,107.79,63.962,112.5
260.93,114.21,61.82,108.73
259.56,118.18,60.603,106.62
257.39,119.67,60.221,105.96
255.17,123.71,58.88,103.64
249.31,128.59,58.169,102.38
246.14,131.16,57.959,102.01
241.96,133.06,58.49,102.95
237.63,133.72,59.023,103.91
230.78,137.1,58.833,103.6
227.71,138.49,58.851,103.63
222.58,139.08,59.664,105.05
NaN,NaN,NaN,-2
NaN,NaN,NaN,0
NaN,NaN,NaN,0
NaN,NaN,NaN,0
NaN,NaN,NaN,0
NaN,NaN,NaN,-1
NaN,NaN,NaN,-2
NaN,NaN,NaN,0
NaN,NaN,NaN,0
NaN,NaN,NaN,0
NaN,NaN,NaN,0
NaN,NaN,NaN,-1
NaN,NaN,NaN,-2
NaN,NaN,NaN,0
NaN,NaN,NaN,0
NaN,NaN,NaN,0
NaN,NaN,NaN,0
NaN,NaN,NaN,-1
NaN,NaN,NaN,-2
NaN,NaN,NaN,0
NaN,NaN,NaN,0
NaN,NaN,NaN,0
NaN,NaN,NaN,0
NaN,NaN,NaN,-1
200.83,89.126,73.229,144.45
205.04,91.354,74.339,146.64
206.22,91.413,75.719,149.32
206.35,91.582,78.454,154.61
207.01,92.863,78.639,154.97
206.06,91.97,80.552,158.74
204.45,91.248,81.08,159.78
201.95,90.136,82.209,162.01
199.53,87.188,82.283,162.15
192.76,84.116,85.335,168.16
170,194,24,48
163.47,194.66,24.836,49.672
158.34,195.19,26.036,52.071
160,207,17,33
161.23,207.48,17.242,33.56
159,199,29,58
163.6,197.96,29.826,59.653
174.53,192.42,32.653,65.306
180.71,188.8,34.174,68.349
186.6,186.02,34.682,69.364
191.57,182.22,35.447,70.894
198.56,175.2,35.766,71.533
200.18,170.93,36.216,72.433
225.5,134,32,63.5
225.67,129.8,32.123,63.785
223.44,125.62,33.004,65.49
223.29,125.16,31.856,63.211
223.79,124.02,31.508,62.521
222.57,122.53,32.619,64.691
228,134,20,40
228.19,134.4,19.518,39.036
222,130,29,58
221.94,132.77,27.856,55.712
221.48,133.32,28.258,56.516
222.96,135.5,26.917,53.833
226.73,137.71,25.357,50.713
230.74,138.31,24.979,49.957
NaN,NaN,NaN,-2
NaN,NaN,NaN,0
NaN,NaN,NaN,0
NaN,NaN,NaN,0
NaN,NaN,NaN,0
NaN,NaN,NaN,-1
200.63,37.325,94.742,181.51
198.12,37.196,95.146,182.28
NaN,NaN,NaN,-2
NaN,NaN,NaN,0
NaN,NaN,NaN,0
NaN,NaN,NaN,0
NaN,NaN,NaN,0
NaN,NaN,NaN,-1
226.2,59.453,60.885,175.78
227.84,64.417,59.29,171.09
227.76,69.386,57.559,165.96
227.17,68.174,57.754,166.49
226.51,69.81,57.536,165.72
225.8,68.749,58.162,167.53
223.87,70.637,57.305,164.88
223.08,70.153,57.55,165.59
223.46,70.685,57.653,165.88
223.65,70.429,56.998,163.87
223.45,68.077,57.904,166.48
223.69,67.782,58.171,167.33
223.6,66.897,58.866,169.33
224.47,70.381,57.759,166.1
226.27,72.349,56.705,163.04
226.67,75.184,56.07,161.15
227.45,76.74,55.86,160.56
230.02,79.213,55.304,158.89
231.77,82.136,54.934,157.81
232.52,83.35,54.71,157.15
233.11,84.776,54.474,156.43
232.85,85.079,54.892,157.68
232.46,85.705,54.984,157.9
232.01,85.447,54.806,157.4
231.28,85.403,54.642,156.9
229.82,83.466,55.532,159.58
228.87,86.289,54.833,157.43
227.63,83.833,55.491,159.42
227.21,83.38,55.649,159.89
227.03,84.879,55.37,159.07
225.71,85.201,55.341,158.92
225.18,83.218,55.662,159.92
224.4,85.411,54.7,157.04
223.81,82.192,55.69,160.02
