NaN,NaN,NaN,-1
233.33,51.049,86.318,168.62
230.53,49.146,87.395,170.73
228.11,48.036,87.746,171.41
224.68,46.949,89.163,174.25
218.95,42.419,93.08,182.11
212.41,44.305,92.944,181.86
208.7,44.539,94.691,185.36
206.27,43.826,94.816,185.61
204.23,42.967,97.097,190.17
200.53,45.975,97.814,191.56
199.67,48.116,97.142,190.22
197.52,47.882,98.876,193.68
196.57,46.95,97.925,191.81
189,43.273,101.47,198.75
186.09,41.795,102.85,201.51
182.8,39.433,104.83,205.39
180.11,36.892,107.42,210.47
NaN,NaN,NaN,-2
NaN,NaN,NaN,0
NaN,NaN,NaN,0
NaN,NaN,NaN,0
NaN,NaN,NaN,0
NaN,NaN,NaN,-1
194.82,21.336,95.617,203.31
199.24,22.056,95.205,202.44
NaN,NaN,NaN,-2
NaN,NaN,NaN,0
NaN,NaN,NaN,0
NaN,NaN,NaN,0
NaN,NaN,NaN,0
NaN,NaN,NaN,-1
169.16,36.417,123.34,185.53
169.47,34.687,125.4,188.62
167.82,28.394,133.18,200.32
170.39,26.452,134.75,202.69
171.4,23.341,137.72,207.15
187.36,21.138,138.07,207.68
201.66,16.325,139.44,209.74
208.57,14.051,138.58,208.45
213.13,11.236,139.73,210.17
217.39,9.5789,139.27,209.48
225.87,8.4462,137.32,206.54
276,79,23,35
275.74,76.757,23.81,36.232
275.13,74.874,24.081,36.645
273,68.277,27.326,41.583
273.3,65.658,27.889,42.44
274.25,64.36,27.739,42.212
275.81,63.594,27.177,41.357
278.85,62.318,26.591,40.464
240,153,20,29
242.98,152.46,19.799,28.709
245.37,151.77,20.23,29.334
248.88,147.62,23.607,34.23
251.17,147.35,23.413,33.948
252.22,146.37,24.85,36.032
253.98,147.24,24.148,35.015
255.24,149.51,25.072,36.354
255.23,148.94,26.764,38.808
255.71,150.4,27.563,39.966
256.3,150.99,28.348,41.105
256.7,151.83,32.369,46.935
257.32,151.19,34.506,50.034
258.46,150.27,35.829,51.952
259.82,149.59,36.632,53.116
263.55,149.5,37.363,54.176
265.69,149.71,37.43,54.274
267.73,150.97,36.676,53.18
269.62,152.3,36.827,53.398
272.99,155.2,36.343,52.697
274.55,155.99,36.78,53.332
276.3,157.67,36.051,52.274
278.1,159.38,35.331,51.229
281.63,163.01,33.91,49.169
282.59,163.05,33.26,48.227
282.91,163.32,32.623,47.304
282.87,162.5,32.561,47.213
282.8,158.45,31.267,45.337
282.67,156.01,30.193,43.78
282.13,152.68,29.457,42.712
281,148.96,29.139,42.252
276.1,141.19,29.028,42.09
273.08,138.24,29.184,42.317
269.35,135.63,29.967,43.452
265.6,134.25,30.256,43.871
257.99,133.9,29.667,43.017
254.79,134.44,29.569,42.875
252.59,135.31,29.002,42.052
250.62,135.87,28.48,41.297
248.94,136.92,27.481,39.847
249.2,137.36,26.883,38.98
249.78,138.04,26.078,37.813
250.57,139.3,25,36.25
252.57,140.77,23.138,33.55
253.8,141.45,22.145,32.111
254.55,141.21,21.582,31.294
255.88,141.68,20.569,29.825
257.64,141.91,19.342,28.046
257.85,141.19,19.711,28.581
257.72,140.06,19.886,28.834
257.36,139.2,20.293,29.425
256.51,138.67,20.171,29.248
255.12,137.84,20.222,29.321
253.95,137.19,20.011,29.016
252.33,135.97,20.54,29.783
248.95,131.94,22.45,32.553
247.28,130.38,23.355,33.865
246.94,130.57,23.503,34.079
246.04,131.37,23.491,34.062
NaN,NaN,NaN,-2
NaN,NaN,NaN,0
NaN,NaN,NaN,0
NaN,NaN,NaN,0
NaN,NaN,NaN,0
NaN,NaN,NaN,-1
223.4,56.207,65.713,181.97
223.96,55.017,67.184,186.05
225.95,55.276,68.126,188.66
225.89,54.725,68.625,190.04
227.48,55.2,68.598,189.96
227.07,53.521,69.899,193.57
225.84,51.053,71.173,197.09
225.7,50.365,71.599,198.28
226.78,51.923,70.734,195.88
226.1,46.816,72.569,200.96
227.6,46.974,72.14,199.77
228.14,48.401,71.616,198.32
229.17,44.092,71.656,198.43
228.89,42.931,72.247,200.07
230.74,40.661,73.13,202.51
230.48,40.453,72.99,202.12
229.59,38.568,74.126,205.27
229.28,40.295,73.688,204.06
229.98,39.929,74.17,205.39
230.29,42.813,73.758,204.25
229.66,42.28,74.057,205.08
229.73,42.293,74.433,206.12
231.45,42.858,75.132,208.06
232.23,45.824,74.043,205.04
232.55,47.047,73.747,204.22
232.23,47.305,73.975,204.85
231.67,48.9,74.32,205.81
231.72,50.105,73.82,204.43
232.45,54.392,71.699,198.55
231.57,57.786,70.227,194.47
232.65,61.215,69.398,192.18
231.51,61.366,68.689,190.22
229.65,58.544,69.882,193.52
228.79,56.965,69.663,192.91
228.26,56.845,69.576,192.67
224.64,51.293,72.113,199.7
222.8,50.106,72.703,201.33
222.48,52.329,72.605,201.06
219.54,54.514,72.451,200.63
216.95,57.643,70.746,195.91
215.03,58.497,70.437,195.06
212.94,59.667,68.996,191.06
206.48,60.384,70.457,195.11
204.86,61.262,71.082,196.84
204.3,61.547,71.468,197.91
203.21,59.765,73.093,202.41
NaN,NaN,NaN,-2
NaN,NaN,NaN,0
NaN,NaN,NaN,0
NaN,NaN,NaN,0
NaN,NaN,NaN,0
NaN,NaN,NaN,-1
166.79,62.983,101.26,160.58
164.68,61.893,102.2,162.08
NaN,NaN,NaN,-2
NaN,NaN,NaN,0
NaN,NaN,NaN,0
NaN,NaN,NaN,0
NaN,NaN,NaN,0
NaN,NaN,NaN,-1
154.14,37.188,104.88,177.18
152.8,37.931,106.39,179.73
148.33,37.601,108.98,184.06
134.01,39.229,110.68,186.92
126.96,38.994,112.74,190.4
121.54,38.469,114.63,193.61
117.22,37.987,115.96,195.81
NaN,NaN,NaN,-2
NaN,NaN,NaN,0
NaN,NaN,NaN,0
NaN,NaN,NaN,0
NaN,NaN,NaN,0
NaN,NaN,NaN,-1
207.11,52.522,73.834,171.94
207.5,51.192,76.873,178.83
207.95,50.289,77.786,180.96
206.65,44.359,80.274,186.6
205.86,46.721,79.235,184.23
204.06,43.789,81.77,189.98
204.71,47.304,82.212,190.97
206.42,49.155,81.772,189.95
206.89,51.346,81.708,189.78
206.72,51.125,83.739,194.38
209.02,52.951,84.504,196.13
210.94,56.059,82.7,192.03
212.02,56.853,82.02,190.48
212.87,60.607,81.443,189.16
212.79,58.073,82.911,192.54
212.94,61.447,81.677,189.72
213.42,62.589,81.091,188.4
213.39,63.366,80.341,186.69
212.06,62.376,81.743,189.95
212.11,61.258,81.968,190.42
210.19,60.492,82.804,192.36
207.98,60.25,83.051,192.9
200.54,60.245,83.737,194.5
196.49,60.531,84.046,195.21
192.12,60.628,84.746,196.84
187.97,61.129,84.978,197.38
179.64,62.051,85.699,199.05
175.6,62.578,85.905,199.53
171.22,62.9,86.319,200.49
166.47,63.305,86.685,201.34
NaN,NaN,NaN,-2
NaN,NaN,NaN,0
NaN,NaN,NaN,0
NaN,NaN,NaN,0
NaN,NaN,NaN,0
NaN,NaN,NaN,-1
253.19,55.941,73.893,177.74
251.77,56.133,74.03,178.07
248.64,57.228,73.724,177.34
246.54,57.463,73.626,177.1
244.51,57.998,73.555,176.93
242.39,58.343,73.342,176.42
239.02,58.567,73.293,176.3
238.1,59.849,72.338,173.91
236.82,60.053,72.382,174.01
235.55,60.159,72.64,174.63
232.43,59.084,73.362,176.37
228.35,59.891,72.554,174.43
225.48,59.343,72.895,175.25
222.96,58.046,73.24,176.09
187.54,56.685,73.737,177.29
168.94,55.615,74.036,178.02
NaN,NaN,NaN,-2
NaN,NaN,NaN,0
NaN,NaN,NaN,0
NaN,NaN,NaN,0
NaN,NaN,NaN,0
NaN,NaN,NaN,-1
236.01,66.595,81.581,143.29
236.45,66.722,80.919,142.13
236.39,66.971,80.608,141.58
236.49,67.511,79.981,140.48
235.38,67.224,79.703,139.99
235.16,67.239,79.136,139
235.05,67.258,78.471,137.83
234.78,67.121,78.088,137.16
234.88,65.662,78.284,137.5
233.17,64.223,78.934,138.64
233.28,63.773,78.499,137.88
234.05,63.367,78.006,137.01
237.56,64.052,74.295,130.49
236.99,62.833,74.135,130.21
237.75,62.272,73.172,128.52
239.03,61.905,72.101,126.64
NaN,NaN,NaN,-2
NaN,NaN,NaN,0
NaN,NaN,NaN,0
NaN,NaN,NaN,0
NaN,NaN,NaN,0
NaN,NaN,NaN,-1
246.9,65.88,94.199,118.01
246.7,61.499,97.757,122.46
247.99,54.546,102.52,128.43
249.02,52.923,102.38,128.25
245.94,51.2,101.23,126.82
240.59,50.141,101.19,126.76
229.57,48.015,101.47,127.11
223.63,46.527,102.23,128.07
219.61,45.233,101.8,127.56
215.95,44.479,101.89,127.68
211.7,44.013,101.65,127.41
210.93,44.497,101.41,127.16
211,43.847,101.05,126.75
NaN,NaN,NaN,-2
NaN,NaN,NaN,0
NaN,NaN,NaN,0
NaN,NaN,NaN,0
NaN,NaN,NaN,0
NaN,NaN,NaN,-1
272.32,70.557,81.855,98.825
273.85,70.779,81.888,98.864
275.21,69.499,81.504,98.401
278.51,66.861,81.394,98.269
280.61,66.683,80.212,96.91
281.12,65.237,80.13,96.811
281.77,65.1,79.719,96.369
282.03,61.706,81.893,98.997
282.35,60.394,82.379,99.585
282.47,58.614,84.122,101.69
281.83,56.12,87.153,105.36
288.05,52.762,91.073,110.09
289.62,50.189,94.677,114.45
292.93,47.743,98.692,119.3
297.77,46.866,100.06,121
309.17,43.81,103.89,125.64
315.36,42.857,107.24,129.77
323.16,41.506,108.22,130.96
332.37,41.219,107.18,129.82
NaN,NaN,NaN,-2
NaN,NaN,NaN,0
NaN,NaN,NaN,0
NaN,NaN,NaN,0
NaN,NaN,NaN,0
NaN,NaN,NaN,-1
251.29,64.929,90.767,124.05
248.19,65.714,92.057,125.81
240.85,67.415,94.514,129.17
236.88,68.373,95.956,131.17
233.28,69.404,96.66,132.14
229.79,69.718,98.082,134.08
224.11,71.547,100.26,137.09
221.76,71.912,100.75,137.76
219.46,71.778,101.8,139.2
217.49,71.252,102.86,140.65
214.17,69.035,104.76,143.27
213.86,70.23,103.78,141.96
214.39,71.618,102.68,140.46
214.15,70.293,103.32,141.33
214.81,69.149,103.35,141.38
215.08,68.058,103.94,142.18
215.63,66.737,104.38,142.79
217.79,68.588,102.72,140.53
218.19,68.183,102.11,139.69
219.17,67.215,101.6,139.01
205,23,156,213
222.5,55,99,135.5
223.95,53.284,99.362,135.98
224.83,52.817,99.811,136.59
224.54,54.083,100.88,138.06
223.88,52.845,102.75,140.66
218.86,48.524,107.77,147.54
213.69,45.31,112.36,153.71
209.96,42.707,115.31,157.74
207.15,41.781,115.87,158.52
199.61,38.877,118.88,162.64
196.65,38.005,117.73,161.05
191.36,37.582,119.58,163.45
187.9,40.881,118.7,162.26
181.1,42.608,119.06,162.75
178.09,43.616,119.31,163.08
174.71,44.091,120.29,164.43
172.87,47.277,119.59,163.44
168.29,47.092,117.34,160.41
166.04,49.087,116.33,159.03
165,50.314,114.52,156.62
161.64,51.994,115.48,157.86
159.38,55.013,114.5,156.53
158.69,55.347,114.84,156.98
157.16,55.125,114.91,157.05
156.08,56.513,114.86,157
156.3,58.682,112.21,153.46
155.59,57.519,113.71,155.44
156.06,58.466,111.7,152.8
155.11,57.977,111.23,152.17
155.3,59.306,109.9,150.36
157.67,62.634,107.7,147.42
160.41,65.337,104.01,142.37
165.63,68.526,98.417,134.66
174.51,70.809,97.893,133.98
179.64,71.573,96.542,132.12
184.92,72.644,94.877,129.81
191.87,75.779,93.03,127.25
208.81,81.027,87.336,119.49
218.14,83.945,84.256,115.33
224.59,87.966,82.219,112.61
232.66,89.667,81.804,112.02
246.16,95.061,80.07,109.67
250.51,97.669,79.422,108.78
254.73,102.79,78.152,107.08
256.83,106.53,76.019,104.16
256.47,109.48,75.181,103.01
257,115,75,103
253.46,115.6,75.996,104.37
250.58,118.56,75.708,103.97
247.81,122.01,75.246,103.34
242,126.06,75.262,103.36
239.37,128.12,75.267,103.37
235.67,129.99,75.528,103.73
232.03,131.81,75.792,104.09
223.99,134.67,77.48,106.41
221.26,136.37,76.972,105.71
217.5,137.46,77.106,105.89
NaN,NaN,NaN,-2
NaN,NaN,NaN,0
NaN,NaN,NaN,0
NaN,NaN,NaN,0
NaN,NaN,NaN,0
NaN,NaN,NaN,-1
NaN,NaN,NaN,-2
NaN,NaN,NaN,0
NaN,NaN,NaN,0
NaN,NaN,NaN,0
NaN,NaN,NaN,0
NaN,NaN,NaN,-1
NaN,NaN,NaN,-2
NaN,NaN,NaN,0
NaN,NaN,NaN,0
NaN,NaN,NaN,0
NaN,NaN,NaN,0
NaN,NaN,NaN,-1
203.24,55.182,62.569,152.25
NaN,NaN,NaN,-2
NaN,NaN,NaN,0
NaN,NaN,NaN,0
NaN,NaN,NaN,0
NaN,NaN,NaN,0
NaN,NaN,NaN,-1
190.44,91.656,89.645,127.34
192.12,90.911,91.669,130.17
194.05,90.027,93.501,132.73
193.17,90.658,96.277,136.59
192.3,90.137,98.431,139.65
190.73,89.23,99.358,140.96
187.28,87.781,101.4,143.85
183.85,86.632,102.94,146.05
175.55,83.485,107.29,152.22
172.77,82.99,108.14,153.43
168.72,82.892,109.64,155.51
169.87,82.149,108.78,154.18
171.15,82.165,108.35,153.58
174.5,82.39,106.88,151.46
178.44,81.386,106.54,150.97
185.71,81.52,103.6,146.8
198.69,76.943,102.02,144.57
203.84,73.947,101.09,143.24
211.2,71.512,97.73,138.54
216.98,67.095,96.769,137.19
224.31,57.762,97.532,138.27
226.53,53.461,97.088,137.65
227.77,46.886,98.344,139.42
227.11,42.966,99.05,140.42
224.01,36.761,100.51,142.49
222.44,34.52,100.77,142.86
223.15,34.651,98.449,139.58
223.56,34.373,97.065,137.66
222.43,36.068,95.105,134.89
222.56,34.981,93.782,133.05
222.49,36.273,94.3,133.75
222.92,37.414,94.017,133.35
223.37,40.014,91.023,129.16
223.72,41.906,88.522,125.64
225.09,44.217,86.032,122.16
228.18,49.216,81.956,116.46
NaN,NaN,NaN,-2
NaN,NaN,NaN,0
NaN,NaN,NaN,0
NaN,NaN,NaN,0
NaN,NaN,NaN,0
NaN,NaN,NaN,-1
193.81,33.438,106.5,159.75
191.31,31.891,106.93,160.4
NaN,NaN,NaN,-2
NaN,NaN,NaN,0
NaN,NaN,NaN,0
NaN,NaN,NaN,0
NaN,NaN,NaN,0
NaN,NaN,NaN,-1
220.28,52.742,69.273,157.35
221.43,54.8,67.587,153.61
222.59,58.678,65.766,149.47
222.01,59.005,65.914,149.81
222.24,60.036,64.853,147.62
221.74,60.716,64.865,147.77
219.59,59.898,64.669,147.32
218.1,58.899,65.385,148.98
217.9,58.377,65.207,148.64
218.57,58.097,64.968,148.18
217.68,56.874,65.928,150.33
219.7,60.04,64.919,148.14
219.42,59.435,65.487,149.44
220.11,61.15,64.304,146.79
221.07,63.073,63.642,145.33
221.69,65.275,63.662,145.36
222.47,64.95,63.503,144.98
223.59,66.463,64.18,146.4
226.39,71.038,63.721,145.36
226.78,71.102,63.768,145.47
227.18,73.092,63.197,144.24
227.11,72.957,63.544,145
226.73,73.135,63.885,145.78
225.52,74.454,64.592,147.3
225.06,74.535,64.243,146.56
224.1,73.376,64.572,147.27
222.32,75.16,63.824,145.67
221.04,76.964,64.317,146.73
220.76,79.178,63.918,145.89
220.09,81.383,63.664,145.32
219.08,83.919,62.479,142.79
219.49,86.521,61.795,141.29
218.75,84.847,62.897,143.66
218.89,86.601,62.423,142.63
