NaN,NaN,NaN,-1
63,66,70,284
70,73,70,284
70,66,70,284
77,66,70,284
77,66,70,284
84,66,70,284
84,66,70,284
91,66,70,284
91,66,70,284
98,66,70,284
98,66,70,284
98,66,70,284
105,66,70,284
105,66,70,284
112,66,70,284
112,66,70,284
112,66,70,284
119,66,70,284
119,66,70,284
126,66,70,284
126,66,70,284
126,66,70,284
133,66,70,284
133,66,70,284
140,66,70,284
140,66,70,284
140,66,70,284
147,66,70,284
147,66,70,284
147,66,70,284
154,66,70,284
154,66,70,284
154,66,70,284
161,66,70,284
161,66,70,284
161,66,70,284
168,66,70,284
168,66,70,284
168,66,70,284
175,66,70,284
175,66,70,284
175,66,70,284
175,66,70,284
182,59,70,284
182,59,70,284
182,59,70,284
189,59,70,284
189,59,70,284
189,59,70,284
189,59,70,284
196,59,70,284
196,59,70,284
196,59,70,284
196,59,70,284
203,59,70,284
203,59,70,284
203,59,70,284
203,59,70,284
210,59,70,284
210,59,70,284
210,59,70,284
210,59,70,284
217,52,70,284
217,59,70,284
217,59,70,284
217,59,70,284
217,52,70,284
224,52,70,284
224,52,70,284
224,52,70,284
224,52,70,284
224,52,70,284
231,52,70,284
231,52,70,284
231,52,70,284
231,52,70,284
238,52,70,284
238,52,70,284
238,52,70,284
238,52,70,284
238,52,70,284
245,52,70,284
245,45,70,284
245,45,70,284
245,45,70,284
245,45,70,284
252,45,70,284
252,45,70,284
252,45,70,284
252,45,70,284
252,45,70,284
252,45,70,284
259,45,70,284
259,45,70,284
259,45,70,284
259,45,70,284
259,45,70,284
266,38,70,284
266,38,70,284
266,38,70,284
266,38,70,284
259,38,70,284
273,38,70,284
273,38,70,284
273,38,70,284
273,38,70,284
266,45,70,284
266,38,70,284
280,38,70,284
280,38,70,284
280,38,70,284
273,38,70,284
273,38,70,284
273,38,70,284
273,38,70,284
273,38,70,284
273,38,70,284
273,38,70,284
273,38,70,284
280,38,70,284
280,38,70,284
280,38,70,284
273,38,70,284
273,31,70,284
273,31,70,284
273,31,70,284
273,31,70,284
280,31,70,284
280,31,70,284
280,31,70,284
280,31,70,284
280,24,70,284
280,31,70,284
280,31,70,284
280,31,70,284
280,31,70,284
280,31,70,284
280,31,70,284
280,31,70,284
287,31,70,284
280,31,70,284
287,31,70,284
287,31,70,284
287,31,70,284
294,31,70,284
294,31,70,284
294,31,70,284
294,31,70,284
294,31,70,284
294,31,70,284
301,31,70,284
301,31,70,284
301,31,70,284
301,31,70,284
301,31,70,284
301,31,70,284
301,31,70,284
301,31,70,284
301,31,70,284
301,31,70,284
301,31,70,284
301,31,70,284
308,31,70,284
308,31,70,284
308,31,70,284
308,31,70,284
308,31,70,284
308,31,70,284
308,31,70,284
308,31,70,284
308,31,70,284
308,31,70,284
308,31,70,284
308,31,70,284
308,31,70,284
315,31,70,284
315,31,70,284
315,31,70,284
315,31,70,284
315,31,70,284
315,24,70,284
315,24,70,284
315,24,70,284
315,24,70,284
315,24,70,284
315,24,70,284
315,24,70,284
315,24,70,284
315,24,70,284
322,31,70,284
322,31,70,284
322,31,70,284
322,31,70,284
322,31,70,284
322,31,70,284
322,31,70,284
322,31,70,284
322,31,70,284
322,31,70,284
322,31,70,284
322,31,70,284
329,31,70,284
329,31,70,284
329,31,70,284
329,31,70,284
329,31,70,284
329,31,70,284
329,31,70,284
329,24,70,284
329,24,70,284
329,24,70,284
329,24,70,284
329,24,70,284
329,24,70,284
329,24,70,284
329,24,70,284
329,24,70,284
329,24,70,284
329,24,70,284
329,24,70,284
329,24,70,284
329,24,70,284
329,24,70,284
329,24,70,284
329,24,70,284
329,24,70,284
329,24,70,284
329,24,70,284
329,24,70,284
329,24,70,284
329,24,70,284
329,24,70,284
329,24,70,284
329,24,70,284
336,24,70,284
336,24,70,284
336,24,70,284
329,24,70,284
336,24,70,284
336,24,70,284
336,24,70,284
336,24,70,284
336,24,70,284
336,24,70,284
336,24,70,284
336,24,70,284
336,17,70,284
336,24,70,284
336,24,70,284
336,24,70,284
336,24,70,284
336,24,70,284
336,24,70,284
336,24,70,284
336,24,70,284
336,24,70,284
336,24,70,284
336,24,70,284
336,24,70,284
336,24,70,284
336,24,70,284
336,24,70,284
336,24,70,284
336,24,70,284
336,24,70,284
336,24,70,284
336,24,70,284
336,24,70,284
336,24,70,284
336,24,70,284
336,24,70,284
336,24,70,284
336,24,70,284
336,24,70,284
336,24,70,284
336,24,70,284
336,24,70,284
336,24,70,284
336,24,70,284
336,24,70,284
336,24,70,284
336,24,70,284
336,24,70,284
336,24,70,284
336,24,70,284
336,24,70,284
336,24,70,284
336,24,70,284
336,24,70,284
336,24,70,284
336,24,70,284
336,24,70,284
336,24,70,284
336,24,70,284
336,24,70,284
336,24,70,284
343,17,70,284
336,24,70,284
336,24,70,284
336,24,70,284
336,24,70,284
336,24,70,284
336,24,70,284
336,24,70,284
336,24,70,284
336,24,70,284
336,24,70,284
336,24,70,284
336,24,70,284
336,24,70,284
336,24,70,284
336,24,70,284
336,24,70,284
336,24,70,284
336,24,70,284
336,24,70,284
336,24,70,284
336,24,70,284
336,24,70,284
336,24,70,284
336,24,70,284
336,24,70,284
336,24,70,284
336,24,70,284
336,24,70,284
336,24,70,284
336,24,70,284
336,24,70,284
336,24,70,284
336,24,70,284
336,24,70,284
336,24,70,284
336,24,70,284
336,24,70,284
336,24,70,284
336,24,70,284
336,24,70,284
336,17,70,284
336,17,70,284
336,17,70,284
336,17,70,284
336,17,70,284
336,17,70,284
336,17,70,284
336,17,70,284
336,17,70,284
336,17,70,284
336,17,70,284
336,17,70,284
336,17,70,284
