NaN,NaN,NaN,-1
67,72,66,254
74,79,66,254
74,72,66,254
81,72,66,254
81,72,66,254
88,79,66,254
88,72,66,254
95,72,66,254
95,72,66,254
95,72,66,254
102,72,66,254
102,72,66,254
109,72,66,254
109,72,66,254
116,72,66,254
116,72,66,254
116,72,66,254
123,72,66,254
123,72,66,254
130,72,66,254
130,72,66,254
130,72,66,254
137,72,66,254
137,72,66,254
137,72,66,254
144,72,66,254
144,72,66,254
144,72,66,254
151,72,66,254
151,72,66,254
151,72,66,254
158,72,66,254
158,72,66,254
165,72,66,254
165,72,66,254
165,72,66,254
172,72,66,254
172,72,66,254
172,72,66,254
179,72,66,254
179,72,66,254
179,72,66,254
186,72,66,254
186,65,66,254
186,72,66,254
186,65,66,254
193,65,66,254
193,65,66,254
193,65,66,254
193,65,66,254
200,65,66,254
200,65,66,254
200,65,66,254
200,65,66,254
207,65,66,254
207,65,66,254
207,65,66,254
207,65,66,254
214,65,66,254
214,65,66,254
214,65,66,254
214,65,66,254
221,65,66,254
221,65,66,254
221,65,66,254
221,65,66,254
221,65,66,254
228,58,66,254
228,58,66,254
228,58,66,254
228,58,66,254
235,58,66,254
235,58,66,254
235,58,66,254
235,58,66,254
235,58,66,254
242,58,66,254
242,58,66,254
242,58,66,254
242,58,66,254
242,58,66,254
242,51,66,254
249,58,66,254
249,58,66,254
249,58,66,254
249,51,66,254
249,51,66,254
249,51,66,254
256,51,66,254
256,51,66,254
256,51,66,254
256,51,66,254
256,51,66,254
256,51,66,254
263,51,66,254
263,51,66,254
263,51,66,254
263,51,66,254
263,51,66,254
270,51,66,254
270,51,66,254
270,51,66,254
270,51,66,254
270,51,66,254
277,51,66,254
277,51,66,254
277,51,66,254
277,51,66,254
277,51,66,254
277,51,66,254
270,44,66,254
283,51,66,254
283,44,66,254
283,44,66,254
283,44,66,254
276,44,66,254
276,44,66,254
276,44,66,254
276,44,66,254
276,44,66,254
289,44,66,254
282,44,66,254
282,44,66,254
282,44,66,254
282,44,66,254
282,44,66,254
282,37,66,254
282,37,66,254
282,37,66,254
282,37,66,254
282,37,66,254
282,37,66,254
282,37,66,254
282,37,66,254
289,37,66,254
282,37,66,254
282,37,66,254
282,37,66,254
282,37,66,254
282,37,66,254
282,37,66,254
289,37,66,254
289,37,66,254
289,37,66,254
289,37,66,254
296,37,66,254
289,37,66,254
296,37,66,254
296,37,66,254
303,37,66,254
303,37,66,254
303,37,66,254
303,37,66,254
303,37,66,254
303,37,66,254
303,37,66,254
303,37,66,254
303,37,66,254
303,37,66,254
303,37,66,254
310,37,66,254
303,37,66,254
310,37,66,254
310,37,66,254
310,37,66,254
310,37,66,254
310,37,66,254
310,37,66,254
310,37,66,254
310,37,66,254
310,37,66,254
310,37,66,254
310,37,66,254
310,37,66,254
317,37,66,254
317,37,66,254
317,37,66,254
317,37,66,254
317,37,66,254
317,37,66,254
317,37,66,254
317,37,66,254
317,37,66,254
324,30,66,254
324,30,66,254
324,30,66,254
324,30,66,254
324,37,66,254
324,37,66,254
324,37,66,254
324,37,66,254
324,37,66,254
324,37,66,254
324,37,66,254
324,37,66,254
324,37,66,254
331,37,66,254
331,37,66,254
331,37,66,254
331,37,66,254
331,37,66,254
331,37,66,254
331,37,66,254
331,37,66,254
331,37,66,254
331,37,66,254
331,37,66,254
331,37,66,254
331,37,66,254
331,37,66,254
331,37,66,254
331,37,66,254
331,37,66,254
338,37,66,254
331,37,66,254
338,37,66,254
338,37,66,254
338,37,66,254
338,37,66,254
338,37,66,254
338,30,66,254
338,37,66,254
338,37,66,254
338,37,66,254
338,30,66,254
338,37,66,254
338,30,66,254
338,30,66,254
338,30,66,254
338,30,66,254
338,30,66,254
338,30,66,254
338,30,66,254
338,30,66,254
338,30,66,254
338,30,66,254
338,30,66,254
338,30,66,254
338,30,66,254
338,30,66,254
338,30,66,254
338,30,66,254
338,30,66,254
338,30,66,254
338,30,66,254
338,30,66,254
338,30,66,254
338,30,66,254
338,30,66,254
338,30,66,254
338,30,66,254
338,30,66,254
338,30,66,254
338,30,66,254
338,30,66,254
338,30,66,254
338,30,66,254
338,30,66,254
338,30,66,254
338,30,66,254
338,30,66,254
338,30,66,254
338,30,66,254
338,30,66,254
338,30,66,254
338,37,66,254
338,37,66,254
338,37,66,254
338,37,66,254
338,37,66,254
338,37,66,254
338,37,66,254
338,37,66,254
338,37,66,254
338,37,66,254
338,37,66,254
338,37,66,254
338,37,66,254
338,37,66,254
338,37,66,254
338,37,66,254
338,37,66,254
338,37,66,254
338,37,66,254
338,37,66,254
338,37,66,254
338,37,66,254
338,37,66,254
338,37,66,254
338,37,66,254
338,37,66,254
338,37,66,254
338,37,66,254
338,37,66,254
338,37,66,254
338,37,66,254
345,30,66,254
338,37,66,254
338,37,66,254
345,30,66,254
338,37,66,254
338,37,66,254
338,37,66,254
338,37,66,254
338,37,66,254
338,37,66,254
338,37,66,254
338,37,66,254
338,37,66,254
338,37,66,254
338,37,66,254
338,37,66,254
338,37,66,254
338,37,66,254
338,37,66,254
338,37,66,254
338,37,66,254
338,37,66,254
338,37,66,254
338,37,66,254
338,37,66,254
338,37,66,254
338,37,66,254
338,37,66,254
338,37,66,254
338,37,66,254
338,37,66,254
338,37,66,254
338,37,66,254
338,37,66,254
338,37,66,254
338,37,66,254
338,37,66,254
338,37,66,254
338,37,66,254
338,37,66,254
338,37,66,254
338,37,66,254
338,37,66,254
338,37,66,254
338,37,66,254
338,37,66,254
338,37,66,254
338,37,66,254
338,37,66,254
338,37,66,254
338,37,66,254
338,37,66,254
338,37,66,254
338,37,66,254
