NaN,NaN,NaN,-1
63,67,70,286
70,74,70,286
70,67,70,286
77,67,70,286
77,67,70,286
84,67,70,286
84,67,70,286
91,67,70,286
91,67,70,286
91,67,70,286
98,67,70,286
98,67,70,286
105,67,70,286
105,67,70,286
112,67,70,286
112,67,70,286
112,67,70,286
119,67,70,286
119,67,70,286
126,67,70,286
126,67,70,286
126,67,70,286
133,67,70,286
133,67,70,286
133,67,70,286
140,67,70,286
140,67,70,286
140,67,70,286
147,67,70,286
147,67,70,286
147,67,70,286
154,67,70,286
154,67,70,286
161,67,70,286
161,67,70,286
161,67,70,286
168,67,70,286
168,67,70,286
168,67,70,286
175,67,70,286
175,67,70,286
175,67,70,286
175,67,70,286
182,67,70,286
182,67,70,286
182,67,70,286
182,67,70,286
189,67,70,286
189,60,70,286
189,67,70,286
196,60,70,286
196,60,70,286
196,60,70,286
203,60,70,286
203,60,70,286
203,60,70,286
203,67,70,286
210,60,70,286
210,60,70,286
210,60,70,286
217,60,70,286
217,60,70,286
217,60,70,286
217,60,70,286
224,60,70,286
224,60,70,286
224,60,70,286
224,60,70,286
224,60,70,286
231,60,70,286
231,60,70,286
231,60,70,286
231,53,70,286
231,53,70,286
238,53,70,286
238,53,70,286
238,53,70,286
238,53,70,286
238,53,70,286
238,53,70,286
245,53,70,286
245,53,70,286
245,53,70,286
245,53,70,286
245,53,70,286
245,53,70,286
252,53,70,286
252,53,70,286
252,53,70,286
252,53,70,286
252,53,70,286
245,46,70,286
259,46,70,286
259,46,70,286
259,46,70,286
259,46,70,286
252,46,70,286
252,46,70,286
252,46,70,286
266,46,70,286
266,46,70,286
259,46,70,286
259,46,70,286
273,46,70,286
273,46,70,286
273,46,70,286
266,46,70,286
266,46,70,286
266,46,70,286
266,39,70,286
280,46,70,286
273,46,70,286
273,46,70,286
273,46,70,286
273,46,70,286
273,39,70,286
273,39,70,286
273,39,70,286
273,39,70,286
273,39,70,286
273,39,70,286
273,39,70,286
273,39,70,286
273,39,70,286
273,39,70,286
273,39,70,286
273,39,70,286
273,39,70,286
273,39,70,286
273,39,70,286
273,39,70,286
280,32,70,286
280,32,70,286
280,32,70,286
280,32,70,286
280,32,70,286
280,32,70,286
287,32,70,286
280,32,70,286
280,32,70,286
287,32,70,286
287,32,70,286
287,32,70,286
287,32,70,286
287,32,70,286
287,32,70,286
287,32,70,286
294,32,70,286
294,32,70,286
294,32,70,286
294,32,70,286
301,39,70,286
301,32,70,286
301,39,70,286
301,39,70,286
301,32,70,286
301,32,70,286
301,32,70,286
301,32,70,286
301,32,70,286
301,32,70,286
301,32,70,286
308,32,70,286
308,32,70,286
308,39,70,286
308,32,70,286
308,32,70,286
308,32,70,286
308,32,70,286
308,32,70,286
308,32,70,286
308,32,70,286
308,32,70,286
315,32,70,286
315,32,70,286
315,32,70,286
315,32,70,286
315,32,70,286
315,32,70,286
315,32,70,286
315,32,70,286
315,32,70,286
315,32,70,286
315,32,70,286
315,32,70,286
315,32,70,286
322,32,70,286
322,32,70,286
322,32,70,286
322,32,70,286
322,32,70,286
322,32,70,286
322,32,70,286
322,32,70,286
322,32,70,286
322,32,70,286
322,32,70,286
322,32,70,286
322,32,70,286
322,32,70,286
322,32,70,286
322,32,70,286
329,32,70,286
329,32,70,286
329,32,70,286
329,32,70,286
329,32,70,286
329,32,70,286
329,25,70,286
329,32,70,286
329,32,70,286
329,32,70,286
329,32,70,286
329,32,70,286
329,32,70,286
329,32,70,286
336,25,70,286
329,32,70,286
329,32,70,286
329,32,70,286
329,32,70,286
329,32,70,286
329,32,70,286
329,32,70,286
329,32,70,286
329,32,70,286
329,32,70,286
329,32,70,286
329,32,70,286
329,32,70,286
329,32,70,286
329,32,70,286
329,32,70,286
329,32,70,286
336,25,70,286
336,25,70,286
336,32,70,286
336,25,70,286
336,25,70,286
336,25,70,286
336,25,70,286
336,25,70,286
336,25,70,286
336,25,70,286
336,25,70,286
336,25,70,286
336,25,70,286
336,25,70,286
336,25,70,286
336,25,70,286
336,25,70,286
336,25,70,286
336,25,70,286
336,25,70,286
336,25,70,286
336,25,70,286
336,25,70,286
336,25,70,286
336,25,70,286
336,25,70,286
336,25,70,286
336,25,70,286
336,25,70,286
336,25,70,286
336,25,70,286
336,25,70,286
336,25,70,286
336,25,70,286
336,25,70,286
336,25,70,286
336,25,70,286
336,25,70,286
336,25,70,286
336,25,70,286
336,25,70,286
336,25,70,286
336,25,70,286
336,25,70,286
336,25,70,286
336,25,70,286
336,25,70,286
336,25,70,286
336,25,70,286
336,25,70,286
336,25,70,286
336,25,70,286
336,25,70,286
336,25,70,286
336,25,70,286
336,25,70,286
336,25,70,286
336,25,70,286
336,25,70,286
336,25,70,286
336,25,70,286
336,25,70,286
336,25,70,286
336,25,70,286
336,25,70,286
343,18,70,286
343,18,70,286
343,18,70,286
343,18,70,286
343,18,70,286
343,18,70,286
343,18,70,286
343,18,70,286
343,18,70,286
343,18,70,286
343,18,70,286
343,18,70,286
343,18,70,286
343,18,70,286
343,18,70,286
336,25,70,286
343,18,70,286
343,18,70,286
336,18,70,286
343,18,70,286
336,18,70,286
336,18,70,286
336,18,70,286
336,18,70,286
336,18,70,286
336,18,70,286
336,18,70,286
336,18,70,286
336,18,70,286
336,18,70,286
336,18,70,286
336,18,70,286
336,18,70,286
336,18,70,286
336,18,70,286
336,18,70,286
336,18,70,286
336,18,70,286
336,18,70,286
336,18,70,286
336,18,70,286
336,18,70,286
336,18,70,286
336,18,70,286
336,18,70,286
336,18,70,286
336,18,70,286
336,18,70,286
336,18,70,286
336,18,70,286
336,18,70,286
