NaN,NaN,NaN,-1
168.04,81.706,48.601,49.628
167.64,79.512,48.477,49.586
167.03,78.787,48.625,49.823
165.4,77.33,48.774,50.06
165.15,78.665,49.091,50.395
166.01,75.8,48.875,50.277
166.28,76.381,48.262,49.523
163.55,80.294,48.192,49.348
163.61,77.93,48.118,49.271
162.14,75.191,48.07,49.085
158.72,76.723,48.235,49.163
157.32,75.647,47.778,48.679
151.54,75.395,48.409,49.31
151.97,73.323,47.946,48.801
146.07,73.902,47.771,48.599
141.3,71.389,47.854,48.649
138.62,70.076,48.106,48.859
136.06,69.341,48.486,49.24
131.65,68.161,48.327,48.967
128.19,66.676,48.51,49.211
123.7,66.348,47.74,48.342
120.94,63.861,48.001,48.793
115.44,63.47,47.786,48.44
112.13,62.554,47.432,48.051
106.71,61.067,47.343,47.904
100.98,65.167,47.089,47.584
97.313,59.062,47.4,47.855
90.44,63.756,47.114,47.565
87.519,65.426,46.894,47.392
89.15,67.833,47.326,47.92
86.956,69.082,47.573,48.037
85.464,66.182,46.902,47.25
84.483,68.715,46.845,47.251
83.922,72.164,46.241,46.447
84.507,69.049,46.458,46.814
84.656,68.522,46.677,46.897
86.694,70.424,46.412,46.705
84.795,76.347,46.021,46.299
86.267,75.812,45.93,46.307
86.35,79.466,45.429,45.87
87.358,82.661,45.074,45.428
88.804,81.954,45.083,45.163
88.5,89.267,44.524,44.525
88.762,93.723,44.434,44.497
88.565,94.741,44.166,44.065
94.378,97.325,44.045,43.94
97.806,98.904,43.961,43.988
100.54,102.31,44.135,44.212
102.11,105.36,44.501,44.603
103.94,104.33,45.128,45.108
106.16,106.87,45.44,45.54
111.18,109.73,45.665,45.67
117.3,109.09,45.481,45.287
122.58,110.39,46.091,45.908
129.26,109.18,46.231,46.159
135.88,107.32,45.982,45.832
140.82,107.21,46.389,46.278
142.95,105.71,47.034,46.98
144.07,108.04,47.196,47.324
151.86,107.92,47.246,47.185
154.04,109.78,47.226,47.104
160.48,107.92,47.638,47.434
165.15,103.85,47.968,47.626
168.56,103.05,48.374,47.999
174.3,103.3,49.099,48.653
175.13,104.66,48.825,48.463
182.84,104.89,48.977,48.397
187.4,108.84,48.56,47.915
190.83,109.85,48.603,47.955
195.36,110.56,49.12,48.403
197.27,114.38,48.873,48.114
202.45,115.22,49.072,48.333
203.91,116.95,49.606,48.852
204.33,120.82,49.028,48.319
207.89,120.71,48.81,48.082
209.4,122.79,48.538,47.949
209.62,125.89,48.005,47.239
211.56,130.57,48.222,47.46
210.15,133.15,48.101,47.443
210.03,133.69,48.184,47.449
210.75,137.22,48.222,47.47
206.9,140.99,48.073,47.333
203.88,143.04,48.327,47.485
200.34,146.02,48.267,47.409
198.84,146.38,48.331,47.579
197.4,147.9,48.835,47.968
194.3,145.74,49.32,48.382
192.3,148.47,49.577,48.519
186.84,148.16,49.636,48.542
182.13,148.58,50.005,48.832
179.87,147.54,50.121,49.008
180.08,146.55,50.552,49.351
176.79,143.09,50.151,49.049
176.31,142.27,50.252,49.162
175.03,137.42,50.09,48.937
175.55,133.01,49.758,48.648
177.63,127.41,49.97,48.756
174.49,122.53,50.318,48.944
175.09,119.98,50.025,48.673
175.05,114.36,50.132,48.739
175,112.44,50.309,48.814
174.94,108.56,50.316,48.82
176,103.31,49.907,48.412
176.87,99.87,50.135,48.678
175.52,93.871,50.22,48.612
177.77,92.341,50.307,48.638
177.92,88.133,50.045,48.351
178.06,88.278,50.109,48.256
177.51,89.279,50.307,48.491
176.73,91.278,49.966,48.36
170.93,91.591,49.509,47.994
171.97,93.606,49.071,47.527
172.63,93.775,49.029,47.298
170.5,95.334,49.106,47.361
171.77,97.205,49.208,47.493
171.1,98.132,48.897,47.112
172.85,97.03,48.988,47.157
173.46,96.761,49.036,47.167
175,98.239,48.753,46.795
175.83,98.037,48.532,46.755
173.59,99.463,48.215,46.483
175.78,98.458,48.102,46.453
174.55,100.41,47.942,46.332
177.94,98.902,47.557,46.124
176.6,99.845,47.154,45.739
177.9,101.13,46.939,45.512
177.56,98.41,46.952,45.631
178.69,93.822,46.647,45.336
180.68,92.002,46.368,45.062
183.26,89.365,46.508,45.371
181.16,85.634,45.631,44.47
180.26,84.691,45.632,44.475
181.39,81.237,45.97,44.816
180.94,76.213,45.555,44.337
182.12,72.978,45.128,43.922
180.37,71.542,45.347,44.188
180.07,69.352,44.911,43.686
202.4,51.93,44.727,43.462
203.77,48.507,44.064,42.839
222.03,64.766,43.809,42.593
NaN,NaN,NaN,-2
NaN,NaN,NaN,0
NaN,NaN,NaN,0
NaN,NaN,NaN,0
NaN,NaN,NaN,0
NaN,NaN,NaN,-1
199.14,31.886,29.66,51.354
198.25,31.922,29.352,50.733
196.56,30.621,29.564,51.108
193.54,34.378,29.368,50.794
190.09,34.252,29.255,50.677
185.82,36.766,29.29,50.798
182.97,39.779,28.988,50.303
178.23,43.744,29.248,50.774
174.16,47.363,29.145,50.517
172.34,48.671,29.06,50.434
173.04,51.563,28.76,49.926
174.06,60.017,28.881,50.189
175.49,61.418,29.065,50.48
176.44,64.627,28.663,49.892
178.93,71.634,28.432,49.456
178.5,71.53,28.024,48.653
180.23,85.075,28.139,48.897
183,87.713,27.696,48.174
182.19,89.84,27.868,48.449
184.13,95.148,27.458,47.688
186.23,96.92,27.649,48.037
191.71,99.602,27.857,48.448
196.99,99.544,28.101,48.869
197.62,101.02,27.818,48.446
200.03,103.92,27.864,48.486
198.13,102.49,28.096,48.95
196.59,99.517,28.108,49.042
192.07,99.028,27.861,48.662
186.55,98.19,27.494,48.026
180.66,97.379,27.369,47.777
175.16,97.443,27.024,47.332
168.45,95.821,27.374,47.944
162.25,84.494,27.737,48.581
157.29,81.167,27.75,48.513
144.03,87.18,27.92,48.782
135.74,76.244,27.667,48.293
126.25,73.519,28.275,49.356
120.64,73.202,28.129,49.111
111.64,71.943,28.086,48.955
102.94,68.102,28.013,48.876
97.155,66.553,28.426,49.676
90.158,68.627,28.494,49.794
81.538,73.51,28.713,50.21
75.916,66.014,28.653,50.056
67.63,73.201,28.282,49.439
63.832,75.279,28.124,49.204
59.829,74.278,27.453,47.969
55.579,82.568,27.813,48.451
51.008,83.558,27.755,48.385
52.238,87.895,27.554,48.026
54.183,92.427,27.675,48.243
57.798,93.9,27.667,48.231
60.059,95.929,27.685,48.233
61.785,98.761,28.116,48.998
65.528,102.02,28.676,49.97
69.014,109.36,28.702,49.92
72.318,113.23,28.224,49.15
73.806,117.93,27.892,48.649
76.672,124.75,27.78,48.419
80.68,134.48,27.862,48.52
86.29,136.22,27.972,48.73
87.471,139.31,27.793,48.426
92.982,143.08,28.261,49.235
95.725,143.15,28.742,50.058
98.309,145.72,28.78,50.156
99.177,147.5,29.114,50.811
106.54,148.3,29.503,51.536
109.16,149.74,29.623,51.806
115.68,152.69,29.246,51.229
118.89,152.55,28.903,50.593
122.45,154.35,28.763,50.354
125.09,160.65,28.674,50.255
133.58,162.51,28.459,49.952
135.51,166.66,28.807,50.648
143.27,172.18,28.542,50.228
149.61,175.03,28.981,50.996
151.18,141.7,29.149,51.39
NaN,NaN,NaN,-2
NaN,NaN,NaN,0
NaN,NaN,NaN,0
NaN,NaN,NaN,0
NaN,NaN,NaN,0
NaN,NaN,NaN,-1
164.76,179.03,48.843,41.699
166.89,176.6,48.608,41.442
172.37,173.73,48.358,41.157
172.96,168.91,48.373,41.174
175.32,167.13,48.274,40.967
174.85,164.04,48.412,41.033
177.85,159.69,48.764,41.377
179.17,159,49.095,41.625
180.14,155.08,48.879,41.519
183.2,154.56,49.297,41.771
185.31,150.71,49.742,42.123
185.63,149.46,49.16,41.597
184.38,148.46,49.499,41.994
185.64,147.99,49.243,41.717
185.51,145.79,49.482,42.068
184.68,145.3,49.302,41.861
186.12,141.3,49.17,41.729
185.58,138.25,49.998,42.571
183.48,133.29,49.738,42.378
183.97,129.5,49.614,42.271
181.66,126.94,49.216,41.812
182.87,122.11,49.005,41.708
178.93,116.28,48.94,41.799
178.24,111.44,48.844,41.552
178.72,107.96,48.816,41.509
177.67,108.02,49.001,41.572
177.46,107.31,49.182,41.694
175.4,104.42,48.828,41.526
174.07,103.88,47.974,40.866
174.3,103.06,48.319,41.36
173.64,101.85,48.692,41.798
173.2,101.11,48.761,41.847
171.73,100.4,48.628,41.744
170.92,98.763,48.436,41.658
