NaN,NaN,NaN,-1
151,71,77,92
149,74,77,92
145,77,77,92
142,78,77,92
139,76,77,92
138,73,77,92
137,68,77,92
136,65,77,92
135,64,77,92
132,64,77,92
126,65,77,92
120,68,77,92
114,70,77,92
110,70,77,92
109,68,77,92
110,66,77,92
112,65,77,92
114,67,77,92
116,68,77,92
118,71,77,92
119,74,77,92
119,75,77,92
120,75,77,92
120,77,77,92
121,78,77,92
121,75,77,92
124,71,77,92
127,66,77,92
132,61,77,92
137,58,77,92
140,56,77,92
144,56,77,92
147,55,77,92
150,58,77,92
151,60,77,92
150,61,77,92
149,59,77,92
147,56,77,92
143,54,77,92
140,52,77,92
136,54,77,92
130,59,77,92
124,63,77,92
120,65,77,92
116,65,77,92
114,66,77,92
112,67,77,92
111,67,77,92
110,65,77,92
111,59,77,92
112,55,77,92
115,54,77,92
118,55,77,92
119,58,77,92
123,64,77,92
126,68,77,92
130,72,77,92
134,74,77,92
137,71,77,92
141,67,77,92
145,60,77,92
149,56,77,92
149,54,77,92
150,54,77,92
150,60,77,92
147,64,77,92
145,65,77,92
143,67,77,92
143,68,77,92
140,67,77,92
140,63,77,92
141,60,77,92
142,60,77,92
142,64,77,92
141,69,77,92
140,70,77,92
139,70,77,92
139,71,77,92
138,73,77,92
137,73,77,92
133,70,77,92
128,66,77,92
127,63,77,92
128,62,77,92
127,66,77,92
126,70,77,92
127,74,77,92
129,77,77,92
131,81,77,92
134,81,77,92
135,76,77,92
139,67,77,92
142,62,77,92
147,58,77,92
150,56,77,92
151,58,77,92
152,61,77,92
154,62,77,92
156,63,77,92
157,63,77,92
157,62,77,92
156,61,77,92
156,61,77,92
154,60,77,92
153,59,77,92
152,60,77,92
148,65,77,92
145,67,77,92
142,67,77,92
138,70,77,92
134,73,77,92
130,71,77,92
130,68,77,92
131,65,77,92
132,65,77,92
132,65,77,92
132,65,77,92
131,65,77,92
133,67,77,92
134,70,77,92
135,71,77,92
137,70,77,92
141,67,77,92
142,64,77,92
145,62,77,92
148,59,77,92
152,58,77,92
155,58,77,92
157,58,77,92
158,60,77,92
159,61,77,92
160,61,77,92
160,60,77,92
158,60,77,92
157,58,77,92
156,56,77,92
157,52,77,92
159,50,77,92
157,49,77,92
155,49,77,92
150,48,77,92
149,49,77,92
146,52,77,92
143,54,77,92
140,54,77,92
138,53,77,92
136,49,77,92
135,44,77,92
134,42,77,92
135,41,77,92
132,41,77,92
134,42,77,92
135,45,77,92
136,50,77,92
135,55,77,92
137,57,77,92
137,56,77,92
140,55,77,92
140,52,77,92
140,49,77,92
142,46,77,92
142,42,77,92
142,41,77,92
140,42,77,92
139,43,77,92
137,46,77,92
136,50,77,92
136,53,77,92
135,56,77,92
136,57,77,92
135,56,77,92
136,52,77,92
136,48,77,92
136,44,77,92
135,42,77,92
135,40,77,92
134,41,77,92
135,43,77,92
137,46,77,92
139,47,77,92
138,50,77,92
136,53,77,92
133,54,77,92
130,56,77,92
126,56,77,92
122,54,77,92
120,52,77,92
117,50,77,92
114,49,77,92
111,49,77,92
111,49,77,92
111,50,77,92
113,50,77,92
116,48,77,92
120,44,77,92
124,40,77,92
124,38,77,92
125,32,77,92
131,34,77,92
137,38,77,92
139,42,77,92
144,44,77,92
149,46,77,92
151,46,77,92
154,46,77,92
155,47,77,92
157,50,77,92
160,54,77,92
161,55,77,92
162,57,77,92
163,58,77,92
162,59,77,92
160,59,77,92
154,57,77,92
151,59,77,92
147,59,77,92
143,59,77,92
138,58,77,92
136,56,77,92
134,56,77,92
131,55,77,92
131,57,77,92
133,61,77,92
135,64,77,92
139,66,77,92
143,68,77,92
149,68,77,92
154,68,77,92
159,67,77,92
163,67,77,92
166,66,77,92
169,65,77,92
171,65,77,92
172,67,77,92
169,69,77,92
168,71,77,92
167,73,77,92
166,73,77,92
165,74,77,92
165,73,77,92
166,73,77,92
166,71,77,92
170,71,77,92
172,71,77,92
173,71,77,92
176,73,77,92
176,75,77,92
177,77,77,92
177,77,77,92
176,77,77,92
171,74,77,92
168,70,77,92
166,67,77,92
164,64,77,92
163,61,77,92
161,58,77,92
161,56,77,92
161,56,77,92
162,60,77,92
161,67,77,92
161,73,77,92
164,77,77,92
166,76,77,92
168,73,77,92
170,67,77,92
171,62,77,92
174,59,77,92
174,57,77,92
173,55,77,92
172,54,77,92
171,57,77,92
170,60,77,92
169,63,77,92
168,64,77,92
164,64,77,92
158,62,77,92
152,61,77,92
147,59,77,92
141,54,77,92
133,50,77,92
128,48,77,92
123,48,77,92
122,50,77,92
120,54,77,92
119,60,77,92
119,65,77,92
119,67,77,92
122,66,77,92
128,67,77,92
133,67,77,92
139,65,77,92
147,63,77,92
149,63,77,92
148,62,77,92
145,61,77,92
141,62,77,92
135,62,77,92
129,64,77,92
121,65,77,92
113,64,77,92
106,61,77,92
100,56,77,92
93,50,77,92
88,46,77,92
87,46,77,92
86,47,77,92
86,53,77,92
84,60,77,92
82,65,77,92
79,68,77,92
73,70,77,92
66,69,77,92
60,67,77,92
55,63,77,92
55,59,77,92
55,55,77,92
58,54,77,92
62,54,77,92
67,58,77,92
69,61,77,92
70,64,77,92
75,65,77,92
79,68,77,92
84,69,77,92
88,65,77,92
93,61,77,92
98,53,77,92
106,46,77,92
115,42,77,92
123,43,77,92
128,48,77,92
130,51,77,92
132,54,77,92
134,54,77,92
137,57,77,92
137,57,77,92
136,56,77,92
138,54,77,92
138,52,77,92
137,49,77,92
138,49,77,92
137,51,77,92
137,52,77,92
137,54,77,92
135,55,77,92
135,55,77,92
135,55,77,92
137,54,77,92
139,49,77,92
142,44,77,92
147,42,77,92
150,41,77,92
152,47,77,92
152,54,77,92
149,60,77,92
149,64,77,92
147,66,77,92
144,63,77,92
143,56,77,92
147,51,77,92
152,47,77,92
156,49,77,92
156,50,77,92
156,54,77,92
151,56,77,92
144,58,77,92
138,57,77,92
132,57,77,92
123,52,77,92
119,48,77,92
118,42,77,92
122,41,77,92
122,43,77,92
121,45,77,92
121,48,77,92
121,50,77,92
120,51,77,92
117,52,77,92
114,52,77,92
111,49,77,92
115,45,77,92
118,43,77,92
122,42,77,92
132,46,77,92
137,50,77,92
142,50,77,92
150,48,77,92
154,46,77,92
157,44,77,92
159,43,77,92
160,42,77,92
159,38,77,92
161,34,77,92
161,33,77,92
159,32,77,92
158,33,77,92
161,40,77,92
158,47,77,92
154,51,77,92
150,53,77,92
144,52,77,92
139,47,77,92
139,43,77,92
144,37,77,92
146,36,77,92
147,38,77,92
146,41,77,92
147,44,77,92
148,45,77,92
148,45,77,92
150,48,77,92
151,50,77,92
154,50,77,92
156,46,77,92
156,44,77,92
159,44,77,92
161,48,77,92
161,53,77,92
159,56,77,92
155,58,77,92
151,59,77,92
149,58,77,92
149,57,77,92
146,54,77,92
142,52,77,92
137,49,77,92
135,48,77,92
132,43,77,92
130,36,77,92
128,36,77,92
125,40,77,92
125,43,77,92
125,44,77,92
123,48,77,92
121,50,77,92
120,51,77,92
118,50,77,92
121,50,77,92
127,50,77,92
133,51,77,92
140,51,77,92
145,51,77,92
149,51,77,92
150,53,77,92
149,55,77,92
150,54,77,92
153,52,77,92
151,52,77,92
150,52,77,92
143,50,77,92
137,46,77,92
139,47,77,92
138,50,77,92
137,53,77,92
136,57,77,92
134,58,77,92
139,60,77,92
141,62,77,92
143,62,77,92
144,63,77,92
146,64,77,92
144,63,77,92
145,63,77,92
144,63,77,92
142,64,77,92
138,63,77,92
135,62,77,92
133,61,77,92
128,61,77,92
123,60,77,92
120,60,77,92
116,59,77,92
115,59,77,92
108,59,77,92
103,61,77,92
102,59,77,92
101,58,77,92
100,56,77,92
100,57,77,92
102,57,77,92
102,56,77,92
102,57,77,92
99,57,77,92
99,55,77,92
101,54,77,92
102,53,77,92
112,47,77,92
114,46,77,92
114,45,77,92
118,43,77,92
119,41,77,92
120,40,77,92
113,37,77,92
113,36,77,92
111,37,77,92
106,38,77,92
105,40,77,92
101,38,77,92
103,38,77,92
103,35,77,92
109,33,77,92
111,29,77,92
114,27,77,92
119,27,77,92
123,29,77,92
124,30,77,92
129,31,77,92
132,30,77,92
131,25,77,92
132,22,77,92
135,20,77,92
139,20,77,92
136,24,77,92
136,30,77,92
132,34,77,92
125,37,77,92
118,40,77,92
112,41,77,92
103,38,77,92
103,39,77,92
100,37,77,92
98,32,77,92
101,33,77,92
104,35,77,92
107,35,77,92
111,38,77,92
112,40,77,92
115,43,77,92
120,46,77,92
122,47,77,92
126,44,77,92
128,38,77,92
128,34,77,92
128,33,77,92
130,34,77,92
131,37,77,92
131,37,77,92
131,35,77,92
128,32,77,92
126,28,77,92
124,23,77,92
123,19,77,92
118,13,77,92
116,15,77,92
112,19,77,92
107,21,77,92
105,21,77,92
106,22,77,92
106,22,77,92
106,23,77,92
104,24,77,92
103,24,77,92
105,21,77,92
108,22,77,92
109,26,77,92
111,30,77,92
111,35,77,92
110,38,77,92
111,41,77,92
108,40,77,92
109,34,77,92
112,25,77,92
115,20,77,92
117,24,77,92
119,28,77,92
119,33,77,92
118,35,77,92
117,37,77,92
116,38,77,92
116,39,77,92
116,37,77,92
118,37,77,92
119,37,77,92
114,36,77,92
110,37,77,92
107,38,77,92
103,38,77,92
97,37,77,92
92,36,77,92
87,35,77,92
83,35,77,92
87,34,77,92
89,32,77,92
91,27,77,92
95,27,77,92
98,30,77,92
100,36,77,92
104,40,77,92
110,41,77,92
117,39,77,92
122,35,77,92
125,31,77,92
127,28,77,92
130,25,77,92
132,23,77,92
133,24,77,92
132,25,77,92
132,26,77,92
131,29,77,92
126,31,77,92
123,32,77,92
123,32,77,92
119,33,77,92
118,32,77,92
118,31,77,92
118,31,77,92
117,32,77,92
117,32,77,92
117,33,77,92
119,34,77,92
122,35,77,92
123,35,77,92
122,36,77,92
124,38,77,92
122,40,77,92
118,44,77,92
118,49,77,92
119,53,77,92
119,56,77,92
116,58,77,92
112,56,77,92
112,54,77,92
114,53,77,92
111,51,77,92
113,47,77,92
116,46,77,92
119,46,77,92
123,47,77,92
126,47,77,92
127,48,77,92
130,48,77,92
132,47,77,92
132,42,77,92
132,40,77,92
128,39,77,92
124,37,77,92
120,38,77,92
115,41,77,92
110,44,77,92
106,45,77,92
102,47,77,92
97,48,77,92
93,48,77,92
92,48,77,92
89,45,77,92
89,41,77,92
92,40,77,92
95,41,77,92
97,46,77,92
101,50,77,92
107,56,77,92
112,59,77,92
117,60,77,92
120,58,77,92
127,56,77,92
134,54,77,92
137,55,77,92
140,58,77,92
142,62,77,92
142,64,77,92
139,65,77,92
136,64,77,92
131,62,77,92
129,59,77,92
127,59,77,92
123,58,77,92
122,57,77,92
123,56,77,92
122,57,77,92
120,59,77,92
117,59,77,92
114,59,77,92
113,58,77,92
112,58,77,92
112,58,77,92
112,56,77,92
114,54,77,92
115,53,77,92
118,52,77,92
123,54,77,92
128,56,77,92
132,59,77,92
133,61,77,92
134,62,77,92
135,62,77,92
138,61,77,92
139,59,77,92
139,58,77,92
139,57,77,92
138,57,77,92
132,62,77,92
131,58,77,92
126,57,77,92
124,58,77,92
121,60,77,92
121,61,77,92
123,61,77,92
123,60,77,92
121,59,77,92
119,59,77,92
117,58,77,92
114,58,77,92
110,58,77,92
107,58,77,92
107,60,77,92
106,61,77,92
103,63,77,92
101,63,77,92
97,61,77,92
94,58,77,92
93,55,77,92
92,53,77,92
89,51,77,92
95,51,77,92
98,52,77,92
102,55,77,92
105,59,77,92
102,61,77,92
NaN,NaN,NaN,-2
NaN,NaN,NaN,0
NaN,NaN,NaN,0
NaN,NaN,NaN,0
NaN,NaN,NaN,0
NaN,NaN,NaN,-1
162,48,63,94
160,50,63,94
160,53,63,94
158,56,63,94
156,58,63,94
152,57,63,94
147,58,63,94
146,57,63,94
143,54,63,94
139,52,63,94
139,52,63,94
136,53,63,94
134,53,63,94
134,55,63,94
135,56,63,94
138,56,63,94
141,56,63,94
146,56,63,94
151,55,63,94
156,54,63,94
158,54,63,94
161,52,63,94
162,53,63,94
166,55,63,94
166,58,63,94
166,61,63,94
162,66,63,94
161,67,63,94
160,68,63,94
157,68,63,94
153,65,63,94
152,63,63,94
148,60,63,94
145,61,63,94
140,62,63,94
137,64,63,94
135,66,63,94
134,63,63,94
133,63,63,94
132,63,63,94
132,61,63,94
126,61,63,94
126,62,63,94
123,61,63,94
121,59,63,94
