NaN,NaN,NaN,-1
123,92,46,58
123,93,46,58
123,93,46,58
123,93,46,58
123,93,46,58
123,93,46,58
123,93,46,58
123,94,46,58
123,95,46,58
122,96,46,58
122,97,46,58
121,98,46,58
120,98,46,58
119,99,46,58
118,99,46,58
117,99,46,58
116,100,46,58
116,100,46,58
116,99,46,58
116,99,46,58
117,98,46,58
117,97,46,58
119,96,46,58
120,95,46,58
122,94,46,58
124,94,46,58
125,94,46,58
127,92,46,58
128,92,46,58
128,91,46,58
128,90,46,58
127,89,46,58
125,87,46,58
123,86,46,58
121,84,46,58
120,83,46,58
119,83,46,58
118,83,46,58
117,85,46,58
117,86,46,58
117,89,46,58
116,91,46,58
116,94,46,58
116,95,46,58
116,98,46,58
117,98,46,58
120,97,46,58
119,98,46,58
120,96,46,58
122,95,46,58
122,95,46,58
122,95,46,58
124,94,46,58
124,94,46,58
123,94,46,58
123,94,46,58
124,93,46,58
124,93,46,58
123,93,46,58
122,94,46,58
122,96,46,58
121,98,46,58
121,100,46,58
121,101,46,58
121,102,46,58
122,103,46,58
123,104,46,58
124,105,46,58
123,104,46,58
124,102,46,58
125,98,46,58
124,95,46,58
123,93,46,58
124,92,46,58
124,88,46,58
124,84,46,58
124,81,46,58
123,78,46,58
123,78,46,58
122,78,46,58
122,79,46,58
122,79,46,58
121,81,46,58
121,82,46,58
120,84,46,58
119,85,46,58
118,87,46,58
116,89,46,58
114,90,46,58
113,91,46,58
111,92,46,58
110,93,46,58
108,94,46,58
107,96,46,58
105,98,46,58
103,100,46,58
102,101,46,58
101,103,46,58
101,104,46,58
101,104,46,58
103,103,46,58
104,102,46,58
106,102,46,58
108,101,46,58
110,101,46,58
114,100,46,58
118,100,46,58
121,100,46,58
124,100,46,58
126,100,46,58
128,99,46,58
130,99,46,58
132,97,46,58
133,98,46,58
135,98,46,58
135,100,46,58
135,101,46,58
133,103,46,58
131,103,46,58
129,103,46,58
127,103,46,58
125,102,46,58
123,100,46,58
122,97,46,58
119,95,46,58
117,92,46,58
115,91,46,58
114,91,46,58
113,91,46,58
111,91,46,58
109,93,46,58
107,94,46,58
106,96,46,58
106,98,46,58
107,100,46,58
105,102,46,58
108,103,46,58
109,105,46,58
110,105,46,58
111,105,46,58
112,105,46,58
112,105,46,58
112,104,46,58
112,102,46,58
111,101,46,58
109,99,46,58
106,98,46,58
103,97,46,58
100,97,46,58
97,96,46,58
94,96,46,58
92,96,46,58
89,97,46,58
88,98,46,58
88,98,46,58
87,97,46,58
86,97,46,58
86,97,46,58
86,98,46,58
86,99,46,58
86,101,46,58
86,101,46,58
86,102,46,58
86,103,46,58
86,105,46,58
85,106,46,58
84,106,46,58
84,106,46,58
83,106,46,58
82,106,46,58
81,105,46,58
80,104,46,58
79,102,46,58
78,101,46,58
77,100,46,58
76,99,46,58
74,98,46,58
73,98,46,58
72,98,46,58
70,99,46,58
67,99,46,58
66,99,46,58
64,99,46,58
62,98,46,58
61,98,46,58
59,98,46,58
58,98,46,58
58,98,46,58
59,99,46,58
60,99,46,58
60,99,46,58
61,101,46,58
61,102,46,58
62,103,46,58
62,103,46,58
62,103,46,58
61,102,46,58
61,102,46,58
59,101,46,58
58,101,46,58
57,100,46,58
55,99,46,58
54,98,46,58
53,97,46,58
52,97,46,58
52,96,46,58
52,96,46,58
54,95,46,58
56,95,46,58
58,93,46,58
60,92,46,58
61,92,46,58
62,90,46,58
62,89,46,58
62,89,46,58
62,89,46,58
61,89,46,58
59,90,46,58
59,90,46,58
59,89,46,58
59,89,46,58
59,88,46,58
59,87,46,58
59,87,46,58
60,86,46,58
60,87,46,58
60,90,46,58
59,89,46,58
56,88,46,58
56,87,46,58
NaN,NaN,NaN,-2
NaN,NaN,NaN,0
NaN,NaN,NaN,0
NaN,NaN,NaN,0
NaN,NaN,NaN,0
NaN,NaN,NaN,-1
117,114,40,54
116,113,40,54
115,111,40,54
112,109,40,54
111,107,40,54
109,104,40,54
107,102,40,54
103,100,40,54
98,99,40,54
93,97,40,54
88,95,40,54
84,92,40,54
79,92,40,54
74,91,40,54
70,90,40,54
69,90,40,54
71,90,40,54
74,92,40,54
78,94,40,54
82,95,40,54
86,96,40,54
89,98,40,54
91,101,40,54
93,104,40,54
94,107,40,54
96,109,40,54
98,111,40,54
100,112,40,54
102,112,40,54
104,111,40,54
106,110,40,54
109,108,40,54
111,105,40,54
113,101,40,54
116,97,40,54
118,94,40,54
119,89,40,54
118,86,40,54
118,83,40,54
117,80,40,54
114,77,40,54
111,73,40,54
108,69,40,54
105,66,40,54
103,63,40,54
100,61,40,54
97,59,40,54
94,57,40,54
92,57,40,54
91,57,40,54
90,58,40,54
89,60,40,54
88,62,40,54
87,63,40,54
86,65,40,54
85,67,40,54
83,68,40,54
81,71,40,54
80,73,40,54
80,75,40,54
80,78,40,54
80,80,40,54
82,82,40,54
84,84,40,54
87,85,40,54
90,86,40,54
