NaN,NaN,NaN,-1
336,168,23,61
335,167,23,61
336,170,23,61
335,175,23,61
336,176,23,61
329,173,23,61
327,175,23,61
323,175,23,61
316,172,23,61
330,173,23,61
330,169,23,61
331,167,23,61
328,168,23,61
327,169,23,61
328,172,23,61
326,174,23,61
321,176,23,61
321,176,23,61
320,172,23,61
322,172,23,61
326,167,23,61
330,172,23,61
330,166,23,61
329,165,23,61
327,162,23,61
329,163,23,61
329,166,23,61
326,164,23,61
324,165,23,61
325,165,23,61
328,162,23,61
331,158,23,61
332,159,23,61
332,157,23,61
331,158,23,61
330,160,23,61
332,164,23,61
333,164,23,61
327,166,23,61
328,166,23,61
328,165,23,61
331,161,23,61
333,161,23,61
333,158,23,61
333,156,23,61
331,156,23,61
331,159,23,61
333,161,23,61
330,164,23,61
330,163,23,61
329,163,23,61
333,162,23,61
334,161,23,61
336,161,23,61
337,159,23,61
336,159,23,61
336,160,23,61
336,162,23,61
334,164,23,61
333,163,23,61
331,164,23,61
327,163,23,61
331,163,23,61
330,162,23,61
330,159,23,61
327,158,23,61
324,159,23,61
323,160,23,61
324,164,23,61
320,164,23,61
319,165,23,61
319,165,23,61
317,164,23,61
323,162,23,61
323,158,23,61
325,159,23,61
323,158,23,61
322,164,23,61
322,165,23,61
322,165,23,61
319,164,23,61
319,164,23,61
317,165,23,61
318,164,23,61
322,164,23,61
324,158,23,61
324,160,23,61
323,161,23,61
325,164,23,61
327,166,23,61
325,167,23,61
327,168,23,61
327,165,23,61
329,167,23,61
332,164,23,61
334,163,23,61
332,158,23,61
334,164,23,61
336,167,23,61
334,164,23,61
335,165,23,61
335,167,23,61
335,167,23,61
335,166,23,61
336,164,23,61
338,165,23,61
340,174,23,61
339,162,23,61
338,162,23,61
340,162,23,61
346,168,23,61
347,173,23,61
349,170,23,61
350,167,23,61
353,172,23,61
354,169,23,61
361,171,23,61
360,164,23,61
361,164,23,61
356,164,23,61
358,173,23,61
364,173,23,61
364,176,23,61
364,175,23,61
365,175,23,61
368,174,23,61
370,174,23,61
370,183,23,61
369,182,23,61
372,172,23,61
375,177,23,61
375,177,23,61
375,178,23,61
377,180,23,61
378,178,23,61
379,180,23,61
381,180,23,61
384,183,23,61
385,188,23,61
388,183,23,61
391,182,23,61
391,184,23,61
392,185,23,61
393,185,23,61
397,188,23,61
399,188,23,61
400,188,23,61
405,188,23,61
407,189,23,61
407,181,23,61
408,180,23,61
412,184,23,61
411,185,23,61
410,185,23,61
409,185,23,61
409,184,23,61
409,183,23,61
410,185,23,61
412,183,23,61
412,190,23,61
413,185,23,61
413,181,23,61
415,182,23,61
417,184,23,61
421,188,23,61
424,191,23,61
428,190,23,61
437,187,23,61
444,184,23,61
446,188,23,61
450,181,23,61
453,178,23,61
457,183,23,61
458,180,23,61
461,182,23,61
462,182,23,61
463,180,23,61
464,177,23,61
463,178,23,61
466,174,23,61
466,174,23,61
464,178,23,61
467,177,23,61
468,176,23,61
470,177,23,61
469,180,23,61
468,184,23,61
470,184,23,61
469,186,23,61
468,184,23,61
466,182,23,61
461,186,23,61
459,186,23,61
459,183,23,61
457,182,23,61
456,183,23,61
454,184,23,61
453,183,23,61
453,184,23,61
452,183,23,61
454,181,23,61
453,182,23,61
454,179,23,61
453,180,23,61
455,175,23,61
455,173,23,61
455,172,23,61
454,169,23,61
452,172,23,61
449,172,23,61
448,171,23,61
448,171,23,61
447,173,23,61
448,172,23,61
448,170,23,61
446,168,23,61
446,169,23,61
446,170,23,61
449,168,23,61
449,172,23,61
450,170,23,61
450,169,23,61
451,169,23,61
453,168,23,61
451,166,23,61
451,169,23,61
451,167,23,61
451,164,23,61
451,163,23,61
453,163,23,61
452,161,23,61
459,163,23,61
462,161,23,61
465,159,23,61
469,156,23,61
476,157,23,61
478,156,23,61
483,158,23,61
494,154,23,61
499,151,23,61
505,150,23,61
508,150,23,61
518,146,23,61
527,147,23,61
530,144,23,61
534,141,23,61
536,140,23,61
537,136,23,61
538,134,23,61
536,139,23,61
532,138,23,61
533,136,23,61
530,135,23,61
528,132,23,61
526,133,23,61
527,134,23,61
525,135,23,61
523,134,23,61
520,134,23,61
517,135,23,61
513,132,23,61
511,135,23,61
508,132,23,61
507,131,23,61
505,130,23,61
502,125,23,61
502,122,23,61
502,126,23,61
500,126,23,61
496,121,23,61
493,117,23,61
492,116,23,61
488,111,23,61
487,111,23,61
486,111,23,61
486,110,23,61
485,106,23,61
484,102,23,61
485,103,23,61
487,108,23,61
490,109,23,61
490,108,23,61
490,104,23,61
490,103,23,61
490,98,23,61
490,97,23,61
491,97,23,61
493,102,23,61
493,97,23,61
492,94,23,61
492,94,23,61
492,91,23,61
493,94,23,61
494,100,23,61
494,98,23,61
490,100,23,61
490,101,23,61
489,101,23,61
484,105,23,61
480,105,23,61
476,100,23,61
472,98,23,61
466,95,23,61
462,96,23,61
459,93,23,61
456,100,23,61
453,99,23,61
448,107,23,61
447,107,23,61
445,107,23,61
443,105,23,61
437,107,23,61
436,108,23,61
436,109,23,61
435,107,23,61
432,105,23,61
430,101,23,61
429,104,23,61
430,106,23,61
428,105,23,61
425,101,23,61
424,100,23,61
424,103,23,61
424,103,23,61
427,101,23,61
428,102,23,61
428,102,23,61
427,102,23,61
424,104,23,61
424,106,23,61
420,107,23,61
419,107,23,61
420,106,23,61
417,109,23,61
414,108,23,61
412,106,23,61
411,107,23,61
407,104,23,61
404,105,23,61
399,105,23,61
395,104,23,61
392,103,23,61
391,103,23,61
386,104,23,61
382,104,23,61
381,105,23,61
372,102,23,61
370,99,23,61
369,99,23,61
