NaN,NaN,NaN,-1
227,95,43,42
227,95,43,42
227,95,43,42
227,95,43,42
226,95,43,42
224,95,43,42
223,95,43,42
222,96,43,42
220,96,43,42
219,96,43,42
217,97,43,42
215,97,43,42
212,97,43,42
209,98,43,42
205,98,43,42
202,97,43,42
200,98,43,42
196,97,43,42
190,96,43,42
186,96,43,42
181,96,43,42
177,96,43,42
172,97,43,42
165,98,43,42
159,100,43,42
150,102,43,42
140,105,43,42
129,107,43,42
117,110,43,42
104,113,43,42
92,116,43,42
78,116,43,42
67,117,43,42
57,118,43,42
49,120,43,42
43,122,43,42
39,123,43,42
40,124,43,42
40,124,43,42
41,128,43,42
44,135,43,42
47,143,43,42
56,151,43,42
66,153,43,42
77,152,43,42
91,150,43,42
94,143,43,42
101,137,43,42
113,124,43,42
128,119,43,42
132,115,43,42
136,112,43,42
141,109,43,42
148,105,43,42
155,97,43,42
163,92,43,42
170,87,43,42
175,83,43,42
178,80,43,42
182,77,43,42
183,72,43,42
187,67,43,42
193,55,43,42
201,54,43,42
207,54,43,42
212,56,43,42
219,58,43,42
225,60,43,42
229,61,43,42
232,61,43,42
234,62,43,42
234,64,43,42
231,65,43,42
227,67,43,42
227,70,43,42
227,74,43,42
226,78,43,42
227,80,43,42
230,83,43,42
230,87,43,42
231,91,43,42
233,96,43,42
235,99,43,42
238,102,43,42
239,106,43,42
241,113,43,42
245,122,43,42
249,130,43,42
252,136,43,42
252,142,43,42
249,147,43,42
246,148,43,42
243,144,43,42
239,141,43,42
236,137,43,42
232,134,43,42
228,129,43,42
224,124,43,42
216,116,43,42
211,112,43,42
206,112,43,42
199,113,43,42
189,111,43,42
178,119,43,42
170,122,43,42
164,123,43,42
155,126,43,42
141,127,43,42
132,126,43,42
124,120,43,42
120,114,43,42
118,108,43,42
117,101,43,42
117,92,43,42
117,84,43,42
118,78,43,42
121,72,43,42
123,68,43,42
124,65,43,42
125,63,43,42
127,62,43,42
130,61,43,42
132,61,43,42
134,62,43,42
135,62,43,42
137,62,43,42
140,62,43,42
143,62,43,42
148,62,43,42
152,62,43,42
155,62,43,42
157,63,43,42
159,64,43,42
161,64,43,42
164,62,43,42
168,61,43,42
170,61,43,42
171,61,43,42
172,64,43,42
174,65,43,42
176,65,43,42
178,65,43,42
179,65,43,42
180,67,43,42
179,69,43,42
178,74,43,42
177,81,43,42
176,86,43,42
174,92,43,42
168,99,43,42
161,107,43,42
153,118,43,42
141,128,43,42
131,134,43,42
124,140,43,42
120,144,43,42
114,149,43,42
110,153,43,42
105,159,43,42
101,163,43,42
98,167,43,42
94,170,43,42
89,172,43,42
84,173,43,42
79,174,43,42
72,174,43,42
68,173,43,42
65,172,43,42
62,170,43,42
58,170,43,42
54,169,43,42
50,169,43,42
47,168,43,42
44,166,43,42
43,161,43,42
49,156,43,42
54,151,43,42
58,144,43,42
61,138,43,42
64,137,43,42
67,137,43,42
70,136,43,42
95,146,43,42
103,146,43,42
105,143,43,42
106,140,43,42
108,137,43,42
110,135,43,42
112,134,43,42
115,133,43,42
118,131,43,42
121,131,43,42
123,131,43,42
125,133,43,42
127,134,43,42
128,135,43,42
129,136,43,42
131,138,43,42
134,139,43,42
137,141,43,42
140,142,43,42
144,144,43,42
146,146,43,42
150,149,43,42
154,151,43,42
158,153,43,42
163,155,43,42
168,157,43,42
172,158,43,42
176,160,43,42
180,160,43,42
185,161,43,42
190,161,43,42
192,159,43,42
195,158,43,42
198,158,43,42
200,157,43,42
203,155,43,42
207,152,43,42
213,147,43,42
216,145,43,42
218,145,43,42
219,145,43,42
219,145,43,42
220,145,43,42
220,145,43,42
221,146,43,42
222,147,43,42
224,149,43,42
224,150,43,42
223,148,43,42
223,148,43,42
223,149,43,42
223,149,43,42
224,150,43,42
224,151,43,42
224,151,43,42
224,152,43,42
223,150,43,42
222,149,43,42
223,149,43,42
224,150,43,42
227,151,43,42
