NaN,NaN,NaN,-1
256,163,57,36
255,162,57,36
255,163,57,36
254,162,57,36
253,162,57,36
253,162,57,36
252,163,57,36
252,163,57,36
251,163,57,36
250,163,57,36
250,162,57,36
249,162,57,36
248,162,57,36
248,162,57,36
247,162,57,36
247,162,57,36
247,162,57,36
247,161,57,36
245,161,57,36
246,162,57,36
246,162,57,36
245,161,57,36
244,161,57,36
245,163,57,36
244,162,57,36
244,162,57,36
244,161,57,36
243,161,57,36
243,161,57,36
243,161,57,36
242,161,57,36
241,160,57,36
242,160,57,36
241,161,57,36
241,160,57,36
240,159,57,36
241,160,57,36
241,159,57,36
240,160,57,36
239,160,57,36
239,160,57,36
238,160,57,36
238,160,57,36
238,160,57,36
238,159,57,36
237,159,57,36
237,159,57,36
236,159,57,36
236,159,57,36
236,159,57,36
235,158,57,36
235,158,57,36
234,159,57,36
234,158,57,36
235,158,57,36
235,158,57,36
234,158,57,36
234,158,57,36
234,158,57,36
234,158,57,36
234,158,57,36
234,157,57,36
234,157,57,36
234,157,57,36
234,157,57,36
234,157,57,36
234,157,57,36
234,157,57,36
233,156,57,36
233,156,57,36
234,156,57,36
232,156,57,36
233,156,57,36
233,156,57,36
232,156,57,36
232,156,57,36
232,155,57,36
232,155,57,36
232,155,57,36
232,154,57,36
232,154,57,36
231,154,57,36
231,153,57,36
231,153,57,36
231,153,57,36
231,153,57,36
231,152,57,36
231,152,57,36
231,152,57,36
231,152,57,36
231,151,57,36
231,151,57,36
230,151,57,36
231,151,57,36
230,151,57,36
230,151,57,36
230,150,57,36
230,150,57,36
230,150,57,36
230,150,57,36
230,150,57,36
230,150,57,36
230,149,57,36
230,149,57,36
230,149,57,36
230,149,57,36
230,149,57,36
230,149,57,36
230,149,57,36
230,149,57,36
230,149,57,36
230,149,57,36
230,149,57,36
230,148,57,36
230,148,57,36
230,148,57,36
230,148,57,36
230,148,57,36
230,148,57,36
230,148,57,36
230,148,57,36
230,148,57,36
230,148,57,36
230,148,57,36
231,148,57,36
230,148,57,36
231,148,57,36
231,148,57,36
231,148,57,36
231,148,57,36
231,148,57,36
231,148,57,36
231,148,57,36
231,148,57,36
231,148,57,36
231,148,57,36
231,148,57,36
231,148,57,36
231,148,57,36
231,148,57,36
231,148,57,36
231,148,57,36
231,148,57,36
231,148,57,36
231,148,57,36
231,148,57,36
231,148,57,36
231,148,57,36
231,148,57,36
231,148,57,36
231,148,57,36
231,148,57,36
231,148,57,36
231,148,57,36
231,148,57,36
231,148,57,36
231,148,57,36
231,148,57,36
231,148,57,36
231,148,57,36
231,148,57,36
231,148,57,36
231,148,57,36
230,148,57,36
231,148,57,36
231,148,57,36
231,148,57,36
231,148,57,36
231,148,57,36
231,148,57,36
231,148,57,36
230,148,57,36
230,148,57,36
230,149,57,36
230,149,57,36
230,149,57,36
230,149,57,36
230,149,57,36
229,149,57,36
230,149,57,36
229,149,57,36
229,150,57,36
229,150,57,36
229,150,57,36
229,150,57,36
229,150,57,36
228,150,57,36
227,150,57,36
227,150,57,36
227,150,57,36
227,149,57,36
227,149,57,36
226,149,57,36
225,150,57,36
225,150,57,36
225,150,57,36
224,150,57,36
224,151,57,36
224,151,57,36
223,151,57,36
223,152,57,36
223,150,57,36
224,148,57,36
222,150,57,36
223,149,57,36
223,149,57,36
221,150,57,36
221,149,57,36
220,150,57,36
220,149,57,36
221,148,57,36
220,149,57,36
220,148,57,36
219,149,57,36
218,149,57,36
217,149,57,36
217,149,57,36
217,149,57,36
217,148,57,36
216,149,57,36
215,149,57,36
215,149,57,36
214,149,57,36
213,149,57,36
212,149,57,36
211,149,57,36
211,149,57,36
209,149,57,36
209,150,57,36
207,150,57,36
206,150,57,36
205,151,57,36
204,150,57,36
202,151,57,36
201,151,57,36
199,152,57,36
198,151,57,36
197,152,57,36
196,152,57,36
194,152,57,36
193,152,57,36
192,152,57,36
190,152,57,36
189,153,57,36
187,153,57,36
186,152,57,36
184,153,57,36
182,152,57,36
181,153,57,36
180,152,57,36
177,152,57,36
178,152,57,36
175,153,57,36
174,153,57,36
171,153,57,36
170,152,57,36
170,151,57,36
167,152,57,36
165,152,57,36
163,152,57,36
162,151,57,36
160,150,57,36
156,150,57,36
155,150,57,36
157,150,57,36
154,151,57,36
153,150,57,36
152,151,57,36
150,151,57,36
148,151,57,36
148,151,57,36
146,149,57,36
145,150,57,36
145,150,57,36
142,148,57,36
142,147,57,36
141,147,57,36
139,148,57,36
138,148,57,36
135,147,57,36
134,146,57,36
131,146,57,36
130,145,57,36
129,145,57,36
128,145,57,36
126,145,57,36
124,145,57,36
124,144,57,36
121,144,57,36
119,144,57,36
118,143,57,36
116,143,57,36
115,143,57,36
113,142,57,36
113,142,57,36
111,142,57,36
110,141,57,36
108,141,57,36
107,141,57,36
105,140,57,36
104,140,57,36
102,140,57,36
101,140,57,36
99,139,57,36
98,139,57,36
96,139,57,36
94,139,57,36
92,139,57,36
91,139,57,36
90,139,57,36
89,137,57,36
87,136,57,36
86,136,57,36
85,137,57,36
82,136,57,36
82,135,57,36
79,136,57,36
78,136,57,36
76,134,57,36
75,135,57,36
74,134,57,36
72,133,57,36
71,134,57,36
69,132,57,36
68,133,57,36
67,133,57,36
65,133,57,36
62,132,57,36
60,131,57,36
58,131,57,36
57,131,57,36
56,131,57,36
55,131,57,36
54,130,57,36
53,130,57,36
52,130,57,36
51,130,57,36
50,129,57,36
48,129,57,36
47,129,57,36
46,129,57,36
44,129,57,36
43,129,57,36
42,129,57,36
41,128,57,36
38,128,57,36
36,128,57,36
35,128,57,36
34,128,57,36
31,128,57,36
32,127,57,36
31,127,57,36
29,127,57,36
29,127,57,36
28,126,57,36
27,125,57,36
26,125,57,36
23,125,57,36
23,124,57,36
21,124,57,36
21,124,57,36
18,124,57,36
17,123,57,36
16,124,57,36
15,123,57,36
14,123,57,36
13,122,57,36
12,122,57,36
9,122,57,36
9,122,57,36
8,121,57,36
7,121,57,36
5,121,57,36
