NaN,NaN,NaN,-1
131,49,34,95
131,49,34,95
131,49,34,95
131,50,34,95
131,50,34,95
130,51,34,95
130,52,34,95
130,53,34,95
129,54,34,95
130,56,34,95
130,58,34,95
130,60,34,95
130,63,34,95
131,66,34,95
134,71,34,95
137,75,34,95
140,80,34,95
145,83,34,95
152,90,34,95
157,92,34,95
164,95,34,95
173,99,34,95
179,101,34,95
189,103,34,95
196,104,34,95
206,105,34,95
211,105,34,95
217,105,34,95
223,106,34,95
226,106,34,95
228,106,34,95
227,105,34,95
226,105,34,95
218,104,34,95
214,104,34,95
207,104,34,95
196,104,34,95
184,104,34,95
175,104,34,95
163,106,34,95
156,107,34,95
144,108,34,95
138,108,34,95
127,109,34,95
121,111,34,95
111,112,34,95
105,113,34,95
95,114,34,95
92,114,34,95
86,114,34,95
79,113,34,95
77,112,34,95
76,108,34,95
76,102,34,95
76,98,34,95
77,92,34,95
80,84,34,95
85,76,34,95
87,71,34,95
92,62,34,95
94,58,34,95
101,53,34,95
107,49,34,95
112,47,34,95
122,44,34,95
129,43,34,95
141,43,34,95
147,43,34,95
158,46,34,95
164,48,34,95
175,51,34,95
180,52,34,95
191,55,34,95
198,56,34,95
208,57,34,95
213,58,34,95
217,58,34,95
224,59,34,95
225,59,34,95
225,58,34,95
218,56,34,95
213,54,34,95
201,51,34,95
193,48,34,95
183,46,34,95
176,44,34,95
163,41,34,95
157,40,34,95
144,38,34,95
138,37,34,95
125,38,34,95
113,40,34,95
105,42,34,95
93,46,34,95
87,48,34,95
79,52,34,95
76,55,34,95
73,59,34,95
73,63,34,95
75,70,34,95
77,74,34,95
84,81,34,95
87,86,34,95
88,90,34,95
92,96,34,95
95,103,34,95
96,108,34,95
100,115,34,95
102,119,34,95
107,123,34,95
110,124,34,95
114,125,34,95
123,124,34,95
128,122,34,95
139,118,34,95
143,115,34,95
153,111,34,95
157,108,34,95
164,104,34,95
173,100,34,95
177,98,34,95
182,94,34,95
190,90,34,95
195,87,34,95
200,84,34,95
208,81,34,95
211,78,34,95
215,75,34,95
218,72,34,95
224,69,34,95
225,67,34,95
224,64,34,95
223,62,34,95
217,58,34,95
212,56,34,95
207,53,34,95
197,51,34,95
189,48,34,95
178,46,34,95
172,45,34,95
160,42,34,95
149,40,34,95
142,39,34,95
130,37,34,95
124,36,34,95
113,35,34,95
107,34,34,95
101,34,34,95
93,34,34,95
89,35,34,95
86,36,34,95
84,37,34,95
86,39,34,95
89,41,34,95
93,42,34,95
96,44,34,95
102,49,34,95
104,53,34,95
106,56,34,95
109,60,34,95
112,63,34,95
112,65,34,95
114,66,34,95
118,67,34,95
119,67,34,95
122,66,34,95
125,66,34,95
126,66,34,95
136,64,34,95
140,65,34,95
144,65,34,95
153,62,34,95
155,63,34,95
160,62,34,95
163,61,34,95
164,59,34,95
166,60,34,95
171,60,34,95
174,61,34,95
178,62,34,95
183,63,34,95
190,65,34,95
193,65,34,95
197,64,34,95
200,63,34,95
206,64,34,95
208,64,34,95
209,63,34,95
211,61,34,95
213,60,34,95
215,60,34,95
217,63,34,95
219,70,34,95
224,80,34,95
224,93,34,95
224,99,34,95
225,108,34,95
223,113,34,95
218,117,34,95
214,123,34,95
213,124,34,95
208,125,34,95
201,125,34,95
197,126,34,95
191,124,34,95
177,122,34,95
166,117,34,95
158,118,34,95
145,116,34,95
137,115,34,95
121,111,34,95
110,108,34,95
104,106,34,95
91,105,34,95
79,101,34,95
73,100,34,95
67,98,34,95
60,94,34,95
59,93,34,95
58,88,34,95
61,80,34,95
67,74,34,95
73,64,34,95
77,59,34,95
85,48,34,95
89,43,34,95
94,37,34,95
101,25,34,95
103,21,34,95
106,11,34,95
110,8,34,95
113,5,34,95
119,3,34,93
123,4,34,95
129,7,34,95
135,12,34,95
142,20,34,95
147,23,34,95
154,30,34,95
161,37,34,95
171,43,34,95
175,46,34,95
188,54,34,95
194,58,34,95
200,60,34,95
212,63,34,95
219,70,34,95
227,75,34,95
233,78,34,95
241,81,34,95
247,89,34,95
251,92,34,95
252,94,34,95
258,99,34,95
253,100,34,95
250,101,34,95
246,101,34,95
241,100,34,95
232,105,34,95
219,101,34,95
213,101,34,95
201,101,34,95
193,105,34,95
182,106,34,95
175,106,34,95
163,108,34,95
156,108,34,95
146,109,34,95
139,110,34,95
126,109,34,95
120,108,34,95
109,107,34,95
103,106,34,95
96,105,34,95
89,100,34,95
85,100,34,95
79,96,34,95
77,93,34,95
75,89,34,95
68,81,34,95
68,79,34,95
67,73,34,95
65,65,34,95
61,60,34,95
61,55,34,95
61,46,34,95
65,40,34,95
65,36,34,95
66,28,34,95
65,25,34,95
60,20,34,95
60,19,34,95
59,18,34,95
57,20,34,95
55,24,34,95
52,28,34,95
49,30,34,95
49,38,34,95
48,39,34,95
48,42,34,95
49,44,34,95
52,46,34,95
54,47,34,95
57,53,34,95
60,57,34,95
65,65,34,95
69,72,34,95
73,77,34,95
77,81,34,95
88,89,34,95
94,93,34,95
106,97,34,95
118,100,34,95
126,100,34,95
139,100,34,95
146,100,34,95
160,97,34,95
172,94,34,95
178,90,34,95
189,87,34,95
191,83,34,95
196,82,34,95
198,79,34,95
199,77,34,95
198,75,34,95
195,72,34,95
191,71,34,95
183,64,34,95
179,62,34,95
173,58,34,95
165,55,34,95
160,53,34,95
155,52,34,95
146,49,34,95
138,52,34,95
130,53,34,95
126,57,34,95
121,62,34,95
113,70,34,95
111,73,34,95
109,79,34,95
108,82,34,95
112,88,34,95
119,90,34,95
125,91,34,95
135,92,34,95
142,92,34,95
155,91,34,95
162,91,34,95
174,90,34,95
180,90,34,95
189,90,34,95
195,93,34,95
200,94,34,95
206,97,34,95
207,100,34,95
210,105,34,95
209,108,34,95
207,113,34,95
199,116,34,95
193,118,34,95
189,117,34,95
180,122,34,95
174,122,34,95
165,122,34,95
157,122,34,95
144,117,34,95
137,115,34,95
125,109,34,95
120,106,34,95
105,98,34,95
95,94,34,95
89,90,34,95
79,80,34,95
75,76,34,95
67,66,34,95
66,62,34,95
61,55,34,95
65,46,34,95
67,44,34,95
72,41,34,95
75,36,34,95
83,30,34,95
87,27,34,95
91,23,34,95
95,21,34,95
101,19,34,95
105,19,34,95
108,19,34,95
110,21,34,95
118,26,34,95
120,28,34,95
125,35,34,95
128,39,34,95
131,43,34,95
136,47,34,95
138,48,34,95
143,52,34,95
145,54,34,95
147,54,34,95
148,55,34,95
153,57,34,95
153,59,34,95
