NaN,NaN,NaN,-1
135,58,39,87
135,58,39,87
135,58,39,87
134,59,39,87
135,59,39,87
135,60,39,87
135,61,39,87
134,62,39,87
135,63,39,87
134,65,39,87
134,67,39,87
134,69,39,87
134,72,39,87
136,75,39,87
137,79,39,87
140,84,39,87
145,90,39,87
150,94,39,87
154,97,39,87
161,101,39,87
170,106,39,87
178,108,39,87
185,110,39,87
191,112,39,87
197,113,39,87
210,114,39,87
214,114,39,87
222,115,39,87
225,116,39,87
229,116,39,87
231,115,39,87
232,115,39,87
229,114,39,87
224,114,39,87
216,113,39,87
210,113,39,87
198,113,39,87
190,113,39,87
176,114,39,87
169,114,39,87
157,116,39,87
147,116,39,87
141,117,39,87
134,118,39,87
123,119,39,87
112,121,39,87
107,122,39,87
101,122,39,87
93,123,39,87
89,123,39,87
85,123,39,87
82,121,39,87
81,117,39,87
80,112,39,87
81,106,39,87
82,101,39,87
85,94,39,87
88,85,39,87
91,79,39,87
94,71,39,87
99,66,39,87
103,63,39,87
108,59,39,87
118,55,39,87
126,53,39,87
135,51,39,87
143,51,39,87
153,52,39,87
160,55,39,87
170,57,39,87
175,59,39,87
186,62,39,87
192,64,39,87
203,65,39,87
210,66,39,87
215,67,39,87
225,68,39,87
227,68,39,87
229,68,39,87
228,67,39,87
224,66,39,87
214,63,39,87
208,61,39,87
197,58,39,87
189,56,39,87
177,53,39,87
169,51,39,87
156,49,39,87
146,47,39,87
139,46,39,87
126,47,39,87
118,48,39,87
107,52,39,87
98,55,39,87
90,58,39,87
84,60,39,87
77,64,39,87
76,68,39,87
77,73,39,87
80,79,39,87
82,83,39,87
84,88,39,87
89,94,39,87
92,99,39,87
94,104,39,87
98,112,39,87
100,117,39,87
102,122,39,87
106,128,39,87
109,131,39,87
115,133,39,87
118,134,39,87
125,133,39,87
133,131,39,87
140,128,39,87
146,123,39,87
154,120,39,87
159,116,39,87
170,112,39,87
174,110,39,87
181,106,39,87
188,102,39,87
192,100,39,87
198,97,39,87
206,92,39,87
210,90,39,87
216,87,39,87
221,84,39,87
224,82,39,87
227,79,39,87
228,77,39,87
228,74,39,87
225,70,39,87
222,68,39,87
214,64,39,87
209,62,39,87
198,59,39,87
192,58,39,87
180,55,39,87
171,53,39,87
161,51,39,87
155,50,39,87
143,47,39,87
136,46,39,87
125,45,39,87
119,44,39,87
109,43,39,87
103,43,39,87
98,43,39,87
92,44,39,87
89,44,39,87
88,45,39,87
89,47,39,87
92,49,39,87
97,51,39,87
101,53,39,87
105,58,39,87
107,60,39,87
108,64,39,87
111,68,39,87
115,70,39,87
117,74,39,87
118,74,39,87
119,75,39,87
122,75,39,87
123,75,39,87
125,75,39,87
128,74,39,87
137,65,39,87
142,70,39,87
147,74,39,87
154,69,39,87
158,70,39,87
162,70,39,87
168,65,39,87
169,66,39,87
170,67,39,87
173,67,39,87
177,68,39,87
180,67,39,87
188,67,39,87
192,68,39,87
197,74,39,87
203,74,39,87
205,74,39,87
207,73,39,87
212,67,39,87
212,69,39,87
212,67,39,87
214,66,39,87
215,67,39,87
221,69,39,87
222,78,39,87
226,84,39,87
226,100,39,87
226,109,39,87
226,113,39,87
224,120,39,87
220,127,39,87
216,129,39,87
215,132,39,87
210,133,39,87
205,133,39,87
196,132,39,87
191,130,39,87
178,128,39,87
172,128,39,87
157,126,39,87
147,123,39,87
138,121,39,87
124,119,39,87
111,115,39,87
105,113,39,87
92,111,39,87
84,110,39,87
75,108,39,87
68,105,39,87
65,103,39,87
59,98,39,87
59,95,39,87
64,87,39,87
67,82,39,87
72,75,39,87
80,65,39,87
85,59,39,87
92,49,39,87
98,42,39,87
102,33,39,87
104,28,39,87
107,23,39,87
115,14,39,87
116,12,39,87
120,11,39,87
125,12,39,87
134,12,39,87
137,22,39,87
141,25,39,87
150,32,39,87
155,39,39,87
161,43,39,87
170,50,39,87
178,56,39,87
188,60,39,87
194,64,39,87
206,70,39,87
214,76,39,87
222,78,39,87
227,82,39,87
238,87,39,87
242,92,39,87
247,95,39,87
250,99,39,87
257,103,39,87
258,105,39,87
257,108,39,87
251,109,39,87
248,110,39,87
242,110,39,87
232,111,39,87
225,111,39,87
214,110,39,87
206,111,39,87
194,111,39,87
188,112,39,87
176,113,39,87
169,114,39,87
156,115,39,87
145,115,39,87
138,116,39,87
127,115,39,87
121,114,39,87
109,114,39,87
105,113,39,87
99,111,39,87
92,110,39,87
87,108,39,87
82,104,39,87
77,99,39,87
75,95,39,87
72,85,39,87
70,84,39,87
68,80,39,87
66,74,39,87
65,67,39,87
64,62,39,87
65,52,39,87
65,48,39,87
66,42,39,87
67,34,39,87
66,32,39,87
64,28,39,87
63,25,39,87
59,24,39,87
58,26,39,87
56,31,39,87
54,34,39,87
51,41,39,87
50,44,39,87
48,47,39,87
48,49,39,87
49,51,39,87
52,53,39,87
55,56,39,87
58,59,39,87
63,65,39,87
65,69,39,87
70,78,39,87
74,83,39,87
82,91,39,87
89,96,39,87
98,100,39,87
105,104,39,87
118,108,39,87
126,109,39,87
141,109,39,87
151,108,39,87
162,104,39,87
173,101,39,87
179,97,39,87
188,93,39,87
193,91,39,87
198,87,39,87
199,87,39,87
202,84,39,87
199,83,39,87
196,80,39,87
193,77,39,87
188,74,39,87
179,69,39,87
174,66,39,87
169,63,39,87
161,59,39,87
155,59,39,87
146,58,39,87
141,59,39,87
135,60,39,87
125,65,39,87
121,69,39,87
115,76,39,87
111,82,39,87
110,87,39,87
110,92,39,87
115,94,39,87
118,97,39,87
124,97,39,87
136,98,39,87
142,98,39,87
156,98,39,87
162,98,39,87
175,96,39,87
185,97,39,87
190,98,39,87
197,99,39,87
204,103,39,87
207,104,39,87
210,108,39,87
210,111,39,87
211,115,39,87
208,119,39,87
203,121,39,87
194,126,39,87
189,127,39,87
180,128,39,87
175,129,39,87
169,128,39,87
156,127,39,87
146,126,39,87
137,121,39,87
127,117,39,87
121,113,39,87
108,109,39,87
99,100,39,87
89,95,39,87
82,87,39,87
75,82,39,87
70,77,39,87
66,68,39,87
64,62,39,87
64,58,39,87
68,50,39,87
72,47,39,87
80,40,39,87
83,38,39,87
88,34,39,87
93,31,39,87
99,28,39,87
101,26,39,87
105,25,39,87
110,26,39,87
115,30,39,87
117,33,39,87
123,38,39,87
125,42,39,87
128,46,39,87
133,51,39,87
138,56,39,87
140,57,39,87
142,59,39,87
145,61,39,87
151,61,39,87
151,63,39,87
153,65,39,87
154,65,39,87
