NaN,NaN,NaN,-1
166.56,78.697,51.046,52.016
165.99,77.986,51.587,52.561
165.57,77.784,51.517,52.48
164.24,76.919,52.444,53.412
163.53,76.477,53.148,54.143
162.74,75.435,54.763,55.777
163.19,77.798,50.044,51.029
162.63,77.936,49.852,50.827
161.9,77.236,49.84,50.822
158.9,77.047,50.098,51.092
151.16,70.016,59.802,60.558
147,66.615,62.655,63.34
145.55,68.642,58.263,59.104
141.06,65.227,60.988,61.77
137.71,63.267,63.362,64.09
133.31,60.395,65.819,66.479
128.44,57.86,68.335,68.93
132.82,65.526,55.554,56.452
124.08,61.341,57.443,58.337
121.91,63.051,52.239,53.218
118.97,60.945,53.522,54.508
113.39,58.701,53.677,54.588
106.02,53.169,62.995,63.609
103.46,54.311,60.27,60.892
100.6,55.33,57.854,58.545
97.54,57.92,53.703,54.474
93.322,58.113,53.539,54.295
89.614,59.246,53.15,53.855
85.912,60.547,53.314,53.976
82.836,61.994,52.573,53.206
81.86,65.795,49.277,49.996
81.096,68.38,44.305,45.003
79.985,70.838,43.188,43.875
80.101,72.482,41.159,41.828
80.577,73.914,39.379,40.055
81.439,75.07,37.911,38.606
82.297,76.341,36.531,37.238
83.666,77.454,36.139,36.834
84.231,79.411,35.157,35.863
85.228,81.156,34.468,35.133
86.178,84.25,33.479,34.159
87.301,87.362,32.385,33.025
86.474,89.591,33.424,34.058
86.464,93.378,34.267,34.898
88.711,96.905,33.606,34.284
89.929,98.039,36.786,37.421
90.436,96.15,43.586,44.118
94.93,103.29,34.573,35.224
92.407,97.47,50.057,50.153
94.83,99.763,50.132,50.348
101.04,97.822,50.974,51.106
104.46,105.48,42.833,43.268
109.38,110.15,42.23,42.722
117.73,110.13,40.846,41.568
121.72,107.64,41.267,42.005
125.64,102.58,56.13,56.815
131.21,102.62,51.221,52.107
133.22,101.54,50.351,51.2
136.9,102.8,46.565,47.447
139.94,103.27,45.841,46.713
143.68,103.64,45.112,45.987
145.85,103.37,46.714,47.53
157.45,102.9,51.582,52.453
165.2,104.91,49.657,50.669
168.96,103.97,48.474,49.461
169.39,98.004,61.882,62.692
172.4,98.302,62.848,63.707
171.35,96.616,68.902,69.801
170.44,94.718,73.678,74.636
170.38,93.259,76.703,77.709
170.09,92.583,79.235,80.257
169.3,93.012,79.152,80.206
169.94,92.384,79.917,80.978
169.39,92.735,79.733,80.774
169.44,92.896,80.138,81.18
169.08,93.2,80.603,81.644
169.7,92.877,80.608,81.661
169.09,92.984,81.473,82.53
169.27,93.106,81.354,82.401
169.08,93.24,81.341,82.364
169.77,93.713,80.567,81.591
169.42,93.911,80.589,81.591
169.25,93.302,81.796,82.823
169.67,93.476,81.717,82.747
168.42,92.633,84.205,85.247
167.46,91.642,87.032,88.101
167.16,91.951,86.585,87.631
166.65,91.209,88.006,89.057
166.48,91.143,88.791,89.849
166.21,91.476,88.035,89.084
165.93,91.168,88.241,89.262
165.29,90.968,88.893,89.867
165.39,91.35,88.344,89.312
165.97,91.538,87.313,88.264
166.3,91.368,87.083,88.033
166.27,91.362,86.681,87.597
165.19,90.645,88.52,89.452
164.63,90.337,89.483,90.435
167.45,108.99,65.144,65.916
168.94,107.53,61.23,62.07
169.3,105.38,59.608,60.495
165.53,97.182,66.086,66.65
165.94,91.889,66.27,66.825
170.35,90.651,58.673,59.563
171.73,87.448,57.98,58.935
172.25,84.827,57.969,58.929
172.4,83.735,57.166,58.129
172.24,83.392,56.623,57.577
170.9,83.53,56.353,57.335
165.3,79.834,63.726,64.451
163.47,81.027,63.868,64.559
163.07,82.727,62.999,63.71
162.38,83.37,62.651,63.36
161.67,84.025,64.083,64.757
161.99,84.723,64.214,64.889
161.53,84.815,64.261,64.932
163.21,85.685,63.473,64.142
163.69,86.349,62.689,63.309
163.53,86.318,61.624,62.229
164.42,87.476,60.946,61.272
165.56,87.193,58.877,59.225
167.56,87.894,58.304,58.62
169.26,88.019,57.124,57.435
170.29,88.94,55.609,55.935
170.85,88.957,56.029,56.321
171.35,87.994,56.317,56.59
171.62,87.023,56.728,56.984
172.53,85.666,56.604,56.837
172.91,83.78,55.681,55.893
175.99,85.693,52.014,52.64
184.57,83.323,41.708,42.321
184.79,80.312,41.108,41.764
184.49,77.109,43.357,44.036
183.82,73.346,43.225,43.936
183.48,74.005,52.271,52.754
182.63,71.963,50.953,51.457
181.7,70.177,51.756,52.271
184.2,73.581,44.098,44.894
184.08,74.836,44.523,45.318
172.45,77.595,50.211,50.744
172.53,77.554,49.951,50.484
172.27,77.082,50.65,51.202
167.55,82.079,45.925,46.635
168.81,81.537,45.991,46.705
169.18,81.41,46.097,46.81
169.66,81.435,46.091,46.805
169.3,81.276,45.977,46.687
168.75,80.93,46.669,47.386
168.79,80.39,46.978,47.698
168.57,80.068,47.371,48.092
168.08,80.421,47.987,48.706
167.97,79.83,48.254,48.96
167.69,82.014,47.119,47.76
168.37,83.895,45.191,45.81
169.26,85.339,42.957,43.563
168.61,84.61,43.358,43.974
168.88,86.842,42.363,42.922
169.15,86.284,43.029,43.601
167.69,86.544,43.087,43.664
173.85,94.586,35.438,35.993
173.99,95.484,34.86,35.413
173.04,94.817,37.338,37.879
176.85,95.927,34.135,34.824
170.35,92.507,43.498,43.886
169.97,94.771,42.644,43.044
165.61,84.555,48.146,48.763
168.86,87.2,42.562,43.361
169.67,87.5,45.341,46.109
170.45,87.271,48.977,49.681
176.02,94.538,44.157,44.996
176.53,95.332,43.158,43.995
176.3,94.681,43.807,44.632
171.55,92.216,47.074,47.817
165.73,88.963,51.038,51.735
165.07,91.904,46.842,47.622
156.33,87.312,48.075,48.898
148.67,83.478,50.491,51.266
142.88,83.623,53.545,54.152
140.64,84.357,54.521,55.238
138.4,83.618,52.667,53.432
134.17,84.493,54.366,55.414
128.63,76.884,60.608,61.291
135.09,84.69,49.054,50.039
138.4,83.632,48.683,49.08
NaN,NaN,NaN,-2
NaN,NaN,NaN,0
NaN,NaN,NaN,0
NaN,NaN,NaN,0
NaN,NaN,NaN,0
NaN,NaN,NaN,-1
53.048,69.712,45.083,51.076
47.893,72.021,45.344,51.316
42.096,74.093,47.08,52.535
38.17,77.312,47.175,52.696
36.476,81.072,46.602,52.143
36.295,84.409,47.012,52.446
37.808,87.58,46.175,51.678
41.847,90.694,44.625,50.276
44.295,93.298,43.705,49.224
48.494,96.801,42.782,48.204
53.16,101.72,41.382,46.856
57.407,106.88,40.877,46.298
59.784,111.82,41.256,46.695
61.252,116.37,42.22,47.463
63.586,122.06,42.628,47.913
65.259,126.57,44.591,49.304
67.911,130.4,47.673,51.989
70.215,134.52,49.453,53.71
74.835,139.87,43.114,48.565
77.764,142.03,43.694,49.135
78.965,138.92,51.06,54.223
82.358,141.25,50.437,53.389
85.696,133.89,53.222,55.418
86.372,133.61,56.573,57.957
88.453,133.78,59.769,60.38
102.21,150.67,39.213,44.317
104.06,151.41,42.103,47.2
107.2,153.67,44.656,49.716
110.17,156.68,46.19,51.156
112.73,160.49,48.143,52.837
117.33,164.29,51.786,55.94
121.29,167.23,53.698,57.679
127.31,171.84,54.177,57.768
132.21,174.32,54.45,57.888
137.11,175.92,53.92,57.447
143.75,177.66,51.433,55.173
148.42,177.37,50.169,54.168
153.61,176.15,50.237,53.995
159.53,175.41,48.354,52.382
164.24,173.6,49.017,52.901
168.52,171.11,48.289,52.384
171.21,167.69,48.221,52.465
174.15,164.73,47.672,52.111
174.59,161.68,48.755,53.189
175.3,157.02,50.52,55
175.87,153.92,51.621,55.939
177.46,151.14,51.363,55.697
179.19,149.33,51.706,56.041
181.57,146.66,51.642,55.959
184.72,145.17,49.366,53.941
185.24,143.66,49.59,54.404
184.83,141.27,51.113,55.827
185.19,140.33,50.401,54.977
184.16,138.33,51.796,56.055
182.97,135.94,53.545,57.455
181.65,132.85,56.166,59.272
180.62,128.93,57.268,60.02
189.06,124.25,42.658,47.381
191.03,125.77,38.618,43.516
180.6,126.25,40.143,44.456
179.12,124.09,36.993,41.202
182.61,121.09,37.294,41.564
181.17,118.69,35.186,39.5
186.09,107.88,34.287,38.423
183.4,106.38,35.17,39.439
183.77,97.718,41.842,45.83
182.69,97.122,40.761,44.995
182.07,97.933,40.391,44.853
182.36,97.11,39.953,44.337
182.44,97.12,39.678,44.057
182.39,96.915,39.728,43.953
182.06,97.352,38.887,43.158
182.81,97.482,38.297,42.611
