NaN,NaN,NaN,-1
130.3,120.97,80.812,106.68
130.26,120.04,80.874,106.66
129.37,119.72,82.302,108.05
129.34,118.67,81.713,107.62
129.25,118.45,82.011,107.67
128.67,117.64,83.461,108.93
128.38,117.54,83.682,108.72
127.87,117.99,83.69,108.78
127.67,118.51,84.145,109.08
126.84,119.7,83.057,108.11
125.89,119.99,83.399,108.4
125.84,121.58,81.688,106.88
125.22,122.51,81.721,106.96
123.02,123.86,81.531,106.94
121.41,124.53,79.753,105.31
118.95,125.9,79.424,104.79
116.19,126.92,79.504,104.65
113.61,129.3,78.674,103.79
110.71,129.76,78.279,102.8
107.83,129.91,78.251,102.5
105.62,129.15,78.68,102.92
103.54,127.89,79.127,102.97
103.03,129.05,77.868,101.99
104.47,128.38,75.344,98.539
102.75,127.18,77.127,100.12
102.31,126.04,75.154,97.478
103.71,124.36,72.709,94.096
102.02,124.18,79.742,104.15
102.04,122,79.274,103.12
103.03,120.22,76.27,99.373
102.6,117.7,77.317,100.16
103.15,117.67,75.85,98.248
103.54,117.66,74.971,97.46
103.81,118.64,75.247,97.459
104.23,118.75,75.135,97.556
105.18,118.84,74.869,97.278
106.03,118.87,75.083,97.421
107.29,119.51,74.071,95.866
109.23,118.82,74.359,95.464
110.41,118.62,75.304,96.553
112.77,118.95,75.396,96.783
114.1,118.36,75.708,97.272
116.59,118.24,75.56,97.331
118.77,117.97,75.836,97.788
121.21,118.22,75.421,97.391
123.39,118.37,75.89,97.964
125.45,118.16,76.14,98.305
127.2,118.16,76.706,98.946
129.71,118.5,75.867,98.159
131.56,118.79,75.381,97.786
134.14,119.78,74.837,97.676
135.26,121.09,74.534,97.232
137.08,122.16,75.437,98.336
138.66,123.89,75.287,98.255
140.26,127.34,73.705,96.211
139.88,127.78,74.717,97.812
141.21,124.94,76.006,100.1
140.04,126.25,79.141,103.39
141.36,127.21,81.949,106.95
143.02,129.11,76.965,101.55
142.19,128.76,81.997,106.83
143.62,130.93,78.781,103.53
144.12,130.85,80.209,105.88
143.93,131.25,82.871,109.47
143.08,130.56,86.71,113.86
143.4,131.41,88.944,116.63
141.95,129.3,84.31,109.31
142.05,129.44,85.655,110.34
143.35,129.77,84.273,109.36
142.89,129.74,86.268,111.94
143.39,128.68,86.562,112.73
143.13,127.76,86.967,113.27
143.08,127.98,87.02,113.57
142.93,127.91,87.633,114.35
143.16,127.31,87.771,114.43
142.3,127,88.565,115.73
141.6,127.28,88.301,114.71
141.73,127.97,86.338,113.18
140.29,127.69,86.814,113.25
139.73,128.13,86.046,112.51
138.8,127.5,85.802,112.09
136.74,126.74,87.286,112.95
135.34,125.96,87.459,113.16
133.53,125.55,89.174,115.2
131.02,125.29,90.424,117.81
128.23,125.07,92.799,120.67
126.34,124.88,93.998,122.42
126.62,126.45,90.987,120.03
122.47,126.89,93.965,123.54
119.32,125.8,96.574,127.19
116.79,127.31,97.591,128.73
111.68,119.25,102.59,134.89
110.23,119.54,102.69,134.85
110.69,120.62,100.68,132.97
107.85,119.55,103.8,135.85
107.17,120.03,103.13,135.13
108.11,122.09,101.95,133.35
107.33,121.59,103.27,134.49
106.44,120.66,103.1,134.17
105.91,121.66,102.92,134.07
106.54,121.92,102.64,133.58
105.77,121.89,103.28,133.66
106.16,122.63,101.28,132.58
105.63,121.79,101.63,133.05
106.21,122.34,100.52,131.98
106.04,122.19,101.18,132.34
106.15,122.62,100.92,132.14
106.06,122.63,101.29,132.34
106.32,123.07,100.64,131.56
106.53,124.35,99.89,130.79
107.02,124.86,98.935,129.99
107.34,126.29,98.295,129.26
107.45,126.47,97.637,128.91
107.39,126.57,97.896,129.13
107.14,126.68,97.568,128.83
106.9,126.67,98.04,129.11
106.71,126.68,98.34,129.28
106.91,127,98.503,129.65
106.48,127.11,98.252,129.46
104.77,125.58,100.98,131.93
105.06,125.82,100.53,131.51
105.45,126.22,100.05,131.35
105.68,125.78,99.039,130.75
104.52,125.12,100.94,132.3
103.52,123.86,102.47,133.91
102.15,122.63,104.69,135.81
101.74,122.79,104.5,135.87
101.32,122.55,105.54,136.76
100.83,121.98,106.54,137.91
100.69,122.4,106.03,137.59
99.192,121.49,108.35,139.91
98.364,119.89,109.57,141.71
96.504,118.58,112.26,143.93
95.462,119.99,112.69,144.94
101.63,122.5,104.68,134.1
91.721,97.132,107.85,138.7
88.532,94.591,109.07,141.18
117.43,128.46,86.463,111.77
115.71,127.96,87.135,113.18
115.26,127.03,88.817,115.02
113.48,126.33,89.92,116.05
114.03,126.1,90.161,115.64
115.55,127.56,86.889,112.33
117.36,127.56,83.953,109.95
116.11,127,83.795,109.66
115.72,126.47,84.535,110.69
115.03,126.69,83.86,110.15
113.88,125.99,85.838,112.02
113.83,125.58,85.934,112.17
112.58,125.46,85.814,112.08
113.57,125.96,84.41,110.54
112.38,125.35,84.761,110.97
112.41,125.27,84.695,110.84
112.77,124.8,83.725,110.24
111.74,124.27,85.08,111.31
112.37,125.48,83.281,109.55
111.99,125.04,83.643,110.29
111.25,124.64,84.767,111.15
110.07,123.1,86.172,112.86
111.03,124.27,84.846,111.27
111.55,124.65,83.931,110.43
111.61,124.72,83.792,110.27
111.51,124.98,84.038,110.43
111.76,125.22,84.224,110.53
111.77,125.16,84.408,110.65
111.81,126.43,84.324,110.53
111.98,126.55,84.022,110.22
112.05,126.7,84.073,110.37
111.81,125.99,84.513,110.83
112.3,126.2,84.229,110.69
112.16,126.88,85.112,112.04
111.56,126.11,86.363,113.31
111.14,125.92,87.501,114.43
111.36,126.81,86.504,113.1
111.31,127.6,87.423,114.29
112.19,127.83,86.311,113.84
111.32,129.59,85.636,112.82
111.71,130.93,84.725,111.81
110.54,131.47,85.916,112.99
109.86,132.06,87.404,114.31
112.57,138.06,79.504,104.85
112.66,137.58,79.605,105.03
112.68,138.61,80.387,105.92
112.68,138.64,81.259,106.88
113.05,138.88,80.644,106.32
113.53,140.16,79.507,104.95
113.91,140.44,79.352,104.65
114.13,140.82,78.822,104.07
114.01,140.99,79.908,105.27
114.01,140.5,79.963,105.53
114.29,139.79,81.889,107.52
114.09,140.32,81.17,106.79
114.1,140.45,80.968,106.55
114.53,140.98,80.35,105.98
114.4,140.88,80.769,106.35
114.14,140.65,81.304,106.73
114.25,140.66,80.978,106.47
114.35,141.06,81.058,106.59
114.69,141.24,81.053,106.73
114.46,140.83,81.976,107.6
114.4,140.92,82.061,107.61
114.44,141.04,81.892,107.44
114.58,141.09,81.521,107.07
115.03,141.43,80.855,106.34
114.34,142.16,79.927,105.52
114.07,141.81,81.272,106.69
114.57,142.13,81.071,106.49
114.46,143.79,79.778,105.2
113.73,144.54,80.919,106
114.44,147.86,77.436,101.62
114.15,148.28,77.926,102
114.06,150.31,78.161,101.97
114.65,151.41,77.619,101.42
114.44,151.56,77.359,101.1
114.67,151.95,76.794,100.63
112.59,146.69,84.884,110.34
111.63,146.57,85.553,111.13
112.05,145.32,86.116,112.02
111.89,144.12,85.921,111.25
111.59,143.11,85.05,109.7
111.35,139.48,85.338,109.74
110.95,134.27,85.262,109.78
111.43,130.12,85.614,110.48
111.86,126.36,86.133,110.54
112.24,122.37,86.398,111.03
111.83,117.42,88.255,113.02
111.61,113.79,89.248,113.33
111.49,111.06,89.226,113.08
113.17,109.56,88.437,112.29
112.4,108.03,87.796,111.43
112.84,107.46,87.095,110.61
112.58,106.47,87.8,111.13
111.65,105.65,88.312,110.95
112.21,106.14,87.253,109.77
112.18,106.27,87.039,109.43
112.53,106.55,87.407,109.91
112.91,107.07,85.713,108.45
113.86,107.41,86.005,108.83
114.35,108.41,86.022,108.93
114.57,108.85,86.281,109.23
114.59,109.03,86.741,109.78
115.95,109.95,86.757,110.16
116.73,110.14,86.342,109.67
116.97,110.99,87.52,110.63
118.05,111.93,87.517,110.47
118.36,112.92,87.792,110.98
118.23,112.96,88.587,111.31
119.71,113.82,88.543,111.25
119.58,115.06,88.818,111.57
119.86,115.48,88.685,111.49
120.83,116.77,87.936,110.94
121.1,117.83,87.913,110.91
121.11,119.22,87.948,111.01
120.52,119.5,89.241,112.1
121.98,120.26,81.061,106.83
121.65,120.67,81.499,107.23
121.85,121.98,80.875,106.7
121.29,122.94,81.119,106.47
121.79,124.4,80.198,105.25
121.58,125.82,80.296,105.37
121.39,126.73,79.446,104.69
121.12,126.46,80.969,106.28
121.35,127.44,79.551,104.83
121.1,127.55,80.313,105.52
120.83,127.69,81.075,106.23
120.57,127.61,81.593,106.69
120.56,127.6,81.79,106.91
120.54,127.53,82.066,107.2
120.47,127.98,81.467,106.63
119.29,128.15,83.407,108.29
119.52,128.71,82.661,107.59
119.64,128.74,86.858,111.9
121.44,131.5,78.448,103.18
122.09,132.04,74.918,98.67
120.07,131.17,79.789,104.43
119.64,132.58,77.262,101.39
118.63,132.75,77.108,101
118.31,133.52,74.269,97.543
116.8,132.74,76.909,99.722
115.92,132.61,77.323,99.667
115.37,132.46,77.415,99.739
115.3,133.66,77.094,99.43
114.58,133.94,77.338,99.571
113.3,133.48,78.31,100.17
112.44,133.91,80.149,102.08
112.44,134.59,79.305,101.27
112.94,134.18,78.19,100.35
112.46,134.45,76.761,98.584
112.89,134.42,75.43,96.806
112.3,134.55,75.809,97.331
112.79,135.09,74.823,96.451
112.02,134.5,75.263,96.673
111.96,135.73,75.113,96.711
112.16,135.41,74.723,96.354
112.53,135.35,74.83,96.467
111.51,135.4,74.921,96.299
111.98,135.39,74.992,96.383
111.93,135.72,75.207,96.641
112.18,135.94,74.403,96.231
110.98,135.54,75.853,97.604
111.47,135.6,75.722,97.446
111.01,135.26,76.158,97.714
111.28,135.61,75.59,97.246
108.75,138.31,78.369,103.48
107.76,138.13,78.057,102.67
107.75,137.76,77.719,102.18
107.63,136.35,77.607,102.24
107.6,135.71,77.539,102.1
106.33,134.56,77.4,101.97
105.07,133.79,79.087,103.21
104.63,133.43,80.071,104.49
104.77,134.37,80.036,104.93
103.29,134.27,81.981,107.84
103.13,134.7,82.152,108.39
101.9,134.21,84.475,111.06
100.94,133.92,85.903,113.1
109.97,134.06,80.185,103.79
107.62,132.96,79.883,105.08
105.52,131.1,85.195,110.1
111.13,133.22,79.58,103.97
110.27,132.63,82.126,106.44
110.4,131.87,81.898,106.08
110.38,132.36,81.243,105.75
110.02,131.59,81.591,106.2
109.8,131,82.012,106.77
108.68,130.58,81.885,106.73
108.4,129.91,81.654,106.34
107.61,129.63,82.222,107.18
106.15,129.26,82.923,108.16
105.23,129.26,82.885,108.15
105.68,129.5,82.894,108.15
103.99,129.73,82.711,107.77
103.42,128.96,83.305,108.3
102.59,129.06,83.452,108.66
102.77,129.09,82.003,107.36
102.13,129.33,81.469,107.14
101.85,129.57,81.706,107.44
101.16,129.95,81.223,107.16
100.71,130.83,80.202,105.94
98.97,131.29,79.826,105.43
97.647,132.54,79.909,104.95
94.84,132.67,81.215,106.12
92.696,133.14,81.487,106.61
91.079,133.29,80.866,106.06
88.001,132.89,82.617,107.43
86.329,132.87,82.774,107.84
83.052,132.44,84.564,109.25
82.91,131.15,85.81,110.57
81.688,131.07,86.676,110.85
77.192,129.06,87.891,113.36
80.141,130.75,84.433,109.75
82.747,133.08,82.639,107.08
85.23,134.55,80.163,104.23
86.704,136.03,78.955,102.82
76.978,130.06,87.645,112.85
77.483,130.44,86.653,112.14
77.009,130.25,86.633,112.97
75.523,129.6,88.218,114.61
74.337,129.08,89.392,116.22
72.819,127.57,91.022,118.49
71.416,127.74,92.579,120.22
70.482,125.14,93.577,121.44
78.57,130.62,85.355,111.23
57.033,113.42,110.97,144.97
55.663,113.68,113.39,147.49
56.28,116.1,115.58,146.47
56.359,114.42,116.2,147.41
58.096,114.95,115.39,146.63
59.71,115.49,114.91,146.39
60.87,113.95,114.15,146.67
61.745,114.3,114.57,147.07
64.304,115.81,111.53,144.14
65.351,115.31,111.24,144.24
66.348,115.78,110.57,143.31
66.841,115.36,110.59,143.91
67.51,114.88,111.43,144.42
66.623,113.98,113.55,146.23
67.772,114.44,112.21,145.2
66.73,112.5,115.27,148.37
67.061,111.18,116.39,149.56
67.961,111.24,114.65,148.19
72.904,100.34,103.09,135.31
72.29,98.005,105.38,137.32
72.445,96.903,105.94,137.56
71.832,95.398,107.71,139.17
71.753,94.584,108.54,140.02
72.144,94.958,108.57,140.04
72.637,94.822,108.35,139.82
72.27,93.939,109.33,140.81
73.663,103.38,111.94,145.25
73.863,103.09,112.09,145.5
73.237,101.93,114.01,147.66
73.25,102.1,114.06,147.55
98.888,124.71,82.803,106.91
99.05,124.08,83.437,107.6
97.606,123.53,85.377,109.61
103.21,124.63,80.842,103.91
103.24,124.58,80.576,103.88
102.79,124.32,79.779,103.39
102.12,123.79,80.278,104.19
102.31,123.83,79.889,103.78
101.8,123.41,80.144,104.3
101.61,123.35,80.636,104.85
103.18,121.86,82.418,108.77
104.51,122.21,81.997,107.86
106.39,123.3,80.699,106.12
107.59,123.11,80.724,106.49
105.25,122.94,82.453,108.33
106.74,122.68,80.92,106.78
106.88,122.89,81.1,107.01
106.27,123.08,81.187,107.06
105.54,122.74,82.131,107.54
105.85,123.28,81.105,106.96
105.42,124.46,80.633,106.17
