NaN,NaN,NaN,-1
123.46,103.52,88.923,104.86
123.61,102.94,88.553,104.62
122.72,101.96,90.044,106.06
122.71,102.14,90.099,106.22
123.19,101.77,88.998,105.15
122.51,101.32,90.084,106.26
122.54,101.47,90.309,106.38
122,101.35,90.168,106.2
121.73,102.66,89.892,105.75
121.11,103.28,89.754,105.74
119.95,103.52,90.279,106.26
118.16,103.81,91.454,107.37
116.87,104.6,91,106.87
115.8,105.93,89.672,105.32
113.98,107.36,88.3,104.2
112.42,108.43,87.725,103.64
109.35,110.67,87.869,103.84
106.29,110.7,88.443,104.35
101.93,109.97,89.692,105.38
99.79,110.74,88.804,104.59
98.149,109.89,88.342,104.11
96.269,109.69,88.327,103.9
94.228,108.8,89.945,105.29
95.256,109.7,87.792,103.47
94.263,108.29,89.852,105.31
95.649,108.51,86.367,101.35
96.283,107.93,85.051,99.849
94.777,105.15,89.542,105.01
94.543,104.41,87.388,102.54
96.065,103.82,85.671,100.46
93.21,102.24,90.003,105.78
93.656,102.75,89.133,104.82
94.311,102.63,87.67,103.33
94.896,102.49,88.286,103.82
95.884,103.54,87.111,102.81
95.4,101.87,89.152,104.8
96.84,102.56,87.878,103.81
97.75,102.22,88.78,104.53
99.305,102.11,88.317,104.21
100.57,102,88.481,104.42
102.68,102.12,88.425,104.42
104.51,102.24,88.757,104.87
105.88,101.52,90.035,105.96
107.61,101.21,90.785,106.59
109.3,100.9,91.514,107.14
112.35,101.49,90.393,106
114.69,101.73,89.735,105.17
116.93,101.81,90.087,105.53
119.37,102.38,89.548,105.08
121.41,102.15,89.618,105.06
123.83,103.6,88.697,104.42
124.43,103.49,91.117,106.77
125.49,104.22,92.543,108.18
126.95,104.16,93.763,109.6
126.64,104.66,96.716,112.22
127.72,105.91,96.47,111.93
133.2,105.62,87.716,103.38
134.31,107.78,88.209,104.16
132.7,109.27,90.528,106.93
133.22,109.91,94.241,110.71
134.46,110.38,90.746,106.2
133.37,110.06,93.904,109.75
133.29,109.6,96.863,113.07
135.51,111.33,90.538,105.91
137.06,113.14,87.849,103.63
138.6,113.74,87.127,102.94
137.7,113.78,89.549,105.51
138.68,114.15,89.289,105.18
139.24,113.81,90.175,106.22
139.66,114.23,89.411,105.36
139.9,112.99,89.771,105.92
139.85,112.06,90.012,106.12
140.51,112.72,88.818,104.84
140.11,112.19,89.382,105.51
140.18,112.09,89.13,105.28
139.46,111.72,90.238,106.48
139.05,112.19,89.518,105.76
137.53,112.05,90.34,106.51
137.1,112.11,89.505,105.75
135.96,111.74,89.872,106.03
134.43,111.91,89.574,105.83
134.04,112.1,88.947,105.06
133.04,112.15,88.618,104.71
131.19,110.51,90.627,106.61
128.31,109.52,92.931,109.01
126.4,108.82,95.42,111.71
123.05,109.23,97.288,114.39
120.32,109.94,97.372,115.03
119,109.51,97.402,115.03
111.51,108.74,104.98,123.58
108.23,107.16,108.01,126.9
107.6,102.46,106.01,125.09
107.86,106.17,106.62,124.24
106.65,105.5,106.74,124.47
103.66,103.3,110.12,127.87
102.77,103.57,110.17,127.57
102.52,103.56,109.95,127.59
104.05,107.38,107.41,124.86
104.66,109.47,104.84,122.01
105.34,109.82,102.91,119.98
105.78,109.97,102.35,119.53
106.66,110.85,101.32,118.32
105.65,110.67,101.49,118.32
106.96,111.21,99.56,116.31
107.27,111.47,98.975,115.79
106.83,111.82,99.304,116.11
106.79,112.11,99.929,116.64
107.12,112.3,99.273,116.11
107,112.32,99.575,116.37
107.06,112.51,99.871,116.58
106.34,112.48,100.82,117.54
106.28,112.99,100.27,117.18
105.4,112.48,101.41,118.1
105.92,113.34,100.56,117.46
107.04,114.07,98.891,115.84
105.7,113.86,100.78,117.98
105.56,113.93,100.4,117.35
105.9,114.04,100.3,117.16
105.96,115.13,99.075,116.28
104.87,114.35,100.72,117.76
104.31,113.57,102.31,119.46
104.31,113.7,102.16,119.47
102.27,112.13,104.14,121.74
103.69,112.29,101.87,119.68
103.09,111.97,102.66,120.68
101.97,111.6,104.31,122.06
102.06,111.63,104.35,122.27
102.18,112.26,104.05,121.87
101.97,111.74,104.6,122.49
100.77,111.17,106.3,124.11
100.22,110.59,107.34,125.1
98.915,110.04,108.48,126.36
98.437,109.29,109.09,127.28
97.532,109.12,109.74,128.03
96.365,107.04,110.37,129.14
93.553,105.6,113.05,132.31
91.179,105.3,114.46,134.27
112.28,111.76,91.971,107.86
109.38,109.8,95.255,111.34
106.93,108.03,98.342,114.64
107.99,108.63,96.1,112.59
107.91,109.22,95.983,112.47
110.53,110.85,91.876,108.57
109.37,109.94,92.394,108.88
108.93,108.85,92.952,109.31
108.52,109.03,92.488,109.21
108.9,109.36,91.335,107.75
107.89,108.74,92.684,109.11
107.43,109.25,92.622,109.07
107.13,109.61,91.936,108.39
107.32,109.57,90.794,107.23
106.82,108.74,91.439,107.87
105.9,108.16,91.901,108.44
105.36,108.29,92.386,108.83
106.13,108.63,90.748,107.03
106.32,108.82,90.152,106.47
106.63,109.07,89.793,105.99
106.51,109.44,89.42,105.6
105.21,107.74,91.879,108.04
104.93,108.2,91.345,107.67
105.23,108.08,91.469,107.52
104.92,108.19,91.356,107.59
105.13,108.52,91.506,107.78
105.69,108.55,91.154,107.43
105.5,108.73,91.683,107.84
105.69,109,91.65,107.86
105.76,109.11,91.684,107.83
105.87,109.53,91.551,107.77
105.51,109.38,91.616,107.75
105.91,109.48,91.274,107.43
105.98,109.84,91.818,108.07
105.55,110.02,91.842,108.04
106,109.95,91.27,107.48
105.7,111.18,91.972,107.97
105.45,112.27,92.107,107.95
105.5,112.62,91.927,107.62
104.68,114.3,91.068,106.58
105.33,115.81,90.123,105.65
104.83,116.86,89.823,105.48
105.27,119,88.932,104.73
104.73,118.65,91.06,107.14
104.14,119.34,92.104,108.27
104.66,120.27,91.115,107.38
104.14,120.75,92.077,108.14
105.02,122.16,90.148,106.34
105.5,122.44,88.784,104.82
105.59,123.3,88.268,104.03
105.89,123.28,88.781,104.43
106,123.43,88.635,104.16
105.83,123.89,88.715,104.28
106.33,123.33,89.045,104.71
106.26,124.08,88.939,104.59
106.45,124.23,88.676,104.27
106.39,124.23,89.24,104.75
106.17,123.95,89.603,105.03
106.19,123.98,89.679,104.96
106.1,123.72,90.46,105.9
106.6,124.25,89.429,104.96
106.34,124.18,89.734,105.16
106.68,124.44,89.193,104.72
106.74,124.54,89.103,104.66
106.81,124.54,89.154,104.68
106.83,124.72,89.141,104.64
106.47,124.75,89.677,105.06
105.63,124.47,90.361,105.49
105.57,125.63,89.391,104.23
105.45,125.79,90.135,104.98
104.62,125.79,91.623,106.3
104.27,126.27,92.133,107.17
103.88,127.22,92.197,106.82
103.8,128.36,92.653,107.26
104.35,129.75,92.619,107.31
104.43,131.17,91.754,106.8
104.21,131.53,92.151,107.09
104.2,131.72,92.128,106.89
104.14,131.91,92.066,106.65
104.15,131.06,91.937,106.45
103.94,131.6,90.991,105.13
103.58,129.71,91.657,105.65
103.52,124.23,91.943,108.24
104.76,121.51,91.447,107.76
104.31,117.36,90.808,106.91
104.66,113.72,90.885,107.02
104.81,109.58,90.305,106.22
106.17,106.06,89.489,105.35
106,102.28,89.337,105.07
106.18,98.505,90.039,105.82
107.15,95.756,89.569,105.25
107.3,93.877,89.062,104.66
107.17,91.98,89.098,104.54
107.37,90.95,89.405,105.08
107.03,89.887,90.403,106.02
106.74,88.943,89.653,105.27
106.81,89.327,89.381,104.97
106.98,89.691,89.613,105.21
106.85,89.862,90.028,105.6
107.37,90.052,89.708,105.39
107.48,90.201,89.612,105.2
107.42,91.093,89.921,105.44
107.9,91.389,90.607,106.14
108.27,91.632,91.866,107.29
108.42,92.133,91.707,106.98
109.88,92.595,91.366,106.84
109.34,92.757,93.188,108.55
110.34,92.841,93.676,109.11
110.8,93.951,93.693,109.19
110.48,94.083,95.441,110.63
111.37,94.963,95.664,110.72
111.4,95.635,95.669,110.57
112.12,95.839,95.132,110.09
112.22,97.847,95.211,110.08
112.87,99.235,94.888,109.81
112.95,100.49,94.903,109.78
113.3,101.55,94.609,109.52
112.05,100.72,96.369,111.11
112.29,101.69,96.665,111.53
110.8,102.06,97.707,112.76
110.7,102.67,98.216,113.16
110.16,103.05,99.192,114.34
109.77,103.83,98.887,113.94
109.67,104.88,99.272,114.13
109.47,105.94,99.657,114.38
109.02,105.47,100.07,114.97
109.3,105.99,99.811,114.75
109.82,106.49,99.554,114.54
109.54,106.53,99.506,114.36
109.57,106.59,99.496,114.31
109.53,106.98,99.603,114.44
109.07,106.44,100.63,115.32
108.47,107.11,100.4,115.29
108.69,107.4,99.95,114.87
108.08,107.75,100.08,115.01
112.4,111.54,90.134,106.05
111.87,111.8,90.179,105.57
111.95,112.46,88.666,103.43
111.25,112.61,87.943,102.75
109.88,111.02,88.552,103.22
110.78,112.27,85.043,99.372
111.57,112.96,82.525,96.746
112.13,113.58,80.817,95.015
111.81,113.79,80.279,94.61
111.5,114.16,79.98,94.473
105.14,114.72,90.179,106.09
103.82,114.58,90.999,106.99
103.96,115.81,91.03,107.01
103.27,116.15,90.358,106.37
102.35,115.82,91.159,107.09
102.85,115.97,90.142,105.92
102.11,116.28,89.716,105.34
103.83,117.85,86.204,101.62
103.17,118.24,86.02,101.44
103.62,118.19,85.191,100.43
104.07,118.04,85.245,100.51
104.29,119.32,85.306,100.56
103.47,119.39,85.722,101.03
102.66,118.69,86.502,101.95
102.75,118.52,86.987,102.54
102.72,118.18,87.574,103.13
102.78,118.47,87.205,102.69
103.03,118.78,86.448,101.9
102.3,118.98,85.895,101.31
102.13,120,86.279,101.66
102.43,120.42,85.681,100.95
102.77,120.47,86.011,101.39
102.72,120.62,86.213,101.62
102.95,120.65,86.503,101.9
102.33,119.98,85.958,101.24
102.63,119.46,85.951,101.37
101.85,118.36,87.979,103.05
102.22,118.71,87.507,102.47
101.94,117.84,88.682,103.67
101.92,118.25,89.161,104.39
101.67,118.08,90.114,105.54
101.6,119.27,90.522,106.2
101.16,119.37,91.725,107.64
100.03,117.77,95.061,111.29
99.254,117.62,96.491,112.85
103.13,116.08,88.731,104.73
101.35,113.93,92.719,108.83
102.36,114.47,91.06,107.42
102.25,113.67,91.959,108.11
102.61,113.17,91.452,107.82
102.44,112.22,92.188,108.46
101.69,111.95,93.245,109.32
101.61,111.62,92.586,108.76
100.64,111.04,92.479,108.73
100.28,111.33,92.045,108.24
100.49,111.5,91.773,107.88
99.263,110.51,92.343,108.53
98.295,110.99,92.218,108.45
97.645,111.26,92.028,108.3
97.016,111.44,91.692,108.04
95.869,111.51,92.277,108.61
94.726,109.7,94.043,110.44
93.671,109.27,94.468,110.73
94.104,109.93,92.337,108.73
93.394,109.97,92.399,108.71
93.627,110.46,92.324,108.68
92.594,110.76,92.115,108.27
90.682,112.16,92.231,108.41
89.165,112.81,91.158,107.33
87.671,114.37,90.046,106.4
85.97,115.74,89.344,105.55
83.739,114.82,90.539,106.82
80.777,115.66,91.176,107.3
78.878,115.19,90.777,106.84
77.688,115.45,91.075,107.17
76.938,114.93,91.827,107.84
75.987,114.63,92.193,108.28
75.171,114.43,91.967,108.21
69.608,111.48,95.917,111.09
72.069,113.08,93.826,108.83
61.126,109.71,106.21,122.44
78.988,118.29,86.006,101.13
80.178,118.94,84.902,100.21
60.165,108.72,105.17,123.85
58.205,109.44,106.74,125.9
66.911,113.92,99.955,116.05
64.233,112.67,102.62,118.71
61.725,111.59,105.88,122.37
61.784,111.45,105.64,122.18
61.153,111.17,105.8,122.46
61.299,110.89,105.73,122.64
74.138,115.96,91.256,106.37
74.463,116.07,90.93,106.22
74.326,113.93,93.29,108.72
74.537,113.64,93.445,108.92
74.673,113.15,94.812,110.36
76.948,113.92,93.559,109.16
78.077,114.36,92.9,108.6
79.682,114.49,92.748,108.35
80.555,114.72,92.157,107.94
81.53,114.38,92.081,108.03
82.594,114.35,91.797,107.74
83.311,114.37,92.079,107.72
83.745,113.84,93.073,108.88
84.235,113.66,92.539,108.56
85.102,113.85,92.077,108.11
85.968,114.12,91.929,108.06
86.01,112.81,92.327,108.6
86.418,112.02,92.538,108.74
87.901,110.91,91.307,107.64
87.854,109.85,92.76,109.34
88.163,108.39,93.065,109.79
88.331,107.73,93.095,109.69
89.048,106.71,93.646,110.01
89.07,106.97,94.326,110.88
89.641,107.16,94.148,110.67
89.486,106.16,94.716,111.2
90.467,105.66,93.781,110.25
90.852,105.46,93.911,110.46
90.849,106.05,92.813,109.68
90.7,105.42,94.057,111.05
88.407,104.3,96.483,113.67
87.628,103.47,98.776,115.83
85.939,103.22,100.71,118
84.907,101.85,102.03,119.3
93.572,105.99,92.942,109.67
91.619,104.27,95.359,112.22
89.778,103.43,96.057,113.11
88.639,102.85,97.103,114.27
94.072,104.13,92.07,108.07
94.348,104.12,92.703,108.77
95.041,104.14,92.083,108.36
96.553,104.42,91.084,107.51
96.972,103.73,92.691,109.03
96.513,103.1,93.585,109.75
96.802,102.7,94.599,110.69
97.269,103.03,94.522,110.7
95.989,103.18,94.194,110.37
95.986,103.26,94.581,110.81
95.679,102.15,95.288,111.44
94.346,102.59,96.818,112.73
94.263,102.75,97.04,112.78
