NaN,NaN,NaN,-1
161,92,49,50
160,91,49,50
160,91,49,50
160,91,49,50
159,91,49,50
159,91,49,50
158,91,49,50
158,90,49,50
157,90,49,50
156,89,49,50
155,87,49,50
154,83,49,50
153,83,49,50
150,82,49,50
146,81,49,50
142,79,49,50
138,78,49,50
133,76,49,50
127,73,49,50
122,72,49,50
118,71,49,50
114,70,49,50
110,69,49,50
106,68,49,50
101,64,49,50
97,65,49,50
93,66,49,50
90,69,49,50
87,71,49,50
84,72,49,50
82,73,49,50
79,73,49,50
77,74,49,50
76,74,49,50
76,75,49,50
76,75,49,50
77,76,49,50
78,77,49,50
78,78,49,50
79,80,49,50
79,82,49,50
80,85,49,50
80,88,49,50
80,92,49,50
82,95,49,50
85,97,49,50
87,99,49,50
91,102,49,50
94,104,49,50
103,107,49,50
106,109,49,50
108,111,49,50
111,111,49,50
118,111,49,50
124,110,49,50
127,110,49,50
131,109,49,50
135,109,49,50
138,108,49,50
141,108,49,50
143,107,49,50
147,106,49,50
161,101,49,50
166,100,49,50
171,100,49,50
175,100,49,50
180,101,49,50
185,102,49,50
190,104,49,50
193,106,49,50
196,108,49,50
198,111,49,50
200,114,49,50
202,117,49,50
203,120,49,50
204,122,49,50
205,125,49,50
205,128,49,50
205,131,49,50
205,133,49,50
205,134,49,50
204,135,49,50
202,135,49,50
201,135,49,50
200,135,49,50
199,134,49,50
197,134,49,50
195,134,49,50
192,135,49,50
188,134,49,50
185,133,49,50
182,131,49,50
181,129,49,50
180,127,49,50
180,125,49,50
179,124,49,50
178,122,49,50
177,118,49,50
177,113,49,50
176,110,49,50
176,108,49,50
179,120,49,50
180,120,49,50
181,119,49,50
182,119,49,50
182,117,49,50
182,115,49,50
182,115,49,50
181,115,49,50
180,116,49,50
179,116,49,50
177,116,49,50
176,116,49,50
175,116,49,50
175,116,49,50
175,116,49,50
174,116,49,50
173,117,49,50
172,117,49,50
172,117,49,50
172,117,49,50
172,117,49,50
172,116,49,50
172,116,49,50
173,116,49,50
173,116,49,50
174,116,49,50
175,116,49,50
175,116,49,50
175,116,49,50
175,116,49,50
175,116,49,50
174,116,49,50
174,116,49,50
NaN,NaN,NaN,-2
NaN,NaN,NaN,0
NaN,NaN,NaN,0
NaN,NaN,NaN,0
NaN,NaN,NaN,0
NaN,NaN,NaN,-1
196,44,36,50
198,39,36,50
200,37,36,50
202,35,36,50
203,34,36,50
202,33,36,50
201,32,36,50
200,31,36,50
198,31,36,50
195,32,36,50
191,34,36,50
187,35,36,50
183,40,36,50
178,43,36,50
175,48,36,50
173,51,36,50
173,54,36,50
173,57,36,50
174,61,36,50
175,65,36,50
177,68,36,50
178,65,36,50
179,69,36,50
179,72,36,50
178,75,36,50
179,77,36,50
182,80,36,50
187,85,36,50
192,88,36,50
196,89,36,50
198,90,36,50
196,89,36,50
193,89,36,50
188,87,36,50
183,85,36,50
178,84,36,50
174,84,36,50
165,80,36,50
157,77,36,50
152,77,36,50
141,74,36,50
133,71,36,50
125,68,36,50
118,66,36,50
109,65,36,50
103,66,36,50
95,67,36,50
88,67,36,50
99,68,36,50
98,69,36,50
NaN,NaN,NaN,-2
NaN,NaN,NaN,0
NaN,NaN,NaN,0
NaN,NaN,NaN,0
NaN,NaN,NaN,0
NaN,NaN,NaN,-1
36,79,45,50
39,82,45,50
42,85,45,50
45,88,45,50
49,92,45,50
53,98,45,50
56,103,45,50
58,109,45,50
60,114,45,50
63,120,45,50
67,125,45,50
70,129,45,50
74,133,45,50
78,137,45,50
82,139,45,50
86,140,45,50
90,142,45,50
94,144,45,50
98,146,45,50
103,148,45,50
108,150,45,50
113,154,45,50
117,158,45,50
122,163,45,50
128,167,45,50
134,171,45,50
140,176,45,50
145,179,45,50
150,181,45,50
155,181,45,50
160,180,45,50
165,178,45,50
170,176,45,50
175,173,45,50
179,170,45,50
182,167,45,50
184,163,45,50
185,160,45,50
187,156,45,50
189,153,45,50
190,150,45,50
192,147,45,50
194,145,45,50
195,144,45,50
196,141,45,50
196,139,45,50
196,138,45,50
196,137,45,50
196,136,45,50
196,134,45,50
196,132,45,50
195,129,45,50
193,124,45,50
192,121,45,50
191,120,45,50
192,125,45,50
192,125,45,50
191,124,45,50
190,123,45,50
190,123,45,50
190,123,45,50
189,121,45,50
189,120,45,50
189,120,45,50
189,120,45,50
189,120,45,50
189,119,45,50
