NaN,NaN,NaN,-1
194,112,46,101
195,111,45,100
196,110,43,98
194,112,45,94
197,113,43,92
199,111,40,74
199,108,39,86
199,107,40,95
202,106,39,99
201,104,40,102
200,103,46,104
202,103,44,104
202,104,45,103
202,104,46,103
200,105,51,102
201,105,52,100
201,104,52,96
203,104,56,93
205,102,49,94
208,100,49,97
215,99,40,96
216,98,36,97
216,99,35,96
208,98,47,96
208,98,51,96
209,98,49,90
209,97,45,88
209,97,49,87
210,96,48,82
212,96,46,82
216,95,37,86
218,94,32,93
220,94,32,93
218,94,35,97
218,95,38,97
220,94,31,98
220,94,35,101
218,94,39,101
216,94,44,101
216,95,45,97
218,97,43,97
218,99,43,96
221,101,37,96
224,103,36,93
225,105,28,93
220,107,32,94
223,107,29,95
221,110,27,93
217,110,30,94
213,111,32,86
208,111,39,88
204,110,37,88
202,109,37,91
199,108,39,89
197,105,35,90
198,102,30,97
195,104,30,96
196,106,31,97
196,108,33,97
198,111,34,95
198,111,34,96
198,113,37,87
194,114,45,76
197,114,43,83
194,106,43,94
199,114,34,85
202,112,32,86
203,114,31,88
203,110,31,95
205,111,31,94
206,109,35,95
206,107,39,97
207,106,40,95
208,111,40,82
206,105,42,91
206,109,37,83
205,108,36,83
202,105,39,90
201,103,41,93
199,100,42,96
197,95,44,101
195,93,49,104
197,91,45,101
194,90,44,92
194,89,45,88
195,87,45,91
195,86,45,90
199,85,40,91
200,85,39,97
197,84,44,101
198,83,45,104
199,82,45,108
198,82,47,107
196,82,49,107
197,81,49,110
196,80,54,111
197,80,53,111
195,80,53,110
197,80,53,111
197,80,55,111
196,82,58,110
198,86,52,107
198,88,49,105
196,86,52,107
196,89,54,104
199,93,44,100
199,113,33,80
197,118,36,74
198,109,36,83
194,108,42,84
194,107,41,85
193,105,42,87
197,104,40,86
197,104,40,86
199,108,39,82
202,110,35,81
203,121,35,70
199,120,37,72
199,119,41,74
199,127,37,67
198,124,40,69
199,125,40,54
199,123,42,51
201,124,44,49
207,123,38,48
210,132,31,39
216,133,25,38
217,128,25,45
213,133,31,42
214,127,33,49
211,130,40,46
211,129,42,48
207,128,48,51
209,130,48,50
214,135,45,47
218,138,41,53
220,139,35,50
225,137,33,45
229,135,28,49
233,135,24,48
232,135,25,61
232,134,26,63
233,133,26,69
234,131,25,73
233,130,29,73
230,129,35,75
228,128,39,75
228,126,41,77
228,125,43,77
228,113,45,88
228,113,39,85
227,112,40,86
229,118,30,85
229,118,32,85
227,113,36,89
226,117,40,85
225,117,39,86
222,118,42,83
223,117,44,71
225,116,39,72
228,117,34,71
228,118,40,71
228,117,42,72
230,117,37,72
230,117,38,73
229,118,38,73
230,117,38,71
233,117,32,72
230,118,35,73
229,119,35,73
227,119,38,42
226,118,39,75
228,117,32,77
224,117,36,77
223,116,36,80
222,115,37,82
219,114,37,83
215,114,41,83
214,113,40,84
214,109,37,86
212,113,38,83
213,111,36,83
214,112,35,71
213,113,37,72
213,109,38,77
212,110,37,80
213,109,32,79
211,109,34,79
210,106,32,85
206,102,37,91
207,105,35,93
207,104,35,95
208,104,35,95
204,104,38,94
207,105,36,82
209,118,33,64
208,117,33,63
207,113,32,53
204,110,36,73
203,106,34,76
203,107,35,70
202,106,38,73
200,95,42,87
195,95,48,87
191,92,52,90
192,93,49,87
195,91,46,81
193,91,48,82
193,97,46,76
192,98,46,78
192,98,48,79
192,100,47,81
192,98,49,85
191,95,49,88
192,95,47,90
192,92,47,93
194,91,44,95
197,91,42,96
200,91,40,100
202,91,39,102
203,92,37,102
201,91,41,98
192,90,51,100
193,91,50,105
192,92,50,106
192,94,51,103
191,95,51,94
193,98,49,99
190,97,52,100
190,97,53,100
188,99,54,101
186,97,57,104
185,97,56,104
185,95,56,106
187,97,51,105
186,101,46,101
188,110,44,93
187,112,45,92
188,101,44,103
187,120,45,85
188,118,44,87
188,108,42,98
184,106,45,100
182,107,47,100
183,108,47,100
183,108,47,101
181,111,52,98
180,115,50,95
180,114,51,96
179,114,53,97
179,114,55,97
177,112,55,100
176,110,60,101
178,107,56,105
177,105,59,107
176,103,59,109
175,101,62,111
176,101,62,111
178,101,62,111
178,102,62,111
178,102,62,111
181,102,58,112
186,103,53,111
186,104,50,110
187,105,47,110
189,125,43,91
189,128,47,89
188,128,46,89
191,130,44,88
196,108,39,110
196,108,40,110
196,108,40,111
201,108,38,110
201,108,38,111
200,111,41,108
199,112,41,106
198,111,44,107
196,110,47,107
195,108,49,109
193,108,53,109
193,108,54,110
191,108,56,110
191,107,56,111
188,107,59,111
186,106,62,111
186,108,60,109
183,109,61,108
182,106,58,111
180,106,59,111
179,106,60,111
179,106,59,111
178,107,60,111
177,107,59,111
176,106,60,111
177,106,60,111
174,106,64,111
171,106,66,111
169,106,68,111
168,106,69,111
168,106,69,111
167,105,69,111
167,105,69,111
166,105,69,111
166,104,68,111
165,104,69,111
162,104,69,111
162,104,69,111
160,103,69,111
160,103,69,111
158,103,71,111
157,102,71,111
157,102,72,111
155,102,71,111
153,101,73,111
152,101,74,111
155,101,71,111
156,100,73,111
157,100,70,111
158,100,69,111
160,99,66,111
158,99,69,111
163,99,64,111
NaN,NaN,NaN,-2
NaN,NaN,NaN,0
NaN,NaN,NaN,0
NaN,NaN,NaN,0
NaN,NaN,NaN,0
NaN,NaN,NaN,-1
140,101,27,75
138,101,28,76
141,103,24,74
143,107,20,60
143,109,21,51
146,113,21,49
147,117,20,47
147,100,23,65
150,100,22,67
154,100,21,68
157,100,23,68
156,100,25,68
155,99,31,72
160,105,30,64
161,112,33,61
162,111,35,67
159,109,37,69
159,109,39,64
158,110,38,53
159,109,35,55
158,108,43,57
156,105,46,64
155,101,47,69
154,100,40,72
153,102,41,69
153,102,41,69
151,103,40,64
150,102,40,67
149,109,38,56
149,113,31,52
146,107,36,60
143,110,36,57
144,107,29,68
143,104,25,70
143,100,30,72
144,92,29,79
144,90,27,80
144,90,30,79
143,96,32,72
143,93,37,77
144,92,41,79
144,91,42,80
143,93,44,79
144,93,45,79
148,95,42,78
151,100,39,74
155,105,35,70
159,106,32,70
159,106,33,72
162,108,30,71
163,111,26,69
162,112,27,69
161,116,25,67
158,117,26,68
157,137,25,48
156,136,25,49
154,113,27,71
153,126,27,57
153,111,27,72
153,116,28,65
153,113,30,63
151,109,35,69
151,108,35,75
147,105,40,79
144,103,47,82
144,101,50,83
143,101,51,83
146,101,49,83
150,102,45,82
148,102,48,80
152,103,44,73
154,102,41,75
154,98,36,83
157,100,30,83
153,100,33,78
151,106,32,72
148,120,33,59
145,124,31,60
144,112,36,72
143,112,41,72
143,113,29,72
144,113,28,74
149,130,20,53
149,127,23,55
150,106,25,74
149,104,27,61
149,102,28,53
151,119,29,56
149,117,34,34
151,117,32,54
148,117,35,30
152,113,33,32
156,111,29,32
158,109,28,32
160,106,27,60
162,104,25,32
163,102,24,36
163,102,24,52
163,102,23,52
162,103,23,52
159,104,24,51
158,105,23,48
156,105,24,51
154,105,24,53
151,104,26,56
150,103,24,58
147,102,25,52
145,101,26,54
144,99,26,57
144,99,26,34
145,98,26,53
144,96,28,53
145,92,28,56
141,90,34,58
138,89,37,60
139,87,37,61
144,88,33,60
149,86,30,58
153,86,28,55
155,86,28,40
157,86,29,54
157,83,31,58
158,80,31,65
162,76,29,70
166,79,26,69
167,81,25,69
168,82,23,69
169,86,23,67
169,100,23,54
169,86,24,69
168,86,26,69
168,87,27,64
168,88,30,63
168,92,30,57
165,95,32,57
164,96,33,59
162,101,36,56
161,103,36,55
159,104,38,55
157,106,38,54
154,107,38,54
157,112,37,50
156,112,39,52
156,113,41,51
155,110,43,53
153,110,46,55
154,110,46,55
155,109,44,64
156,108,44,69
157,105,30,73
156,107,32,72
156,117,23,63
157,120,22,61
155,121,24,61
154,119,27,64
152,115,29,70
150,112,34,74
149,112,37,76
145,110,42,79
145,109,44,81
143,108,48,82
143,108,49,81
144,108,50,82
142,107,53,84
143,106,53,85
143,107,53,85
145,107,51,85
145,107,51,85
149,108,47,85
151,108,43,85
152,108,40,85
150,109,42,85
149,109,44,85
149,109,45,85
160,109,30,85
164,109,28,85
165,109,27,78
166,110,25,77
166,108,26,81
164,108,30,83
163,108,31,84
163,109,30,82
159,107,33,84
157,107,37,84
155,107,40,85
152,107,43,85
146,107,47,85
145,107,48,85
144,107,48,85
145,106,45,85
143,106,46,85
142,106,46,85
138,106,49,85
135,106,51,85
132,106,54,85
132,107,52,85
127,107,59,85
129,107,55,85
128,107,54,85
126,107,56,85
129,107,45,85
123,107,54,85
124,107,42,75
123,108,42,77
123,108,42,78
123,107,43,78
123,107,43,79
125,107,42,81
129,113,40,76
129,114,42,75
127,108,41,77
129,111,41,75
130,109,43,76
131,111,44,73
134,120,42,64
137,119,39,64
142,117,36,67
147,110,29,71
148,108,29,69
145,104,30,71
144,102,33,71
146,101,31,70
150,101,26,67
151,99,23,65
150,98,23,66
146,98,24,66
145,98,24,66
142,100,25,63
140,99,25,65
137,94,29,63
136,89,30,69
133,85,33,74
128,83,39,81
NaN,NaN,NaN,-2
NaN,NaN,NaN,0
NaN,NaN,NaN,0
NaN,NaN,NaN,0
NaN,NaN,NaN,0
NaN,NaN,NaN,-1
231,44,52,141
233,49,49,137
233,52,49,133
235,59,46,124
229,64,51,122
228,63,52,120
228,68,52,126
229,70,49,126
231,68,47,126
226,75,50,122
221,76,50,120
217,77,55,117
213,76,59,120
207,78,66,121
203,81,70,118
199,82,74,116
197,84,76,113
197,85,69,107
194,83,68,111
191,84,67,105
194,85,63,101
195,86,61,103
192,88,63,104
192,91,59,102
190,96,58,100
187,91,60,105
183,91,64,104
181,95,66,101
178,99,70,101
