NaN,NaN,NaN,-1
236,38,79,176
231,32,79,176
228,29,79,176
225,27,79,176
222,25,79,176
215,23,79,176
213,24,79,176
210,24,79,176
208,24,79,176
206,26,79,176
206,28,79,176
205,27,79,176
200,26,79,176
193,27,79,176
190,28,79,176
186,28,79,176
184,28,79,176
182,20,79,176
182,15,79,176
183,12,79,176
182,11,79,176
185,1,79,176
185,1,79,176
185,1,79,176
186,1,79,176
187,1,79,176
187,2,79,176
186,2,79,176
185,3,79,176
184,5,79,176
182,6,79,176
181,7,79,176
180,7,79,176
180,6,79,176
181,5,79,176
184,3,79,176
185,2,79,176
190,1,79,176
193,1,79,176
195,1,79,176
197,1,79,176
201,1,79,176
203,1,79,176
205,1,79,176
206,1,79,176
209,1,79,176
211,1,79,176
213,1,79,176
215,1,79,176
220,1,79,176
222,1,79,176
224,1,79,176
226,1,79,176
228,1,79,176
229,1,79,176
230,1,79,176
230,1,79,176
229,1,79,176
229,2,79,176
228,3,79,176
227,2,79,176
225,3,79,176
225,4,79,176
225,4,79,176
225,4,79,176
227,5,79,176
229,6,79,176
230,7,79,176
231,8,79,176
234,12,79,176
236,13,79,176
239,15,79,176
241,16,79,176
242,19,79,176
242,20,79,176
243,20,79,176
244,19,79,176
244,15,79,176
244,13,79,176
243,9,79,176
241,5,79,176
236,1,79,176
233,1,79,176
230,1,79,176
226,1,79,176
218,1,79,176
215,1,79,176
212,1,79,176
210,1,79,176
207,1,79,176
206,1,79,176
205,1,79,176
205,1,79,176
206,1,79,176
206,1,79,176
207,1,79,176
208,1,79,176
208,1,79,176
208,1,79,176
208,1,79,176
208,1,79,176
207,1,79,176
206,1,79,176
205,1,79,176
203,1,79,176
200,1,79,176
199,4,79,176
199,6,79,176
199,9,79,176
200,15,79,176
202,18,79,176
204,22,79,176
207,26,79,176
212,30,79,176
215,31,79,176
217,31,79,176
219,31,79,176
221,32,79,176
222,32,79,176
222,31,79,176
221,28,79,176
220,33,79,176
218,30,79,176
217,30,79,176
215,28,79,176
212,26,79,176
212,27,79,176
212,28,79,176
212,30,79,176
211,30,79,176
210,26,79,176
209,25,79,176
208,24,79,176
207,24,79,176
207,24,79,176
207,25,79,176
207,25,79,176
206,25,79,176
206,25,79,176
206,26,79,176
206,27,79,176
205,29,79,176
205,30,79,176
204,31,79,176
204,32,79,176
202,34,79,176
202,34,79,176
201,34,79,176
201,34,79,176
200,35,79,176
201,35,79,176
201,35,79,176
201,35,79,176
200,35,79,176
198,38,79,176
195,41,79,176
194,42,79,176
189,40,79,176
186,39,79,176
183,39,79,176
179,40,79,176
175,41,79,176
175,40,79,176
176,39,79,176
177,38,79,176
176,35,79,176
174,33,79,176
171,32,79,176
169,31,79,176
163,28,79,176
161,27,79,176
159,28,79,176
157,29,79,176
154,29,79,176
154,34,79,176
154,38,79,176
155,42,79,176
156,46,79,176
160,50,79,176
160,50,79,176
162,51,79,176
163,50,79,176
167,51,79,176
170,52,79,176
174,53,79,176
178,53,79,176
186,55,79,176
192,57,79,176
196,57,79,176
198,57,79,176
200,55,79,176
200,54,79,176
200,54,79,176
200,53,79,176
201,53,79,176
202,55,79,176
204,57,79,176
205,58,79,176
207,61,79,176
208,62,79,176
209,63,79,176
211,63,79,176
212,64,79,176
213,65,79,176
213,65,79,176
213,65,79,176
213,66,79,176
213,66,79,176
213,66,79,176
211,65,79,176
206,64,79,176
202,64,79,176
198,64,79,176
195,65,79,176
196,67,79,176
198,68,79,176
200,69,79,176
203,70,79,176
206,72,79,176
214,74,79,176
212,74,79,176
217,76,79,176
219,77,79,176
218,78,79,176
220,79,79,176
215,78,79,176
214,78,79,176
214,78,79,176
213,79,79,176
211,79,79,176
208,81,79,176
207,81,79,176
205,82,79,176
206,83,79,176
204,84,79,176
202,85,79,176
200,86,79,176
197,86,79,176
197,87,79,176
198,88,79,176
199,88,79,176
201,88,79,176
212,90,79,176
213,89,79,176
214,89,79,176
214,89,79,176
214,88,79,176
214,88,79,176
216,88,79,176
218,89,79,176
220,89,79,176
221,90,79,176
222,90,79,176
220,89,79,176
218,85,79,176
213,85,79,176
212,84,79,176
213,84,79,176
220,82,79,176
223,80,79,176
226,78,79,176
230,77,79,176
238,74,79,176
240,72,79,176
240,69,79,176
241,67,79,176
246,64,79,176
248,62,79,176
250,59,79,176
252,56,79,176
254,51,79,176
255,49,79,176
257,47,79,176
258,46,79,176
258,46,79,176
257,45,79,176
257,44,79,176
258,42,79,176
256,39,79,176
255,38,79,176
253,37,79,176
251,36,79,176
248,34,79,176
248,33,79,176
248,31,79,176
248,29,79,176
247,27,79,176
247,26,79,176
247,25,79,176
247,24,79,176
248,21,79,176
249,20,79,176
250,19,79,176
250,17,79,176
249,15,79,176
249,14,79,176
248,13,79,176
246,11,79,176
243,10,79,176
242,9,79,176
243,8,79,176
243,7,79,176
242,7,79,176
243,7,79,176
242,7,79,176
242,8,79,176
241,9,79,176
241,9,79,176
240,8,79,176
239,7,79,176
237,6,79,176
235,5,79,176
233,3,79,176
231,2,79,176
225,3,79,176
222,3,79,176
220,3,79,176
217,3,79,176
213,2,79,176
212,1,79,176
211,1,79,176
211,1,79,176
210,1,79,176
209,1,79,176
209,1,79,176
209,1,79,176
210,1,79,176
210,1,79,176
210,1,79,176
211,1,79,176
214,1,79,176
215,1,79,176
217,1,79,176
218,1,79,176
220,1,79,176
220,1,79,176
219,1,79,176
218,1,79,176
215,1,79,176
212,1,79,176
209,1,79,176
205,1,79,176
197,1,79,176
193,1,79,176
188,1,79,176
184,2,79,176
177,4,79,176
174,5,79,176
171,6,79,176
168,6,79,176
163,8,79,176
161,8,79,176
159,9,79,176
157,9,79,176
155,9,79,176
154,10,79,176
154,10,79,176
153,11,79,176
152,12,79,176
152,12,79,176
151,12,79,176
151,12,79,176
150,14,79,176
152,15,79,176
155,15,79,176
158,16,79,176
166,18,79,176
171,18,79,176
176,19,79,176
182,20,79,176
196,22,79,176
203,24,79,176
210,26,79,176
217,29,79,176
230,35,79,176
234,38,79,176
237,41,79,176
238,45,79,176
238,48,79,176
235,54,79,176
232,57,79,176
229,60,79,176
226,64,79,176
219,70,79,176
215,73,79,176
212,76,79,176
209,79,79,176
204,84,79,176
202,87,79,176
198,90,79,176
196,89,79,176
193,89,79,176
191,79,79,176
187,73,79,176
184,70,79,176
182,74,79,176
181,74,79,176
179,75,79,176
176,79,79,176
172,73,79,176
170,76,79,176
169,75,79,176
167,69,79,176
167,77,79,176
168,75,79,176
170,71,79,176
171,77,79,176
173,90,79,176
172,92,79,176
167,92,79,176
164,92,79,176
162,92,79,176
162,92,79,176
163,92,79,176
160,92,79,176
161,92,79,176
162,92,79,176
162,92,79,176
161,92,79,176
157,92,79,176
155,92,79,176
151,91,79,176
147,91,79,176
137,90,79,176
133,89,79,176
130,90,79,176
129,91,79,176
131,92,79,176
135,91,79,176
140,91,79,176
146,90,79,176
159,87,79,176
165,83,79,176
172,78,79,176
179,73,79,176
185,67,79,176
186,63,79,176
186,60,79,176
186,57,79,176
182,57,79,176
181,57,79,176
181,56,79,176
181,55,79,176
182,54,79,176
181,55,79,176
180,55,79,176
180,56,79,176
179,56,79,176
179,58,79,176
179,65,79,176
181,69,79,176
187,76,79,176
190,78,79,176
191,76,79,176
193,75,79,176
193,69,79,176
192,65,79,176
192,63,79,176
192,63,79,176
193,69,79,176
191,68,79,176
190,69,79,176
189,71,79,176
187,73,79,176
187,75,79,176
187,78,79,176
187,79,79,176
187,82,79,176
187,82,79,176
186,82,79,176
185,81,79,176
184,80,79,176
184,79,79,176
183,78,79,176
184,78,79,176
185,79,79,176
186,80,79,176
187,82,79,176
188,84,79,176
190,87,79,176
191,88,79,176
191,87,79,176
193,89,79,176
195,90,79,176
196,91,79,176
197,92,79,176
197,92,79,176
196,92,79,176
195,92,79,176
194,92,79,176
193,92,79,176
191,92,79,176
190,92,79,176
189,92,79,176
188,92,79,176
185,92,79,176
184,92,79,176
183,92,79,176
182,92,79,176
