NaN,NaN,NaN,-1
125,91,47,59
125,92,47,59
125,93,47,59
125,93,47,59
125,93,47,59
125,93,47,59
125,93,47,59
125,93,47,59
124,94,47,59
124,95,47,59
123,97,47,59
123,97,47,59
122,97,47,59
121,97,47,59
121,97,47,59
120,98,47,59
119,98,47,59
118,98,47,59
118,98,47,59
119,97,47,59
119,96,47,59
120,95,47,59
121,94,47,59
123,93,47,59
125,93,47,59
126,92,47,59
128,91,47,59
129,90,47,59
130,89,47,59
130,88,47,59
130,87,47,59
129,86,47,59
127,85,47,59
125,83,47,59
124,82,47,59
123,81,47,59
122,81,47,59
120,81,47,59
119,82,47,59
119,84,47,59
119,86,47,59
117,89,47,59
116,91,47,59
116,93,47,59
116,94,47,59
117,95,47,59
118,95,47,59
118,95,47,59
119,94,47,59
120,93,47,59
120,93,47,59
121,92,47,59
122,92,47,59
122,92,47,59
121,92,47,59
121,92,47,59
122,92,47,59
122,92,47,59
121,92,47,59
120,92,47,59
120,94,47,59
119,97,47,59
119,98,47,59
118,99,47,59
118,100,47,59
119,101,47,59
120,102,47,59
121,102,47,59
121,102,47,59
121,99,47,59
121,96,47,59
120,94,47,59
120,91,47,59
120,88,47,59
121,85,47,59
121,81,47,59
120,78,47,59
120,76,47,59
120,75,47,59
120,75,47,59
119,76,47,59
119,77,47,59
119,77,47,59
118,79,47,59
117,81,47,59
116,82,47,59
114,84,47,59
113,86,47,59
111,87,47,59
109,88,47,59
108,88,47,59
107,90,47,59
105,91,47,59
103,93,47,59
101,95,47,59
99,97,47,59
98,98,47,59
97,100,47,59
97,101,47,59
98,101,47,59
99,100,47,59
101,99,47,59
103,98,47,59
105,98,47,59
108,98,47,59
111,97,47,59
115,97,47,59
118,97,47,59
121,97,47,59
124,97,47,59
125,96,47,59
127,96,47,59
128,95,47,59
130,95,47,59
131,96,47,59
131,97,47,59
131,99,47,59
129,100,47,59
127,100,47,59
125,100,47,59
122,100,47,59
120,100,47,59
118,98,47,59
117,95,47,59
114,92,47,59
112,90,47,59
110,88,47,59
109,88,47,59
108,88,47,59
106,88,47,59
104,89,47,59
102,91,47,59
100,93,47,59
100,95,47,59
99,98,47,59
99,100,47,59
98,102,47,59
98,103,47,59
98,103,47,59
99,103,47,59
99,103,47,59
99,103,47,59
98,102,47,59
98,100,47,59
96,99,47,59
95,98,47,59
92,97,47,59
88,96,47,59
85,95,47,59
82,94,47,59
79,95,47,59
76,95,47,59
74,96,47,59
72,96,47,59
73,96,47,59
72,96,47,59
72,95,47,59
72,95,47,59
74,96,47,59
74,97,47,59
75,98,47,59
76,99,47,59
77,99,47,59
78,100,47,59
77,102,47,59
77,103,47,59
77,103,47,59
76,103,47,59
76,103,47,59
75,103,47,59
74,102,47,59
73,101,47,59
72,99,47,59
71,98,47,59
70,97,47,59
69,96,47,59
68,95,47,59
66,94,47,59
65,94,47,59
63,95,47,59
60,95,47,59
59,95,47,59
58,95,47,59
56,94,47,59
55,94,47,59
54,94,47,59
53,94,47,59
53,94,47,59
54,94,47,59
55,95,47,59
55,96,47,59
56,98,47,59
57,99,47,59
57,99,47,59
57,99,47,59
57,99,47,59
56,99,47,59
56,98,47,59
54,97,47,59
53,96,47,59
52,95,47,59
51,94,47,59
50,93,47,59
49,92,47,59
48,91,47,59
48,90,47,59
48,90,47,59
49,89,47,59
52,89,47,59
54,88,47,59
55,88,47,59
57,87,47,59
57,86,47,59
57,85,47,59
57,84,47,59
57,84,47,59
56,84,47,59
55,83,47,59
55,82,47,59
55,81,47,59
56,80,47,59
56,79,47,59
57,80,47,59
58,80,47,59
58,81,47,59
58,81,47,59
59,82,47,59
58,84,47,59
58,85,47,59
55,84,47,59
NaN,NaN,NaN,-2
NaN,NaN,NaN,0
NaN,NaN,NaN,0
NaN,NaN,NaN,0
NaN,NaN,NaN,0
NaN,NaN,NaN,-1
115,116,40,54
116,115,40,54
114,114,40,54
112,113,40,54
111,110,40,54
108,108,40,54
106,106,40,54
102,105,40,54
98,104,40,54
93,103,40,54
88,100,40,54
85,98,40,54
80,98,40,54
75,97,40,54
73,96,40,54
72,96,40,54
73,97,40,54
77,98,40,54
81,100,40,54
84,102,40,54
87,103,40,54
90,104,40,54
92,107,40,54
93,111,40,54
95,113,40,54
97,115,40,54
99,118,40,54
101,119,40,54
103,118,40,54
104,117,40,54
106,116,40,54
108,114,40,54
110,111,40,54
112,107,40,54
114,103,40,54
115,99,40,54
115,95,40,54
115,92,40,54
114,89,40,54
113,86,40,54
110,83,40,54
107,79,40,54
104,76,40,54
101,73,40,54
98,70,40,54
95,68,40,54
92,66,40,54
90,64,40,54
88,64,40,54
87,64,40,54
86,65,40,54
84,67,40,54
83,69,40,54
82,71,40,54
81,73,40,54
80,75,40,54
78,77,40,54
77,79,40,54
76,81,40,54
75,84,40,54
75,86,40,54
75,90,40,54
77,92,40,54
79,94,40,54
81,95,40,54
84,96,40,54
