NaN,NaN,NaN,-1
155.45,65.86,71.793,84.847
150.86,71.868,75.057,83.215
139.06,72.09,73.425,78.32
136.17,72.09,71.793,78.32
133.2,73.722,71.793,75.057
132.02,72.461,65.267,70.162
132.02,67.862,65.267,73.425
130.46,66.379,66.898,73.425
127.42,61.855,68.53,75.057
127.71,65.675,62.003,72.609
123.41,69.568,58.74,68.53
119.19,71.052,53.845,68.53
109.84,69.494,63.635,70.162
100.79,64.896,66.898,73.425
107.24,74.315,55.477,62.003
107.02,72.683,60.372,65.267
105.02,78.617,71.793,65.267
111.18,81.657,66.898,63.635
115.7,84.624,65.267,63.635
117.11,89.148,66.898,62.003
132.46,108.43,55.477,62.003
132.46,106.8,55.477,65.267
135.5,109.84,53.845,63.635
124.67,109.84,63.635,63.635
123.34,103.76,60.372,66.898
124.6,106.58,65.267,70.162
132.24,106.35,60.372,75.057
135.43,101.83,55.477,76.688
139.88,97.307,55.477,78.32
147.44,94.562,52.213,73.425
150.56,94.711,48.95,70.162
155.16,97.529,45.687,73.425
157.75,91.077,53.845,84.847
159.24,91.077,53.845,84.847
162.5,98.642,47.318,81.583
165.91,101.68,37.528,79.952
164.43,103.39,37.528,75.057
161.31,100.35,40.792,76.688
156.71,97.233,44.055,79.952
152.12,95.749,47.318,79.952
149.08,91.002,48.95,86.478
141.51,91.892,52.213,99.532
134.09,93.153,52.213,104.43
132.83,100.79,47.318,99.532
129.94,99.161,45.687,102.8
123.86,97.603,48.95,104.43
122.38,100.72,48.95,101.16
117.78,96.046,52.213,106.06
119.11,100.72,55.477,101.16
125.27,90.187,50.582,104.43
118.81,88.703,62.003,104.43
131.28,82.696,48.95,106.06
127.64,91.744,63.635,102.8
132.31,89.964,58.74,109.32
129.05,89.816,65.267,112.59
138.32,102.05,57.108,104.43
138.1,104.95,62.003,106.06
147.44,106.5,52.213,104.43
147.29,105.09,55.477,102.8
151.6,98.938,58.74,107.69
157.75,93.005,53.845,107.69
160.64,88.555,55.477,107.69
163.76,88.703,52.213,104.43
166.73,82.325,52.213,114.22
166.73,91.522,52.213,107.69
163.98,103.83,47.318,97.9
162.43,99.087,48.95,104.43
162.43,103.61,48.95,102.8
162.57,106.65,45.687,101.16
159.53,103.54,47.318,104.43
159.53,97.529,47.318,106.06
159.24,88.332,53.845,112.59
157.68,91.448,55.477,109.32
160.72,94.414,53.845,109.32
162.43,98.864,48.95,109.32
159.31,98.79,52.213,110.95
157.75,93.969,53.845,119.11
159.46,100.2,48.95,112.59
157.98,100.12,48.95,114.22
155.01,100.05,48.95,115.85
150.63,98.493,47.318,117.48
146.26,95.527,45.687,117.48
146.26,92.56,45.687,117.48
147.74,89.519,45.687,119.11
144.7,87.665,47.318,127.27
144.77,84.179,45.687,138.69
143.29,88.629,45.687,138.69
144.62,89.964,48.95,141.96
147.52,92.708,50.582,146.85
150.48,92.708,50.582,146.85
151.82,88.11,53.845,150.11
154.79,79.136,53.845,151.75
157.75,71.422,53.845,158.27
162.2,70.829,53.845,138.69
168.14,66.379,53.845,138.69
168.06,69.272,55.477,140.32
171.1,72.312,53.845,138.69
170.95,76.837,57.108,137.06
174,76.875,55.477,136.22
174.07,75.205,53.845,140.32
167.84,76.985,60.372,133.8
166.28,75.502,62.003,133.8
166.36,72.535,60.372,133.8
164.72,74.167,63.635,130.53
164.8,72.683,62.003,130.53
161.61,72.683,66.898,130.53
158.87,82.251,62.003,115.85
154.19,83.734,66.898,115.85
152.71,82.177,66.898,117.48
149.82,86.775,65.267,114.22
145.29,89.89,66.898,110.95
140.84,88.555,66.898,107.69
140.84,85.737,66.898,104.43
140.84,78.172,66.898,107.69
140.77,76.688,68.53,107.69
142.25,76.688,68.535,107.69
140.77,76.688,68.53,107.69
139.21,75.057,70.162,110.95
142.7,79.655,58.74,107.69
144.18,81.064,58.74,109.32
144.11,82.473,60.372,110.95
145.59,77.801,60.372,115.85
147.15,74.834,58.74,115.85
148.33,71.868,65.267,115.85
150.04,68.827,60.372,117.48
153.01,64.302,60.372,119.11
154.34,61.262,63.635,120.74
155.75,61.187,65.267,122.38
158.72,61.039,65.267,125.64
158.64,64.08,66.898,124.01
158.64,67.121,66.898,122.38
160.2,67.047,65.267,124.01
160.2,66.972,65.267,125.64
158.72,65.415,65.267,127.27
157.23,64.08,65.267,124.01
155.68,62.745,66.898,120.74
155.6,61.484,68.53,115.85
157.01,58.369,70.162,119.11
155.45,56.96,71.793,117.48
152.41,55.477,73.425,117.48
147.89,55.402,75.057,119.11
146.41,56.96,75.057,117.48
143.44,60.001,75.057,115.85
142.1,61.484,71.793,115.85
137.58,59.998,73.425,115.9
137.73,57.034,70.162,115.85
133.06,54.142,75.057,114.22
134.66,48.282,71.82,112.59
133.13,45.316,73.425,112.59
132.91,43.832,78.32,112.59
132.83,43.832,79.952,112.59
134.32,45.242,79.952,114.22
135.87,46.651,78.32,115.85
137.43,51.027,76.688,117.48
137.28,55.477,79.952,117.48
138.69,56.886,81.583,119.11
140.25,55.254,79.952,122.38
141.58,52.139,83.215,125.64
141.51,49.098,84.847,127.27
141.51,44.5,84.847,130.53
142.92,40.05,86.478,130.53
142.92,35.526,86.478,132.17
142.92,33.894,86.478,135.43
141.44,35.452,86.478,133.8
139.95,36.935,86.478,133.8
138.47,38.344,86.478,135.43
136.99,44.5,86.478,130.53
132.31,47.467,91.373,130.53
132.39,48.876,89.742,132.17
133.95,50.433,88.11,130.53
132.39,50.582,89.742,127.27
133.95,46.206,88.11,125.64
132.39,42.056,89.742,119.04
132.46,39.16,88.11,117.48
132.54,37.825,86.478,114.22
132.31,34.71,91.373,117.48
132.24,37.015,93.005,115.07
133.57,39.308,96.268,114.22
134.84,42.349,101.16,112.59
136.24,43.832,102.8,112.59
137.65,46.873,104.43,110.95
132.98,49.84,109.32,110.95
126.9,52.881,112.59,109.32
123.93,52.807,112.59,110.95
122.52,54.216,110.95,112.59
118,51.175,112.59,114.22
113.47,49.766,114.22,112.59
110.36,48.352,117.48,111.05
107.39,46.799,117.48,112.59
105.98,48.431,115.85,109.32
106.06,48.431,114.22,109.32
107.62,49.988,112.59,107.69
107.69,49.988,110.95,107.69
110.73,48.505,109.32,107.69
116.89,45.538,104.43,107.69
120,39.382,101.16,112.59
120.22,38.047,96.268,109.32
120.37,33.672,93.005,107.69
124.97,33.82,89.742,104.42
127.64,36.564,96.268,109.32
130.53,41.014,97.9,109.32
135.06,42.497,96.268,109.32
141.21,43.907,91.373,110.95
144.48,42.423,84.847,110.95
149.22,43.981,78.32,109.32
152.34,43.981,75.057,109.32
150.63,46.873,79.952,110.95
153.6,51.397,79.952,109.32
153.53,52.807,81.583,110.95
155.01,54.364,81.583,109.32
153.3,54.29,86.478,110.95
151.75,55.625,88.11,114.22
147.15,53.993,91.373,117.48
142.55,50.952,94.637,119.11
139.66,52.362,93.005,120.74
136.69,52.436,93.005,119.11
135.28,50.804,91.373,122.38
129.27,49.321,93.005,122.38
127.64,47.689,96.268,125.64
124.6,46.132,97.9,127.27
121.63,44.5,97.9,130.53
120.15,45.983,97.9,130.53
120,50.433,101.16,130.53
121.41,52.732,102.8,112.59
122.82,55.699,104.43,112.59
124.08,57.182,109.32,112.59
123.86,57.182,114.22,112.59
129.72,55.551,115.85,115.85
131.05,55.625,119.11,114.22
130.9,55.699,122.38,112.59
132.39,54.216,122.38,112.59
138.54,54.364,117.48,109.32
135.35,55.922,122.38,107.69
130.68,57.479,127.27,106.06
158.94,60.52,93.005,104.43
155.9,63.338,94.637,107.69
157.53,66.528,91.373,102.8
156.12,68.159,89.742,99.532
156.2,69.791,88.11,96.268
154.79,68.308,86.478,96.268
157.97,67.937,81.583,104.43
157.97,66.528,81.583,102.8
160.87,66.528,83.215,102.8
162.2,66.453,86.478,104.43
162.2,66.453,86.478,104.43
166.8,67.788,83.215,107.69
166.8,69.198,83.215,109.32
166.73,70.681,84.847,109.32
165.17,70.681,86.478,109.32
166.8,69.049,83.215,112.59
162.35,66.157,83.215,110.95
159.31,61.558,84.847,114.22
159.31,58.592,84.847,114.22
154.64,55.551,89.742,115.85
153.15,51.101,89.742,115.85
153.15,48.208,89.742,114.22
151.6,46.651,91.373,115.85
153.23,46.651,88.11,115.85
153.23,49.469,88.11,119.11
151.82,56.96,86.478,117.48
153.38,64.377,84.847,117.48
154.79,65.86,86.478,117.48
157.75,65.786,86.478,119.11
156.2,62.819,88.11,119.11
160.72,55.254,86.478,122.38
162.13,51.249,88.11,112.59
162.05,48.357,89.742,110.95
160.57,47.022,89.742,107.69
157.46,46.947,93.005,109.32
151.3,48.505,97.9,107.69
151.3,51.323,97.9,110.95
149.82,54.216,97.9,112.59
151.41,55.699,95.505,112.59
148.19,56.441,101.16,96.268
143.81,53.326,99.532,99.532
134.69,51.842,104.43,99.532
133.43,50.433,99.532,97.9
128.9,45.835,101.16,101.16
126.01,39.902,99.532,101.16
120.3,35.377,94.637,102.8
115.85,37.157,94.637,96.268
114.44,37.083,93.005,97.9
112.96,38.492,93.005,99.532
111.55,41.385,91.373,101.16
111.55,47.318,91.373,101.16
106.87,53.288,96.268,100.37
106.87,54.809,96.268,99.532
111.4,54.801,94.637,99.541
117.33,56.367,94.637,97.9
121.71,54.883,96.268,97.9
127.64,53.4,96.268,97.9
134.98,50.285,97.9,101.16
136.39,50.285,99.532,101.16
134.84,47.096,101.16,106.06
131.87,47.096,101.16,106.06
128.9,45.538,101.16,107.69
124.53,42.349,99.532,112.59
117.03,43.907,101.16,110.95
106.43,42.72,106.06,104.43
100.57,41.237,104.43,104.43
94.711,36.342,102.8,114.22
88.778,31.743,102.8,117.48
81.287,25.736,104.43,119.11
76.54,22.695,110.95,120.74
73.054,19.58,122.38,124.01
71.2,20.322,130.53,107.69
70.681,24.92,109.32,104.43
70.829,32.411,106.06,102.8
66.305,36.787,107.69,104.43
64.97,38.122,104.43,107.69
59.111,39.531,102.8,109.32
51.694,41.162,102.8,106.06
44.129,39.753,106.06,104.43
38.122,36.787,107.69,104.43
38.122,35.526,107.69,99.532
36.564,32.633,109.32,97.9
42.794,34.413,102.8,91.373
45.687,34.339,104.43,93.005
51.694,38.863,102.8,91.373
53.177,41.682,102.8,94.637
49.988,43.091,107.69,96.268
53.029,44.574,106.06,96.268
57.479,47.689,106.06,93.005
60.446,49.172,106.06,93.005
66.453,43.091,104.43,96.268
69.272,37.083,107.69,97.9
73.054,26.329,122.38,106.06
83.321,17.207,124.05,110.95
87.294,11.199,135.43,112.59
92.486,12.682,119.11,112.59
95.304,15.575,122.38,114.22
96.713,18.467,124.01,115.85
96.565,19.877,127.27,117.48
99.532,16.539,127.27,125.64
97.9,21.137,130.53,122.38
93.153,19.58,137.06,124.01
86.775,18.097,146.85,124.01
85.143,15.13,150.11,124.01
113.18,12.089,120.74,125.64
111.69,7.4908,120.74,128.9
113.25,5.9333,119.11,130.53
113.4,7.2683,115.85,133.8
113.4,8.6775,115.85,135.43
111.84,13.127,117.48,135.43
111.84,12.237,117.48,122.38
114.96,13.795,114.22,120.74
118.07,13.869,110.95,119.11
121.04,12.312,110.95,120.74
122.45,7.8617,112.59,120.74
124.01,4.9692,110.95,119.11
129.94,3.6342,110.95,115.85
134.46,3.6342,109.32,115.85
134.39,11.051,110.95,115.85
135.95,26.403,109.32,104.43
134.46,32.262,109.32,106.06
134.54,47.541,107.69,96.268
132.98,48.95,109.32,97.9
130.09,35.007,107.69,110.95
130.16,27.664,106.06,109.32
134.61,24.401,106.06,115.85
138.99,19.728,107.69,120.74
141.88,19.728,109.32,120.74
141.95,19.728,107.69,120.74
145,21.212,106.06,120.74
140.62,21.063,104.43,124.01
136.39,22.621,99.532,122.38
131.05,22.695,86.478,120.74
126.97,24.586,78.32,111.78
117.85,23.288,83.215,107.69
113.4,21.731,83.215,109.32
110.36,15.797,84.847,109.32
113.33,15.946,84.847,106.06
114.81,17.281,84.847,109.32
116.37,20.247,83.215,109.32
114.88,21.657,83.215,110.95
116.44,23.066,81.583,112.59
116.52,24.549,79.952,112.59
113.47,22.917,81.583,115.85
110.51,32.188,81.583,107.69
107.54,27.812,81.583,106.06
111.99,23.14,81.583,110.95
114.96,20.099,81.583,112.59
117.92,18.616,81.583,112.59
125.27,21.508,83.215,114.22
131.28,26.181,81.583,109.32
137.13,26.032,83.215,112.59
144.55,27.664,83.215,109.32
149,26.255,83.215,107.69
153.45,24.772,83.215,107.69
156.64,21.582,78.32,112.59
159.68,23.437,76.688,104.43
159.61,18.912,78.32,106.06
162.72,17.577,75.057,102.8
162.72,16.094,75.057,102.8
162.09,16.168,72.609,101.16
164.23,20.767,70.364,97.9
168.95,28.257,68.53,96.268
164.5,34.117,68.53,97.9
159.98,38.567,70.162,97.9
155.53,40.124,70.162,96.268
145.14,38.641,70.168,96.268
139.14,32.707,71.793,96.268
139.28,28.183,68.53,97.9
143.51,20.618,73.425,101.16
144.92,19.061,75.057,102.8
146.41,22.102,75.057,101.16
146.48,25.068,73.425,101.16
146.33,29.518,76.688,101.16
149.45,30.927,73.425,102.8
149.45,32.485,73.425,101.16
150.93,35.6,73.425,97.9
154.95,38.492,67.659,99.532
160.27,41.607,63.635,96.268
163.31,38.492,62.003,99.532
161.83,35.674,62.003,96.268
164.5,37.306,68.53,93.005
167.47,41.756,68.53,93.005
167.54,45.983,66.898,97.9
166.13,50.656,65.267,93.005
163.24,53.697,63.635,91.373
157.23,53.622,65.267,93.005
155.75,52.065,65.267,94.637
155.82,50.73,63.635,91.373
154.42,49.395,62.003,88.11
142.18,46.354,70.162,89.742
137.8,43.387,68.53,89.742
134.98,41.459,65.267,99.532
132.02,37.834,65.267,97.113
128.98,29.592,66.898,99.532
127.27,28.109,71.793,99.532
124.16,32.559,75.057,99.532
125.71,35.674,73.425,96.268
127.27,36.935,71.793,101.16
122.67,39.827,75.057,102.8
121.11,44.5,76.688,97.9
121.26,45.853,73.373,100.76
119.78,45.835,73.425,101.16
121.19,44.277,75.057,102.8
130.24,45.835,71.793,101.16
136.17,46.85,71.793,107.87
146.21,45.464,65.938,109.32
151.23,45.39,66.898,110.95
154.19,45.39,66.898,110.95
155.6,46.947,68.53,109.32
157.31,49.988,63.635,107.69
161.98,50.137,58.74,104.43
166.43,48.802,58.74,101.16
165.09,48.727,55.477,102.8
165.09,50.359,55.477,99.532
160.84,49.172,50.606,93.005
154.93,46.28,50.582,91.373
156.27,47.912,53.845,88.11
154.79,52.762,53.845,79.31
155.7,57.331,51.332,76.688
156.49,60.446,48.95,73.425
158.2,62.308,44.055,65.1
163.98,65.369,47.318,63.009
167.17,70.013,42.423,58.74
168.58,70.163,44.055,55.456
171.7,68.53,40.792,58.74
174.59,68.604,42.423,57.108
173.25,70.439,39.16,53.633
173.25,70.013,39.178,58.74
165.61,70.088,44.055,57.108
164.2,66.972,42.423,60.372
159.68,66.824,44.055,63.635
156.79,65.415,42.423,62.003
156.86,64.018,40.792,60.103
153.9,63.857,40.792,63.635
143.22,63.857,47.318,63.635
143.29,60.668,45.687,68.53
135.65,59.185,50.582,68.53
129.42,60.742,57.108,66.898
124.67,59.111,63.635,70.162
121.48,60.446,68.53,73.425
118.3,58.962,73.425,73.425
116.7,62.3,75.901,65.267
116.66,59.185,76.688,68.53
116.59,60.742,78.32,66.898
116.52,57.627,79.952,70.162
116.44,55.847,81.583,76.688
116.52,57.331,79.952,76.688
115.18,57.331,76.688,76.688
116.81,58.888,73.425,75.057
118.3,55.847,73.425,76.688
124.6,55.847,65.267,76.688
135.35,54.216,57.108,79.952
135.35,52.732,57.108,79.952
135.35,52.807,57.108,78.32
141.44,51.323,53.845,78.32
144.48,49.84,52.213,78.32
136.76,48.357,58.74,78.32
129.2,43.684,62.003,83.215
127.71,43.684,62.003,83.215
126.23,45.242,62.003,81.583
118.52,46.206,68.53,93.005
116.96,46.057,70.162,96.268
112.44,44.574,71.793,96.268
113.92,44.5,71.793,97.9
113.85,39.827,73.425,102.8
121.34,38.27,71.793,104.43
124.3,32.188,71.793,107.69
127.27,27.59,71.793,110.95
131.65,25.958,73.425,114.22
136.02,25.884,75.057,115.85
137.43,27.367,76.688,115.85
141.88,27.442,76.688,114.22
144.85,26.181,76.688,109.32
144.85,21.805,76.688,107.69
147.89,15.575,75.057,114.22
150.86,14.017,75.057,115.85
155.31,15.427,75.057,117.48
153.9,16.836,73.425,119.11
152.26,22.769,76.688,119.11
147.44,27.071,84.847,122.38
142.84,26.7,88.11,130.53
136.69,28.109,93.005,132.17
130.53,31.15,97.9,130.53
122.82,26.552,104.43,133.8
122.6,24.846,109.32,138.69
116.37,20.247,115.85,141.96
111.62,17.132,122.38,145.22
118.07,20.247,78.32,141.96
121.11,21.731,76.688,141.96
122.45,24.252,79.952,119.11
126.9,27.219,79.952,119.11
128.38,26.997,79.952,124.01
131.35,31.521,79.952,122.38
134.17,31.224,83.215,128.9
135.58,32.633,84.847,130.53
140.03,32.856,84.847,125.64
139.88,30.968,88.11,124.51
139.88,29.963,88.11,124.01
141.44,28.406,86.478,125.64
142.84,29.741,88.11,128.9
142.77,32.633,89.742,130.53
144.33,35.674,88.11,128.9
142.84,34.117,88.11,130.53
141.51,32.707,84.847,128.9
139.95,28.257,86.478,128.9
136.84,25.439,89.742,125.64
135.13,22.547,94.637,124.01
127.2,18.097,106.06,124.01
126.01,21.137,99.532,122.38
120.37,27.293,93.03,117.48
117.55,25.662,89.742,120.74
114.59,27.219,89.742,119.11
117.7,30.334,86.478,115.85
119.26,30.408,84.847,114.22
117.7,31.966,86.478,112.59
116.22,31.966,86.478,112.59
116.29,32.04,84.847,110.95
119.33,29.073,83.215,110.95
123.93,30.631,79.952,109.32
125.42,33.523,79.952,110.95
128.46,37.973,78.32,110.95
130.01,43.981,76.688,109.32
130.01,45.464,76.688,109.32
131.5,48.431,76.688,109.32
128.53,48.431,76.688,109.32
129.94,40.866,78.32,112.59
134.32,30.26,79.952,117.48
134.17,24.327,83.215,117.48
137.21,28.777,81.583,117.48
141.81,33.375,78.32,114.22
140.25,37.751,79.952,115.85
138.69,43.645,81.583,115.89
137.28,45.093,79.952,117.48
135.8,46.577,79.952,117.48
135.8,48.134,79.952,115.85
137.28,45.242,79.952,114.22
140.25,45.242,79.952,114.22
140.03,45.316,84.847,112.59
134.02,42.275,86.478,114.22
130.9,38.937,89.742,122.38
127.64,41.978,96.268,120.74
122.97,38.863,101.16,124.01
116.74,38.937,107.69,122.38
114.29,35.822,63.635,125.64
108.36,34.339,63.635,125.64
103.83,34.042,65.267,132.17
106.65,34.117,68.53,130.53
108.13,31.15,68.53,130.53
109.62,26.552,68.53,133.8
112.58,24.994,68.53,135.43
115.48,29.444,70.162,135.43
118.44,37.009,70.162,132.16
122.97,41.533,68.53,130.53
130.38,43.165,68.53,127.27
137.88,41.904,66.898,122.38
142.33,37.528,66.898,120.74
146.63,33.078,70.162,120.74
151.23,28.628,66.898,120.74
151.15,25.587,68.53,122.38
153.97,23.956,71.793,125.64
150.78,26.7,76.688,97.9
152.41,20.173,73.425,110.95
152.63,21.657,68.53,110.95
151,23.066,71.793,112.59
146.63,26.032,70.162,112.59
141.81,25.958,78.32,114.22
137.06,27.442,84.847,114.22
121.93,27.293,91.373,117.48
125.05,25.736,88.11,119.11
131.35,24.104,79.952,122.38
129.79,24.03,81.583,124.01
129.64,25.365,84.847,127.27
129.57,25.291,86.478,128.9
129.5,26.774,88.11,128.9
132.65,28.406,83.896,125.64
137.28,28.257,79.952,128.9
135.65,28.406,83.215,125.64
135.72,30.037,81.583,122.38
138.84,34.636,78.32,119.11
138.99,36.045,75.057,120.74
131.42,40.717,78.32,115.85
133.06,44.945,75.057,120.74
134.46,49.469,76.688,119.11
134.54,52.362,75.057,120.74
136.24,53.697,70.162,124.01
133.28,52.213,70.162,124.01
131.72,49.172,71.793,125.64
133.2,47.689,71.793,125.64
131.79,46.28,70.162,124.01
133.2,41.756,71.793,125.64
136.17,40.272,71.793,125.64
139.14,41.972,71.793,123.86
143.59,41.83,71.793,124.01
148.11,43.387,70.162,122.38
151.15,43.313,68.53,124.01
155.75,43.313,65.267,124.01
157.09,43.387,68.53,122.38
158.64,38.937,66.898,122.38
157.09,35.971,68.53,122.38
152.63,34.562,68.53,120.74
148.19,31.521,68.53,122.38
145.37,33.078,65.267,120.74
139.43,36.119,65.267,119.11
134.91,39.086,66.898,119.11
128.9,40.495,68.53,120.74
125.94,41.904,68.53,122.38
120,41.83,68.53,124.01
117.11,41.904,66.898,122.38
117.18,41.904,65.267,122.38
114.22,38.937,65.267,122.38
115.77,36.045,63.635,120.74
117.18,34.562,65.267,120.74
118.67,36.119,65.267,119.11
121.71,40.569,63.635,119.11
127.71,46.577,62.003,117.48
133.72,52.584,60.372,115.85
139.73,53.993,58.74,117.48
144.11,52.436,60.372,119.11
148.63,50.952,58.74,119.11
154.56,49.543,58.74,117.48
161.98,48.134,58.74,115.85
163.39,48.06,60.372,117.48
167.91,54.29,58.74,110.95
170.95,60.446,57.108,106.06
169.4,61.741,58.74,112.47
167.91,64.748,58.74,109.32
163.46,63.264,58.74,109.32
157.38,60.149,62.003,112.59
155.9,57.108,62.003,114.22
154.42,57.182,62.003,112.59
151.6,57.182,58.74,112.59
150.04,55.699,60.372,112.59
151.6,55.699,58.74,112.59
150.11,54.142,58.74,114.22
148.7,55.625,57.108,114.22
142.55,57.108,62.003,114.22
141.14,55.625,60.372,114.22
141.14,55.699,60.372,112.59
141.14,54.067,60.372,115.85
141.14,52.51,60.372,117.48
139.58,51.101,62.003,115.85
141.06,51.175,62.003,114.22
142.55,51.101,62.003,115.85
143.88,49.543,65.267,117.48
149.89,49.469,63.635,119.11
154.34,55.551,63.635,115.85
157.16,58.443,66.898,117.48
158.57,59.927,68.53,117.48
161.61,59.778,66.898,120.74
163.02,62.893,68.53,117.48
165.98,63.729,68.53,115.05
165.98,63.116,68.53,112.59
164.43,63.264,70.162,109.32
165.91,61.781,70.162,109.32
164.43,61.855,70.162,107.69
162.87,60.372,71.793,107.69
161.24,55.996,75.057,106.06
161.09,51.809,78.32,100.28
164.06,53.326,78.32,99.532
165.61,57.924,76.688,96.268
167.17,60.965,75.057,94.637
167.02,67.195,78.32,88.11
167.17,67.121,75.057,89.742
167.25,65.118,73.425,101.16
165.76,64.97,73.425,104.43
159.68,65.044,76.688,102.8
153.67,65.044,78.32,102.8
149.3,65.118,76.688,101.16
146.41,65.118,75.057,101.16
144.7,66.602,79.952,101.16
139.95,66.453,86.478,104.43
138.4,67.862,88.11,106.06
138.47,65.934,86.478,115.85
132.31,62.819,91.373,119.11
126.38,58.369,91.373,119.11
123.34,52.287,93.005,122.38
117.03,47.022,101.16,107.69
113.99,43.981,102.8,109.32
116.74,39.308,107.69,114.22
116.44,37.677,114.22,117.48
167.62,39.086,65.267,119.11
169.03,40.495,66.898,120.74
169.03,41.978,66.898,120.74
171.99,40.421,66.898,122.38
173.48,40.347,66.898,124.01
165.76,40.421,73.425,122.38
161.24,40.421,75.057,122.38
161.46,39.012,70.162,120.74
163.02,40.866,68.53,112.59
158.42,40.866,71.793,112.59
157.01,43.758,70.162,114.22
155.53,45.093,70.162,117.48
152.49,49.617,71.793,115.85
155.75,50.952,65.267,119.11
151.3,46.354,65.267,122.38
143.59,41.756,71.793,125.64
142.1,43.462,71.793,120.74
137.58,42.052,73.425,119.11
134.69,40.569,71.793,119.11
133.13,40.569,73.425,119.11
128.68,43.684,73.425,115.85
128.75,45.316,71.793,112.59
128.75,48.357,71.793,110.95
131.79,49.84,70.162,110.95
134.98,48.357,65.267,110.95
141.14,48.357,60.372,110.95
145.37,48.357,65.267,110.95
151.37,45.167,63.635,115.85
155.82,43.832,63.635,112.59
157.23,42.275,65.267,114.22
160.27,37.602,63.635,119.11
163.24,34.413,63.635,124.01
164.8,37.454,62.003,122.38
163.24,41.904,63.635,122.38
160.27,44.871,63.635,122.38
161.76,50.952,63.635,119.11
160.27,53.993,63.635,117.48
157.23,58.517,65.267,115.85
154.27,57.998,65.267,127.27
151.37,53.548,63.635,127.27
148.41,48.95,63.635,130.53
143.88,47.541,65.267,128.9
140.99,47.467,63.635,130.53
135.06,50.285,63.635,133.8
132.02,53.252,65.267,133.8
132.09,51.694,63.635,135.43
130.61,50.952,63.635,119.11
127.57,50.878,65.267,120.74
124.38,50.878,70.162,120.74
116.66,50.878,76.688,120.74
115.4,49.247,71.793,124.01
119.93,47.689,70.162,125.64
110.73,43.091,76.688,128.9
107.76,41.607,76.688,128.9
