NaN,NaN,NaN,-1
152.41,64.377,73.425,84.847
147.89,61.039,75.057,93.005
144.55,63.857,83.215,96.268
147.74,69.642,78.32,99.532
148.19,75.947,68.53,91.373
146.78,74.612,66.898,88.11
145.22,68.604,68.53,89.742
144.4,73.87,53.845,71.793
141.58,72.535,50.582,68.53
135.5,72.535,53.845,68.53
128.31,71.2,48.95,65.267
120.74,69.42,52.213,71.793
114.51,72.461,58.74,70.162
108.28,66.231,65.267,76.688
109.99,70.978,60.372,70.162
105.32,61.632,65.267,79.952
111.18,61.707,66.898,78.32
120.3,70.903,62.003,71.793
114.14,70.829,66.898,73.425
109.47,67.492,71.793,81.583
109.32,68.827,75.057,84.847
112.36,70.532,73.425,79.952
110.8,71.793,75.057,84.847
110.8,74.983,75.057,79.952
109.25,76.318,76.688,83.215
110.73,73.128,76.688,88.11
126.23,75.353,62.003,71.793
132.46,73.722,55.477,75.057
139.95,72.312,53.845,73.425
143.88,82.325,65.267,81.583
150.26,85.292,55.477,81.583
154.93,79.284,50.582,83.215
161.31,81.138,40.792,75.057
164.58,88.407,34.265,78.32
164.43,88.11,37.528,84.847
162.8,84.847,40.792,91.373
161.24,81.732,42.423,94.637
156.64,80.322,45.687,93.005
152.19,77.356,45.687,93.005
150.78,80.174,44.055,96.268
147.81,81.954,44.055,89.742
140.32,86.256,45.687,93.005
132.61,90.558,52.213,96.268
128.16,98.197,52.213,91.373
126.83,102.87,48.95,86.478
125.34,107.47,48.95,83.215
122.38,108.95,48.95,83.215
119.48,110.58,47.318,79.952
119.33,109.02,50.582,81.583
117.78,93.895,52.213,88.11
116.15,85.069,55.477,86.478
115.92,83.141,60.372,96.268
119.04,84.847,57.108,91.373
120.3,84.55,62.003,97.9
123.49,90.483,57.108,97.9
121.71,90.335,63.635,101.16
119.78,84.031,73.425,109.32
119.56,80.619,78.32,119.11
121.19,79.062,75.057,120.74
125.56,73.128,76.688,120.74
123.93,67.195,79.952,120.74
121.93,57.998,91.373,127.27
151.52,72.387,60.372,104.43
150.04,72.09,60.375,110.95
155.9,79.581,62.003,109.32
152.86,85.588,63.635,107.69
154.49,88.703,60.372,104.43
151.52,87.072,60.372,107.69
151.52,94.785,60.372,101.16
148.48,90.261,62.003,102.8
149.97,87.368,62.003,101.16
149.82,89.853,65.267,95.453
151.37,81.287,63.635,104.43
148.19,85.811,68.53,102.8
146.78,88.778,66.898,102.8
148.33,93.376,65.267,99.532
145.22,93.376,68.53,99.532
140.62,93.45,71.793,97.9
139.06,94.859,73.425,99.532
137.65,94.785,71.793,101.16
134.76,91.818,70.162,101.16
127.27,87.368,71.793,101.16
127.34,85.959,70.162,99.532
127.34,84.476,70.162,99.532
128.75,90.483,71.793,97.9
128.61,94.933,75.057,97.9
128.53,96.194,76.688,102.8
131.65,100.57,73.425,104.43
131.5,103.54,76.688,104.43
128.23,106.65,83.215,101.16
122,97.678,89.742,102.8
120.37,88.703,93.005,104.43
116.89,79.507,104.43,110.95
116.66,73.425,109.32,114.22
116.52,62.597,112.59,124.01
116.52,65.563,112.59,124.01
115.33,67.047,106.06,124.01
116.81,70.162,106.06,120.74
118.22,71.719,107.69,119.11
119.78,70.088,106.06,122.38
122.89,68.678,102.8,120.74
122.97,68.827,101.16,117.48
121.48,67.269,101.16,119.11
121.56,67.418,99.532,115.85
122.97,66.008,101.16,114.22
124.45,66.008,101.16,114.22
120,70.458,101.16,114.22
115.55,71.942,101.16,114.22
115.7,72.016,97.9,112.59
114.29,74.983,96.268,112.59
108.36,76.317,96.268,115.85
100.79,74.908,99.532,114.22
99.161,70.458,102.8,114.22
99.087,67.492,104.43,114.22
99.013,67.492,106.06,114.22
100.57,67.566,104.43,112.59
102.2,67.566,101.16,112.59
100.64,69.123,102.8,110.95
98.938,70.607,107.69,110.95
100.5,74.983,106.06,112.59
97.233,74.834,112.59,115.85
98.864,73.351,109.32,115.85
139.21,70.31,70.162,117.48
139.21,67.195,70.162,120.74
142.25,64.154,68.53,122.38
145.22,61.039,68.53,125.64
149.52,58.072,71.793,125.64
150.93,57.998,73.425,127.27
153.97,59.482,71.793,127.27
155.45,60.965,71.793,127.27
158.57,60.817,68.53,130.53
158.49,62.3,70.162,130.53
159.9,60.817,71.793,130.53
158.35,60.817,73.425,130.53
156.86,59.482,73.425,127.27
155.31,58.147,75.057,124.01
156.79,53.622,75.057,125.64
158.42,52.213,71.793,124.01
155.45,50.804,71.793,122.38
152.63,50.804,68.53,122.38
148.11,50.878,70.162,120.74
141.96,52.287,75.057,122.38
140.55,53.845,73.425,120.74
137.65,55.402,71.793,119.11
137.95,57.034,65.267,115.85
130.24,53.993,71.793,117.48
128.83,52.722,70.162,112.6
125.71,48.282,73.425,112.59
125.71,45.316,73.425,112.59
127.2,43.832,73.425,112.59
124.08,43.832,76.688,112.59
125.71,43.684,73.425,115.85
127.12,45.093,75.057,117.48
127.12,51.027,75.057,117.48
130.16,55.477,73.425,117.48
131.5,56.886,76.688,119.11
131.28,53.697,81.583,124.01
134.17,52.139,83.215,125.64
135.58,50.656,84.847,125.64
132.46,44.648,88.11,127.27
132.31,40.05,91.373,130.53
130.68,35.452,94.637,133.8
132.09,33.82,96.268,137.06
132.24,35.526,93.005,132.17
130.68,37.009,94.637,132.16
129.2,38.344,94.637,135.43
130.76,42.942,93.005,132.16
130.83,47.392,91.373,132.17
130.83,50.507,91.373,128.9
132.24,51.917,93.005,130.53
130.76,50.582,93.005,127.27
130.68,46.057,94.637,128.9
132.24,43.165,93.005,127.27
130.68,38.641,94.637,128.9
129.2,37.306,94.637,125.64
127.64,35.822,96.268,125.64
124.45,35.822,101.16,125.64
125.86,38.937,102.8,122.38
128.6,41.904,107.69,122.38
129.94,43.387,110.95,122.38
129.94,46.502,110.95,119.11
128.38,49.469,112.59,119.11
126.97,52.584,110.95,115.85
122.38,54.067,114.22,115.85
119.48,53.993,112.59,117.48
114.96,52.51,114.22,117.48
113.47,51.175,114.22,114.22
112.14,49.692,110.95,114.22
107.47,48.134,115.85,115.85
104.5,49.766,115.85,112.59
104.57,49.84,114.22,110.95
104.57,49.766,114.22,112.59
106.13,49.766,112.59,112.59
109.1,49.928,112.59,110.86
113.4,47.022,115.85,107.69
117.92,43.981,114.22,109.32
116.37,39.531,115.85,109.32
117.85,33.523,115.85,110.95
125.34,35.081,114.22,109.32
131.5,39.531,109.32,109.32
133.2,43.981,104.43,109.32
139.28,43.907,101.16,110.95
142.1,45.316,104.43,112.59
143.51,43.832,106.06,112.59
145.14,45.39,102.8,110.95
146.41,46.873,107.69,110.95
146.55,51.393,104.43,109.33
149.82,54.29,97.9,110.95
149.89,57.182,96.268,112.59
151.52,58.592,93.005,114.22
153.23,60.001,88.11,115.85
151.75,59.927,88.11,117.48
147.22,59.778,89.742,120.74
142.7,55.106,91.373,125.64
138.25,54.957,91.373,128.9
133.72,54.957,93.005,128.9
126.08,54.883,97.9,130.53
120.15,51.694,97.9,135.43
118.67,50.656,97.9,125.64
114.07,50.582,101.16,127.27
109.4,48.95,106.06,130.53
110.88,50.359,106.06,132.17
110.66,53.252,110.95,133.8
112.07,57.924,112.59,128.9
116.44,59.333,114.22,130.53
120.89,60.297,114.22,109.32
125.27,61.855,115.85,107.69
129.64,61.929,117.48,106.06
135.58,62.077,117.48,102.8
140.1,62.077,115.85,102.8
144.62,60.594,114.22,102.8
149.3,59.111,109.32,102.8
152.26,60.742,109.32,99.532
152.26,63.783,109.32,97.9
149.3,65.192,109.32,99.532
150.85,68.308,107.69,96.268
148.04,71.348,104.43,94.637
148.11,70.829,102.8,106.06
149.82,72.535,97.9,101.16
150.04,70.903,93.005,104.43
149.97,70.903,94.637,104.43
154.64,69.42,89.742,104.43
159.09,70.978,89.742,102.8
157.38,69.494,94.637,102.8
157.38,69.42,94.637,104.43
158.86,70.829,94.637,106.06
160.27,72.238,96.268,107.69
161.98,73.722,91.373,107.69
161.98,73.648,91.373,109.32
160.35,72.016,94.637,112.59
155.82,69.049,96.268,112.59
152.78,66.082,97.9,112.59
151.45,61.484,94.637,115.85
150.04,58.592,93.005,114.22
150.19,54.067,89.742,115.85
148.63,51.249,91.373,112.59
147.07,49.692,93.005,114.22
148.7,49.617,89.742,115.85
148.7,54.067,89.742,115.85
147.15,61.41,91.373,117.48
148.7,67.418,89.742,115.85
150.11,68.827,91.373,117.48
153.15,68.901,89.742,115.85
156.12,64.302,89.742,119.11
159.16,59.838,88.11,119.13
160.57,53.845,89.742,120.74
163.54,54.037,89.742,115.88
161.98,52.584,91.373,115.85
163.61,46.428,88.11,120.74
160.57,44.797,89.742,124.01
154.34,47.837,96.268,122.38
152.78,52.287,97.9,122.38
152.86,55.254,96.268,122.38
152.86,56.812,96.268,120.74
146.85,56.737,97.9,122.38
140.99,53.697,96.268,124.01
136.61,52.287,94.637,122.38
132.16,47.837,94.637,122.38
126.16,45.093,96.268,117.48
118.81,39.012,94.637,120.74
111.25,35.971,97.9,122.38
111.4,36.193,94.637,117.48
111.4,34.487,94.637,122.38
106.8,38.937,97.9,122.38
106.73,44.871,99.532,122.38
105.32,49.321,97.9,122.38
102.05,52.213,104.43,124.01
108.21,50.582,99.532,127.27
112.58,52.584,101.16,115.85
116.96,52.732,102.8,112.59
124.45,49.692,101.16,114.22
133.5,49.247,97.9,124.01
133.57,48.653,96.268,104.43
130.53,48.727,97.9,102.8
129.12,50.285,96.268,101.16
122.97,50.211,101.16,102.8
115.25,48.579,107.69,106.06
109.4,48.505,106.06,107.69
100.42,45.39,107.69,110.95
94.637,42.423,104.43,110.95
91.892,41.014,99.532,109.32
85.959,31.817,99.532,115.85
76.837,25.958,104.43,114.22
75.65,19.877,97.9,117.48
72.535,16.687,101.16,122.38
71.052,16.687,101.16,122.38
69.568,20.989,101.16,125.64
66.379,29.889,106.06,125.64
61.484,35.897,115.85,124.01
60.075,37.306,114.22,125.64
55.773,38.833,110.95,124.67
48.282,38.863,112.59,124.01
40.792,35.897,114.22,124.01
36.342,34.487,114.22,122.38
36.342,31.521,114.22,122.38
37.899,27.071,112.59,122.38
39.457,28.628,110.95,120.74
44.055,30.186,107.69,119.11
48.505,33.152,107.69,119.11
51.546,36.119,106.06,119.11
53.103,40.643,104.43,117.48
59.037,43.684,104.43,115.85
63.412,46.799,106.06,112.59
66.231,51.323,109.32,110.95
72.164,46.428,109.32,120.74
76.466,37.306,112.59,125.64
80.916,26.774,112.59,128.9
91.225,19.209,114.22,132.17
98.493,14.759,117.48,132.16
107.47,14.907,115.85,128.9
110.29,16.168,119.11,133.8
114.88,15.872,115.85,140.32
116.29,20.544,117.48,135.43
117.7,20.618,119.11,133.8
119.11,21.953,120.74,137.06
117.48,20.529,124.01,135.76
116.29,17.577,117.48,135.43
117.78,12.979,117.48,138.69
116.29,11.422,117.48,140.32
116.37,8.5292,115.85,138.69
114.74,6.9717,119.11,140.32
115.03,9.9383,112.59,140.32
115.03,11.422,112.59,140.32
115.11,12.905,110.95,140.32
113.62,12.905,110.95,140.32
110.43,12.831,115.85,141.96
112.07,14.462,112.59,138.69
113.25,14.759,119.11,132.16
114.74,10.161,119.11,135.43
119.26,5.785,117.48,133.8
125.27,3.3375,115.85,122.38
126.68,3.3375,117.48,122.38
131.13,9.4933,117.48,117.48
132.76,18.542,114.22,114.22
129.72,24.475,115.85,114.22
131.28,28.925,114.22,114.22
132.91,31.966,110.95,112.59
130.01,29.073,109.32,110.95
125.34,21.582,114.22,112.59
131.35,37.454,112.59,89.742
137.43,34.562,109.32,88.11
142.18,37.602,102.8,86.478
144.25,40.643,89.742,84.847
142.77,45.093,89.742,84.847
138.54,49.692,84.847,81.583
134.32,52.732,79.952,79.952
128.31,52.807,81.583,78.32
119.3,51.397,84.025,76.688
105.69,45.538,89.742,75.057
101.24,41.088,89.742,75.057
101.31,35.155,88.11,75.057
107.47,33.672,83.215,75.057
107.24,36.638,88.11,75.057
105.69,38.122,89.742,75.057
107.24,39.605,88.11,75.057
99.383,42.572,97.9,75.057
99.458,42.646,96.268,73.425
99.606,41.088,93.005,75.057
98.123,40.94,93.005,78.32
95.23,36.416,91.373,79.952
99.606,36.564,93.005,76.688
105.69,35.229,89.742,73.425
110.21,32.188,88.11,75.057
117.63,33.227,88.11,84.847
121.93,36.119,91.373,86.478
123.04,34.562,99.532,88.11
127.42,31.595,101.16,88.11
130.31,30.037,102.8,89.742
130.16,28.702,106.06,86.478
130.09,25.587,107.69,89.742
130.01,26.922,109.32,93.005
128.53,22.398,109.32,94.637
128.46,22.547,110.95,91.373
126.9,22.621,112.59,89.742
122.38,22.695,114.22,88.11
119.26,25.736,117.48,86.478
120.82,34.858,115.85,81.583
124.01,38.641,110.95,96.268
119.56,41.633,110.95,97.796
111.99,44.574,114.22,96.268
143.44,41.162,75.057,106.06
137.43,36.638,76.688,107.69
135.8,33.672,79.952,107.69
141.73,27.664,79.952,109.32
143.29,26.107,78.32,110.95
146.33,27.59,76.688,110.95
146.41,32.114,75.057,109.32
147.96,35.229,73.425,106.06
150.79,39.976,72.019,99.532
152.56,41.459,70.162,99.532
154.04,42.942,70.162,99.532
155.53,45.835,70.162,101.16
160.13,42.572,66.898,107.69
163.09,39.827,66.898,102.8
163.17,38.344,65.267,102.8
169.25,39.976,62.003,99.532
172.29,44.5,60.372,97.9
169.25,47.318,62.003,101.16
167.77,51.546,62.003,106.06
163.24,54.587,63.635,104.43
161.83,56.218,62.003,101.16
158.87,56.218,62.003,101.16
158.94,54.809,60.372,99.532
154.42,51.842,62.003,99.532
148.55,50.433,60.426,97.9
140.92,47.467,65.267,97.9
139.51,46.057,63.635,96.268
133.43,41.682,66.898,94.637
130.38,32.856,68.53,93.005
127.34,31.383,70.162,92.781
125.79,35.822,71.793,93.005
125.86,37.232,70.162,94.637
127.42,40.272,68.53,93.005
124.45,44.797,68.53,91.373
124.53,48.382,66.898,93.833
124.6,47.467,65.267,97.9
120,47.541,68.53,96.268
121.41,47.579,70.162,94.675
122.75,45.761,73.425,102.8
124.01,47.096,78.32,106.06
122.15,45.464,86.478,109.32
120.22,45.464,96.268,109.32
115.48,45.538,102.8,107.69
110.73,47.699,109.32,108.53
106.13,49.988,112.59,107.69
135.72,50.137,81.583,104.43
140.17,47.244,81.583,102.8
137.13,47.244,83.215,102.8
134.09,49.028,84.847,96.177
126.6,47.763,86.478,91.373
120.67,46.577,86.478,84.847
120.59,48.208,88.11,81.583
117.63,54.364,88.11,76.688
114.66,55.996,88.11,73.425
111.4,59.037,94.637,71.793
105.17,56.144,101.16,70.162
106.43,57.627,106.06,70.162
106.28,57.627,109.32,70.162
163.91,68.53,48.95,58.74
166.88,70.18,48.95,55.084
173.03,70.162,44.055,55.477
170.14,70.236,42.423,53.845
163.98,70.236,47.318,53.845
162.5,70.162,47.318,55.477
161.09,66.824,45.687,63.635
156.57,66.75,47.318,65.267
155.23,65.118,44.055,68.53
153.67,65.118,45.687,68.53
147.67,65.192,47.318,66.898
143.22,63.635,47.318,68.53
140.18,64.495,48.95,69.183
137.28,65.267,47.318,65.267
132.54,63.635,53.845,68.53
124.82,62.077,60.372,70.162
121.71,62.152,63.635,68.53
118.52,68.456,68.53,60.372
116.74,67.121,75.057,57.108
116.74,65.638,75.057,57.108
116.66,64.08,76.688,58.74
118.07,64.006,78.32,60.372
118.07,63.635,78.32,68.53
118.15,63.561,76.688,70.162
115.18,61.929,76.688,73.425
116.74,61.781,75.057,76.688
118.3,58.74,73.425,78.32
122.89,57.182,70.162,79.952
132.09,55.699,63.635,79.952
133.57,52.584,63.635,83.215
133.43,54.142,66.898,81.583
136.62,52.584,62.003,83.215
136.32,49.543,68.53,84.847
136.1,47.986,73.425,86.478
131.5,44.871,76.688,89.742
129.87,43.313,79.952,91.373
126.68,44.722,84.847,93.005
120.52,44.648,89.742,94.637
119.11,47.541,88.11,96.268
114.66,44.5,88.11,97.9
117.78,42.868,84.847,101.16
118,39.753,79.952,104.43
122.6,38.27,76.688,104.43
125.05,32.188,88.11,107.69
126.45,26.032,89.742,112.59
131.2,25.958,83.215,114.22
135.8,27.367,79.952,115.85
137.28,29.749,79.952,113.35
141.73,30.26,79.952,117.48
143.14,28.777,81.583,117.48
141.58,22.769,83.215,119.11
143.07,18.319,83.215,119.11
145.96,15.352,84.847,119.11
150.41,13.795,84.847,120.74
148.78,15.13,88.11,124.01
147.38,24.178,86.255,120.74
145.74,26.997,89.742,124.01
133.35,31.447,101.16,124.01
125.64,32.93,107.69,124.01
117.92,31.298,114.22,127.27
108.65,28.257,122.38,128.9
106.95,26.7,127.27,130.53
100.57,23.807,137.06,128.9
100.5,17.874,138.69,128.9
107.32,20.915,86.478,127.27
97.826,22.398,99.532,127.27
97.678,20.841,102.8,128.9
106.8,26.997,97.9,124.01
111.32,31.521,96.268,122.38
118.96,31.372,91.373,125.64
124.97,35.822,89.742,125.64
127.86,38.789,91.373,125.64
126.08,35.748,97.9,127.27
130.68,28.183,94.637,130.53
130.61,22.102,96.268,133.8
129.05,20.47,97.9,137.06
130.53,17.207,97.9,143.59
133.57,21.657,96.268,143.59
138.25,23.14,91.373,143.59
138.32,23.14,89.742,143.59
136.91,20.173,88.11,143.59
135.43,15.723,88.11,143.59
132.46,11.273,88.11,143.59
130.98,11.644,88.11,135.43
125.05,7.2683,88.11,133.8
125.05,11.867,88.11,130.53
120.74,16.317,84.847,130.53
117.92,19.654,81.583,122.38
113.4,19.654,83.215,122.38
116.52,21.137,79.952,122.38
118,21.212,79.952,120.74
116.59,21.137,78.32,122.38
116.66,22.769,76.688,119.11
115.25,21.212,75.057,120.74
116.59,15.13,78.32,124.01
119.71,15.13,75.057,124.01
119.56,19.654,78.32,122.38
122.52,24.03,78.32,124.01
124.01,28.48,78.32,124.01
122.52,31.372,78.32,125.64
124.01,32.93,78.32,124.01
122.52,31.372,78.32,125.64
124.01,25.365,78.32,127.27
123.86,16.465,81.583,127.27
128.23,12.688,83.215,126.57
131.2,14.907,83.215,128.9
132.68,19.283,83.215,130.53
131.2,23.733,83.215,130.53
129.72,28.257,83.215,128.9
128.23,29.667,83.215,130.53
128.31,31.298,81.583,127.27
125.27,32.707,83.215,128.9
126.82,31.447,81.583,124.01
128.23,31.372,83.215,125.64
131.28,33.004,81.583,122.38
125.34,31.521,81.583,122.38
122.45,29.889,79.952,125.64
116.37,31.595,83.215,120.74
113.4,33.078,83.215,120.74
105.98,33.078,83.215,120.74
104.8,31.447,76.688,124.01
94.192,29.296,81.583,106.06
89.668,32.262,83.215,106.06
86.404,29.37,89.742,104.43
86.33,24.772,91.373,107.69
87.813,20.396,91.373,106.06
90.632,18.764,94.637,109.32
90.483,23.288,97.9,107.69
93.45,29.296,97.9,106.06
99.458,35.377,96.268,102.8
105.39,36.861,96.268,102.8
112.81,33.968,96.268,101.16
115.7,31.076,97.9,99.532
113.99,26.552,102.8,101.16
121.63,22.027,97.9,102.8
124.6,20.618,97.9,101.16
126.08,19.135,97.9,101.16
125.79,20.692,104.43,99.532
121.11,18.838,109.32,107.69
119.56,20.247,110.95,109.32
117.92,21.731,114.22,109.32
111.99,23.14,114.22,110.95
104.43,24.401,117.48,115.85
106.21,26.181,110.95,109.32
103.54,24.475,104.43,114.22
97.381,23.066,109.32,112.59
97.01,22.843,117.48,117.48
95.453,22.695,119.11,120.74
97.01,24.178,117.48,120.74
92.338,25.662,122.38,120.74
92.338,25.513,122.38,124.01
115.55,28.035,101.16,101.16
118.52,29.667,101.16,97.9
118.52,31.298,101.16,94.637
121.71,31.298,96.268,94.637
118.52,32.782,101.16,94.637
126.45,35.822,89.742,93.005
120.45,41.83,91.373,91.373
120.45,46.28,91.373,91.373
115.7,47.615,97.9,94.637
114.22,50.507,97.9,96.268
115.92,53.548,93.005,94.637
106.73,50.359,99.532,99.532
106.73,48.802,99.532,101.16
109.77,47.244,97.9,102.8
102.28,45.687,99.532,104.43
106.73,41.459,99.532,99.532
109.62,39.902,101.16,101.16
112.58,38.27,101.16,104.43
113.99,41.266,102.8,101.29
120.08,41.311,99.532,102.8
120,40.94,101.16,110.95
122.97,42.497,101.16,109.32
129.05,41.014,97.9,109.32
127.49,36.564,99.532,109.32
127.57,35.081,97.9,109.32
123.04,32.04,99.532,110.95
117.03,29.073,101.16,110.95
112.58,30.557,101.16,110.95
109.77,33.559,97.9,110.17
103.76,36.416,99.532,112.59
97.752,37.973,101.16,110.95
93.228,39.457,102.8,110.95
84.105,40.977,107.69,110.15
81.212,41.014,106.06,109.32
79.655,41.014,107.69,109.32
79.877,39.531,102.8,109.32
78.32,33.449,104.43,112.59
79.729,31.966,106.06,112.59
82.77,33.523,104.43,110.95
84.253,37.899,104.43,112.59
87.368,44.055,101.16,107.69
93.302,50.062,101.16,106.06
97.752,56.07,101.16,104.43
103.76,55.996,99.532,106.06
108.28,56.144,97.9,102.8
112.66,54.833,99.532,101.06
123.19,53.252,96.268,101.16
126.16,54.735,96.268,101.16
127.57,57.441,97.9,101.44
130.61,62.077,96.268,102.8
125.86,63.412,102.8,106.06
121.19,64.97,107.69,104.43
115.22,61.929,108.52,106.06
104.57,57.331,114.22,109.32
98.345,57.479,120.74,106.06
153.01,57.479,60.372,106.06
150.11,55.922,58.74,107.69
148.63,54.438,58.74,107.69
147,52.955,62.003,107.69
145.52,49.84,62.003,110.95
142.47,51.323,63.635,110.95
137.95,54.364,65.267,109.32
136.54,54.364,63.635,109.32
134.98,52.955,65.267,107.69
133.43,51.472,66.898,107.69
133.43,51.472,66.898,107.69
134.98,46.947,65.267,109.32
136.47,43.832,65.267,112.59
139.43,43.907,65.267,110.95
142.4,43.832,65.267,112.59
146.85,45.316,65.267,112.59
151.23,46.725,66.898,114.22
154.04,51.3,70.162,111.47
156.94,54.364,71.793,109.32
159.9,58.814,71.793,109.32
161.39,58.814,71.793,109.32
164.35,55.773,71.793,110.95
161.31,54.364,73.425,109.32
161.24,52.955,75.057,107.69
162.8,51.472,73.425,107.69
159.68,49.914,76.688,109.32
159.68,46.873,76.688,110.95
158.12,40.866,78.32,112.59
159.53,37.973,79.952,110.95
164.06,39.457,78.32,110.95
164.06,42.423,78.32,110.95
165.47,43.832,79.952,112.59
168.51,45.39,78.32,110.95
171.79,46.947,71.776,109.32
170.36,43.832,70.162,112.59
168.95,34.487,68.53,122.38
165.91,25.142,70.162,132.17
164.58,26.7,66.898,130.53
158.35,23.585,73.425,133.8
155.38,25.142,73.425,132.17
155.38,24.92,73.425,137.06
152.26,24.92,76.688,137.06
155.53,28.109,70.162,132.17
149.37,26.329,75.057,138.69
152.63,62.3,68.53,97.9
152.71,57.553,66.898,104.43
153.01,54.438,60.372,107.69
156.27,51.111,55.399,115.84
153.15,44.945,57.108,120.74
157.38,41.83,62.003,124.01
160.2,43.387,65.267,122.38
166.28,46.28,62.003,124.01
170.66,46.057,63.635,128.9
170.58,49.098,65.267,127.27
176.67,49.098,62.003,127.27
174.23,49.172,66.111,125.64
173.48,50.73,66.898,124.01
170.51,49.172,66.898,125.64
167.47,44.574,68.53,128.9
162.8,41.459,73.425,132.17
161.39,43.017,71.793,130.53
158.42,44.5,71.793,130.53
158.42,45.835,71.793,133.8
157.01,50.359,70.162,132.17
157.09,51.842,68.53,132.17
152.71,48.802,66.898,133.8
146.78,47.318,66.898,133.8
143.73,44.277,68.53,135.43
140.84,41.237,66.898,137.06
137.8,42.868,68.53,133.8
136.39,39.827,66.898,135.43
133.43,41.385,66.898,133.8
133.5,41.385,65.267,133.8
133.5,45.909,65.267,132.16
134.91,45.835,66.898,133.8
139.36,45.835,66.898,133.8
142.33,46.651,66.898,115.85
148.33,46.651,65.267,115.85
152.78,46.651,65.267,115.85
157.16,45.242,66.898,114.22
160.2,43.758,65.267,114.22
164.72,42.275,63.635,114.22
166.21,43.832,63.635,112.59
167.84,46.799,60.372,112.59
167.84,51.323,60.372,110.95
167.91,55.847,58.74,109.32
164.87,58.814,60.372,109.32
163.46,61.855,58.74,107.69
161.98,61.781,58.74,109.32
159.09,61.855,57.108,107.69
154.56,57.331,58.74,109.32
153.01,53.029,60.372,106.06
148.63,51.397,58.74,109.32
147.15,51.397,58.74,109.32
141.21,55.996,58.74,106.06
138.17,55.847,60.372,109.32
135.13,55.922,62.003,107.69
133.57,54.364,63.635,109.32
125.86,54.364,70.162,109.32
127.42,54.364,68.53,109.32
127.49,51.249,66.898,112.59
124.45,48.134,68.53,115.85
124.53,49.692,66.898,114.22
121.56,49.692,66.898,114.22
115.55,48.208,68.53,114.22
