NaN,NaN,NaN,-1
61.717,85.867,80.5,233.45
67.083,83.183,75.133,238.82
69.767,88.55,75.133,236.13
75.133,85.867,72.45,238.82
77.817,83.183,75.133,236.13
80.5,83.183,75.133,236.13
83.183,84.518,75.133,232.12
85.867,83.183,75.133,233.45
88.55,85.867,75.133,228.08
91.233,88.55,80.5,230.77
93.917,85.867,83.183,236.13
91.233,83.183,88.55,246.87
93.917,83.183,88.55,233.45
88.55,85.867,96.6,179.78
91.233,88.55,96.6,177.1
88.55,88.55,99.283,177.1
88.55,88.55,99.283,174.53
91.233,88.55,99.283,174.42
96.6,120.75,101.97,144.9
96.6,120.75,104.65,142.22
99.283,120.75,101.6,142.22
104.65,123.43,99.283,139.53
107.33,120.75,99.283,142.22
110.02,120.75,96.6,142.22
112.7,120.75,93.917,142.22
115.38,120.75,96.6,142.22
118.07,123.43,93.917,139.53
118.07,120.75,99.283,142.22
120.75,123.43,99.283,139.53
120.75,123.43,107.33,139.53
123.43,123.43,107.33,136.85
126.12,123.43,107.33,136.85
131.48,123.43,104.65,136.85
134.17,123.43,101.97,136.85
128.8,123.43,112.7,136.85
142.22,123.43,101.97,136.85
144.9,123.43,101.97,136.85
147.58,123.43,99.283,136.85
150.27,123.43,101.97,134.17
150.27,112.7,107.33,144.9
152.95,123.43,104.65,134.17
150.27,126.12,107.33,131.48
128.8,123.43,126.12,134.17
169.05,123.43,91.233,134.17
171.73,123.43,88.55,134.17
169.05,123.43,93.917,131.48
171.73,123.43,91.233,131.48
171.73,120.75,93.917,134.17
174.42,123.43,93.917,131.48
177.1,123.43,91.233,131.48
182.36,123.43,88.653,128.8
185.15,126.12,88.55,128.8
187.83,123.43,85.867,131.48
190.52,123.43,85.867,128.8
190.52,120.75,88.55,131.48
193.2,123.43,91.233,128.8
195.88,123.43,91.233,128.8
195.88,123.43,93.917,128.8
201.25,123.43,93.917,126.12
203.93,123.43,93.917,126.12
203.93,126.12,96.6,123.43
203.93,126.12,101.97,126.12
203.93,123.43,96.6,126.12
209.3,123.43,85.867,126.12
209.3,126.12,85.867,120.75
198.57,126.12,99.283,120.75
201.25,123.43,96.6,122.12
201.25,123.43,96.6,120.75
203.93,120.75,96.6,126.12
203.93,123.43,96.6,123.43
203.93,123.43,96.6,123.43
203.93,123.43,99.283,123.43
206.62,123.43,96.6,126.12
209.3,120.75,96.6,126.12
211.98,118.07,96.6,126.12
217.35,123.97,93.917,118.7
214.67,118.07,93.917,118.07
214.67,123.43,91.233,115.38
217.35,128.8,93.917,110.02
217.35,120.75,101.97,118.07
220.03,120.75,99.283,118.07
220.03,123.43,99.283,115.38
231.86,120.75,95.508,120.75
230.77,118.07,96.6,120.75
230.77,120.75,99.283,118.07
233.45,120.75,96.6,118.07
233.45,118.07,99.283,120.75
230.77,118.07,104.65,123.43
233.45,118.07,104.65,120.75
233.45,118.07,110.02,120.75
233.45,115.38,91.233,126.12
233.45,118.07,93.917,120.75
236.13,120.75,91.233,118.07
238.82,123.43,93.917,115.38
238.82,126.12,99.283,112.7
241.5,126.12,96.6,112.7
241.5,123.43,96.6,115.38
241.5,123.43,99.283,112.7
244.18,120.75,96.6,115.38
246.87,120.75,93.917,115.38
249.55,120.75,93.917,115.38
249.55,123.43,91.233,112.7
249.55,120.75,93.917,115.38
249.55,123.43,93.917,110.02
252.23,126.12,104.65,110.02
252.23,128.8,107.33,107.33
254.92,123.43,101.97,112.7
254.92,123.43,107.33,110.02
257.6,120.75,99.283,118.07
257.6,120.75,101.97,112.7
257.6,123.43,93.917,110.02
260.28,118.07,99.283,115.38
260.28,118.07,96.6,115.38
260.28,110.02,99.283,123.43
265.65,110.02,101.97,118.07
262.97,107.33,104.65,120.75
260.28,101.97,107.33,126.12
265.65,99.326,101.97,131.44
265.65,99.283,99.283,131.48
262.97,101.97,101.97,128.8
262.97,99.283,104.65,128.8
268.33,99.283,99.283,128.8
265.65,99.283,99.283,128.8
268.33,96.6,93.917,130.19
268.33,93.917,96.6,134.17
268.33,91.233,93.917,134.17
268.33,91.233,93.917,134.17
271.02,93.917,93.917,131.48
271.02,91.233,93.917,134.17
271.02,88.55,104.65,136.85
271.02,88.55,104.65,134.17
271.02,88.55,101.97,134.17
271.02,93.917,101.97,126.12
271.02,88.55,99.283,134.17
273.7,91.233,96.6,128.8
273.7,88.55,87.288,128.8
276.38,118.07,85.867,96.6
273.7,118.07,88.55,96.6
276.38,118.07,85.867,96.6
276.38,118.07,85.867,96.6
276.38,120.75,93.917,99.283
279.07,118.07,91.233,101.97
281.75,120.75,85.867,99.283
279.07,115.38,88.55,99.283
279.07,117.9,86.029,99.446
281.75,118.07,83.183,99.283
284.43,120.75,80.5,96.6
289.86,120.75,77.756,96.6
289.8,120.75,73.138,91.233
292.48,104.65,72.45,110.02
289.8,104.65,77.817,107.33
289.8,107.33,76.464,110.02
289.8,110.02,75.133,107.33
292.48,107.33,72.45,112.7
295.17,118.07,69.767,96.6
289.8,120.75,67.083,96.6
289.8,120.75,67.083,93.917
289.8,107.33,72.45,104.65
295.17,107.33,69.767,107.33
297.85,104.65,69.767,110.02
297.85,104.65,72.45,110.02
300.53,101.97,64.4,112.7
300.53,93.917,59.033,118.07
295.17,88.55,72.45,120.75
297.85,85.867,67.083,126.12
295.17,118.07,67.083,91.233
303.22,110.02,59.033,101.97
303.22,110.02,61.717,101.97
300.53,104.65,64.4,107.33
297.85,104.65,69.767,107.33
295.17,110.02,69.767,99.283
292.48,88.55,75.133,120.75
289.8,88.55,79.097,120.75
289.8,123.43,75.133,85.867
292.48,123.43,73.904,85.867
289.8,123.43,80.5,85.867
289.8,126.12,83.183,80.5
289.8,123.43,77.817,83.183
289.8,120.75,80.5,85.867
295.17,123.43,72.45,80.5
295.17,123.43,77.817,83.183
295.17,120.75,75.133,83.183
295.17,118.07,75.133,88.55
297.85,118.07,72.45,88.55
300.53,118.07,72.45,88.55
297.85,115.38,75.133,88.55
300.53,112.7,72.45,91.233
295.77,96.845,75.906,109.93
293.15,96.845,81.141,107.32
295.77,96.845,75.906,107.32
301.01,112.55,73.288,91.61
308.86,115.17,62.819,88.993
306.24,115.17,70.671,88.993
306.24,117.78,70.671,86.376
306.24,120.4,73.288,81.141
308.86,128.25,68.053,73.288
308.86,128.25,70.671,73.288
308.86,117.78,73.288,83.758
311.48,112.55,68.053,91.61
311.48,104.7,68.053,96.845
314.09,104.7,70.671,102.08
311.48,123.02,70.671,83.758
311.48,123.02,70.671,83.758
311.48,125.64,70.671,78.523
311.48,130.87,70.671,75.906
319.26,129.6,68.123,77.18
316.71,123.02,62.906,83.758
316.71,123.02,62.819,83.758
314.09,125.64,65.436,78.523
308.86,128.25,73.288,75.906
308.86,128.25,73.288,70.671
311.48,133.49,70.671,65.436
314.09,130.87,68.053,70.671
319.33,132.12,62.819,66.804
324.56,130.87,57.584,70.671
324.56,130.87,60.201,67.787
319.33,125.64,62.819,73.288
319.33,125.64,62.819,73.288
321.95,123.02,62.819,75.906
320.52,129.45,64.244,69.479
319.33,133.49,65.436,65.436
324.56,128.25,60.201,70.671
314.09,128.25,68.053,68.053
314.09,128.25,70.671,68.053
314.09,133.49,70.671,62.819
314.09,136.11,70.671,60.201
311.48,125.64,73.288,70.671
306.24,125.64,78.523,70.671
306.24,125.64,78.523,70.671
308.86,125.64,75.906,70.671
332.41,128.25,52.349,65.436
332.41,128.25,52.349,68.053
329.8,128.25,54.966,68.053
332.41,130.9,52.349,62.793
332.41,130.87,52.349,62.819
332.41,130.87,49.731,62.819
332.41,130.87,47.114,62.819
332.41,130.87,47.114,62.819
331.58,131.62,53.154,60.748
331.58,131.62,53.154,60.748
334.11,131.62,50.623,63.279
331.58,131.62,53.154,63.279
331.58,131.62,53.154,63.279
331.58,129.09,53.154,63.279
331.58,129.09,53.154,63.279
334.11,130.32,50.623,62.049
334.11,129.09,50.623,63.279
334.11,129.09,50.623,60.748
331.58,129.09,50.623,60.748
331.58,129.09,48.092,63.279
334.11,129.09,45.561,60.748
334.11,132.9,45.561,59.463
334.11,134.15,45.561,58.216
339.17,134.15,37.967,58.216
341.71,134.15,37.967,58.216
341.71,134.15,37.967,58.216
341.71,134.15,37.967,55.685
341.71,134.15,37.967,55.685
341.71,131.62,40.498,53.154
341.71,134.15,40.498,50.623
341.71,131.62,40.498,53.154
341.71,131.62,40.498,53.154
341.71,134.15,37.967,55.685
341.71,134.15,35.436,55.685
341.71,136.68,40.498,55.685
344.24,139.21,37.967,53.154
341.71,134.15,43.03,55.869
341.71,134.15,40.498,58.216
341.71,136.68,40.498,53.154
341.71,131.62,40.498,58.216
341.71,131.62,40.498,55.685
341.71,134.15,43.03,50.623
344.24,134.15,40.498,48.092
344.24,131.62,40.498,50.623
344.24,136.68,40.498,45.561
341.71,134.15,43.03,50.623
344.24,134.15,37.967,48.092
344.24,134.15,37.967,48.092
344.24,131.62,40.498,50.623
344.24,131.62,40.498,50.623
344.24,134.15,37.967,48.092
344.24,134.15,40.498,48.092
344.24,134.15,40.498,45.561
344.24,134.15,40.498,43.03
344.24,134.15,40.498,43.03
344.24,134.15,40.498,43.03
344.24,134.15,37.967,43.03
344.24,134.15,37.967,43.03
344.24,131.62,37.967,45.561
345.71,133.52,35.763,42.916
345.71,133.52,35.763,42.916
345.71,133.52,35.763,42.916
345.71,131.13,38.147,45.3
345.71,135.9,38.147,42.916
345.71,135.9,38.147,42.916
345.71,135.9,38.147,40.532
345.71,135.9,38.147,40.532
345.71,135.9,38.147,40.532
345.71,135.9,38.147,42.916
345.71,138.28,38.147,40.532
345.71,138.28,38.147,40.532
345.71,138.28,38.147,40.532
345.71,135.9,38.147,42.916
345.71,135.9,38.147,42.916
345.71,135.9,38.147,42.916
345.71,135.9,38.147,42.916
345.71,135.9,38.147,42.916
345.71,135.9,38.147,42.916
345.71,133.52,35.748,42.931
345.71,133.52,35.763,40.532
345.71,133.52,35.763,40.532
345.71,135.9,35.763,42.916
345.71,135.9,33.379,42.916
348.1,135.9,30.995,38.147
348.1,135.9,30.995,38.147
345.71,133.52,33.379,40.532
343.33,131.13,35.763,42.916
343.33,133.52,35.763,40.532
343.33,133.52,35.763,40.532
345.71,133.52,33.379,38.147
345.71,133.52,33.379,40.532
345.71,133.52,33.379,38.147
345.71,131.13,33.379,42.916
345.71,133.52,33.379,40.532
345.71,133.52,33.379,38.147
345.71,133.52,30.664,45.3
345.71,133.52,30.995,45.3
345.71,135.9,30.995,42.916
345.71,135.9,28.611,42.916
345.71,133.52,28.611,42.916
345.71,133.52,28.611,42.916
345.71,135.9,30.995,42.916
348.1,135.9,28.611,42.916
348.1,135.9,26.226,41.661
348.1,135.9,26.226,40.532
348.1,135.9,26.226,40.532
348.1,138.28,26.226,38.147
348.1,135.9,26.226,40.532
348.1,135.9,26.226,40.532
345.71,133.52,28.611,42.916
347.71,135.1,26.576,39.864
347.71,135.1,26.576,39.864
347.71,135.1,26.576,39.864
347.71,132.88,26.576,42.079
347.71,132.88,28.791,44.294
349.92,135.1,26.576,42.079
349.92,135.1,26.576,42.079
349.92,137.31,24.362,37.598
349.92,137.31,24.362,37.65
347.71,137.31,26.576,37.65
