NaN,NaN,NaN,-1
53.667,61.717,83.183,203.93
50.983,67.083,88.55,198.57
50.983,67.083,93.917,198.57
53.667,69.767,93.917,193.2
61.717,61.717,91.233,203.93
75.133,61.717,80.5,201.25
80.5,59.033,77.817,203.93
85.867,56.35,80.5,209.3
88.55,56.35,83.183,206.62
91.233,53.667,80.5,211.98
93.917,53.667,72.45,211.98
96.6,56.35,72.45,206.62
99.283,59.033,77.817,203.93
93.917,59.033,85.867,201.25
91.233,64.4,91.233,195.88
91.233,64.4,93.917,198.57
88.55,64.4,99.283,198.57
91.233,64.4,99.283,198.57
93.917,64.4,99.283,198.57
96.6,72.45,99.283,190.52
99.283,75.133,99.283,187.83
101.97,75.133,99.283,187.83
126.12,75.133,72.45,187.83
128.8,75.133,72.45,187.83
134.17,75.133,72.45,182.47
134.17,77.817,77.817,179.78
136.85,80.5,75.133,182.47
139.53,83.183,77.817,179.78
139.53,88.55,80.5,174.42
142.22,85.867,80.5,177.1
147.58,80.5,75.133,179.78
147.58,85.867,80.5,174.42
147.58,85.867,85.867,174.42
150.27,85.867,83.183,174.42
144.9,88.55,93.917,171.73
144.9,77.817,99.283,179.78
142.22,75.133,101.97,182.47
142.22,77.817,107.33,179.78
139.53,77.817,110.02,179.78
136.85,77.817,115.38,179.78
166.37,91.233,91.233,166.37
163.68,91.233,88.55,166.37
174.42,93.917,77.817,163.68
174.42,93.917,75.133,161
174.42,93.917,80.5,161
174.42,93.917,80.5,161
179.78,93.917,72.45,161
182.47,96.6,69.767,158.32
185.15,93.917,69.767,161
187.83,93.917,69.767,158.32
185.15,91.233,72.45,163.68
185.15,91.233,77.817,163.68
177.1,88.55,88.55,163.68
182.47,88.55,85.867,163.68
179.78,91.233,93.917,161
185.15,88.55,104.65,163.68
187.83,91.233,107.33,158.32
177.1,91.233,118.07,158.32
179.78,88.55,107.33,163.68
193.2,91.233,91.233,158.32
193.2,85.867,85.867,163.68
195.88,85.867,85.867,163.68
198.57,85.867,88.55,163.68
198.57,88.55,93.917,161
195.88,88.55,96.6,161
195.88,91.233,96.6,158.32
201.25,88.55,99.283,161
201.25,91.233,99.283,155.63
206.62,101.24,93.917,145.62
211.98,101.97,91.233,144.9
209.3,104.65,93.917,142.22
214.67,107.33,85.867,139.53
209.3,104.65,96.6,142.22
209.3,110.02,110.02,136.85
211.98,110.02,110.02,134.17
214.67,107.33,107.33,136.85
217.35,107.33,104.65,136.85
220.03,112.7,96.6,131.48
222.72,112.7,91.233,131.48
220.03,112.7,93.917,131.48
220.03,126.12,91.233,118.07
220.03,131.48,91.233,112.7
220.03,123.43,91.233,118.07
220.03,123.43,93.917,118.07
206.62,123.43,107.33,118.07
206.62,123.43,110.02,118.07
203.93,120.75,108.49,123.43
203.93,120.75,112.7,120.75
228.08,120.75,91.233,118.07
230.77,115.38,88.55,126.12
217.35,120.75,101.97,120.75
206.62,115.38,115.38,126.12
214.67,110.02,110.02,131.48
236.13,101.97,85.867,136.85
241.5,107.33,80.5,131.48
241.5,107.33,85.867,131.48
244.18,112.7,85.867,126.12
244.18,110.02,85.867,128.8
249.55,112.7,80.5,126.12
249.55,112.7,80.5,126.12
252.23,115.38,77.817,120.75
252.23,115.38,83.183,120.75
254.92,115.38,75.133,120.75
257.6,115.38,72.45,123.43
257.6,115.38,72.45,120.75
260.28,118.07,69.767,118.07
262.97,112.7,69.767,123.43
260.28,110.02,72.824,126.12
254.92,104.65,80.5,131.48
254.92,107.33,83.183,128.8
257.6,101.97,80.5,134.17
257.6,99.283,83.183,134.17
257.6,99.283,83.183,134.17
260.28,101.97,80.5,131.48
260.28,101.97,80.5,131.48
265.6,99.283,72.502,134.17
262.97,101.97,75.133,128.8
262.97,107.33,75.133,126.12
262.97,104.65,75.133,126.12
262.97,96.6,75.133,134.17
257.6,96.6,77.817,134.17
257.6,96.6,77.817,131.48
254.92,96.6,80.5,134.17
257.6,93.917,80.5,136.85
260.28,85.867,77.817,142.22
271.02,88.55,67.083,139.53
271.02,85.867,67.083,142.22
271.02,77.817,67.083,147.58
271.02,75.133,69.767,150.27
273.7,77.817,67.083,147.58
271.02,77.817,69.767,144.9
271.02,77.817,69.767,144.9
273.7,77.817,77.817,142.22
273.7,69.767,83.183,152.95
276.38,72.45,80.5,150.27
276.38,77.817,83.183,142.22
276.38,72.45,83.183,147.58
276.38,67.083,77.817,152.95
276.38,64.4,77.817,155.63
281.75,67.083,72.45,152.95
282.98,45.617,73.907,174.42
281.75,42.933,75.133,177.1
284.43,42.933,72.45,175.71
284.43,48.3,83.183,166.37
287.12,50.983,80.5,166.37
287.12,50.983,75.133,166.37
292.48,48.3,69.767,166.37
289.8,45.617,69.767,171.73
287.12,48.3,72.45,166.37
295.17,48.3,67.083,169.05
292.48,53.663,69.767,163.69
292.48,53.667,72.45,163.68
292.48,56.35,73.618,155.63
292.48,56.35,72.45,155.63
295.17,56.35,69.767,152.95
300.53,59.033,56.35,150.27
300.53,59.033,67.083,150.27
303.22,59.033,69.767,150.27
303.22,60.384,72.45,148.92
300.53,59.033,77.817,150.27
297.85,64.4,77.817,144.9
297.85,61.717,72.45,144.9
297.85,61.717,69.767,144.9
289.49,61.717,80.814,144.9
300.53,61.717,72.45,144.9
300.53,61.717,80.5,144.9
300.53,61.717,85.867,144.9
300.53,61.717,77.817,144.9
297.85,61.717,69.767,142.22
297.85,61.717,67.083,142.22
300.53,61.717,64.4,139.53
297.85,61.717,67.083,142.22
284.43,64.4,83.183,136.85
284.43,61.717,83.183,139.53
284.43,61.717,83.183,139.53
271.02,61.717,96.6,139.53
262.97,59.033,107.33,142.22
273.7,61.717,96.6,136.85
276.38,61.717,93.917,136.85
276.38,64.4,93.917,134.17
276.38,61.717,96.6,136.85
279.07,64.4,93.917,134.17
279.07,64.4,93.917,134.17
279.07,64.4,93.917,134.17
279.07,64.4,96.6,134.17
279.07,64.4,96.6,134.17
279.07,64.4,96.6,134.17
279.07,64.4,96.6,129.15
281.75,64.4,93.917,131.48
281.75,64.4,96.6,131.48
281.75,64.4,96.6,131.48
281.75,64.4,96.6,134.17
281.75,67.083,91.233,128.8
284.43,61.717,96.6,136.85
284.43,61.717,96.6,136.85
284.43,61.717,96.6,136.85
284.43,61.717,96.6,136.85
284.43,67.083,96.6,128.8
284.43,64.4,96.6,134.17
284.43,64.4,96.6,131.48
284.43,67.083,96.6,128.8
284.43,67.083,93.917,128.8
284.43,67.083,93.917,131.48
284.43,67.083,88.55,128.8
284.43,67.083,91.233,131.28
284.43,67.083,91.233,131.48
281.75,69.767,88.55,128.8
305.9,72.45,75.133,125.9
308.58,72.45,72.45,126.12
308.58,72.45,69.767,126.12
308.58,126.12,72.45,72.45
308.58,126.12,64.4,72.45
308.58,126.12,75.133,72.45
308.58,126.12,75.133,72.45
311.27,123.43,72.45,72.45
308.58,126.12,75.133,69.767
311.27,126.12,72.45,67.324
311.27,126.12,72.45,69.767
308.58,128.74,75.133,67.146
308.65,128.17,75.856,62.777
337.43,128.17,47.083,60.161
329.58,125.55,54.93,65.393
329.58,133.4,54.93,54.93
332.2,138.63,52.314,49.699
332.2,138.63,49.699,49.699
329.58,138.63,52.314,49.699
332.2,125.55,49.699,62.777
329.58,122.94,49.699,68.009
332.2,122.94,49.699,70.624
334.81,122.94,44.467,68.009
332.2,128.17,47.083,57.546
332.2,125.55,49.699,65.393
332.2,125.55,49.699,65.393
332.2,125.55,49.699,65.393
332.2,125.55,49.699,62.777
332.2,125.55,49.699,62.777
332.2,125.55,49.699,62.777
332.2,128.17,49.699,60.161
332.2,125.55,44.467,62.777
332.2,130.53,44.467,57.797
332.2,130.79,44.467,60.161
332.2,130.79,44.467,57.546
332.2,133.4,44.467,54.93
332.2,130.79,49.699,60.161
332.2,133.4,49.699,54.93
334.81,133.4,47.083,54.93
334.81,133.4,47.083,54.93
334.81,136.02,44.467,52.314
334.81,138.43,47.083,49.903
334.81,141.25,41.851,47.083
334.81,141.25,44.467,47.083
334.81,141.25,41.851,47.083
334.81,128.17,41.851,60.161
334.81,128.17,44.467,60.161
334.81,130.79,44.467,57.546
334.81,130.79,44.467,57.546
334.81,130.79,44.467,57.546
334.81,128.17,41.851,57.546
342.66,128.17,36.62,60.161
342.66,128.17,36.62,62.777
342.55,128.17,36.724,60.161
342.66,130.79,36.62,60.161
342.66,130.79,34.004,60.161
342.66,130.79,36.62,60.161
342.66,138.63,36.62,52.314
345.27,138.63,34.004,49.699
342.66,138.63,39.236,52.314
342.66,143.86,39.236,47.083
342.66,143.86,39.236,44.467
342.66,143.86,39.236,44.467
343.89,128.65,37.11,54.428
343.89,128.65,34.636,61.85
341.41,128.65,37.11,61.85
341.41,128.65,37.11,61.85
341.41,128.65,39.584,61.85
341.41,128.65,39.584,61.85
341.41,128.65,39.584,61.85
343.89,128.65,37.11,61.85
343.89,128.65,37.11,59.376
343.89,128.65,37.11,61.85
343.89,128.65,34.636,59.376
343.89,128.65,34.636,56.902
343.89,133.6,37.11,54.428
343.89,131.12,37.11,56.902
343.89,133.6,37.11,51.954
346.36,133.6,34.636,49.48
346.36,133.6,34.636,54.428
346.36,131.12,34.636,56.902
346.36,128.65,34.636,59.376
346.36,131.12,34.636,56.902
346.36,131.12,32.162,56.902
346.36,131.12,34.636,54.428
346.36,131.12,34.636,54.428
346.36,131.12,34.636,54.428
346.36,131.12,34.636,51.954
346.36,131.12,34.636,51.954
346.36,131.12,34.636,54.428
346.36,128.65,34.636,56.902
346.36,128.65,34.636,56.902
346.36,131.12,32.162,54.428
346.36,131.12,32.162,54.428
346.36,131.12,32.162,51.954
347.62,131.12,30.904,47.048
348.83,131.12,29.688,47.006
348.83,131.12,29.688,47.006
348.83,131.12,29.688,47.006
351.31,131.12,27.214,47.006
353.78,131.12,24.74,44.532
353.78,131.12,24.74,42.058
353.78,131.12,24.74,44.532
353.78,131.12,24.74,47.006
351.31,133.6,27.214,44.532
348.83,136.07,27.214,42.058
353.78,131.12,24.74,49.48
351.31,136.24,22.292,39.467
351.31,136.07,22.266,42.058
351.31,136.07,22.266,42.058
355.21,138.17,18.369,37.481
356.26,140.77,17.318,34.887
356.26,141.02,17.318,34.636
356.26,141.02,19.792,39.584
356.28,139.31,18.271,41.109
356.28,139.31,18.271,36.248
356.28,141.6,18.271,34.258
356.28,141.6,18.271,34.258
356.28,141.6,18.271,34.258
356.28,143.88,18.271,34.258
356.28,139.31,20.555,38.825
356.28,139.31,18.271,38.825
356.28,143.88,18.271,31.907
356.28,143.88,18.271,31.974
356.28,146.17,18.271,29.69
356.28,143.88,18.271,31.974
356.28,141.6,18.271,34.258
356.28,143.88,18.271,31.974
356.28,141.6,18.271,34.258
356.28,141.6,18.271,34.258
356.28,141.6,18.271,34.258
356.28,139.31,18.271,36.541
356.28,139.31,18.271,36.541
356.28,139.31,20.555,41.109
356.28,141.6,20.183,35.214
356.28,141.6,20.555,34.258
356.28,143.88,20.555,31.974
356.28,146.17,20.555,29.69
356.28,143.88,20.555,31.974
356.28,141.6,20.555,34.258
356.28,141.6,20.555,34.258
356.28,141.6,20.555,34.258
356.28,141.6,18.271,34.258
