NaN,NaN,NaN,-1
165.94,84.171,45.155,49.135
165.42,83.834,45.08,48.987
164.73,82.813,46.28,50.093
164.64,82.37,46.431,50.524
164.04,82.113,46.774,50.779
163.66,81.872,46.719,50.898
163.56,82.088,46.579,50.645
162.68,81.796,46.723,50.571
162.2,81.035,46.994,50.849
161.27,80.673,46.849,50.795
161.71,82.448,46.453,50.32
160.42,83.223,45.729,49.535
151.12,86.318,45.835,49.224
149.3,75.192,45.764,48.649
145.02,73.496,46.395,49.33
142.21,71.015,46.462,50.129
139.76,68.107,46.786,50.497
137.89,67.938,46.727,50.082
136.57,67.662,46.134,49.443
131.1,66.36,46.42,49.101
128.85,66.292,45.748,48.198
127.24,64.624,45.75,48.211
127.39,63.465,45.446,47.55
121.55,65.148,45.363,47.42
114.36,63.977,44.694,46.485
112.97,65.68,45.095,46.335
111.79,70.663,44.456,45.28
111.83,69.62,43.964,44.746
112.43,71.556,43.487,43.719
114.9,86.003,43.218,43.533
114.13,90.086,42.825,42.988
113.81,91.249,42.248,42.167
113.36,91.159,41.913,41.502
112.53,90.444,41.687,41.042
112.93,91.103,41.711,41.074
111.85,91.052,41.334,40.539
114.29,91.726,41.181,40.122
115.23,93.531,40.795,39.786
116.04,94.895,40.2,38.55
116.51,94.953,39.734,38.327
116.86,95.242,39.016,37.547
116.75,95.041,39.292,37.682
117.34,95.699,38.888,37.118
116.87,94.356,38.929,37.145
117.77,93.952,38.807,37.004
120.18,94.482,38.858,37.045
119.19,95.634,38.551,36.908
118.33,101.37,38.465,36.885
122.24,102.64,38.336,36.88
123.97,103.12,38.903,37.418
125.32,101.57,38.979,37.608
128.08,102.36,38.261,36.769
141.88,99.138,38.799,37.117
141.76,100.37,38.808,36.966
145.15,100.14,38.564,36.366
147.98,99.517,38.811,36.363
146.59,91.344,38.071,35.32
144.08,94.032,37.592,34.888
145.53,95.047,37.052,34.787
150.66,102.52,37.321,35.151
145.78,114.24,37.624,35.614
146.83,112.7,37.717,35.694
154.57,115.61,37.756,35.61
165.97,107.58,37.833,35.669
169.6,107.83,37.97,35.585
174.75,108.61,37.311,35.143
179.28,108.7,37.671,35.521
184.64,109.96,37.118,35.214
188.29,112.11,36.978,34.967
192.09,115.48,36.415,33.858
198.08,115.13,35.879,33.453
197.37,118.57,35.646,33.067
203.28,121.06,35.357,32.826
204.31,123.23,35.45,33.168
208.16,123.89,35.073,33.146
212.92,125.01,34.492,32.538
216.11,125.26,34.55,32.598
223.95,124.6,34.577,32.579
223.35,125.41,34.082,32.411
220.88,129.35,34.025,32.384
217.01,132.23,33.903,32.142
219.68,132.72,34.001,32.133
219.26,135.34,32.941,31.111
213.08,142.19,33.057,30.853
212.68,143.09,32.786,30.697
211.16,143.57,32.917,30.597
208.6,144.16,32.643,30.282
206.26,144.32,32.202,29.973
203.97,144.87,31.797,29.783
205.59,144.75,31.65,29.302
206.18,143.74,31.188,29.092
207.41,144.34,30.9,28.596
206.78,144.62,30.677,28.578
206.49,139.41,30.144,28.041
207.03,132.94,29.959,27.891
206.26,131.42,30.159,28.208
206.35,133.08,30.267,28.375
206.81,134.16,30.216,28.215
208.86,137.28,29.46,27.572
208.44,134.43,29.307,27.525
208.33,132.06,29.064,27.073
208.56,128.95,28.835,26.581
203.86,122.36,28.357,26.078
202.43,119.79,28.174,25.768
193.43,124.93,27.868,25.451
199.67,121.49,27.659,25.197
199.51,119.44,27.277,24.879
199.45,119.04,27.554,24.973
190.66,123.08,26.911,24.35
186.06,123.5,26.556,23.657
185.99,124.38,26.022,23.07
186.17,125.76,25.457,22.55
188.1,126.1,25.408,22.444
188.9,125.89,25.44,22.125
186.1,126.32,25.892,22.32
186.56,126.35,26.116,22.12
186.4,126.21,26.479,22.427
174.12,131.06,26.197,22.15
174.23,130.49,26.091,21.853
174.42,130.77,25.748,21.573
175.05,130.08,24.739,20.864
175.84,127.29,24.54,20.673
184.67,126.31,23.982,19.936
186.06,126.17,23.523,19.663
189.1,125.97,23.527,19.449
190.01,125.65,23.556,19.427
194.89,124.58,22.784,18.942
196.14,119.19,22.387,18.587
195.69,116.88,22.603,18.558
193.14,112.68,22.527,18.605
192.95,110.19,22.228,18.447
193.52,107.25,21.958,18.157
192.46,103.79,21.55,17.941
191.93,100.66,21.63,18.074
190.79,96.631,21.627,18.078
189.84,92.214,21.168,17.637
188.77,88.008,20.938,17.323
189.13,83.355,21.267,17.461
189.68,81.591,21.114,17.384
190.94,77.071,20.646,16.941
191.88,73.783,20.577,16.832
193.27,70.157,20.453,16.719
194.5,66.402,20.713,16.91
196.12,65.583,20.456,16.617
198.43,64.233,19.972,16.378
198.82,63.65,19.755,16.226
197.36,62.47,19.284,15.782
193.49,58.996,19.059,15.642
192.42,59.196,18.99,15.743
189.73,62.015,19.431,16.17
185.07,63.684,19.633,16.258
196.28,67.927,19.249,15.88
191.98,70.151,19.27,16.019
188.4,72.787,19.311,15.937
180.34,63.286,19.2,15.925
187.51,59.03,19.08,15.755
190.57,60.739,18.869,15.575
188.94,60.401,18.63,15.313
188.52,60.574,19.07,15.952
187.88,61.441,18.942,15.76
190.53,71.358,18.651,15.404
190.29,72.979,18.058,14.939
195.15,82.345,18.066,14.924
187.86,80.878,18.07,14.798
186.38,81.726,17.704,14.51
190.28,72.804,17.442,14.104
NaN,NaN,NaN,-2
NaN,NaN,NaN,0
NaN,NaN,NaN,0
NaN,NaN,NaN,0
NaN,NaN,NaN,0
NaN,NaN,NaN,-1
174.61,99.775,42.885,45.846
172.29,99.905,42.198,45.482
169.26,100.07,42.041,45.469
165.29,98.645,41.4,44.777
157.3,91.492,41.59,44.895
150.94,90.429,41.391,44.589
142.89,88.375,41.175,44.873
133.63,86.882,40.87,44.648
126.31,86.266,40.712,44.256
118.82,82.593,41.164,44.944
112.13,81.039,40.931,44.02
103.65,78.134,40.376,43.234
101.06,81.36,39.616,42.107
96.127,79.697,39.655,42.088
89.559,80.043,39.336,41.408
85.932,79.168,39.182,41.315
87.678,77.936,39.319,41.448
86.686,76.34,39.074,41.379
85.2,78.583,39.712,41.897
NaN,NaN,NaN,-2
NaN,NaN,NaN,0
NaN,NaN,NaN,0
NaN,NaN,NaN,0
NaN,NaN,NaN,0
NaN,NaN,NaN,-1
38.308,91.814,40.837,48.68
41.426,94.05,40.645,48.44
44.952,97.591,40.53,48.25
49.443,102.02,40.086,47.743
52.618,106.46,39.849,47.464
55.337,111.36,40.276,47.878
57.281,116.47,40.284,48.417
59.391,122.54,40.046,47.941
62.556,127.68,39.869,47.358
65.405,133.18,39.718,46.468
67.822,137.25,39.611,46.08
72.013,141.36,39.662,45.787
74.348,143.53,39.373,45.27
78.758,145.45,39.539,45.274
81.452,148.49,39.082,44.454
84.474,150.2,38.649,43.951
89.605,150.91,38.383,43.82
93.724,152.88,38.585,44.228
97.527,153.21,38.786,44.291
95.823,154.1,38.02,43.383
100.86,157.95,37.739,42.947
105.58,148.18,37.676,42.847
114.71,153.81,37.646,42.986
122.3,157.43,37.319,42.46
124.8,161.49,36.991,42.212
126.64,162.08,36.768,41.844
134.15,170.94,36.956,41.957
139.88,171.21,37.165,42.205
149.11,174.26,37.465,42.372
151.18,170.72,37.465,42.318
158.28,169.92,37.337,41.788
165.12,170.41,36.759,41.026
167.46,169.04,36.174,40.191
174.72,166.09,35.702,39.707
176.67,162.85,35.069,39.202
179.77,159.27,34.619,38.493
182.15,156.51,33.487,37.199
184.92,152.21,33.048,36.987
186.11,149.63,32.779,36.794
187.27,146.99,32.698,36.46
188.8,144.66,32.473,36.035
193.33,141.22,32.69,36.361
196.43,138.5,32.358,35.949
196.35,136.67,32.416,36.158
196.47,135.55,31.828,35.409
195.29,134.27,31.787,35.003
194.47,133.47,31.515,34.788
194.91,131.16,31.543,35.245
189.3,128.89,30.919,34.565
187.12,126.68,30.808,34.47
181.14,126.29,30.759,34.355
173.46,127.12,30.486,34.013
172.4,126.04,30.482,33.893
171.6,126.54,29.666,33.015
172.61,121,29.004,32.211
173.84,122.75,28.585,31.721
172.87,121.7,28.191,31.102
172.58,123.24,28.098,31.15
171.52,126.2,27.831,30.784
171.1,126.17,27.601,30.418
170.99,125.47,27.344,30.169
170.92,125.75,26.828,29.567
171.25,125.71,26.781,29.553
171.59,126.08,26.478,29.315
171.63,126.28,26.212,29.157
171.87,125.84,25.324,28.016
