NaN,NaN,NaN,-1
162.44,83.181,50.155,49.115
162.44,83.342,49.914,48.987
161.75,82.395,51.114,49.946
160.35,81.619,51.084,50.121
160.27,81.509,50.864,49.867
160.21,81.973,50.775,49.76
160.18,81.682,51.275,50.434
159.84,81.464,50.997,49.796
159.3,80.708,51.138,50.313
156.02,79.971,51.501,50.862
152.12,78.763,51.19,50.953
149.01,77.175,51.285,50.944
144.54,76.675,51.86,51.618
142.45,73.753,51.368,50.813
140.49,73.026,51.182,50.218
136.87,71.494,51.054,49.896
133.8,70.959,50.419,49.069
132.25,69.646,50.697,48.692
134.08,69.271,50.29,48.745
134.84,67.553,49.81,48.2
128.8,67.171,50.495,48.825
124.47,67.47,49.677,47.816
117.52,65.202,49.39,47.734
112.74,65.121,48.981,47.19
112.59,65.125,48.491,46.663
107.43,66.164,47.948,45.817
105.69,68.156,47.908,45.544
105.01,75.182,47.482,45.331
104.02,79.012,47.288,45.239
112.11,86.25,47.428,45.456
114.99,91.204,46.813,44.747
113.52,90.943,46.655,44.137
110.19,88.078,47.363,44.716
108.74,88.065,47.544,45.064
106.97,79.364,47.376,45.037
105.79,79.268,47.638,45.189
105.86,79.757,47.478,44.593
105.91,80.722,47.221,44.577
100.16,81.311,46.877,44.539
99.637,83.002,46.857,44.918
100.61,85.175,46.67,44.919
96.829,85.236,46.686,44.881
93.526,88.387,46.649,44.511
95.771,92.089,46.198,44.086
98.073,95.295,45.726,43.76
100.37,96.783,45.313,43.745
103.49,99.945,44.931,43.504
91.553,99.304,45.173,43.852
93.618,102.84,45.174,44.116
95.204,106.9,44.548,43.343
104.51,108.97,44.624,43.201
103.72,105.73,44.467,43.149
120.9,107.86,44.029,42.796
122.65,109.41,44.109,43.135
127.71,113.46,43.422,42.24
127.27,113.12,43.677,42.522
128.4,109.15,43.786,42.377
131,108.69,43.296,42.225
139.28,109.98,43.622,42.925
143.36,111.4,43.868,43.212
143.59,109.89,43.727,43.18
144.83,110.79,43.449,42.725
143.53,112.54,43.085,42.609
154.93,104.51,43.162,42.67
167.11,103.96,43.547,43.112
173.34,106.46,43.179,42.585
178.39,107.47,43.504,42.858
183.85,109.93,44.217,43.493
189.49,109.86,43.578,42.47
192.14,113.7,43.699,42.522
194.76,114.29,43.634,42.568
197.76,117.56,43.487,42.813
200.7,119.52,43.054,42.416
202.63,122.53,42.744,42.023
206.01,124.72,42.473,41.541
207.12,127.34,42.342,41.227
207.75,131.11,42.526,40.978
207.86,133.76,41.953,40.189
207.21,136.35,42.245,40.722
207.26,139.31,41.836,40.354
206.34,140.46,42.3,40.913
203.75,141.92,41.813,40.551
202.12,144.79,41.734,40.372
201.83,147.04,41.768,40.521
197.45,147.97,42.117,40.873
195.16,149.21,42.02,40.693
193.16,150.84,42.268,40.924
191.03,153.79,42.173,40.983
191.89,155.43,42.809,41.555
188.52,155.36,43.157,42.064
185.39,153.93,43.231,42.133
182.59,152.35,43.977,43.166
181.32,150.62,44.255,43.613
180.77,147.93,44.438,43.807
179.9,143.36,44.802,44.103
180.04,140.37,44.681,43.628
177.91,132.37,45.715,45.137
178.13,129.91,46.33,45.966
175.22,121.83,46.673,46.299
177.12,121.44,46.441,46.05
172.77,113.78,46.473,46.09
171.66,112.16,46.697,46.141
168.36,103.85,46.994,46.598
168.88,101.62,47.264,47.052
169.05,93.403,47.078,46.963
169.23,91.379,47.115,46.627
169.01,90.735,47.092,46.292
169.12,89.633,46.834,46.234
165.37,90.748,47.046,46.071
164.42,91.456,47.015,46.083
164.59,92.405,46.412,45.637
164.04,92.941,46.51,45.29
163.48,93.993,46.817,45.647
163.56,94.929,46.629,45.298
163.15,95.507,45.969,44.413
164.02,96.6,45.842,44.327
164.04,96.415,45.446,43.434
163.82,97.398,45.417,43.279
164.22,98.221,45.483,42.918
164.18,98.153,45.094,42.385
164.48,98.724,44.668,41.88
165.11,99.244,44.633,41.612
171.35,99.397,44.166,41.341
171.84,100.02,43.708,40.737
171.14,99.86,43.778,40.276
175.55,99.805,43.133,39.474
177.25,100.06,42.431,38.812
178.26,99.611,42.268,38.996
177.17,98.163,42.698,39.452
178.27,90.454,42.644,39.139
181.12,84.678,42.875,39.228
181.4,82.11,42.75,39.335
182.41,78.998,42.58,39.291
182.18,76.132,42.471,39.257
181.08,71.389,41.806,38.835
181.79,68.487,41.194,38.255
180.81,65.34,41.34,38.494
182.28,62.764,40.768,37.897
179.45,58.974,40.415,37.423
184.74,59.729,40.086,37.069
197.84,64.618,39.712,36.608
200.83,57.753,39.595,36.713
202.06,53.993,39.854,36.913
203.16,51.899,39.754,36.512
205.37,43.498,39.672,36.367
204.9,43.184,39.535,35.887
203.95,43.582,39.614,35.876
202.76,43.735,39.441,35.84
202.12,44.664,39.455,35.608
200.21,45.709,39.862,35.797
200.05,48.236,39.924,35.85
197.71,53.282,40.333,35.978
196.48,55.861,40.632,36.239
196.5,55.185,41.063,36.57
195.03,59.278,41.599,36.563
195.97,55.244,42.05,36.913
195.78,58.652,42.018,36.738
195.54,59.856,42.283,37.019
195.06,59.331,43.025,37.576
194.67,59.144,43.392,38.006
194.77,58.922,43.392,38.353
194.52,54.648,43.819,38.679
194.19,55.031,44.27,39.083
193.9,53.477,45.181,39.988
193.35,53.601,45.421,40.254
193.36,53.001,45.542,40.267
193.05,53.179,45.816,40.39
193.31,53.619,45.677,40.074
193.08,53.733,45.987,40.28
NaN,NaN,NaN,-2
NaN,NaN,NaN,0
NaN,NaN,NaN,0
NaN,NaN,NaN,0
NaN,NaN,NaN,0
NaN,NaN,NaN,-1
160.31,94.415,47.831,45.774
149.21,91.694,47.685,45.66
142.98,88.398,47.293,45.36
136.81,87.525,47.449,45.053
125.54,87.286,47.48,44.887
120.64,85.378,47.081,44.37
114.73,85.593,46.946,44.1
105.46,84.07,46.641,43.936
99.672,77.208,47.428,44.569
88.517,76.938,47.657,44.885
80.715,75.357,48.249,45.674
74.525,74.911,47.891,45.648
68.618,73.965,47.801,45.507
61.26,73.243,47.59,45.032
56.268,74.131,47.282,44.48
51.493,75.413,47.079,44.401
44.651,76.673,47.308,44.576
39.659,79.144,46.858,44.223
36.218,82.069,46.475,44.082
33.241,85.741,46.484,44.214
33.089,89.418,46.052,43.466
34.465,93.069,46.253,43.372
36.924,94.797,46.046,43.403
39.473,96.76,45.521,42.875
44.351,100.11,45.388,42.633
47.888,103.84,45.191,42.264
51.605,108.56,45.352,42.325
54.436,114.37,45.417,42.262
56.373,119.68,45.342,42.238
58.542,124.95,45.059,41.734
60.977,129.22,44.468,40.994
64.137,133.6,43.736,40
68.077,139.35,43.688,39.884
70.327,142.05,43.479,39.727
74.643,144.19,43.303,39.202
77.651,145.92,42.465,38.351
87.904,147.17,42.67,38.587
89.333,155.88,41.865,38.166
94.373,157.8,41.603,37.842
98.767,159.2,41.104,37.315
101.8,160.78,39.978,36.19
100.63,156.92,39.292,35.363
102.67,159.45,39.222,34.904
110.05,152.1,39.263,34.924
111.28,153.39,38.987,34.515
112.24,156.07,39.055,34.535
122.12,161.67,38.596,33.877
125.05,169.3,38.092,33.403
128.22,173.12,38.087,33.415
137.08,173.99,37.121,32.713
143.99,173.78,36.913,32.399
148.04,172.13,36.906,32.487
152.37,171.87,37.168,32.956
156.22,169.83,37.327,33.088
165.86,168.39,37.243,32.939
166.12,165.06,37.267,33.115
169.86,161.9,36.989,32.822
175.6,158.49,36.232,32.122
176.37,154.74,36.003,31.976
176.17,152.01,35.719,31.412
176.97,149.37,35.164,30.914
178.29,146.69,34.504,30.409
187.79,142.59,34.692,30.747
189.41,140.36,34.526,30.496
188.47,139.13,34.293,30.2
194.26,135.11,34.248,30.673
193.78,133.66,33.927,30.543
193.87,132.73,33.865,30.74
193.4,131.92,33.634,30.297
191.87,130.72,33.542,30.056
188.1,129.07,32.934,29.283
184.7,126.8,32.719,28.907
183.92,127.05,32.159,28.426
182.58,131.53,31.701,28.269
181.73,127.19,31.904,28.425
177.99,124.66,31.565,28.178
177.16,122.8,31.255,27.923
177.55,110.94,31.875,28.529
178.04,108.5,32.331,28.842
175.46,107.67,32.876,29.666
182.27,107.75,32.972,29.967
182.04,106.99,33.225,30.387
181.45,106.74,33.479,30.722
182.3,106.17,34.188,31.462
185.38,107.59,34.291,32.025
183.28,107.01,35.059,32.93
182.66,106.85,35.442,33.158
182.9,105.8,36.213,34.163
