NaN,NaN,NaN,-1
63,58.907,71.743,282.99
67.367,64.116,68.796,271.44
71.499,62.158,68.075,268.61
75.402,63.119,66.517,262.51
78.545,66.351,65.692,259.28
81.23,65.902,64.703,255.41
83.568,63.224,65.22,257.43
87.013,62.08,65.103,256.97
89.025,60.957,64.961,256.42
92.977,61.532,64.749,255.59
95.738,61.301,64.851,255.99
100.23,63.003,64.68,255.32
103.07,61.497,64.199,253.43
106.28,60.632,64.685,255.34
109.59,61.823,64.222,253.53
111.44,61.959,64.412,254.27
114.09,59.952,64.31,253.87
116.62,60.426,64.665,255.26
119.53,58.768,65.085,256.9
122.85,61.217,64.643,255.18
125.03,60.497,64.571,254.89
127.42,59.221,64.95,256.38
129.59,57.783,65.549,258.72
132.66,60.242,64.669,255.27
134.6,57.179,65.458,258.37
138.09,59.182,64.488,254.57
140.3,58.755,64.733,255.53
141.65,57.044,65.224,257.45
144.87,59.908,64.066,252.91
146.28,60.337,64.507,254.64
148.31,62.62,63.929,252.38
151.13,61.215,63.827,251.98
153.39,58.936,64.215,253.5
155.6,57.165,63.247,249.71
158.25,55.963,63.933,252.4
162.52,58.271,63.077,249.04
164.16,55.19,63.693,251.45
167.6,58.291,62.56,247.01
169.48,61.75,61.864,244.29
170.04,62.942,62.941,248.51
172.3,60.314,63.196,249.51
173.88,60.045,64.355,254.04
175.57,58.486,64.567,254.88
177.81,63.581,62.851,248.15
180.1,62.191,63.882,252.19
182.3,60.177,64.015,252.71
183.2,60.307,65.068,256.84
184.64,60.309,64.469,254.49
185.94,58.541,64.824,255.88
188.03,59.148,63.819,251.94
190.57,59.468,63.294,249.89
193.45,59.393,62.046,245
194.33,59.663,62.585,247.11
196.11,56.624,62.874,248.24
198.27,58.017,63.089,249.08
200.68,59.072,62.665,247.42
201.87,57.906,62.999,248.73
203.73,58.594,62.873,248.24
204.92,59.03,63.282,249.84
206.12,57.095,63.167,249.39
208.48,56.812,63.264,249.77
210.24,61.274,63.001,248.74
211.37,62.004,63.327,250.02
213.03,62.655,62.998,248.72
214.42,60.793,63.031,248.85
216.25,61.076,63.061,248.97
217.7,59.827,63.108,249.16
219.15,61.16,61.9,244.43
220.69,61.189,61.184,241.62
222.17,61.448,60.871,240.39
223.58,61.765,60.514,238.98
225.04,60.676,60.918,240.57
226.16,61.93,60.626,239.42
227.52,61.947,60.482,238.85
228.99,62.134,60.196,237.72
230.47,61.811,60.16,237.58
231.73,61.31,60.178,237.65
233.13,60.926,60.259,237.97
234.6,60.976,60.145,237.52
236.1,60.97,59.943,236.72
237.64,60.912,59.745,235.94
239.13,61.092,59.479,234.89
240.4,61.344,59.177,233.7
241.69,61.69,58.882,232.53
242.95,61.841,58.644,231.59
244.18,62.106,58.393,230.6
245.36,62.585,57.967,228.92
246.48,62.884,57.751,228.07
247.66,63.256,57.366,226.55
249.01,63.765,57.001,225.11
250.13,63.953,56.751,224.12
251.35,64.085,56.517,223.19
252.55,64.281,56.333,222.46
253.88,64.558,56.12,221.62
255.05,64.706,55.994,221.13
256.18,64.896,55.809,220.4
257.39,65.434,55.499,219.17
258.62,65.959,55.192,217.96
259.98,66.407,54.853,216.62
261.15,66.599,54.644,215.79
262.66,67.21,54.262,214.29
263.98,67.618,54.016,213.31
265.36,67.971,53.77,212.35
266.59,67.883,53.724,212.16
267.96,68.101,53.547,211.46
269.37,68.565,53.194,210.07
270.64,68.889,52.93,209.03
271.68,69.067,52.808,208.55
272.88,69.216,52.578,207.64
273.95,69.278,52.397,206.92
275.08,69.449,52.214,206.2
276.16,69.826,51.851,204.77
277.15,69.946,51.62,203.85
278.1,70.23,51.288,202.54
278.97,70.12,51.123,201.89
279.73,69.941,50.901,201.02
280.52,70.485,50.401,199.04
281.15,70.215,50.297,198.63
281.92,70.086,50.116,197.92
282.37,69.481,50.163,198.1
283.02,69.367,49.975,197.36
283.74,69.312,49.742,196.44
284.58,69.451,49.487,195.43
285.29,69.482,49.306,194.72
286.03,69.58,49.067,193.77
286.83,69.562,48.87,192.99
287.67,69.719,48.647,192.11
288.59,69.638,48.517,191.6
289.65,69.679,48.25,190.55
290.64,69.704,48.046,189.74
291.48,69.838,47.727,188.48
292.44,69.767,47.526,187.68
293.31,69.521,47.409,187.22
294.2,69.619,47.192,186.37
295.06,69.434,47.094,185.98
295.95,69.471,46.932,185.34
296.82,69.484,46.818,184.89
297.57,69.768,46.616,184.09
298.5,70.125,46.413,183.29
299.36,70.151,46.353,183.06
300.31,70.438,46.171,182.34
301.07,70.502,46.144,182.23
301.98,70.753,46.033,181.79
302.67,70.998,45.955,181.48
303.32,70.946,45.97,181.54
304.11,71.129,45.924,181.36
304.91,71.362,45.862,181.11
305.86,71.763,45.658,180.31
306.66,71.64,45.644,180.25
307.46,71.731,45.552,179.89
308.33,71.687,45.483,179.62
309.06,71.894,45.381,179.22
309.8,71.938,45.321,178.98
310.45,72.213,45.236,178.64
311.17,72.472,45.073,178
311.77,72.724,44.938,177.47
312.27,72.761,44.874,177.21
312.76,72.961,44.703,176.54
313.24,73.058,44.582,176.06
313.61,73.14,44.414,175.4
314.02,73.285,44.232,174.68
314.25,73.271,44.07,174.04
314.64,73.349,43.903,173.38
315.06,73.152,43.802,172.98
315.5,73.286,43.628,172.29
316.01,73.295,43.496,171.77
316.57,73.132,43.397,171.38
317.06,73.163,43.304,171.01
317.71,73.383,43.155,170.42
318.43,73.403,42.953,169.63
319.26,73.396,42.767,168.89
319.95,73.328,42.641,168.4
320.55,73.243,42.512,167.88
321.05,73.041,42.46,167.68
321.79,73.202,42.292,167.02
322.25,73.219,42.163,166.51
322.92,73.261,41.978,165.78
323.59,73.373,41.851,165.27
324.17,73.536,41.673,164.57
324.76,73.589,41.582,164.21
325.42,73.812,41.42,163.57
326.05,74.074,41.225,162.8
326.63,74.071,41.153,162.52
327.31,74.198,40.995,161.89
327.8,74.24,40.97,161.8
328.44,74.442,40.825,161.22
329.15,74.679,40.638,160.48
329.73,74.851,40.479,159.86
330.35,75.147,40.343,159.32
331,75.471,40.188,158.71
331.55,75.792,40.093,158.33
332.07,76.145,39.969,157.84
332.68,76.49,39.841,157.34
333.21,76.859,39.707,156.81
333.87,77.21,39.536,156.13
334.39,77.408,39.398,155.59
334.98,77.706,39.252,155.01
335.53,77.974,39.113,154.46
336.05,78.344,38.935,153.76
336.52,78.609,38.801,153.23
336.96,78.968,38.614,152.49
337.38,79.218,38.474,151.94
337.76,79.48,38.324,151.35
338.11,79.76,38.172,150.75
338.58,80.085,38,150.07
338.99,80.392,37.831,149.4
339.34,80.568,37.716,148.95
339.72,80.931,37.531,148.21
340.08,81.205,37.335,147.44
340.31,81.34,37.21,146.95
340.41,81.542,37.051,146.32
340.6,81.639,36.968,145.99
340.8,81.756,36.821,145.41
340.92,81.99,36.647,144.72
341.15,82.095,36.519,144.22
341.46,82.283,36.346,143.53
341.7,82.583,36.169,142.84
341.83,82.676,36.01,142.21
342.07,82.766,35.894,141.75
342.14,82.836,35.799,141.37
342.22,82.949,35.7,140.98
342.29,83.186,35.578,140.5
342.42,83.45,35.403,139.81
342.65,83.633,35.285,139.34
342.9,83.958,35.113,138.67
342.98,84.087,34.984,138.15
343.2,84.259,34.856,137.65
343.37,84.316,34.734,137.17
343.56,84.382,34.607,136.67
343.69,84.674,34.455,136.07
343.79,84.708,34.362,135.7
344.03,85.024,34.24,135.22
344.28,85.203,34.143,134.84
344.33,85.36,34.065,134.53
344.5,85.729,33.916,133.94
344.59,85.951,33.817,133.55
344.69,86.156,33.708,133.12
344.76,86.287,33.589,132.65
344.84,86.425,33.476,132.2
344.9,86.621,33.36,131.74
344.98,86.919,33.206,131.14
345.05,87.24,33.066,130.58
345.05,87.248,33.063,130.57
345.1,87.553,32.931,130.05
345.17,87.894,32.79,129.49
345.17,87.91,32.782,129.46
345.26,88.283,32.591,128.71
345.27,88.617,32.476,128.25
345.31,89.112,32.302,127.57
345.28,89.447,32.175,127.06
345.26,89.786,32.039,126.53
345.27,90.103,31.922,126.07
345.28,90.376,31.813,125.63
345.31,90.677,31.704,125.2
345.32,90.851,31.63,124.91
345.32,91.135,31.5,124.4
345.35,91.42,31.35,123.81
345.38,91.609,31.268,123.48
345.38,91.788,31.201,123.22
345.45,92.037,31.09,122.78
345.53,92.384,30.963,122.28
345.69,92.549,30.825,121.73
345.82,92.755,30.69,121.2
345.94,93.029,30.569,120.72
346.06,93.248,30.443,120.23
346.24,93.509,30.31,119.7
346.38,93.647,30.2,119.26
346.54,93.648,30.134,119
346.73,93.756,30.037,118.62
346.9,93.96,29.922,118.16
347.07,94.189,29.805,117.7
347.26,94.351,29.696,117.27
347.44,94.505,29.582,116.82
347.62,94.676,29.454,116.32
347.68,94.851,29.335,115.85
347.73,95.034,29.241,115.48
347.77,95.119,29.148,115.11
347.83,95.125,29.062,114.77
347.94,95.279,28.939,114.28
347.94,95.283,28.937,114.28
348.03,95.534,28.796,113.72
348.18,95.858,28.601,112.95
348.18,95.872,28.594,112.92
348.34,96.203,28.417,112.22
348.5,96.419,28.28,111.68
348.5,96.42,28.279,111.68
348.67,96.67,28.13,111.09
348.9,96.934,27.986,110.52
348.91,96.939,27.983,110.51
349.13,97.317,27.824,109.88
349.28,97.59,27.698,109.38
349.28,97.589,27.699,109.39
349.44,97.92,27.55,108.8
349.6,98.192,27.395,108.19
349.63,98.308,27.333,107.94
349.7,98.38,27.296,107.8
349.86,98.683,27.164,107.27
349.86,98.704,27.153,107.23
349.98,98.79,27.05,106.82
350.15,99.056,26.874,106.13
350.15,99.056,26.874,106.13
350.3,99.279,26.716,105.51
350.35,99.475,26.611,105.09
350.35,99.474,26.612,105.09
350.39,99.583,26.547,104.84
350.53,101.31,26.188,103.44
350.67,102.65,25.985,102.66
350.66,102.81,25.886,102.26
350.6,102.99,25.743,101.7
350.6,102.99,25.744,101.7
350.52,103.18,25.583,101.07
350.38,103.27,25.498,100.73
350.38,103.28,25.494,100.72
350.26,103.29,25.407,100.37
350.13,103.3,25.324,100.05
350.19,103.49,25.209,99.592
350.06,103.54,25.16,99.398
349.93,103.61,25.093,99.132
349.94,103.62,25.087,99.11
349.85,103.7,24.978,98.68
349.71,103.76,24.902,98.376
349.71,103.76,24.899,98.366
349.54,103.76,24.847,98.162
349.44,103.91,24.74,97.737
349.44,103.91,24.739,97.733
349.34,104.11,24.617,97.253
349.34,104.35,24.476,96.694
349.34,104.35,24.476,96.694
349.31,104.47,24.369,96.272
349.32,104.72,24.212,95.652
349.32,104.72,24.212,95.651
349.33,104.97,24.052,95.019
349.41,105.24,23.894,94.395
349.41,105.24,23.894,94.395
349.45,105.52,23.755,93.848
349.49,105.85,23.635,93.371
349.49,105.85,23.635,93.371
349.53,106.09,23.513,92.889
349.58,106.19,23.462,92.69
349.58,106.19,23.463,92.692
349.73,106.5,23.338,92.199
349.9,106.83,23.192,91.621
349.91,106.83,23.191,91.62
350.08,107.16,23.05,91.061
350.3,107.51,22.896,90.454
350.3,107.52,22.892,90.439
350.55,107.88,22.736,89.822
350.8,108.1,22.641,89.445
350.8,108.11,22.636,89.426
351.05,108.34,22.544,89.064
