NaN,NaN,NaN,-1
69.593,79.101,71.77,257.18
72.889,78.353,69.938,250.61
77.058,81.827,67.996,243.65
80.252,82.579,66.881,239.66
83.782,83.665,65.399,234.35
87.923,82.849,64.683,231.78
89.367,81.69,64.975,232.83
92.147,81.575,65.01,232.95
95.092,83.332,64.374,230.67
98.476,84.366,63.814,228.67
101.37,82.005,63.959,229.19
104.31,80.749,64.064,229.56
106.35,79.557,64.46,230.98
109.54,78.258,64.718,231.91
112.43,80.941,63.992,229.3
115.06,79.28,64.312,230.45
117.86,80.06,64.214,230.1
120.45,80.294,63.98,229.26
123.41,81.02,63.47,227.44
126.1,81.758,63.283,226.76
129.1,80.508,63.121,226.18
131.44,80.485,63.377,227.1
133.13,79.342,64.371,230.66
135.39,78.444,64.808,232.23
138.71,81.801,63.569,227.79
141.58,82.595,63.472,227.44
142.73,77.926,64.861,232.42
145.83,79.417,64.101,229.69
148.25,78.833,63.401,227.19
150.42,78.228,64.001,229.34
152.84,79.543,63.705,228.28
155.31,79.211,63.925,229.07
157.39,77.439,64.251,230.23
159.55,74.433,65.16,233.49
162.92,77.727,62.902,225.4
166.22,79.935,61.76,221.31
168.31,78.19,62.517,224.02
169.14,75.572,63.892,228.94
171.88,73.801,63.456,227.39
174.18,74.066,63.262,226.69
175.63,72.877,63.893,228.95
178.92,77.469,62.307,223.27
181.25,76.906,63.148,226.28
183.42,77.788,62.579,224.24
184.98,77.589,63.144,226.27
186.09,75.167,63.437,227.32
187.74,74.421,63.769,228.51
189.67,74.536,63.535,227.67
192.62,77.82,61.913,221.85
194.55,78.123,62.386,223.55
196.95,77.912,62.482,223.89
198.08,77.361,63.321,226.9
199.35,78.753,63.524,227.63
202.31,81.09,62.591,224.29
203.95,79.137,62.762,224.9
205.88,82.313,62.214,222.93
207.05,80.145,62.401,223.6
208.66,81.657,61.919,221.88
209.95,79.323,62.353,223.43
211.84,79.725,62.009,222.2
212.53,78.77,63.269,226.72
213.16,79.334,63.892,228.95
214.8,78.03,64.01,229.37
216.35,75.931,63.552,227.73
217.92,76.564,63.142,226.26
219.23,77.488,63.24,226.61
220.44,75.562,63.67,228.15
221.84,75.64,63.423,227.27
223.33,75.934,63.097,226.1
224.83,76.295,62.726,224.77
226.26,76.439,62.421,223.68
227.63,76.659,62.199,222.88
229.11,76.816,61.914,221.86
230.54,76.833,61.719,221.16
232.12,77.04,61.352,219.85
233.68,77.192,61.08,218.87
235.24,76.819,61.065,218.82
236.9,76.99,60.83,217.97
238.5,77.056,60.542,216.94
239.92,76.785,60.476,216.71
241.41,77.029,60.159,215.57
242.91,77.34,59.826,214.38
244.3,77.771,59.397,212.84
245.6,77.956,59.22,212.21
246.85,77.999,59.04,211.56
248.08,78.199,58.831,210.81
249.34,78.382,58.67,210.23
250.47,78.72,58.383,209.21
251.58,78.805,58.231,208.66
252.76,79.247,57.886,207.43
253.84,79.297,57.735,206.88
255.04,79.499,57.492,206.01
256.16,79.691,57.353,205.52
257.36,79.992,57.144,204.77
258.54,80.319,56.912,203.94
259.79,80.821,56.554,202.65
261.08,81.382,56.154,201.22
262.24,81.996,55.811,199.99
263.59,82.344,55.551,199.06
264.73,82.611,55.346,198.32
266.02,83.1,55.06,197.3
267.33,83.628,54.76,196.22
268.6,83.833,54.535,195.42
269.86,83.949,54.428,195.03
271.28,84.108,54.212,194.26
272.5,84.07,54.136,193.99
273.7,84.075,53.94,193.28
274.79,84.137,53.785,192.73
275.93,84.203,53.581,192
277.01,84.248,53.358,191.2
278.06,84.491,53.114,190.32
279.09,84.627,52.858,189.41
280.22,84.885,52.551,188.31
281.25,85.073,52.194,187.03
282.02,85.038,51.969,186.22
282.72,85.211,51.556,184.74
283.42,85.319,51.296,183.81
283.84,85.306,51.022,182.83
284.72,85.457,50.705,181.69
285.25,85.139,50.595,181.3
285.99,85.179,50.302,180.25
286.69,85.02,50.161,179.74
287.45,85.237,49.925,178.9
288.16,85.149,49.699,178.09
288.86,85.211,49.432,177.13
289.43,85.049,49.284,176.6
290.17,84.972,49.12,176.01
290.92,85.139,48.888,175.18
291.7,85.389,48.643,174.3
292.7,85.421,48.337,173.21
293.52,85.663,47.99,171.96
294.33,85.733,47.697,170.91
295.09,85.69,47.448,170.02
296.09,85.696,47.181,169.07
296.97,85.44,47.034,168.54
297.82,85.405,46.869,167.95
298.62,85.534,46.72,167.41
299.47,85.927,46.491,166.59
300.31,86.231,46.314,165.96
301.23,86.592,46.189,165.51
302.21,86.919,46.03,164.94
303.06,87.182,45.881,164.41
303.9,87.543,45.793,164.09
304.62,87.576,45.783,164.06
305.35,87.521,45.83,164.22
306.08,87.778,45.732,163.87
306.92,88.224,45.62,163.47
307.8,88.657,45.384,162.62
308.61,88.719,45.294,162.3
309.51,88.952,45.171,161.86
310.26,89.029,45.113,161.65
310.98,89.217,44.974,161.16
311.63,89.505,44.818,160.6
312.35,89.817,44.669,160.06
313.08,90.185,44.473,159.36
313.76,90.549,44.258,158.59
314.32,90.776,44.12,158.1
314.85,91.031,43.929,157.41
315.33,91.225,43.767,156.83
315.69,91.269,43.604,156.25
316.16,91.301,43.455,155.71
316.47,91.187,43.371,155.41
316.89,90.963,43.279,155.08
317.46,90.974,43.116,154.5
317.88,90.876,43.008,154.11
318.46,90.861,42.84,153.51
319.02,90.586,42.765,153.24
319.63,90.789,42.573,152.55
320.33,91.003,42.427,152.03
321.05,91.147,42.19,151.18
321.82,91.523,41.898,150.14
322.44,91.444,41.742,149.58
323.16,91.39,41.562,148.93
323.73,91.533,41.386,148.3
324.44,91.705,41.226,147.73
325.08,91.657,41.065,147.15
325.87,91.999,40.816,146.26
326.61,92.039,40.699,145.84
327.22,92.075,40.577,145.4
327.92,92.203,40.439,144.91
328.57,92.239,40.267,144.29
329.17,92.264,40.132,143.81
329.78,92.299,39.987,143.29
330.44,92.509,39.834,142.74
330.99,92.683,39.705,142.28
331.6,92.856,39.593,141.88
332.27,93.208,39.395,141.17
332.94,93.51,39.199,140.46
333.58,93.839,39.026,139.84
334.16,94.119,38.887,139.34
334.78,94.538,38.676,138.59
335.35,94.959,38.495,137.94
336.03,95.366,38.234,137.01
336.72,95.767,38.042,136.32
337.32,95.966,37.884,135.75
337.98,96.177,37.711,135.13
338.57,96.448,37.552,134.56
339.21,96.754,37.359,133.87
339.72,96.975,37.209,133.33
340.22,97.163,37.042,132.73
340.61,97.356,36.894,132.2
341.13,97.593,36.697,131.5
341.49,97.79,36.569,131.04
341.92,97.86,36.478,130.71
342.35,98.083,36.279,130
342.75,98.194,36.136,129.49
343.12,98.223,36.021,129.07
343.49,98.294,35.889,128.6
343.87,98.334,35.718,127.99
344.13,98.338,35.618,127.63
344.27,98.391,35.503,127.22
344.57,98.384,35.406,126.87
344.81,98.398,35.294,126.47
345.04,98.406,35.1,125.77
345.31,98.555,34.954,125.25
345.56,98.674,34.789,124.66
345.84,98.74,34.573,123.89
345.97,98.799,34.426,123.36
346.17,98.699,34.367,123.15
346.29,98.864,34.227,122.65
346.53,98.832,34.112,122.24
346.66,98.988,33.994,121.81
346.93,99.13,33.81,121.15
347.25,99.233,33.674,120.66
347.49,99.301,33.561,120.26
347.56,99.46,33.418,119.75
347.76,99.498,33.324,119.41
347.92,99.419,33.225,119.06
348.07,99.318,33.143,118.76
348.27,99.419,33.027,118.35
348.4,99.428,32.925,117.98
348.65,99.62,32.82,117.6
348.97,99.95,32.643,116.97
349.05,100.04,32.594,116.79
349.22,100.14,32.522,116.54
349.31,100.28,32.45,116.28
349.43,100.4,32.376,116.02
349.49,100.45,32.293,115.72
349.56,100.48,32.211,115.42
349.62,100.57,32.112,115.07
349.69,100.74,31.99,114.63
349.79,100.97,31.853,114.14
349.79,100.97,31.852,114.14
349.91,101.24,31.687,113.55
349.98,101.48,31.545,113.04
349.98,101.48,31.545,113.04
350.04,101.74,31.42,112.59
350.04,101.98,31.311,112.2
350.03,102.21,31.204,111.81
350,102.48,31.091,111.41
349.96,102.75,30.949,110.9
349.94,103.05,30.858,110.57
349.96,103.42,30.726,110.1
349.97,103.59,30.637,109.78
349.98,103.73,30.565,109.52
350.03,103.96,30.421,109.01
350.07,104.19,30.268,108.46
350.07,104.3,30.217,108.28
350.07,104.42,30.167,108.1
350.14,104.61,30.055,107.7
350.22,104.88,29.904,107.16
350.36,105.07,29.773,106.69
350.5,105.35,29.63,106.18
350.62,105.55,29.532,105.82
350.73,105.79,29.423,105.43
350.87,105.82,29.337,105.12
351.02,105.9,29.243,104.79
351.17,105.95,29.179,104.56
351.36,105.96,29.118,104.34
351.57,106.11,28.992,103.89
351.73,106.22,28.88,103.49
351.89,106.33,28.775,103.11
352.03,106.46,28.669,102.73
352.22,106.57,28.567,102.36
352.34,106.81,28.395,101.75
352.39,106.9,28.336,101.54
352.46,106.96,28.231,101.16
352.53,106.97,28.141,100.84
352.64,106.99,28.037,100.47
352.64,107,28.034,100.45
352.74,107.08,27.903,99.984
352.9,107.31,27.753,99.448
352.9,107.31,27.75,99.439
353.07,107.54,27.596,98.887
352.91,107.56,27.614,98.956
352.65,107.42,27.737,99.407
352.8,107.48,27.621,98.991
353.02,107.64,27.499,98.551
353.03,107.64,27.499,98.552
353.25,107.88,27.357,98.044
353.4,108.06,27.248,97.652
353.4,108.07,27.245,97.643
353.55,108.32,27.109,97.155
353.68,108.49,26.989,96.725
353.68,108.5,26.984,96.705
353.74,108.51,26.96,96.62
353.81,108.66,26.85,96.226
353.81,108.67,26.848,96.221
353.89,108.81,26.77,95.941
354.02,108.95,26.645,95.491
354.02,108.95,26.645,95.49
354.24,110.35,26.262,94.118
354.33,111.47,26.018,93.244
354.4,112.43,25.833,92.578
354.46,112.55,25.728,92.203
354.4,112.58,25.664,91.972
354.66,114.16,25.381,90.959
354.7,115,25.154,90.144
354.64,115.62,24.968,89.476
354.67,116.21,24.879,89.158
354.63,116.71,24.702,88.522
354.73,117.6,24.539,87.938
354.73,118.28,24.384,87.38
354.38,118.66,24.235,86.844
353.88,118.55,24.12,86.434
353.6,118.56,24.038,86.138
353.49,118.65,23.963,85.871
353.36,118.74,23.881,85.577
353.61,120.98,22.916,82.2
353.52,121.14,22.808,81.814
353.37,121.23,22.724,81.51
353.37,121.23,22.722,81.503
353.2,121.24,22.682,81.361
353.08,121.42,22.585,81.013
353.08,121.42,22.585,81.014
352.97,121.6,22.466,80.587
352.92,121.78,22.377,80.268
352.92,121.78,22.377,80.266
352.86,121.92,22.27,79.882
352.84,122.05,22.156,79.476
352.84,122.05,22.156,79.474
352.82,122.25,22.015,78.97
352.84,122.54,21.881,78.486
352.84,122.54,21.881,78.489
352.86,122.82,21.738,77.973
352.89,123.05,21.622,77.559
352.89,123.05,21.622,77.557
352.93,123.29,21.506,77.144
353.01,123.46,21.411,76.802
353.01,123.47,21.408,76.79
353.14,123.69,21.295,76.384
353.29,123.91,21.176,75.961
353.29,123.91,21.178,75.966
353.46,124.22,21.032,75.443
353.39,124.25,21.071,75.596
353.33,125.55,20.891,74.99
353.54,125.82,20.728,74.406
353.79,126.07,20.62,74.02
353.79,126.08,20.617,74.01
354.07,126.33,20.522,73.666
