NaN,NaN,NaN,-1
78.659,95.039,35.964,53.003
84.052,94.637,36.217,53.213
89.292,96.099,36.299,53.132
95.149,97.068,35.904,52.661
102.17,97.72,36.055,53.076
109.02,98.687,35.701,52.783
115.06,98.674,35.473,52.413
120.74,98.765,35.259,52.395
125.87,98.074,35.357,51.963
131.13,97.983,34.862,50.974
137.08,98.109,34.474,50.835
142.33,98.671,35.455,51.745
148.52,99.794,35.511,51.779
155.4,100.28,35.22,51.245
161.91,99.733,34.592,50.763
168.35,99.429,33.348,49.49
174.23,98.125,33.909,50.055
179.86,97.285,33.629,49.853
184.8,97.141,34.312,50.119
189.17,97.008,34.475,50.82
194.11,98.999,34.286,50.171
196.28,98.989,33.922,49.733
196.44,98.631,33.131,49.113
194.88,96.944,34.712,50.163
194.66,97.19,33.768,48.83
190.99,96.086,33.658,49.029
186.34,95.21,33.91,49.37
180.41,94.656,34.413,49.906
173.83,94.449,33.556,49.621
166.53,95.129,32.381,47.947
158.12,97.852,31.823,47.516
149.37,98.362,32.824,48.574
138.86,99.514,32.715,48.617
127.27,98.728,32.784,48.758
117.08,102.32,32.936,48.697
111.28,100.23,32.856,48.733
105.82,99.269,32.879,48.878
103.51,98.613,32.861,49.019
101.49,98.792,33.838,49.124
102.65,96.384,34.303,49.479
104.84,98.985,33.856,48.344
107.9,100.55,34.33,48.939
112.56,99.49,35.025,49.391
118.48,99.539,34.908,48.954
126.69,99.709,34.75,48.631
134.53,99.298,35.415,49.476
142.36,99.159,35.809,49.814
151.52,102.63,35.262,49.044
161.79,102.26,35.479,49.173
173.39,99.847,34.298,47.789
183.02,99.657,34.627,48.208
192.21,101.42,33.699,47.45
198.15,103.12,33.667,47.626
198.24,105.16,33.991,47.974
199,107.18,32.07,46.51
193.97,106.68,34.092,48.502
188.11,107.21,32.554,46.772
182.22,105.12,32.347,46.507
170.89,105.94,33.297,47.574
159.33,101.79,32.958,47.516
177.96,92.178,33.082,46.596
NaN,NaN,NaN,-2
NaN,NaN,NaN,0
NaN,NaN,NaN,0
NaN,NaN,NaN,0
NaN,NaN,NaN,0
NaN,NaN,NaN,-1
83.379,114.62,32.249,50.138
80.198,115,32.9,50.459
77.321,114.58,33.705,51.058
75.988,114.24,34.392,52.111
74.475,114.53,35.306,52.65
74.717,115.21,34.623,52.126
76.148,115.65,34.65,52.464
78.038,116.96,34.737,52.283
82.4,116.5,34.835,52.289
88.035,114.61,34.971,52.613
95.56,112.43,35.648,53.001
106.51,110.14,34.51,51.716
117.17,106.22,34.308,51.785
132.07,108.03,33.847,51.003
138.13,106.23,33.359,50.517
149.67,108.89,33.173,50.271
159.24,107.58,33.226,50.428
171.55,111.29,32.608,49.907
181.61,114.1,31.706,49.579
191.99,116.91,31.458,48.62
192.75,118.33,31.287,48.505
191.72,118.47,31.26,48.472
189.3,117.75,31.772,48.809
187.26,118.36,30.937,47.478
183.04,116.81,33.431,49.922
178.77,117.56,33.813,50.025
172.86,122.28,33.815,49.959
163.49,126.6,34.953,51.232
153.96,128.34,34.467,50.486
142.14,127.77,35.033,50.523
130.36,124.33,35.592,51.242
125.44,110.66,36.263,51.312
136.13,106.76,37.431,52.455
NaN,NaN,NaN,-2
NaN,NaN,NaN,0
NaN,NaN,NaN,0
NaN,NaN,NaN,0
NaN,NaN,NaN,0
NaN,NaN,NaN,-1
40.44,117.96,34.307,55.458
32.361,118.69,35.877,56.853
24.643,121.63,35.586,56.609
15.605,119.27,35.554,56.46
7.3542,111.9,36.272,57.013
-1.3997,105.83,36.539,56.295
-2.8057,103.13,35.727,55.091
-2.2894,109.31,35.411,54.882
-0.75733,121.69,36.209,55.462
8.0401,123.2,35.204,54.604
16.171,129.44,34.93,54.342
23.942,130.25,35.139,54.463
31.05,129.67,34.987,54.238
36.253,129.76,34.963,54.062
40.149,128.65,35.326,54.111
42.59,126.16,36.48,55.299
46.17,124.4,35.828,54.739
49.818,123.7,34.92,53.422
54.416,124.33,34.231,52.671
59.336,123.78,34.478,53.01
67.08,123.28,33.743,52.254
74.746,121.14,33.423,52.376
82.307,117.64,33.003,52.058
91.575,108.68,32.238,51.112
97.708,113.99,31.432,50.364
102.54,105.79,31.495,50.515
105.14,102.67,31.616,50.027
104.85,102.09,31.188,49.624
102.23,104.29,30.967,49.74
97.3,107.31,31.784,50.322
90.509,109.5,31.659,50.157
84.796,109.17,32.615,51.115
79.644,109.86,32.811,51.15
75.821,108.39,33.22,51.883
71.937,106.3,34.098,52.973
69.303,104.75,35.148,54.104
69.824,102.67,35.989,55.01
71.191,102.26,35.288,54.606
72.949,101.64,35.741,55.065
76.81,102.45,34.247,54.075
81.431,103.67,35.669,55.593
88.277,106.57,35.18,54.707
96.673,108.11,34.295,54.15
105.48,107.88,35.555,54.62
114.4,105.41,35.965,54.902
121.72,102.69,36.304,55.369
126.71,102.03,36.309,55.203
130.18,101.64,36.601,55.474
132.09,103.62,35.944,55.167
133.02,102.87,34.59,53.82
130.57,103.6,34.649,53.934
126.79,103.58,35.081,53.43
121.68,104.56,36.718,55.957
118.04,104.47,37.173,54.828
113.17,100.95,38.692,55.767
111.77,98.846,39.404,56.32
112.32,98.141,38.599,54.576
115.14,98.636,38.986,55.131
119.47,100.1,39.429,55.762
125.34,99.869,40.015,56.093
132.94,101.43,38.768,55.349
141.51,100.13,40.052,55.98
149.08,98.293,39.87,56.026
155.02,97.248,40.842,57.014
159.78,96.432,40.983,56.773
