NaN,NaN,NaN,-1
134.7,57.19,39.056,87.099
135.6,59.155,39.328,87.673
134.49,58.944,38.993,86.962
133.95,59.939,39.259,87.564
133.72,59.001,39.009,86.958
134.44,62.001,39.2,87.319
134.19,61.721,38.814,86.428
133.62,62.104,38.733,86.339
131.86,64.106,38.792,86.431
133.48,66.347,38.898,86.551
131.62,66.195,38.467,85.593
133.09,70.447,38.335,85.311
133.43,74.319,37.737,83.889
136.1,78.007,37.541,83.386
137.41,81.609,37.128,82.499
140.64,86.153,37.122,82.514
145.16,91.681,36.538,81.181
149.73,95.773,37.074,82.252
154.92,99.671,36.612,81.211
163.64,102.02,37.022,82.134
169.16,106.72,37.179,82.541
176.16,111.32,36.969,82.104
183.66,116,37.366,82.942
192.76,116.14,36.969,82.132
200.79,117.13,37.687,83.852
207.58,114.45,37.972,84.553
214.5,114.53,38.083,84.743
220.56,116.35,38.385,85.478
223.83,115.03,38.239,85.123
230.73,115.8,37.876,84.405
229.36,119.25,37.729,84.209
230.88,115.04,37.634,83.917
228.24,114.51,37.711,84.143
222.24,115.75,37.938,84.696
215.99,113.92,38.255,85.312
204.15,115.79,38.195,85.226
198.86,114.45,38.366,85.68
186.59,112.58,38.15,85.342
177.26,118.36,37.78,84.6
166.67,118.28,38.086,85.275
155.62,116.09,38.028,85.162
146.07,118.49,38.031,85.193
139.23,116.49,38.197,85.432
129.32,118.25,38.092,85.117
123.08,121.14,38.557,86.074
114.36,121.55,38.657,86.303
105.01,121.66,38.366,85.737
97.825,124.08,39.062,87.12
94.39,124.28,38.888,86.707
87.658,123.96,38.972,86.901
81.128,123.2,38.514,85.811
77.771,124.74,37.497,83.52
78.667,118.62,37.811,84.185
80.472,112.23,37.639,83.783
79.369,109.84,38.014,84.619
82.273,100.68,38.091,84.71
84.423,94.66,38.182,84.72
87.129,86.411,38.358,85.206
90.019,81.042,38.024,84.599
96.214,71.517,38.027,84.614
97.412,70.357,38.267,85.154
103.75,63.78,37.822,84.079
109.43,57.813,37.938,84.182
115.94,55.386,37.672,83.698
127.68,56.123,37.68,83.737
132.92,52.564,37.551,83.387
144.15,54.078,37.079,82.327
152.44,56.855,36.674,81.322
160.3,56.938,36.7,81.359
166.94,62.222,36.427,80.831
176.48,66.856,36.023,80.036
187.2,65.47,35.917,79.762
193.82,67.855,35.613,79.131
204.23,72.746,36.074,80.154
208.38,73.761,36.124,80.198
214.93,73.042,36.295,80.606
224.95,71.426,36.466,81.064
225.71,71.499,36.537,81.26
227.3,72.645,36.314,80.871
225.97,71.45,36.149,80.491
222.01,68.668,36.36,80.937
213.9,66.787,36.678,81.546
206.44,65.02,36.731,81.675
196.82,61.749,36.572,81.259
188.24,53.79,36.699,81.522
177.43,51.482,37.099,82.589
167.06,51.004,37.315,82.941
153.63,53.249,37.241,82.788
147.26,52.55,37.233,82.772
137.55,47.493,37.351,83.095
124.85,46.818,37.364,83.031
117.85,48.686,37.65,83.622
107.13,56.439,37.377,82.964
94.268,59.252,37.383,82.998
90.789,61.281,36.849,81.876
84.144,64.127,36.225,80.514
77.745,65.392,36.123,80.19
74.55,73.646,36.341,80.681
75.484,79.577,35.95,79.882
81.573,83.036,36.153,80.344
81.458,87.151,35.987,80.029
87.718,92.25,36.078,80.273
89.686,96.065,35.996,80.081
94.535,104.87,36.097,80.238
94.041,111.91,36.137,80.328
100.46,117,36.062,80.148
103.16,120.88,35.213,78.322
101.96,130.68,35.175,78.216
107.61,134.74,34.948,77.715
109.13,138.03,34.715,77.158
113.42,139.82,34.806,77.45
120.79,140.49,34.592,76.955
128.25,137.99,34.525,76.855
134.98,135.84,34.203,76.193
143.52,132.12,33.832,75.422
149.05,129.22,33.673,75.087
155.55,125.1,34.103,76.049
162.99,122.81,33.717,75.286
168.22,119.86,33.843,75.528
177.45,117.79,34.137,76.171
181.9,112.38,34.259,76.534
187.3,108.9,33.937,75.834
192.86,106.83,34.27,76.569
201.52,102.08,34.735,77.531
206.82,100.19,34.939,77.855
210.09,96.886,35.014,78.062
217.58,91.05,34.293,76.355
221.62,91.351,34.166,76.012
224.25,88.728,34.232,76.113
228.33,85.98,34.75,77.314
228.22,82.215,34.566,76.924
228.84,77.637,34.523,76.815
225.34,77.413,34.879,77.516
220.84,71.469,34.369,76.408
215.43,68.465,34.976,77.854
207.22,68.846,35.248,78.376
199.46,66.451,34.809,77.281
193.33,64.873,34.419,76.394
183.01,60.404,34.579,76.874
173.69,61.251,34.912,77.511
163.91,58.374,35.093,77.913
152.75,53.975,35.024,77.795
143.72,54.945,34.86,77.486
135.5,50.285,34.812,77.244
125.81,48.785,34.794,77.183
117.13,50.654,34.893,77.455
110.73,51.262,34.428,76.549
104.97,49.325,34.933,77.726
99.591,47.92,35.07,77.949
92.866,48.52,35.137,78.034
88.89,52.969,35.078,77.884
87.218,52.925,34.64,76.821
91.325,56.303,34.292,76.043
93.271,55.772,34.672,76.85
98.947,56.16,35.41,78.501
101.55,59.716,35.662,79.148
104.4,61.454,36.377,80.68
106.8,64.798,36.411,80.808
109.13,69.17,36.102,80.116
113.41,71.339,36.002,79.966
113.69,75.07,35.66,79.322
115.67,77.556,35.871,79.674
119.04,75.738,36.144,80.345
121.37,78.665,36.607,81.369
122.88,76.07,36.347,80.866
125.24,75.283,36.227,80.584
126.08,77.8,35.838,79.632
131.91,73.119,35.629,79.09
136.93,72.507,35.565,78.864
143.41,73.674,35.242,78.058
147.81,72.146,34.956,77.449
154.17,71.406,35.128,77.69
160.73,71.817,35.081,77.631
162.76,68.844,34.261,75.762
167.03,70.603,34.4,76.135
169.14,70.094,34.298,75.991
172.62,67.69,34.051,75.457
174.73,69.021,33.846,75.03
178.06,73.363,33.79,74.888
183.08,71.844,34.131,75.574
186.25,74.273,34.125,75.61
193.08,74.17,34.086,75.523
199.56,72.461,33.5,74.189
203.28,74.769,33.451,74.022
206.59,77.446,33.505,74.071
211.16,73.928,33.376,73.792
210.49,73.645,33.248,73.482
213.68,70.195,33.745,74.648
213.69,69.303,33.907,75.091
215.68,66.142,34.179,75.683
218.74,65.954,34.176,75.776
221.85,69.599,33.565,74.395
225.19,80.668,33.109,73.479
225.12,89.875,33.364,74.011
228.87,102.27,33.323,73.942
228.2,109.12,33.199,73.625
229.29,116.02,33.084,73.353
226.91,122.24,33.151,73.563
220.75,127.9,32.672,72.515
219.26,131.04,32.958,73.202
215.73,133.89,33.102,73.389
209.97,133.77,32.643,72.319
204.77,135.12,32.512,71.949
198.01,133.79,32.604,72.204
191.57,132.07,32.572,72.223
181.78,129.09,32.377,71.828
172.63,126.6,32.503,72.016
161.51,124.77,31.701,70.317
150.23,125.54,31.231,69.251
138.96,124.57,31.09,68.909
125.71,122.2,31.147,69.005
115.96,114.14,30.92,68.415
107.05,112.16,30.66,67.798
94.158,114.15,30.57,67.57
84.831,114.63,30.623,67.625
78.157,111.02,30.599,67.469
70.561,108.67,31.029,68.408
65.398,103.39,30.956,68.255
63.307,98.3,30.89,68.126
64.481,95.06,30.853,68.048
65.571,91.087,30.579,67.505
69.7,82.108,30.799,67.898
76.757,76.826,30.863,68.033
84.056,66.481,30.777,67.862
89.831,62.168,30.834,68.063
94.082,50.862,30.577,67.628
100.62,40.754,30.316,67.042
102.75,36.248,30.374,67.156
109.06,29.032,30.73,67.931
110.7,24.241,30.41,67.317
115.97,16.897,30.591,67.715
120.53,12.462,30.762,68.045
124.4,10.967,30.795,68.093
128.93,16.301,30.615,67.696
134.38,19.095,30.744,67.961
140.37,26.268,30.28,66.929
145.95,29.878,30.341,67.06
153.06,32.801,30.337,67.026
159.48,41.634,29.908,66.118
166.36,46.465,29.851,65.881
173.6,55.5,29.673,65.545
179.91,58.938,29.883,65.99
191.38,63.136,29.926,66.07
199.24,70.727,29.852,65.912
209.35,75.232,30.517,67.402
217.29,80.325,30.306,66.926
226.53,79.901,30.676,67.8
231.96,85.231,30.662,67.683
238.95,89.499,30.657,67.674
246.19,95.665,30.166,66.597
250.69,98.949,30.68,67.749
255.61,102.82,30.908,68.203
259.13,104.05,30.674,67.669
261.09,108.36,30.902,68.151
260,109.03,30.863,68.044
254.89,111.92,31.172,68.73
249,111.82,30.928,68.248
244.02,113.16,30.887,68.197
235.11,111.06,30.862,68.164
226.82,113.18,30.96,68.428
214.75,112.73,30.682,67.767
205.19,112.67,30.504,67.373
194.94,115.01,30.638,67.743
187.25,115.58,31.524,69.758
177.41,114.38,31.362,69.406
168.66,116.43,31.603,69.965
156.12,115.02,31.518,69.906
147.7,119.37,31.228,69.416
138.88,116.56,31.132,69.323
130.83,117.58,30.868,68.676
121.35,113.34,30.62,68.133
114.58,112.22,30.502,67.906
108.32,112.28,30.578,68.014
99.868,114.93,29.965,66.615
95.164,113.72,30.282,67.371
87.033,108.58,30.287,67.43
85.513,106.55,30.179,67.237
80.549,102.98,29.955,66.801
76.397,98.76,29.884,66.622
72.034,94.181,29.508,65.681
70.856,86.51,29.596,65.829
69.132,83.84,29.402,65.422
68.655,75.435,29.461,65.566
68.356,69.791,29.599,65.854
66.518,64.408,29.758,66.183
67.936,54.12,29.911,66.488
67.619,51.168,30.058,66.728
68.105,43.594,30.054,66.655
67.9,39.096,29.96,66.416
68.918,35.757,29.328,64.928
67.326,33.086,29.33,65.063
65.225,27.821,28.736,63.701
62.706,28.254,28.643,63.503
61.019,32.554,28.623,63.502
60.275,37.146,28.387,62.975
56.46,41.425,28.875,64.061
54.341,45.27,28.829,63.914
52.38,49.149,29.147,64.676
52.468,52.024,29.934,66.466
51.422,50.98,29.814,66.217
53.619,54.799,29.423,65.358
56.711,57.737,28.919,64.248
59.062,61.496,29.097,64.682
63.844,65.484,28.987,64.409
64.942,72.037,28.894,64.172
69.619,75.256,29.073,64.608
71.855,81.459,29.016,64.521
78.982,89.063,29.523,65.713
84.079,93.262,29.585,65.842
91.396,98.736,29.838,66.42
99.562,103.32,29.704,66.084
108.08,107.55,29.413,65.405
122.62,107.63,29.511,65.575
132.54,110.14,29.353,65.186
141.98,114.34,28.924,64.319
151.99,112.73,29.11,64.862
163.75,108.6,29.026,64.605
173.28,103.55,29.158,64.949
183.75,102.7,28.882,64.341
191.61,96.294,28.678,63.825
197.03,96.178,28.618,63.79
202.34,91.862,28.459,63.373
204.91,89.268,28.936,64.409
203.9,90.416,28.773,64.014
202.36,88.166,28.932,64.416
199.61,84.35,28.82,64.192
194.18,82.147,28.815,64.222
189,76.055,29.58,66.04
181.67,71.564,29.714,66.414
174.75,70.957,29.753,66.569
168.21,67.071,29.696,66.504
161.78,62.215,29.865,66.871
156.89,58.932,29.89,67.006
149.4,60.748,30.137,67.51
140.75,61.235,29.828,66.916
134.41,64.308,29.943,67.286
129.11,69.015,29.805,66.967
121.77,74.8,29.838,67.058
118.51,81.405,29.447,66.252
113.45,85.496,29.775,66.925
111.31,90.321,29.368,65.999
112.97,95.635,29.425,66.049
115.55,98.831,29.617,66.449
120.87,101.6,29.509,66.167
128.94,103.41,29.748,66.571
139.56,99.345,29.644,66.303
146.47,101.33,29.531,66.11
157.89,103.13,29.159,65.358
166.63,105,28.727,64.481
176.91,99.977,28.914,64.933
187.43,103.72,28.889,64.919
193.16,105.06,29.266,65.82
199.53,103.74,29.453,66.299
204.89,105.73,29.002,65.405
209.98,111.07,29.77,67.181
214.01,110.61,30.035,67.833
213.32,114.5,29.688,67.035
214.1,117.31,30.119,68.01
210.28,124.42,29.553,66.816
202.31,125.53,29.495,66.773
196.23,130.9,30.155,68.158
190.39,128.14,29.61,66.973
181.53,133.69,29.534,66.911
177.15,132.56,29.707,67.326
166.91,133.1,29.977,67.884
158.42,130.74,29.212,66.103
146.72,129.19,29.496,66.79
137.94,126.2,29.807,67.428
131.53,120.57,29.479,66.711
121.08,116.9,29.158,66.053
112.11,111.35,29.382,66.542
101.39,105.44,29.153,66.039
91.905,99.601,29.276,66.406
85.222,91.19,29.5,66.926
79.681,87.041,29.153,66.06
70.151,80.062,28.744,65.163
67.327,71.815,28.365,64.272
65.919,66.555,28.755,65.114
68.15,60.911,28.733,65.076
71.275,53.708,28.678,64.882
75.006,52.018,28.716,65.016
82.085,46.341,28.572,64.761
88.269,43.607,28.337,64.237
92.467,38.089,28.506,64.587
98.991,35.372,28.62,64.814
101.03,34.835,28.101,63.617
106.33,31.429,28.142,63.735
109.87,30.591,28.207,63.859
112.22,32.806,28.09,63.544
118.52,36.377,28.474,64.402
119.73,37.335,28.562,64.678
125.47,44.249,29.002,65.703
130.97,47.099,28.752,65.126
134.96,52.54,28.627,64.831
135.44,57.414,28.559,64.727
140.35,60.266,28.76,65.269
144.76,60.936,28.46,64.572
146.18,66.305,27.987,63.467
149.87,66.229,27.797,63.005
152.22,69.389,28.44,64.499
153.48,70.586,28.947,65.663
155.64,69.578,28.573,64.708
159.28,71.46,29.069,65.8
