NaN,NaN,NaN,-1
82,92,37,51
87,91,37,51
92,92,37,51
98,93,37,51
105,95,37,51
111,95,37,51
117,95,37,51
123,94,37,51
128,99,37,51
132,98,37,51
137,100,37,51
143,100,37,51
150,101,37,51
157,101,37,51
162,101,37,51
168,100,37,51
174,99,37,51
180,98,37,51
184,98,37,51
189,98,37,51
193,99,37,51
196,100,37,51
196,99,37,51
195,98,37,51
194,97,37,51
191,96,37,51
186,96,37,51
181,95,37,51
175,94,37,51
167,94,37,51
159,96,37,51
149,96,37,51
138,97,37,51
128,99,37,51
119,98,37,51
113,97,37,51
109,95,37,51
106,94,37,51
105,94,37,51
106,94,37,51
109,96,37,51
113,98,37,51
118,98,37,51
124,97,37,51
131,97,37,51
138,97,37,51
147,98,37,51
156,98,37,51
166,99,37,51
175,100,37,51
184,100,37,51
191,101,37,51
197,103,37,51
200,104,37,51
199,105,37,51
195,106,37,51
188,106,37,51
179,105,37,51
168,104,37,51
154,103,37,51
140,101,37,51
127,101,37,51
117,100,37,51
112,89,37,51
102,79,37,51
91,63,37,51
75,71,37,51
76,72,37,51
70,71,37,51
95,74,37,51
95,74,37,51
95,74,37,51
95,74,37,51
94,74,37,51
94,74,37,51
94,74,37,51
94,73,37,51
93,73,37,51
93,73,37,51
91,73,37,51
NaN,NaN,NaN,-2
NaN,NaN,NaN,0
NaN,NaN,NaN,0
NaN,NaN,NaN,0
NaN,NaN,NaN,0
NaN,NaN,NaN,-1
205,109,35,54
206,110,35,54
204,110,35,54
202,110,35,54
200,109,35,54
196,109,35,54
193,110,35,54
188,113,35,54
181,117,35,54
173,119,35,54
162,116,35,54
148,108,35,54
132,101,35,54
115,99,35,54
96,80,35,54
75,65,35,54
NaN,NaN,NaN,-2
NaN,NaN,NaN,0
NaN,NaN,NaN,0
NaN,NaN,NaN,0
NaN,NaN,NaN,0
NaN,NaN,NaN,-1
24,115,36,55
16,113,36,55
8,106,36,55
1,102,36,55
1,98,36,55
1,94,36,55
1,90,36,55
1,86,36,55
1,82,36,55
1,78,36,55
NaN,NaN,NaN,-2
NaN,NaN,NaN,0
NaN,NaN,NaN,0
NaN,NaN,NaN,0
NaN,NaN,NaN,0
NaN,NaN,NaN,-1
58,132,38,54
63,133,38,54
69,132,38,54
77,130,38,54
85,125,38,54
94,117,38,54
102,107,38,54
107,100,38,54
110,96,38,54
109,95,38,54
106,97,38,54
101,100,38,54
95,102,38,54
89,102,38,54
84,103,38,54
80,102,38,54
77,100,38,54
75,98,38,54
75,97,38,54
77,97,38,54
79,97,38,54
82,97,38,54
87,99,38,54
94,101,38,54
102,103,38,54
111,103,38,54
120,101,38,54
128,99,38,54
134,98,38,54
137,97,38,54
132,112,38,54
132,111,38,54
132,109,38,54
130,110,38,54
126,111,38,54
122,111,38,54
119,109,38,54
118,106,38,54
119,105,38,54
122,106,38,54
126,107,38,54
133,107,38,54
141,107,38,54
149,106,38,54
157,105,38,54
164,104,38,54
169,104,38,54
