NaN,NaN,NaN,-1
149.79,95.251,19.965,45.989
145.78,96.442,23.595,44.165
140.58,92.51,29.04,45.98
136.04,90.255,32.065,47.19
132.52,90.519,36.905,47.489
130.76,89.265,39.325,44.77
145.64,88.742,26.62,44.165
146.19,88.138,26.62,45.375
150.7,87.01,24.2,45.98
153.53,85.855,22.385,47.19
155.27,85.305,20.57,47.19
155.24,85.828,21.175,47.795
149.52,85.195,26.015,49.61
144.98,86.295,29.04,49.61
139.84,87.422,33.275,49.005
136.56,85.69,32.67,50.82
133.35,86.267,30.855,50.215
130.68,86.212,29.04,51.425
122.21,86.185,33.88,52.03
118.83,85.635,35.695,52.03
126.42,85.058,26.015,52.635
125.76,85.058,28.435,52.635
123.45,85.112,30.855,51.425
122.18,83.903,34.485,53.845
123.92,83.352,32.67,53.845
126.12,81.648,32.67,55.055
127.16,81.098,33.88,55.055
128.18,79.888,35.695,57.475
130.38,80.438,35.695,57.475
132.52,78.76,36.905,58.08
135.66,82.252,40.535,53.845
138.38,82.252,41.14,53.845
138.79,82.032,44.165,58.685
140.41,80.823,32.67,61.105
139.81,80.823,33.88,61.105
139.21,81.538,35.09,57.475
139.75,80.96,35.09,58.08
139.73,80.417,35.695,57.937
140.22,83.325,36.905,54.45
140.75,83.93,37.51,53.24
141.82,83.903,38.115,53.845
141.79,83.793,38.72,56.265
142.34,83.765,38.72,56.87
139.4,84.315,42.955,56.87
136.45,83.71,47.19,58.08
144.43,83.985,41.14,52.03
146.11,85.085,40.535,52.03
145.37,84.48,44.77,53.24
162.63,84.48,27.83,53.24
163.19,84.453,27.83,53.845
162.63,84.865,27.83,56.87
160.35,84.838,29.645,57.475
158.65,83.078,30.855,59.895
155.87,83.078,31.46,59.895
154.8,83.05,30.855,60.5
150.29,83.765,33.275,56.87
145.31,84.975,33.88,54.45
138.27,84.343,31.46,56.265
131.7,83.765,30.855,56.87
125.59,82.665,32.065,56.87
121.74,81.62,32.065,55.66
121.17,78.815,32.67,56.87
121.66,78.293,33.88,56.265
123.23,77.715,35.695,56.87
127.66,77.385,35.09,52.03
132.61,76.835,35.09,52.03
136.89,75.708,37.51,52.635
141.84,75.735,37.51,52.03
148.44,75.13,37.51,53.24
154.47,74.58,38.115,53.24
159.36,77.468,39.325,50.215
164.94,77.412,37.51,51.425
166.43,77.99,41.14,50.82
169.21,76.78,40.535,53.24
169.73,76.78,41.14,53.24
169.21,83.078,40.535,47.795
167.47,84.728,42.35,47.795
167.47,85.25,42.35,48.4
168.05,85.718,41.745,50.215
169.78,86.873,39.93,49.005
170.31,86.267,40.535,50.215
171.85,86.157,42.955,52.635
173.53,86.735,42.35,52.03
175.72,87.23,42.35,53.24
177.43,88.88,41.14,53.24
180.76,87.588,40.535,57.475
181.25,87.588,41.745,57.475
182.88,87.615,42.35,56.87
185.07,88.825,42.35,54.45
187.25,90.585,42.955,52.03
188.38,89.43,42.35,53.24
187.22,87.752,43.56,53.845
186.12,86.047,43.56,55.055
186.01,85.58,45.98,53.24
186.45,82.83,36.3,53.24
182.63,82.362,35.695,51.425
178.12,80.657,38.115,52.635
175.94,80.19,37.51,50.82
174.76,76.78,39.325,53.24
173.69,76.258,38.72,52.635
172.04,75.653,38.72,53.845
172.04,73.892,38.72,56.265
172.62,72.132,38.115,58.685
172.62,75.075,38.115,54.45
172.53,74.498,39.93,55.055
174.27,79.145,38.115,49.61
174.24,77.468,38.72,50.215
172.01,75.735,39.325,52.03
168.11,82.182,40.535,43.291
165.36,82.72,40.535,43.56
164.86,82.17,39.325,43.56
163.79,82.775,38.72,42.35
161.64,83.325,37.51,42.35
158.32,82.748,38.115,42.955
154.96,83.325,39.325,42.35
153.62,83.847,37.852,42.955
150.18,84.92,35.695,43.56
149.22,85.498,32.67,42.955
148.72,86.047,31.46,42.955
148.14,88.275,32.065,42.35
145.47,90.448,30.25,42.955
144.93,93.472,30.25,36.905
141.49,92.73,33.275,41.14
140.99,94.985,32.065,39.93
145.5,96.662,29.645,39.325
150.97,97.13,30.25,41.14
158.12,97.13,30.25,41.14
165.85,96.002,29.645,41.745
171.22,95.425,32.67,42.35
174.05,92.703,30.855,41.745
176.77,88.77,31.46,43.56
181.72,87.752,31.46,41.745
186.06,84.343,32.67,44.165
190.52,84.26,31.46,45.98
193.24,82.665,32.065,44.77
196.57,82.142,31.46,44.165
199.9,80.987,30.855,45.375
201.03,80.438,30.25,45.375
200.5,80.96,29.645,45.98
196.54,83.27,32.065,43.56
191.43,87.23,35.695,41.14
182.57,88.77,36.905,43.56
175.34,93.17,38.72,43.56
167.64,96.278,38.72,47.795
161.59,99.66,38.72,45.98
157.3,100.54,36.3,50.82
153.97,98.698,36.905,55.055
149.52,100.35,38.115,55.055
145.01,104.36,40.535,51.425
144.43,102.63,41.14,53.24
146.11,101.53,40.535,53.24
147.73,97.625,41.14,54.45
148.78,95.453,42.35,53.845
151.61,94.903,40.535,53.845
154.44,93.225,38.72,54.45
151.61,92.153,40.535,53.845
150.59,92.263,38.72,51.425
149.9,91.135,41.745,52.03
148.93,90.035,38.843,52.03
149.54,91.822,37.51,49.005
147.37,92.428,36.905,47.795
143.52,91.932,36.905,46.585
136.26,91.41,39.325,45.98
131.86,89.733,39.325,46.585
126.28,90.31,41.14,45.98
125.84,89.843,38.72,44.165
125.76,90.998,40.535,42.955
127.08,91.575,35.695,42.35
129.47,93.5,31.46,36.3
128.43,88.192,30.25,44.165
125.57,87.67,26.906,43.56
121.3,85.525,29.645,42.35
118.8,84.453,24.2,41.745
109.81,84.37,28.435,43.56
106.95,81.07,30.855,43.56
102.38,82.748,34.485,42.955
99.445,81.015,38.138,44.77
94.462,78.017,39.325,50.215
84.838,77.275,45.375,54.45
74.8,81.235,48.4,52.03
NaN,NaN,NaN,-2
NaN,NaN,NaN,0
NaN,NaN,NaN,0
NaN,NaN,NaN,0
NaN,NaN,NaN,0
NaN,NaN,NaN,-1
122.76,88.29,18.48,50.82
123.24,88.71,21.12,54.78
128.1,88.08,19.8,55.44
131.13,89.94,19.14,54.12
133.53,88.74,19.14,54.12
137.1,86.19,19.8,57.42
135.63,86.76,25.74,58.08
136.56,88.65,31.68,56.1
138.54,88.05,27.72,56.1
134.79,88.11,31.02,54.78
130.98,87.45,35.64,56.1
130.38,87.3,35.64,59.4
126.63,87.3,38.94,59.4
123.39,86.64,44.22,60.72
123.99,86.88,44.22,55.44
119.01,87.51,48.18,54.78
115.98,86.94,48.84,54.12
109.77,86.94,53.46,54.12
114.06,87.66,51.48,51.48
112.83,87.69,52.14,50.82
123.96,85.89,44.88,50.82
122.07,84.69,46.86,50.82
127.83,84.12,38.94,50.16
123.95,84.15,39.237,49.5
118.62,83.55,43.56,49.5
113.64,82.92,47.52,50.16
123.09,84.75,37.62,49.5
120.57,83.37,40.26,53.46
120.03,82.77,38.94,53.46
116.28,82.86,42.24,51.48
112.62,82.92,43.56,50.16
113.97,84.12,40.26,50.16
108.96,84.66,44.88,51.48
109.68,85.26,42.24,51.48
112.2,86.49,39.6,50.82
114.42,87.12,43.56,50.16
117.9,86.49,46.2,50.82
119.01,87.87,48.18,46.86
118.86,89.76,51.48,44.88
123.06,92.25,51.48,42.9
132.48,92.239,42.24,42.911
136.11,92.94,41.58,40.92
139.05,91.05,42.9,42.9
136.38,91.59,48.84,44.22
136.29,91.53,50.82,45.54
134.37,89.58,53.46,48.84
140.61,88.92,48.18,50.16
139.32,92.1,50.16,46.2
136.77,90.18,53.46,48.84
134.79,91.08,57.42,42.24
141.06,91.71,51.48,41.58
142.41,90.39,48.18,44.22
140.49,88.56,50.82,44.88
138.03,90.45,52.14,42.9
144.27,91.8,46.86,39.6
142.92,92.4,50.16,39.6
147.24,89.91,47.52,41.58
152.1,90.57,46.2,40.26
150.69,89.31,50.82,41.58
150.57,88.68,53.46,42.24
157.38,88.02,48.84,43.56
156,86.79,52.8,44.22
154.53,85.53,58.74,45.54
155.16,86.13,58.08,45.54
165.15,85.98,49.5,48.84
164.55,87.18,49.5,48.84
162.15,89.64,49.5,47.52
162.72,90.84,50.16,47.52
161.52,93.3,50.16,46.2
160.92,96.33,50.16,45.54
157.92,96.93,50.198,45.54
154.89,101.66,50.82,41.841
151.74,102.51,54.12,41.58
149.28,99.36,55.44,44.88
146.79,100.59,57.42,44.22
150.81,99.93,48.18,45.54
147.78,101.19,48.84,44.22
145.95,103.11,49.5,41.58
142.86,100.53,51.48,45.54
149.7,99.9,46.2,46.2
148.41,99.9,48.18,46.2
147.72,101.85,50.16,42.9
152.73,108.24,45.54,34.32
154.53,108.87,45.54,33.66
