NaN,NaN,NaN,-1
117,52,37,90
119,51,37,90
119,51,37,90
119,52,37,90
119,52,37,90
120,52,37,90
119,53,37,90
119,54,37,90
119,55,37,90
119,57,37,90
119,59,37,90
119,61,37,90
120,64,37,90
122,67,37,90
125,72,37,90
127,77,37,90
131,81,37,90
136,85,37,90
142,90,37,90
149,94,37,90
156,98,37,90
164,100,37,90
172,103,37,90
179,104,37,90
188,106,37,90
196,107,37,90
204,107,37,90
211,108,37,90
216,108,37,90
221,108,37,90
224,108,37,90
226,107,37,90
224,106,37,90
218,106,37,90
212,105,37,90
204,105,37,90
195,105,37,90
184,105,37,90
174,106,37,90
163,106,37,90
152,107,37,90
143,108,37,90
137,109,37,90
127,110,37,90
118,111,37,90
110,112,37,90
103,113,37,90
97,114,37,90
91,114,37,90
86,114,37,90
81,113,37,90
79,111,37,90
78,107,37,90
78,102,37,90
79,97,37,90
80,91,37,90
83,84,37,90
85,77,37,90
88,70,37,90
91,63,37,90
93,59,37,90
97,55,37,90
103,51,37,90
110,49,37,90
117,47,37,90
125,46,37,90
134,46,37,90
142,47,37,90
149,50,37,90
157,53,37,90
164,55,37,90
172,57,37,90
180,59,37,90
189,61,37,90
197,62,37,90
203,63,37,90
209,64,37,90
213,64,37,90
215,64,37,90
214,63,37,90
210,61,37,90
203,59,37,90
194,56,37,90
185,53,37,90
175,51,37,90
164,48,37,90
155,46,37,90
145,45,37,90
135,43,37,90
125,43,37,90
114,43,37,90
104,45,37,90
95,48,37,90
85,51,37,90
77,54,37,90
71,56,37,90
66,60,37,90
64,64,37,90
66,68,37,90
68,74,37,90
71,79,37,90
75,84,37,90
80,89,37,90
83,94,37,90
86,99,37,90
89,105,37,90
92,111,37,90
95,117,37,90
99,121,37,90
103,124,37,90
109,125,37,90
115,126,37,90
121,125,37,90
128,122,37,90
137,118,37,90
144,114,37,90
151,110,37,90
158,106,37,90
165,103,37,90
171,100,37,90
177,97,37,90
183,94,37,90
189,90,37,90
195,87,37,90
200,84,37,90
205,82,37,90
210,79,37,90
214,76,37,90
217,74,37,90
220,71,37,90
221,68,37,90
220,65,37,90
218,62,37,90
212,59,37,90
206,56,37,90
199,54,37,90
191,52,37,90
182,50,37,90
172,48,37,90
162,46,37,90
152,44,37,90
142,42,37,90
132,41,37,90
123,40,37,90
114,39,37,90
105,38,37,90
98,37,37,90
91,37,37,90
85,37,37,90
80,38,37,90
77,39,37,90
76,40,37,90
78,42,37,90
81,43,37,90
85,45,37,90
90,48,37,90
93,52,37,90
96,55,37,90
98,59,37,90
101,62,37,90
104,65,37,90
106,67,37,90
108,68,37,90
110,67,37,90
112,67,37,90
115,67,37,90
118,66,37,90
122,64,37,90
129,63,37,90
135,62,37,90
140,62,37,90
147,61,37,90
153,59,37,90
157,57,37,90
161,56,37,90
163,55,37,90
166,55,37,90
169,55,37,90
173,56,37,90
178,57,37,90
183,58,37,90
189,59,37,90
194,59,37,90
198,58,37,90
203,57,37,90
206,55,37,90
208,53,37,90
210,51,37,90
211,48,37,90
213,46,37,90
216,47,37,90
218,51,37,90
221,57,37,90
223,67,37,90
224,78,37,90
224,86,37,90
225,92,37,90
223,100,37,90
219,105,37,90
215,108,37,90
212,109,37,90
207,110,37,90
202,111,37,90
195,109,37,90
188,107,37,90
177,105,37,90
168,104,37,90
156,103,37,90
145,101,37,90
134,99,37,90
122,96,37,90
111,93,37,90
100,91,37,90
89,89,37,90
80,88,37,90
72,86,37,90
66,84,37,90
61,81,37,90
59,77,37,90
59,72,37,90
62,65,37,90
67,58,37,90
72,50,37,90
79,42,37,90
85,34,37,90
91,27,37,90
96,19,37,90
100,11,37,90
104,4,37,90
109,1,37,90
116,1,37,90
122,1,37,90
128,1,37,90
132,1,37,90
136,1,37,90
141,5,37,90
145,8,37,90
152,13,37,90
158,19,37,90
164,25,37,90
171,30,37,90
179,36,37,90
188,42,37,90
197,48,37,90
206,52,37,90
215,57,37,90
223,61,37,90
230,65,37,90
237,70,37,90
243,74,37,90
249,79,37,90
254,83,37,90
257,86,37,90
259,89,37,90
258,91,37,90
254,93,37,90
249,93,37,90
241,93,37,90
233,94,37,90
223,94,37,90
215,93,37,90
205,93,37,90
195,94,37,90
186,96,37,90
176,97,37,90
167,99,37,90
157,100,37,90
147,101,37,90
137,101,37,90
128,101,37,90
119,99,37,90
111,98,37,90
104,97,37,90
97,96,37,90
91,94,37,90
86,92,37,90
81,88,37,90
78,84,37,90
74,79,37,90
71,74,37,90
69,69,37,90
67,63,37,90
65,57,37,90
64,51,37,90
64,44,37,90
65,37,37,90
66,30,37,90
66,23,37,90
66,17,37,90
66,13,37,90
64,9,37,90
62,6,37,90
61,4,37,90
59,6,37,90
57,11,37,90
54,16,37,90
52,19,37,90
51,23,37,90
49,26,37,90
49,28,37,90
51,30,37,90
53,31,37,90
56,34,37,90
59,38,37,90
63,43,37,90
66,50,37,90
70,57,37,90
76,63,37,90
82,70,37,90
89,76,37,90
97,81,37,90
106,85,37,90
117,88,37,90
129,90,37,90
140,91,37,90
151,91,37,90
162,88,37,90
173,85,37,90
182,81,37,90
189,78,37,90
194,75,37,90
198,73,37,90
201,71,37,90
201,69,37,90
200,67,37,90
197,64,37,90
192,61,37,90
187,57,37,90
181,53,37,90
174,50,37,90
168,47,37,90
162,44,37,90
155,42,37,90
148,42,37,90
141,43,37,90
133,45,37,90
126,49,37,90
120,55,37,90
115,61,37,90
112,67,37,90
110,72,37,90
110,76,37,90
114,80,37,90
119,82,37,90
127,83,37,90
136,84,37,90
145,84,37,90
155,84,37,90
165,83,37,90
175,83,37,90
183,83,37,90
191,84,37,90
198,86,37,90
203,87,37,90
207,89,37,90
210,92,37,90
212,96,37,90
211,101,37,90
208,105,37,90
202,109,37,90
195,111,37,90
188,112,37,90
181,113,37,90
174,113,37,90
166,113,37,90
157,112,37,90
146,109,37,90
137,106,37,90
128,102,37,90
118,97,37,90
108,92,37,90
98,87,37,90
89,81,37,90
82,74,37,90
75,67,37,90
69,60,37,90
65,53,37,90
64,47,37,90
65,40,37,90
68,34,37,90
73,29,37,90
78,24,37,90
84,20,37,90
89,16,37,90
95,13,37,90
99,10,37,90
103,8,37,90
107,7,37,90
111,8,37,90
114,11,37,90
118,15,37,90
122,19,37,90
126,24,37,90
130,29,37,90
134,34,37,90
137,38,37,90
140,41,37,90
143,43,37,90
146,45,37,90
149,46,37,90
151,48,37,90
153,50,37,90
155,51,37,90
