NaN,NaN,NaN,-1
225.18,92.669,42,48
225.28,92.655,42,48
225.28,92.641,42,48
225.28,92.641,42,48
225.28,92.641,42,48
224.61,92.814,42,48
224.61,92.814,42,48
224.61,92.814,42,48
224.53,92.857,42,48
224.06,92.833,42,48
223.66,92.875,42,48
223.54,92.903,42,48
222.96,92.874,42,48
220.48,91.871,42.42,48.48
219.78,91.469,42.844,48.965
215.45,89.447,43.273,49.454
210.47,87.278,43.705,49.949
198.99,87.202,43.705,49.949
195.5,87.098,44.142,50.448
191.05,85.98,44.584,50.953
188.58,85.218,45.03,51.462
185.6,85.771,45.48,51.977
184.74,85.671,45.935,52.497
181.58,86.093,46.394,53.022
179.7,86.123,46.858,53.552
158.04,92.856,46.389,53.017
153.86,105.98,45.926,52.486
151.14,113.86,45.466,51.962
146.82,122.6,45.012,51.442
NaN,NaN,NaN,-2
NaN,NaN,NaN,0
NaN,NaN,NaN,0
NaN,NaN,NaN,0
NaN,NaN,NaN,0
NaN,NaN,NaN,-1
40.761,111.47,55,63
40.813,114.09,55.55,63.63
40.665,114.32,56.105,64.266
40.534,114.21,56.667,64.909
40.403,114.21,57.233,65.558
40.589,116.39,57.806,66.214
41.103,120.31,58.384,66.876
43.027,124.25,58.967,67.545
54.137,129.48,59.557,68.22
59.423,129.05,59.557,68.22
68.493,127.02,59.557,68.22
75.894,126.27,59.557,68.22
77.995,122.9,60.153,68.902
79.667,116.75,60.754,69.591
82.057,112.32,61.362,70.287
81.799,111.08,61.975,70.99
81.403,111.32,62.595,71.7
74.814,117.03,63.221,72.417
NaN,NaN,NaN,-2
NaN,NaN,NaN,0
NaN,NaN,NaN,0
NaN,NaN,NaN,0
NaN,NaN,NaN,0
NaN,NaN,NaN,-1
177.55,68.707,44,65
178.14,67.972,44,65
178.32,64.474,44.44,65.65
180.5,60.953,44.884,66.307
182.34,60.741,45.333,66.97
186.54,59.61,45.787,67.639
202.91,58.607,45.329,66.963
216.25,61.722,44.875,66.293
227.71,60.889,44.875,66.293
231.62,63.642,44.875,66.293
233.71,65.464,44.875,66.293
234.67,65.944,44.427,65.63
236.05,64.924,43.982,64.974
235.83,64.629,43.543,64.324
233.6,63.759,43.107,63.681
233.66,64.081,42.676,63.044
232.52,69.922,42.676,63.044
232.62,70.348,42.249,62.414
232.63,71.054,41.827,61.79
235.04,77.055,41.409,61.172
235.49,80.91,40.994,60.56
237.31,85.053,40.585,59.954
239.54,89.123,40.179,59.355
241.42,91.354,39.777,58.761
244.27,94.18,39.379,58.174
244.63,96.404,38.985,57.592
246.48,103.52,38.595,57.016
251.26,112.53,38.21,56.446
252.46,121.69,37.827,55.881
254.4,129.31,37.827,55.881
254.12,138.3,37.827,55.881
251.84,141.85,37.449,55.323
251.91,142.25,37.075,54.769
249.73,138.83,36.704,54.222
248.18,137.12,36.704,54.222
245.19,134.75,37.071,54.764
240.39,128.59,37.442,55.312
237.23,126.15,37.816,55.865
232.23,120.18,38.194,56.423
224.3,112.62,38.576,56.988
217.27,104.74,38.962,57.557
216.4,104.11,39.352,58.133
201.91,102.66,39.745,58.714
190.29,95.278,40.143,59.301
180.38,93.31,40.544,59.894
177.33,95.679,40.949,60.493
164.91,115.3,40.949,60.493
162.87,115.07,41.359,61.098
154.33,116.96,40.945,60.487
149.87,121.71,40.536,59.883
148.56,123.9,40.536,59.883
147.39,125.78,40.13,59.284
147.23,124.42,39.729,58.691
147.23,120.92,39.332,58.104
143.99,111.97,38.939,57.523
142.94,107.21,38.549,56.948
142.14,103.71,38.164,56.378
141.88,96.004,38.164,56.378
143.07,87.345,38.545,56.942
145.24,71.592,38.931,57.511
144.75,68.102,39.32,58.087
144.83,63.53,39.713,58.667
147.53,61.164,40.11,59.254
149.43,58.796,40.512,59.847
149.71,58.367,40.512,59.847
151.41,57.825,40.512,59.847
151.96,57.582,40.512,59.847
152.8,57.688,40.106,59.248
154.86,56.618,39.705,58.656
157.64,53.54,39.308,58.069
158.27,49.315,38.915,57.488
158.62,49.362,38.526,56.914
159.44,49.588,38.141,56.344
159.83,49.88,37.759,55.781
162.09,50.614,37.382,55.223
164.66,51.82,37.008,54.671
166.74,52.651,36.638,54.124
173.75,53.853,37.004,54.665
176.88,53.583,37.374,55.212
177.06,53.764,37.748,55.764
177.61,53.651,38.126,56.322
178.63,53.988,38.507,56.885
179.13,54.19,38.892,57.454
179.67,54.142,39.281,58.028
179.88,53.99,39.674,58.609
180.11,55.48,40.07,59.195
179.66,59.612,40.471,59.787
179.71,67.614,40.876,60.385
178.7,71.459,41.285,60.988
177.68,75.058,41.285,60.988
175.57,76.832,41.697,61.598
174.66,77.101,42.114,62.214
163.45,91.694,41.693,61.592
156.84,119.43,41.276,60.976
151.71,129.72,40.863,60.367
148.12,135.61,40.455,59.763
144.09,138.34,40.05,59.165
142.02,139.83,39.65,58.574
140.38,142.84,39.253,57.988
139.62,143.02,39.646,58.568
136.59,146.06,40.042,59.153
125.77,159.48,39.642,58.562
122.62,163.86,39.245,57.976
122.6,165.83,38.853,57.396
122.88,166.68,38.464,56.823
NaN,NaN,NaN,-2
NaN,NaN,NaN,0
NaN,NaN,NaN,0
NaN,NaN,NaN,0
NaN,NaN,NaN,0
NaN,NaN,NaN,-1
47.194,158.02,51.51,54.54
47.113,159.43,51.51,54.54
47.186,159.9,52.025,55.085
46.903,159.9,52.545,55.636
46.525,159.28,53.071,56.193
49.2,155.79,53.071,56.193
50.594,149.83,53.602,56.755
53.52,142.98,54.138,57.322
54.908,141.52,54.679,57.895
54.889,141.13,55.226,58.474
56.899,138.78,55.778,59.059
56.925,138.67,56.336,59.65
57.012,138.52,56.899,60.246
56.915,138.09,57.468,60.849
58.796,135.89,58.043,61.457
59.069,135.79,58.623,62.072
59.416,135.69,59.209,62.692
60.041,136.15,59.802,63.319
60.215,136.12,60.4,63.952
NaN,NaN,NaN,-2
NaN,NaN,NaN,0
NaN,NaN,NaN,0
NaN,NaN,NaN,0
NaN,NaN,NaN,0
NaN,NaN,NaN,-1
84.15,69.204,57,72
84.021,69.862,57,72
84.211,71.625,57,72
85.073,73.127,57,72
86.445,75.354,57,72
86.491,75.47,57,72
86.663,75.578,57.57,72.72
86.585,75.521,58.146,73.447
86.565,75.625,58.727,74.182
87.747,77.606,59.314,74.923
87.73,77.727,59.908,75.673
87.766,77.826,60.507,76.429
87.779,77.842,61.112,77.194
87.578,77.798,61.723,77.966
87.143,77.712,62.34,78.745
NaN,NaN,NaN,-2
NaN,NaN,NaN,0
NaN,NaN,NaN,0
NaN,NaN,NaN,0
NaN,NaN,NaN,0
NaN,NaN,NaN,-1
176.25,113.23,45,58
178.39,112.66,45.45,58.58
183.26,109.26,45.904,59.166
186.02,107.28,46.364,59.757
196.99,101.54,45.9,59.16
201.21,99.857,45.441,58.568
203.38,99.938,44.987,57.983
206.44,99.263,44.537,57.403
209.49,99.604,44.091,56.829
216.41,99.844,44.532,57.397
218.4,99.828,44.532,57.397
224.05,104.16,44.978,57.971
224.2,107.83,44.978,57.971
223.98,110.43,44.528,57.391
222.91,112.49,44.082,56.817
223.32,113.61,43.642,56.249
224.39,118.45,43.205,55.687
225.54,120.74,42.773,55.13
226.23,124.85,42.345,54.579
226.48,127.3,41.922,54.033
226.81,127.84,41.503,53.492
227.31,132.75,41.088,52.958
226.91,138.68,40.677,52.428
226.91,142.41,40.27,51.904
227.13,146.41,39.867,51.385
227.58,148.41,39.469,50.871
228.55,150.69,39.074,50.362
