NaN,NaN,NaN,-1
226.28,91.704,45,46
226.36,91.691,45,46
226.36,91.691,45,46
226.36,91.691,45,46
226.36,91.691,45,46
225.68,91.837,45,46
225.6,91.841,45,46
225.6,91.841,45,46
225.27,91.93,45,46
224.81,91.832,45,46
224.63,91.861,45,46
224.52,91.897,45,46
223.89,91.748,45.45,46.46
220.56,90.874,45.904,46.925
217.6,91.037,46.364,47.394
213.65,89.417,46.827,47.868
212.92,89.058,47.295,48.346
212.63,88.798,47.768,48.83
211.79,88.332,48.246,49.318
189.47,86.453,47.764,48.825
183.69,86.295,48.241,49.313
182.8,86.162,48.724,49.806
179.72,87.217,49.211,50.304
177.82,87.162,49.703,50.808
175.81,87.474,50.2,51.316
153.12,89.259,50.2,51.316
148.81,94.256,50.702,51.829
149.11,112.88,50.195,51.31
144.41,120.12,49.693,50.797
146.19,126.24,49.196,50.289
NaN,NaN,NaN,-2
NaN,NaN,NaN,0
NaN,NaN,NaN,0
NaN,NaN,NaN,0
NaN,NaN,NaN,0
NaN,NaN,NaN,-1
38.173,111.59,58,60
37.986,112.43,58,60
39.754,113.92,58.58,60.6
40.126,115.01,59.166,61.206
40.055,116.19,59.757,61.818
40.557,118.07,60.355,62.436
41.974,119.93,60.959,63.061
54.515,129.09,61.568,63.691
61.478,129.4,61.568,63.691
70.68,127.36,61.568,63.691
74.592,125.32,60.952,63.054
77.271,120.84,61.562,63.685
79.027,114.07,62.178,64.322
79.019,111.56,62.799,64.965
78.668,110.82,63.427,65.615
78.179,110.45,64.062,66.271
NaN,NaN,NaN,-2
NaN,NaN,NaN,0
NaN,NaN,NaN,0
NaN,NaN,NaN,0
NaN,NaN,NaN,0
NaN,NaN,NaN,-1
175.46,71.87,48,63
176.48,71.268,48,63
176.5,71.225,48,63
178.25,66.411,48,63
178.4,66.2,48,63
184.32,63.375,48.48,63.63
187.52,61.649,48.965,64.266
203.22,60.089,48.475,63.624
211.48,61.415,48.475,63.624
220.66,61.969,48.96,64.26
224.41,65.013,49.45,64.902
228.9,68.924,49.45,64.902
232.03,68.743,48.955,64.253
232.25,68.974,48.465,63.611
230.42,69.406,48.465,63.611
228.52,69.233,48.465,63.611
228.54,69.181,47.981,62.975
228.59,70.109,47.501,62.345
228.58,73.863,47.026,61.722
228.66,76.041,46.556,61.104
231.92,79.115,46.09,60.493
233.04,82.825,45.629,59.888
234.3,87.024,45.173,59.29
236.98,91.023,44.721,58.697
238.28,95.163,44.274,58.11
240.16,102.41,44.717,58.691
241.41,104.07,44.717,58.691
243.09,106.22,44.27,58.104
247.12,116,43.827,57.523
249.09,123.46,43.389,56.948
251.22,130.44,42.955,56.378
251.37,136.88,42.525,55.814
248.67,141.37,42.1,55.256
248.48,141.94,41.679,54.704
247.87,140.94,41.262,54.157
243.88,140.55,41.675,54.698
240.68,138.23,41.675,54.698
236.84,131.67,42.092,55.245
233.61,129.33,42.512,55.798
229.62,127.01,42.938,56.356
222.49,113.77,42.938,56.356
210.47,101.36,43.367,56.919
200.76,92.115,42.933,56.35
197.61,93.791,43.363,56.913
187.02,93.748,43.796,57.483
181.29,93.719,43.796,57.483
177.56,97.614,44.234,58.057
174.67,98.816,44.677,58.638
154.01,115.45,44.23,58.052
150.09,117.43,44.23,58.052
147.12,120.9,44.23,58.052
144.33,124.12,44.672,58.632
143.33,125.76,44.225,58.046
143.14,122.16,44.668,58.626
142.84,118.73,44.221,58.04
142.51,114.29,43.779,57.46
140.7,108.82,43.341,56.885
139.81,104.15,42.908,56.316
140.18,98.922,42.478,55.753
148.2,86.147,42.903,56.31
147.99,82.156,43.332,56.874
147.57,77.076,43.332,56.874
147.5,71.489,43.332,56.874
148.09,68.911,43.332,56.874
148.91,66.634,43.332,56.874
150.14,63.069,42.899,56.305
150.8,62.755,42.47,55.742
152.43,61.907,42.045,55.184
154.29,62.191,41.625,54.633
154.83,61.77,41.209,54.086
156.74,56.162,41.209,54.086
157.07,52.595,40.796,53.545
157.63,52.084,40.389,53.01
158.5,52.447,39.985,52.48
158.7,52.698,39.585,51.955
160.71,53.13,39.189,51.435
162.82,53.92,38.797,50.921
169.06,53.698,39.185,51.43
176.13,55.794,39.577,51.945
176.64,55.285,39.973,52.464
177.95,55.879,40.372,52.989
177.96,55.687,40.776,53.519
179.22,58.133,41.184,54.054
179.31,57.566,41.596,54.594
179.89,58.14,41.596,54.594
180.57,57.983,41.596,54.594
180.84,58.386,41.596,54.594
180.92,60.296,41.596,54.594
181.12,67.952,41.596,54.594
179.83,73.439,42.012,55.14
178.89,79.561,42.432,55.692
177.03,80.917,42.856,56.249
174.59,82.822,43.285,56.811
153.35,106.74,42.852,56.243
154.16,120.96,42.423,55.681
148.63,133.77,41.999,55.124
146.73,138.52,41.579,54.572
144.93,140.4,41.163,54.027
141.57,142.86,40.752,53.486
138.51,145.29,40.752,53.486
137.8,145.51,41.159,54.021
128.67,155.85,40.748,53.481
125.3,162.05,40.34,52.946
122.7,165.83,39.937,52.417
122.9,166.12,39.537,51.893
123.14,166.87,39.142,51.374
NaN,NaN,NaN,-2
NaN,NaN,NaN,0
NaN,NaN,NaN,0
NaN,NaN,NaN,0
NaN,NaN,NaN,0
NaN,NaN,NaN,-1
48.725,156.74,55.55,52.52
49.078,158.5,55.55,52.52
48.183,158.42,56.105,53.045
47.453,158.05,56.667,53.576
47.364,156.96,57.233,54.111
49.339,154.79,57.806,54.653
53.506,147.99,58.384,55.199
57.049,144.11,58.967,55.751
66.718,141.22,58.378,55.194
67.166,141.06,58.378,55.194
67.464,140.73,58.378,55.194
67.495,140.69,58.378,55.194
67.301,140.59,58.378,55.194
66.665,138.77,58.378,55.194
66.433,137.69,58.962,55.745
66.235,136.7,59.551,56.303
66.511,135.85,60.147,56.866
68.139,135.36,60.748,57.435
68.229,134.84,61.356,58.009
68.109,134.71,61.969,58.589
NaN,NaN,NaN,-2
NaN,NaN,NaN,0
NaN,NaN,NaN,0
NaN,NaN,NaN,0
NaN,NaN,NaN,0
NaN,NaN,NaN,-1
85.827,71.424,61,72
85.954,71.71,61,72
86.914,73.189,61,72
88.301,75.252,61,72
88.414,75.465,61,72
88.361,75.524,61.61,72.72
88.433,75.731,62.226,73.447
88.517,76.124,62.848,74.182
90.122,78.835,63.477,74.923
90.094,78.801,64.112,75.673
90.164,78.798,64.753,76.429
90.2,78.736,65.4,77.194
91.423,79.835,66.054,77.966
91.577,79.943,66.715,78.745
91.511,79.97,67.382,79.533
90.803,79.09,68.056,80.328
NaN,NaN,NaN,-2
NaN,NaN,NaN,0
NaN,NaN,NaN,0
NaN,NaN,NaN,0
NaN,NaN,NaN,0
NaN,NaN,NaN,-1
186.86,109.74,49.49,56.56
187.7,108.99,49.985,57.126
198.43,105.71,49.985,57.126
205.09,103.2,49.485,56.554
210.14,101.1,48.99,55.989
213.13,98.083,48.5,55.429
213.97,98.554,48.015,54.875
214.31,98.731,47.535,54.326
215.49,98.957,47.06,53.783
218.22,100.64,46.589,53.245
219.98,102.61,46.123,52.712
219.26,109.08,46.123,52.712
219.49,109.34,45.662,52.185
219.76,110.43,45.205,51.663
219.9,111.52,44.753,51.147
220.54,115.84,44.306,50.635
220.8,116.17,43.863,50.129
221.1,116.85,43.424,49.628
223.2,125.38,42.99,49.131
223.51,127.43,42.56,48.64
222.17,134.92,42.56,48.64
222,138.58,42.134,48.154
223.36,141,41.713,47.672
225.25,144.42,41.296,47.195
227.47,147.25,40.883,46.723
