NaN,NaN,NaN,-1
132.98,49.762,36.286,88.935
129.79,49.48,36.262,88.776
132.02,51.992,36.722,89.831
131.89,51.535,36.638,89.74
129.67,54.059,37.151,90.97
129.84,51.472,37.715,92.267
128.88,52.084,37.672,92.226
128.54,54.916,37.176,91.023
128.96,56.404,37.623,92.199
129.91,57.041,37.54,92.004
127.16,59.088,37.106,90.929
127.55,61.645,37.149,91.003
130.39,63.843,37.411,91.728
130.7,67.605,37.462,91.968
134.15,71.853,37.881,92.996
133.57,77.569,37.766,92.828
138.59,79.916,37.983,93.497
145.63,82.347,38.31,94.335
150.08,86.874,38.075,93.671
157.15,94.806,38.295,94.101
164.9,93.241,38.174,93.82
170.6,101.64,37.82,92.971
179.48,98.345,37.833,93.024
187.03,100.93,38.413,94.514
193.37,108.4,38.626,94.969
201.81,104.3,38.737,95.224
208.15,106.74,39.057,96.125
213.54,107.31,39.494,97.289
217.81,106.4,39.044,96.132
225.38,107.8,38.72,95.385
225.16,107.92,39.104,96.354
224.92,106.93,38.965,95.918
222.54,105.84,38.648,95.069
214.86,104.75,39.091,96.094
209.13,105.67,38.944,95.696
202.75,107.44,38.914,95.439
193.26,104.51,38.07,93.387
182.69,101.62,38.522,94.493
172.15,101.2,38.506,94.453
161.31,109.29,38.742,95.021
152.34,105.2,38.59,94.615
141.6,110.69,38.269,93.776
134.45,108.87,37.744,92.495
126.83,108.63,38.307,93.773
117.74,106.82,38.116,93.308
108.88,112.47,38.039,93.236
102.42,109.52,37.473,91.866
94.736,112.63,37.535,92.043
89.73,112.22,37.196,91.136
83.057,116.38,36.794,90.03
80.554,114.48,36.831,90.139
77.166,109.61,36.384,88.964
75.223,109.83,36.727,89.74
75.492,102.16,37.018,90.336
76.863,96.723,37.197,90.791
77.35,90.016,37.115,90.504
81.197,82.256,37.498,91.463
84.636,74.338,38.06,92.781
87.137,67.732,38.098,92.891
89.831,61.485,37.913,92.409
92.945,58.298,38.007,92.668
98.373,54.526,38.331,93.441
104.79,46.882,38.156,92.98
112.03,45.102,38.471,93.772
118.51,43.374,38.074,92.895
128.74,45.387,38.504,94.01
140.41,41.137,38.526,94.037
147.64,44.289,39.018,95.326
157.16,46.298,39.482,96.432
164.74,47.884,40.009,97.661
171.69,48.447,39.989,97.578
178.64,48.881,40.202,98.02
185.6,55.875,39.247,95.69
199.63,59.018,39.437,96.117
204.82,53.918,39.48,96.066
212,59.609,39.281,95.371
216.29,59.905,39.765,96.703
221.64,57.964,39.883,97.151
224.45,55.288,39.669,96.604
221.96,57.262,39.589,96.409
216.87,58.742,39.518,96.257
208.09,54.956,39.205,95.455
198.28,52.087,38.821,94.582
192.63,49.412,39.052,95.187
181.08,48.429,38.923,94.941
170.79,45.144,38.979,95.038
160.74,36.374,38.655,94.199
153.56,40.371,38.624,94.088
141.35,39.271,37.957,92.475
133.63,35.158,38.125,92.909
121.91,40.459,38.234,93.054
111.42,41.484,38.358,93.41
104.52,41.225,38.22,93.104
95.493,43.175,38.102,92.863
86.602,45.9,37.629,91.822
79.807,55.046,37.666,91.896
74.103,57.315,37.706,92.051
72.678,57.075,37.254,90.904
74.071,66.188,37.602,91.678
76.419,71.867,37.975,92.518
77.18,75.093,37.193,90.664
82.056,78.366,37.173,90.621
84.867,84.282,37.604,91.547
89.701,89.243,37.813,92.003
91.301,99.987,37.772,91.846
94.397,104.65,37.243,90.467
97.287,110.57,37.335,90.673
99.508,112.24,37.199,90.39
102.41,121.46,37.364,90.736
104.47,120.85,37.144,90.219
110.09,122.57,36.786,89.295
115.43,127.29,36.729,89.198
122.52,127.08,36.54,88.88
128.61,121.32,36.29,88.252
138.47,119.54,36.903,89.619
144.3,115.82,36.975,89.609
151.08,107.73,35.847,86.92
158.64,105.53,35.654,86.471
166.05,102.37,35.591,86.272
171.96,104.54,36.192,87.671
176.59,99.545,36.382,88.197
182.25,93.391,36.514,88.473
189.19,87.774,36.771,89.039
195.64,84.763,36.58,88.411
200.68,83.309,35.876,86.707
207.94,81.661,35.101,84.818
212.06,77.657,34.848,84.228
217.47,78.105,34.955,84.395
220.44,75.727,35.063,84.656
223.41,70.75,35.454,85.709
223.86,68.143,35.642,86.145
223.95,64.624,35.753,86.484
221.79,63.05,36.152,87.517
216.82,58.829,35.998,87.159
212.64,58.276,35.838,86.834
204.54,50.73,35.441,85.948
195.25,53.666,36.137,87.62
185.52,50.112,36.351,88.318
179.3,47.127,36.405,88.376
165.96,46.552,36.719,89.165
159.62,44.205,36.341,88.246
149.68,41.061,36.562,88.757
138.61,39.668,36.545,88.801
129.29,35.21,36.209,88.01
123.37,36.418,36.221,87.972
113.76,33.402,36.221,87.972
107.24,38.432,36.174,87.877
98.306,35.207,35.744,86.766
94.335,36.568,36.096,87.657
89.284,37.999,35.808,86.95
86.044,39.176,35.641,86.505
84.688,39.637,36.087,87.638
86.519,40.122,35.721,86.847
89.34,40.003,35.745,86.81
93.598,43.142,35.762,86.707
97.283,45.074,35.528,86.123
100.86,49.331,35.851,86.946
103.87,53.683,35.974,87.257
104.97,55.469,35.652,86.64
110.01,59.706,35.397,86.036
111.78,66.463,35.266,85.749
113.23,64.432,35.451,86.245
113.82,67.907,35.189,85.619
117.38,68.752,35.114,85.439
119.58,69.575,35.349,85.923
119.18,67.017,35.473,86.119
122.4,66.801,35.16,85.379
128.5,66.108,34.924,84.873
134.08,64.966,34.942,84.895
138.81,65.424,34.941,84.957
143.63,66.145,34.607,84.12
152.34,66.712,34.248,83.17
157.02,63.874,34.589,83.92
161.88,64.337,34.076,82.73
164.21,60.918,33.986,82.445
166.56,60.99,33.551,81.38
168.23,62.994,33.444,80.981
171.84,64.067,32.974,79.834
175.01,65.235,33.292,80.615
180.59,68.479,33.04,80.024
184.19,68.725,32.996,79.818
190.27,70.564,33.274,80.466
195.54,71.185,33.566,81.215
200.6,71.425,33.015,79.837
203.76,67.851,33.121,79.977
209.51,66.939,33.23,80.21
208.32,68.16,33.364,80.52
210.75,65.155,32.924,79.492
211.75,64.621,33.393,80.66
215.32,63.343,33.377,80.514
215.01,63.755,33.073,79.852
221.16,65.958,32.893,79.335
222.13,72.781,32.9,79.286
225.1,86.004,32.455,78.268
227.17,96.603,32.93,79.499
227.59,103.63,32.446,78.307
225.82,109.13,32.039,77.406
223.5,117.34,32.189,77.782
221.91,122.28,31.766,76.721
218,125.69,31.553,76.156
215.38,127.19,30.563,73.831
208.54,130.54,31.09,75.045
205.62,131.21,31.319,75.611
197.06,129.81,31.507,76.174
188.59,127.14,31.684,76.595
179.67,125.13,31.839,77.047
169.91,124.65,31.428,75.975
157.7,120.94,31.302,75.659
148.25,121.17,31.283,75.554
137.68,117.6,31.029,74.944
123.62,118.1,30.506,73.643
115.31,116.15,29.79,71.901
103.45,112.83,30.601,73.933
91.495,108.7,30.513,73.719
82.901,106.29,30.711,74.198
74.778,105.87,30.665,74.131
69.345,101.6,30.849,74.587
64.799,99.099,30.738,74.279
62.363,99.041,30.704,74.179
63.907,90.932,30.686,74.138
66.15,85.705,30.87,74.587
68.785,78.988,30.86,74.534
74.458,72.762,30.837,74.495
81.785,61.874,30.865,74.556
88.352,56.293,30.929,74.642
94.914,47.038,30.805,74.38
97.673,40.839,30.556,73.854
103.92,30.006,30.409,73.442
104.84,25.827,30.15,72.849
110.49,17.623,29.96,72.319
113.87,15.58,29.353,70.765
118.65,13.295,29.372,70.731
124.49,10.306,29.73,71.642
129.54,11.32,29.395,70.916
133.6,14.68,29.644,71.561
141.02,21.486,30.015,72.408
143.8,26.038,29.744,71.786
152.66,33.376,29.563,71.376
158.09,38.091,29.649,71.584
165.88,44.734,29.47,71.206
174.3,47.582,29.439,71.129
178.95,54.465,29.301,70.697
189.58,60.372,29.677,71.62
197.36,64.113,29.801,72.019
205.8,68.486,30.018,72.475
214.62,73.834,29.991,72.421
223.19,78.158,30.028,72.597
230.57,83.195,30.143,72.866
237.17,86.383,29.617,71.548
243.92,89.037,29.215,70.493
251.86,97.158,29.461,71.184
254.59,101.64,29.819,72.105
256.9,103.15,29.833,72.136
260.38,106.07,29.824,72.169
257.16,106.74,29.858,72.227
255.01,110.09,29.952,72.466
250.28,109.3,29.365,71.041
243.22,110.38,29.276,70.93
234.24,109.36,29.381,70.989
223.67,112.86,29.959,72.37
214.09,110.92,30.194,72.818
203.69,110.41,30.268,73.027
195.66,109.73,30.196,72.77
185.04,112.51,30.414,73.275
177.44,109.84,30.115,72.518
167.97,115.12,29.938,72.031
158.29,115.32,29.777,71.659
148.92,114.34,30.392,73.118
136.88,119.25,30.174,72.722
129.81,116.37,30.087,72.429
120.66,111.28,30.5,73.518
112.33,113.28,30.055,72.453
107.39,110.23,30.155,72.762
98.047,108.54,30.365,73.284
92.225,107.7,30.734,74.183
88.646,104.6,30.428,73.482
83.823,98.862,30.219,72.942
81.559,97.201,30.217,72.945
76.718,94.356,30.421,73.489
71.617,86.822,30.069,72.762
71.407,83.545,30.163,73.015
67.906,78.915,30.013,72.601
66.444,73.739,29.699,71.826
65.703,64.846,29.82,72.234
66.732,56.756,29.884,72.302
65.78,51.112,29.822,72.154
68.379,43.745,30.289,73.141
66.81,41.649,30.249,73.058
69.33,32.185,30.213,72.933
67.74,28.31,30.092,72.594
64.429,25.759,29.636,71.468
63.534,25.696,29.765,71.777
61.728,24.712,29.913,72.016
62.357,24.197,29.808,71.734
57.393,34.474,29.391,70.677
54.166,37.788,28.656,69.025
53.48,40.666,28.529,68.722
52.54,44.942,27.857,67.143
50.545,48.537,28.224,67.996
51.384,50.367,28.431,68.432
52.836,49.878,28.079,67.574
55.584,56.276,28.31,68.134
58.242,56.072,28.646,69.086
62.386,60.821,28.468,68.65
64.856,63.439,28.478,68.71
67.43,72.432,28.672,69.194
72.034,75.939,28.391,68.493
78.354,86.99,28.043,67.599
85.953,92.983,28.076,67.708
91.998,100.96,28.153,67.968
99.274,102.83,28.178,68.03
109.66,104.04,28.457,68.695
119,107.03,28.384,68.52
131.88,106.67,28.274,68.207
141.54,107.05,27.991,67.561
153.6,112.71,27.853,67.182
164.56,110.62,27.321,65.85
176.33,105.5,26.907,64.857
184.45,101.79,27.313,65.941
191.33,99.009,28.051,67.736
195.93,94.619,28.095,67.842
201.31,91.335,28.476,68.793
202.96,89.654,27.962,67.498
203.92,86.519,28.357,68.475
201.85,83.259,28.553,68.872
198.76,80.012,28.573,68.878
192.5,77.095,28.594,68.937
189.17,72.885,28.855,69.588
180.83,68.407,29.241,70.489
175.23,64.327,29.298,70.683
169.74,64.69,29.29,70.714
162.88,62.35,28.99,69.88
157.58,56.974,29.041,70.031
149.92,59.797,28.544,68.929
141.01,56.413,28.532,68.826
135.27,64.288,28.564,68.952
128.88,65.9,28.863,69.539
122.85,72.065,28.95,69.773
116.34,76.521,28.928,69.72
113.56,82.076,29.54,71.1
113.12,87.557,29.55,71.177
111.75,88.424,29.024,69.819
115.75,93.097,29.429,70.748
121.27,94.655,29.782,71.576
129,96.533,29.793,71.505
138.76,99.122,30.285,72.579
145.94,96.809,30.267,72.536
157.39,95.527,29.856,71.453
166.75,99.699,30.529,73.118
174.67,98.615,30.399,72.858
184.49,98.241,29.991,71.947
193.46,97.186,29.891,71.733
200.1,102.31,29.715,71.26
204.89,105,30.02,71.997
208.97,103.46,30.517,73.148
212.73,107.46,30.407,72.799
214.94,110.16,30.373,72.719
213.04,117.19,30.615,73.24
207.82,119.33,31.106,74.296
202.58,121.68,31.026,74.077
196.95,123.49,31.313,74.775
189.56,123.91,31.306,74.83
181.61,128.16,31.414,75.089
173.62,125,31.307,74.798
165.94,126.59,31.289,74.645
157.52,124.89,30.908,73.779
147.58,124.9,30.407,72.548
139.52,120.11,30.364,72.489
128.93,117.18,30.279,72.336
118.94,108.02,30.255,72.176
110.03,108.76,30.793,73.482
97.836,103.48,30.462,72.569
91.409,92.97,29.85,71.144
85.224,84.051,29.9,71.347
75.636,82.324,29.539,70.517
72.574,75.436,29.361,70.015
67.394,67.351,29.788,70.991
64.461,64.647,29.59,70.555
66.917,59.843,29.195,69.616
72.055,51.901,28.84,68.742
75.603,48.86,29.052,69.265
79.827,42.428,29.198,69.572
85.483,40.069,29.619,70.619
91.645,35.723,29.493,70.394
95.969,30.231,29.644,70.692
100.58,31.122,30.006,71.522
103.54,26.97,29.956,71.302
110.18,24.061,30.344,72.053
113.44,26.936,30.459,72.299
116.41,28.62,30.874,73.217
118.15,30.999,31.046,73.641
123.07,38.078,31.227,74.074
126.68,40.649,31.212,74.064
132.26,48.427,30.73,72.946
136.42,50.477,30.886,73.248
137.16,53.789,30.606,72.565
141.8,56.231,30.913,73.311
145.18,61.629,30.905,73.329
147.7,60.959,30.339,71.902
152.73,61.737,30.434,72.098
152.18,65.743,30.452,72.165
154.8,67.463,30.9,73.211
155.53,64.799,30.573,72.471
