NaN,NaN,NaN,-1
146,51,76,93
144,53,76,93
140,57,76,93
138,58,76,93
135,56,76,93
134,52,76,93
132,48,76,93
131,44,76,93
130,44,76,93
128,43,76,93
121,43,76,93
115,46,76,93
110,49,76,93
105,47,76,93
106,45,76,93
106,41,76,93
109,40,76,93
112,41,76,93
115,42,76,93
116,45,76,93
116,48,76,93
116,49,76,93
117,49,76,93
118,51,76,93
119,52,76,93
118,51,76,93
119,47,76,93
122,42,76,93
127,37,76,93
132,34,76,93
136,32,76,93
140,31,76,93
144,32,76,93
147,34,76,93
148,37,76,93
147,37,76,93
145,36,76,93
144,33,76,93
140,30,76,93
137,28,76,93
133,29,76,93
128,33,76,93
121,37,76,93
118,39,76,93
114,38,76,93
111,38,76,93
110,39,76,93
109,38,76,93
109,37,76,93
109,31,76,93
111,27,76,93
115,26,76,93
118,28,76,93
119,32,76,93
121,38,76,93
125,42,76,93
129,46,76,93
132,47,76,93
135,45,76,93
139,40,76,93
143,33,76,93
147,29,76,93
148,26,76,93
150,26,76,93
149,32,76,93
146,37,76,93
144,38,76,93
142,40,76,93
142,42,76,93
140,41,76,93
139,38,76,93
140,34,76,93
141,34,76,93
140,39,76,93
138,43,76,93
136,44,76,93
135,44,76,93
134,45,76,93
133,46,76,93
131,46,76,93
128,43,76,93
124,40,76,93
123,37,76,93
124,36,76,93
122,41,76,93
121,46,76,93
122,49,76,93
124,53,76,93
126,56,76,93
129,56,76,93
131,49,76,93
136,40,76,93
139,34,76,93
145,31,76,93
149,28,76,93
150,31,76,93
151,33,76,93
153,35,76,93
155,35,76,93
156,36,76,93
156,35,76,93
155,34,76,93
155,34,76,93
153,33,76,93
151,32,76,93
150,33,76,93
146,38,76,93
143,40,76,93
140,40,76,93
136,42,76,93
132,45,76,93
129,43,76,93
129,39,76,93
130,36,76,93
131,35,76,93
131,35,76,93
131,35,76,93
130,36,76,93
131,38,76,93
133,40,76,93
134,41,76,93
137,40,76,93
141,36,76,93
143,33,76,93
147,31,76,93
151,29,76,93
157,27,76,93
162,26,76,93
164,26,76,93
166,28,76,93
168,29,76,93
167,29,76,93
168,28,76,93
166,28,76,93
164,26,76,93
163,24,76,93
164,21,76,93
165,18,76,93
164,17,76,93
162,17,76,93
157,16,76,93
155,17,76,93
152,19,76,93
149,21,76,93
145,21,76,93
142,20,76,93
139,15,76,93
138,11,76,93
136,8,76,93
136,6,76,93
134,6,76,93
135,7,76,93
136,9,76,93
136,13,76,93
137,17,76,93
138,19,76,93
139,18,76,93
141,15,76,93
142,11,76,93
142,7,76,93
144,3,76,93
145,1,76,93
145,1,76,93
143,1,76,93
141,2,76,93
139,5,76,93
138,9,76,93
137,13,76,93
137,15,76,93
138,17,76,93
137,15,76,93
138,11,76,93
138,7,76,93
137,3,76,93
136,1,76,93
136,1,76,93
135,1,76,93
136,4,76,93
138,7,76,93
140,8,76,93
140,11,76,93
139,14,76,93
136,16,76,93
132,18,76,93
129,19,76,93
125,17,76,93
123,16,76,93
120,14,76,93
117,13,76,93
114,13,76,93
114,13,76,93
115,14,76,93
117,14,76,93
121,12,76,93
125,8,76,93
129,4,76,93
130,1,76,93
132,1,76,93
137,1,76,93
142,2,76,93
145,6,76,93
150,7,76,93
154,9,76,93
156,8,76,93
159,9,76,93
160,10,76,93
161,12,76,93
163,15,76,93
165,17,76,93
167,19,76,93
168,20,76,93
168,20,76,93
167,20,76,93
162,18,76,93
158,19,76,93
154,18,76,93
150,18,76,93
144,16,76,93
143,15,76,93
141,14,76,93
140,14,76,93
141,15,76,93
144,19,76,93
146,22,76,93
151,24,76,93
156,25,76,93
161,25,76,93
167,26,76,93
172,25,76,93
176,25,76,93
179,25,76,93
181,23,76,93
183,24,76,93
183,26,76,93
180,29,76,93
179,31,76,93
177,33,76,93
175,33,76,93
174,34,76,93
174,33,76,93
173,32,76,93
174,31,76,93
177,30,76,93
179,30,76,93
180,30,76,93
183,32,76,93
183,34,76,93
184,35,76,93
184,35,76,93
184,35,76,93
181,32,76,93
178,27,76,93
177,24,76,93
175,21,76,93
175,18,76,93
173,15,76,93
173,13,76,93
173,13,76,93
174,17,76,93
173,24,76,93
173,30,76,93
175,33,76,93
177,32,76,93
179,29,76,93
182,23,76,93
183,18,76,93
185,15,76,93
185,13,76,93
184,10,76,93
183,9,76,93
181,12,76,93
180,15,76,93
180,18,76,93
180,19,76,93
176,19,76,93
170,17,76,93
165,15,76,93
160,13,76,93
155,7,76,93
147,3,76,93
142,1,76,93
138,1,76,93
137,3,76,93
136,7,76,93
136,13,76,93
136,18,76,93
137,20,76,93
140,19,76,93
146,20,76,93
151,18,76,93
157,16,76,93
165,14,76,93
166,13,76,93
166,12,76,93
163,11,76,93
159,11,76,93
154,11,76,93
149,13,76,93
142,13,76,93
135,12,76,93
129,9,76,93
123,4,76,93
118,1,76,93
115,1,76,93
114,1,76,93
113,1,76,93
112,5,76,93
110,10,76,93
108,15,76,93
105,18,76,93
99,19,76,93
93,19,76,93
87,18,76,93
81,14,76,93
82,10,76,93
82,6,76,93
84,6,76,93
89,6,76,93
94,10,76,93
97,14,76,93
99,17,76,93
105,19,76,93
110,21,76,93
116,21,76,93
122,17,76,93
128,12,76,93
135,4,76,93
148,1,76,93
160,1,76,93
169,1,76,93
174,3,76,93
177,6,76,93
180,8,76,93
183,9,76,93
186,11,76,93
187,11,76,93
187,10,76,93
188,7,76,93
188,5,76,93
186,1,76,93
187,2,76,93
185,5,76,93
186,8,76,93
187,12,76,93
186,15,76,93
186,16,76,93
187,18,76,93
188,16,76,93
190,13,76,93
192,8,76,93
197,4,76,93
199,2,76,93
201,5,76,93
200,10,76,93
199,12,76,93
199,16,76,93
197,19,76,93
193,16,76,93
193,6,76,93
198,1,76,93
204,1,76,93
208,1,76,93
208,1,76,93
207,2,76,93
202,3,76,93
194,1,76,93
188,1,76,93
181,1,76,93
173,1,76,93
169,1,76,93
169,1,76,93
172,1,76,93
172,1,76,93
170,1,76,93
169,1,76,93
168,1,76,93
166,1,76,93
162,1,76,93
158,1,76,93
154,1,76,93
155,1,76,93
155,1,76,93
156,1,76,93
163,1,76,93
166,2,76,93
171,1,76,93
178,1,76,93
182,1,76,93
185,1,76,93
186,1,76,93
187,1,76,93
185,1,76,93
184,1,76,93
182,1,76,93
178,1,76,93
176,1,76,93
177,6,76,93
173,11,76,93
168,15,76,93
162,16,76,93
156,16,76,93
151,12,76,93
152,9,76,93
158,4,76,93
161,3,76,93
162,5,76,93
160,8,76,93
160,12,76,93
160,14,76,93
160,16,76,93
161,19,76,93
161,22,76,93
163,23,76,93
165,19,76,93
164,16,76,93
167,16,76,93
166,20,76,93
168,24,76,93
165,27,76,93
162,30,76,93
158,31,76,93
155,30,76,93
153,29,76,93
150,27,76,93
146,24,76,93
140,21,76,93
137,20,76,93
133,15,76,93
133,8,76,93
131,8,76,93
128,12,76,93
128,14,76,93
127,15,76,93
124,18,76,93
122,20,76,93
121,20,76,93
118,20,76,93
120,19,76,93
124,19,76,93
129,20,76,93
135,21,76,93
140,21,76,93
142,21,76,93
144,22,76,93
143,24,76,93
145,23,76,93
149,21,76,93
147,20,76,93
146,20,76,93
139,17,76,93
135,15,76,93
137,16,76,93
136,20,76,93
135,23,76,93
134,26,76,93
133,27,76,93
138,28,76,93
141,29,76,93
143,30,76,93
144,31,76,93
145,31,76,93
144,31,76,93
144,30,76,93
142,30,76,93
140,31,76,93
137,31,76,93
134,29,76,93
133,29,76,93
129,29,76,93
123,28,76,93
121,29,76,93
118,29,76,93
116,30,76,93
114,30,76,93
113,31,76,93
114,30,76,93
117,29,76,93
119,27,76,93
121,27,76,93
123,26,76,93
124,25,76,93
124,26,76,93
120,26,76,93
120,25,76,93
120,23,76,93
121,23,76,93
122,22,76,93
124,21,76,93
124,21,76,93
127,20,76,93
128,18,76,93
128,17,76,93
121,13,76,93
120,12,76,93
118,14,76,93
113,14,76,93
112,15,76,93
109,12,76,93
112,12,76,93
113,8,76,93
120,5,76,93
125,1,76,93
130,1,76,93
136,1,76,93
140,1,76,93
142,2,76,93
146,3,76,93
149,1,76,93
149,1,76,93
150,1,76,93
153,1,76,93
157,1,76,93
154,1,76,93
153,6,76,93
150,10,76,93
143,13,76,93
135,16,76,93
129,16,76,93
122,14,76,93
123,15,76,93
120,12,76,93
119,8,76,93
122,8,76,93
124,10,76,93
127,10,76,93
132,12,76,93
134,15,76,93
137,18,76,93
142,21,76,93
145,22,76,93
149,20,76,93
152,14,76,93
153,11,76,93
154,10,76,93
156,11,76,93
157,13,76,93
157,13,76,93
156,11,76,93
154,7,76,93
152,3,76,93
151,1,76,93
150,1,76,93
146,1,76,93
145,1,76,93
138,1,76,93
131,1,76,93
128,1,76,93
128,2,76,93
128,2,76,93
126,4,76,93
124,4,76,93
123,4,76,93
124,1,76,93
126,3,76,93
128,6,76,93
129,10,76,93
130,15,76,93
129,18,76,93
131,21,76,93
129,20,76,93
131,14,76,93
135,6,76,93
139,2,76,93
141,5,76,93
144,10,76,93
144,15,76,93
142,17,76,93
141,19,76,93
140,20,76,93
139,22,76,93
139,19,76,93
141,20,76,93
141,20,76,93
135,19,76,93
131,20,76,93
128,21,76,93
124,21,76,93
118,21,76,93
113,20,76,93
108,19,76,93
104,19,76,93
108,19,76,93
109,16,76,93
111,12,76,93
116,12,76,93
119,16,76,93
122,22,76,93
126,27,76,93
132,28,76,93
139,26,76,93
144,23,76,93
147,19,76,93
150,16,76,93
152,14,76,93
154,13,76,93
154,14,76,93
154,15,76,93
153,16,76,93
153,19,76,93
148,21,76,93
146,21,76,93
146,21,76,93
143,20,76,93
142,17,76,93
142,15,76,93
142,15,76,93
141,16,76,93
141,16,76,93
141,16,76,93
144,17,76,93
146,18,76,93
146,18,76,93
145,20,76,93
146,21,76,93
144,24,76,93
139,29,76,93
139,33,76,93
140,37,76,93
140,40,76,93
137,42,76,93
133,40,76,93
132,37,76,93
134,35,76,93
131,33,76,93
133,29,76,93
137,28,76,93
140,28,76,93
144,29,76,93
147,30,76,93
149,30,76,93
152,30,76,93
154,29,76,93
155,24,76,93
154,22,76,93
150,20,76,93
146,17,76,93
141,18,76,93
135,21,76,93
131,24,76,93
127,25,76,93
123,27,76,93
118,28,76,93
114,29,76,93
113,29,76,93
109,26,76,93
110,22,76,93
112,20,76,93
114,22,76,93
116,25,76,93
119,30,76,93
125,35,76,93
130,38,76,93
135,39,76,93
138,37,76,93
145,34,76,93
152,32,76,93
155,33,76,93
158,36,76,93
160,41,76,93
159,44,76,93
156,46,76,93
152,45,76,93
148,43,76,93
146,41,76,93
144,41,76,93
141,41,76,93
140,41,76,93
141,41,76,93
139,41,76,93
137,42,76,93
135,42,76,93
133,41,76,93
133,41,76,93
132,41,76,93
131,41,76,93
131,39,76,93
133,37,76,93
135,37,76,93
138,36,76,93
143,38,76,93
148,40,76,93
151,44,76,93
153,47,76,93
156,48,76,93
158,48,76,93
160,46,76,93
160,44,76,93
160,42,76,93
160,41,76,93
159,41,76,93
159,40,76,93
157,35,76,93
162,32,76,93
165,33,76,93
164,34,76,93
165,35,76,93
168,36,76,93
168,37,76,93
165,38,76,93
160,40,76,93
156,39,76,93
152,37,76,93
146,35,76,93
144,34,76,93
146,36,76,93
145,35,76,93
145,35,76,93
145,34,76,93
139,32,76,93
135,28,76,93
135,24,76,93
134,21,76,93
130,19,76,93
137,17,76,93
140,19,76,93
144,22,76,93
147,26,76,93
147,27,76,93
149,27,76,93
150,27,76,93
148,27,76,93
144,27,76,93
141,25,76,93
141,24,76,93
138,25,76,93
134,27,76,93
133,31,76,93
131,34,76,93
129,36,76,93
124,35,76,93
118,33,76,93
116,32,76,93
113,30,76,93
110,30,76,93
109,29,76,93
106,29,76,93
105,30,76,93
106,32,76,93
107,33,76,93
111,33,76,93
115,32,76,93
120,32,76,93
125,32,76,93
129,30,76,93
131,29,76,93
134,28,76,93
136,29,76,93
137,31,76,93
137,35,76,93
137,38,76,93
135,41,76,93
134,43,76,93
132,44,76,93
130,43,76,93
125,40,76,93
125,36,76,93
120,34,76,93
117,35,76,93
112,38,76,93
110,40,76,93
109,40,76,93
107,39,76,93
105,39,76,93
105,38,76,93
104,38,76,93
101,36,76,93
99,36,76,93
96,37,76,93
93,36,76,93
