NaN,NaN,NaN,-1
142.22,33.302,19,112
142.34,35.627,19,112
142.49,33.78,19,112
142.15,37.097,19,112
142.04,34.39,19,112
142.03,32.431,19,112
141.84,34.684,19,112
142.09,33.069,19,112
141.65,36.129,19,112
141.69,33.691,19,112
141.09,33.246,19,112
141.34,32.272,19,112
141.03,35.599,19,112
141.07,34.951,19,112
141.06,31.364,19,112
140.24,36.028,19,112
140.07,37.628,19,112
140,33.181,19,112
140.09,32.365,19,112
139.52,35.364,19,112
139.86,32.512,19,112
138.21,38.807,19,112
138.51,37.524,19,112
138.3,35.74,19,112
137.85,38.621,19,112
138.18,46.595,19,112
137.75,40.265,19,112
137.61,42.967,19,112
137.54,36.232,19,112
137.01,45.073,19,112
135.34,44.181,19,112
135.41,45.364,19,112
134.87,46.348,19,112
134.78,47.456,19,112
134.93,46.047,19,112
135.47,45.387,19,112
136,39.801,19,112
135.94,37.59,19,112
135.07,46.273,19,112
134.8,37.875,19,112
134.45,47.363,19,112
133.25,48.788,19,112
134.91,49.047,19,112
134.46,47.113,19,112
134.71,47.914,19,112
135.17,49.542,19,112
137.29,48.414,19,112
136.5,53.91,19,112
136.67,48.289,19,112
137.31,46.192,19,112
136.94,50.314,19,112
135.71,54.538,19,112
134.77,52.983,19,112
134.37,56.726,19,112
134.28,60.266,19,112
137.08,50.684,19,112
139.71,49.514,19,112
136.47,57.543,19,112
138.92,51.582,19,112
136.9,52.839,19,112
136.61,52.725,19,112
138.08,49.547,19,112
138.11,49.713,19,112
142.14,39.122,19,112
139.02,47.049,19,112
140.45,44.588,19,112
139.79,44.04,19,112
138.31,49.288,19,112
137.71,45.869,19,112
138.18,45.491,19,112
138.19,45.544,19,112
140.07,38.309,19,112
138.85,42.272,19,112
134.22,46.538,19,112
135.33,46.42,19,112
134.74,44.338,19,112
133.1,44.041,19,112
132.67,41.605,19,112
132,41.218,19,112
130.75,36.386,19,112
129.82,36.963,19,112
129.73,31.976,19,112
129.27,33.497,19,112
129.95,22.074,19,112
130.14,21.822,19,112
130.18,19.939,19,112
131.73,19.075,19,112
131.82,19.369,19,112
133.74,16.166,19,112
136.65,14.791,19,112
146.2,18.729,19,112
146.36,17.57,19,112
145.53,17.461,19,112
143.87,15.253,19,112
144.7,15.78,19,112
142.09,17.612,19,112
133.91,17.754,19,112
133.78,15.427,19,112
135.14,13.714,19,112
134.68,11.753,19,112
135.08,12.274,19,112
137.65,9.7759,19,112
140.46,10.662,19,112
147.15,14.441,19,112
148.39,14.858,19,112
148.75,15.403,19,112
148.95,16.477,19,112
149.09,15.96,19,112
147.59,15.84,19,112
144.5,13.545,19,112
144.76,18.867,19,112
146.71,18.184,19,112
146.88,16.537,19,112
147.03,18.45,19,112
148.19,18.878,19,112
148.15,21.295,19,112
151.47,27.805,19,112
149.71,27.518,19,112
148.87,28.768,19,112
147.69,30.151,19,112
143.19,21.997,19,112
143.18,21.879,19,112
141.17,18.753,19,112
140.51,17.351,19,112
141.28,17.759,19,112
141.1,15.563,19,112
144.1,17.949,19,112
143.33,16.171,19,112
143,18.757,19,112
142.82,16.456,19,112
134.15,16.422,19,112
133.15,14.669,19,112
132.63,15.292,19,112
134.43,14.007,19,112
134.15,12.241,19,112
134.27,10.748,19,112
136.11,9.4717,19,112
138.6,8.6409,19,112
142.41,6.9098,19,112
143.15,11.007,19,112
145.92,10.976,19,112
145.96,10.935,19,112
147.14,14.647,19,112
143.51,20.108,19,112
146.6,18.514,19,112
146.69,24.288,19,112
152.34,21.863,19,112
155.91,28.395,19,112
156.04,26.916,19,112
154.07,31.051,19,112
153.88,34.372,19,112
153.06,33.209,19,112
150.06,35.451,19,112
145.87,30.618,19,112
146.04,32.774,19,112
145.32,33.154,19,112
142.47,28.825,19,112
143.17,27.952,19,112
143.02,29.483,19,112
143.97,27.936,19,112
146.21,27.213,19,112
147.56,26.833,19,112
148.96,29.76,19,112
150.06,32.011,19,112
155.78,30.085,19,112
156.11,29.583,19,112
155.75,30.163,19,112
151.47,30.928,19,112
151.73,29.598,19,112
147.65,30.992,19,112
146.65,30.134,19,112
142.98,30.412,19,112
143.61,27.006,19,112
146.13,28.519,19,112
146,30.353,19,112
145.69,31.674,19,112
145.98,31.645,19,112
145.55,32.331,19,112
145.57,30.734,19,112
140.62,33.098,19,112
143.96,33.644,19,112
142.35,34.129,19,112
140.66,31.239,19,112
140.88,30.81,19,112
137.81,27.155,19,112
137.18,33.765,19,112
136.98,34.603,19,112
136.9,39.85,19,112
129.54,20.093,19,112
128.82,20.854,19,112
127.84,19.478,19,112
128.52,19.041,19,112
130.38,33.374,19,112
129.8,34.239,19,112
128.84,35.03,19,112
129.08,34.119,19,112
129.08,34.193,19,112
124.73,35.602,19,112
124.8,34.62,19,112
126.48,32.996,19,112
128.58,31.315,19,112
127.58,32.283,19,112
127.8,31.755,19,112
126.81,32.538,19,112
127.45,32.146,19,112
128.22,32.951,19,112
127.76,33.005,19,112
127.29,32.592,19,112
128.89,32.429,19,112
129.91,33.268,19,112
131,34.189,19,112
132.55,35.194,19,112
133.6,36.853,19,112
134.38,36.589,19,112
135.37,37.807,19,112
136.81,39.198,19,112
138.47,42.261,19,112
138.88,41.589,19,112
138.33,40.147,19,112
139.96,40.53,19,112
141.85,44.895,19,112
142.83,42.448,19,112
144.64,44.991,19,112
145.89,45.002,19,112
147.5,43.997,19,112
149.24,43.978,19,112
149.36,46.534,19,112
148.96,47.618,19,112
148.39,48.605,19,112
148.43,48.534,19,112
