NaN,NaN,NaN,-1
142.31,34.496,18,114
142.32,36.35,18,114
142.45,34.911,18,114
141.98,38.395,18,114
141.99,35.332,18,114
142.03,34.038,18,114
141.71,36.342,18,114
141.94,34.738,18,114
141.66,36.792,18,114
141.59,34.776,18,114
141.02,34.565,18,114
141.24,32.918,18,114
140.84,36.66,18,114
141.03,36.582,18,114
140.94,32.888,18,114
140.12,37.433,18,114
140.06,37.975,18,114
139.94,33.093,18,114
140.06,33.187,18,114
139.54,35.785,18,114
140,33.647,18,114
138.29,39.626,18,114
138.44,38.485,18,114
138.28,36.287,18,114
137.67,40.208,18,114
138.2,47.422,18,114
137.92,40.225,18,114
137.68,42.76,18,114
136.44,37.186,18,114
136.18,42.423,18,114
135.51,42.818,18,114
135.47,44.503,18,114
134.99,45.773,18,114
134.94,45.795,18,114
135.1,45.561,18,114
134.91,44.712,18,114
135.11,41.07,18,114
135.7,38.341,18,114
135.19,47.858,18,114
135.3,37.935,18,114
134.23,50.201,18,114
133.42,49.983,18,114
134,52.448,18,114
133.87,50.96,18,114
134.96,49.405,18,114
135.33,51.25,18,114
137.71,49.405,18,114
136.91,55.344,18,114
136.93,49.415,18,114
138.08,46.952,18,114
137.11,50.513,18,114
135.59,55.249,18,114
135.09,53.582,18,114
134.75,57.84,18,114
134.96,61.18,18,114
134.91,55.13,18,114
140.02,50.235,18,114
135.1,62.049,18,114
133.53,63.839,18,114
136.05,59.506,18,114
135.64,58.414,18,114
137.76,51.872,18,114
137.8,51.567,18,114
137.39,51.433,18,114
136.81,52.924,18,114
137.13,51.63,18,114
139.23,44.944,18,114
138.84,49.344,18,114
138.49,45.685,18,114
138.73,45.585,18,114
138.64,45.736,18,114
140.34,38.819,18,114
139.55,40.804,18,114
134.53,47.337,18,114
136.07,44.962,18,114
135.4,44.327,18,114
133.62,42.775,18,114
133.08,39.19,18,114
132.39,39.126,18,114
131.13,36.392,18,114
130.2,37.174,18,114
130.02,33.425,18,114
129.78,33.388,18,114
130.65,21.834,18,114
130.59,22.093,18,114
130.74,20.868,18,114
132.24,19.048,18,114
132.37,18.862,18,114
134.64,15.13,18,114
137.47,14.015,18,114
146.13,20.108,18,114
145.69,15.589,18,114
144.93,18.918,18,114
143.81,14.804,18,114
144.39,14.395,18,114
135.87,15.906,18,114
132.87,15.279,18,114
133,13.586,18,114
135.38,13.657,18,114
135.12,11.792,18,114
132.78,8.9943,18,114
135.59,7.8814,18,114
141.13,12.011,18,114
148.33,16.792,18,114
148.3,16.225,18,114
148.16,16.898,18,114
148.4,15.726,18,114
148.36,15.846,18,114
146.94,17.777,18,114
143.87,14.931,18,114
144.52,19.94,18,114
146.35,19,18,114
147.15,15.936,18,114
146.97,17.391,18,114
148.59,17.695,18,114
149.17,20.11,18,114
150.85,24.971,18,114
147.75,23.746,18,114
148.56,28.094,18,114
146.55,27.825,18,114
143.69,23.712,18,114
143.63,23.592,18,114
141.66,20.928,18,114
140.62,18.307,18,114
141.07,19.451,18,114
141.05,16.184,18,114
143.53,19.997,18,114
142.97,17.203,18,114
142.82,19.122,18,114
142.79,17.372,18,114
134.79,16.286,18,114
133.91,14.028,18,114
132.52,15.393,18,114
132.16,11.077,18,114
132.57,10.502,18,114
132.87,6.4712,18,114
136.13,8.54,18,114
139,8.8124,18,114
143.28,9.6558,18,114
143.38,10.678,18,114
146.96,11.963,18,114
146.95,14.645,18,114
147.74,19.086,18,114
143.17,21.305,18,114
145.77,21.843,18,114
145.8,24.344,18,114
150.38,23.791,18,114
155.75,27.566,18,114
156.09,26.402,18,114
152.87,30.961,18,114
153.43,34.059,18,114
153.21,33.995,18,114
150.67,35.729,18,114
146.94,32.207,18,114
146.85,33.667,18,114
145.38,33.785,18,114
142.47,30.31,18,114
142.95,28.629,18,114
143.19,30.955,18,114
143.65,28.59,18,114
146.29,28.572,18,114
147.46,27.896,18,114
149.12,30.954,18,114
150.6,32.573,18,114
157.15,29.01,18,114
156.95,29.24,18,114
156.79,29.409,18,114
153.7,30.789,18,114
153.49,29.323,18,114
149.45,29.961,18,114
148.52,29.101,18,114
142.85,31.144,18,114
143.09,28.325,18,114
146.18,28.291,18,114
145.7,31.508,18,114
145.69,31.682,18,114
145.87,33.714,18,114
141.48,34.13,18,114
141.54,33.008,18,114
140.67,32.513,18,114
142.68,33.057,18,114
142.31,33.364,18,114
140.96,30.787,18,114
140.84,29.158,18,114
137.72,25.937,18,114
136.76,29.104,18,114
136.49,32.211,18,114
135.95,33.267,18,114
129.97,17.261,18,114
129.5,17.576,18,114
128.01,16.629,18,114
128.73,14.643,18,114
129.89,32.302,18,114
129.84,32.304,18,114
128.56,33.682,18,114
129.02,32.762,18,114
129.36,33.038,18,114
128.5,33.92,18,114
127.77,32.99,18,114
127.95,31.767,18,114
129.67,30.441,18,114
129.73,30.641,18,114
129.66,30.745,18,114
127.74,31.616,18,114
128.35,31.334,18,114
129.25,32.152,18,114
129.04,32.545,18,114
128.98,32.362,18,114
129.71,31.843,18,114
131.42,34.104,18,114
132.74,35.138,18,114
133.88,35.209,18,114
134.29,36.072,18,114
135.63,36.57,18,114
136.09,37.218,18,114
136.62,37.46,18,114
137.94,39.427,18,114
139.13,40.424,18,114
138.24,38.425,18,114
139.9,39.066,18,114
142.28,44.647,18,114
143.11,41.789,18,114
145.18,45.736,18,114
146.37,46.242,18,114
147.98,44.286,18,114
149.94,44.453,18,114
150,48.401,18,114
149.66,47.408,18,114
149.46,47.218,18,114
149.34,47.678,18,114
