NaN,NaN,NaN,-1
136,102,47,59
136,102,47,59
136,102,47,59
135,101,47,59
135,101,47,59
135,101,47,59
135,101,47,59
134,101,47,59
134,102,47,59
133,103,47,59
133,104,47,59
132,105,47,59
131,105,47,59
131,105,47,59
130,105,47,59
129,105,47,59
128,106,47,59
127,106,47,59
127,105,47,59
127,105,47,59
128,104,47,59
129,102,47,59
130,101,47,59
131,101,47,59
133,100,47,59
134,99,47,59
135,99,47,59
137,98,47,59
137,97,47,59
137,97,47,59
136,96,47,59
133,95,47,59
131,94,47,59
128,93,47,59
126,91,47,59
124,90,47,59
123,90,47,59
120,89,47,59
117,90,47,59
116,91,47,59
115,94,47,59
115,96,47,59
114,99,47,59
113,101,47,59
113,101,47,59
114,101,47,59
115,102,47,59
117,99,47,59
118,99,47,59
119,98,47,59
119,97,47,59
119,97,47,59
121,97,47,59
121,97,47,59
120,97,47,59
120,97,47,59
121,97,47,59
121,97,47,59
120,96,47,59
119,97,47,59
119,99,47,59
119,101,47,59
118,103,47,59
118,104,47,59
118,105,47,59
119,106,47,59
120,107,47,59
121,107,47,59
121,106,47,59
121,104,47,59
121,101,47,59
120,98,47,59
120,96,47,59
120,92,47,59
120,90,47,59
120,85,47,59
120,82,47,59
119,80,47,59
119,79,47,59
119,79,47,59
118,80,47,59
118,81,47,59
118,81,47,59
117,83,47,59
116,85,47,59
115,87,47,59
114,88,47,59
112,90,47,59
110,91,47,59
108,92,47,59
107,93,47,59
106,94,47,59
104,95,47,59
103,97,47,59
100,99,47,59
99,101,47,59
98,102,47,59
97,104,47,59
97,105,47,59
97,105,47,59
98,104,47,59
100,103,47,59
102,102,47,59
104,102,47,59
107,102,47,59
110,101,47,59
114,101,47,59
117,101,47,59
120,101,47,59
123,101,47,59
125,100,47,59
127,100,47,59
128,99,47,59
129,99,47,59
131,99,47,59
132,100,47,59
131,102,47,59
130,103,47,59
128,103,47,59
126,103,47,59
123,103,47,59
121,103,47,59
119,101,47,59
118,99,47,59
115,96,47,59
113,94,47,59
111,92,47,59
110,91,47,59
109,91,47,59
107,92,47,59
105,93,47,59
103,95,47,59
102,97,47,59
101,99,47,59
100,102,47,59
100,104,47,59
100,105,47,59
104,106,47,59
105,106,47,59
106,105,47,59
107,106,47,59
107,105,47,59
107,104,47,59
107,103,47,59
106,101,47,59
105,100,47,59
102,99,47,59
99,98,47,59
96,97,47,59
93,97,47,59
90,97,47,59
87,97,47,59
85,98,47,59
84,98,47,59
84,98,47,59
83,98,47,59
82,97,47,59
82,97,47,59
82,98,47,59
83,100,47,59
83,101,47,59
83,102,47,59
84,102,47,59
84,103,47,59
83,105,47,59
83,106,47,59
82,106,47,59
82,106,47,59
81,106,47,59
80,106,47,59
79,105,47,59
78,104,47,59
77,102,47,59
76,101,47,59
75,100,47,59
74,99,47,59
73,98,47,59
72,97,47,59
70,98,47,59
68,98,47,59
66,99,47,59
64,99,47,59
63,99,47,59
61,98,47,59
60,98,47,59
58,97,47,59
57,97,47,59
57,97,47,59
58,98,47,59
59,99,47,59
59,100,47,59
60,101,47,59
61,102,47,59
61,103,47,59
62,103,47,59
62,102,47,59
62,102,47,59
62,102,47,59
61,101,47,59
60,100,47,59
59,99,47,59
58,98,47,59
57,97,47,59
56,97,47,59
55,96,47,59
56,95,47,59
56,94,47,59
57,94,47,59
60,93,47,59
62,92,47,59
64,91,47,59
65,90,47,59
66,89,47,59
66,89,47,59
67,88,47,59
67,88,47,59
66,87,47,59
66,87,47,59
66,86,47,59
67,85,47,59
69,84,47,59
71,83,47,59
73,83,47,59
76,83,47,59
77,84,47,59
79,85,47,59
82,87,47,59
85,89,47,59
88,91,47,59
90,93,47,59
92,95,47,59
94,96,47,59
99,98,47,59
102,103,47,59
104,107,47,59
106,110,47,59
106,110,47,59
109,108,47,59
107,106,47,59
105,104,47,59
104,102,47,59
102,99,47,59
100,98,47,59
96,96,47,59
92,95,47,59
87,93,47,59
82,91,47,59
78,89,47,59
73,88,47,59
68,87,47,59
65,86,47,59
64,86,47,59
66,86,47,59
69,87,47,59
74,89,47,59
78,91,47,59
81,91,47,59
84,93,47,59
86,96,47,59
88,100,47,59
90,102,47,59
92,104,47,59
94,107,47,59
96,108,47,59
98,108,47,59
100,107,47,59
102,106,47,59
104,104,47,59
107,101,47,59
109,97,47,59
111,93,47,59
112,89,47,59
113,85,47,59
112,82,47,59
111,79,47,59
110,77,47,59
107,74,47,59
104,70,47,59
101,66,47,59
99,64,47,59
96,61,47,59
93,58,47,59
90,56,47,59
87,55,47,59
86,54,47,59
84,55,47,59
84,56,47,59
83,57,47,59
82,59,47,59
81,61,47,59
80,63,47,59
79,64,47,59
77,66,47,59
76,68,47,59
75,71,47,59
74,73,47,59
74,75,47,59
75,78,47,59
76,80,47,59
78,81,47,59
81,82,47,59
84,83,47,59
