NaN,NaN,NaN,-1
140.99,36.221,17.92,95.551
140.71,36.467,17.939,95.506
140.68,36.071,18.044,96.094
140.59,35.389,18.195,97.003
140.51,35.746,17.975,95.817
140.46,35.182,18.046,96.264
140.35,35.666,17.905,95.476
140.28,36.079,17.774,94.806
140.02,36.209,17.773,94.708
139.9,36.17,17.649,94.193
139.4,35.601,17.894,95.455
139.3,35.667,17.911,95.491
138.98,35.899,17.937,95.677
138.8,36.054,17.889,95.472
138.24,34.759,18.381,98.132
137.95,34.523,18.827,100.42
137.7,33.81,18.903,100.95
137.33,35.004,18.607,99.471
137.18,35.523,18.469,98.739
137.12,36.1,18.234,97.378
136.74,36.351,18.521,98.941
136.21,35.351,18.823,100.67
135.3,35.073,19.095,102.26
135.5,36.347,18.859,100.8
134.86,35.175,19.304,103.2
135.07,37.242,18.8,100.64
134.13,36.012,19.551,104.74
133.73,36.373,19.638,105.03
133.06,35.661,19.989,106.91
132.84,35.973,19.789,105.72
131.35,35.002,20.414,109.2
131.78,37.132,19.854,106.39
131.15,37.443,19.683,105.48
131.3,36.859,20.118,107.65
130.44,37.481,20.735,110.98
129.97,40.225,20.666,110.52
129.73,34.397,21.354,114.1
129.07,33.484,21.462,114.78
128.28,28.584,21.67,115.92
127.5,26.467,21.764,116.61
124.28,21.424,22.058,118.1
113.37,19.185,21.624,115.82
112.78,9.3068,21.693,116.3
112.67,8.0405,21.12,113.25
111.84,5.0064,21.359,114.53
111.44,3.3864,21.323,114.34
111.09,1.5657,21.312,114.1
110.73,-0.37673,21.285,113.86
110.94,-2.1079,21.131,113.08
110.85,-3.9935,21.127,113.04
110.63,-5.4458,21.145,113.19
110.65,5.4631,21.107,113.22
110.23,5.0273,21.013,112.69
110.41,6.6061,20.448,109.67
109.89,4.7542,20.555,110.26
109.76,3.9268,20.435,109.66
109.84,2.705,20.316,108.85
NaN,NaN,NaN,-2
NaN,NaN,NaN,0
NaN,NaN,NaN,0
NaN,NaN,NaN,0
NaN,NaN,NaN,0
NaN,NaN,NaN,-1
132.78,76.31,22.739,77.902
133.08,75.304,23.03,79.016
133.57,74.813,23.044,79.087
133.48,74.259,23.195,79.739
134.42,73.945,23.122,79.471
134.85,73.278,23.404,80.444
134.91,71.994,23.797,81.899
134.4,70.902,24.537,84.301
134.11,70.466,24.845,85.301
133.11,70.67,25.015,85.943
132.48,71.383,24.979,85.672
131.13,72.575,24.969,85.696
131.32,73.788,24.762,84.91
127.54,75.455,24.415,83.702
127.69,77.706,24.046,82.398
126.99,78.386,24.408,83.762
131.7,78.365,25.102,86.246
126.71,81.415,24.651,84.736
127.76,82.976,24.788,85.322
129.44,83.695,25.266,87.078
129.49,86.496,24.952,85.883
125.66,89.15,25.028,86.247
122.13,90.104,25.034,86.388
120.46,91.898,25.223,86.801
118.92,94.582,24.985,85.733
115.95,97.361,24.519,83.947
124.08,100.92,24.253,83.017
NaN,NaN,NaN,-2
NaN,NaN,NaN,0
NaN,NaN,NaN,0
NaN,NaN,NaN,0
NaN,NaN,NaN,0
NaN,NaN,NaN,-1
118.68,60.424,51.43,41.678
117.66,62.876,51.136,41.894
116.89,63.644,51.577,42.93
116.2,66.412,51.858,43.064
115.31,68.286,51.454,42.649
114.15,68.911,51.906,43.321
113.41,70.711,52.197,43.445
112.4,73.055,52.26,42.975
111.64,74.879,51.888,42.817
111.29,76.673,51.291,42.232
110.58,78.453,51.122,41.765
109.16,80.081,51.347,41.721
108.46,80.705,51.261,42.185
107.99,82.39,50.532,41.589
106.76,83.97,50.635,41.285
106.16,84.371,50.967,41.927
NaN,NaN,NaN,-2
NaN,NaN,NaN,0
NaN,NaN,NaN,0
NaN,NaN,NaN,0
NaN,NaN,NaN,0
NaN,NaN,NaN,-1
131.29,50.322,48.311,35.567
131.59,49.642,48.601,36.032
130.9,48.835,49.8,36.709
129.42,46.23,50.181,37.092
129.93,46.418,50.816,37.537
130.11,46.495,50.981,37.644
130.6,47.583,51.412,37.889
131.75,44.25,51.261,37.781
130.84,42.832,52.304,39.183
132.89,42.877,52.399,39.416
133.74,42.815,52.6,39.842
131.04,40.527,52.188,40.397
133.78,40.953,52.568,40.601
137.73,39.913,52.583,41.111
135.63,48.25,52.456,41.047
136.51,50.178,52.478,41.18
134.69,51.545,52.924,41.638
134.74,56.057,52.799,40.967
133.42,55.694,52.206,40.503
132.06,55.019,52.604,40.911
129.17,54.283,53.083,41.221
126.65,45.399,53.137,40.741
129.21,38.575,53.404,40.864
131.32,29.759,53.43,40.74
134.04,29.994,53.549,40.762
137.22,35.664,53.326,40.235
142.32,36.192,53.411,40.055
137.62,38.814,53.028,39.862
140.43,41.644,53.53,39.764
149.11,47.275,54.019,39.915
158.9,56.264,53.808,39.432
158.22,59.742,53.54,39.158
159.78,65.109,53.637,39.061
156.88,67.128,53.197,38.502
158.33,74.417,54.002,38.791
164.49,80.793,54.004,39.071
173.84,87.035,54.503,39.87
NaN,NaN,NaN,-2
NaN,NaN,NaN,0
NaN,NaN,NaN,0
NaN,NaN,NaN,0
NaN,NaN,NaN,0
NaN,NaN,NaN,-1
128.94,65.172,39.155,41.134
137.09,62.634,38.672,40.636
144.67,60.529,38.904,40.428
145.78,58.984,39.685,41.141
144.68,56.598,40.034,41.588
143.52,57.209,40.485,42.289
144.71,61.941,40.649,42.213
155.95,68.761,40.518,42.506
160.84,72.168,40.432,42.295
155.86,80.2,39.723,41.706
153.46,78.239,39.187,41.242
157.91,78.854,39.206,41.236
157.38,77.026,38.878,40.832
156.2,77.483,38.663,40.478
163.8,71.827,39.077,40.503
152.76,71.402,39.526,40.811
148.56,70.262,39.057,40.203
150.17,67.402,39.549,40.519
151.51,75.96,39.295,40.358
161.33,80.984,39.112,40.218
161.07,81.71,39.734,41.226
159.25,74.854,39.812,41.345
158.77,73.82,39.786,40.868
157.91,68.432,39.757,40.363
157.52,64.778,39.489,39.999
157.92,61.734,39.048,39.143
160.63,58.373,38.469,38.529
154.8,53.066,38.68,38.311
153.15,48.259,38.473,37.949
NaN,NaN,NaN,-2
NaN,NaN,NaN,0
NaN,NaN,NaN,0
NaN,NaN,NaN,0
NaN,NaN,NaN,0
NaN,NaN,NaN,-1
102.51,90.345,72.678,41.212
103.81,91.467,72.604,41.235
104.26,93.006,72.64,41.062
104.96,94.899,72.626,41.336
105.61,96.431,72.548,40.641
105.75,97.146,72.563,41.448
105.99,98.968,72.331,41.278
105.42,99.478,72.769,42.266
104.94,100.45,72.619,42.866
104.72,102.04,72.532,42.984
103.68,102.59,72.772,43.557
103.46,103.9,72.627,44.09
103.39,105.44,72.49,44.269
98.092,99.24,72.396,44.454
95.934,97.71,72.29,44.429
93.557,94.838,72.167,44.516
84.934,88.201,71.936,44.938
80.485,86.731,71.839,45.009
71.904,80.057,72.687,45.034
62.419,76.037,72.709,45.306
67.919,66.496,72.196,44.637
68.135,64.332,72.67,45.247
69.372,64.966,72.741,44.833
62.124,59.994,72.626,44.477
NaN,NaN,NaN,-2
NaN,NaN,NaN,0
NaN,NaN,NaN,0
NaN,NaN,NaN,0
NaN,NaN,NaN,0
NaN,NaN,NaN,-1
138.88,68.069,25.243,62.412
137.95,65.716,25.924,64.118
137.32,64.452,25.969,64.148
136.22,62.841,26.485,65.504
