NaN,NaN,NaN,-1
142.49,42.244,18.92,111.5
142.21,42.488,18.939,111.46
142.18,42.063,19.044,112.11
142.01,41.833,18.956,111.67
141.39,41.993,18.988,111.76
141.01,41.935,18.933,111.52
140.91,42.459,18.793,110.65
140.83,42.907,18.662,109.91
140.29,41.926,18.802,110.87
140.18,41.918,18.678,110.3
140.02,42.302,18.387,108.71
139.92,42.364,18.403,108.75
139.52,42.765,18.2,107.69
139.43,42.909,18.417,109.08
138.96,42.44,18.551,110.12
138.67,42.071,18.997,112.67
138.88,43.176,18.756,111.13
138.29,42.831,18.515,109.52
138.65,45.071,18.476,109.25
137.38,44.025,18.517,109.61
137.13,43.325,19.139,113.47
137.38,45.29,19.186,113.67
137.22,44.854,19.028,112.66
138.42,46.744,18.516,109.58
137.17,46.542,18.576,109.83
135.99,46.791,18.4,108.75
135.62,46.656,18.165,107.31
136.26,48.08,18.236,107.66
136.09,48.586,17.783,105
135,48.563,18.212,107.47
135.1,49.074,18.164,107.31
134.13,47.533,18.141,107.07
134.52,49.655,18.082,106.67
133.98,47.968,18.035,106.35
135.14,50.55,18.904,111.35
135.05,51.561,18.671,110
134.33,52.239,18.035,106.29
136.65,63.62,17.635,103.93
138.67,66.273,17.513,103.3
137.03,65.09,17.551,103.65
136.18,60.473,18.205,107.45
137.28,64.967,18.679,110.28
136.28,63.766,18.567,109.54
138.83,67.147,19.274,113.82
139.07,69.566,18.785,110.95
139.57,70.626,18.198,107.3
140.76,72.945,17.704,104.42
143.93,77.559,16.811,99.259
156.33,83.962,16.449,97.08
155.41,86.029,15.923,94.06
152.28,86.993,15.355,90.712
155.42,85.145,15.031,88.854
155.53,84.574,14.588,86.38
153.29,82.819,14.729,87.223
155.07,80.422,14.926,88.354
155.06,79.989,14.632,86.678
155.07,76.623,15.072,89.225
153.98,77.373,14.584,86.273
151.13,74.791,14.921,88.261
156.32,68.366,14.956,88.525
156.21,68.297,14.699,87.021
155.18,66.679,14.735,87.159
156.99,68.547,14.134,83.506
155.99,68.057,14.126,83.446
155.69,65.787,14.557,86.279
154.95,66.143,14.958,88.754
155.27,66.85,14.087,83.702
156.21,67.367,13.941,82.859
156.59,68.323,13.683,81.391
155.67,67.803,13.94,82.863
155.77,67.301,14.178,84.234
156,73.096,14.139,83.943
155.62,73.699,14.218,84.412
152.44,73.347,14.468,85.814
152.21,74.579,14.456,85.821
154.34,73.178,13.781,81.819
153.71,73.534,13.872,82.272
152.36,79.55,14.158,83.861
151.41,79.057,14.557,86.306
149.13,80.327,14.628,86.666
149.01,82.067,14.668,86.876
148.87,83.564,14.782,87.562
147.81,84.555,15.064,89.298
148.01,88.145,14.639,86.762
148.05,90.526,14.475,85.826
146.91,91.656,14.689,87.21
148.41,90.069,14.415,85.447
145.39,97.289,14.438,85.451
146.49,94.805,14.257,84.284
145.9,99.377,13.749,81.184
145.68,102.74,13.163,77.698
NaN,NaN,NaN,-2
NaN,NaN,NaN,0
NaN,NaN,NaN,0
NaN,NaN,NaN,0
NaN,NaN,NaN,0
NaN,NaN,NaN,-1
121.93,58.297,50.975,47.391
120.88,60.653,51.337,47.81
120.39,63.5,51.232,47.409
119.51,64.973,51.161,47.251
118.97,67.004,51.598,47.567
117.76,68.429,51.838,48.108
116.71,70.177,51.822,48.303
116.18,71.753,51.442,47.831
115.42,73.599,51.069,47.631
114.71,75.044,51.123,47.337
113.73,75.858,51.064,47.466
112.81,76.682,51.191,47.779
112.19,78.662,51.251,47.603
111.14,80.122,50.785,46.736
109.96,81.232,51.033,46.808
109.06,82.164,51.185,46.745
NaN,NaN,NaN,-2
NaN,NaN,NaN,0
NaN,NaN,NaN,0
NaN,NaN,NaN,0
NaN,NaN,NaN,0
NaN,NaN,NaN,-1
134.12,51.258,44.859,43.988
133.08,51.664,45.453,44.419
132.3,51.534,45.77,44.953
133.25,47.235,46.4,45.556
134.63,47.08,46.404,45.618
133.33,47.077,46.698,45.768
133.96,47.104,46.467,45.407
135.22,48.118,46.685,45.799
134.93,48.087,46.993,45.989
136.63,47.155,47.295,46.66
138.73,46.591,47.371,47.318
138.23,47.333,47.422,47.327
136.74,51.569,47.883,47.873
139.33,51.694,48.367,48.38
138.78,51.257,48.538,48.332
138.74,50.18,48.346,48.481
140.92,60.316,48.338,47.843
137.84,61.33,47.662,47.106
137.41,59.318,47.999,47.527
135.82,59.102,47.599,47.089
133.78,53.824,47.486,47.09
133.03,53.085,47.893,47.515
134.65,51.676,47.687,47.923
133.63,49.919,48.33,49.015
132.98,49.687,48.775,49.542
131.04,49.965,49.112,49.878
129.5,50.759,49.397,49.895
129.52,48.686,49.884,50.389
128.85,48.735,50.234,50.743
129.49,51.195,50.748,51.247
130.88,56.84,51.318,51.883
128.57,50.279,51.681,52.267
131.82,55.454,51.833,52.443
132.27,55.129,51.324,51.58
132.08,57.1,51.021,50.937
132.5,59.858,51.457,51.281
131.53,59.59,51.026,50.186
131.99,57.984,50.626,49.576
133.68,57.272,50.174,49.032
135.45,61.145,50.143,48.772
134.69,62.487,50.022,48.08
136.64,64.698,49.374,47.678
137.62,65.228,49.581,47.841
134.43,70.041,49.883,47.985
136.16,81.63,50.065,48.064
135.58,92.394,49.963,47.901
129.9,91.654,49.981,47.85
120.08,91.768,49.699,47.245
119.8,91.997,49.465,47.277
118.9,90.836,49.231,46.919
118.34,88.054,48.795,46.275
129.37,81.796,48.358,46.078
129.64,79.919,49.015,46.852
131.18,79.477,47.779,45.699
128.04,81.084,48.108,46.166
129.07,83.962,48.265,46.667
127.85,82.114,48.371,46.768
136.19,79.943,47.921,46.522
139.95,87.632,47.83,46.544
154.45,86.521,47.694,46.287
157.83,79.395,47.491,46.084
157.31,77.402,47.307,45.862
156.24,73.307,47.399,46.029
154.11,70.233,47.277,46.084
157.53,68.421,47.089,45.697
163.47,63.593,47.318,45.708
160.29,52.215,47.002,45.923
162.25,41.396,46.583,45.296
NaN,NaN,NaN,-2
NaN,NaN,NaN,0
NaN,NaN,NaN,0
NaN,NaN,NaN,0
NaN,NaN,NaN,0
NaN,NaN,NaN,-1
118.34,90.638,61.167,57.567
119.22,91.32,61.238,57.912
120.05,92.417,61.622,58.155
120.75,94.333,61.609,58.381
121.42,94.985,61.922,58.985
121.59,95.554,62.364,59.441
121.85,96.279,62.763,58.966
121.75,101.08,62.484,58.748
122.72,101.05,62.15,58.812
120.65,101.43,62.313,59.41
121.08,103.18,61.917,58.971
121.09,105.97,61.655,58.505
121.73,106.4,61.377,58.495
120.55,106.88,61.161,58.088
120.25,109.16,60.774,57.578
120.34,110.87,60.348,57.39
119.78,116.2,60.559,57.575
118.56,114.34,60.197,57.379
117.58,117.94,60.845,57.424
116.95,115.6,60.834,57.012
103.25,110.88,60.719,57.016
95.827,104.92,59.641,55.399
95.524,102.73,59.538,55.395
82.599,97.656,59.73,56.228
71.221,94.002,59.394,55.799
NaN,NaN,NaN,-2
NaN,NaN,NaN,0
NaN,NaN,NaN,0
NaN,NaN,NaN,0
NaN,NaN,NaN,0
NaN,NaN,NaN,-1
141.88,68.961,23.243,76.627
143.25,67.313,23.172,76.291
144.21,64.323,23.659,78.011
144.4,62.791,24.271,79.964
141.42,58.78,25.452,83.994
138.96,57.246,25.733,85.063
