NaN,NaN,NaN,-1
260,166,53,34
259,166,53,34
258,165,53,34
257,165,53,34
257,165,53,34
256,165,53,34
256,165,53,34
255,165,53,34
254,164,53,34
253,164,53,34
253,164,53,34
253,164,53,34
252,164,53,34
251,163,53,34
251,163,53,34
250,163,53,34
250,163,53,34
250,163,53,34
249,163,53,34
248,162,53,34
248,162,53,34
248,162,53,34
247,162,53,34
247,162,53,34
246,161,53,34
246,161,53,34
246,161,53,34
245,161,53,34
245,161,53,34
244,160,53,34
244,160,53,34
244,160,53,34
244,160,53,34
243,160,53,34
243,159,53,34
242,159,53,34
242,159,53,34
242,159,53,34
242,159,53,34
242,159,53,34
241,158,53,34
241,158,53,34
241,158,53,34
240,158,53,34
240,158,53,34
240,158,53,34
239,157,53,34
239,157,53,34
239,157,53,34
239,157,53,34
239,157,53,34
239,157,53,34
238,156,53,34
238,156,53,34
238,156,53,34
238,156,53,34
238,156,53,34
238,156,53,34
237,155,53,34
237,155,53,34
237,155,53,34
237,155,53,34
237,155,53,34
237,155,53,34
236,155,53,34
236,154,53,34
236,154,53,34
236,154,53,34
236,154,53,34
236,154,53,34
236,154,53,34
235,154,53,34
235,153,53,34
235,153,53,34
235,153,53,34
235,153,53,34
235,153,53,34
235,153,53,34
234,152,53,34
234,152,53,34
234,152,53,34
234,152,53,34
234,152,53,34
234,152,53,34
233,151,53,34
233,151,53,34
233,151,53,34
233,151,53,34
233,151,53,34
233,151,53,34
233,151,53,34
233,151,53,34
232,150,53,34
232,150,53,34
232,150,53,34
232,150,53,34
232,150,53,34
232,150,53,34
232,150,53,34
232,150,53,34
232,149,53,34
232,149,53,34
232,149,53,34
232,149,53,34
232,149,53,34
232,149,53,34
232,149,53,34
232,149,53,34
232,149,53,34
232,149,53,34
232,149,53,34
232,149,53,34
232,149,53,34
232,149,53,34
232,149,53,34
232,149,53,34
232,149,53,34
232,149,53,34
232,149,53,34
232,149,53,34
232,149,53,34
232,149,53,34
232,149,53,34
232,149,53,34
232,149,53,34
232,149,53,34
232,149,53,34
232,149,53,34
232,149,53,34
232,149,53,34
232,149,53,34
232,149,53,34
232,149,53,34
232,149,53,34
232,149,53,34
232,149,53,34
232,149,53,34
232,149,53,34
232,149,53,34
232,149,53,34
232,149,53,34
232,149,53,34
232,149,53,34
232,149,53,34
232,149,53,34
232,149,53,34
232,149,53,34
232,149,53,34
232,149,53,34
232,149,53,34
232,149,53,34
232,149,53,34
232,149,53,34
232,149,53,34
232,149,53,34
232,149,53,34
232,149,53,34
232,149,53,34
232,149,53,34
232,149,53,34
232,149,53,34
232,149,53,34
232,149,53,34
232,149,53,34
232,149,53,34
232,149,53,34
232,149,53,34
232,149,53,34
232,149,53,34
232,149,53,34
232,149,53,34
232,149,53,34
232,149,53,34
232,149,53,34
232,149,53,34
232,149,53,34
232,149,53,34
232,149,53,34
232,149,53,34
232,149,53,34
232,149,53,34
232,149,53,34
231,150,53,34
231,150,53,34
231,150,53,34
231,150,53,34
231,150,53,34
231,150,53,34
231,150,53,34
231,150,53,34
231,150,53,34
231,150,53,34
231,150,53,34
231,150,53,34
231,150,53,34
229,151,53,34
228,151,53,34
228,151,53,34
227,151,53,34
227,151,53,34
227,151,53,34
225,152,53,34
225,152,53,34
224,152,53,34
224,152,53,34
224,152,53,34
223,152,53,34
223,152,53,34
222,152,53,34
222,152,53,34
220,153,53,34
220,153,53,34
219,153,53,34
218,153,53,34
217,153,53,34
217,153,53,34
216,153,53,34
214,154,53,34
213,154,53,34
212,154,53,34
211,154,53,34
210,154,53,34
209,154,53,34
208,154,53,34
207,154,53,34
206,154,53,34
205,154,53,34
204,155,53,34
203,155,53,34
202,155,53,34
201,155,53,34
200,155,53,34
199,155,53,34
198,155,53,34
197,155,53,34
196,155,53,34
195,155,53,34
194,155,53,34
192,155,53,34
191,155,53,34
190,155,53,34
188,155,53,34
187,155,53,34
185,155,53,34
183,155,53,34
182,155,53,34
180,155,53,34
179,155,53,34
177,155,53,34
175,155,53,34
174,155,53,34
172,155,53,34
171,155,53,34
169,155,53,34
168,155,53,34
166,154,53,34
164,154,53,34
163,154,53,34
161,154,53,34
160,153,53,34
158,153,53,34
157,153,53,34
155,153,53,34
153,153,53,34
152,152,53,34
151,152,53,34
150,152,53,34
149,152,53,34
147,152,53,34
146,151,53,34
144,151,53,34
143,151,53,34
142,151,53,34
140,151,53,34
138,150,53,34
137,150,53,34
135,150,53,34
134,150,53,34
132,149,53,34
131,149,53,34
129,149,53,34
128,148,53,34
126,148,53,34
125,148,53,34
123,148,53,34
121,147,53,34
120,147,53,34
118,147,53,34
117,146,53,34
115,146,53,34
114,146,53,34
112,145,53,34
111,145,53,34
109,145,53,34
108,144,53,34
106,144,53,34
105,144,53,34
103,144,53,34
102,143,53,34
100,143,53,34
99,143,53,34
97,142,53,34
95,142,53,34
94,142,53,34
92,141,53,34
91,141,53,34
89,141,53,34
87,140,53,34
86,140,53,34
85,140,53,34
83,139,53,34
81,139,53,34
80,139,53,34
78,138,53,34
76,138,53,34
75,138,53,34
73,137,53,34
72,137,53,34
70,137,53,34
68,136,53,34
67,136,53,34
65,136,53,34
63,135,53,34
62,135,53,34
60,135,53,34
59,134,53,34
57,134,53,34
56,134,53,34
54,133,53,34
52,133,53,34
51,133,53,34
49,132,53,34
48,132,53,34
47,132,53,34
46,132,53,34
43,131,53,34
42,131,53,34
41,131,53,34
39,130,53,34
38,130,53,34
37,130,53,34
36,130,53,34
34,129,53,34
33,129,53,34
32,129,53,34
31,129,53,34
29,128,53,34
27,128,53,34
26,128,53,34
25,128,53,34
23,127,53,34
22,127,53,34
21,127,53,34
20,127,53,34
18,126,53,34
17,126,53,34
16,126,53,34
15,126,53,34
13,125,53,34
12,125,53,34
11,125,53,34
10,125,53,34
8,124,53,34
7,124,53,34
6,124,53,34
5,124,53,34
3,123,53,34
1,122,53,34
1,121,53,34
1,120,53,34
1,119,53,34
1,118,53,34
1,117,53,34
