NaN,NaN,NaN,-1
257,164,53,38
256,164,53,38
255,163,53,38
254,163,53,38
254,163,53,38
253,163,53,38
253,163,53,38
253,163,53,38
252,163,53,38
251,162,53,38
251,162,53,38
250,162,53,38
250,162,53,38
250,162,53,38
250,162,53,38
248,161,53,38
248,161,53,38
247,161,53,38
247,161,53,38
247,161,53,38
246,160,53,38
246,160,53,38
245,160,53,38
245,160,53,38
245,160,53,38
244,159,53,38
244,159,53,38
243,159,53,38
243,159,53,38
243,159,53,38
242,158,53,38
242,158,53,38
242,158,53,38
242,158,53,38
241,158,53,38
241,157,53,38
240,157,53,38
240,157,53,38
240,157,53,38
240,157,53,38
239,156,53,38
239,156,53,38
239,156,53,38
239,156,53,38
239,156,53,38
238,156,53,38
238,155,53,38
238,155,53,38
238,155,53,38
237,155,53,38
237,155,53,38
237,155,53,38
237,155,53,38
236,154,53,38
236,154,53,38
236,154,53,38
236,154,53,38
236,154,53,38
236,154,53,38
235,153,53,38
235,153,53,38
235,153,53,38
235,153,53,38
235,153,53,38
235,153,53,38
235,153,53,38
234,152,53,38
234,152,53,38
234,152,53,38
234,152,53,38
234,152,53,38
234,152,53,38
234,152,53,38
233,151,53,38
233,151,53,38
233,151,53,38
233,151,53,38
233,151,53,38
233,151,53,38
232,150,53,38
232,150,53,38
232,150,53,38
232,150,53,38
232,150,53,38
232,150,53,38
232,150,53,38
231,149,53,38
231,149,53,38
231,149,53,38
231,149,53,38
231,149,53,38
231,149,53,38
231,149,53,38
231,149,53,38
230,148,53,38
230,148,53,38
230,148,53,38
230,148,53,38
230,148,53,38
230,148,53,38
230,148,53,38
230,148,53,38
230,147,53,38
230,147,53,38
230,147,53,38
230,147,53,38
230,147,53,38
230,147,53,38
230,147,53,38
230,147,53,38
230,147,53,38
230,147,53,38
230,147,53,38
230,147,53,38
230,147,53,38
230,147,53,38
230,147,53,38
230,147,53,38
230,147,53,38
230,147,53,38
230,147,53,38
230,147,53,38
230,147,53,38
230,147,53,38
230,147,53,38
230,147,53,38
230,147,53,38
230,147,53,38
230,147,53,38
230,147,53,38
230,147,53,38
230,147,53,38
230,147,53,38
230,147,53,38
230,147,53,38
230,147,53,38
230,147,53,38
230,147,53,38
230,147,53,38
230,147,53,38
230,147,53,38
230,147,53,38
230,147,53,38
230,147,53,38
230,147,53,38
230,147,53,38
230,147,53,38
230,147,53,38
230,147,53,38
230,147,53,38
230,147,53,38
230,147,53,38
230,147,53,38
230,147,53,38
230,147,53,38
230,147,53,38
230,147,53,38
230,147,53,38
230,147,53,38
230,147,53,38
230,147,53,38
230,147,53,38
230,147,53,38
230,147,53,38
230,147,53,38
230,147,53,38
230,147,53,38
230,147,53,38
230,147,53,38
230,147,53,38
230,147,53,38
230,147,53,38
230,147,53,38
230,147,53,38
230,147,53,38
230,147,53,38
230,147,53,38
230,147,53,38
230,147,53,38
230,147,53,38
230,147,53,38
230,147,53,38
229,148,53,38
229,148,53,38
229,148,53,38
229,148,53,38
229,148,53,38
229,148,53,38
229,148,53,38
229,148,53,38
229,148,53,38
229,148,53,38
229,148,53,38
229,148,53,38
229,148,53,38
229,148,53,38
229,148,53,38
227,149,53,38
226,149,53,38
226,149,53,38
225,149,53,38
225,149,53,38
223,150,53,38
223,150,53,38
222,150,53,38
222,150,53,38
221,150,53,38
221,150,53,38
219,151,53,38
219,151,53,38
218,151,53,38
217,151,53,38
216,151,53,38
216,151,53,38
215,151,53,38
214,152,53,38
213,152,53,38
212,152,53,38
211,152,53,38
210,152,53,38
209,152,53,38
208,152,53,38
207,152,53,38
205,153,53,38
204,153,53,38
203,153,53,38
202,153,53,38
201,153,53,38
200,153,53,38
199,153,53,38
198,153,53,38
197,153,53,38
195,153,53,38
194,153,53,38
193,153,53,38
192,153,53,38
191,153,53,38
189,153,53,38
188,153,53,38
187,153,53,38
186,153,53,38
184,153,53,38
183,153,53,38
181,153,53,38
180,153,53,38
178,153,53,38
177,153,53,38
175,153,53,38
173,153,53,38
172,153,53,38
170,153,53,38
168,153,53,38
167,152,53,38
166,152,53,38
164,152,53,38
162,152,53,38
161,151,53,38
160,151,53,38
159,151,53,38
157,151,53,38
155,150,53,38
154,150,53,38
153,150,53,38
151,150,53,38
150,150,53,38
150,150,53,38
151,150,53,38
150,149,53,38
150,149,53,38
149,149,53,38
148,149,53,38
147,149,53,38
145,148,53,38
143,148,53,38
142,148,53,38
141,148,53,38
139,147,53,38
137,147,53,38
136,147,53,38
134,147,53,38
132,146,53,38
131,146,53,38
129,146,53,38
128,145,53,38
126,145,53,38
125,145,53,38
123,145,53,38
122,144,53,38
120,144,53,38
119,144,53,38
117,143,53,38
116,143,53,38
114,143,53,38
112,142,53,38
111,142,53,38
110,142,53,38
108,141,53,38
106,141,53,38
105,141,53,38
103,140,53,38
102,140,53,38
100,140,53,38
99,140,53,38
97,139,53,38
95,139,53,38
94,139,53,38
92,138,53,38
91,138,53,38
89,138,53,38
87,137,53,38
86,137,53,38
84,137,53,38
83,136,53,38
81,136,53,38
80,136,53,38
78,135,53,38
76,135,53,38
75,135,53,38
73,134,53,38
71,134,53,38
70,134,53,38
68,133,53,38
67,133,53,38
65,133,53,38
63,132,53,38
62,132,53,38
61,132,53,38
59,131,53,38
57,131,53,38
56,131,53,38
54,130,53,38
53,130,53,38
51,130,53,38
50,130,53,38
48,129,53,38
47,129,53,38
46,129,53,38
44,128,53,38
42,128,53,38
41,128,53,38
40,128,53,38
38,127,53,38
37,127,53,38
36,127,53,38
35,127,53,38
33,126,53,38
32,126,53,38
31,126,53,38
30,126,53,38
28,125,53,38
27,125,53,38
26,125,53,38
25,125,53,38
23,124,53,38
22,124,53,38
21,124,53,38
20,124,53,38
18,123,53,38
17,123,53,38
16,123,53,38
15,123,53,38
13,122,53,38
12,122,53,38
11,122,53,38
10,122,53,38
8,121,53,38
7,121,53,38
6,121,53,38
5,121,53,38
3,120,53,38
1,119,53,38
1,118,53,38
1,117,53,38
