NaN,NaN,NaN,-1
225.04,91.667,43.37,45.369
224.99,91.327,43.639,45.633
225.2,91.838,43.399,45.397
225.14,91.894,43.541,45.511
224.29,91.897,43.763,45.724
222.2,91.712,43.965,45.885
221.36,92.153,43.987,45.958
219.24,90.75,46.308,48.253
216.45,90.995,49.14,51.034
215.12,93.436,48.859,50.736
215.2,94.896,45.032,46.731
214.17,96.413,43.571,45.202
212.31,98.242,43.737,45.052
211.47,100.07,39.705,40.841
201.73,96.147,47.477,49.175
199.13,94.659,47.782,49.486
195.51,94.594,48.309,49.957
191.87,95.012,48,49.608
186.79,91.917,50.24,51.936
178.15,83.816,59.456,61.384
172.52,82.741,60.557,62.408
165.61,77.855,67.522,69.495
160.31,80.028,62.705,64.688
153,80.13,64.279,66.224
144.77,79.756,67.631,69.492
131.63,73.244,79.523,81.442
121.02,73.618,85.976,87.882
109.89,76.501,85.594,87.336
97.089,77.628,86.714,88.226
83.678,79.595,88.353,89.639
73.483,87.569,75.828,77.02
60.834,93.118,77.418,78.489
56.495,97.468,60.988,61.547
49.34,105.71,60.127,60.863
42.068,107.1,51.744,52.696
43.248,114.83,39.233,40.048
37.346,113.8,39.168,40.277
37.364,113.97,39.932,41.038
37.12,114.62,39.712,40.834
36.075,113.63,41.822,42.981
36.025,113.77,41.723,42.936
35.77,114.01,41.762,43.014
35.996,113.99,42.106,43.368
35.732,114.23,42.395,43.665
35.816,114.3,42.233,43.502
35.96,114.43,41.947,43.22
NaN,NaN,NaN,-2
NaN,NaN,NaN,0
NaN,NaN,NaN,0
NaN,NaN,NaN,0
NaN,NaN,NaN,0
NaN,NaN,NaN,-1
130.82,91.962,56.376,61.062
136.68,88.099,58.667,62.938
144.68,83.371,58.622,62.489
152.65,78.382,59.507,63.039
159.45,75.126,59.597,62.645
163.97,71.711,59.727,62.466
160.13,67.872,70.327,72.525
165.22,65.526,64.715,67.076
165.59,60.253,65.709,67.816
166,65.165,60.792,63.032
175.32,64.734,65.433,67.85
183.01,61.331,65.135,66.965
191.61,46.748,63.54,65.626
201.99,50.723,63.078,64.375
209.48,53.894,61.511,61.97
214.04,53.273,64.614,64.911
218.05,54.532,63.369,63.757
220.21,53.838,64.321,64.563
221.59,54.079,65.292,65.401
220.14,54.99,67.156,67.44
216.63,55.681,68.441,68.716
214.84,58.382,66.181,66.535
214.11,60.973,66.249,66.506
214.38,65.155,66.606,66.82
214.9,69.968,64.714,65.271
216.48,74.383,62.807,63.582
218.5,76.563,63.959,64.722
218.69,80.703,64.417,65.242
218.75,84.619,65.616,66.463
223.23,85.438,64.728,65.52
228.92,93.921,56.812,57.847
232.19,94.169,56.788,57.748
233.4,98.585,56.759,57.751
234.58,105.56,57.119,58.061
239.16,115.79,52.818,52.824
244.41,122.84,51.542,51.386
246.78,129.9,51.728,51.34
246.91,134.06,51.567,51.018
244.71,140.25,51.061,50.593
243.04,141.32,51.077,51.562
241.39,140.2,49.527,50.368
239.32,136.7,47.259,48.683
228.97,125.59,59.064,59.978
226.17,125.14,56.267,57.386
224.25,124.29,52.421,53.797
219.88,131.07,45.58,48.661
208.39,123.43,57.159,61.012
202.29,125.32,67.465,71.578
198.3,120.85,65.057,70.011
190.77,120.69,66.649,72.102
181.89,122.49,65.235,70.45
149.48,110.72,98.816,101.9
148.34,110.69,99.319,102.34
146.74,109.83,100.99,104.04
145.88,109.13,102.25,105.29
145.25,108.48,103.23,106.21
145.33,108.59,103.7,106.72
146.25,108.95,104.36,107.45
146.46,109.37,104.02,107.12
146.59,109.38,103.74,106.81
146.86,109.83,103.24,106.29
147.13,109.83,102.93,105.94
147.16,109.85,102.8,105.74
147.31,109.98,102.7,105.6
147.71,110.33,101.83,104.71
147.95,110.41,101.26,104.12
148.12,110.48,101.01,103.85
148.57,110.89,100.16,103.02
NaN,NaN,NaN,-2
NaN,NaN,NaN,0
NaN,NaN,NaN,0
NaN,NaN,NaN,0
NaN,NaN,NaN,0
NaN,NaN,NaN,-1
148.14,58.535,33.589,50.375
151.22,58.975,33.708,50.221
155.08,57.541,38.081,54.38
158.97,57.311,36.474,52.337
162.54,58.182,36.256,51.105
163.8,58.727,38.657,51.791
169.36,61.764,31.398,46.892
169.92,60.404,34.177,48.68
173.42,59.865,33.021,48.427
175.32,57.57,36.812,51.444
175.65,56.181,39.763,54.275
176.72,55.409,39.662,53.851
179.33,62.87,38.94,53.16
177.48,59.573,44.944,58.121
179.33,59.959,45.407,58.894
178.51,55.913,47.498,61.117
178.3,55.258,50.324,64.181
178.6,57.16,49.727,63.648
179.5,61.124,48.233,61.866
180.57,69.083,44.105,58.49
180.9,76.321,44.493,58.974
181.19,82.413,45.516,59.88
181.36,88.871,43.641,59.661
173.81,90.034,38.884,57.152
165.87,97.394,39.875,59.043
157.18,100.4,51.233,71.417
158.86,117.4,50.427,71.559
158.17,116.93,51.341,72.993
158.11,116.95,51.481,73.185
157.39,115.68,52.628,74.546
NaN,NaN,NaN,-2
NaN,NaN,NaN,0
NaN,NaN,NaN,0
NaN,NaN,NaN,0
NaN,NaN,NaN,0
NaN,NaN,NaN,-1
81.582,149.77,46.193,58.6
76.287,150.59,45.375,57.572
71.278,152.08,48.177,59.8
64.291,151.8,59.093,67.647
60.585,150.68,59.781,68.644
56.459,148.68,60.628,69.434
54.062,149.69,45.071,57.341
48.527,148.42,47.157,58.55
48.253,150.11,46.358,57.455
45.537,150.21,46.638,57.888
43.352,149.9,46.427,57.914
39.91,147.51,46.861,58.751
37.969,140.94,48.429,61.303
36.756,129.57,54.831,69.766
31.554,118.25,67.487,80.013
32.516,111.27,65.975,78.28
30.619,104.94,71.558,82.999
30.316,97.931,81.115,91.21
29.852,93.325,86.644,98.039
29.803,86.82,91.529,104.36
29.212,81.653,94.978,109.26
29.599,76.564,98.22,113.97
31.517,71.711,97.796,115.04
34.085,66.983,97.357,115.89
37.485,64.172,95.736,115.11
41.224,61.478,95.689,115.93
43.553,58.139,96.255,117.24
47.245,55.655,99.02,121.1
51.743,53.649,97.844,121
57.107,53.266,95.549,120.36
59.823,53.884,93.792,119.19
60.34,54.059,94.767,120.53
62.014,55.535,94.686,120.72
61.22,56.05,95.536,120.99
60.576,57.204,94.855,120.12
60.188,57.282,96.294,121.64
59.506,56.064,98.449,124.12
56.638,53.369,103.26,129
56.353,51.353,105.08,131.77
56.289,51.987,105.76,132.74
56.352,51.909,105.93,132.93
56.464,52.182,107.71,135.05
55.278,51.479,109.06,136.11
55.847,50.308,109.43,136.11
55.526,50.711,109.96,137.17
55.276,52.301,108.11,135.06
55.2,52.115,107.4,134.69
55.539,51.723,108.04,136.01
55.307,51.027,108.93,137.02
55.106,50.21,110.27,138.56
55.036,50.662,111.22,139.72
55.381,51.042,109.88,137.97
NaN,NaN,NaN,-2
NaN,NaN,NaN,0
NaN,NaN,NaN,0
NaN,NaN,NaN,0
NaN,NaN,NaN,0
NaN,NaN,NaN,-1
200.19,96.57,49.244,60.102
204.05,94.373,51.322,61.433
204.17,95.305,57.816,65.941
212.16,96.636,49.571,58.558
211.64,94.119,53.993,62.988
211.83,93.578,55.623,64.829
218.36,98.082,48.114,56.185
221.47,101.39,46.713,53.674
221.67,105.74,46.144,53.266
220.67,109.03,45.458,52.705
220.52,109.45,44.198,53.045
219.54,109.66,44.891,53.226
215.61,110.59,52.26,59.872
214.21,110.05,56.692,63.775
217.6,114.37,52.492,60.229
218.26,116.9,51.981,59.937
220.06,122.72,48.299,56.002
218.42,123.9,48.901,56.643
217.47,126.26,49.826,57.66
215.83,127.9,52.545,60.497
214.82,127.28,54.491,62.098
214.31,126.85,55.838,63.491
218.24,126.25,58.654,66.433
