NaN,NaN,NaN,-1
143,60,90,96
142,64,90,96
137,66,90,96
135,65,90,96
132,65,90,96
129,58,90,96
125,54,90,96
126,50,90,96
125,49,90,96
122,49,90,96
116,50,90,96
109,52,90,96
104,54,90,96
101,53,90,96
100,52,90,96
100,49,90,96
103,49,90,96
106,49,90,96
108,50,90,96
111,53,90,96
109,57,90,96
109,58,90,96
111,59,90,96
111,61,90,96
112,62,90,96
112,59,90,96
113,56,90,96
117,50,90,96
121,44,90,96
127,41,90,96
131,39,90,96
134,38,90,96
138,39,90,96
141,39,90,96
142,43,90,96
140,43,90,96
139,42,90,96
137,38,90,96
135,36,90,96
132,33,90,96
128,34,90,96
122,40,90,96
115,44,90,96
112,47,90,96
109,45,90,96
108,45,90,96
106,46,90,96
104,46,90,96
105,42,90,96
104,39,90,96
106,35,90,96
109,33,90,96
113,34,90,96
113,38,90,96
116,44,90,96
119,48,90,96
123,51,90,96
127,52,90,96
129,51,90,96
135,46,90,96
139,40,90,96
142,35,90,96
142,33,90,96
145,32,90,96
145,38,90,96
140,43,90,96
139,43,90,96
137,46,90,96
136,47,90,96
134,46,90,96
134,43,90,96
134,39,90,96
135,39,90,96
135,43,90,96
133,48,90,96
130,48,90,96
130,47,90,96
130,49,90,96
129,51,90,96
128,50,90,96
124,48,90,96
119,45,90,96
118,42,90,96
119,41,90,96
118,44,90,96
117,49,90,96
117,53,90,96
119,57,90,96
121,60,90,96
125,59,90,96
127,53,90,96
132,43,90,96
136,36,90,96
141,34,90,96
145,32,90,96
146,33,90,96
147,37,90,96
148,38,90,96
150,39,90,96
151,39,90,96
151,38,90,96
151,37,90,96
150,37,90,96
148,36,90,96
147,34,90,96
146,37,90,96
142,41,90,96
139,43,90,96
135,43,90,96
133,46,90,96
128,49,90,96
124,46,90,96
124,41,90,96
125,39,90,96
126,38,90,96
126,38,90,96
127,38,90,96
125,39,90,96
127,41,90,96
128,43,90,96
130,45,90,96
133,44,90,96
136,41,90,96
138,38,90,96
141,35,90,96
145,34,90,96
150,32,90,96
152,31,90,96
156,31,90,96
157,34,90,96
157,35,90,96
159,35,90,96
158,35,90,96
156,34,90,96
155,32,90,96
153,29,90,96
155,25,90,96
156,22,90,96
154,21,90,96
152,21,90,96
148,21,90,96
146,22,90,96
142,24,90,96
139,26,90,96
136,27,90,96
133,26,90,96
132,21,90,96
130,16,90,96
129,13,90,96
129,12,90,96
127,12,90,96
128,14,90,96
128,15,90,96
129,19,90,96
130,23,90,96
131,26,90,96
133,24,90,96
135,23,90,96
136,20,90,96
136,15,90,96
137,11,90,96
137,8,90,96
138,6,90,96
136,6,90,96
135,8,90,96
132,10,90,96
132,15,90,96
131,18,90,96
131,20,90,96
131,22,90,96
131,20,90,96
131,16,90,96
131,13,90,96
130,8,90,96
129,6,90,96
129,5,90,96
128,5,90,96
129,8,90,96
131,11,90,96
133,12,90,96
132,15,90,96
130,18,90,96
127,19,90,96
124,21,90,96
120,22,90,96
115,18,90,96
115,19,90,96
111,17,90,96
109,16,90,96
105,16,90,96
105,16,90,96
106,17,90,96
108,16,90,96
111,15,90,96
116,10,90,96
121,7,90,96
121,3,90,96
121,1,90,96
126,1,90,96
131,4,90,96
134,7,90,96
139,8,90,96
143,10,90,96
145,8,90,96
149,9,90,96
149,10,90,96
150,13,90,96
152,17,90,96
154,19,90,96
156,20,90,96
158,21,90,96
157,21,90,96
155,20,90,96
150,19,90,96
147,20,90,96
143,20,90,96
140,19,90,96
134,17,90,96
132,17,90,96
130,16,90,96
130,15,90,96
129,16,90,96
132,20,90,96
135,23,90,96
140,26,90,96
145,25,90,96
150,26,90,96
155,26,90,96
160,25,90,96
166,27,90,96
169,26,90,96
170,25,90,96
173,24,90,96
172,27,90,96
170,29,90,96
170,31,90,96
166,33,90,96
164,32,90,96
164,35,90,96
163,33,90,96
162,32,90,96
163,32,90,96
166,31,90,96
169,31,90,96
169,31,90,96
172,33,90,96
171,34,90,96
173,35,90,96
173,34,90,96
173,34,90,96
170,31,90,96
167,26,90,96
167,24,90,96
164,21,90,96
165,18,90,96
163,14,90,96
162,12,90,96
163,13,90,96
162,16,90,96
162,23,90,96
162,30,90,96
164,32,90,96
166,32,90,96
168,28,90,96
172,23,90,96
172,19,90,96
175,15,90,96
174,12,90,96
174,10,90,96
172,9,90,96
171,12,90,96
170,15,90,96
169,18,90,96
168,20,90,96
164,19,90,96
159,17,90,96
154,16,90,96
148,13,90,96
144,8,90,96
135,4,90,96
131,3,90,96
128,3,90,96
126,4,90,96
124,8,90,96
125,14,90,96
125,19,90,96
125,21,90,96
128,19,90,96
134,20,90,96
139,19,90,96
145,17,90,96
153,15,90,96
155,14,90,96
154,13,90,96
150,11,90,96
146,11,90,96
142,12,90,96
136,14,90,96
129,13,90,96
123,12,90,96
117,9,90,96
111,3,90,96
106,1,90,96
103,1,90,96
102,1,90,96
100,1,90,96
100,7,90,96
99,12,90,96
97,17,90,96
95,21,90,96
88,22,90,96
81,22,90,96
76,21,90,96
70,17,90,96
70,12,90,96
71,9,90,96
73,8,90,96
77,8,90,96
83,12,90,96
86,15,90,96
86,18,90,96
92,19,90,96
96,20,90,96
100,19,90,96
106,16,90,96
112,11,90,96
117,1,90,96
134,2,90,96
147,1,90,96
156,2,90,96
161,5,90,96
163,8,90,96
165,9,90,96
169,10,90,96
172,11,90,96
172,11,90,96
171,9,90,96
173,7,90,96
172,5,90,96
171,2,90,96
171,1,90,96
170,4,90,96
170,6,90,96
170,9,90,96
170,11,90,96
170,12,90,96
170,13,90,96
172,12,90,96
173,8,90,96
176,4,90,96
181,1,90,96
183,1,90,96
185,6,90,96
183,12,90,96
183,19,90,96
181,22,90,96
179,24,90,96
174,21,90,96
172,14,90,96
176,10,90,96
181,8,90,96
184,10,90,96
184,13,90,96
183,18,90,96
178,21,90,96
169,23,90,96
162,22,90,96
155,21,90,96
147,17,90,96
142,13,90,96
142,7,90,96
144,6,90,96
145,8,90,96
144,10,90,96
143,12,90,96
142,15,90,96
140,15,90,96
136,15,90,96
132,15,90,96
127,12,90,96
130,7,90,96
132,4,90,96
134,2,90,96
141,5,90,96
143,7,90,96
148,6,90,96
155,2,90,96
159,1,90,96
162,1,90,96
163,1,90,96
164,1,90,96
163,1,90,96
162,1,90,96
161,1,90,96
159,1,90,96
158,1,90,96
160,7,90,96
156,13,90,96
152,16,90,96
147,17,90,96
141,16,90,96
136,14,90,96
136,9,90,96
141,4,90,96
143,4,90,96
144,5,90,96
143,8,90,96
144,12,90,96
143,14,90,96
143,15,90,96
145,18,90,96
145,21,90,96
148,22,90,96
150,17,90,96
149,13,90,96
152,15,90,96
150,19,90,96
153,23,90,96
151,26,90,96
146,28,90,96
142,28,90,96
140,29,90,96
138,28,90,96
134,25,90,96
131,21,90,96
125,18,90,96
122,17,90,96
119,12,90,96
117,5,90,96
115,4,90,96
112,8,90,96
112,10,90,96
112,11,90,96
110,15,90,96
108,18,90,96
107,18,90,96
105,18,90,96
107,17,90,96
111,18,90,96
117,19,90,96
124,19,90,96
128,18,90,96
130,19,90,96
132,20,90,96
130,21,90,96
130,19,90,96
132,16,90,96
130,15,90,96
130,15,90,96
123,12,90,96
117,10,90,96
118,10,90,96
116,13,90,96
115,16,90,96
113,20,90,96
114,21,90,96
119,23,90,96
121,24,90,96
123,24,90,96
123,25,90,96
125,26,90,96
124,25,90,96
124,24,90,96
123,24,90,96
121,24,90,96
118,24,90,96
115,24,90,96
115,23,90,96
109,22,90,96
104,21,90,96
103,21,90,96
99,20,90,96
96,20,90,96
93,19,90,96
92,19,90,96
91,18,90,96
93,17,90,96
93,16,90,96
93,14,90,96
95,13,90,96
95,13,90,96
95,14,90,96
92,14,90,96
93,13,90,96
94,11,90,96
97,10,90,96
100,9,90,96
102,8,90,96
102,8,90,96
105,6,90,96
107,5,90,96
108,3,90,96
102,2,90,96
100,2,90,96
99,3,90,96
94,4,90,96
93,6,90,96
88,3,90,96
91,4,90,96
91,1,90,96
97,1,90,96
98,1,90,96
102,1,90,96
106,1,90,96
111,1,90,96
111,3,90,96
116,3,90,96
118,2,90,96
117,1,90,96
118,1,90,96
122,1,90,96
126,1,90,96
123,3,90,96
122,8,90,96
118,13,90,96
111,15,90,96
103,18,90,96
97,18,90,96
90,16,90,96
91,18,90,96
87,15,90,96
86,10,90,96
90,11,90,96
92,13,90,96
95,14,90,96
100,16,90,96
102,19,90,96
105,20,90,96
110,23,90,96
112,24,90,96
115,21,90,96
116,15,90,96
117,12,90,96
117,11,90,96
118,12,90,96
120,14,90,96
119,14,90,96
119,12,90,96
118,9,90,96
116,4,90,96
114,1,90,96
113,1,90,96
109,1,90,96
107,1,90,96
102,2,90,96
97,5,90,96
94,5,90,96
95,6,90,96
95,6,90,96
94,7,90,96
93,7,90,96
92,7,90,96
94,5,90,96
96,6,90,96
99,9,90,96
100,14,90,96
100,18,90,96
100,22,90,96
101,24,90,96
98,23,90,96
100,18,90,96
103,9,90,96
106,4,90,96
110,8,90,96
111,12,90,96
112,17,90,96
110,19,90,96
109,21,90,96
109,22,90,96
109,24,90,96
109,21,90,96
112,22,90,96
112,23,90,96
107,20,90,96
103,22,90,96
100,23,90,96
95,23,90,96
89,24,90,96
85,22,90,96
79,21,90,96
76,22,90,96
79,21,90,96
81,18,90,96
83,13,90,96
87,13,90,96
90,17,90,96
93,23,90,96
95,28,90,96
103,29,90,96
110,29,90,96
115,23,90,96
119,17,90,96
123,12,90,96
125,10,90,96
127,9,90,96
128,10,90,96
127,11,90,96
127,12,90,96
126,15,90,96
122,17,90,96
119,18,90,96
118,17,90,96
115,17,90,96
116,15,90,96
116,13,90,96
116,13,90,96
116,14,90,96
116,15,90,96
116,15,90,96
118,16,90,96
120,17,90,96
121,16,90,96
120,18,90,96
122,20,90,96
120,22,90,96
115,26,90,96
116,30,90,96
116,34,90,96
116,38,90,96
113,40,90,96
109,37,90,96
110,34,90,96
110,33,90,96
108,30,90,96
110,27,90,96
113,25,90,96
115,25,90,96
120,27,90,96
123,27,90,96
125,27,90,96
128,27,90,96
128,26,90,96
130,22,90,96
129,20,90,96
126,17,90,96
121,14,90,96
117,16,90,96
111,19,90,96
106,22,90,96
102,22,90,96
100,25,90,96
94,26,90,96
90,26,90,96
90,27,90,96
85,23,90,96
86,18,90,96
89,18,90,96
92,18,90,96
94,23,90,96
98,26,90,96
103,31,90,96
109,35,90,96
113,35,90,96
117,35,90,96
123,33,90,96
129,32,90,96
133,34,90,96
136,35,90,96
137,39,90,96
137,41,90,96
135,43,90,96
131,41,90,96
126,40,90,96
124,36,90,96
122,36,90,96
118,36,90,96
116,36,90,96
118,36,90,96
117,36,90,96
115,38,90,96
112,38,90,96
109,37,90,96
108,37,90,96
108,37,90,96
108,37,90,96
108,35,90,96
110,34,90,96
112,32,90,96
115,31,90,96
120,34,90,96
125,35,90,96
127,38,90,96
129,39,90,96
132,41,90,96
133,41,90,96
136,40,90,96
137,37,90,96
136,36,90,96
136,35,90,96
135,36,90,96
137,34,90,96
134,29,90,96
137,26,90,96
139,27,90,96
139,28,90,96
142,29,90,96
145,30,90,96
145,32,90,96
142,30,90,96
138,29,90,96
135,27,90,96
132,26,90,96
127,23,90,96
125,23,90,96
125,24,90,96
125,22,90,96
122,22,90,96
124,21,90,96
119,19,90,96
114,16,90,96
113,12,90,96
111,9,90,96
107,7,90,96
112,6,90,96
114,6,90,96
118,9,90,96
121,11,90,96
121,12,90,96
124,12,90,96
124,12,90,96
123,11,90,96
120,11,90,96
117,9,90,96
117,8,90,96
115,9,90,96
112,11,90,96
111,14,90,96
111,17,90,96
108,19,90,96
103,19,90,96
95,17,90,96
94,15,90,96
90,14,90,96
88,14,90,96
87,13,90,96
84,13,90,96
83,14,90,96
84,15,90,96
85,16,90,96
90,16,90,96
93,16,90,96
98,16,90,96
103,16,90,96
107,14,90,96
109,13,90,96
112,11,90,96
114,12,90,96
116,14,90,96
116,18,90,96
114,20,90,96
112,23,90,96
108,25,90,96
107,26,90,96
104,26,90,96
98,23,90,96
97,20,90,96
93,18,90,96
90,19,90,96
85,22,90,96
83,25,90,96
83,25,90,96
83,24,90,96
81,24,90,96
81,24,90,96
79,24,90,96
77,23,90,96
75,23,90,96
73,23,90,96
70,21,90,96
