NaN,NaN,NaN,-1
143,39,19,112
142,42,19,112
142,41,19,112
142,42,19,112
142,41,19,112
141,40,19,112
141,40,19,112
141,41,19,112
141,43,19,112
140,39,19,112
140,43,19,112
140,42,19,112
140,43,19,112
141,43,19,112
140,43,19,112
139,45,19,112
140,43,19,112
141,43,19,112
141,44,19,112
140,44,19,112
140,44,19,112
140,41,19,112
139,40,19,112
139,39,19,112
138,38,19,112
138,36,19,112
137,37,19,112
137,41,19,112
137,40,19,112
137,40,19,112
137,43,19,112
136,40,19,112
135,41,19,112
135,42,19,112
135,51,19,112
130,19,19,112
134,47,19,112
135,52,19,112
136,51,19,112
137,55,19,112
138,56,19,112
138,54,19,112
139,52,19,112
139,52,19,112
139,53,19,112
140,41,19,112
140,38,19,112
141,33,19,112
143,32,19,112
147,30,19,112
150,28,19,112
149,27,19,112
149,24,19,112
151,22,19,112
124,19,19,112
123,20,19,112
124,19,19,112
126,18,19,112
127,16,19,112
129,14,19,112
132,14,19,112
141,10,19,112
143,11,19,112
147,8,19,112
149,8,19,112
150,9,19,112
149,6,19,112
149,6,19,112
149,6,19,112
148,10,19,112
147,13,19,112
147,11,19,112
146,13,19,112
147,9,19,112
148,15,19,112
133,16,19,112
132,21,19,112
132,21,19,112
131,25,19,112
131,24,19,112
131,26,19,112
130,24,19,112
130,27,19,112
129,25,19,112
130,26,19,112
130,31,19,112
129,26,19,112
129,2,19,112
130,3,19,112
130,1,19,112
128,-4,19,112
114,3,19,112
110,-2,19,112
108,-3,19,112
108,3,19,112
107,9,19,112
106,7,19,112
105,11,19,112
105,11,19,112
104,13,19,112
NaN,NaN,NaN,-2
NaN,NaN,NaN,0
NaN,NaN,NaN,0
NaN,NaN,NaN,0
NaN,NaN,NaN,0
NaN,NaN,NaN,-1
133,45,44,53
132,46,44,53
133,46,44,53
134,45,44,53
129,45,44,53
129,51,44,53
153,47,44,53
152,47,44,53
155,48,44,53
153,51,44,53
153,52,44,53
153,46,44,53
153,45,44,53
153,46,44,53
150,47,44,53
149,46,44,53
133,51,44,53
126,54,44,53
127,52,44,53
132,53,44,53
140,48,44,53
142,50,44,53
143,49,44,53
140,47,44,53
141,46,44,53
141,47,44,53
139,48,44,53
140,48,44,53
142,47,44,53
142,48,44,53
141,48,44,53
135,47,44,53
132,42,44,53
132,42,44,53
131,41,44,53
133,42,44,53
134,40,44,53
133,43,44,53
131,43,44,53
135,42,44,53
144,43,44,53
158,44,44,53
168,45,44,53
170,51,44,53
167,43,44,53
134,37,44,53
133,37,44,53
130,40,44,53
128,38,44,53
127,37,44,53
125,36,44,53
NaN,NaN,NaN,-2
NaN,NaN,NaN,0
NaN,NaN,NaN,0
NaN,NaN,NaN,0
NaN,NaN,NaN,0
NaN,NaN,NaN,-1
125,72,47,40
125,72,47,40
123,69,47,40
127,66,47,40
129,67,47,40
133,67,47,40
140,68,47,40
139,68,47,40
131,60,47,40
127,56,47,40
130,53,47,40
140,54,47,40
145,51,47,40
141,47,47,40
140,45,47,40
132,42,47,40
NaN,NaN,NaN,-2
NaN,NaN,NaN,0
NaN,NaN,NaN,0
NaN,NaN,NaN,0
NaN,NaN,NaN,0
NaN,NaN,NaN,-1
128,83,55,46
129,83,55,46
132,76,55,46
134,72,55,46
136,67,55,46
139,62,55,46
139,59,55,46
126,52,55,46
86,48,55,46
85,42,55,46
NaN,NaN,NaN,-2
NaN,NaN,NaN,0
NaN,NaN,NaN,0
NaN,NaN,NaN,0
NaN,NaN,NaN,0
NaN,NaN,NaN,-1
97,88,83,56
98,90,83,56
101,91,83,56
98,89,83,56
99,92,83,56
98,93,83,56
97,92,83,56
95,93,83,56
93,91,83,56
89,89,83,56
85,88,83,56
87,88,83,56
90,104,83,56
99,116,83,56
97,114,83,56
96,109,83,56
95,105,83,56
96,101,83,56
101,101,83,56
94,97,83,56
93,96,83,56
93,90,83,56
90,86,83,56
89,84,83,56
94,81,83,56
93,80,83,56
90,78,83,56
88,77,83,56
86,75,83,56
