NaN,NaN,NaN,-1
82.003,91.399,37.285,51.404
88.707,91.231,37.277,51.426
88.955,92.267,36.535,50.406
97.307,93.877,36.539,50.43
103.41,95.752,36.341,50.135
113.09,96.45,36.583,50.418
115.28,95.251,36.278,50.011
119.05,96.715,36.649,50.486
119.68,106.07,36.993,50.911
121.88,107.59,36.574,50.353
115.75,111.91,36.77,50.627
141.43,103.71,36.492,50.252
146.36,109.5,36.525,50.383
154.66,107.66,36.799,50.78
159.27,107.8,37.104,51.272
166.55,106.59,37.57,51.934
170.74,106.03,37.559,51.9
175.83,106.73,37.501,51.844
182.48,103.27,37.531,51.905
187.24,104.5,38.15,52.534
191.21,106.16,37.952,52.21
193.56,107.27,37.399,51.351
193.55,107.35,37.307,51.285
192.16,106.12,37.44,51.412
191.56,105.2,37.806,51.852
187.11,104.98,37.908,51.849
180.99,101.04,38.058,52.004
176.07,102.7,38.061,52.044
169.94,100.61,38.761,52.932
162.47,103.01,38.671,52.846
151.85,102.83,38.932,53.326
142.39,105.24,39.011,53.451
129.11,104.45,38.771,53.242
118.3,105.03,39.03,53.545
109.79,105.68,39.226,53.795
103.8,107.24,38.734,53.013
99.651,103.73,38.401,52.753
96.338,106.31,39.039,53.743
96.546,102.85,38.863,53.536
88.131,109.79,38.828,53.684
93.033,111.16,38.979,53.869
99.459,111.38,39.188,54.085
106.18,110.54,39.459,54.423
110.77,109.18,39.957,55.061
118.23,108.9,40.154,55.412
123.94,109.03,40.138,55.297
129.19,110.09,40.599,55.957
149.39,108.21,40.853,56.264
156.78,105.32,40.981,56.345
165.14,108.27,40.925,56.266
177.11,110.23,40.741,56.118
183.99,106.23,40.156,55.401
190.99,107.28,40.518,55.765
195.67,111.28,40.536,55.754
192.72,112.48,40.808,56.221
190.88,110.77,41.165,56.736
183.5,112.87,40.746,56.265
173.2,111.19,40.483,55.799
163.25,109.66,40.761,55.863
146.59,106.29,41.098,56.256
133.93,106.41,41.345,56.526
121.03,108.92,41.62,56.979
110.58,106.4,41.495,56.771
101.11,110.58,40.763,55.796
94.208,109.24,40.61,55.506
77.646,81.39,40.299,55.143
80.063,77.739,40.051,54.762
82.215,79.403,39.936,54.559
82.289,79.265,39.659,54.164
49.035,56.215,39.814,54.383
49.724,56.115,39.583,54.121
50.002,54.139,38.991,53.502
51.384,58.011,39.472,54.232
49.298,55.994,39.708,54.456
47.909,54.985,39.858,54.653
NaN,NaN,NaN,-2
NaN,NaN,NaN,0
NaN,NaN,NaN,0
NaN,NaN,NaN,0
NaN,NaN,NaN,0
NaN,NaN,NaN,-1
153.33,90.228,34.114,54.325
169.82,94.823,34.674,55.191
182.36,92.305,34.305,54.699
195.34,104.15,33.987,54.248
205.84,103.11,33.834,53.806
208.18,105.2,33.803,53.653
210.61,108.19,33.728,53.594
207.37,108.93,33.572,53.318
204,109.46,33.35,52.783
201.45,106.8,33.306,52.66
200.62,106.65,33.426,52.974
196.83,109.73,33.479,53.028
190.55,112.87,33.46,53.043
183.27,115.98,33.157,52.605
173.41,117.08,32.46,51.575
164.37,115.89,32.92,52.375
147.67,109.79,33.527,53.433
133.7,97.278,33.816,53.964
119.66,95.794,33.455,53.383
102.47,95.671,33.61,53.707
108.1,115.42,33.676,53.763
NaN,NaN,NaN,-2
NaN,NaN,NaN,0
NaN,NaN,NaN,0
NaN,NaN,NaN,0
NaN,NaN,NaN,0
NaN,NaN,NaN,-1
22.602,113.76,36.344,55.457
15.058,112.29,36.154,55.144
7.8859,105.16,35.814,54.688
1.7283,98.451,35.93,54.811
-5.7736,95.84,35.883,54.836
NaN,NaN,NaN,NaN
NaN,NaN,NaN,NaN
NaN,NaN,NaN,NaN
NaN,NaN,NaN,NaN
NaN,NaN,NaN,NaN
NaN,NaN,NaN,NaN
NaN,NaN,NaN,NaN
NaN,NaN,NaN,NaN
NaN,NaN,NaN,NaN
NaN,NaN,NaN,NaN
NaN,NaN,NaN,NaN
NaN,NaN,NaN,NaN
NaN,NaN,NaN,NaN
NaN,NaN,NaN,NaN
NaN,NaN,NaN,NaN
NaN,NaN,NaN,NaN
NaN,NaN,NaN,NaN
NaN,NaN,NaN,NaN
NaN,NaN,NaN,NaN
NaN,NaN,NaN,NaN
NaN,NaN,NaN,NaN
NaN,NaN,NaN,NaN
NaN,NaN,NaN,NaN
NaN,NaN,NaN,NaN
NaN,NaN,NaN,NaN
NaN,NaN,NaN,NaN
NaN,NaN,NaN,NaN
NaN,NaN,NaN,NaN
NaN,NaN,NaN,NaN
NaN,NaN,NaN,NaN
NaN,NaN,NaN,NaN
NaN,NaN,NaN,NaN
NaN,NaN,NaN,NaN
NaN,NaN,NaN,NaN
NaN,NaN,NaN,NaN
NaN,NaN,NaN,NaN
NaN,NaN,NaN,NaN
NaN,NaN,NaN,NaN
NaN,NaN,NaN,NaN
NaN,NaN,NaN,NaN
NaN,NaN,NaN,NaN
NaN,NaN,NaN,NaN
NaN,NaN,NaN,NaN
NaN,NaN,NaN,NaN
NaN,NaN,NaN,NaN
NaN,NaN,NaN,NaN
NaN,NaN,NaN,NaN
NaN,NaN,NaN,NaN
NaN,NaN,NaN,NaN
NaN,NaN,NaN,NaN
NaN,NaN,NaN,NaN
NaN,NaN,NaN,NaN
NaN,NaN,NaN,NaN
NaN,NaN,NaN,NaN
NaN,NaN,NaN,NaN
NaN,NaN,NaN,NaN
NaN,NaN,NaN,NaN
NaN,NaN,NaN,NaN
