NaN,NaN,NaN,-1
137.97,26.423,34.051,127.6
138.4,26.647,32.704,126.64
138.21,27.167,32.642,127.37
136.52,25.3,33.319,132.41
136.52,26.694,33.804,129.71
136.8,27.94,31.858,127.51
135.59,30.078,31.798,125.8
135.58,28.407,32.27,128.95
135.7,29.458,31.402,127.05
134.06,28.646,32.213,129.18
134.39,30.636,31.076,128.08
133.73,28.28,30.705,129.03
134.25,30.83,31.499,130.87
132.2,34.006,31.778,126.7
132.61,34.058,30.073,127.82
131.81,32.411,31.178,126.98
131.53,32.385,32.356,127.69
131.46,29.975,32.411,130.33
131.77,32.745,31.608,126.87
131.01,31.231,33.606,127.26
131.46,30.716,34.919,125.12
132.13,30.336,34.487,130.59
132.24,31.715,33.936,125.49
133.92,29.919,33.4,129.03
133.27,28.97,34.857,130.15
134.11,30.632,33.355,128.07
134.9,28.747,31.762,131.8
135.24,30.522,33.083,129.05
135.94,30.616,33.175,127.85
136.41,34.477,33.453,123.94
138.03,31.587,31.517,130.17
136.15,34.673,31.68,126.64
137.29,33.093,31.06,127.14
137.33,34.929,29.471,125.13
134.24,34.459,32.787,125
135.45,33.247,32.764,129.48
134.72,33.364,31.714,130.55
133.47,34.633,32.557,128.04
132.85,34.063,32.718,128.07
132.14,32.586,31.242,130.1
132.65,32.281,32.554,130.73
132.2,34.018,32.327,126.74
132.85,34.794,31.832,126.08
131.82,33.89,32.392,129.18
132.89,34.599,32.038,128.07
131.72,35.03,32.488,130.31
131.94,34.127,32.607,131.45
132.66,34.445,31.031,129.43
133.4,35.802,30.054,131.36
133.23,34.601,31.112,132.48
133.4,35.378,30.682,128.06
133.23,37.17,29.097,130.26
132.27,37.731,30.717,127.13
130.93,35.067,32.994,132.09
131,36.833,32.098,125.77
130.87,34.886,31.776,129.83
131.5,35.196,31.771,129.45
134.02,33.883,29.981,130
134.31,35.475,30.641,128.33
135.59,35.425,29.343,127.69
137.28,37.044,27.162,124.99
137.14,35.837,29.367,127.44
135.68,36.94,31,126.9
137.3,36.17,30.038,121.31
138.5,36.426,28.274,122.67
139.19,39.945,28.809,114.45
138.53,37.717,29.929,119.55
137.92,38.788,31.562,116.7
139.41,38.496,29.689,118.93
139.84,40.424,29.593,117.95
138.87,40.347,30.529,117.05
138.99,37.882,29.47,120.06
139.28,38.864,27.525,119.36
137.54,38.763,26.673,119.28
133.28,39.893,27.759,116.97
129.99,37.328,24.881,119.01
124.14,36.698,27.751,117.5
119.22,36.008,26.683,111.9
117.47,35.094,29.129,114.99
114.03,35.94,28.705,112.04
109.93,34.225,27.328,112.6
107.06,31.76,28.193,116.43
107,34.248,27.918,115.68
107.4,25.72,29.266,111.96
108.42,26.684,26.482,107.39
124.88,20.255,25.607,119.39
126.08,20.711,27.446,116.18
125.53,23.889,26.122,107.83
128.48,22.704,26.915,103.27
133.44,21.246,26.035,105.36
139.56,22.068,28.065,101.74
139.03,20.89,31.99,109.86
144.88,18.648,30.962,112.07
146.82,18.131,30.455,117.64
146.79,17.457,29.777,117.5
147.01,15.989,32.15,117.6
NaN,NaN,NaN,-2
NaN,NaN,NaN,0
NaN,NaN,NaN,0
NaN,NaN,NaN,0
NaN,NaN,NaN,0
NaN,NaN,NaN,-1
114.95,41.319,49.429,113.14
112.81,42.262,51.527,113.42
110.59,45.243,53.047,107.54
118.04,48.474,49.387,92.845
118.13,48.775,50.132,90.855
115.4,52.08,56.312,86.465
118.26,53.221,55.028,75.558
116.68,53.33,60.494,74.298
118.2,53.805,59.764,74.89
121.53,47.057,59.105,81.742
122.1,46.357,64.825,80.82
119.38,48.565,65.905,74.605
103.96,47.796,65.027,76.496
100.02,44.246,65.784,80.681
84.929,43.044,57.04,87.138
NaN,NaN,NaN,-2
NaN,NaN,NaN,0
NaN,NaN,NaN,0
NaN,NaN,NaN,0
NaN,NaN,NaN,0
NaN,NaN,NaN,-1
137.87,37.616,50.032,126.87
138.36,38.388,49.3,123.88
140.17,38.097,47.674,122.12
136.65,43.401,52.461,115.15
137.13,45.94,52.667,113.46
135.39,52.12,50.307,105.74
141.36,55.496,46.091,103.96
142.25,57.459,43.684,105.54
141.17,61.498,44.893,111.2
139.34,63.744,45.152,113.11
142.6,59.871,43.101,118.33
140.18,63.347,38.914,114.63
156.23,57.768,41.196,115.05
153.6,54.268,41.747,122.66
142.33,55.716,38.695,114.3
129.55,54.983,44.573,110.19
114.43,55.243,44.014,106.36
117.54,53.759,47.82,95.491
131.95,56.924,43.8,111.12
137.19,63.619,44.735,95.977
135.64,65.093,46.64,81.192
134.98,69.999,44.234,84.052
123.13,64.409,43.557,77.845
115.09,68.827,39.952,73.979
112.12,89.248,36.612,67.738
NaN,NaN,NaN,-2
NaN,NaN,NaN,0
NaN,NaN,NaN,0
NaN,NaN,NaN,0
NaN,NaN,NaN,0
NaN,NaN,NaN,-1
146.45,97.054,73.738,66.964
145.45,95.286,75.819,68.12
142.54,92.286,71.995,66.906
140.39,90.069,72.846,69.988
130.97,91.367,70.631,65.368
124.39,89.098,64.892,64.353
117.75,84.099,66.926,67.625
100.71,79.138,67.867,77.282
91.612,78.37,65.866,75.982
65.845,75.061,59.764,75.499
64.085,73.257,64.155,74.408
73.877,77.189,65.997,65.891
82.437,77.049,68.547,66.435
81.432,74.623,71.525,66.819
73.953,75.45,81.765,65.045
65.233,75.857,78.123,63.82
58.946,76.259,89.379,61.908
NaN,NaN,NaN,-2
NaN,NaN,NaN,0
NaN,NaN,NaN,0
NaN,NaN,NaN,0
NaN,NaN,NaN,0
NaN,NaN,NaN,-1
148.02,60.677,68.773,24.694
144.36,59.573,72.024,25.435
145.19,59.145,61.994,25.391
146.87,55.314,55.953,25.397
148.43,55.449,60.542,24.851
142.23,53.237,56.515,24.224
141.71,52.019,50.259,24.876
139.65,51.389,51.997,25.144
138.24,50.328,59.012,24.889
NaN,NaN,NaN,-2
NaN,NaN,NaN,0
NaN,NaN,NaN,0
NaN,NaN,NaN,0
NaN,NaN,NaN,0
NaN,NaN,NaN,-1
171.59,64.306,28.462,65.501
170.75,64.302,31.112,65.613
174.01,64.828,29.851,66.555
174.59,66.306,31.466,63.703
174.87,68.36,32.921,62.508
175.9,71.281,33.173,57.204
176.38,73.134,32.792,55.441
177.18,74.93,32.383,53.48
172.77,73.361,34.756,54.884
171.62,77.464,34.63,49.824
170.68,79.672,33.745,48.231
168.9,72.375,34.06,49.594
165.88,74.045,29.83,54.161
163.23,75.61,31.651,51.241
