NaN,NaN,NaN,-1
132,47,40,97
132,48,40,97
132,48,40,97
132,48,40,97
132,49,40,97
132,49,40,97
132,50,40,97
131,51,40,97
131,53,40,97
131,54,40,97
131,56,40,97
131,58,40,97
132,61,40,97
134,64,40,97
136,69,40,97
138,74,40,97
142,78,40,97
147,82,40,97
153,86,40,97
160,90,40,97
167,92,40,97
174,95,40,97
181,96,40,97
189,97,40,97
198,98,40,97
205,97,40,97
212,97,40,97
218,97,40,97
223,97,40,97
226,97,40,97
229,97,40,97
229,96,40,97
226,95,40,97
220,94,40,97
214,94,40,97
206,93,40,97
196,93,40,97
186,94,40,97
175,96,40,97
165,96,40,97
154,97,40,97
146,99,40,97
139,99,40,97
130,101,40,97
121,102,40,97
112,103,40,97
105,104,40,97
99,105,40,97
93,105,40,97
88,105,40,97
83,105,40,97
80,102,40,97
79,98,40,97
79,93,40,97
80,88,40,97
81,82,40,97
84,75,40,97
87,68,40,97
90,61,40,97
94,54,40,97
97,49,40,97
101,46,40,97
108,42,40,97
116,40,40,97
124,37,40,97
132,35,40,97
142,35,40,97
150,36,40,97
157,39,40,97
167,42,40,97
174,44,40,97
181,46,40,97
191,48,40,97
199,49,40,97
207,51,40,97
214,51,40,97
219,52,40,97
223,52,40,97
225,52,40,97
224,51,40,97
219,49,40,97
211,47,40,97
202,44,40,97
193,41,40,97
183,39,40,97
173,37,40,97
163,35,40,97
153,33,40,97
144,32,40,97
134,32,40,97
124,32,40,97
114,35,40,97
105,38,40,97
96,41,40,97
88,44,40,97
81,46,40,97
77,49,40,97
75,53,40,97
76,58,40,97
79,63,40,97
81,69,40,97
85,73,40,97
89,78,40,97
93,83,40,97
95,88,40,97
97,94,40,97
100,100,40,97
102,105,40,97
105,109,40,97
109,111,40,97
114,113,40,97
119,113,40,97
125,112,40,97
132,109,40,97
140,106,40,97
147,103,40,97
154,99,40,97
161,94,40,97
168,91,40,97
175,88,40,97
181,85,40,97
186,81,40,97
192,78,40,97
198,75,40,97
204,72,40,97
209,69,40,97
214,66,40,97
219,63,40,97
223,61,40,97
226,58,40,97
227,56,40,97
226,53,40,97
224,50,40,97
219,47,40,97
213,44,40,97
207,42,40,97
198,40,40,97
189,37,40,97
180,35,40,97
170,34,40,97
162,33,40,97
151,32,40,97
142,30,40,97
133,29,40,97
124,28,40,97
116,28,40,97
109,27,40,97
102,27,40,97
96,27,40,97
91,28,40,97
88,29,40,97
88,30,40,97
90,32,40,97
92,34,40,97
97,35,40,97
101,38,40,97
104,42,40,97
107,45,40,97
109,49,40,97
111,52,40,97
114,55,40,97
116,57,40,97
117,58,40,97
119,58,40,97
121,58,40,97
123,58,40,97
125,56,40,97
129,55,40,97
135,54,40,97
141,54,40,97
146,54,40,97
152,53,40,97
157,51,40,97
161,50,40,97
164,49,40,97
166,48,40,97
168,48,40,97
171,48,40,97
175,49,40,97
179,51,40,97
184,52,40,97
189,53,40,97
194,53,40,97
198,53,40,97
202,52,40,97
205,50,40,97
207,48,40,97
208,46,40,97
209,44,40,97
211,41,40,97
214,43,40,97
216,47,40,97
219,53,40,97
221,63,40,97
222,75,40,97
222,83,40,97
224,89,40,97
221,97,40,97
217,102,40,97
214,105,40,97
211,106,40,97
206,108,40,97
200,108,40,97
194,107,40,97
186,104,40,97
176,103,40,97
166,101,40,97
154,100,40,97
143,98,40,97
132,96,40,97
120,93,40,97
110,90,40,97
99,88,40,97
88,86,40,97
79,85,40,97
72,83,40,97
66,81,40,97
61,78,40,97
58,74,40,97
58,69,40,97
61,63,40,97
66,56,40,97
71,48,40,97
78,40,40,97
84,32,40,97
90,24,40,97
95,17,40,97
99,9,40,97
103,2,40,97
107,0,40,97
113,0,40,97
118,0,40,97
123,0,40,97
128,0,40,97
133,0,40,97
137,0,40,97
143,6,40,97
150,11,40,97
155,18,40,97
162,25,40,97
169,30,40,97
177,35,40,97
186,41,40,97
194,45,40,97
203,50,40,97
212,54,40,97
220,59,40,97
227,63,40,97
234,67,40,97
240,71,40,97
246,76,40,97
250,80,40,97
254,83,40,97
255,86,40,97
254,88,40,97
250,89,40,97
245,89,40,97
238,90,40,97
229,90,40,97
219,90,40,97
211,90,40,97
201,90,40,97
192,91,40,97
182,92,40,97
173,93,40,97
163,94,40,97
153,95,40,97
143,96,40,97
134,97,40,97
125,97,40,97
117,96,40,97
109,95,40,97
102,94,40,97
95,93,40,97
89,91,40,97
84,89,40,97
80,86,40,97
77,81,40,97
73,77,40,97
69,72,40,97
67,66,40,97
65,61,40,97
63,55,40,97
62,48,40,97
62,42,40,97
62,35,40,97
63,28,40,97
64,21,40,97
64,15,40,97
63,11,40,97
61,7,40,97
60,4,40,97
59,3,40,97
57,5,40,97
54,10,40,97
52,15,40,97
50,19,40,97
49,22,40,97
47,25,40,97
47,27,40,97
49,29,40,97
52,31,40,97
54,33,40,97
57,37,40,97
61,42,40,97
64,49,40,97
68,56,40,97
74,62,40,97
80,68,40,97
88,75,40,97
95,80,40,97
104,84,40,97
115,86,40,97
126,89,40,97
137,90,40,97
148,89,40,97
159,87,40,97
170,83,40,97
178,79,40,97
185,76,40,97
191,74,40,97
195,72,40,97
198,70,40,97
198,68,40,97
196,65,40,97
192,62,40,97
188,59,40,97
182,55,40,97
176,51,40,97
170,48,40,97
164,45,40,97
157,42,40,97
151,40,40,97
144,40,40,97
136,41,40,97
129,43,40,97
122,48,40,97
117,54,40,97
112,60,40,97
108,66,40,97
107,71,40,97
107,76,40,97
111,79,40,97
117,81,40,97
124,82,40,97
133,83,40,97
142,83,40,97
152,83,40,97
162,82,40,97
172,82,40,97
180,82,40,97
188,83,40,97
194,85,40,97
200,87,40,97
204,89,40,97
207,92,40,97
208,96,40,97
207,100,40,97
204,104,40,97
197,108,40,97
191,110,40,97
184,111,40,97
177,112,40,97
170,113,40,97
162,112,40,97
152,111,40,97
142,109,40,97
133,106,40,97
124,101,40,97
114,97,40,97
104,92,40,97
94,86,40,97
86,81,40,97
79,74,40,97
72,68,40,97
67,61,40,97
63,54,40,97
61,48,40,97
62,41,40,97
66,36,40,97
70,31,40,97
75,26,40,97
80,22,40,97
86,18,40,97
91,15,40,97
95,12,40,97
100,10,40,97
103,10,40,97
107,11,40,97
110,13,40,97
114,17,40,97
119,21,40,97
123,26,40,97
127,31,40,97
130,35,40,97
134,40,40,97
138,43,40,97
141,45,40,97
144,46,40,97
147,48,40,97
149,49,40,97
151,51,40,97
153,52,40,97
