NaN,NaN,NaN,-1
132,46,37,96
132,46,37,96
133,47,37,96
132,47,37,96
132,47,37,96
132,48,37,96
132,49,37,96
132,50,37,96
131,51,37,96
131,53,37,96
131,55,37,96
131,57,37,96
132,60,37,96
134,63,37,96
136,68,37,96
138,72,37,96
142,77,37,96
147,81,37,96
153,86,37,96
160,89,37,96
167,92,37,96
174,95,37,96
182,97,37,96
189,98,37,96
198,99,37,96
206,100,37,96
213,100,37,96
219,101,37,96
224,101,37,96
228,100,37,96
230,100,37,96
230,99,37,96
227,98,37,96
221,98,37,96
215,97,37,96
207,97,37,96
198,97,37,96
187,97,37,96
176,98,37,96
166,99,37,96
155,100,37,96
147,101,37,96
140,102,37,96
131,104,37,96
121,105,37,96
113,106,37,96
105,107,37,96
99,107,37,96
94,108,37,96
88,108,37,96
84,107,37,96
81,105,37,96
79,101,37,96
79,96,37,96
80,91,37,96
82,85,37,96
84,78,37,96
87,70,37,96
90,63,37,96
94,57,37,96
95,52,37,96
99,47,37,96
106,43,37,96
113,41,37,96
121,38,37,96
129,37,37,96
138,36,37,96
146,38,37,96
153,41,37,96
161,44,37,96
168,46,37,96
176,48,37,96
185,50,37,96
194,52,37,96
201,53,37,96
208,54,37,96
213,55,37,96
218,55,37,96
220,55,37,96
218,54,37,96
214,52,37,96
207,49,37,96
198,47,37,96
188,44,37,96
178,42,37,96
168,39,37,96
158,37,37,96
148,35,37,96
138,34,37,96
128,34,37,96
117,34,37,96
107,35,37,96
98,38,37,96
89,41,37,96
81,44,37,96
75,47,37,96
70,50,37,96
69,54,37,96
70,58,37,96
72,64,37,96
75,70,37,96
79,75,37,96
84,80,37,96
88,86,37,96
90,91,37,96
93,97,37,96
96,103,37,96
99,108,37,96
102,113,37,96
106,116,37,96
111,117,37,96
117,117,37,96
123,116,37,96
130,114,37,96
139,110,37,96
146,106,37,96
153,102,37,96
159,99,37,96
166,95,37,96
173,92,37,96
179,89,37,96
184,85,37,96
190,82,37,96
196,79,37,96
201,76,37,96
206,73,37,96
211,70,37,96
215,67,37,96
218,66,37,96
222,62,37,96
222,60,37,96
222,57,37,96
219,54,37,96
213,51,37,96
208,49,37,96
201,47,37,96
193,44,37,96
184,43,37,96
174,41,37,96
163,39,37,96
154,37,37,96
144,36,37,96
135,34,37,96
125,33,37,96
117,31,37,96
108,31,37,96
100,30,37,96
94,30,37,96
88,30,37,96
83,31,37,96
80,31,37,96
80,33,37,96
82,34,37,96
84,36,37,96
89,37,37,96
93,40,37,96
97,44,37,96
99,47,37,96
102,51,37,96
105,54,37,96
107,57,37,96
109,59,37,96
111,60,37,96
113,59,37,96
115,59,37,96
118,59,37,96
121,58,37,96
125,56,37,96
131,54,37,96
137,54,37,96
142,53,37,96
148,52,37,96
154,50,37,96
158,48,37,96
161,47,37,96
163,46,37,96
166,45,37,96
169,46,37,96
173,46,37,96
177,48,37,96
183,48,37,96
188,49,37,96
194,49,37,96
200,48,37,96
204,47,37,96
207,45,37,96
209,43,37,96
211,41,37,96
213,38,37,96
214,36,37,96
217,37,37,96
220,42,37,96
223,48,37,96
225,58,37,96
226,70,37,96
226,77,37,96
227,83,37,96
224,91,37,96
220,96,37,96
217,99,37,96
214,101,37,96
209,102,37,96
203,102,37,96
196,100,37,96
189,98,37,96
178,96,37,96
169,95,37,96
157,93,37,96
146,92,37,96
135,90,37,96
123,87,37,96
112,84,37,96
101,81,37,96
90,80,37,96
81,79,37,96
73,77,37,96
67,75,37,96
61,71,37,96
59,68,37,96
59,63,37,96
62,56,37,96
66,49,37,96
72,41,37,96
79,34,37,96
85,25,37,96
91,18,37,96
96,10,37,96
100,2,37,96
105,0,37,96
121,0,37,96
NaN,NaN,NaN,-2
NaN,NaN,NaN,0
NaN,NaN,NaN,0
NaN,NaN,NaN,0
NaN,NaN,NaN,0
NaN,NaN,NaN,-1
148,27,24,62
155,33,24,62
161,39,24,62
168,45,24,62
176,50,24,62
181,55,24,62
189,61,24,62
198,67,24,62
207,71,24,62
215,75,24,62
223,79,24,62
230,84,24,62
237,88,24,62
243,93,24,62
248,97,24,62
253,101,24,62
256,104,24,62
258,107,24,62
257,109,24,62
253,111,24,62
248,111,24,62
241,111,24,62
232,111,24,62
222,111,24,62
214,111,24,62
204,111,24,62
195,112,24,62
184,113,24,62
174,114,24,62
165,115,24,62
155,116,24,62
145,117,24,62
135,117,24,62
126,117,24,62
118,116,24,62
109,115,24,62
102,114,24,62
96,113,24,62
90,111,24,62
84,109,24,62
80,105,24,62
77,101,24,62
73,97,24,62
69,92,24,62
68,85,24,62
66,80,24,62
64,74,24,62
63,68,24,62
63,62,24,62
64,55,24,62
65,48,24,62
65,42,24,62
66,36,24,62
65,32,24,62
63,28,24,62
62,26,24,62
62,25,24,62
60,28,24,62
58,33,24,62
55,38,24,62
54,42,24,62
52,45,24,62
51,48,24,62
51,50,24,62
53,52,24,62
56,54,24,62
58,56,24,62
62,60,24,62
65,65,24,62
68,72,24,62
72,79,24,62
78,85,24,62
84,92,24,62
90,98,24,62
98,103,24,62
107,107,24,62
116,109,24,62
127,112,24,62
138,113,24,62
148,112,24,62
160,110,24,62
170,106,24,62
179,102,24,62
186,99,24,62
191,97,24,62
195,95,24,62
198,93,24,62
198,91,24,62
197,88,24,62
194,86,24,62
189,83,24,62
184,79,24,62
177,75,24,62
171,72,24,62
165,69,24,62
159,66,24,62
152,64,24,62
145,64,24,62
137,64,24,62
130,67,24,62
123,71,24,62
117,77,24,62
112,83,24,62
109,89,24,62
107,94,24,62
108,98,24,62
111,101,24,62
117,103,24,62
124,104,24,62
133,105,24,62
142,106,24,62
152,105,24,62
162,105,24,62
171,104,24,62
180,105,24,62
187,106,24,62
194,108,24,62
199,109,24,62
204,112,24,62
207,115,24,62
208,119,24,62
207,123,24,62
204,127,24,62
198,130,24,62
191,133,24,62
185,135,24,62
177,135,24,62
170,135,24,62
162,135,24,62
153,134,24,62
143,132,24,62
134,129,24,62
124,124,24,62
114,119,24,62
104,114,24,62
94,109,24,62
85,102,24,62
78,96,24,62
72,90,24,62
66,83,24,62
62,76,24,62
61,69,24,62
63,64,24,62
66,58,24,62
71,54,24,62
76,49,24,62
82,45,24,62
87,41,24,62
93,38,24,62
97,35,24,62
101,33,24,62
105,33,24,62
109,34,24,62
113,37,24,62
116,41,24,62
121,45,24,62
125,50,24,62
129,54,24,62
132,59,24,62
135,63,24,62
138,66,24,62
141,68,24,62
144,70,24,62
146,71,24,62
149,73,24,62
150,75,24,62
152,76,24,62
