NaN,NaN,NaN,-1
133,42,38,89
133,43,38,89
133,43,38,89
133,43,38,89
133,44,38,89
133,45,38,89
132,45,38,89
132,47,38,89
131,48,38,89
131,50,38,89
131,52,38,89
131,54,38,89
132,57,38,89
134,61,38,89
136,65,38,89
139,70,38,89
143,74,38,89
148,78,38,89
153,83,38,89
160,87,38,89
167,90,38,89
175,96,38,89
182,100,38,89
190,103,38,89
198,104,38,89
206,106,38,89
213,107,38,89
219,108,38,89
224,109,38,89
227,110,38,89
229,109,38,89
229,109,38,89
226,108,38,89
220,108,38,89
213,107,38,89
205,107,38,89
196,107,38,89
185,107,38,89
175,108,38,89
165,108,38,89
154,108,38,89
146,109,38,89
139,110,38,89
130,111,38,89
121,112,38,89
112,114,38,89
105,114,38,89
98,115,38,89
93,115,38,89
88,115,38,89
83,114,38,89
80,112,38,89
79,108,38,89
79,104,38,89
79,98,38,89
81,92,38,89
84,85,38,89
87,77,38,89
89,70,38,89
93,63,38,89
96,59,38,89
101,54,38,89
107,50,38,89
114,47,38,89
122,45,38,89
130,43,38,89
139,43,38,89
147,44,38,89
154,46,38,89
163,49,38,89
169,51,38,89
177,54,38,89
185,56,38,89
194,57,38,89
202,57,38,89
208,59,38,89
213,60,38,89
217,60,38,89
219,60,38,89
218,59,38,89
214,57,38,89
206,55,38,89
198,53,38,89
188,50,38,89
178,47,38,89
168,45,38,89
158,43,38,89
148,41,38,89
138,39,38,89
128,39,38,89
117,39,38,89
107,41,38,89
98,43,38,89
89,46,38,89
81,49,38,89
75,52,38,89
70,56,38,89
69,60,38,89
70,64,38,89
72,70,38,89
75,76,38,89
79,81,38,89
84,86,38,89
87,92,38,89
91,98,38,89
94,104,38,89
96,110,38,89
99,116,38,89
102,120,38,89
106,123,38,89
111,125,38,89
117,126,38,89
123,125,38,89
130,123,38,89
138,120,38,89
145,116,38,89
152,112,38,89
158,108,38,89
165,104,38,89
172,101,38,89
178,98,38,89
183,94,38,89
189,91,38,89
195,88,38,89
200,85,38,89
206,82,38,89
211,78,38,89
215,76,38,89
218,73,38,89
222,70,38,89
223,67,38,89
222,64,38,89
220,61,38,89
215,58,38,89
209,55,38,89
201,52,38,89
193,50,38,89
185,47,38,89
174,45,38,89
165,43,38,89
155,40,38,89
144,39,38,89
135,37,38,89
126,36,38,89
117,35,38,89
108,34,38,89
101,33,38,89
94,33,38,89
88,33,38,89
83,34,38,89
80,35,38,89
80,36,38,89
81,38,38,89
84,40,38,89
89,41,38,89
94,44,38,89
97,48,38,89
99,51,38,89
102,55,38,89
104,58,38,89
107,61,38,89
109,63,38,89
110,64,38,89
112,63,38,89
114,64,38,89
117,63,38,89
120,62,38,89
124,61,38,89
130,59,38,89
136,59,38,89
141,59,38,89
147,58,38,89
153,56,38,89
157,54,38,89
160,53,38,89
162,52,38,89
164,52,38,89
167,52,38,89
171,53,38,89
175,54,38,89
180,55,38,89
186,56,38,89
191,57,38,89
194,56,38,89
199,55,38,89
202,54,38,89
204,50,38,89
205,48,38,89
206,46,38,89
208,44,38,89
211,45,38,89
214,49,38,89
216,56,38,89
219,66,38,89
220,78,38,89
220,85,38,89
221,91,38,89
218,100,38,89
214,105,38,89
211,107,38,89
208,109,38,89
203,110,38,89
197,110,38,89
191,109,38,89
183,106,38,89
173,105,38,89
163,104,38,89
151,102,38,89
141,101,38,89
129,98,38,89
117,95,38,89
107,92,38,89
97,90,38,89
86,89,38,89
77,88,38,89
70,86,38,89
64,84,38,89
59,81,38,89
56,77,38,89
56,72,38,89
59,66,38,89
63,58,38,89
69,51,38,89
76,43,38,89
82,35,38,89
88,27,38,89
93,20,38,89
97,12,38,89
101,5,38,89
104,0,38,89
107,0,38,89
111,0,38,89
116,0,38,89
120,0,38,89
126,2,38,89
133,2,38,89
138,8,38,89
145,14,38,89
151,19,38,89
158,26,38,89
166,32,38,89
173,37,38,89
182,43,38,89
191,48,38,89
200,53,38,89
208,58,38,89
217,62,38,89
224,66,38,89
230,71,38,89
237,75,38,89
243,79,38,89
247,83,38,89
251,87,38,89
252,89,38,89
251,91,38,89
247,93,38,89
242,93,38,89
234,93,38,89
225,93,38,89
216,93,38,89
208,93,38,89
198,93,38,89
188,94,38,89
179,96,38,89
171,97,38,89
161,98,38,89
152,99,38,89
141,100,38,89
132,100,38,89
123,100,38,89
115,99,38,89
108,98,38,89
100,97,38,89
93,96,38,89
88,94,38,89
83,92,38,89
78,88,38,89
75,84,38,89
71,79,38,89
68,74,38,89
66,69,38,89
64,63,38,89
62,57,38,89
61,51,38,89
61,44,38,89
61,37,38,89
62,30,38,89
62,24,38,89
62,17,38,89
61,13,38,89
59,9,38,89
57,7,38,89
55,5,38,89
53,7,38,89
50,12,38,89
48,17,38,89
46,21,38,89
44,24,38,89
43,27,38,89
43,29,38,89
45,31,38,89
47,33,38,89
50,35,38,89
53,39,38,89
57,45,38,89
60,51,38,89
64,58,38,89
70,65,38,89
76,71,38,89
84,77,38,89
92,82,38,89
101,86,38,89
111,89,38,89
124,91,38,89
135,92,38,89
146,91,38,89
157,89,38,89
168,85,38,89
177,81,38,89
184,77,38,89
189,75,38,89
194,73,38,89
197,71,38,89
197,69,38,89
195,66,38,89
192,63,38,89
187,60,38,89
182,56,38,89
176,52,38,89
169,49,38,89
163,46,38,89
157,43,38,89
150,41,38,89
143,41,38,89
136,42,38,89
129,44,38,89
122,48,38,89
116,55,38,89
112,61,38,89
108,67,38,89
106,72,38,89
107,76,38,89
111,80,38,89
116,82,38,89
124,83,38,89
132,84,38,89
142,84,38,89
152,84,38,89
162,83,38,89
171,82,38,89
180,83,38,89
188,84,38,89
195,86,38,89
200,87,38,89
204,89,38,89
207,92,38,89
208,96,38,89
207,100,38,89
203,104,38,89
197,108,38,89
190,110,38,89
184,112,38,89
177,112,38,89
170,113,38,89
162,112,38,89
152,111,38,89
142,109,38,89
133,106,38,89
124,102,38,89
114,97,38,89
104,91,38,89
94,86,38,89
86,80,38,89
78,73,38,89
72,67,38,89
67,60,38,89
63,53,38,89
62,47,38,89
64,41,38,89
68,36,38,89
72,31,38,89
77,26,38,89
83,22,38,89
89,18,38,89
94,15,38,89
98,12,38,89
103,11,38,89
106,10,38,89
110,11,38,89
114,14,38,89
118,18,38,89
122,22,38,89
126,27,38,89
130,31,38,89
134,36,38,89
137,40,38,89
140,43,38,89
144,45,38,89
147,47,38,89
149,48,38,89
152,50,38,89
153,51,38,89
155,52,38,89
