NaN,NaN,NaN,-1
194.25,117.6,44.1,90.3
189,111.3,50.4,94.5
187.95,113.4,51.45,87.15
185.85,111.3,55.65,87.15
184.8,106.05,58.8,96.6
187.95,107.1,57.75,95.55
191.1,114.45,50.4,88.2
192.15,111.3,49.35,92.4
191.1,110.25,49.35,94.5
193.2,109.2,51.45,93.45
196.35,110.25,53.55,91.35
199.5,110.25,55.65,92.4
204.75,112.35,54.6,93.45
202.65,112.35,46.2,93.45
200.55,112.35,49.35,93.45
200.55,112.35,50.4,91.35
200.55,109.2,50.4,93.45
202.65,110.25,52.5,91.35
205.8,109.2,50.4,90.3
208.95,105,50.4,93.45
208.95,105,55.65,92.4
208.95,106.05,60.9,89.25
211.05,105,45.15,92.4
214.2,106.05,42,61.95
216.3,106.05,47.25,60.9
216.37,106.05,30.385,59.85
216.3,105,30.45,59.85
214.2,105,32.55,60.9
215.25,102.9,30.666,59.85
218.4,99.75,27.3,64.05
220.5,99.75,33.6,63
222.6,101.85,36.75,61.95
218.4,100.8,38.9,64.05
217.35,99.75,44.1,65.1
213.15,100.8,50.4,64.05
215.25,100.8,52.5,64.05
217.35,99.75,55.65,64.05
219.45,100.8,58.8,64.05
221.55,99.75,61.95,66.15
217.35,100.8,56.7,66.15
218.4,105,51.45,63
219.45,106.05,52.5,65.1
222.6,108.15,53.55,66.15
225.75,111.3,47.25,58.8
225.75,112.35,33.6,60.9
223.65,113.4,35.7,65.1
224.7,114.45,33.6,65.1
225.75,115.5,33.6,63.761
223.65,115.5,37.8,64.05
220.5,115.5,23.1,61.95
216.3,115.5,23.1,61.95
211.05,114.45,25.2,64.05
206.85,111.3,25.2,67.2
203.7,109.2,25.2,66.15
199.5,106.05,29.4,73.5
199.5,106.05,28.35,74.55
195.3,108.15,31.5,64.05
195.3,110.25,32.55,61.95
195.3,109.2,33.6,65.1
196.35,111.3,33.6,66.15
195.3,115.5,35.7,64.05
196.35,116.55,36.75,68.25
198.45,117.6,35.7,66.15
201.6,114.45,34.65,67.2
199.5,113.4,34.65,75.6
200.55,113.4,31.5,79.8
204.75,113.4,28.35,60.9
203.7,112.35,30.45,65.1
206.85,112.35,30.45,59.85
213.15,111.3,30.45,61.95
219.45,111.3,31.5,64.05
224.7,106.05,29.4,64.05
227.85,105,26.25,54.6
224.7,105,25.2,53.55
217.35,102.9,27.3,54.6
212.1,105,24.15,50.4
205.8,103.95,26.25,52.5
200.55,103.95,25.2,53.55
196.35,99.75,27.3,57.75
195.3,94.5,26.247,56.7
193.2,87.15,29.4,54.6
195.3,82.95,29.4,49.35
198.84,79.742,27.961,47.638
201.94,76.635,28.997,48.674
204.01,73.528,25.89,50.745
204.01,71.457,26.926,52.816
202.98,71.457,27.961,52.816
202.98,85.955,26.926,41.424
199.87,91.133,27.961,43.496
202.98,97.347,23.819,41.424
202.98,105.63,22.783,39.353
205.05,109.77,21.748,38.317
205.05,112.88,23.819,35.211
206.09,114.95,22.922,39.353
210.23,119.09,22.783,37.282
212.3,124.27,24.855,36.246
211.26,128.42,26.926,35.211
211.26,134.63,23.819,34.175
207.12,137.74,25.89,36.246
207.12,144.99,23.819,32.104
201.94,143.95,26.926,35.211
204.01,149.13,24.855,30.935
205.05,148.09,23.819,33.139
205.05,148.09,22.783,32.104
201.94,143.95,24.855,35.211
201.94,142.91,23.819,36.246
197.8,143.95,31.068,34.175
197.8,140.84,30.033,35.211
198.84,138.77,30.033,43.496
200.91,135.66,27.961,44.531
199.87,132.56,33.139,32.104
201.94,131.52,32.104,32.104
205.05,130.49,26.926,31.068
200.91,132.56,31.068,26.926
198.84,131.52,37.282,27.961
200.91,131.52,35.211,30.033
200.91,131.52,35.211,31.068
211.26,132.56,26.926,30.033
212.3,131.52,32.104,31.068
212.3,133.59,36.246,31.068
211.26,132.56,27.961,31.068
211.26,132.56,28.997,31.068
212.3,134.63,28.997,31.068
214.37,134.63,30.033,34.175
216.44,134.63,28.997,33.139
218.51,134.63,24.855,33.139
218.51,134.63,26.926,31.068
219.55,134.63,27.961,32.104
221.62,136.7,31.068,31.068
222.66,136.7,35.211,32.104
224.73,137.74,38.317,32.104
226.8,138.77,39.353,33.139
228.87,139.81,39.353,34.175
230.02,140.23,37.328,34.302
231.03,141.24,41.364,34.302
228.01,141.24,45.399,37.328
231.03,141.24,30.266,32.284
230.02,140.23,31.275,31.275
234.06,138.22,24.291,33.293
235.07,139.22,24.213,33.293
237.09,138.22,23.204,35.311
238.09,138.22,22.195,33.293
238.09,136.2,23.204,33.293
237.09,136.2,25.222,37.328
237.09,133.17,26.231,40.355
234.06,133.17,29.257,39.346
234.06,134.18,28.249,39.346
235.07,134.18,25.222,36.32
235.07,134.18,25.222,35.311
234.06,131.15,27.24,39.346
234.06,128.13,27.24,41.364
235.07,129.14,22.195,38.337
234.06,127.12,24.213,40.355
231.03,127.12,26.231,38.337
231.03,125.1,27.24,34.302
228.01,126.11,30.266,33.293
229.01,123.08,29.257,35.311
230.02,122.07,29.257,37.328
229.01,124.15,30.266,35.257
230.02,122.07,33.293,36.32
233.05,123.08,29.257,35.311
236.08,122.07,27.24,35.311
237.09,122.07,26.231,32.284
240.11,121.07,24.213,33.293
240.11,120.06,25.222,34.302
239.1,123.08,26.231,31.275
239.1,121.07,34.302,33.293
237.09,123.08,36.32,29.257
236.08,125.1,38.337,27.24
234.06,124.09,39.346,32.284
233.05,125.1,29.257,32.284
232.04,124.09,33.293,33.293
230.02,124.09,28.249,32.284
230.02,124.09,25.222,34.302
228.01,124.09,26.231,34.302
224.98,123.08,28.249,31.236
222.96,122.07,31.275,28.249
215.9,122.07,35.311,27.24
210.86,121.07,40.355,28.249
221.95,119.05,29.257,32.284
220.94,121.07,32.284,31.275
220.94,119.05,30.266,33.293
219.94,122.07,35.311,31.275
219.94,124.09,35.311,29.257
220.65,123.13,21.671,31.522
220.65,119.19,20.686,34.477
219.67,122.15,21.671,32.507
220.65,124.12,20.686,29.552
220.65,119.19,21.671,32.507
219.67,119.19,23.641,35.462
218.68,122.15,25.611,32.507
217.7,121.16,28.567,34.477
216.71,122.15,31.522,37.432
217.7,123.13,33.492,38.417
217.7,124.12,23.641,36.447
216.71,124.12,26.597,33.492
218.68,124.12,21.671,33.492
219.67,121.16,21.671,38.417
215.73,121.16,24.626,36.447
212.77,121.16,27.582,36.447
207.85,124.12,32.507,36.447
204.89,124.12,34.477,38.417
199.97,123.13,38.417,40.387
204.89,124.12,32.507,36.447
207.85,123.13,27.582,38.417
206.86,123.13,29.552,38.417
207.85,123.13,29.552,36.447
210.8,123.13,25.611,36.447
210.8,123.13,25.611,36.447
210.8,123.13,25.611,36.447
210.8,124.12,25.611,36.447
211.82,133.97,27.546,32.507
214.74,137.91,23.641,33.492
214.74,137.91,24.626,37.432
214.74,139.88,23.641,38.417
214.74,143.82,24.626,37.432
213.76,143.82,30.537,41.372
214.74,137.91,30.537,49.253
212.77,137.91,33.028,47.283
212.77,151.7,33.492,33.492
210.8,150.73,22.656,37.418
210.8,149.73,24.626,36.447
210.8,153.67,24.626,34.477
206.86,152.68,28.567,38.417
205.88,152.68,26.597,37.432
209.81,151.7,23.646,39.402
210.8,151.7,22.656,38.417
210.8,151.7,24.626,37.432
209.82,151.7,25.611,36.447
208.83,151.7,25.611,36.447
207.85,150.71,23.641,36.447
206.86,150.71,23.641,36.447
204.89,150.71,21.671,35.468
200.95,150.71,23.641,32.507
199.97,148.74,22.656,34.477
198.98,151.7,26.597,30.537
197.01,152.68,26.597,29.552
196.03,152.64,28.567,30.58
196.03,153.67,32.507,32.507
195.04,153.67,35.462,33.492
196.03,153.67,22.656,31.522
197.01,152.68,20.686,34.477
198,150.71,22.656,38.417
198.98,151.7,23.641,35.462
198,151.7,28.567,35.462
199.97,149.73,28.567,36.447
201.94,150.71,29.552,34.477
201.94,150.71,30.537,34.477
201.94,150.71,33.492,33.492
215.73,150.71,21.671,32.507
216.71,150.71,22.656,32.507
215.73,148.74,24.626,33.492
212.77,147.97,27.582,32.294
212.77,145.79,29.552,33.492
214.74,143.82,27.582,34.477
217.7,140.86,26.597,34.477
216.71,138.89,31.522,35.462
217.7,137.91,31.522,36.447
220.65,135.94,30.537,38.417
219.67,137.91,31.522,38.417
221.64,137.91,30.537,31.522
220.65,137.91,26.597,29.552
216.71,135.94,30.537,34.477
217.7,137.91,30.537,31.522
216.71,136.92,33.492,33.492
216.71,137.91,36.447,32.507
214.74,138.89,39.402,32.507
212.77,137.91,43.343,34.477
212.77,137.91,44.328,35.462
211.35,137.91,39.845,43.343
209.82,137.91,41.372,44.328
208.83,138.89,20.686,29.552
206.86,141.85,24.626,29.552
206.86,141.85,21.671,29.59
199.97,136.92,24.626,33.492
198,137.91,28.567,32.507
197.01,138.89,28.567,31.522
198,135.94,24.626,33.492
191.1,136.92,26.595,29.552
190.12,134.95,25.611,28.567
191.1,135.94,23.641,27.582
189.13,133.97,25.611,27.582
188.15,132,25.611,29.552
186.18,129.04,27.582,31.522
184.21,125.1,32.507,33.492
184.21,122.15,19.701,36.447
184.21,121.16,20.686,35.462
183.22,121.16,18.716,35.462
180.27,121.16,18.716,35.462
177.31,120.18,18.716,33.492
176.33,118.21,18.716,32.507
175.34,112.3,17.731,39.402
178.3,109.34,15.761,41.372
176.33,108.36,16.746,37.432
174.36,107.37,21.671,35.462
171.4,106.39,23.641,32.507
171.6,105.4,21.475,32.507
169.43,106.39,21.671,31.522
167.46,105.4,20.686,34.477
166.47,104.42,20.686,33.492
164.5,104.42,20.686,33.492
157.61,102.45,26.597,37.432
159.58,101.46,20.686,33.492
159.58,100,21.671,32.978
159.58,99.491,21.671,32.507
159.58,99.491,18.716,31.522
160.09,99.491,18.207,32.507
159.58,100.48,16.746,35.462
158.59,102.45,17.731,34.477
155.64,104.42,19.701,34.477
152.68,106.39,19.701,35.462
150.71,107.37,19.701,35.462
149.73,107.37,19.701,38.417
149.73,110.33,17.731,34.477
148.74,109.34,17.731,32.507
145.79,106.39,22.656,35.316
142.83,106.39,25.611,33.492
141.85,106.39,25.611,30.537
139.88,107.37,27.582,30.537
135.94,107.37,30.537,32.507
133.97,107.37,36.447,33.492
132,105.4,39.402,35.462
129.04,105.4,41.372,34.477
129.04,103.43,41.372,37.432
127.07,102.45,42.357,38.417
128.06,102.45,41.372,35.462
132,103.43,36.447,33.492
135.94,103.43,33.492,33.492
136.92,104.42,31.522,32.507
137.91,105.4,29.552,33.492
139.88,105.4,25.611,35.462
140.86,109.34,26.597,34.477
143.82,113.28,22.656,32.507
144.8,116.24,24.626,37.432
145.79,120.18,24.626,37.432
145.79,123.13,25.611,36.447
149.73,124.12,23.641,39.402
156.62,122.15,21.671,40.387
164.5,121.16,23.641,43.343
172.39,121.16,22.656,34.477
172.39,119.19,28.567,33.492
172.39,118.21,31.522,33.492
167.46,116.24,39.402,35.462
164.5,116.24,44.328,34.477
158.59,117.22,51.223,34.477
157.61,117.22,38.417,35.462
156.62,118.21,36.447,32.507
149.73,118.21,41.372,33.492
152.68,118.21,32.435,32.507
151.7,117.22,30.537,33.492
151.7,116.24,28.567,35.462
149.73,115.25,30.537,37.432
148.74,115.25,27.582,39.402
147.76,115.25,29.552,41.372
148.74,113.28,24.626,39.402
149.73,114.27,23.641,38.417
149.73,115.25,22.656,39.402
148.74,114.27,22.656,39.402
147.76,115.25,23.641,37.432
145.79,116.24,23.641,38.417
143.82,112.3,23.641,43.343
144.8,108.36,24.626,43.802
145.79,104.42,23.641,44.328
144.8,103.43,23.641,44.328
143.82,103.43,26.597,43.343
143.82,103.43,29.552,43.343
149.73,104.42,31.522,42.357
151.7,107.37,36.447,40.387
151.7,110.33,39.402,39.402
161.55,115.25,35.462,39.402
162.53,119.19,38.417,38.417
164.44,124.12,38.479,38.417
164.5,127.07,25.611,37.432
161.55,129.04,30.537,34.551
162.53,132,29.552,33.492
163.52,132.98,28.567,36.447
165.49,134.03,27.582,39.342
166.47,133.97,26.597,44.328
165.9,134.95,25.199,50.238
164.5,135.94,25.611,41.372
163.52,137.91,24.626,40.387
161.55,138.89,23.641,41.372
157.61,138.89,24.626,42.357
155.64,139.43,24.626,40.838
155.64,136.92,24.626,42.357
154.65,132,24.626,44.328
154.65,127.07,25.611,48.268
154.65,123.13,25.611,47.283
154.65,119.19,27.582,47.283
154.65,112.3,29.552,47.283
156.62,108.36,31.522,48.268
157.61,105.4,34.477,48.268
158.59,104.42,36.447,47.283
160.56,104.93,36.447,45.788
156.62,107.37,41.372,44.328
159.58,106.39,39.402,47.283
162.53,106.39,37.432,49.253
163.52,108.36,35.462,51.698
160.56,112.3,35.462,52.208
160.56,117.22,31.522,52.208
155.64,120.18,32.507,54.168
154.65,124.12,30.537,53.193
150.71,127.07,29.552,57.133
146.77,130.03,29.552,57.133
143.82,135.08,29.552,42.228
140.86,137.91,29.552,43.343
139.88,138.89,27.59,42.357
137.91,139.88,29.552,42.357
139.88,139.88,27.582,43.343
140.86,138.41,26.597,47.769
140.86,134.95,29.552,46.298
144.8,132,28.567,47.283
143.82,129.04,33.492,49.253
140.86,127.07,35.462,45.313
140.86,126.09,36.447,43.343
140.86,124.12,39.402,44.328
139.88,122.15,43.343,43.343
139.88,122.15,43.343,39.759
153.67,119.19,31.08,39.402
155.64,115.25,29.552,41.372
154.65,112.3,31.522,43.343
157.61,110.33,29.552,43.343
159.58,109.34,29.552,39.402
160.56,108.29,27.582,40.455
157.61,107.37,30.537,41.372
158.59,105.4,27.582,43.343
159.58,107.37,25.611,42.357
157.61,106.39,26.597,44.328
155.64,107.37,27.582,43.343
153.67,107.37,27.582,43.343
152.68,107.37,27.582,41.372
148.74,106.39,30.537,42.357
146.77,106.39,30.537,46.298
144.8,105.4,34.477,46.298
141.85,104.42,36.447,46.298
139.94,103.43,40.329,46.298
137.91,102.45,43.343,47.283
141.85,102.45,40.387,46.298
141.85,100.48,29.552,47.283
142.83,97.521,28.567,48.268
143.82,95.551,28.567,47.283
142.83,94.566,30.537,46.298
143.82,92.595,29.552,49.253
145.79,91.61,29.552,50.238
149.73,91.61,25.611,51.223
150.71,90.625,26.597,53.193
152.68,90.625,26.597,54.178
157.61,88.655,26.597,58.118
163.52,93.58,24.626,56.148
165.49,96.53,25.122,55.169
165.49,102.45,26.597,57.133
167.46,106.39,25.611,56.148
168.44,110.33,25.611,57.133
167.46,116.24,25.611,58.118
167.46,118.59,27.582,59.701
168.44,119.19,26.597,58.118
167.46,120.18,30.537,59.103
167.46,120.18,31.522,64.029
165.49,121.16,34.477,61.074
164.5,118.21,37.432,67.969
163.52,123.13,40.387,64.029
159.58,125.1,45.313,41.372
154.65,128.06,49.253,43.343
151.7,131.01,39.402,43.343
149.73,130.03,42.357,47.283
146.77,132,44.328,48.268
145.75,134.95,44.363,47.283
144.8,136.92,45.313,45.313
145.79,135.94,46.298,48.268
147.76,137.91,43.343,48.268
148.74,139.88,41.372,45.313
148.74,136.92,33.492,47.283
149.73,133.97,33.492,51.223
150.71,135.94,33.492,49.253
149.73,135.94,35.462,46.298
150.71,134.95,33.492,47.283
149.73,134.95,33.492,48.268
149.73,134.95,33.492,49.253
150.71,133.97,32.507,49.253
150.71,132,36.447,50.238
151.7,131.01,36.447,46.298
150.71,129.04,38.417,48.268
151.55,127.07,40.536,46.298
150.71,125.1,42.357,45.313
150.71,121.16,31.522,47.283
149.73,121.16,31.522,45.313
149.73,117.22,33.492,47.283
151.7,116.24,34.477,40.387
153.67,114.27,35.462,40.387
153.67,112.3,39.402,39.402
153.67,107.37,42.357,42.357
153.67,107.37,44.328,41.372
153.67,106.39,43.343,42.357
155.64,106.39,39.402,42.357
158.59,104.42,36.447,47.283
159.58,103.43,34.477,48.268
160.56,103.43,33.492,45.313
160.56,104.42,34.477,43.343
163.52,105.4,28.567,43.343
162.53,105.4,30.537,43.343
162.53,106.39,29.552,42.357
162.53,105.4,29.552,46.298
162.53,104.42,29.552,43.343
162.53,103.43,31.522,46.298
161.55,103.43,33.492,47.283
161.55,101.46,33.492,36.447
159.58,100.48,36.447,41.372
161.7,100.48,33.338,37.432
158.59,99.491,35.462,39.088
155.64,99.491,38.417,41.372
151.7,99.491,40.387,40.387
147.76,100.48,41.372,41.372
144.8,101.68,42.357,41.15
141.85,101.46,44.328,42.357
138.89,101.46,44.328,42.357
136.92,101.46,42.357,43.343
144.8,99.491,31.522,45.313
142.83,98.506,32.507,43.343
139.88,97.521,32.042,45.313
134.95,95.551,33.492,43.343
132,93.58,38.417,47.283
132,93.58,39.402,48.268
129.04,93.58,42.357,49.253
129.04,94.566,43.343,49.253
128.06,94.566,45.313,38.417
126.09,96.536,37.432,36.447
124.12,95.551,39.402,38.417
124.12,96.536,37.432,40.387
124.12,94.566,39.402,42.357
122.15,95.551,43.343,42.357
121.16,96.536,45.313,39.402
123.13,97.521,44.328,41.372
123.13,102.45,46.298,40.387
126.09,107.37,48.268,41.372
131.01,113.28,46.298,41.372
134.95,119.19,44.328,40.387
139.88,124.12,35.462,40.387
144.8,127.07,36.447,39.457
147.76,129.04,36.447,39.402
151.7,129.04,31.522,40.387
152.68,129.04,30.537,42.357
151.7,126.09,30.537,44.328
150.71,120.18,28.567,45.313
149.73,117.22,29.552,46.298
149.73,115.25,29.552,45.313
149.73,110.33,28.567,46.298
145.79,104.42,32.507,48.268
148.74,103.43,26.597,48.268
143.82,102.45,33.492,46.298
143.82,100.48,32.507,46.298
143.82,100.49,35.462,46.28
145.75,99.491,34.514,47.283
142.83,97.521,38.417,50.238
135.94,96.536,39.402,52.208
127.07,94.566,33.492,52.208
121.16,87.67,36.447,62.059
108.36,80.775,44.328,65.014
102.45,72.894,46.298,74.864
101.46,65.014,51.223,65.014
114.27,51.223,61.074,72.894
134.95,59.103,65.999,61.074
162.53,57.133,65.999,55.163
193.07,58.118,65.999,43.736
213.76,56.148,74.864,48.268
210.8,56.148,65.999,58.118
203.91,57.133,64.029,51.223
218.68,61.074,66.984,29.552
236.41,62.004,60.089,26.651
237.4,60.089,57.133,27.582
236.41,58.118,52.208,32.962
234.44,62.059,49.253,29.756
227.55,68.954,48.268,30.537
235.43,78.805,41.372,36.447
240.35,83.73,41.372,41.372
239.37,88.655,41.372,41.372
231.49,101.46,41.372,42.357
219.67,115.25,40.387,40.387
202.92,126.09,44.328,38.417
191.1,128.06,45.313,42.357
184.21,127.07,45.313,42.357
179.32,128.06,45.271,41.372
170.41,128.06,52.208,44.328
164.5,126.09,54.178,45.313
168.44,123.13,54.178,45.313
170.41,117.22,56.148,49.253
174.85,113.28,53.685,48.268
180.27,108.36,53.193,49.253
185.19,107.37,53.193,49.253
190.12,107.37,50.238,47.283
191.1,109.34,48.268,42.357
190.12,107.37,48.268,44.328
189.13,116.24,47.283,40.387
184.21,122.15,44.328,41.372
181.25,127.07,42.357,36.447
183.22,130.03,39.402,35.462
177.31,133.97,41.372,34.477
