NaN,NaN,NaN,-1
204.35,123.95,33.5,84.867
198.77,120.6,41.317,89.333
196.53,121.72,43.55,87.1
195.42,116.13,45.783,93.8
196.53,113.9,48.017,94.917
197.65,111.67,50.25,96.033
196.53,111.67,49.133,92.683
201,110.55,46.9,93.8
202.12,111.67,51.367,92.683
204.35,111.67,53.6,92.209
211.05,111.67,52.483,93.8
215.52,113.9,53.6,90.45
215.52,115.02,32.383,89.333
215.52,115.02,33.5,89.366
211.05,117.25,39.083,85.983
205.47,116.13,44.667,85.983
205.47,113.9,44.667,87.1
204.35,111.67,43.55,85.983
206.58,110.55,36.85,85.983
211.05,108.32,32.383,88.217
212.17,108.32,31.267,88.217
209.93,108.32,31.267,84.867
208.82,108.32,35.733,84.357
207.7,109.41,42.433,81.54
205.47,109.43,46.9,78.167
208.82,108.32,45.783,78.167
209.93,108.32,44.667,77.05
213.35,107.2,43.482,78.167
214.4,106.08,46.9,79.283
216.63,104.97,45.783,78.167
209.93,103.85,50.25,79.283
213.28,103.85,48.017,80.4
216.63,103.85,49.133,81.517
217.75,101.62,44.667,82.671
212.17,102.73,54.717,81.517
209.93,105.97,61.417,78.279
213.28,104.97,63.65,78.167
217.75,106.08,51.367,75.933
221.1,107.2,27.917,69.233
209.93,108.32,43.55,68.117
209.93,109.43,45.783,73.7
211.05,112.78,41.317,72.583
213.28,111.67,41.317,78.167
223.33,115.02,27.917,45.783
225.57,115.02,23.45,48.017
222.22,117.25,26.8,46.9
223.33,119.48,26.8,45.783
218.87,119.48,31.267,49.133
217.75,120.6,31.267,46.9
213.28,120.6,33.5,46.9
206.58,119.48,36.85,52.483
202.12,117.25,35.733,52.483
197.98,113.29,31.897,54.996
196.88,111.09,28.598,56.096
203.48,108.89,18.699,56.096
201.28,107.79,23.098,57.196
196.88,108.89,27.498,45.096
197.98,112.19,25.298,42.897
193.58,114.39,31.897,43.997
191.38,115.49,35.197,46.196
194.68,119.89,29.698,45.096
196.88,120.99,28.598,46.196
199.08,123.19,28.598,30.798
199.08,122.09,30.798,32.119
197.98,119.89,30.798,34.097
194.68,117.69,34.097,36.297
200.18,118.79,30.798,35.197
203.48,117.69,28.598,38.497
206.78,117.69,27.498,34.097
214.48,115.49,25.298,38.497
222.18,115.49,25.298,36.297
224.38,111.09,23.098,39.597
224.38,108.89,21.998,41.797
221.08,107.79,21.998,43.997
214.48,116.59,24.198,38.497
208.98,116.59,25.298,36.808
202.38,116.64,24.198,36.245
197.99,114.39,24.197,36.297
195.78,111.59,24.198,34.696
194.68,106.69,25.298,37.397
194.29,100.09,24.595,30.798
195.78,93.493,27.498,28.598
195.78,91.293,30.798,28.598
199.08,86.893,28.598,30.798
195.78,90.193,34.097,26.398
195.78,87.993,34.097,28.598
196.88,86.893,32.997,29.698
199.08,89.093,30.798,29.698
202.38,92.393,25.298,31.897
203.48,98.992,23.098,31.897
204.58,105.59,20.898,30.798
206.78,111.09,19.798,30.798
208.98,113.29,17.599,32.997
210.08,115.49,17.599,35.197
211.18,117.69,19.798,36.297
213.38,122.09,20.898,35.197
215.58,126.49,20.898,33.577
214.48,134.19,18.699,34.097
212.28,137.49,17.599,36.297
211.18,137.49,17.599,40.605
211.41,141.89,17.37,42.897
210.74,142.99,18.046,43.523
210.08,142.99,18.699,41.797
209.07,143.27,20.164,41.39
204.83,142.21,22.287,43.512
204.83,144.33,22.287,37.145
204.83,142.21,23.348,37.145
209.07,142.21,21.226,35.022
210.13,141.15,20.164,35.022
211.19,142.21,19.103,32.9
210.13,141.31,20.164,31.68
210.13,140.09,20.164,31.838
209.07,139.03,20.164,28.654
211.19,135.84,19.103,28.654
211.19,132.66,16.98,31.838
212.26,132.66,15.919,37.145
214.38,132.66,15.919,38.206
213.32,134.78,20.164,36.083
211.19,135.84,28.654,38.206
210.13,135.84,31.838,39.267
213.32,136.9,28.654,37.145
212.26,137.97,36.083,38.206
212.26,141.15,38.206,33.961
216.5,142.21,39.267,36.083
216.5,142.21,44.574,37.145
219.68,141.15,20.164,27.593
215.44,142.21,25.471,30.777
215.44,141.15,25.471,31.838
217.56,142.21,24.409,28.654
219.68,144.33,25.471,28.654
219.68,144.33,27.593,28.654
219.68,145.39,29.716,28.654
220.75,143.27,29.716,32.9
218.62,142.21,32.9,33.961
220.75,141.15,30.777,33.961
223.93,141.15,28.654,33.961
224.99,141.15,29.716,33.961
227.11,140.09,29.716,33.961
229.24,140.09,27.593,35.022
229.24,139.03,28.654,32.9
229.24,137.97,27.593,33.961
229.24,135.77,27.79,35.097
230.3,134.78,29.716,35.022
231.36,135.84,28.654,32.9
230.3,133.72,27.632,33.961
229.24,132.66,28.654,33.961
229.24,132.66,28.654,35.022
226.05,131.6,30.777,40.329
227.11,130.54,29.716,43.512
223.93,128.41,33.961,39.267
226.05,129.48,31.838,38.206
229.24,128.41,27.593,40.329
230.3,126.29,26.532,41.39
229.24,125.23,28.654,40.329
227.03,124.4,32.136,40.429
225.99,124.36,33.173,41.503
225.99,123.36,34.21,41.466
225.99,122.33,34.21,43.539
223.92,124.4,36.283,38.356
224.95,123.36,36.283,38.356
236.36,123.36,24.88,36.283
238.43,120.25,22.806,36.283
239.47,120.25,22.806,33.687
240.5,122.33,21.77,33.173
240.5,120.75,21.77,30.6
240.5,121.29,23.843,33.173
241.54,123.3,25.916,32.195
239.47,123.36,26.953,33.173
238.43,120.84,29.026,39.838
237.39,124.26,25.916,35.389
233.25,123.36,29.026,37.32
233.25,122.33,27.99,39.393
231.17,123.36,29.026,29.026
232.21,122.33,26.953,31.1
229.1,119.22,26.953,35.246
225.99,122.33,30.063,25.916
222.88,122.33,32.136,27.99
219.77,117.14,35.246,31.1
219.77,119.22,34.21,26.953
220.81,117.14,32.136,27.99
219.77,117.14,32.136,27.99
220.81,115.07,34.21,30.063
219.77,115.07,38.356,29.026
216.66,114.03,40.429,32.136
218.73,117.14,23.843,29.026
220.81,119.22,20.733,30.063
219.77,120.25,20.733,30.063
219.77,120.25,20.733,30.063
221.84,118.18,20.733,36.283
219.77,118.18,23.843,38.356
217.7,121.29,25.916,36.283
220.81,122.33,22.806,37.32
218.73,122.85,24.88,36.792
218.73,122.33,25.916,36.283
217.7,124.4,27.99,33.173
218.73,120.25,25.916,37.32
217.7,118.18,24.88,39.393
219.77,117.14,22.806,40.429
216.66,118.18,26.953,35.905
213.55,117.14,30.063,37.32
211.48,119.22,33.173,35.246
209.4,120.25,34.21,27.99
209.4,120.25,33.173,31.1
206.29,119.22,34.21,33.173
205.26,119.22,37.32,34.21
204.52,120.49,39.487,32.399
205.53,119.47,40.499,33.412
205.53,123.04,43.003,31.866
207.56,119.47,37.462,36.449
210.6,121.5,36.449,37.462
210.6,130.61,36.449,30.412
210.6,133.65,21.262,31.387
212.62,138.71,20.25,30.375
211.61,140.74,22.275,34.424
211.61,144.79,22.275,32.399
212.62,150.86,19.237,27.337
211.61,146.81,19.237,35.437
212.62,148.84,18.225,34.424
212.62,148.84,18.225,34.424
212.62,150.86,18.225,33.412
212.62,152.89,18.225,30.375
212.62,150.86,20.25,32.399
209.58,149.85,22.275,35.437
206.55,150.86,25.312,35.437
205.53,152.89,25.312,33.412
210.6,151.87,23.287,32.399
209.58,151.87,24.3,35.437
211.61,150.86,22.275,36.449
208.57,151.87,24.3,35.437
204.52,151.92,29.362,35.394
206.55,151.87,26.325,32.399
205.53,151.87,25.312,30.436
202.5,152.89,25.312,28.35
200.47,152.89,23.287,29.362
198.45,150.86,23.287,30.375
197.43,149.85,23.287,32.399
194.4,150.86,25.312,31.387
190.35,150.86,28.35,31.387
188.32,152.83,28.35,32.452
189.33,151.87,29.362,34.424
188.32,151.87,31.387,34.424
188.32,150.86,31.387,33.412
190.35,150.86,30.375,32.399
193.38,149.85,29.362,33.412
196.42,149.85,29.362,34.424
195.41,147.82,33.412,35.437
196.42,148.84,35.437,34.424
199.46,148.84,34.424,34.424
203.06,148.84,32.849,36.449
202.5,148.84,34.424,34.424
201.48,146.81,36.449,35.437
201.48,142.76,36.449,38.474
212.62,138.71,28.35,40.499
212.62,134.66,30.375,42.524
213.63,132.64,28.35,42.524
214.65,130.61,30.375,41.512
214.69,124.24,35.782,47.709
212.7,135.18,39.758,35.782
211.71,135.18,41.746,34.788
211.71,135.18,39.758,33.794
211.71,135.18,25.843,35.782
211.71,134.18,24.849,36.776
211.22,134.18,25.341,36.776
209.72,134.18,23.855,37.77
208.73,134.76,26.836,38.187
207.73,136.17,24.849,37.77
206.74,143.13,26.836,31.806
206.74,141.14,24.849,33.794
208.73,142.13,32.8,32.8
207.73,139.15,32.8,34.788
206.74,139.15,35.782,34.788
206.74,140.15,23.855,31.806
204.75,140.15,23.855,31.806
203.76,140.15,22.861,29.818
199.78,139.15,24.849,30.812
199.07,141.14,25.56,28.824
196.8,141.14,26.836,27.83
195.81,139.15,25.843,27.83
194.81,138.16,29.818,28.824
191.83,136.17,30.812,29.818
192.83,135.18,29.818,27.83
191.83,134.18,31.806,28.824
189.84,133.19,32.8,28.824
185.87,131.2,37.77,30.812
184.87,125.24,24.849,33.794
184.87,124.24,23.855,30.812
182.89,122.27,25.843,31.792
180.9,121.26,20.873,33.794
175.93,123.25,21.867,29.818
174.93,118.28,19.879,32.8
173.94,118.28,18.885,30.812
174.93,114.3,19.879,30.812
174.93,110.33,19.879,31.806
172.95,108.34,20.873,32.8
169.96,107.35,22.861,31.806
167.98,108.34,26.836,30.812
165.99,106.35,26.836,33.794
163.01,105.36,27.83,32.8
161.02,105.36,26.836,32.8
165.23,106.35,23.617,31.806
164,106.35,22.861,30.812
159.03,104.36,23.855,31.806
160.03,105.36,22.861,29.818
162.01,102.38,19.879,30.812
161.51,100.39,19.39,31.806
158.04,99.394,20.873,31.806
156.05,101.38,19.879,29.818
155.06,103.37,20.873,31.806
154.06,104.36,22.861,31.806
149.09,105.36,25.843,35.782
147.1,107.35,24.849,34.788
146.11,111.32,23.855,30.812
145.12,108.34,23.855,36.776
145.12,107.35,23.855,36.23
143.13,104.36,25.843,36.776
144.12,106.35,23.855,32.897
145.12,107.35,21.867,35.782
144.12,104.36,22.861,39.758
142.13,104.36,24.849,39.758
140.15,104.36,24.849,40.752
139.15,104.36,24.849,32.8
138.16,104.36,24.849,33.794
134.18,105.36,28.824,32.8
133.19,104.36,29.818,33.794
134.18,104.36,29.818,32.8
134.18,104.36,29.818,31.884
135.18,103.37,29.818,32.8
137.16,103.37,32.8,33.794
138.16,103.37,31.806,34.788
139.15,104.36,31.806,34.788
135.18,106.35,36.776,35.782
138.16,109.33,32.8,38.764
141.14,114.3,33.794,38.764
143.13,117.29,23.855,40.752
142.13,120.27,24.849,41.746
145.12,121.26,22.861,42.74
148.1,122.26,22.861,43.73
153.07,120.27,23.855,45.721
163.01,118.28,21.867,48.703
168.97,118.28,25.843,46.715
167.98,120.27,29.818,39.758
169.96,118.28,28.824,37.629
167.98,117.29,31.806,39.758
165.99,117.29,33.794,40.752
162.01,120.35,34.788,43.651
157.04,121.26,34.788,45.721
155.06,120.27,33.794,48.703
151.08,120.63,34.788,34.422
151.08,120.27,33.794,35.782
148.1,121.26,34.788,33.794
149.09,120.27,32.8,36.776
146.11,118.28,29.857,38.764
145.12,117.29,31.806,39.758
145.12,117.29,30.812,37.77
146.11,116.29,27.83,40.752
147.1,118.28,26.836,38.764
141.14,118.28,32.8,39.758
140.15,119.27,32.8,35.782
147.1,117.29,26.836,39.758
145.12,117.29,24.849,37.77
143.13,116.29,24.849,38.764
143.13,111.32,24.849,38.764
144.12,108.34,24.849,40.752
144.12,107.35,23.38,38.764
144.12,106.35,23.855,38.764
145.12,108.34,26.836,38.764
152.07,107.35,27.83,40.752
154.06,110.08,31.806,38.02
156.05,113.31,29.818,36.776
158.04,117.29,29.818,32.8
158.04,122.26,31.806,31.806
159.03,125.24,29.818,31.806
159.03,127.22,30.812,33.794
161.22,130.21,28.622,33.794
162.01,132.19,27.83,32.8
164,132.19,26.836,38.764
166.98,134.18,24.852,38.764
166.98,136.17,24.849,42.74
163.01,137.16,28.824,42.74
163.01,139.15,26.836,33.794
162.01,140.15,25.843,33.794
161.02,142.13,24.849,34.788
158.04,142.13,23.855,33.794
156.05,141.14,23.855,34.788
157.04,138.16,22.861,33.794
155.06,134.18,24.849,33.794
155.06,128.22,24.849,33.794
156.05,123.25,24.849,34.788
156.05,118.28,26.836,33.794
158.04,112.32,27.83,32.8
160.03,108.34,27.83,32.8
162.01,102.38,29.818,35.782
162.01,101.38,33.794,34.788
162.01,101.38,33.794,34.788
163.01,101.38,32.8,34.788
164,103.37,31.806,33.794
164.99,104.36,31.806,34.788
164,105.36,31.806,35.782
164,109.33,30.812,34.788
164,114.3,26.836,34.788
161.02,116.29,26.34,36.776
157.04,120.27,28.824,36.776
154.06,124.24,29.818,37.77
151.08,129.21,30.812,37.77
148.1,133.19,31.806,37.77
145.12,131.2,31.806,41.746
142.13,133.19,32.8,41.746
143.29,133.19,32.642,43.734
144.12,132.19,32.8,44.727
142.13,130.21,35.782,47.709
142.13,127.22,35.782,50.691
144.12,128.22,36.776,46.715
143.13,126.23,41.746,45.721
140.15,122.26,41.746,46.715
138.16,121.26,41.746,46.715
139.15,118.28,43.734,46.715
140.15,116.29,44.727,45.721
139.15,116.29,46.715,45.721
141.14,114.3,45.721,46.715
141.14,110.33,46.715,45.721
141.14,107.35,47.709,45.721
144.12,106.35,44.727,47.709
148.1,104.36,41.746,49.697
149.09,102.38,40.752,47.709
143.13,103.37,46.715,45.721
159.03,101.38,33.794,46.715
160.5,101.38,32.328,45.721
159.03,102.38,33.794,49.697
158.04,100.39,34.788,50.691
155.06,102.38,31.806,47.709
153.07,102.38,32.8,48.703
149.09,102.38,32.8,46.715
146.11,100.39,34.788,51.685
145.12,99.394,31.806,51.685
135.18,99.394,38.764,47.709
136.17,99.394,36.776,47.709
137.16,98.4,34.788,46.715
133.19,97.407,40.752,47.753
132.19,98.4,42.74,43.734
135.18,96.413,42.74,42.74
135.18,92.437,43.734,43.734
139.15,87.467,40.752,49.697
142.2,89.455,39.691,49.697
143.13,88.461,39.758,51.685
144.12,85.479,41.746,59.637
147.1,86.473,40.752,58.643
150.09,83.491,38.764,63.612
154.06,84.485,35.782,63.612
161.02,86.473,35.782,63.612
161.02,89.455,38.764,63.612
158.04,94.425,40.752,53.673
158.04,100.39,43.734,54.667
160.03,102.38,43.734,56.655
162.01,107.35,31.806,55.661
164,109.33,29.818,54.667
164.99,110.33,31.806,54.667
165.71,112.32,33.074,53.673
164,112.32,36.776,49.697
161.02,113.31,40.752,49.148
162.01,113.31,39.758,49.697
161.02,111.32,42.74,50.691
158.04,113.31,46.715,50.691
153.07,117.29,50.691,49.697
149.09,122.26,53.673,47.709
144.12,125.24,58.643,47.709
144.12,126.23,58.643,48.703
141.14,129.21,61.625,44.086
140.15,130.21,63.612,42.74
141.14,130.21,63.612,48.703
142.13,134.18,63.612,44.727
142.13,134.18,64.606,44.727
142.13,133.19,69.576,45.721
142.13,132.19,67.588,48.703
143.13,132.19,71.564,48.703
143.13,132.19,74.546,49.697
146.11,132.19,69.576,49.697
148.1,132.19,69.576,49.697
151.08,133.19,68.582,49.697
150.09,132.19,68.456,44.727
151.08,130.21,71.564,44.727
150.09,127.22,57.649,44.727
146.11,126.69,63.612,45.261
146.11,124.24,64.606,46.715
146.11,123.25,66.594,43.734
148.1,120.27,66.594,49.697
148.88,119.27,65.814,47.709
147.1,116.29,73.552,45.721
150.09,114.3,75.54,43.734
150.09,113.31,79.516,41.746
151.08,111.32,81.503,42.74
152.07,109.33,72.558,43.734
151.08,107.35,74.546,44.727
151.08,106.35,77.528,45.721
152.07,104.36,51.685,43.734
152.07,103.37,52.679,44.727
152.07,103.37,50.691,43.734
152.07,103.37,52.679,45.721
153.07,103.37,52.679,44.727
164.99,103.37,44.727,45.721
165.99,104.36,44.727,44.727
166.98,104.36,45.721,42.74
167.98,104.36,46.715,43.734
167.98,104.36,38.764,43.734
165.99,102.38,43.734,45.721
165.99,102.38,45.721,45.721
164.99,99.394,43.734,45.721
165.99,98.4,44.727,45.721
164,99.394,47.709,43.734
163.01,99.394,48.703,44.727
159.03,101.38,52.679,42.74
156.05,101.38,54.667,43.734
152.07,102.38,61.625,43.734
149.09,101.38,59.637,43.734
145.12,101.38,63.612,44.727
145.12,102.38,61.625,43.734
141.14,101.38,61.625,44.727
138.16,99.394,62.618,46.715
136.17,98.278,63.612,47.832
133.19,96.413,65.6,49.697
130.21,94.425,68.582,50.691
129.21,94.425,69.576,50.691
128.22,93.431,71.564,52.679
128.78,94.425,60.07,52.679
128.22,94.425,56.655,49.697
124.24,95.419,57.649,48.703
122.26,95.419,59.637,48.703
123.25,96.413,54.667,45.721
125.24,95.419,49.697,45.721
126.23,95.419,48.703,46.715
129.07,96.413,44.875,45.721
128.22,96.413,45.721,45.721
128.22,98.4,44.719,44.736
128.22,103.37,43.734,43.734
127.22,108.34,48.703,44.727
131.2,113.31,51.685,46.715
135.18,119.27,47.709,44.727
141.14,124.24,47.709,44.727
147.1,126.23,45.721,44.727
149.09,129.21,45.721,42.74
149.09,129.21,48.703,43.734
151.08,129.21,47.709,42.74
149.09,125.24,51.685,43.734
145.12,119.27,53.673,48.703
143.13,113.31,54.667,48.703
142.13,112.32,58.643,48.703
143.13,109.33,43.734,46.715
143.13,104.36,45.721,47.709
145.12,103.37,43.734,46.715
144.12,102.38,44.727,45.721
143.13,100.39,45.721,48.703
145.12,98.4,42.74,48.703
143.13,97.407,44.727,52.679
140.15,95.419,45.721,54.667
131.2,94.425,49.697,52.679
125.24,91.443,53.673,57.649
119.27,87.467,60.631,64.606
112.32,80.509,48.703,70.57
102.38,74.546,55.661,79.516
98.4,65.6,66.594,89.455
117.29,50.691,68.582,90.449
136.17,46.715,77.528,70.57
154.06,38.764,87.467,78.522
160.03,38.764,94.425,80.509
218.67,45.721,82.497,57.649
218.67,50.691,88.461,51.685
223.64,56.655,90.449,52.679
220.66,49.697,72.558,54.667
237.55,53.673,69.576,52.679
238.55,54.667,69.576,52.679
235.56,55.661,70.57,59.637
234.57,56.655,48.703,61.625
226.62,64.606,44.727,48.703
229.6,76.534,43.734,52.679
235.56,78.522,42.74,55.661
226.62,80.509,50.691,57.649
216.68,93.431,53.673,57.649
219.66,106.35,39.758,59.637
202.76,128.22,43.734,48.703
190.84,129.21,49.697,51.685
181.89,130.21,52.679,47.709
174.93,129.21,48.584,48.703
165.99,130.21,51.685,49.697
160.49,128.22,52.21,49.697
161.02,123.25,53.673,54.667
164,120.27,57.649,52.679
164,116.29,59.637,50.691
169.96,112.32,59.637,51.685
175.93,110.33,59.637,51.685
178.91,109.33,62.618,51.685
181.89,110.33,62.618,50.691
186.86,111.32,55.661,48.703
188.85,117.29,49.697,45.721
184.87,121.26,44.727,45.721
182.89,123.25,38.764,45.721
183.88,126.23,37.77,46.715
178.91,132.19,39.758,42.74
