NaN,NaN,NaN,-1
199.87,119.92,35.875,89.204
199.87,118.9,35.875,86.1
194.75,117.87,39.975,86.1
196.8,117.87,38.95,83.025
195.77,115.82,38.95,83.025
194.75,114.8,37.925,87.125
193.72,113.77,41,87.125
193.72,112.75,41,91.225
195.77,110.7,41,93.275
199.87,110.7,42.025,93.275
202.95,111.72,43.05,92.25
205,111.72,47.15,91.225
203.97,112.75,54.325,89.175
199.87,110.7,62.525,92.25
197.82,112.75,50.225,89.175
196.8,111.72,53.3,91.225
199.87,111.72,50.225,88.15
199.87,110.7,47.1,88.15
200.9,109.67,42.025,86.1
201.92,107.62,41,85.075
208.07,106.6,34.85,85.075
208.07,108.65,30.75,84.05
209.1,106.6,34.85,86.1
214.22,106.6,33.825,82
216.27,105.57,35.875,84.05
216.27,106.6,38.95,80.975
211.15,104.55,48.175,84.05
209.1,105.57,47.15,82
212.17,102.5,47.15,86.1
214.22,100.45,47.15,85.075
210.12,102.5,51.25,77.9
214.22,98.4,51.25,86.1
217.3,98.4,46.125,85.075
219.35,99.425,47.15,84.05
214.22,99.425,58.425,87.125
213.2,99.425,62.525,91.225
211.15,99.425,68.675,94.3
210.12,98.4,41,95.325
210.12,98.4,43.05,92.25
207.05,101.47,50.225,90.2
198.85,103.52,62.525,83.025
213.2,104.55,51.25,87.125
214.22,107.62,54.325,77.9
217.3,109.67,35.875,59.45
218.32,112.75,31.775,59.45
218.32,113.77,30.75,62.525
218.32,113.77,30.75,64.575
217.3,115.82,32.8,63.55
215.25,116.85,33.825,62.525
211.15,116.85,34.85,62.525
203.97,114.8,37.925,64.575
198.85,113.77,37.925,65.6
190.65,110.7,38.95,67.65
187.57,107.62,37.925,69.7
200.9,105.57,21.525,74.825
199.87,105.57,24.6,75.85
194.75,106.6,30.75,76.875
192.7,108.65,33.825,80.975
188.6,110.7,37.925,77.9
188.6,110.7,37.925,79.95
187.57,112.75,43.05,78.925
189.62,114.8,44.075,79.95
191.67,115.82,45.1,67.65
194.75,114.8,45.1,67.65
195.77,113.77,42.025,69.7
196.8,113.77,36.9,67.65
201.92,113.77,32.8,65.6
203.97,113.77,30.75,61.5
207.05,114.8,27.675,59.452
214.22,114.8,25.625,58.425
221.4,112.75,25.625,58.425
224.47,109.67,25.625,57.4
224.47,108.65,26.65,58.425
221.4,108.65,26.65,59.45
215.25,106.6,26.65,46.125
209.1,107.62,24.6,47.15
203.97,107.62,24.6,50.225
198.85,107.62,24.6,49.2
196.8,103.52,24.6,52.275
194.75,99.425,25.625,50.225
191.67,91.225,30.75,49.2
191.16,85.97,35.4,48.548
192.17,83.947,37.422,47.536
193.72,80.913,36.887,48.548
196.21,78.89,35.4,46.525
198.24,77.879,35.4,47.536
200.26,81.925,35.4,41.468
200.26,83.947,35.4,40.457
202.28,90.016,31.354,35.4
205.32,97.096,28.32,35.4
205.32,103.16,25.285,36.411
203.29,106.2,27.308,39.445
203.29,109.23,28.32,37.422
205.32,112.27,23.263,37.422
208.35,117.32,22.251,32.365
211.7,121.35,21.935,34.411
212.4,125.42,21.24,34.388
210.37,132.5,21.24,36.411
208.35,136.54,21.24,37.422
207.34,137.55,20.73,38.434
209.75,140.59,17.818,38.434
209.36,141.6,18.205,39.445
209.36,139.58,19.217,41.468
208.35,139.58,20.228,38.316
208.35,138.56,20.228,38.434
206.33,138.56,22.251,37.422
207.34,138.56,20.228,33.377
207.34,135.53,23.263,34.388
210.37,133.51,20.228,36.411
210.37,132.5,21.24,35.4
209.36,129.46,23.263,35.4
208.35,125.42,25.285,37.422
208.35,123.39,23.263,37.422
209.36,121.37,28.32,39.53
208.35,120.36,34.388,38.434
203.29,129.46,41.468,32.365
204.31,129.46,30.342,33.377
209.36,130.47,26.297,32.365
211.39,134.52,25.285,29.331
213.41,135.53,23.263,30.342
214.42,136.54,24.274,29.331
214.42,137.55,24.274,29.331
213.41,137.55,27.308,29.331
215.43,137.55,25.285,30.342
215.43,139.58,27.308,28.32
212.4,138.56,30.342,29.331
210.37,139.58,34.388,28.32
210.37,136.54,34.388,30.342
221.5,137.55,27.308,30.342
220.49,141.6,31.354,32.365
219.48,139.58,37.422,33.377
218.47,143.62,37.422,31.354
217.42,142.65,40.335,33.449
219.38,142.65,39.351,31.481
221.35,143.63,37.384,30.497
225.29,141.67,33.449,29.514
228.24,143.63,29.514,26.562
231.19,143.63,26.562,25.578
233.16,141.67,24.595,30.497
236.11,141.67,22.627,26.562
237.09,136.75,22.627,30.497
238.08,136.75,21.643,33.449
237.09,134.78,23.611,33.449
238.08,134.32,24.595,32.921
237.09,133.79,25.578,29.514
237.09,133.79,25.578,27.546
236.11,132.81,23.611,32.465
235.12,130.84,24.595,32.465
236.11,129.86,22.627,33.449
236.11,129.86,21.643,33.449
235.12,128.88,20.66,33.449
236.11,124.94,20.66,34.433
235.12,124.94,24.595,33.449
232.17,123.96,26.562,29.514
229.22,123.96,29.514,30.497
228.24,123.96,30.497,32.465
226.27,125.92,32.465,29.514
227.25,125.92,31.481,29.514
227.25,124.94,31.481,30.497
231.19,123.96,28.53,29.514
234.14,122.97,26.562,28.53
237.09,121.99,27.546,31.481
239.06,121.01,25.578,33.449
241.03,120.02,28.53,37.384
240.04,121.01,31.481,35.416
240.04,120.02,30.497,35.416
240.04,121.01,28.53,34.433
241.03,121.99,26.562,32.465
239.06,123.96,26.562,30.497
237.19,123.96,26.465,29.514
237.09,123.96,27.546,30.497
235.12,123.96,23.611,30.497
234.14,122.97,21.643,34.433
231.19,121.99,19.676,34.433
229.22,117.07,21.643,35.416
226.27,118.05,24.595,36.4
222.34,121.01,26.562,35.416
218.4,121.01,29.514,31.481
215.45,122.97,32.465,28.53
211.51,121.99,35.416,30.497
212.94,121.99,33.987,30.497
214.47,118.05,31.481,35.416
213.48,116.09,31.481,36.4
215.45,116.09,28.53,33.449
217.42,115.1,26.562,33.449
219.38,115.1,24.595,35.416
219.38,117.07,24.595,36.4
220.37,118.05,28.53,36.4
220.83,120.02,30.035,31.481
219.38,119.04,34.433,35.416
219.93,121.01,35.859,35.416
221.35,121.99,36.4,35.416
221.35,123.96,25.578,33.449
221.35,123.96,28.53,36.4
219.38,123.96,33.449,35.416
220.37,122.97,32.465,35.355
220.37,122.97,33.449,36.4
219.38,122.97,19.676,33.449
215.45,121.99,25.578,34.433
213.48,122.97,26.562,29.514
210.53,123.96,30.497,29.514
207.58,125.92,36.4,27.546
210.53,124.94,28.53,30.497
213.51,121.99,25.554,33.473
211.51,121.99,24.595,38.368
211.51,123.96,21.643,36.4
211.51,122.97,21.643,38.368
211.51,122.97,20.66,39.351
211.51,123.96,19.676,41.319
210.53,125.92,19.676,42.303
209.55,128.88,20.66,40.335
210.53,131.83,19.676,40.335
211.51,135.76,20.66,42.303
210.53,140.68,22.627,40.335
211.51,145.6,21.643,38.368
210.53,148.55,22.627,36.4
210.53,149.54,21.65,37.871
210.53,150.52,20.66,39.351
209.55,151.5,23.611,40.335
209.55,151.5,23.611,40.335
209.55,151.5,24.595,41.319
210.53,151.5,26.562,39.351
207.58,152.49,31.481,38.368
204.63,152.49,32.465,37.384
205.61,152.49,29.514,38.368
207.58,152.49,25.578,35.416
205.61,152.49,27.546,35.416
209.55,152.49,29.514,35.416
208.56,152.49,36.4,37.384
209.55,152.49,35.416,39.351
206.6,151.5,26.562,37.384
205.61,151.5,25.578,39.351
203.64,150.52,22.544,44.27
201.68,149.54,24.595,42.303
197.74,149.54,26.562,41.319
197.74,150.52,21.643,37.384
197.74,149.54,20.66,36.4
196.76,149.54,21.11,34.433
197.74,151.5,20.66,35.416
196.76,150.52,21.643,34.433
195.77,151.5,23.611,34.433
191.84,150.52,27.546,36.4
190.85,150.52,29.514,36.4
195.77,149.54,27.546,39.351
200.69,148.55,27.546,39.351
201.68,148.55,29.514,38.368
205.61,150.52,30.497,35.069
205.61,150.52,35.416,37.384
207.58,149.54,34.433,38.368
206.6,149.54,37.384,39.351
205.61,148.55,38.368,36.4
213.48,147.57,31.481,36.4
214.47,140.68,30.497,43.287
214.47,136.75,30.497,43.287
214.47,133.79,29.514,46.238
215.45,130.84,28.53,48.206
215.45,129.86,28.53,49.189
216.43,130.84,27.546,48.206
215.45,128.88,25.578,52.141
214.47,129.86,29.514,52.141
211.51,130.84,34.433,40.335
213.48,130.84,33.449,39.351
212.5,128.88,35.416,41.319
211.51,129.86,37.384,41.319
209.55,126.91,37.384,44.27
212.5,123.96,35.416,47.222
212.5,121.99,34.433,46.238
207.58,133.79,40.335,42.303
210.53,133.79,38.368,41.319
208.56,132.81,32.465,41.319
206.6,133.79,33.449,40.335
205.61,133.79,36.4,43.287
204.63,133.79,38.368,44.27
204.98,134.78,29.16,45.254
202.66,134.78,30.497,45.254
199.71,134.78,31.481,46.238
198.72,134.78,31.481,44.27
196.76,132.81,32.465,45.254
194.79,131.83,35.416,43.287
193.81,129.86,35.416,44.27
194.79,129.86,36.4,43.287
193.81,128.88,38.368,43.287
192.82,127.89,30.497,43.287
188.89,124.94,35.416,38.378
185.94,122.97,40.335,37.384
185.94,121.01,42.303,38.368
184.95,121.01,45.254,36.4
183.97,118.05,49.189,38.368
181.02,118.05,54.108,36.161
176.1,124.94,42.303,30.497
176.1,121.01,43.287,32.465
176.1,116.09,46.238,35.416
177.08,114.12,47.222,36.4
175.11,110.18,27.546,39.351
175.11,111.17,29.514,35.416
175.1,111.17,28.542,36.4
168.23,110.18,36.4,38.368
167.24,110.18,36.4,38.368
166.26,109.2,27.546,40.335
161.34,109.2,33.449,39.351
159.37,109.2,32.465,37.384
159.37,109.2,21.624,38.368
161.34,108.22,18.692,35.416
162.32,106.25,19.676,33.449
163.31,101.33,15.741,42.303
159.37,100.35,18.692,41.319
158.39,101.33,18.692,37.384
156.42,103.3,19.676,39.351
155.44,104.28,19.676,38.368
154.45,108.22,20.66,32.465
151.5,111.17,21.643,32.465
148.55,111.17,23.611,34.433
148.55,109.2,21.643,37.384
147.57,107.23,21.643,34.433
148.55,106.25,21.643,35.416
147.57,105.27,23.611,34.433
146.58,105.27,23.611,32.465
144.62,105.27,27.546,31.481
142.65,104.28,28.53,32.465
140.68,106.25,29.514,31.481
137.73,107.23,32.465,31.481
136.75,107.23,33.449,31.481
135.76,105.27,28.53,33.449
135.76,105.27,29.514,33.449
136.75,105.27,29.514,33.449
136.75,107.23,27.546,31.481
137.73,107.23,24.595,29.514
139.31,107.23,22.027,29.514
140.68,103.3,20.66,32.465
140.68,104.28,20.66,33.449
142.65,106.25,19.676,35.416
144.62,109.2,18.692,38.368
145.6,113.14,19.676,36.4
145.6,117.07,20.66,34.433
146.58,121.01,20.66,35.416
146.58,121.99,22.627,36.4
151.5,121.99,19.676,37.384
155.44,121.99,20.66,34.433
165.28,119.04,21.643,39.351
172.16,118.56,22.627,37.858
173.15,120.02,22.627,34.433
170.2,119.04,28.53,34.433
168.23,118.05,30.497,36.4
167.24,118.05,30.497,36.4
162.32,119.04,34.433,35.416
156.21,120.02,37.599,33.449
153.47,120.02,39.351,34.433
150.52,119.04,38.368,35.416
147.57,120.02,40.335,33.449
147.57,119.04,34.433,33.449
146.58,118.05,34.433,34.433
147.57,117.07,30.497,34.433
146.58,117.07,27.546,37.384
146.58,117.52,26.562,37.922
146.58,117.07,26.562,35.416
147.57,116.61,25.578,36.86
146.58,118.05,25.578,33.449
145.6,119.04,26.562,33.449
143.63,119.04,26.562,34.433
143.63,118.05,24.595,36.4
141.67,115.1,24.595,38.368
143.63,111.17,24.595,41.319
144.62,109.2,24.595,39.351
143.63,107.23,24.595,41.319
142.65,106.25,27.546,41.319
144.62,109.2,28.53,38.368
149.54,107.23,30.497,42.303
153.47,108.22,33.449,41.319
155.44,110.18,27.546,38.368
158.39,114.12,27.546,38.368
157.41,118.05,30.497,40.335
156.42,122.97,31.481,41.319
158.39,124.94,30.497,40.335
159.37,127.89,29.514,35.896
162.32,130.84,26.562,35.416
163.31,131.83,27.546,38.368
164.29,132.81,27.546,35.416
165.28,133.79,27.546,34.433
163.31,134.78,28.53,35.416
162.32,135.76,28.53,36.4
162.32,136.75,29.514,35.416
159.37,138.71,30.497,35.416
157.41,140.05,29.514,36.052
155.44,138.71,30.497,35.416
156.42,134.78,30.497,36.4
156.42,130.84,31.481,35.416
154.45,128.01,31.481,31.365
153.47,123.96,33.449,33.449
153.47,120.02,34.433,32.465
155.44,115.1,31.481,30.497
155.44,111.17,32.465,29.514
157.41,108.22,33.449,28.53
159.37,106.25,35.416,29.514
159.37,101.33,36.4,34.433
161.34,102.31,33.449,33.449
163.31,103.3,32.465,33.449
164.29,104.28,37.384,33.449
166.26,106.25,34.433,33.449
165.28,110.18,33.449,35.416
163.31,114.12,30.497,38.368
156.42,117.07,33.449,36.4
154.45,121.01,32.465,37.384
151.5,123.96,30.497,37.384
147.57,127.89,30.497,37.384
144.62,131.83,28.53,36.4
140.68,135.76,31.481,34.433
138.71,136.75,31.481,33.449
135.76,136.75,35.416,38.368
135.76,135.76,35.416,40.335
136.75,134.78,35.416,42.303
138.71,132.81,35.416,48.206
139.7,130.84,38.368,43.287
142.65,127.89,37.384,43.287
142.65,125.92,37.384,45.254
139.7,123.96,44.27,45.254
140.68,121.01,45.254,35.416
141.67,118.05,46.238,40.335
142.65,118.05,45.254,39.351
143.63,116.09,44.27,38.368
143.63,113.14,47.222,38.368
146.58,111.17,43.287,37.384
151.5,108.22,38.368,41.319
154.45,109.18,37.384,40.357
156.42,106.25,35.416,40.335
155.44,106.25,37.384,39.351
155.44,105.27,37.384,41.319
152.49,106.25,41.319,40.335
152.49,107.23,41.319,43.287
152.49,107.23,42.303,42.303
151.5,106.25,29.514,43.287
151.5,108.22,28.53,42.303
147.57,108.22,30.497,42.303
144.62,107.23,30.497,43.287
141.67,105.27,32.465,44.27
134.78,104.28,37.384,48.206
131.83,104.28,39.351,50.173
131.83,103.23,40.335,51.22
130.84,102.31,41.319,50.173
127.89,101.33,48.206,52.141
126.91,99.362,50.173,54.108
131.83,96.411,46.238,53.124
133.79,94.444,45.254,54.108
135.76,94.444,43.287,54.108
137.73,93.46,42.303,54.108
139.7,91.492,41.319,57.06
144.62,90.508,37.384,59.027
147.57,90.508,36.4,45.254
153.47,89.525,34.433,46.238
160.36,90.508,33.449,46.238
162.32,93.46,49.189,47.222
158.39,99.362,52.141,50.173
161.34,102.31,33.449,52.141
164.29,105.27,31.481,52.141
164.29,108.22,31.481,54.108
165.28,111.17,30.497,51.157
165.28,112.15,33.449,52.141
165.28,113.14,34.433,52.141
165.28,113.14,40.335,54.09
163.31,113.14,44.27,56.076
162.32,114.12,47.222,56.076
160.36,117.07,52.141,58.043
156.42,119.04,57.06,57.477
154.45,121.99,58.043,43.287
151.5,128.88,60.011,38.814
147.57,127.89,63.946,42.303
144.62,132.65,63.946,38.528
142.65,133.79,65.914,38.368
136.75,135.76,72.8,39.351
136.75,135.76,72.8,43.287
134.78,136.75,75.752,44.27
136.75,135.76,71.816,45.254
137.73,134.78,73.784,47.222
140.68,135.76,72.8,48.206
143.63,135.76,71.816,49.189
145.6,136.75,70.833,48.206
146.58,136.75,71.816,51.157
149.54,135.76,73.784,48.206
150.52,135.76,74.768,48.206
151.5,134.78,68.865,50.173
152.49,132.81,69.849,49.189
152.49,128.88,71.816,55.092
151.5,128.88,44.27,55.092
150.52,126.91,44.27,50.173
150.52,123.96,47.222,51.157
149.54,121.01,49.189,50.173
148.55,120.02,51.157,52.141
149.54,118.05,53.124,49.189
151.5,116.09,57.06,51.157
152.49,114.12,60.011,47.222
153.47,112.15,60.011,47.222
152.49,110.18,63.946,47.222
153.47,108.22,65.914,49.189
156.42,106.25,63.946,45.254
159.94,106.25,63.379,46.238
161.34,104.28,50.173,49.189
162.32,104.28,50.173,51.157
161.34,103.3,50.173,53.124
162.32,103.3,50.173,56.076
161.34,103.3,52.141,59.027
165.28,105.27,49.189,56.076
165.28,104.28,48.206,56.076
166.26,107.23,26.562,50.963
166.26,104.28,28.53,54.108
168.23,105.27,26.562,53.124
167.24,103.3,26.562,54.108
166.26,101.33,29.514,54.108
164.29,99.362,31.481,56.076
161.34,100.35,32.554,50.173
159.37,102.31,37.384,47.222
157.41,102.31,38.368,47.222
151.5,102.31,43.287,49.189
148.55,103.3,45.254,51.157
146.58,103.3,45.254,49.189
142.65,103.3,49.189,53.124
138.71,104.28,52.141,49.189
136.75,104.28,48.206,44.752
135.76,100.35,47.222,47.222
133.79,99.362,48.206,47.222
131.83,96.411,50.173,53.124
129.86,94.444,43.287,55.092
128.88,94.444,48.206,53.124
125.92,94.444,50.173,45.254
126.91,94.444,48.206,45.254
124.94,94.444,39.351,45.254
123.96,95.427,40.335,42.303
120.02,96.411,45.254,37.509
120.02,96.411,44.27,39.351
121.01,96.411,43.287,41.319
121.99,95.427,42.303,44.27
121.99,95.427,43.287,46.238
123.96,95.427,42.303,46.238
123.96,99.55,44.27,43.099
122.97,103.3,48.206,42.303
125.92,109.2,49.189,43.287
130.84,115.1,33.449,43.287
129.86,121.01,37.384,43.287
133.79,125.92,38.368,44.27
141.67,128.88,36.4,42.303
143.63,130.84,39.351,43.287
144.62,131.83,38.368,43.287
143.63,129.86,39.24,45.254
143.63,125.92,40.335,47.222
143.63,121.01,37.384,46.238
144.62,120.02,34.433,45.254
147.57,116.09,30.497,45.254
148.55,111.17,29.514,47.222
146.58,106.25,32.465,48.206
149.54,105.27,31.481,48.206
146.58,103.3,34.433,50.173
145.6,102.31,33.449,50.173
146.58,100.35,34.433,51.157
145.6,100.35,35.416,54.108
140.68,97.395,41.319,56.076
131.83,95.427,44.27,61.979
124.94,94.444,37.384,61.979
118.05,91.492,42.303,61.979
110.18,86.573,49.189,72.8
104.19,80.67,54.196,58.043
101.33,71.816,62.962,66.897
93.46,63.946,70.833,62.962
111.17,55.092,75.752,65.914
123.96,48.206,87.557,71.816
173.15,47.222,76.735,71.185
220.37,53.124,59.027,65.914
226.27,57.06,56.076,59.027
214.47,58.043,61.979,64.93
230.21,61.979,57.06,60.011
243.98,60.011,55.092,61.979
243,61.979,55.092,62.962
239.06,65.914,51.157,64.93
241.03,69.849,43.287,48.206
233.16,78.807,49.189,47.118
236.11,92.476,48.206,49.189
242.01,98.379,45.254,49.189
239.06,100.35,48.206,54.108
230.21,112.15,50.173,55.092
218.4,123.96,54.108,58.043
204.63,131.83,55.092,60.995
195.77,138.71,57.06,61.979
186.92,144.62,61.979,58.043
180.15,145.6,69.727,60.995
172.16,145.6,55.092,62.962
168.23,142.65,56.076,66.897
169.21,137.73,59.027,65.914
172.16,134.78,61.979,66.897
175.11,128.88,63.946,67.881
179.05,125.95,66.897,66.873
186.92,121.99,54.108,74.768
192.69,122.97,45.381,70.833
192.82,121.99,47.222,74.768
192.82,121.99,49.189,73.784
191.84,126.91,51.157,74.768
186.92,124.94,53.124,84.606
180.03,126.91,57.06,82.638
182,129.86,44.27,78.703
178.07,132.81,47.222,77.719
