NaN,NaN,NaN,-1
136,26,30,135
136,29,30,135
136,26,30,135
135,26,30,135
134,27,30,135
135,28,30,135
133,24,30,135
133,27,30,135
134,24,30,135
133,29,30,135
132,30,30,135
131,34,30,135
132,33,30,135
130,35,30,135
130,31,30,135
129,27,30,135
130,28,30,135
130,32,30,135
130,29,30,135
131,30,30,135
131,29,30,135
131,32,30,135
131,29,30,135
132,30,30,135
133,29,30,135
133,29,30,135
133,31,30,135
135,26,30,135
133,30,30,135
135,32,30,135
134,32,30,135
135,28,30,135
134,32,30,135
134,33,30,135
135,33,30,135
133,34,30,135
133,32,30,135
133,34,30,135
131,37,30,135
130,33,30,135
131,34,30,135
130,36,30,135
129,33,30,135
130,34,30,135
131,30,30,135
131,38,30,135
131,31,30,135
132,36,30,135
131,36,30,135
131,36,30,135
131,36,30,135
129,36,30,135
129,36,30,135
129,35,30,135
129,36,30,135
130,39,30,135
130,33,30,135
130,36,30,135
130,34,30,135
131,34,30,135
132,34,30,135
132,32,30,135
133,34,30,135
133,35,30,135
135,35,30,135
134,31,30,135
135,34,30,135
134,34,30,135
136,33,30,135
135,35,30,135
135,34,30,135
135,36,30,135
134,36,30,135
133,36,30,135
130,35,30,135
126,38,30,135
122,33,30,135
117,30,30,135
111,29,30,135
106,26,30,135
102,29,30,135
99,25,30,135
99,24,30,135
103,20,30,135
102,19,30,135
98,17,30,135
96,11,30,135
94,12,30,135
94,14,30,135
91,13,30,135
91,10,30,135
90,9,30,135
89,8,30,135
83,5,30,135
76,2,30,135
NaN,NaN,NaN,-2
NaN,NaN,NaN,0
NaN,NaN,NaN,0
NaN,NaN,NaN,0
NaN,NaN,NaN,0
NaN,NaN,NaN,-1
112,42,45,108
110,46,45,108
110,44,45,108
122,48,45,108
121,49,45,108
121,47,45,108
124,44,45,108
119,43,45,108
119,42,45,108
120,41,45,108
119,41,45,108
128,41,45,108
127,44,45,108
124,50,45,108
126,53,45,108
125,50,45,108
122,45,45,108
127,46,45,108
127,43,45,108
131,52,45,108
129,50,45,108
128,54,45,108
127,56,45,108
129,54,45,108
128,50,45,108
127,51,45,108
128,52,45,108
135,51,45,108
137,51,45,108
140,51,45,108
143,51,45,108
144,52,45,108
140,50,45,108
147,44,45,108
149,46,45,108
154,45,45,108
156,37,45,108
159,36,45,108
161,36,45,108
161,33,45,108
146,40,45,108
132,38,45,108
130,33,45,108
138,36,45,108
141,38,45,108
149,41,45,108
152,47,45,108
156,50,45,108
151,47,45,108
142,55,45,108
138,49,45,108
132,43,45,108
145,50,45,108
176,50,45,108
170,47,45,108
161,46,45,108
160,51,45,108
158,49,45,108
154,41,45,108
151,25,45,108
149,21,45,108
138,17,45,108
139,17,45,108
143,17,45,108
150,19,45,108
144,22,45,108
135,22,45,108
137,26,45,108
142,23,45,108
144,25,45,108
144,20,45,108
146,23,45,108
154,10,45,108
163,8,45,108
166,6,45,108
159,-2,45,108
159,-1,45,108
160,-1,45,108
152,-5,45,108
156,-6,45,108
158,-6,45,108
165,-6,45,108
167,0,45,108
171,-1,45,108
168,2,45,108
168,3,45,108
166,-1,45,108
165,-2,45,108
168,0,45,108
163,0,45,108
176,-2,45,108
181,-1,45,108
181,0,45,108
183,-1,45,108
182,0,45,108
182,2,45,108
179,3,45,108
179,3,45,108
179,1,45,108
178,3,45,108
174,4,45,108
172,2,45,108
170,4,45,108
168,1,45,108
168,2,45,108
