NaN,NaN,NaN,-1
142,19,30,118
141,17,30,118
140,16,30,118
142,19,30,118
140,23,30,118
139,20,30,118
140,20,30,118
138,21,30,118
139,24,30,118
138,21,30,118
137,18,30,118
136,23,30,118
137,24,30,118
136,24,30,118
133,24,30,118
134,24,30,118
133,24,30,118
134,23,30,118
135,19,30,118
136,22,30,118
135,22,30,118
136,23,30,118
137,24,30,118
137,21,30,118
138,22,30,118
138,22,30,118
138,24,30,118
139,22,30,118
139,24,30,118
140,24,30,118
140,23,30,118
140,22,30,118
140,25,30,118
139,21,30,118
138,26,30,118
138,26,30,118
137,23,30,118
137,26,30,118
136,30,30,118
136,27,30,118
135,27,30,118
135,27,30,118
136,26,30,118
136,26,30,118
137,27,30,118
135,27,30,118
136,29,30,118
135,28,30,118
135,30,30,118
136,28,30,118
135,29,30,118
135,29,30,118
135,29,30,118
135,29,30,118
135,29,30,118
135,31,30,118
135,29,30,118
135,28,30,118
136,30,30,118
136,27,30,118
137,30,30,118
138,26,30,118
138,26,30,118
139,29,30,118
140,28,30,118
140,29,30,118
140,29,30,118
141,28,30,118
141,29,30,118
140,29,30,118
142,30,30,118
141,29,30,118
140,31,30,118
138,32,30,118
135,30,30,118
131,30,30,118
128,30,30,118
122,24,30,118
117,23,30,118
113,21,30,118
109,21,30,118
108,21,30,118
106,17,30,118
103,20,30,118
101,17,30,118
101,14,30,118
99,18,30,118
97,17,30,118
96,18,30,118
94,16,30,118
91,16,30,118
91,14,30,118
90,20,30,118
131,6,30,118
138,17,30,118
139,13,30,118
134,6,30,118
131,11,30,118
130,1,30,118
128,2,30,118
129,3,30,118
126,2,30,118
134,14,30,118
133,20,30,118
132,16,30,118
133,23,30,118
135,20,30,118
137,23,30,118
141,23,30,118
136,24,30,118
139,27,30,118
143,31,30,118
144,20,30,118
143,18,30,118
142,22,30,118
140,25,30,118
142,29,30,118
140,21,30,118
139,19,30,118
137,28,30,118
136,33,30,118
136,31,30,118
138,35,30,118
143,35,30,118
144,31,30,118
144,35,30,118
143,37,30,118
142,36,30,118
142,50,30,118
141,55,30,118
143,56,30,118
148,58,30,118
150,64,30,118
149,67,30,118
148,66,30,118
151,72,30,118
156,70,30,118
159,70,30,118
163,65,30,118
163,65,30,118
163,72,30,118
164,73,30,118
161,75,30,118
163,77,30,118
153,-5,30,118
156,1,30,118
158,16,30,118
155,21,30,118
156,45,30,118
157,64,30,118
154,76,30,118
146,91,30,118
142,91,30,118
151,88,30,118
155,76,30,118
162,73,30,118
161,69,30,118
162,65,30,118
160,62,30,118
157,63,30,118
155,67,30,118
153,65,30,118
151,52,30,118
150,32,30,118
153,-4,30,118
136,-6,30,118
131,-4,30,118
137,-3,30,118
145,0,30,118
150,-1,30,118
155,3,30,118
157,-1,30,118
159,6,30,118
162,0,30,118
162,16,30,118
162,16,30,118
169,4,30,118
165,5,30,118
160,14,30,118
161,11,30,118
162,12,30,118
167,14,30,118
169,53,30,118
169,61,30,118
168,62,30,118
170,64,30,118
168,60,30,118
171,59,30,118
170,58,30,118
167,56,30,118
167,54,30,118
168,54,30,118
170,52,30,118
172,54,30,118
173,52,30,118
174,52,30,118
174,51,30,118
178,53,30,118
180,53,30,118
181,52,30,118
181,50,30,118
178,49,30,118
177,47,30,118
174,48,30,118
175,43,30,118
175,45,30,118
