NaN,NaN,NaN,-1
235,81,43,45
234,82,43,45
234,82,43,45
233,82,43,45
232,82,43,45
228,83,43,45
227,85,43,45
225,85,43,45
224,85,43,45
223,85,43,45
221,85,43,45
219,85,43,45
215,86,43,45
212,86,43,45
208,86,43,45
206,86,43,45
203,87,43,45
200,87,43,45
195,92,43,45
195,92,43,45
196,92,43,45
195,91,43,45
202,79,43,45
203,65,43,45
NaN,NaN,NaN,-2
NaN,NaN,NaN,0
NaN,NaN,NaN,0
NaN,NaN,NaN,0
NaN,NaN,NaN,0
NaN,NaN,NaN,-1
93,84,58,64
79,87,58,64
67,91,58,64
58,101,58,64
51,103,58,64
47,117,58,64
45,126,58,64
45,127,58,64
46,130,58,64
47,134,58,64
48,139,58,64
53,148,58,64
51,151,58,64
60,153,58,64
56,147,58,64
67,145,58,64
70,141,58,64
64,142,58,64
63,142,58,64
63,142,58,64
63,142,58,64
NaN,NaN,NaN,-2
NaN,NaN,NaN,0
NaN,NaN,NaN,0
NaN,NaN,NaN,0
NaN,NaN,NaN,0
NaN,NaN,NaN,-1
162,75,45,63
168,77,45,63
170,75,45,63
171,70,45,63
174,67,45,63
184,60,45,63
190,56,45,63
195,56,45,63
195,61,45,63
199,75,45,63
201,89,45,63
200,99,45,63
201,101,45,63
NaN,NaN,NaN,-2
NaN,NaN,NaN,0
NaN,NaN,NaN,0
NaN,NaN,NaN,0
NaN,NaN,NaN,0
NaN,NaN,NaN,-1
243,68,37,60
241,72,37,60
242,75,37,60
241,80,37,60
242,85,37,60
243,90,37,60
244,94,37,60
246,97,37,60
247,102,37,60
248,109,37,60
251,118,37,60
254,126,37,60
255,133,37,60
255,138,37,60
253,144,37,60
251,145,37,60
248,144,37,60
245,142,37,60
243,137,37,60
240,133,37,60
237,127,37,60
233,123,37,60
228,133,37,60
224,132,37,60
219,132,37,60
213,130,37,60
206,132,37,60
198,126,37,60
184,131,37,60
172,126,37,60
164,127,37,60
150,124,37,60
141,124,37,60
135,121,37,60
130,115,37,60
127,107,37,60
126,99,37,60
133,112,37,60
138,112,37,60
141,109,37,60
144,106,37,60
147,104,37,60
148,102,37,60
148,100,37,60
149,100,37,60
150,99,37,60
152,100,37,60
153,99,37,60
154,99,37,60
155,98,37,60
157,97,37,60
158,93,37,60
163,93,37,60
166,94,37,60
168,93,37,60
170,93,37,60
172,93,37,60
174,93,37,60
176,94,37,60
178,93,37,60
180,93,37,60
181,94,37,60
181,93,37,60
183,94,37,60
184,94,37,60
185,93,37,60
185,92,37,60
186,94,37,60
186,95,37,60
187,100,37,60
187,106,37,60
188,112,37,60
186,118,37,60
182,124,37,60
174,127,37,60
166,133,37,60
167,147,37,60
169,152,37,60
NaN,NaN,NaN,-2
NaN,NaN,NaN,0
NaN,NaN,NaN,0
NaN,NaN,NaN,0
NaN,NaN,NaN,0
NaN,NaN,NaN,-1
88,128,49,59
85,132,49,59
81,134,49,59
78,135,49,59
73,136,49,59
71,139,49,59
71,139,49,59
71,139,49,59
71,139,49,59
70,140,49,59
69,140,49,59
68,143,49,59
67,144,49,59
66,143,49,59
68,140,49,59
73,135,49,59
78,131,49,59
81,128,49,59
85,126,49,59
99,131,49,59
NaN,NaN,NaN,-2
NaN,NaN,NaN,0
NaN,NaN,NaN,0
NaN,NaN,NaN,0
NaN,NaN,NaN,0
NaN,NaN,NaN,-1
65,79,64,69
68,77,64,69
70,75,64,69
74,74,64,69
79,73,64,69
84,73,64,69
86,73,64,69
88,75,64,69
90,77,64,69
89,78,64,69
89,79,64,69
90,80,64,69
92,82,64,69
97,90,64,69
100,92,64,69
103,95,64,69
105,98,64,69
108,101,64,69
112,106,64,69
116,108,64,69
123,111,64,69
127,112,64,69
129,113,64,69
131,114,64,69
143,116,64,69
153,117,64,69
158,115,64,69
160,112,64,69
169,112,64,69
176,108,64,69
179,109,64,69
180,110,64,69
184,111,64,69
188,112,64,69
192,113,64,69
195,114,64,69
197,113,64,69
200,112,64,69
202,112,64,69
203,113,64,69
205,114,64,69
206,117,64,69
207,118,64,69
206,119,64,69
206,119,64,69
206,120,64,69
207,121,64,69
207,123,64,69
208,124,64,69
208,126,64,69
208,128,64,69
208,129,64,69
207,131,64,69
207,134,64,69
209,136,64,69
211,138,64,69
213,141,64,69
