NaN,NaN,NaN,-1
339,161,21,58
337,160,21,58
335,158,22,60
335,159,21,59
334,158,22,61
328,157,22,61
326,157,22,62
320,157,22,62
312,156,22,62
NaN,NaN,NaN,-2
NaN,NaN,NaN,0
NaN,NaN,NaN,0
NaN,NaN,NaN,0
NaN,NaN,NaN,0
NaN,NaN,NaN,-1
322,152,23,63
316,151,23,63
310,149,23,63
NaN,NaN,NaN,-2
NaN,NaN,NaN,0
NaN,NaN,NaN,0
NaN,NaN,NaN,0
NaN,NaN,NaN,0
NaN,NaN,NaN,-1
333,152,22,62
333,153,21,60
333,153,21,59
339,152,16,45
340,151,16,45
340,151,16,45
340,150,17,46
338,150,16,45
337,150,15,42
337,150,15,42
337,150,14,40
337,150,14,40
338,151,14,40
339,151,14,39
343,150,13,37
345,151,12,34
346,150,13,36
345,148,14,40
343,148,14,40
341,147,14,39
340,148,13,38
339,148,13,37
339,149,14,38
338,149,14,41
340,149,13,37
343,148,11,32
349,157,9,25
350,157,9,25
351,158,9,26
350,157,10,27
349,157,9,27
348,158,9,26
348,158,9,26
348,158,9,25
348,157,10,27
347,157,9,26
347,157,9,26
347,159,8,24
346,159,8,23
347,159,8,24
348,159,8,22
346,159,8,22
344,160,7,21
342,160,7,21
340,162,6,17
333,162,6,17
333,159,6,18
333,160,5,15
334,160,5,15
335,161,6,16
333,160,6,16
333,159,5,16
332,160,5,15
332,161,5,14
332,162,5,14
332,162,4,13
333,158,3,10
335,156,3,9
336,157,3,9
336,157,3,9
336,158,3,9
334,157,3,9
333,157,3,8
333,158,3,8
334,159,3,8
335,160,3,9
337,159,3,10
340,157,3,8
343,156,2,8
345,156,2,8
347,157,2,8
347,157,2,8
346,156,2,7
346,156,2,7
346,156,2,7
346,157,2,8
347,156,3,8
349,155,2,6
350,154,2,6
351,153,2,6
353,154,2,6
353,156,2,6
352,156,2,5
352,155,2,5
353,156,2,6
354,157,2,6
356,158,2,6
359,158,2,6
363,156,2,5
367,155,2,6
370,155,2,6
372,156,2,7
373,157,2,6
373,157,2,6
373,157,2,6
373,157,2,6
373,158,2,7
374,155,2,7
376,155,2,6
377,155,2,6
379,155,2,6
379,155,2,6
376,156,2,6
376,156,2,5
NaN,NaN,NaN,-2
NaN,NaN,NaN,0
NaN,NaN,NaN,0
NaN,NaN,NaN,0
NaN,NaN,NaN,0
NaN,NaN,NaN,-1
386,160,21,59
388,160,21,59
391,162,20,55
394,164,20,56
393,162,23,63
393,161,23,64
395,163,22,61
397,166,21,58
398,168,21,59
400,168,21,58
408,167,18,49
411,166,19,54
412,167,20,54
414,169,19,53
418,168,20,57
418,166,21,58
419,166,21,58
419,166,20,56
420,166,20,56
419,165,22,61
420,164,21,59
422,163,19,52
423,161,20,55
424,162,19,53
424,164,19,53
425,162,21,58
427,163,20,56
427,162,21,57
429,163,20,57
432,165,21,57
434,166,20,55
438,166,20,55
441,167,20,55
449,166,20,56
452,166,21,59
454,166,21,59
456,165,20,56
460,164,20,55
464,166,19,52
465,166,18,51
467,165,19,53
469,162,18,50
470,155,20,55
470,155,20,54
473,153,20,54
473,154,20,54
472,154,20,57
459,161,14,39
NaN,NaN,NaN,-2
NaN,NaN,NaN,0
NaN,NaN,NaN,0
NaN,NaN,NaN,0
NaN,NaN,NaN,0
NaN,NaN,NaN,-1
476,163,23,64
476,163,23,65
472,165,23,64
468,166,22,62
466,166,22,61
464,166,22,61
462,166,22,62
461,167,22,62
460,167,23,63
458,167,23,63
459,165,22,61
462,163,23,63
462,163,23,63
463,163,22,62
463,162,22,61
462,161,21,59
462,160,21,58
463,159,21,58
462,159,21,57
461,159,20,56
460,158,20,55
459,157,18,51
458,157,19,53
458,157,19,54
458,157,19,53
457,157,19,53
455,155,21,59
NaN,NaN,NaN,-2
NaN,NaN,NaN,0
NaN,NaN,NaN,0
NaN,NaN,NaN,0
NaN,NaN,NaN,0
NaN,NaN,NaN,-1
454,151,23,63
454,151,22,62
454,151,22,62
454,151,22,62
454,151,22,62
454,151,22,62
454,151,22,62
454,151,22,62
454,151,22,62
454,151,22,62
454,151,22,62
454,151,22,62
454,151,22,62
454,151,22,62
454,151,22,62
NaN,NaN,NaN,-2
NaN,NaN,NaN,0
NaN,NaN,NaN,0
NaN,NaN,NaN,0
NaN,NaN,NaN,0
NaN,NaN,NaN,-1
522,129,22,60
526,125,23,65
529,124,23,64
532,122,23,64
536,121,23,63
536,121,22,61
536,122,21,59
536,122,20,56
536,121,20,54
535,121,19,52
532,120,19,52
530,119,19,54
528,120,20,55
525,120,19,54
523,119,20,55
521,118,20,54
519,118,19,53
517,118,19,53
514,119,19,54
510,115,22,62
509,114,21,58
508,113,21,58
506,112,20,57
502,111,20,56
501,110,21,57
499,109,21,58
497,107,20,56
494,102,20,57
492,99,21,58
491,98,21,58
488,98,20,55
486,95,21,58
485,92,21,58
485,91,20,56
485,89,19,54
486,89,19,54
486,89,20,55
486,89,20,57
487,87,20,56
487,86,19,53
488,85,19,53
488,84,19,53
490,85,18,51
491,86,18,51
491,85,18,51
492,84,17,48
493,82,17,49
494,81,17,48
494,81,18,50
494,82,18,49
492,83,18,51
491,82,19,53
491,82,19,52
488,82,19,53
487,83,19,52
485,84,18,51
481,85,19,52
478,84,18,51
474,83,18,50
470,83,18,50
466,83,18,50
462,85,18,51
458,87,18,50
453,89,19,52
449,89,19,52
442,90,18,50
440,91,18,50
439,91,18,49
437,93,18,50
435,93,18,51
434,92,18,49
434,93,17,48
432,92,17,48
431,91,18,50
431,92,18,50
431,93,18,50
430,93,19,52
431,93,18,51
430,93,18,51
430,93,18,51
429,94,18,50
429,96,18,49
427,93,18,50
426,92,17,48
425,92,17,49
424,92,17,48
421,94,17,47
419,94,17,48
416,92,17,47
414,92,17,48
413,92,17,48
410,94,17,49
409,93,18,51
408,92,18,51
406,91,18,50
403,91,17,48
401,92,17,48
398,93,18,50
395,92,18,50
393,92,18,49
391,92,18,50
386,93,18,49
380,93,18,50
377,92,17,49
374,92,17,47
374,92,17,47
374,92,17,47
