NaN,NaN,NaN,-1
334,163,23,57
333,162,24,58
330,160,25,61
326,160,25,61
316,159,25,62
311,159,25,62
NaN,NaN,NaN,-2
NaN,NaN,NaN,0
NaN,NaN,NaN,0
NaN,NaN,NaN,0
NaN,NaN,NaN,0
NaN,NaN,NaN,-1
327,159,24,58
326,159,24,59
325,159,24,59
325,157,25,61
328,159,22,53
328,159,22,53
328,159,22,53
328,159,22,53
328,159,22,53
328,159,22,53
328,159,22,53
328,159,22,53
328,159,22,53
328,159,22,53
328,159,22,53
328,159,22,53
328,159,22,53
328,159,22,53
328,159,22,53
328,159,22,53
328,159,22,53
328,159,22,53
328,159,22,53
328,159,22,53
328,159,22,53
328,159,22,53
328,159,22,53
328,159,22,53
328,159,22,53
328,159,22,53
328,159,22,53
328,159,22,53
328,159,22,53
328,159,22,53
328,159,22,53
328,159,22,53
328,159,22,53
328,159,22,53
328,159,22,53
328,159,22,53
328,159,22,53
328,159,22,53
328,159,22,53
328,159,22,53
328,159,22,53
328,159,22,53
328,159,22,53
328,159,22,53
328,159,22,53
328,159,22,53
328,159,22,53
328,159,22,53
328,159,22,53
328,159,22,53
328,159,22,53
328,159,22,53
328,159,22,53
328,159,22,53
328,159,22,53
328,159,22,53
328,159,22,53
328,159,22,53
328,159,22,53
328,159,22,53
328,159,22,53
328,159,22,53
328,159,22,53
328,159,22,53
328,159,22,53
328,159,22,53
328,159,22,53
328,159,22,53
328,159,22,53
328,159,22,53
328,159,22,53
328,159,22,53
328,159,22,53
328,159,22,53
328,159,22,53
328,159,22,53
328,159,22,53
328,159,22,53
328,159,22,53
328,159,22,53
328,159,22,53
328,159,22,53
328,159,22,53
328,159,22,53
328,159,22,53
328,159,22,53
328,159,22,53
328,159,22,53
328,159,22,53
328,159,22,53
328,159,22,53
328,159,22,53
328,159,22,53
328,159,22,53
328,159,22,53
NaN,NaN,NaN,-2
NaN,NaN,NaN,0
NaN,NaN,NaN,0
NaN,NaN,NaN,0
NaN,NaN,NaN,0
NaN,NaN,NaN,-1
363,154,23,56
364,154,23,56
364,154,23,55
365,155,22,54
364,154,26,62
363,150,28,68
363,150,28,67
362,151,27,65
359,150,30,74
359,151,30,73
358,150,30,74
358,151,29,72
360,152,29,71
362,154,29,70
362,155,29,70
366,155,29,70
364,150,31,77
365,150,31,76
365,150,31,76
366,152,32,77
366,153,31,76
365,151,33,80
366,152,33,80
361,149,40,97
360,150,43,105
359,150,45,109
359,151,45,111
NaN,NaN,NaN,-2
NaN,NaN,NaN,0
NaN,NaN,NaN,0
NaN,NaN,NaN,0
NaN,NaN,NaN,0
NaN,NaN,NaN,-1
413,168,24,58
414,169,22,55
414,170,22,53
413,170,23,56
413,169,23,57
413,169,23,57
414,168,24,58
414,168,24,58
414,170,24,58
416,170,24,58
418,170,24,58
418,170,24,58
421,172,22,53
423,175,21,52
428,176,19,47
435,178,17,42
439,178,17,42
447,179,16,39
451,178,17,42
453,178,17,43
459,178,16,39
463,176,16,39
466,177,14,35
468,177,14,34
470,178,13,32
473,175,14,36
475,170,16,39
475,169,16,40
474,168,15,36
474,169,14,36
474,169,14,36
475,166,17,41
475,166,17,41
477,168,16,38
478,172,14,35
479,174,14,34
479,175,13,32
481,173,13,32
480,173,13,32
479,174,13,32
474,177,13,33
470,176,13,33
469,176,13,33
466,176,13,33
464,177,12,29
463,179,11,27
462,179,11,27
463,179,10,26
464,174,11,27
464,172,11,28
464,172,12,29
464,172,11,28
465,171,11,28
463,169,12,29
463,168,11,28
463,167,11,28
463,167,11,27
461,167,11,27
459,166,12,29
459,164,11,27
459,164,11,28
458,164,12,29
458,164,11,28
457,165,11,28
456,163,12,31
NaN,NaN,NaN,-2
NaN,NaN,NaN,0
NaN,NaN,NaN,0
NaN,NaN,NaN,0
NaN,NaN,NaN,0
NaN,NaN,NaN,-1
451,154,24,58
451,154,23,57
451,154,23,57
451,154,23,57
451,154,23,57
451,154,23,57
451,154,23,57
451,154,23,57
451,154,23,57
451,154,23,57
451,154,23,57
451,154,23,57
451,154,23,57
451,154,23,57
451,154,23,57
NaN,NaN,NaN,-2
NaN,NaN,NaN,0
NaN,NaN,NaN,0
NaN,NaN,NaN,0
NaN,NaN,NaN,0
NaN,NaN,NaN,-1
520,132,21,53
525,130,23,57
527,129,23,56
531,126,23,56
534,124,23,56
535,124,22,54
535,125,21,52
534,124,21,52
534,122,21,51
533,122,20,50
531,121,20,49
528,120,21,52
526,121,22,53
523,121,23,55
520,119,23,57
518,119,23,56
517,119,23,55
514,118,23,55
512,119,23,56
508,116,25,61
506,115,25,60
505,113,25,60
503,113,24,58
500,111,24,58
498,110,25,60
496,109,25,62
494,107,25,61
491,102,25,61
488,98,26,63
487,97,26,63
484,96,25,60
482,93,25,61
481,91,25,60
481,89,24,59
481,87,23,57
481,86,24,58
482,87,24,59
482,86,25,61
482,85,25,60
483,84,24,58
484,82,24,59
484,81,24,58
486,83,23,56
487,83,23,57
487,82,23,57
489,82,22,54
490,79,22,54
490,79,22,53
490,79,22,54
490,80,22,54
488,80,23,57
487,80,23,57
486,80,23,57
484,80,23,57
483,81,23,56
481,83,23,55
478,82,23,57
474,81,23,56
471,81,22,55
466,81,22,55
463,82,22,53
458,83,22,54
455,86,22,53
450,87,23,56
446,87,23,57
440,87,23,56
437,88,23,55
436,89,22,55
435,91,22,54
432,90,23,56
431,90,22,54
430,90,22,53
429,90,22,53
428,89,22,54
428,90,22,54
428,91,22,54
427,92,23,56
428,92,22,55
427,92,22,55
427,92,22,55
427,92,22,54
427,94,22,53
425,92,22,53
424,91,21,52
423,90,21,52
422,90,21,51
419,93,20,49
417,93,21,51
413,91,21,51
412,91,21,51
411,91,21,51
408,92,21,52
407,92,22,54
406,91,22,55
404,90,22,54
401,90,21,51
399,91,21,51
396,92,22,53
394,91,22,54
392,90,23,55
389,89,23,56
384,91,22,54
379,91,23,56
376,90,22,54
373,90,21,53
373,90,21,53
373,90,21,53
