NaN,NaN,NaN,-1
149.37,55.069,78.958,101.6
154.66,57.381,69.564,101.96
159.3,40.633,63.522,91.687
164.94,29.628,57.724,90.126
158.24,30.214,51.984,69.355
159.53,45.895,47.928,62.637
161.05,43.803,46.37,54.149
161.92,55.193,43.502,50.179
162.98,55.686,38.914,44.347
168.36,56.914,32.639,42.975
172.37,65.786,32.22,38.89
170.43,71.62,27.08,36.24
165.34,73.136,24.439,38.465
161.85,74.774,22.463,36.489
165.78,71.977,17.749,36.475
166.16,77.409,17.228,34.363
168.94,68.457,17.497,30.104
172.81,74.771,18.201,27.735
174.3,83.931,17.297,25.836
177.33,82.198,14.219,25.408
177.38,84.344,13.584,22.816
179.31,90.869,11.88,23.092
176.84,85.849,11.148,25.993
182.05,80.646,9.9301,28.226
182.61,86.29,8.5603,26.616
179.99,85.582,10.105,23.143
189.2,78.677,9.806,25.955
183.89,73.778,10.25,26.049
197.95,68.827,9.46,25.543
195.63,65.831,9.8829,21.649
202.68,70.759,9.5369,21.659
202.44,71.149,8.816,19.964
210.15,66.812,9.2583,18.234
207.24,65.335,8.1375,18.42
210.54,70.752,8.7049,17.839
217,80.687,8.9417,19.027
211.39,71.595,9.1058,19.883
210.43,76.87,9.6541,18.275
202.95,64.569,7.9118,15.412
203.46,65.795,7.4272,13.824
194.89,63.957,7.3701,13.071
197.3,65.762,7.6874,13.274
187.69,61.891,7.3077,14.232
185.16,72.478,7.7749,14.61
184.23,76.62,7.8227,15.702
178.44,80.175,7.1473,15.87
176.84,73.753,6.902,15.555
163.29,66.419,7.2805,12.501
160.63,57.515,6.6853,12.528
157.73,46.694,7.4313,11.871
147.66,40.062,7.2879,11.323
NaN,NaN,NaN,-2
NaN,NaN,NaN,0
NaN,NaN,NaN,0
NaN,NaN,NaN,0
NaN,NaN,NaN,0
NaN,NaN,NaN,-1
133.52,55.325,80.385,106.59
136.01,53.919,82.1,103.73
139.45,48.47,84.098,104.7
143.15,44.054,82.964,102.38
145.92,40.336,86.922,98.991
148.61,36.783,84.264,102.01
147.09,35.879,88.466,104.06
145.02,42.61,92.264,102.87
140.84,47.879,90.41,101.88
138.15,51.563,93.806,95.961
137.42,53.475,92.744,97.589
140.52,54.248,85.296,99.224
140.06,55.738,82.962,93.914
138.11,51.213,85.898,97.017
141.39,45.133,80.952,101.06
143.13,48.815,79.599,94.497
140.09,54.403,84.99,92.303
138.93,58.042,82.221,96.874
137.86,56.857,82.166,98.134
132.91,60.418,88.727,92.778
131.55,64.059,91.843,87.605
133.42,63.213,87.032,94.228
131.79,63.823,81.722,89.361
128.29,57.655,80.418,95.852
124.83,54.537,82.045,95.062
125.13,52.98,77.124,93.747
126.17,51.256,78.597,94.265
120.52,57.757,85.154,88.853
122.13,64.187,84.895,90.125
122.52,68.901,84.658,88.5
123.28,69.736,86.046,91.244
127.88,74.342,84.269,91.324
129.97,74.191,85.752,87.478
130.7,70.606,87.645,88.116
134.82,59.985,86.089,89.064
136.99,51.094,87.497,94.598
141.39,46.155,88.205,94.856
145.24,45.284,87.43,93.789
146.02,44.858,88.415,97.836
147.05,46.966,87.617,102.08
149.16,51.003,85.303,96.744
152.39,50.145,81.199,99.225
151.96,51.703,88.245,95.499
154.03,52.123,82.166,91.938
154.29,53.423,81.807,90.704
154.97,52.343,80.63,92.07
150.3,53.766,85.497,88.596
152.05,50.743,80.263,88.629
149.39,53.707,82.201,86.422
147.64,58.317,77.323,86.927
143.25,60.207,79.633,88.31
140.3,60.096,79.197,87.283
136.12,64.589,79.299,86.266
132.55,65.414,78.741,89.206
126.83,61.682,81.793,91.339
128.59,57.505,78.328,92.825
128.82,58.327,80.126,87.219
129.7,54.151,80.368,91.938
130.82,55.075,78.215,91.74
131.73,56.523,77.481,90.478
128.26,55.003,81.13,93.025
129.47,58.863,81.316,90.18
130.56,58.973,83.736,94.275
133.28,59.956,82.089,95.562
134.81,56.858,83.027,99.632
134.49,57.273,90.53,92.63
137.8,53.086,90.274,96.793
140.41,50.504,89.419,98.743
145.95,45.699,89.512,102.75
148.27,44.774,92.065,101.32
151.25,46.135,94.168,98.604
152.88,42.621,95.088,105.75
159.92,39.106,87.801,118.55
156.99,47.102,94.379,103.82
154.18,46.65,98.136,105.2
154.92,44.413,95.833,107.79
156.41,42.647,90.253,109.4
160.84,38.519,82.198,118.08
157.62,39.066,84.387,107.22
158.53,33.57,84.291,111.6
163.41,35.031,75.649,102.59
158.19,34.168,82.256,104.53
159.01,32.928,79.631,105.15
156.48,32.808,71.735,104.5
141.37,33.738,69.264,96.425
138.93,30.523,72.738,84.968
128.32,22.39,63.162,83.785
123.62,20.019,52.074,64.979
131.78,31.045,47.975,59.928
129.62,32.755,45.519,53.824
131.08,32.027,45.604,49.22
129.73,31.879,46.171,41.642
129.48,26.901,41.911,42.337
128.11,27.864,38.448,46.872
132.28,28.551,35.261,43.016
151.09,17.781,36.079,38.352
152.42,20.377,28.94,35.126
162.07,30.838,28.415,32.691
170.55,34.254,27.047,27.536
176.75,37.509,22.575,25.144
186.47,38.021,21.497,24.439
187.74,36.344,19.229,25.11
186.98,24.676,17.306,21.78
196.27,31.009,16.874,20.604
191.56,25.265,16.54,19.164
190.47,24.763,16.134,16.458
192.27,29.358,17.171,15.486
180.46,22.92,17.838,15.091
176.79,19.277,17.336,16.098
187.45,38.999,16.731,14.958
186.56,35.674,15.235,17.566
175.52,40.758,14.153,17.176
178.49,42.631,13.354,17.796
178.43,37.034,12.171,17.166
193.3,48.404,11.442,15.42
196.53,44.304,12.607,14.113
198.41,44.731,10.866,15.037
199.72,57.176,9.2605,14.95
194.13,43.753,8.9593,16.087
189.51,34.931,8.4252,16.411
195.29,43.556,6.7768,16.337
200.03,41.321,6.3832,14.471
195.38,46.338,6.2198,14.231
198.21,45.004,6.4057,13.846
190.19,46.882,6.5114,16.077
193.53,50.111,6.3346,16.953
180.12,40.657,6.2884,15.559
181.41,45.836,6.1667,17.617
166.39,43.588,5.5476,17.499
167.77,45.819,5.2373,15.347
162.49,43.252,4.8871,14.289
170.41,53.434,4.9345,11.777
167.73,48.848,5.1732,10.786
164.85,47.227,5.0644,11.025
164.6,48.675,5.1369,11.844
167.35,41.674,5.2402,12.466
169.33,47.028,5.8198,12.68
164.92,35.503,6.1062,12.739
178.3,43.478,5.4775,12.485
179.85,39.108,5.3221,12.324
177.77,27.248,5.1727,12.028
179.58,33.389,5.0184,11.748
183.08,35.392,4.7756,10.855
NaN,NaN,NaN,-2
NaN,NaN,NaN,0
NaN,NaN,NaN,0
NaN,NaN,NaN,0
NaN,NaN,NaN,0
NaN,NaN,NaN,-1
153.2,38.757,74.185,103.73
158.23,40.774,72.35,104.81
157.26,43.906,75.291,106.17
158.03,46.556,75.088,104.47
159.49,46.475,76.318,106.42
158.53,48.276,77.09,106.59
154.97,47.297,81.47,107.41
148.95,41.741,83.231,115.69
143.37,46.209,86.126,111.22
139.28,42.066,85.842,116.61
134.81,42.619,87.927,115.32
130.27,39.882,84.815,117.89
128.63,36.516,84.863,123.46
124.72,34.933,89.577,122.86
121.35,34.833,91.74,124.63
123.7,34.212,89.198,129.72
125.33,38.148,89.598,131.18
125.64,39.978,92.716,129.71
129.88,43.841,94.436,126.57
133.85,44.133,94.327,130.1
139.13,46.211,92.843,124.62
143.1,47.545,96.722,123.26
148.49,43.354,96.09,128.97
153.47,46.239,93.551,128.25
157.16,44.454,92.505,129.84
159.57,44.094,94.447,125.1
162.56,41.119,92.126,130.32
163.36,47.327,88.65,125.08
160.26,50.873,90.935,120.8
161.03,55.378,86.022,114.12
159.26,54.66,88.381,118.59
159.21,56.024,81.864,117.36
160.71,55.932,80.437,117.95
162.91,57.161,76.637,115.06
163.01,55.976,77.335,115.87
164.15,54.8,76.661,113.87
165.01,57.289,79.294,110.09
168.76,54.554,79.07,113.73
167.97,58.218,78.5,107.84
168.41,62.155,83.427,104.23
171.14,62.444,80.641,107.24
168.03,64.292,85.339,105.1
169.58,63.37,84.209,109.34
171.59,59.4,81.366,114.82
166.71,54.655,83.342,121.38
161.69,49.223,84.201,121.94
159.42,47.639,84.853,121.16
159.75,43.31,82.829,122.71
158.19,38.829,85.351,125.57
155.71,36.207,84.654,123.14
157.35,34.622,82.893,124.59
156.01,34.911,84.589,128.1
155.12,42.809,87.396,115.69
151.37,46.478,91.618,122.2
153.97,51.611,89.975,123.85
155.38,54.534,91.26,125.89
155.28,55.747,93.203,122.31
158.8,48.15,90.336,130.4
160.65,43.62,93.372,130.34
161.49,37.992,91.832,132.9
165.4,33.524,91.41,134.77
165.53,31.969,88.591,134.22
163.14,30.457,93.017,129.55
164.14,30.345,89.885,129.19
161.57,34.302,90.906,129.38
162.73,36.126,85.95,129.57
161.44,40.112,88.689,129.46
161.97,43.764,88.244,123.02
156.85,44.325,87.811,122.57
151.42,44.301,85.382,118.37
144.81,40.96,88.601,122.43
140.03,35.693,85.56,127.48
135.77,31.148,86.012,125.62
127.85,27.045,84.482,128
121.23,28.752,88.754,122.54
118.12,21.722,84.491,136.14
115.24,28.62,86.308,122.17
111.6,30.214,87.929,131.57
114.15,37.044,84.985,128.27
110.16,43.683,91.248,122.15
112.41,42.079,86.475,130.97
114.65,43.619,88.2,126.26
120.27,45.338,89.509,126.27
125.57,43.437,89.998,126.85
128.72,41.196,93.207,127.01
138.38,36.425,90.317,135.49
139.5,37.756,91.301,129.1
139.85,36.74,92.071,130.66
135.38,34.818,91.24,132.17
131.99,34.818,91.046,135.28
126.62,31.893,89.452,140.92
120.9,34.719,88.784,141.85
112.04,34.76,93.963,140.01
101.2,33.225,100.44,139.26
93.754,27.217,99.113,145.43
87.163,21.218,101.66,145.76
81.699,16.865,97.499,146
76.459,11.391,100.07,146.98
76.801,12.694,95.433,143.75
76.09,13.917,95.998,143.93
75.302,18.851,94.768,145.08
72.79,25.691,95.805,146.69
68.619,31.47,100.41,147.03
65.641,34.42,98.465,147.1
61.37,39.162,95.148,140.91
54.045,35.427,97.451,146.76
46.153,32.696,99.549,147.58
43.24,27.229,93.071,149.2
43.565,27.63,96.088,144.82
44.194,22.678,93.791,145.66
45.957,21.495,94.665,147.69
53.623,23.002,91.621,145.49
61.317,30.167,87.199,137.7
60.916,33.482,91.61,136.7
63.717,35.816,88.047,135.59
68.622,41.188,88.424,130.02
71.456,43.714,90.701,129.21
75.078,40.883,92.355,136.41
82.841,39.201,84.029,133.92
87.054,32.826,85.012,136.69
90.632,26.225,85.739,134.84
100.59,18.48,87.557,136.73
109.09,11.633,84.648,143.32
116.47,11.847,86.641,144.25
122.7,16.386,86.072,145.95
121.63,19.882,89.427,146.34
123.25,19.365,90.05,149.4
125.75,20.387,88.029,147.82
125.33,22.274,92.823,150.89
128.49,20.715,85.974,153.63
125.16,19.504,91.187,150.35
121.95,17.908,97.405,152.92
121.44,14.255,99.27,154.52
120.8,13.444,98.106,153.91
122.54,12.039,98.196,158.32
121.12,15.885,96.387,153.98
121.33,14.802,98.127,157.15
120.83,18.279,97.673,154.61
121.47,18.935,98.277,150.94
123.75,19.746,95.154,150.43
121.99,17.64,97.998,154.74
126.63,20.722,95.043,144.16
123.82,16.59,101.02,146.5
129.39,11.64,94.589,145.54
134.74,10.296,93.748,141.27
135.27,9.5339,98.107,142.12
139.71,18.761,94.431,136.04
140.89,25.424,94.19,135.29
141.12,31.357,88.952,137.48
139.54,36.082,91.432,137.54
139.62,39.259,89.14,135.7
133.68,34.567,92.696,133.89
136.08,31.309,88.321,129.78
138.62,26.279,90.474,130.35
144.61,21.37,87.605,133.7
150.07,23.757,88.643,130.99
151.62,31.188,85.976,122.45
151.04,33.879,84.255,122.99
147.45,41.623,83.617,113.13
140.31,46.68,85.01,106.29
134.18,43.777,84.398,109.25
129.21,41.873,81.072,110.84
119.8,43.053,83.219,103.67
115.52,37.746,83.27,106.28
113.84,31.59,82.748,107.03
118.03,28.62,83.714,107.3
119.18,30.562,81.766,107.73
119.78,32.502,79.278,110.04
118.42,37.074,83.023,107.53
118.91,41.119,83.456,104.3
119.1,38.74,81.71,110.11
116.27,38.51,79.488,110.71
110.72,40.195,84.48,111.83
108.17,40.747,85.49,105.14
113.21,37.872,83.275,103.79
117.63,37.162,81.327,98.27
117.53,35.25,87.049,102.56
127.32,37.186,85.773,108.69
132.06,42.134,87.005,104.27
137.92,39.924,88.05,107.68
149.47,34.664,81.167,113.95
151.64,39.082,85.217,104.37
154.73,35.525,85.732,105.75
157.29,34.227,86.567,107.48
158.68,33.837,83.576,104.83
160.09,29.813,83.711,103.07
161.8,28.479,84.115,99.33
161.27,26.05,85.38,101.67
160.21,27.574,82.231,98.468
161.06,30.454,80.066,96.354
165.08,36.967,78.377,96.148
159.99,43.394,81.274,96.894
157.83,47.568,80.433,96.584
151.76,50.953,81.269,95.367
145.51,49.501,82.369,96.538
140.55,45.587,80.463,96.562
138.44,43.155,84.087,93.58
142.46,39.923,88.072,90.317
141.57,41.037,91.727,84.651
141.39,44.203,93.62,81.415
140.7,47.424,92.295,81.045
142.85,51.364,93.551,81.692
143.27,53.736,92.529,80.003
143.25,57.871,91.594,77.783
144.06,59.742,92.386,77.887
148.65,64.324,84.723,73.924
149.17,63.474,85.725,75.263
150.34,58.399,87.936,75.511
152.99,54.161,82.955,75.239
156.03,57.277,82.565,69.555
159.14,58.554,78.986,70.938
159.61,63.387,79.311,72.358
156.95,66.331,77.253,71.796
154.37,71.861,73.461,66.067
152.79,72.555,70.221,66.767
149.5,73.294,72.98,62.79
147.81,70.653,71.843,64.911
146.38,68.582,68.892,65.182
142.75,65.629,70.093,64.504
137.02,64.74,68.959,62.873
133.72,60.816,72.271,66.721
131.44,56.748,68.47,64.325
129.98,49.55,69.796,67.849
125.82,49.156,76.05,65.831
123.68,52.363,74.3,66.491
124.86,55.548,73.868,69.009
124.25,55.849,75.151,69.397
122.36,60.811,75.718,67.228
121.31,62.204,74.567,65.466
121.25,63.111,74.651,65.518
119.68,61.588,73.483,69.74
120.51,62.363,78.816,65.611
128.81,62.107,71.741,65.276
133.64,65.597,77.384,60.762
141.49,65.862,75.231,61.018
148.26,67.015,73.84,58.7
150.81,66.356,74.678,58.28
152.18,67.507,76.066,58.679
150.39,69.09,72.724,59.017
151.57,68.345,73.885,58.757
155.57,67.21,71.772,59.043
155.23,66.678,68.893,56.252
155.81,68.21,67.02,54.037
150.65,65.809,63.685,54.892
145.88,64.003,64.276,52.331
149.26,65.12,58.9,51.667
148.25,67.676,55.98,56.001
148.42,72.038,52.379,53.643
146.84,72.245,47.822,55.059
145.55,74.041,47.964,53.032
149.88,75.832,47.051,52.225
153.33,77.509,42.57,51.982
157.69,77.561,39.509,51.61
158.69,80.2,42.244,50.628
161.04,81.165,40.949,49.416
160.32,80.665,41.763,48.862
157.51,80.423,46.506,48.379
157.63,79.421,45.622,51.405
155.73,80.103,47.681,52.174
152.22,79.745,48.191,54.154
149.04,76.603,47.952,54.958
147.7,78.148,51.076,50.573
145.26,77.174,46.474,52.399
139.74,73.067,47.629,57.901
137.5,73.931,48.246,56.703
133.16,71.645,50.349,60.776
133.31,70.903,49.936,62.44
131.24,69.528,50.286,63.536
134.99,69.866,47.429,59.851
135.51,66.855,48.769,61.47
139.08,63.286,48.196,65.999
139.64,62.742,50.993,65.045
142.73,61.519,49.701,67.903
148.73,62.847,46.385,63.733
149.44,62.196,47.157,62.22
150.84,61.812,43.951,65.937
146.49,60.446,45.569,69.719
144.32,59.044,48.924,69.794
145.13,55.383,47.096,73.58
146.32,54.403,47.365,74.894
147.27,53.562,44.812,74.052
148.51,52.379,46.797,74.497
147.32,52.392,49.535,72.467
150.51,49.48,49.304,74.282
150.56,47.604,51.101,75.769
155.13,45.306,46.607,76.578
146.87,40.899,48.933,80.605
148.78,41.565,46.456,78.579
147.97,43.247,46.059,77.171
143.67,44.994,46.215,75.022
141.41,45.208,48.96,78.786
140.36,40.893,43.912,86.392
142.7,45.681,48.248,78.39
143.27,39.641,47.187,85.28
149.82,37.841,46.777,85.801
151.18,32.989,50.529,88.073
156.63,29.309,49.538,88.828
164.57,29.766,46.233,89.861
170.03,30.313,42.313,93.321
169.45,29.762,44.753,96.327
176.57,32.407,43.177,92.746
177.95,29.931,42.544,95.093
177.88,25.367,43.351,95.116
176.23,22.566,45.816,97.412
177.81,21.404,46.475,96.249
181.74,19.281,47.24,101.67
179.89,25.874,46.939,95.793
182.22,29.888,40.97,98.256
180.71,37.978,39.343,91.681
174.38,41.067,40.699,91.833
166.53,42.79,39.198,90.352
160.63,44.034,39.744,89.925
152.92,41.805,39.831,91.559
150.93,41.251,43.503,95.491
148.36,38.414,42.932,95.626
147.87,34.769,42.25,96.407
150.03,34.016,42.315,98.761
153.66,36.36,41.579,96.463
156.86,36.699,44.22,96.125
162.14,38.355,43.692,98.778
163.74,41.264,43.024,100.74
166.25,45.088,44.825,96.72
170.08,47.379,45.04,98.591
171.88,47.651,48.385,103.37
172.68,45.058,52.232,102.56
176.08,38.069,48.36,107.99
175.87,33.548,53.304,109.02
176.96,29.866,50.909,114.28
179.85,33.968,52.405,107.48
181.96,35.238,49.905,111.17
180.66,34.1,50.127,112.99
182.34,34.895,50.202,109.93
179.37,31.02,51.403,109.61
176.5,25.462,51.446,110
176.54,22.151,49.154,107.29
175.88,17.879,50.826,106.93
173.21,13.395,46.135,107.58
169.85,15.026,47.675,107.26
162.16,16.693,50.625,109.17
158.86,20.654,48.001,105.96
154.71,18.624,48.013,107.57
156.36,21.245,47.001,105.52
156.83,21.384,47.685,109.97
154.7,22.481,46.662,110.04
151.78,23.652,49.088,108.89
151.22,22.7,46.586,110.09
150.17,23.361,49.229,98.856
152.44,24.598,49.807,98.803
156.76,28.55,46.389,101
158.39,32.083,46.879,102.9
158.78,38.206,45.657,98.799
157.56,40.88,46.972,101.05
158.02,44.837,49.296,99.221
152.86,45.188,50.997,98.708
153.94,39.987,51.624,95.892
158.32,27.167,54.437,102.1
160.3,21.642,56.186,106.4
163.69,25.912,53.232,104.33
166.16,31.844,54.741,96.726
167.23,38.291,53.288,92.889
166.67,38.972,51.275,95.694
165.69,42.344,50.204,91.985
163.11,41.684,51.057,95.785
162.97,45.406,50.963,93.49
162.17,43.253,54.229,92.766
164.18,43.828,51.628,90.886
164.17,43.668,50.984,91.532
160.71,42.932,48.002,90.901
156.72,42.223,45.917,92.849
153.17,43.629,46.43,92.967
148.56,41.907,47.222,92.833
143.66,41.115,43.319,94.96
139.91,41.802,43.394,91.118
133.2,41.166,44.388,89.86
127.94,41.398,48.005,88.527
131.33,40.691,48.079,90.354
132.91,38.218,50.923,90.53
134.53,32.424,47.215,91.088
136.96,37.661,53.921,81.16
137.71,42.877,57.046,79.277
143.23,49.113,54.176,81.915
144.83,54.394,55.865,78.029
154.12,54.986,51.101,81.554
160.94,50.815,48.812,82.268
163.96,47.935,49.971,80.29
167.62,39.13,47.647,87.798
170.79,35.72,47.062,89.411
175.14,33.082,47.27,88.303
175.36,33.461,46.548,86.484
175.93,33.71,46.158,86.095
175.1,34.113,47.428,89.121
173.88,37.876,48.119,83.596
176.4,36.793,46.196,90.922
171.7,39.059,45.691,89.992
167.84,40.754,47.765,88.001
169.26,40.129,47.175,90.064
163.65,40.766,48.718,89.59
166.56,39.153,47.636,86.93
168.61,35.111,43.151,92.16
169.2,32.679,41.851,97.897
169.06,34.746,41.872,97.008
169.36,35.455,42.811,98.757
167.61,36.293,44.982,98.861
168.46,37.911,47.923,97.325
171.01,40.951,47.619,93.071
172.33,41.395,47.003,94.234
171.22,39.865,47.599,97.384
171.59,42.502,47.071,94.696
168.93,45.836,46.244,91.004
164.03,48.98,47.154,91.452
166.7,57.019,45.145,86.494
166.98,57.764,47.113,93.123
165.89,62.806,46.423,90.596
163.4,66.226,45.704,87.579
157.78,63.867,47.279,88.733
159.65,60.088,47.699,91.19
161.8,58.459,46.208,90.961
160.33,60.347,46.368,80.359
161.89,54.344,47.358,86.539
165.96,52.559,47.272,87.612
166.27,52.399,47.594,88.563
171.71,55.051,46.969,85.826
171.98,54.55,51.219,87.749
172.81,56.638,53.663,84.392
175.37,56.825,51.338,85.95
179.32,55.908,51.61,83.275
177.91,52.94,54.82,81.202
177.93,49.482,51.898,82.96
177.19,47.791,48.641,82.582
172.52,43.824,47.067,84.436
168.25,45.816,46.722,85.879
162.84,47.708,49.078,85.733
157.65,52.261,46.449,83.319
154.41,53.714,45.115,82.509
151.79,56.408,45.448,81.853
147.44,55.991,44.134,83.043
140.83,58.296,46.524,79.479
140.93,56.116,47.507,83.425
137.76,55.638,46.242,80.577
138.74,49.506,44.658,81.406
144.54,50.222,41.943,78.237
143.27,51.55,45.173,78.869
146.38,53.816,44.869,82.553
151.01,58.484,42.491,79.71
156.63,64.05,40.11,78.666
159.58,70.162,44.811,72.322
166.95,67.76,42.791,77.856
170.5,67.558,42.952,76.122
176.86,63.421,41.834,77.388
183.19,60.296,42.775,80.318
184.47,61.574,46.702,80.647
189.14,63.489,43.273,78.271
191.24,67.898,44.464,76.513
193.18,71.7,40.735,79.049
189.72,73.327,41.357,76.508
188.13,71.554,37.456,78.666
183.07,68.415,37.592,78.765
179.64,67.983,41.976,79.139
178.34,65.538,39.377,80.371
174.29,65.828,40.403,79.12
174.26,66.224,37.792,76.788
174.55,66.669,41.119,75.232
172.87,64.962,39.966,79.269
172.61,67.108,36.913,75.837
170.5,68.045,35.798,75.242
166,68.52,39.737,75.614
166.77,67.269,36.213,76.677
165.97,68.052,38.289,75.534
165.62,66.947,37.817,77.174
167.16,66.28,37.411,74.484
167.92,63.623,36.153,75.929
171.5,62.677,35.205,76.954
172.25,60.299,37.992,79.78
177.58,62.786,37.273,78.577
182.55,67.187,39.03,76.201
185.99,67.749,37.328,80.546
187.56,70.746,39.358,80.641
188.24,71.149,41.532,83.022
193.26,69.726,38.023,83.968
195.17,67.407,38.703,84.354
196.68,65.407,37.579,82.564
196.54,63.524,37.576,84.414
196.03,61.898,38.169,83.904
194.69,62.435,39.388,83.211
195.63,60.793,38.299,83.412
196.5,57.67,39.849,80.912
198.84,53.641,41.796,82.69
201.57,54.606,41.372,83.926
200.61,57.557,41.368,85.686
200.34,62.015,43.051,81.038
203.97,63.621,42.733,84.15
200.41,65.121,50.419,83.74
201.38,65.675,45.95,81.008
197.71,65.631,48.806,83.091
194.6,65.824,49.407,78.857
193.46,62.351,47.084,86.065
186.12,60.611,49.435,82.364
182.23,59.025,49.721,84.406
182.79,62.086,49.874,81.526
179.8,63.202,52.945,79.698
180.35,62.08,51.077,82.403
181.34,59.925,48.651,84.462
175.55,57.043,48.605,83.857
171.83,55.624,50.294,81.902
170.38,51.15,51.363,84.816
169.57,49.507,52.943,82.272
164.88,45.791,54.66,84.265
173.44,44.841,51.952,82.156
173.88,46.145,57.076,82.951
178.17,47.934,56.795,83.368
182.42,52.78,56.788,82.642
184.58,52.722,54.081,82.445
186.84,53.775,54.686,81.322
191.98,53.866,51.097,80.197
189.93,53.059,52.841,80.683
188.11,53.57,51.259,79.511
186.64,49.411,49.613,83.03
183.27,47.811,53.296,81.493
186.08,49.668,49.231,77.93
182.83,53.486,49.204,73.84
181.59,55.445,49.673,78.437
181.02,59.401,47.49,79.04
178.04,62.325,48.63,76.472
172.82,59.918,49.048,77.227
167.11,57.253,49.882,77.66
163.25,54.437,49.397,77.632
160.84,54.988,50.515,75.179
156.07,52.396,49.137,77.139
155.9,52.592,49.942,75.819
152.29,51.665,51.777,78.825
150.93,54.021,50.374,74.266
153.46,58.096,48.86,71.794
152.78,58.442,51.856,71.66
155.45,56.848,50.567,74.547
158.5,55.726,51.233,76.31
165.95,58.166,51.109,71.764
169.69,56.439,49.927,73.748
177.72,56.748,47.116,71.772
177.39,56.488,51.973,71.468
182.16,55.243,50.776,70.354
180.73,54.299,54.099,73.825
182.94,59.002,53.237,70.236
185.08,62.391,50.276,71.341
183.86,63.635,49.58,75.24
182.27,67.606,49.357,74.196
180.8,67.845,48.958,77.86
180.4,68.221,47.037,77.656
176.07,71.048,49.677,73.004
170.03,64.89,49.742,74.198
170.03,60.182,48.457,75.6
163.2,60.124,52.814,72.107
161.65,59.5,49.187,72.872
158.66,61.373,47.711,76.624
155.11,65.14,49.991,71.929
154.87,63.18,47.82,76.574
154.61,60.959,46.734,79.593
153,60.683,47.049,76.701
152.19,61.559,48.359,76.339
150.48,61.993,49.474,73.211
146.67,58.663,51.093,77.595
145.43,58.843,50.109,78.676
145.24,60.56,47.276,72.809
139.91,56.126,51.146,77.141
