NaN,NaN,NaN,-1
150.83,57.571,79.528,94.152
144.95,57.365,77.199,104.32
151.85,58.995,69.286,108.32
160.66,70.832,62.587,102.9
164.89,61.196,58.341,93.796
165.75,73.971,55.524,83.629
179,67.622,55.633,77.262
177.95,55.517,54.249,66.094
168.69,56.431,50.445,61.617
164.24,47.37,40.207,55.59
172.81,51.465,36.477,50.078
163.13,57.395,32.645,43.36
152.83,68.741,31.103,43
160.93,69.367,23.506,38.804
162.4,66.594,21.239,36.545
160.79,77.759,20.774,33.968
167.62,61.974,19.245,35.975
172.74,72.243,16.777,32.121
175.27,76.151,14.23,35.034
176.82,71.311,13.884,39.19
181.03,81.375,11.778,34.923
180.48,83.528,11.271,32.903
176.79,80.068,10.136,32.728
181.42,81.411,9.3719,28.594
181.42,86.221,9.4242,29.286
182.24,84.842,9.1385,25.451
183.69,79.251,9.0586,22.812
184.45,74.951,9.2259,20.554
194.12,65.278,8.2451,18.135
195.1,68.244,9.0374,18.148
198.34,75.736,9.3731,18.44
203.08,74.962,8.8339,19.817
202.16,53.369,8.4549,19.471
212.6,64.743,8.7518,17.12
214.21,68.746,8.6018,17.992
213.42,73.047,9.4642,17.402
212.63,78.715,10.865,16.558
209.02,68.579,10.476,20.483
205.97,62.52,9.9379,21.585
197.56,57.047,10.169,21.127
193.24,69.625,9.0876,22.599
197.02,70.499,8.9365,24.254
182.86,59.271,8.8227,20.81
182.58,80.281,9.5312,21.597
178.17,70.01,8.1755,20.021
183.94,91.896,8.0435,18.39
174.64,85.478,7.2385,19.276
175.76,84.681,7.3598,18.673
178.02,84.33,7.0591,18.647
177.17,80.332,5.8653,18.228
175.74,74.562,5.3481,17.713
182.79,67.401,4.7852,17.681
184.06,60.048,4.7168,16.273
186.24,74.132,4.4329,13.041
185.98,88.025,4.5962,14.224
181.31,91.48,4.5971,15.276
196.81,91.6,4.344,12.996
203.75,89.777,4.3493,12.584
208.38,91.477,4.1842,13.093
209.14,98.501,3.9757,12.846
211.4,83.529,4.2616,11.567
216.67,73.815,3.9482,12.668
213.66,74.211,3.628,12.709
215.07,62.437,3.6852,10.997
217.23,69.905,3.6166,10.642
219.67,79.125,3.8542,11.406
210.88,74.415,4.225,11.28
212.4,73.926,4.8519,10.409
203.02,70.412,4.3885,10.087
193.59,63.763,3.8069,10.607
196.31,66.17,3.8194,9.7967
197.52,67.886,3.8262,10.432
208.85,74.369,3.6251,10.405
203.24,68.075,3.6827,10.001
195.8,59.815,3.7622,9.3905
198.48,72.072,3.7711,8.4529
199.93,73.973,4.6092,7.9772
201.72,76.705,4.4736,7.7881
191.2,67.174,4.2807,9.0343
187.01,69.958,4.3497,9.3032
190.37,72.744,4.1215,9.472
183.3,74.295,3.9802,9.365
190.05,70.281,3.8665,8.6539
180.96,58.732,4.1202,8.2367
162.06,53.462,3.6763,8.2378
NaN,NaN,NaN,-2
NaN,NaN,NaN,0
NaN,NaN,NaN,0
NaN,NaN,NaN,0
NaN,NaN,NaN,0
NaN,NaN,NaN,-1
135.87,67.482,75.99,90.697
136.04,60.726,82.362,89.932
142.25,56.602,79.993,93.723
146.06,53.769,81.227,92.95
148.57,56.906,78.127,93.912
148.63,61.312,80.26,92.212
148.69,62.988,82.499,89.284
149.24,60.861,84.539,94.904
151.3,61.753,80.983,95.062
153.97,65.267,78.907,86.64
153.44,61.653,77.727,92.827
154.04,64.516,75.718,86.112
150.57,63.107,75.885,87.706
151.9,63.092,76.035,83.769
152.21,63.76,73.238,85.724
144.97,71.423,76.813,79.49
142.69,71.208,76.895,83.855
141.16,70.251,73.959,85.475
137.3,72.178,73.633,86.505
131.74,76.237,76.372,85.603
128.87,74.736,75.477,84.166
127.69,70.736,75.993,83.02
130.21,68.433,73.919,85.243
129.48,67.868,76.125,83.98
129.89,66.231,76.065,87.893
129.57,67.34,77.887,85.156
126.14,66.204,80.559,87.667
128.23,69.301,80.305,85.485
130.47,69.799,78.002,90.744
130.53,71.592,80.355,91.274
133.36,70.636,78.338,92.458
134.06,69.29,82.979,89.525
140.52,63.971,77.092,95.202
141.02,57.929,78.66,100.9
143.18,55.927,82.082,102.57
150.19,52.162,77.622,104.54
156.74,51.889,75.53,106.38
157.15,50.28,75.731,109.43
153.14,54.338,82.738,105.15
154.03,53.722,81.769,106.06
155.83,55.649,80.573,103.38
153.98,54.093,82.214,105.18
150.06,51.216,84.607,106.61
151.32,51.968,80.959,103.19
147.78,44.824,79.084,107.24
150.89,39.407,78.139,109.47
152.68,38.647,79.693,107.85
156.13,40.181,71.791,104.72
153.48,34.865,70.532,111.72
151.59,34.958,67.737,110.15
155.25,31.911,57.13,117.32
152.13,34.2,56.837,117.52
152.02,45.398,55.69,107.17
141.02,41.24,56.355,107.03
144.04,49.179,61.115,95.916
142.34,43.157,62.518,102.4
141.66,38.721,62.164,101.85
139.27,35.135,64.478,103.3
141.66,39.189,60.927,92.597
141.6,38.907,59.477,94.788
135.12,39.076,67.001,95.803
131.22,42.003,74.966,94.879
126.02,42.385,79.398,102.35
130.96,53.152,77.8,92.423
133.45,54.77,77.944,96.101
129.9,53.353,82.119,96.604
129.26,51.404,88.739,98.115
132.64,44.249,83.81,104.04
132.37,39.362,84.274,108.95
129.46,39.465,92.494,101.89
129.5,33.872,95.903,103.63
131.31,32.396,91.102,106.59
127.67,33.804,92.738,106.28
126.99,36.855,95.435,103.2
124.62,39.497,97.33,102.96
123.74,42.256,95.964,103.83
121.99,45.98,96.966,102.82
122.72,48.116,93.28,106.07
123.4,52.287,95.052,98.52
123.19,50.126,93.638,101.43
123.14,47.995,95.472,97.419
124.49,43.445,93.508,98.012
124.74,35.283,90.337,103.94
126.08,36.948,85.353,95.793
125.1,36.405,85.486,95.312
122.14,35.573,92.721,97.093
122.34,40.671,94.214,91.888
126.84,43.97,89.499,90.798
129.37,43.883,87.765,95.118
126.4,43.401,89.167,99.378
128.83,50.219,84.438,92.362
124.69,49.176,85.862,95.027
121.94,50.846,82.355,96.265
122.32,51.805,77.294,93.753
118.69,50.383,76.767,94.822
114.56,47.58,81.759,94.54
112.16,46.195,78.716,92.115
108.14,47.667,80.204,88.833
105.56,46.983,79.377,91.211
104.99,49.651,79.491,85.11
106.21,47.65,79.699,91.055
107.29,50.237,79.933,84.999
113.35,51.82,76.18,79.388
116.17,45.832,77.512,81.371
122.37,38.317,74.341,88.788
123.68,33.413,75.305,94.701
122.85,31.87,73.712,86.284
129.73,32.314,75.921,90.489
133.62,35.226,78.777,90.714
136.8,42.057,78.265,85.54
140.5,41.444,79.056,90.625
145.16,44.282,80.174,87.808
147.67,42.676,77.855,91.468
150.19,41.274,76.08,92.935
151.34,44.004,78.116,92.895
153.54,48.27,75.251,87.896
155.17,48.479,76.893,95.216
155.19,52.262,79.171,90.428
160.6,53.543,75.666,94.859
159.32,55.008,80.128,91.246
157.6,54.629,81.744,97.229
154.76,52.412,84.327,103.39
150.72,47.194,83.914,108.71
147.14,47.66,82.037,113.22
142.11,50.321,83.429,106.5
135.08,48.456,89.391,109.12
130.79,45.944,86.512,112.9
126.83,45.034,89.468,107.63
122.55,46.737,92.613,102.79
119.18,44.262,93.88,108.81
121.08,48.222,93.556,105.19
121.75,51.368,97.282,105.9
121.58,54.744,100.25,107.27
127.59,55.644,100.01,109.2
129.78,56.156,102.97,110.92
133.36,57.171,106.02,110.93
138.76,55.367,108.44,112.17
147.91,54.597,99.677,114.41
149.98,58.562,101.81,105.84
152.06,55.966,103.01,107.89
155.66,53.927,102.82,109.63
157.56,53.524,102.54,109.91
158.79,65.191,99.183,92.166
157.91,61.688,98.937,105.64
156.92,65.836,98.967,99.964
154.58,71.58,100.01,90.614
156.72,69.644,91.597,98.174
153.35,69.851,93.934,97.007
153.5,68.679,96.879,97.291
155,68.537,91.869,96.005
158.28,63.91,85.792,100.41
160.19,66.745,88.879,96.33
162.6,65.224,88.181,97.979
161.32,65.529,92.993,97.796
164.58,68.966,94.776,96.812
164.71,69.712,92.638,94.635
165.49,70.029,95.249,98.541
165.55,70.834,93.514,96.621
165.72,70.55,92.697,102.11
160.2,64.967,95.618,103.55
155.78,63.936,97.592,102.96
156.9,57.297,92.988,108.39
156.73,53.04,90.569,110
154.22,51.544,92.478,104.53
154.34,48.384,90.914,108.24
154.33,45.017,88.809,108.3
151.88,46.845,95.84,110.54
151.76,52.945,93.935,101.28
147.97,59.388,96.704,102.51
151.97,62.511,91.37,107.1
149.58,68.012,97.133,105.68
152.87,66.741,97.701,105.49
153.4,64.07,99.114,105.58
157.11,56.464,98.237,109.64
159.6,51.076,97.643,110.53
159.25,46.681,97.068,113.57
159.29,47.752,99.929,107.84
162,43.076,96.621,108.39
156.66,43.816,101.58,106.79
160.61,46.131,91.875,111.51
160.71,48.507,90.366,112.66
158.06,49.821,94.162,114.92
159.91,53.001,90.309,111.65
151.08,52.239,96.563,113.37
146.43,52.649,94.266,111.86
141.19,50.56,92.578,113.31
133.7,51.352,99.121,103.76
130.64,47.696,97.37,100.28
120.26,44.499,98.169,97.708
114.25,38.913,102.09,105.25
111.96,38.439,101.62,107.53
109.51,38.424,98.508,108
110.77,41.02,96.269,116.76
109.56,44.558,94.98,119.03
107.1,51.27,98.959,117.31
109.77,54.08,95.447,116.11
107.07,53.507,104.86,115.02
116.9,53.145,96.425,120.73
123.5,54.217,95.109,114.26
126.1,50.902,99.094,117.38
136.81,48.624,96.906,116.54
131.2,52.021,108.23,89.817
128.26,56.051,109.73,83.732
128.51,51.67,104.53,87.303
123.11,52.058,107.15,94.263
119.45,48.207,105.79,101.47
111.45,47.981,107.15,103.44
103.81,48.466,109.94,110.81
94.688,50.266,108.54,109.66
88.939,43.32,106.24,123.26
81.981,35.486,109.48,129.01
78.344,24.517,104.56,143.14
73.21,23.465,103.21,137.01
71.586,26.916,106.59,124.96
70.273,25.886,105.93,130.31
68.553,31.58,108.05,136.64
67.562,43.153,107.85,123.69
67.158,49.13,102.62,123.4
63.334,52.854,105.31,122.57
56.846,50.528,105.02,127.61
48.917,47.625,107.1,130.03
45.689,50.169,102.43,126.69
39.379,45.881,104.25,126.65
41.474,44.112,102.87,120.48
45.459,37.709,96.27,126.17
45.766,41.285,96.912,116.82
50.756,40.815,99.505,117.98
55.277,43.81,99.511,119.24
58.494,48.233,97.029,116.33
62.743,51.66,93.192,115.15
66.009,52.073,92.206,115.69
70.018,54.206,92.473,115.67
75.621,54.038,92.607,118.54
80.728,53.963,91.855,113.66
86.301,48.362,90.359,114.23
89.693,42.895,89.496,110.24
92.72,34.069,102.51,114.45
100.15,29.804,104.07,113.7
108.44,31.397,100.82,113.08
113.25,33.514,102.89,116.46
113.53,36.307,100.67,119.44
114.17,41.424,104,112.98
116.06,38.871,103.44,119.32
119.48,38.953,104.33,129.1
119.63,40.199,102.72,122.54
115.5,42.325,106.97,117.91
116.72,39.356,108.4,117.78
116.35,35.892,109.74,120.81
115.7,30.916,108.56,120.65
117.65,29.893,107.32,123.88
116.22,34.645,105.96,115.44
119.42,34.034,104.72,120.96
119.27,36.525,104.21,118.8
114.36,35.761,110.41,119.41
113.27,36.962,112.91,117.38
115,38.726,108.54,114.27
115.42,37.085,112.8,119.18
120.2,31.285,107.83,122.7
122.76,27.999,110.39,119
126.41,27.914,111.03,111.06
128.53,26.618,111.53,102.33
134.53,34.683,108.06,109.21
133.25,40.87,109.26,112.86
133.02,46.661,106.17,115.86
139.28,48.287,98.451,135.58
139.48,48.808,94.147,136.91
130.67,45.134,92.072,144.92
134,40.347,90.927,141.16
134.22,37.431,98.626,134.42
140.73,33.578,97.163,137.41
145.9,34.736,93.694,138.13
149.29,39.417,85.596,134.47
152.1,41.368,81.519,137.53
148,43.361,82.355,137.96
140.03,46.126,84.93,135.49
135.04,48.764,80.228,129.4
128.33,48.523,81.72,126.22
123.72,43.67,76.049,125.58
119.04,39.571,76.375,127.36
117.8,33.729,77.809,128.38
117.29,34.169,84.387,125.26
120.91,34.297,79.927,129.57
120.24,35.895,78.37,132.47
121.73,36.454,76.377,134.17
118.05,42.334,78.994,126.55
120.01,41.485,76.058,129.63
115.66,42.629,81.711,130.28
114.46,41.904,77.634,134.43
111.73,38.649,74.982,134.73
116.3,35.226,74.607,132.64
120.1,35.712,75.268,128.23
125.65,34.531,70.877,129.03
135.41,35.709,71.512,133.95
139,40.34,72.654,131.08
149.69,42.25,66.713,128.73
151.08,38.897,74.401,127.55
157.48,36.082,74.575,134.04
157.86,37.452,77.665,127.2
161.93,33.088,70.754,132.53
164.75,33.449,70.428,133.14
163.59,31.283,71.395,125.84
162.64,27.712,73.032,126.44
163.39,26.21,73.601,128.21
161.62,28.55,73.857,121.52
161.41,28.054,72.432,121.27
164.28,39.596,72.55,117.62
162.17,43.37,71.797,120.35
161.75,47.531,67.806,114.21
159.56,54.386,64.174,103.91
153.17,53.823,65.063,101.94
147.08,51.973,67.7,94.658
139.86,44.569,69.806,83.605
144.31,44.909,73.237,73.198
146.41,39.853,73.416,81.829
146.65,42.208,74.588,82.305
148.11,43.659,71.102,80.54
146.98,50.582,75.064,73.546
148.01,54.568,75.437,72.51
144.32,57.5,77.601,66.427
147.24,60.857,74.641,62.946
148.09,67.685,80.737,55.983
151.74,67.493,73.707,53.07
155.72,66.12,74.006,51.984
155.32,62.029,74.034,54.471
158.11,60.572,74.137,55.08
159.5,64.495,75.438,55.684
160.06,68.488,74.578,58.179
159.33,70.809,69.979,63.94
155.62,74.417,70.426,59.272
151.34,74.592,70.997,57.559
148.85,73.188,70.266,58.152
148.66,72.826,66.16,59.166
146.11,70.53,65.991,61.5
142.91,65.941,66.717,72.675
136.02,62.112,68.74,76.009
135.48,59.75,65.945,75.822
130.31,56.746,71.03,76.682
126.99,50.824,73.687,66.253
123.86,52.383,73.776,63.647
117.52,57.096,78.476,61.402
119.16,60.267,78.71,60.144
122.72,59.017,72.102,66.291
123.11,60.786,69.819,74.169
119.4,64.579,70.766,74.616
118.4,66.62,71.226,68.217
116.12,67.53,71.815,65.396
116.05,65.611,76.716,66.52
119.86,65.637,79.76,72.832
128.81,65.653,76.408,77.507
132,65.78,80.5,71.869
134.34,68.544,84.032,69.737
141.35,66.35,80.118,73.405
142.34,67.73,81.953,72.906
142.21,69.213,79.166,75.484
141.57,68.701,79.795,76.252
148.11,67.48,76.467,74.216
147.72,67.408,74.57,69.141
144.07,67.917,77.881,66.836
138.82,67.451,75.29,67.409
133.94,64.586,76.032,61.731
137.59,66.773,72.55,61.095
133.65,70.026,76.299,56.798
132.28,74.399,72.937,62.794
142.49,75.5,65,59.19
142.94,77.025,62.239,57.845
142.06,78.779,67.202,57.123
145.55,80.826,65.669,54.395
147.6,81.182,65.051,55.442
148.26,83.598,64.167,51.239
150.31,83.659,63.286,51.268
151.49,83.512,61.073,52.41
147.79,83.442,68.775,47.514
149.75,83.1,65.664,50.802
147.07,84.7,64.221,46.451
150.58,85.031,55.561,44.462
150.88,83.165,51.07,43.62
146.74,82.741,54.85,42.701
144.84,82.661,53.061,41.206
139.97,81.791,53.123,40.877
138.28,82.001,53.018,41.267
135.26,80.376,53.216,43.643
138.41,78.795,49.217,45.872
136.19,77.63,50.331,48.568
129.78,77.679,44.246,44.847
129.49,73.247,38.269,51.693
133.51,71.95,34.161,52.223
141.62,86.539,29.019,44.591
143.63,87.71,27.293,48.625
146.99,85.818,26.648,55.158
148.61,86.528,25.013,53.625
146.64,87.496,26.768,50.448
144.27,86.11,26.117,55.959
143.95,83.867,28.501,64.8
143.02,83.523,28.359,58.417
145.68,82.759,23.813,58.878
147.08,80.751,23.526,61.072
148.8,78.576,21.852,63.354
140.11,81.086,23.906,57.699
142.4,81.051,23.333,53.125
142.43,76.776,23.968,58.263
151.34,75.268,23.983,63.658
145.35,72.494,23.624,63.243
137.67,63.454,20.807,69.331
135.45,68.985,20.945,63.305
131.17,70.551,20.305,61.85
129.2,72.419,22.663,62.628
124.05,72.301,23.196,62.224
125.48,72.355,24.781,62.624
125.82,70.317,25.11,65.005
131.52,68.037,23.429,65.465
136.01,60.156,21.962,73.449
137.95,54.595,22.632,79.464
140.46,53.888,25.459,82.607
146.5,58.792,24.932,80.011
142.81,53.96,26.501,76.887
145.72,59.248,29.479,73.108
147.82,55.784,31.428,80.569
147.61,51.11,30.863,81.578
149.88,41.999,27.894,84.724
152.63,42.639,27.108,78.921
157.15,42.523,26.619,76.525
155.41,45.325,24.647,78.769
153.81,53.196,28.179,83.302
152.4,56.054,26.033,82.054
143.35,56.639,28.169,91.439
152.26,50.419,29.434,81.329
147.97,47.169,28.66,91.937
153.27,47.913,28.704,95.317
152.11,47.632,29.557,100.41
149.08,45.643,30.388,101.73
148.14,41.031,29.894,100.44
151.83,41.736,28.518,102.62
154.57,42.612,27.032,106.34
155.5,41.307,29.56,106.74
162.29,45.11,26.877,104.31
164.95,48.904,26.846,99.718
165.02,49.77,28.676,105.31
169.17,54.63,30.181,104.17
171.33,52.28,29.483,111.28
171.1,50.778,34.71,110.83
170.81,43.371,35.615,112.48
175.22,39.342,33.05,112.96
175.58,37.618,32.554,114.69
174.41,37.307,35.867,118.31
172.87,38.565,40.778,122.1
169.24,34.994,42.614,132.44
169.31,32.509,44.862,130.24
161.67,32.868,50.159,121.21
162.73,29.067,49.086,118.17
162.7,19.877,49.141,126.87
165.49,17.305,43.752,127.17
162.9,8.5828,37.923,132.66
160.03,13.601,41.851,127.69
154.42,21.339,39.491,120.33
152.2,23.813,34.05,128.21
150.56,21.69,32.962,129.42
152.3,21.7,31.836,127.11
150.96,24.366,32.057,125.7
147.76,26.206,34.338,124.44
148.39,27.693,33.969,118.84
144.37,26.078,35.379,121.87
143.63,24.067,40.543,118.95
146.78,25.328,39.124,119.7
147.27,28.245,39.785,119.52
149.32,35.224,39.556,114.89
148.64,37.729,39.869,122.49
141.83,43.206,48.667,114.62
140,44.416,51.49,119.58
139.57,40.569,48.565,121.22
141.82,39.632,48.69,103.69
146.95,26.618,47.077,117.1
149.48,25.255,50.841,106.13
145.87,25.553,56.65,110.52
147.09,32.646,57.067,100.87
147.6,37.592,57.704,103.5
144.4,39.904,58.277,100.32
144.54,44.041,57.449,95.299
145.52,43.12,55.673,100.75
147.49,43.814,50.138,102.66
149.67,40.673,48.905,103.48
155.47,43.479,52.053,99.9
153.09,45.95,54.302,93.667
148.4,42.34,51.235,105.05
142.45,41.417,47.126,103.41
142.64,41.714,46.094,106.27
133.91,40.442,50.085,110.41
127.14,38.925,50.078,111.27
128.89,37.811,44.194,110.01
120.62,34.229,45.692,120.82
120.67,35.953,42.819,114
124.67,35.476,41.591,112.22
125.11,31.066,41.69,115.73
128.9,29.465,41.527,111.98
129.36,29.715,42.157,118.42
133.87,34.094,43.506,110.54
139.94,43.331,38.565,103.77
141.37,47.398,37.227,107.52
153.25,47.987,31.616,103.89
156.01,48.792,33.274,99.433
161.52,43.334,35.201,103.28
159.15,42.905,38.566,94.629
156.11,37.605,41.934,103.6
162.36,34.143,42.403,101.44
157.48,34.497,49.397,100.42
158.49,32.28,49.749,106.55
156.14,32.22,53.311,105.18
155.05,33.662,55.385,107.54
156.13,35.572,51.409,107.49
151.91,39.241,51.526,105.66
149.02,40.48,52.364,108.18
145.55,40.708,57.886,106.78
140.46,41.697,59.599,107.17
139.23,40.902,59.666,107.26
139.53,42.993,59.896,108.88
138.66,42.459,62.188,111.38
137.57,40.748,62.198,118.51
135.6,44.296,63.925,116.26
133.89,43.053,67.497,118.29
137.73,38.426,67.659,124.47
141.54,39.874,67.722,124.49
139.94,40.962,66.995,120.9
141.72,41.869,65.639,126.24
142.37,45.98,66.83,117.74
141.52,47.249,65.311,118.53
138.29,51.929,63.875,118.85
138.04,58.581,65.934,115.74
137.23,60.331,73.49,116.92
139.29,65.773,67.738,115.25
134.67,66.434,68.303,111.41
131.13,68.432,66.403,103.44
131.42,62.411,66.469,108.4
132.5,62.844,65.651,105.93
131.27,58.031,60.97,113.53
133.48,55.385,63.173,111.15
136.63,51.874,60.76,109.77
139.08,53.746,58.505,110.42
142.51,51.914,59.333,110.38
146.39,55.574,57.718,107.61
145.79,57.494,59.569,104.96
152.93,54.947,52.74,113.08
154.36,56.383,52.785,104.18
156.04,53.805,52.826,101.09
153.27,50.904,54.088,105.88
150.51,49.407,54.696,103.9
145.12,49.152,53.729,108.79
139.68,49.739,58.53,107.59
135.84,48.262,56.225,118.16
131.54,51.226,57.126,116.64
127.34,50.666,57.481,115.67
124.56,58.418,54.058,113.14
118.67,56.275,55.564,114.35
114.57,54.118,55.676,116.52
113,52.19,58.402,116.35
107.5,54.154,59.511,111.94
107.88,50.407,60.811,110.15
112.25,49.591,60.457,111.32
114.77,53.192,58.611,104.61
118.95,54.149,57.466,110.13
123.22,58.459,56.564,108.95
127.8,64.922,55.285,103.47
133.18,71.76,55.324,100.74
140.52,71.278,50.187,101.92
144.55,69.847,49.567,102.7
150.15,68.427,49.236,97.627
156.43,64.243,49.15,102.59
159.93,65.874,51.894,99.332
161.99,69.851,52.707,101.18
162.62,70.03,56.405,101.83
163.72,75.517,52.523,99.96
159.85,77.303,56.801,96.056
157.37,77.818,55.555,95.134
153.94,75.924,53.147,95.23
150.53,72.974,53.286,95.235
148.51,73.83,57.22,94.815
144.6,72.835,56.672,95.506
144.98,71.042,55.043,94.984
143.41,74.068,57.921,89.237
142.64,70.025,58.239,97.431
143.02,67.476,52.675,100.9
138.2,71.288,57.571,97.115
136.25,68.925,55.411,96.969
133.98,71.085,58.526,96.529
135.45,72.482,52.282,94.582
133.3,69.458,54.799,96.347
133.4,71.753,54.543,93.64
136.52,64.167,53.328,102.11
135.59,65.629,56.148,98.4
139.15,69.678,56.75,90.011
140.17,67.785,64.829,92.995
147.2,72.483,61.483,93.438
151.47,73.276,62.789,94.046
154.57,73.87,60.762,98.157
155.01,74.981,62.219,96.76
156.89,79.092,60.192,88.037
158.05,76.302,63.635,93.617
159.42,72.903,61.677,94.042
161.2,70.952,59.456,91.327
158.98,68.116,58.589,102.6
160.96,70.848,57.947,90.936
159.53,72.78,61.505,81.267
155.15,66.607,72.697,87.927
163.75,55.048,72.012,99.385
167.55,62.456,70.231,91.523
167.05,60.872,71.994,97.106
168.22,65.063,72.182,92.42
167.71,68.318,78.54,90.27
169.67,69.036,71.617,92.158
170.42,71.574,72.571,86.89
166.01,71.06,73.632,86.821
167.89,69.467,70.235,88.278
165.29,69.195,66.594,86.538
163.42,67.91,61.441,89.174
162.31,67.812,59.267,89.389
162.08,68.776,57.866,87.614
164.15,69.119,59.003,91.96
163.98,69.789,59.128,93.472
160.35,68.503,59.59,93.755
153.07,70.418,68.432,90.325
147.15,67.535,72.923,90.14
149.8,62.692,70.786,92.098
147.95,63.277,70.876,87.91
144.09,58.378,72.011,93.645
141.69,56.06,80.149,93.404
150.69,61.418,77.908,89.019
157.95,57.655,73.988,90.557
167.19,62.571,68.064,96.993
166.74,57.11,70.106,107.54
168.75,58.076,73.057,107.73
171.97,59.277,70.52,107.42
171.14,59.189,70.436,105.01
166.97,58.251,71.717,107.76
166.18,56.194,69.022,108.02
166.07,52.084,69.516,105
163.76,51.084,67.707,109.71
161.5,53.025,65.723,109.33
157.79,58.837,67.882,106.17
156.65,63.177,69.756,103.5
156.79,63.07,65.52,107.86
151.88,60.768,65.197,109.19
138.92,61.032,70.949,89.735
142.47,61.668,68.692,81.952
138.9,60.328,66.266,74.47
135.03,59.789,66.682,72.368
136.07,61.393,65.414,70.578
130.94,60.111,67.753,70.803
131.7,62.155,65.12,69.438
131.71,62.928,66.009,72.259
132.2,64.177,66.739,70.45
138.6,63.211,62.947,72.141
139.34,62.331,65.967,73.123
146.72,62.337,63.327,71.557
150.95,65.147,64.019,68.462
154.84,64.69,66.151,67.772
156.72,63.1,66.844,69.28
162.07,61.877,63.663,65.287
163.51,63.573,64.738,62.809
164.54,63.527,65.927,69.575
164.41,67.387,66.201,71.335
164.06,69.509,64.676,71.57
161.89,74.828,64.831,66.864
158.84,78.031,66.252,66.321
159.43,79.05,62.088,65.129
155.86,80.063,64.952,63.367
151.14,74.517,66.241,64.268
150.35,67.72,66.602,71.056
145.24,68.868,68.225,67.311
144.28,68.941,63.34,67.613
138.68,70.42,64.721,73.126
137.33,70.766,62.92,74.066
135.9,70.144,64.253,76.144
133.88,71.703,63.635,69.545
131.44,71.188,65.281,66.866
129.82,71.874,66.602,67.423
130.22,68.344,63.571,71.419
124,67.79,67.912,72.328
124.42,65.713,65.451,79.078
120.27,64.449,67.64,81.035
119.28,63.482,65.247,76.474
