NaN,NaN,NaN,-1
138,34,36,128
138,32,36,128
138,33,36,128
137,34,36,128
137,34,36,128
137,35,36,128
136,36,36,128
136,36,36,128
135,37,36,128
135,38,36,128
134,38,36,128
134,39,36,128
134,40,36,128
133,40,36,128
132,40,36,128
132,40,36,128
132,40,36,128
132,40,36,128
132,39,36,128
132,38,36,128
133,38,36,128
134,38,36,128
134,38,36,128
134,38,36,128
135,38,36,128
135,38,36,128
136,38,36,128
136,39,36,128
136,39,36,128
137,39,36,128
137,40,36,128
137,41,36,128
136,41,36,128
136,41,36,128
136,42,36,128
135,42,36,128
134,42,36,128
134,42,36,128
133,42,36,128
132,42,36,128
132,42,36,128
132,42,36,128
132,42,36,128
132,42,36,128
132,43,36,128
132,43,36,128
132,44,36,128
132,44,36,128
132,45,36,128
132,45,36,128
132,45,36,128
131,45,36,128
131,45,36,128
131,45,36,128
130,45,36,128
130,45,36,128
131,45,36,128
131,44,36,128
131,44,36,128
132,43,36,128
132,43,36,128
133,43,36,128
133,43,36,128
134,44,36,128
135,44,36,128
135,43,36,128
135,43,36,128
135,43,36,128
135,43,36,128
135,44,36,128
135,44,36,128
134,44,36,128
132,44,36,128
131,44,36,128
127,44,36,128
122,43,36,128
120,42,36,128
114,40,36,128
108,38,36,128
106,37,36,128
101,35,36,128
98,33,36,128
98,32,36,128
97,30,36,128
93,27,36,128
93,27,36,128
91,26,36,128
88,26,36,128
89,26,36,128
83,27,36,128
81,24,36,128
81,24,36,128
77,21,36,128
74,21,36,128
72,21,36,128
NaN,NaN,NaN,-2
NaN,NaN,NaN,0
NaN,NaN,NaN,0
NaN,NaN,NaN,0
NaN,NaN,NaN,0
NaN,NaN,NaN,-1
113,43,55,102
113,43,55,102
112,43,55,102
113,43,55,102
116,43,55,102
129,42,55,102
130,41,55,102
135,39,55,102
136,38,55,102
143,38,55,102
141,36,55,102
140,36,55,102
141,33,55,102
140,34,55,102
139,34,55,102
139,35,55,102
141,35,55,102
143,35,55,102
132,35,55,102
132,36,55,102
131,36,55,102
137,37,55,102
139,36,55,102
140,36,55,102
140,35,55,102
141,35,55,102
140,35,55,102
138,36,55,102
140,36,55,102
141,36,55,102
142,35,55,102
146,35,55,102
145,35,55,102
146,35,55,102
146,33,55,102
146,32,55,102
157,30,55,102
155,29,55,102
152,28,55,102
153,27,55,102
153,26,55,102
156,27,55,102
159,33,55,102
150,16,55,102
150,19,55,102
151,24,55,102
150,23,55,102
149,25,55,102
161,31,55,102
159,35,55,102
149,36,55,102
127,36,55,102
118,35,55,102
118,35,55,102
117,34,55,102
105,32,55,102
NaN,NaN,NaN,-2
NaN,NaN,NaN,0
NaN,NaN,NaN,0
NaN,NaN,NaN,0
NaN,NaN,NaN,0
NaN,NaN,NaN,-1
91,60,94,59
94,60,94,59
102,60,94,59
108,60,94,59
108,59,94,59
106,59,94,59
106,59,94,59
106,59,94,59
103,58,94,59
103,57,94,59
107,55,94,59
109,53,94,59
110,52,94,59
111,49,94,59
98,47,94,59
88,45,94,59
84,43,94,59
81,41,94,59
81,40,94,59
78,39,94,59
76,37,94,59
74,36,94,59
NaN,NaN,NaN,-2
NaN,NaN,NaN,0
NaN,NaN,NaN,0
NaN,NaN,NaN,0
NaN,NaN,NaN,0
NaN,NaN,NaN,-1
167,69,34,69
169,65,34,69
170,66,34,69
172,65,34,69
174,65,34,69
175,65,34,69
176,64,34,69
176,64,34,69
176,63,34,69
175,63,34,69
173,63,34,69
172,63,34,69
170,64,34,69
169,64,34,69
168,64,34,69
