NaN,NaN,NaN,-1
152.43,93.4,19.248,47.651
151.91,93.616,18.838,46.63
150.95,90.912,18.951,46.896
149.91,88.023,18.626,46.069
149.49,88.068,18.835,46.565
151.31,86.044,19.414,47.999
151.28,83.661,19.421,47.977
152.48,82.654,19.893,49.171
153.94,82.981,19.865,49.095
155.39,82.174,19.779,48.918
156.45,80.956,19.855,49.124
155.84,80.237,19.694,48.779
154.82,83.448,19.803,49.051
152.86,83.231,20.141,49.83
151.38,80.881,20.487,50.714
147.83,82.433,20.308,50.279
142.8,82.035,20.982,51.972
137.79,81.821,20.777,51.536
133.32,80.6,20.483,50.812
131.35,82.439,20.78,51.546
129.94,80.954,21.138,52.469
130.03,78.595,21.115,52.479
130.86,79.787,21.353,53.082
131.52,78.867,21.185,52.681
132.03,77.523,20.945,52.039
133.75,78.181,21.515,53.497
135.31,77.384,21.202,52.692
137.66,77.321,21.454,53.296
138.99,78.797,21.061,52.255
141.47,76.854,21.119,52.475
144.45,76.33,21.507,53.479
145.76,75.515,21.734,54.017
148.35,72.522,22.181,55.08
150.78,76.865,22.316,55.42
148.19,73.479,22.695,56.372
148.92,74.065,22.81,56.619
148.87,73.411,22.209,55.148
150.93,73.847,21.681,53.829
151.22,76.487,21.644,53.65
153.12,73.38,21.244,52.598
154.25,74.775,21.145,52.346
155.38,73.864,21.31,52.748
156.73,75.54,21.776,53.863
155.45,75.911,22.45,55.514
157.58,73.458,22.228,55.015
159.11,76.813,21.879,54.124
161.65,74.944,22.107,54.67
163.46,74.791,22.645,55.961
163.66,74.636,22.263,55.008
165.03,76.779,22.335,55.123
163.95,76.124,22.44,55.427
163.03,76.721,22.395,55.246
162.66,75.215,22.543,55.703
158.81,76.751,22.47,55.483
157.49,75.732,22.383,55.333
154.78,76.252,23.059,57.027
148.69,77.083,23.263,57.547
142.24,74.302,23.829,58.968
134.81,74.585,24.048,59.509
128.82,73.17,24.373,60.316
123.24,72.763,24.705,61.134
123.99,72.164,25.223,62.443
124.09,69.069,25.508,63.186
125.38,68.601,25.208,62.394
130.08,73.252,25.207,62.345
135.71,70.988,25.71,63.588
139.34,69.969,25.502,63.039
143.91,69.792,25.32,62.585
151.42,69.933,25.677,63.607
158.04,69.432,25.157,62.353
163.36,70.374,25.312,62.726
166.63,66.7,25.487,63.172
170.44,68.624,25.445,63.032
172.9,67.909,25.582,63.386
173.16,70.398,25.569,63.4
173.61,70.063,25.806,64.025
171.88,72.479,25.797,64.053
170.63,71.96,25.966,64.469
174.34,74.404,26.277,65.251
172.66,71.685,26.941,66.881
173.76,73.467,26.672,66.144
174.76,76.434,26.805,66.43
177.39,77.335,26.334,65.216
179.5,74.814,26.133,64.714
181.83,74.228,26.623,66.002
183.61,75.797,26.51,65.809
186.23,78.694,26.301,65.28
189.76,79.118,26.059,64.67
191.84,79.059,26.547,65.778
193.91,76.637,26.536,65.803
194.05,76.603,26.353,65.369
193.98,77.285,25.599,63.467
193.23,76.757,25.349,62.833
192.88,71.877,25.779,63.876
192.94,72.569,25.868,64.076
190.4,71.178,26.488,65.634
186.06,67.175,26.854,66.5
183.3,65.058,26.56,65.797
183.54,65.289,26.694,66.112
182.47,65.414,26.425,65.482
180.4,63.424,26.406,65.383
179.83,62.656,26.537,65.732
179.88,63.422,26.698,66.096
179.78,61.747,26.994,66.777
182.78,65.068,26.648,65.917
182.6,63.417,26.564,65.681
181.03,61.23,26.586,65.788
178.98,60.767,27.038,66.964
175.61,64.254,27.108,67.076
172.19,62.661,26.843,66.569
173.19,62.524,26.331,65.366
169.7,61.978,26.15,64.884
167.5,63.975,25.789,64.001
164.66,62.985,25.933,64.277
161.12,64.157,26.387,65.366
158.79,63.689,27.067,67.082
156.24,65.003,26.658,66.055
153.71,65.173,26.454,65.612
154.45,66.527,26.653,66.156
153.13,69.332,26.585,65.926
148.97,70.333,26.599,65.911
149.39,70.872,25.663,63.601
146.85,75.506,25.511,63.25
144.38,75.173,25.18,62.52
151.82,80.556,25.055,62.303
156.91,78.651,24.523,61.03
165.23,80.51,24.396,60.708
168.76,80.465,23.932,59.612
173.44,80.296,23.783,59.209
181.55,76.894,23.666,58.868
182.65,76.404,23.762,59.185
188.09,75.404,23.64,58.827
192.18,74.678,23.433,58.311
195.17,70.684,23.579,58.71
199.98,70.826,23.673,58.941
202.2,68.807,23.774,59.074
203.29,65.785,23.444,58.202
204.45,67.633,23.413,58.03
207.29,67.736,23.878,59.207
201.46,68.374,22.915,56.767
194.87,72.573,22.951,56.786
186.4,74.179,23.174,57.34
190.43,75.46,23.073,57.047
178.33,80.409,22.72,56.113
174.82,87.679,22.373,55.278
163.13,90.321,22.789,56.326
159.97,89.28,23.082,57.103
153.69,92.231,23.235,57.476
154.54,92.507,23.26,57.494
153.46,88.968,23.143,57.232
155.19,87.985,23.286,57.531
155.62,84.939,23.259,57.467
159.01,84.62,23.109,57.06
160.49,81.123,23.324,57.624
162.11,79.501,23.125,57.104
159.32,79.162,22.995,56.748
159.69,79.561,22.791,56.246
157.71,78.324,22.835,56.354
156.67,77.604,22.945,56.645
154.6,76.248,22.485,55.457
154.26,76.601,22.875,56.397
149.81,76.032,22.815,56.192
144.4,73.852,22.779,56.064
140.57,73.338,22.615,55.619
135.76,74.08,22.288,54.853
133.67,75.794,21.939,53.962
134.74,77.898,22.129,54.409
137.09,77.832,21.682,53.313
134.36,78.464,21.439,52.695
127.39,73.578,21.478,52.739
118.91,96.172,21.329,52.471
112.4,96.024,21.682,53.415
NaN,NaN,NaN,-2
NaN,NaN,NaN,0
NaN,NaN,NaN,0
NaN,NaN,NaN,0
NaN,NaN,NaN,0
NaN,NaN,NaN,-1
124.88,72.219,20.962,53.901
121.23,75.099,20.55,52.838
117.74,77.94,20.506,52.81
113.31,81.834,20.285,52.273
108,84.747,19.925,51.311
110.87,84.228,19.453,50.111
114.84,85.375,19.602,50.44
118.61,86.276,19.622,50.464
121.12,87.318,19.756,50.822
125.87,85.257,19.529,50.233
127.67,86.78,18.818,48.387
131.98,87.957,18.954,48.785
135.51,88.09,17.992,46.332
137.03,89.234,17.816,45.93
140.04,88.679,17.87,46.099
142.4,89.175,18.314,47.174
144,88.516,18.731,48.253
141.78,88.264,18.86,48.58
141.29,87.774,18.153,46.732
142.63,87.455,17.902,46.063
143.3,87.512,18.081,46.491
142.09,87.311,18.33,47.102
143.44,87.467,18.711,48.112
140.78,86.072,18.76,48.236
138.22,87.956,18.879,48.527
137.08,85.9,18.569,47.683
135.99,87.211,18.56,47.758
138.94,86.083,18.213,46.869
141.29,87.01,18.161,46.711
142.77,85.656,18.229,46.866
142.05,83.565,18.219,46.844
139.93,84.978,18.006,46.314
138.51,85.143,17.935,46.19
137.43,84.58,18.182,46.854
137.26,83.112,17.504,45.115
137.12,84.536,17.865,46.056
135.53,83.679,18,46.406
133.69,81.829,17.661,45.469
132.42,82.539,17.689,45.583
131.75,84.015,16.975,43.777
130.43,84.825,16.897,43.555
128.16,85.647,16.844,43.375
129.29,87.499,16.664,42.926
134.16,87.049,16.924,43.593
139.65,88.209,16.808,43.216
143.49,86.773,16.441,42.289
145.31,87.187,15.668,40.259
147.58,87.554,15.431,39.632
148.74,88.147,15.576,39.961
151.75,88.079,15.518,39.9
154.58,86.562,14.99,38.547
158.95,88.018,15.742,40.463
160.99,87.055,15.715,40.406
162.19,87.087,15.887,40.889
162.02,85.454,16.255,41.832
162.51,86.945,17.047,43.853
162.61,87.112,16.925,43.535
164.25,86.678,17.314,44.532
164.27,86.583,17.361,44.575
163.86,85.579,17.58,45.159
163.41,82.959,17.623,45.309
162.18,85.41,17.512,44.976
163.49,83.266,17.649,45.393
165.86,86.179,17.434,44.869
168.73,84.308,17.412,44.851
170.45,83.587,17.421,44.761
172.37,82.779,17.096,43.947
174.14,83.224,16.787,43.182
174.8,84.646,17.042,43.849
177.11,83.043,16.708,43.019
178.84,83.132,16.355,42.064
179.29,84.037,16.405,42.159
178.94,84.264,16.196,41.628
179,84.058,16.035,41.232
178.44,85.928,16.314,41.952
178.8,88.411,16.618,42.691
178.62,89.677,16.475,42.354
177.67,89.71,16.083,41.308
176.83,90.366,15.921,40.924
176.71,93.797,15.713,40.355
175.84,94.986,15.834,40.644
175.36,93.387,16.296,41.868
174.93,94.046,15.759,40.512
173.69,94.116,15.638,40.212
171.95,95.805,15.392,39.581
171.54,96.604,15.372,39.476
170.04,96.191,15.196,38.971
170.03,98.009,15.164,38.869
170.71,97.531,15.534,39.812
172.07,96.17,15.083,38.665
173.76,99.08,15.324,39.283
175.04,95.722,15.574,39.922
