NaN,NaN,NaN,-1
225,91,44,44
226,92,43,44
226,93,43,44
226,93,43,44
225,93,44,44
223,94,41,44
224,94,37,44
221,95,41,44
219,95,41,44
218,96,40,43
216,96,42,44
215,97,43,43
212,97,44,43
208,97,43,43
205,97,44,43
202,98,44,43
200,99,43,41
196,99,41,41
190,98,37,41
185,98,41,39
180,99,38,39
176,98,42,41
170,98,38,42
163,99,39,44
156,101,39,43
148,103,44,44
139,106,41,44
128,109,40,41
116,113,41,37
104,116,41,38
91,118,40,40
79,120,43,40
68,122,39,38
59,122,39,37
52,124,43,37
45,128,44,35
45,130,36,37
43,132,38,35
48,135,37,36
49,141,37,34
52,149,37,31
56,153,39,35
63,158,38,36
71,164,40,32
81,161,37,34
96,156,42,34
118,150,32,31
120,136,35,25
125,121,29,29
125,112,40,25
128,107,42,27
133,102,41,29
139,99,41,28
147,95,41,27
156,89,39,31
166,83,37,32
173,78,35,33
179,79,38,31
182,76,35,29
182,74,36,39
183,66,40,42
187,63,40,44
198,62,34,42
206,63,37,38
211,60,42,43
219,61,37,41
231,64,32,40
237,64,33,39
237,64,37,43
244,64,34,44
244,64,35,44
244,66,35,43
242,68,34,42
237,70,35,42
236,72,35,42
236,75,35,43
235,79,35,42
236,83,34,40
239,85,33,43
239,91,34,41
240,95,33,40
242,99,33,39
243,103,33,39
246,105,34,39
248,109,33,39
249,117,33,39
253,125,33,39
253,132,37,38
258,138,35,37
256,141,36,39
254,149,35,37
252,151,34,37
249,152,29,35
241,144,37,38
239,142,34,37
235,137,34,38
227,130,38,37
227,123,33,37
219,118,40,43
214,116,42,43
208,114,41,44
199,116,40,42
188,120,43,35
179,118,41,44
173,122,36,39
164,125,38,41
156,128,38,39
143,131,41,37
139,131,32,35
135,123,33,39
125,113,37,37
121,106,38,33
119,94,40,42
118,88,41,44
118,81,42,44
119,75,41,44
122,70,39,44
124,66,39,44
127,63,37,44
128,62,42,44
131,61,39,44
135,61,36,44
138,61,35,44
139,62,34,44
137,62,38,44
141,62,35,44
144,62,35,44
147,62,34,44
151,63,38,44
157,63,36,44
160,64,37,44
162,65,35,44
165,65,35,44
166,64,35,44
171,63,32,44
174,63,32,44
176,62,32,41
177,61,32,43
176,67,38,37
176,67,38,41
178,68,38,41
180,67,41,41
182,66,41,41
183,67,40,41
182,69,41,41
181,74,37,41
179,80,39,41
179,85,38,41
175,90,41,41
170,97,39,41
162,104,40,39
149,111,44,42
136,119,43,37
126,125,44,39
119,130,44,39
115,135,44,39
112,140,43,39
107,146,42,37
101,150,42,41
98,155,42,39
95,159,40,38
91,161,40,40
84,163,43,41
79,166,43,37
73,167,44,37
67,169,44,36
64,167,44,38
61,167,42,34
58,166,43,34
54,164,43,35
51,165,42,34
46,165,44,31
43,160,44,37
40,160,44,33
38,153,43,33
41,144,39,33
45,129,35,35
44,119,39,37
47,116,38,32
47,116,41,27
47,111,41,27
47,103,41,32
49,96,41,35
52,94,42,34
54,88,36,37
56,85,37,33
59,80,43,34
62,76,39,36
66,74,39,38
71,71,39,39
76,69,39,38
80,66,40,38
83,67,39,38
85,69,38,39
86,71,40,40
87,75,38,37
88,78,38,39
89,80,38,36
91,83,38,37
93,86,39,38
96,89,39,38
99,93,38,35
101,96,38,37
104,103,38,33
107,110,39,31
113,108,38,35
118,112,38,31
124,115,38,33
130,120,37,31
134,122,38,29
141,123,35,31
149,120,35,33
156,112,36,37
164,110,35,39
169,113,37,32
174,112,36,32
182,112,32,29
186,110,33,29
191,107,34,29
197,105,31,28
198,116,27,25
206,116,23,25
217,103,29,27
221,106,33,23
224,103,29,27
226,104,26,25
226,101,33,28
226,105,34,26
227,109,33,29
225,106,35,44
226,111,33,39
226,111,32,39
226,111,32,44
226,117,33,33
226,119,34,37
226,121,34,34
226,121,34,35
227,124,33,35
226,126,32,37
227,134,32,34
227,137,32,38
228,141,33,38
229,146,35,33
