NaN,NaN,NaN,-1
228,94,43,47
228,95,43,48
228,95,43,48
227,95,43,48
226,95,43,48
224,96,45,47
224,96,41,47
222,96,40,45
221,96,39,45
218,97,41,48
217,97,41,48
215,97,43,48
212,97,46,48
208,97,48,45
205,97,48,45
203,97,48,45
201,98,48,45
197,98,48,45
192,98,43,45
186,99,41,43
181,99,39,43
175,98,42,44
169,97,39,45
162,98,40,45
154,99,41,44
146,101,46,46
137,103,43,47
126,106,42,43
114,108,43,43
101,110,44,44
88,112,48,48
76,114,46,46
65,116,43,46
58,119,41,45
48,121,47,43
41,123,48,43
39,126,43,41
38,127,47,43
42,133,43,38
45,142,41,37
51,146,37,37
56,152,35,41
64,163,37,33
70,160,41,39
81,161,40,33
98,156,40,30
116,152,34,27
113,136,42,27
120,124,41,28
122,112,43,25
125,105,45,29
130,100,44,29
135,96,45,31
143,91,45,31
152,86,43,31
163,80,42,35
168,76,41,36
178,73,39,34
180,68,37,35
182,69,42,44
183,66,40,46
186,59,42,48
193,58,41,46
200,58,41,44
213,57,40,46
220,58,37,43
231,59,33,43
237,62,33,43
241,62,33,45
244,63,35,46
245,62,34,48
244,64,35,47
242,68,34,44
237,68,34,46
236,71,35,43
236,75,35,46
235,79,35,45
236,81,34,46
239,85,33,43
239,89,34,43
239,93,34,43
242,98,34,43
243,101,33,41
246,104,34,43
248,107,33,43
249,115,33,43
251,123,35,41
253,130,37,41
258,136,35,41
258,139,34,43
254,145,35,43
254,147,32,43
248,149,33,39
240,144,36,42
239,136,35,45
236,134,33,41
229,130,36,43
228,129,33,37
220,122,39,41
218,117,36,42
211,116,40,42
201,118,38,39
191,118,40,39
182,121,38,35
173,120,34,41
164,123,38,42
154,127,39,40
143,128,41,39
139,126,32,39
127,118,43,39
124,112,39,37
119,106,41,32
116,96,44,43
116,88,43,46
116,81,44,46
117,75,43,47
120,69,41,48
124,65,39,48
127,64,37,47
128,63,39,47
131,60,39,48
133,60,38,48
139,61,35,47
139,61,34,48
140,62,35,48
141,63,36,48
144,62,36,48
148,64,33,46
151,63,39,48
156,63,35,48
160,64,35,48
162,64,36,47
164,65,35,47
168,65,33,47
170,63,33,47
173,64,33,47
172,65,36,46
172,63,37,45
176,64,38,47
176,70,39,43
179,70,37,42
181,68,40,45
183,68,40,46
184,68,40,47
184,70,41,47
182,75,41,48
178,82,40,48
178,87,43,45
175,92,43,45
169,99,41,45
161,106,41,46
148,113,45,48
136,123,47,45
125,129,47,46
119,133,47,43
117,137,46,45
114,141,41,43
107,146,45,41
102,151,42,43
100,154,40,43
94,159,41,40
88,163,46,41
84,166,45,38
80,165,42,39
73,167,45,37
67,167,46,38
64,168,46,37
60,167,47,37
59,165,46,35
53,165,48,39
49,164,46,35
46,164,47,35
42,159,48,39
40,160,48,34
38,153,45,34
40,146,47,29
45,128,46,35
48,119,43,39
50,116,41,34
51,116,41,28
51,109,41,33
54,101,43,35
54,97,44,37
57,94,43,36
57,88,43,32
59,85,44,34
62,80,46,34
66,76,46,40
70,74,48,41
75,71,48,41
80,68,47,39
84,66,48,45
88,68,47,43
90,70,47,43
92,72,46,42
91,75,47,42
92,78,46,41
93,80,47,41
95,83,47,41
97,86,48,41
101,91,47,39
103,94,48,38
106,98,48,39
109,100,47,39
113,107,48,39
118,110,48,37
124,112,47,37
130,117,45,35
136,120,47,35
140,122,46,35
146,123,47,35
153,121,45,35
160,121,45,34
167,118,43,34
172,116,43,34
177,114,43,33
182,112,46,36
186,110,42,36
192,108,42,34
200,104,37,35
204,102,42,34
216,103,33,33
217,103,40,33
222,100,37,35
224,100,37,37
226,100,37,35
224,101,40,44
227,104,43,45
226,108,41,47
224,110,41,46
224,111,40,45
224,114,39,44
224,115,39,45
225,117,39,45
226,119,38,45
226,121,39,45
226,123,38,46
227,126,38,47
224,129,38,47
224,136,40,45
224,140,41,45
225,144,42,47
227,149,41,45
