NaN,NaN,NaN,-1
139.28,114.87,81.808,95.867
136.97,115.69,81.828,95.853
136.95,114.99,81.548,95.604
137.21,116.19,81.523,95.518
135.86,113.98,81.61,95.508
136.25,116.27,81.758,95.782
136.36,116.7,81.733,95.616
137.3,113.55,81.146,95.163
136.99,111.84,80.984,94.867
135.88,114.59,81.377,95.541
135.87,112.24,81.228,95.312
134.55,114.85,81.04,94.907
134.14,119.4,81.316,95.221
129.71,119.37,81.796,95.997
128.2,119.86,81.529,95.608
123.13,117.39,81.531,95.626
122.53,118.69,80.988,95.299
116.3,119.85,80.603,94.609
116.15,117.76,80.267,94.239
114.33,123.64,80.328,94.569
110.47,118.3,80.03,94.404
110.91,120.74,80.335,94.814
110.54,119.04,80.555,94.946
108.06,116.88,80.353,94.666
108.69,111.64,79.969,94.111
107.65,121.22,80.189,94.037
110.49,115.59,79.826,93.68
114,118.64,80.216,94.364
108.67,114.31,80.596,94.847
113.47,109.88,80.596,94.693
108.57,108.38,80.709,94.841
110.87,106.17,80.452,95.036
110.17,108.69,80.268,94.363
107.54,105.4,80.928,95.304
113.8,108.63,80.892,95.299
113.22,107.98,80.975,95.174
111.45,109.85,80.811,95.289
112.56,104.85,80.395,94.858
115.22,108.58,80.405,94.824
118.6,108.47,80.095,94.275
119.22,105.24,80.873,95.146
119.8,108.09,80.886,95.067
120.39,105.8,81.472,95.567
126,104.29,82.082,96.415
126.48,103.27,82.067,96.407
129.18,107.15,81.655,95.492
132.73,104.61,81.526,95.388
135.15,107.24,81.716,95.306
136.24,102,81.562,95.073
137.74,105.88,81.25,94.682
139.53,110.04,81.227,94.658
142.05,110.57,81.41,95.046
142.17,110.53,81.107,94.427
146.02,110.35,81.175,94.764
145.29,107.75,81.339,95.117
148.85,111.96,81.598,95.558
148.11,115.63,81.83,95.661
149.97,115.58,81.93,96.014
148.03,117.79,81.731,95.784
149.8,119.35,81.944,95.904
149.41,117.31,82.248,96.498
149.1,117.13,81.764,95.846
149.93,117.18,81.49,95.595
152.13,122.27,81.06,95.008
150.16,120.05,81.419,95.63
153.41,126.15,81.991,96.362
152.69,122.95,82.342,96.627
153.61,123.69,82.427,96.637
153.76,121.2,83.104,97.199
154.85,122.8,82.797,97.109
154.28,122.03,82.973,97.472
155.01,118.09,82.846,97.341
152.88,118.52,82.667,97.168
153.96,117.44,82.471,96.937
153.08,120.29,82.299,96.698
155.57,120.09,81.792,96.129
153.65,116.02,81.995,96.237
152.52,117.95,81.909,96.276
150.95,114.93,81.902,96.113
149.22,113.81,81.701,95.779
146.25,119.35,81.347,95.48
149.66,112.72,80.928,94.898
147.32,117.67,81.515,95.591
148.28,110.38,81.266,95.328
143.15,120.71,81.681,95.948
147.32,116.63,81.732,95.931
146.59,107.24,81.511,95.7
145.21,117.85,81.694,95.868
144.07,114.67,81.45,95.264
144.01,119.45,81.535,95.554
142.75,114.69,81.534,95.425
139.73,117.1,81.715,95.528
137.11,112.72,81.292,94.991
136.66,112.66,81.614,95.161
136.66,115.66,81.149,94.715
135.47,116.65,81.823,95.438
134.76,117.53,81.765,95.418
136.58,119.22,80.737,94.354
134.37,120.12,80.313,93.738
132.66,116.97,80.02,93.39
132.41,114.27,79.632,93.074
134.53,119.07,80.089,93.653
134.22,120.07,80.199,93.785
134.19,118.41,79.837,93.364
134.11,122.29,80.052,93.638
132.36,111.62,79.67,93.074
132.16,113.99,79.261,92.414
132.29,119.95,79.713,92.916
131.79,118.46,79.579,92.956
134.09,123.39,79.45,92.822
131.71,117.23,78.947,92.512
133.02,113.38,78.875,92.294
131.92,115.53,79.178,92.436
131.55,119.72,79.194,92.447
132.06,122.98,79.631,92.649
133.18,124.21,79.556,92.752
133.08,118.32,79.574,92.802
131.14,122.56,79.42,92.609
134.2,122.19,79.534,92.62
133.44,124.41,79.445,92.871
131.77,125.63,79.734,93.248
133.81,121.34,79.375,92.778
130.57,122.97,79.217,92.722
133.49,118.53,78.748,92.106
130.9,125.33,78.395,91.902
131.88,125.27,77.995,91.434
130.06,120.51,77.794,91.55
132.8,125.44,77.967,91.485
130.4,120.24,77.971,91.651
131.94,119.94,78.359,92.118
131.34,118.97,78.327,92.19
131.36,119.13,78.149,92.06
130.49,117.26,78.251,91.96
129.36,123.08,78.596,92.255
131.28,120.59,78.766,92.472
128.05,123.82,78.661,92.365
134.46,116.51,78.973,92.647
134.1,118.88,79.024,92.845
133.08,114.71,78.772,92.386
133.69,121.55,79.303,93.005
132.03,115.92,79.269,92.973
132.41,113.58,79.367,93.041
130.26,113.1,79.296,92.89
129.04,116.96,79.629,93.184
129.03,113.48,79.406,93.197
127.92,117.2,79.469,93.319
126.78,111.47,79.369,93.012
128.31,107.96,79.764,93.392
129.08,109.16,79.251,92.827
126.4,112.95,79.124,92.828
127.39,111.51,78.969,92.424
125.66,111.08,79.145,92.752
127.49,110.98,79.076,92.948
126.98,107.3,78.776,92.77
126.14,111.56,79.095,93.147
125.5,109.86,78.527,92.469
127.43,112.3,78.263,92.133
126.45,111.51,78.226,92.132
125.22,112.84,77.597,91.666
125.68,107.44,77.818,91.948
124.54,113.3,77.842,91.664
125.16,109.83,77.741,91.6
124.7,111.42,77.6,91.314
126.32,110.25,77.574,91.262
127.28,108.91,78.156,91.772
126.36,112.1,78.208,91.734
126.79,115.55,78.506,92.135
126.4,108.83,78.45,92.041
128.33,111.23,78.33,91.815
124.35,108.84,78.203,91.624
126.26,109.79,78.087,91.368
95.382,153.48,78.013,91.039
101.28,173.74,78.175,91.015
97.526,154.4,77.734,90.674
98.982,169.17,77.834,90.787
97.541,153.15,77.167,89.874
97.57,158.66,77.119,89.838
96.09,158.14,76.865,89.514
96.397,160.14,77.134,89.542
95.957,163.02,77.002,89.462
94.35,160.65,76.741,89.151
96.389,164.3,76.632,89.022
94.783,163.71,76.824,89.348
97.535,168.35,76.428,89.053
94.176,164.52,76.586,89.324
95.931,163.88,76.703,89.506
96.923,165.51,76.893,89.551
97.026,162.18,77.118,89.853
97.718,165.75,77.41,90.351
97.239,163.74,77.301,90.149
95.044,166.69,77.27,90.041
97.015,165.92,77.187,89.874
97.574,166.88,77.02,89.534
98.253,167.91,76.806,89.071
95.442,166.66,77.114,89.286
94.684,164.41,76.786,88.95
96.79,164.5,76.856,89.179
94.992,166.53,77.27,89.64
94.196,165.18,77.183,89.737
98.655,170.31,77.208,89.633
96.987,172.71,77.835,90.216
94.18,166.18,77.988,90.271
95.989,163.13,78.052,90.418
95.7,170.89,77.98,90.463
94.305,161.58,77.474,89.9
97.963,169.57,77.341,90.116
97.44,166.07,77.32,89.889
95.261,164.16,77.265,90.073
97.576,169.52,76.487,89.107
94.562,174.08,76.576,89.25
96.903,176.52,76.624,89.292
93.063,173.26,76.33,89.179
93.557,175.68,76.302,88.985
93.211,171.45,76.466,89.169
97.096,182.04,76.447,89.16
97.383,177.84,75.917,88.685
92.485,170.17,75.831,88.421
97.325,181.56,75.569,88.435
96.765,170.4,75.367,88.284
95.036,174.25,75.357,88.72
97.93,169.64,75.321,88.558
97.477,161.11,75.908,89.287
94.268,153.49,75.775,88.958
97.116,154.93,75.749,88.801
95.639,148.32,75.862,88.962
97.32,142.4,75.693,88.711
96.834,143.2,75.926,89.081
96.752,135.55,75.425,88.8
98.648,138.46,74.778,88.165
96.874,137.88,75.646,89.02
98.138,134.85,75.326,88.535
97.284,135.56,74.933,87.674
96.847,130.38,74.919,87.745
97.172,130.45,74.758,87.419
97.285,132.75,75.003,87.526
98.463,131.78,74.906,87.484
97.881,131.21,75.325,88.102
97.106,134.94,75.369,88.254
99.046,130.47,75.862,88.873
98.23,131.48,76.009,89.087
97.129,132.09,76.209,89.611
99.107,133.04,76.548,89.788
97.579,131.33,76.417,89.723
98.598,133.64,76.639,89.961
102.41,136.57,75.793,89.175
102.58,141.86,75.759,89.279
102.32,137.78,76.315,89.921
101.56,136.68,76.352,89.876
101.31,137.56,75.974,89.281
103.34,141.77,75.746,88.965
104.09,144.68,76.046,89.355
105.26,146.65,76.108,89.119
105.14,143.05,76.273,89.175
102.92,148.69,76.69,89.703
102.13,142.08,76.646,89.605
102.18,142.79,76.32,89.202
101.26,144.32,76.511,89.449
102.01,145.63,76.452,89.586
101.5,145.67,76.455,89.533
103.56,150.39,76.535,89.634
102.05,151.82,76.316,89.544
105.06,153.66,76.303,89.666
101.77,150.98,76.578,90.012
101.94,149.17,76.682,90.315
100.57,150.02,77.144,91.038
101.06,150.34,76.815,90.709
102.15,149.46,76.174,89.845
104.34,152.77,76.058,89.786
102.87,148.8,75.678,89.087
101.61,139.64,75.257,88.597
103.09,153.28,74.957,88.086
101.88,153.5,74.451,87.446
98.75,153.07,74.455,87.352
98.925,143.04,74.791,87.633
101.73,142.78,74.129,86.947
98.396,138.23,73.871,86.795
95.277,140.06,73.578,86.33
96.525,145.87,73.718,86.617
97.819,137.68,73.684,86.517
97.605,141.67,74.051,86.912
95.633,135.98,74.211,87.128
95.562,141.1,74.193,87.15
89.588,139.29,74.856,88.005
90.487,141.7,74.669,87.691
90.427,139.36,74.301,87.236
91.744,141.83,74.094,86.813
93.089,143.64,74.063,87.015
91.717,138.98,73.967,87.01
91.916,138.7,73.667,86.568
91.134,141.37,73.304,86.089
89.279,137.69,73.39,85.897
88.379,139.35,73.751,86.354
89.956,141.52,73.966,86.562
90.94,140.07,74.03,86.561
89.047,141.31,73.544,85.988
89.989,141.08,73.26,85.861
91.539,139.11,73.347,85.871
90.987,140.52,73.063,85.632
90.687,139.73,73.026,85.661
91.344,139.4,72.963,85.612
87.096,140.85,72.78,85.222
88.368,141.05,73.372,85.845
87.087,137.64,73.584,86.282
86.98,142.91,73.807,86.796
91.313,140.92,74.077,86.908
87.555,140.86,74.167,87.131
88.094,141.46,73.745,86.446
88.93,141.33,73.712,86.518
88.48,143.3,73.709,86.342
87.497,141.53,73.867,86.503
86.092,142.34,74.191,87.041
86.316,140.24,74.092,86.961
91.757,142.66,74.102,87.085
90.716,142.73,74.055,86.904
91.23,141.32,73.857,86.428
92.194,143.86,73.616,86.396
91.456,149.83,73.911,87
89.382,151.37,74.251,87.314
88.873,155.95,74.055,87.064
91.087,158.21,73.31,86.296
91.671,154.51,73.185,86.268
92.506,147.72,73.375,86.367
92.742,151.68,73.881,86.805
91.878,150.31,74.258,87.327
90.892,151.37,74.074,87.113
88.047,146.41,73.294,86.419
89.345,150.1,72.869,85.747
87.737,145.04,72.787,85.569
89.08,148.93,72.919,85.48
86.796,146.15,72.66,85.247
86.281,148.25,72.579,85.054
86.041,149.33,72.743,85.152
84.312,149.66,72.299,84.593
83.041,147.4,72.181,84.251
82.392,147,72.365,84.499
84.567,145.35,72.398,84.564
81.667,148.65,72.177,84.408
78.859,149.87,71.984,84.373
80.458,146.43,72.095,84.522
78.041,147.84,71.445,83.855
79.135,150.45,71.881,84.577
74.248,149.26,72.14,84.837
73.296,153.22,72.07,84.65
71.937,145.89,72.021,84.611
68.846,147.17,71.784,84.383
63.559,151.18,71.915,84.585
65.867,141.89,72.03,84.78
68.163,109.04,72.128,84.692
69.579,109.28,72.261,84.936
71.11,82.289,71.455,83.906
74.873,80.836,71.655,84.038
75.554,71.824,71.348,83.761
79.882,65.333,70.961,83.422
80.328,65.621,70.916,83.435
82.09,65.014,70.899,83.354
80.621,62.208,70.959,83.485
32.908,91.857,70.845,83.163
NaN,NaN,NaN,-2
NaN,NaN,NaN,0
NaN,NaN,NaN,0
NaN,NaN,NaN,0
NaN,NaN,NaN,0
NaN,NaN,NaN,-1
96.443,133.07,79.778,88.644
96.296,128.83,79.435,88.362
96.074,129.45,79.286,88.444
98.189,129.7,79.163,88.396
98.716,126.46,78.777,87.836
98.374,132.31,78.782,87.568
101.58,128.52,79.324,88.043
99.269,131.91,79.039,88.077
103.99,131.34,78.26,87.289
103.33,130.18,78.19,87.084
104.24,128.21,78.353,87.35
104.19,131.55,78.487,87.324
104.79,126.16,78.509,87.714
106.86,124.47,78.936,88.25
106.68,126.74,78.888,88.447
106.12,125.54,79.26,88.82
107.98,126.26,79.759,89.365
109.21,125.64,79.669,89.335
108.46,124.7,79.703,89.313
109.9,124.39,79.533,89.218
110.71,124.67,79.287,88.83
108.8,122.47,79.023,88.533
112.32,126.36,79.185,88.645
110.84,125.27,79.525,88.897
113.2,124.76,79.718,89.076
112.99,123.51,80.026,89.404
113.2,122.72,80.118,89.696
113.5,119.94,79.803,89.167
114.62,120.49,79.881,89.456
114.88,124.06,79.425,88.933
113.26,118.38,79.539,88.781
114.67,122.04,79.783,89.166
113.96,124.17,79.938,89.552
112.29,117.89,80.445,89.909
114.32,121.4,80.762,90.121
113.98,113.92,80.648,89.735
115.03,116.85,80.333,89.447
116.09,116.48,80.276,89.207
116.87,113.71,80.462,89.377
117.08,120.51,80.957,89.543
115.49,121.03,80.756,89.479
117.25,118.36,80.994,89.901
117.88,120.91,81.024,89.782
119.04,118.59,80.91,89.819
119.85,120.69,80.688,89.529
122.83,121.33,80.721,89.894
117.89,114.92,80.677,89.743
118.58,119.35,80.936,90.191
119.16,118.29,80.775,90.016
120.82,123.06,80.594,89.683
119.32,121,80.559,89.804
