NaN,NaN,NaN,-1
121.87,106.27,88.358,104.39
123.09,101.42,88.349,104.39
123.81,97.845,88.539,104.73
123.64,97.569,88.353,104.53
123.43,100.63,87.953,104.08
123,97.064,87.895,104.08
123.62,102.61,87.64,103.57
123.99,98.586,87.997,104.16
120.85,100.52,88.044,104.21
121.1,103.53,87.759,103.67
120.22,104.11,87.869,103.69
120.1,98.728,88.025,104.11
118.49,107.2,87.594,103.57
114.88,106,87.455,103.67
117.39,100.39,86.506,102.55
111.54,109.03,86.717,102.57
106.48,110.38,87.021,102.85
104.96,109.71,88.031,103.99
102.57,110.32,87.953,103.97
100.1,106.93,87.594,103.3
97.873,106.22,87.211,102.76
92.985,107.86,87.48,103.03
98.127,105.5,87.283,102.84
92.262,106.83,87.095,102.41
97.376,100.51,87.814,103.24
92.691,103.53,87.567,102.97
92.659,104.92,87.46,102.98
92.599,103.96,87.291,102.72
96.005,100.76,87.077,102.32
93.363,96.335,86.825,102.17
93.773,96.185,87.359,102.76
92.241,100.57,87.636,103.23
93.84,95.472,87.043,102.46
93.205,98.578,87.338,102.89
93.462,98.812,86.744,102.39
95.451,95.631,87.172,103.11
97.456,93.722,86.99,102.86
99.608,95.447,86.962,102.71
100.58,94.348,86.462,102.08
104.6,96.304,86.318,101.98
102.23,96.737,86.325,102.03
104.15,94.264,86.009,101.56
107.73,97.197,85.508,101.11
110.97,96.055,85.731,101.68
111.48,93.485,85.619,101.31
118.3,95.905,85.829,101.37
116.59,97.273,86.219,101.67
119.1,95.443,86.654,102.06
122.05,96.292,86.685,102.06
125.47,96.878,86.384,101.64
121.47,98.803,86.103,101.53
125.88,98.788,85.71,100.89
127.33,97.597,85.744,101.18
131.53,98.244,85.139,100.37
130.84,102.89,85.469,100.85
131.4,104.22,85.604,100.89
134.54,101.99,84.769,100.11
134.58,105.48,84.67,100.01
132.52,106.59,84.494,99.891
134.07,109.49,84.741,99.934
134.01,107.94,84.515,99.829
138.86,106.97,84.365,99.858
137.2,109.35,84.815,99.926
134.12,111.52,85.348,100.49
136.67,113.14,85.612,100.7
140.78,108.96,85.642,100.61
138.3,110.7,85.134,100.2
138.35,116.62,84.945,99.874
140.46,112.55,84.682,99.608
139.29,110.97,84.67,99.584
138.99,115.44,84.915,99.537
140.89,113.63,84.412,99.045
139.35,112.05,84.506,99.24
141.53,110.38,83.94,98.917
141.46,110.92,83.745,98.653
140.48,110.58,83.662,98.312
140.16,112.96,82.84,97.377
138.31,108.41,82.303,96.846
137.12,114.62,82.545,97.155
138.33,109.79,82.908,97.582
137.55,107.93,83.069,97.754
135.67,107.26,82.994,97.593
135.3,108.7,83.117,97.626
130.04,108.8,82.696,96.981
131.96,110.87,82.779,97.077
134.49,109.26,83.001,97.21
131.95,104.68,82.907,97.268
127.03,102.59,82.755,97.135
126.16,106.34,83.176,97.865
128.4,104.68,83.217,97.782
126.52,112.19,82.911,97.777
126.52,111.42,83.075,98.029
121.96,108.44,82.915,98.007
121.77,108.93,82.705,98.156
121.33,108.53,82.434,97.947
117.57,109.68,82.584,98.054
118,107.64,83.206,98.765
117.69,108.26,82.908,98.399
119.56,109.06,83.039,98.41
115.96,105.11,82.606,97.831
119.72,108.11,81.865,97.346
117.35,104.31,81.582,97.07
117.77,111.82,81.841,97.368
118.45,112.33,81.492,97.11
119.21,110.36,81.799,97.543
118.11,109.59,81.783,97.166
118.03,109.67,82.024,97.419
118.24,108.04,82.568,98.147
118.23,110.13,82.458,98.185
117.36,111.88,82.488,98.153
117.37,113.93,82.772,98.459
118.76,107.72,82.478,97.907
116.68,112.4,82.676,98.353
117.62,107.69,82.729,98.585
118.9,109.75,83.166,99.349
116.78,115.13,83.099,99.445
117.56,108.3,82.884,98.937
115.97,115.09,82.964,99.113
114.79,113.88,83.091,98.88
112.67,109.91,82.79,98.441
117.35,112.53,83.445,99.122
113.49,111.54,83.375,98.894
115.61,114.74,83.151,98.626
113.95,106.33,82.935,98.478
115.78,114.11,82.819,98.188
116.61,113.96,82.968,98.289
113.57,107.53,82.249,97.93
114.7,107.25,82.032,97.74
113.05,111.06,81.602,97.39
112.53,110.23,81.389,97.427
114.91,108.19,81.282,97.103
115.45,110.24,81.457,97.148
113.62,114.27,81.611,97.314
112.32,111.02,82.081,97.953
117.14,110.63,82.374,98.076
111.86,102.64,82.493,98.112
114.39,105.47,82.724,98.252
113.88,109.73,82.515,98.093
117.88,108.37,82.36,97.845
116.96,110.52,82.086,97.293
117.44,110.9,82.607,97.983
114.44,102.38,82.401,97.502
114.78,109.45,82.39,97.799
112.05,106,82.228,97.666
112.52,104.43,82.026,97.62
113.74,106.77,81.461,97.264
113.2,104.13,81.628,97.508
112.07,106.01,81.81,97.688
110.03,102.38,81.598,97.58
110.99,108.29,82.054,98.433
111.97,102.75,82.197,98.72
110.54,106.11,81.901,98.419
109.68,103.38,81.75,98.08
108.03,103.81,80.952,97.187
110.74,105.85,80.862,96.94
112.09,100.73,81.535,97.364
111.02,107.45,81.783,97.596
109.93,103.86,81.45,97.408
109.39,102.78,81.375,97.107
110.63,101.39,81.189,96.991
106.67,106.69,80.768,96.142
106.77,100.06,80.721,96.139
110.85,105.16,81.265,96.749
108.24,107.61,80.942,96.249
107.51,105.22,80.725,95.831
111.48,104.45,80.147,95.386
109.76,108.39,79.752,94.957
113.46,100.29,79.62,95.003
109.87,104,79.92,95.49
108.98,104.19,79.642,95.263
108.48,103.8,79.508,95.124
109.31,106.81,79.479,95.052
111.71,104,79.718,95.306
110.28,103.76,79.239,94.739
110.1,104.82,79.358,95.211
112.45,108.33,79.277,95.358
110.65,105.77,79.716,95.818
109.05,107.42,80.052,96.385
108.3,104.96,79.376,95.521
109.37,114.22,79.767,96.08
109.04,110.15,79.683,95.979
108.04,111.88,79.624,95.791
108.93,111.77,79.414,95.548
109.1,116.75,80.136,96.774
110.64,111.61,79.58,95.991
110.23,112.82,79.78,96.512
106.62,113.19,79.461,96.385
107.36,110.85,79.428,96.326
107.81,114.03,79.513,96.456
105.86,114.92,79.818,96.824
109.54,114.49,79.959,97.009
105.1,116.4,79.853,97.041
108.11,112.52,79.993,97.516
109.51,112.57,80.256,97.911
107.42,113.06,80.746,98.596
107.32,112.28,80.912,98.97
107.58,111.35,80.494,98.191
105.13,114.62,79.99,97.439
107.42,112.68,79.526,96.776
107.02,114.61,79.426,96.575
108.43,116.31,79.226,96.258
107.48,114.43,79.099,96.258
109.05,117.03,79.344,96.669
107.55,116.79,79.614,97.036
104.89,116.36,79.222,96.355
108.85,116.33,79.252,96.366
106.07,114.28,78.87,95.726
105.61,115.38,79.103,96.068
106.04,115.35,78.86,96.051
108.54,119.35,78.931,96.397
103.55,117.73,78.764,96.354
107.88,124.71,78.481,96.045
108.18,123.64,78.399,95.901
104.27,122.31,78.407,95.901
104.58,124.76,78.712,96.438
106.4,127.7,78.202,95.849
108.49,125.44,78.327,95.882
108.21,126.59,78.063,95.583
105.47,125.04,77.914,95.734
108.25,118.34,77.739,95.48
105.95,116.91,77.422,94.887
108.68,111.17,77.415,95.103
106.44,104.63,77.108,94.51
108.46,104.47,77.05,94.394
108.29,104.94,77.333,94.581
107.98,95.996,77.916,95.561
108.73,90.919,77.394,94.72
110.87,85.868,77.677,95.133
110.57,87.202,78.022,95.503
109.58,82.125,77.469,94.732
111.13,82.647,78.07,95.258
110.26,80.402,78.158,95.408
110.45,82.41,78.593,95.855
110.02,78.515,78.756,96.077
109.35,81.837,78.616,95.814
105.43,80.537,78.773,95.628
107.42,79.007,78.877,95.605
108.79,80.546,79.061,95.789
110.18,82.192,79.158,95.926
108.46,81.403,79.44,96.162
110.86,83.258,79.814,96.473
111.42,81.702,79.885,96.37
111.39,82.064,79.5,96.068
112.55,86.936,79.578,95.934
111.24,83.307,79.239,95.536
114.04,88.597,79.032,95.514
114.52,87.29,78.091,94.362
114.13,86.308,78.229,94.495
114.83,86.252,78.088,94.18
116.14,88.884,78.06,94.05
115.37,92.672,77.669,93.545
115.38,88.949,77.961,93.851
117.05,91.212,78.393,94.542
117.62,94.237,77.942,94.203
114.77,95.545,78.164,94.578
113.6,96.177,77.661,93.903
114.9,99.401,77.852,94.273
114.13,100.09,78.101,94.703
115.92,99.318,78.122,94.926
115.99,96.543,77.997,94.542
115.75,102.46,78.082,94.885
113.81,96.966,78.302,95.235
114.88,102.27,78.192,94.99
112.18,99.728,78.537,95.297
117.08,99.655,78.688,95.585
112.16,103.51,78.743,95.596
111.07,101.66,78.331,95.089
115.39,101.94,78.415,95.498
115.19,101.02,78.802,95.777
114.24,100.34,78.549,95.707
114.35,103.67,78.226,95.214
110.58,104.05,77.88,94.877
112.34,103.08,77.694,94.865
112.16,102.87,77.877,95.141
111.95,104.27,78.357,95.494
109.76,102.6,78.116,95.233
109.01,101.74,78.352,95.552
110.48,101.55,78.675,95.711
109.44,100.92,78.4,95.303
106.96,102.71,78.137,94.749
106.57,103.67,77.705,94.299
102.22,102.85,77.969,94.703
104.64,106.06,77.849,94.217
101.84,102.27,78.109,94.475
104.31,104.69,78.983,95.351
103.32,106.95,79.176,95.638
102.85,107.96,79.076,95.537
102.47,106.16,78.867,94.896
101.18,104.59,78.817,94.844
101.05,101.39,79.121,95.363
98.531,103.94,79.405,95.817
100.02,102.65,79.129,95.319
97.481,106.19,79.078,95.228
102.48,109.2,79.683,95.915
100.84,106.87,79.7,95.999
96.528,103.84,80.157,96.548
102.2,105.72,80.743,97.186
96.372,103.19,80.444,96.69
99.51,102.5,80.417,96.334
97.88,104.05,80.294,95.921
100.38,105.31,80.483,95.791
97.002,106.27,80.765,96.231
94.586,104.91,80.271,95.659
95.652,105.83,80.321,95.612
99.47,103.05,80.066,95.326
101.68,107.13,79.922,95.029
96.775,104.84,79.825,94.781
101.23,106.9,80.253,95.199
95.764,102.73,79.811,94.412
95.376,102.22,79.344,94.166
97.533,103.74,79.743,94.512
96.828,107.85,79.852,94.699
101.88,108.61,79.532,94.284
101.5,105.52,79.583,94.479
101.65,108.14,79.626,94.59
101.27,105.59,79.532,94.388
101.31,105.57,79.964,94.979
99.794,104.22,80.262,95.295
102.83,106.03,80.236,95.436
101.26,104.66,80.059,95.134
101.11,107.45,79.851,94.841
100.95,102.24,79.831,94.585
99.168,101.31,80.188,95.166
99.634,102.14,80.666,95.721
100.94,106.76,80.937,95.858
97.545,100.57,81.335,96.369
100.09,99.745,81.812,96.862
98.603,97.701,81.075,96.134
96.912,98.098,80.658,95.608
97.475,101.24,80.834,95.934
94.128,101.51,80.668,95.814
92.396,100.5,80.584,95.411
93.548,99.469,80.15,94.739
93.156,102.59,80.506,94.853
91.333,101.27,81.111,95.825
92.776,98.42,81.174,96.132
90.328,101.62,81.231,95.863
89.481,100.5,81.071,95.608
89.456,101.92,80.567,95.315
87.498,98.28,79.853,94.234
86.788,99.279,79.787,94.302
87.407,103.01,80.177,94.949
80.509,105.51,80.056,94.67
78.303,100.74,79.784,94.364
75.506,102.76,79.704,94.375
74.554,101.21,79.333,93.874
72.26,98.578,79.514,94.398
73.467,102.21,79.025,93.964
72.731,101.35,78.691,93.273
76.809,102.01,78.083,92.559
78.075,103.04,78.054,92.659
84.254,99.623,77.87,92.396
75.566,103.89,77.401,91.863
80.844,102.2,77.549,92.062
79.664,101.28,77.769,92.035
79.193,100.15,77.622,91.604
77.652,102.6,77.569,91.839
78.09,106.18,77.079,91.251
78.635,101.42,77.067,91.082
76.672,104.83,77.805,91.94
77.316,101.8,77.817,91.856
78.21,101.71,77.243,91.124
79.446,100.2,78.017,91.885
79.603,99.318,78.389,92.444
80.218,101.95,78.087,92.029
81.198,103.39,78.494,92.217
78.295,104.54,78.766,92.308
77.216,104.01,79.014,92.442
81.558,104.51,79.198,92.558
84.597,103.08,79.807,93.541
82.598,104.68,80.471,94.164
85.099,100.11,80.6,93.989
83.077,101.9,80.215,93.468
82.205,98.05,79.798,92.944
85.521,104.35,79.894,93.168
85.344,104.95,79.447,92.883
87.697,101.84,79.95,93.543
88.63,101.65,79.557,92.984
88.256,102.58,79.552,93.075
94.258,101.49,79.46,92.761
92.48,101.91,79.236,92.358
90.001,97.938,79.064,92.163
88.878,99.13,78.935,92.127
93.036,96.509,78.54,91.373
93.502,98.845,78.799,91.882
92.266,94.532,78.962,91.917
95.768,94.176,78.503,91.297
94.127,93.813,78.052,90.589
96.334,98.302,78.66,91.355
95.07,95.482,78.815,91.604
95.429,96.05,79.182,91.74
91.537,93.08,79.232,92.07
97.508,94.925,78.962,91.643
93.802,95.925,78.782,91.434
99.069,96.26,79.415,92.371
96.899,94.607,79.432,92.225
93.845,93.097,79.559,92.321
98.832,93.363,79.848,92.444
97.034,92.284,80.116,92.701
98.338,92.197,79.923,92.306
96.411,90.651,79.855,92.267
95.247,91.773,80.002,92.491
98.593,92.642,80.132,92.485
99.914,92.218,79.906,92.174
101.37,96.208,79.551,91.967
100.31,92.695,79.206,91.717
101.36,93.48,79.574,91.946
98.824,97.589,78.966,90.976
101.35,95.21,79.032,91.082
100.12,96.288,78.971,90.749
97.957,95.067,78.733,90.408
98.779,94.771,78.115,89.42
96.248,98.625,78.503,90.003
102.13,93.558,78.763,90.425
