NaN,NaN,NaN,-1
163,76,45,53
162,76,45,53
162,77,45,53
161,76,45,53
161,76,45,53
161,76,45,53
161,76,45,53
160,75,45,53
159,75,45,53
158,75,45,53
157,74,45,53
158,73,45,53
167,55,45,53
167,55,45,53
166,54,45,53
165,54,45,53
165,53,45,53
156,54,45,53
157,53,45,53
156,52,45,53
157,52,45,53
157,52,45,53
158,51,45,53
NaN,NaN,NaN,-2
NaN,NaN,NaN,0
NaN,NaN,NaN,0
NaN,NaN,NaN,0
NaN,NaN,NaN,0
NaN,NaN,NaN,-1
85,61,44,53
83,62,44,53
81,64,44,53
78,65,44,53
77,66,44,53
76,66,44,53
76,67,44,53
76,67,44,53
77,69,44,53
78,70,44,53
79,72,44,53
79,74,44,53
80,77,44,53
80,81,44,53
80,84,44,53
81,87,44,53
84,89,44,53
87,91,44,53
90,94,44,53
90,95,44,53
94,97,44,53
95,96,44,53
94,102,44,53
95,104,44,53
95,105,44,53
95,104,44,53
96,104,44,53
96,104,44,53
96,106,44,53
NaN,NaN,NaN,-2
NaN,NaN,NaN,0
NaN,NaN,NaN,0
NaN,NaN,NaN,0
NaN,NaN,NaN,0
NaN,NaN,NaN,-1
165,101,47,54
168,101,47,54
170,100,47,54
179,103,47,54
182,104,47,54
188,106,47,54
189,109,47,54
191,111,47,54
193,114,47,54
195,116,47,54
198,116,47,54
197,116,47,54
200,118,47,54
200,120,47,54
200,121,47,54
200,122,47,54
200,121,47,54
200,121,47,54
199,121,47,54
197,121,47,54
200,119,47,54
198,120,47,54
199,119,47,54
198,119,47,54
198,119,47,54
199,119,47,54
199,120,47,54
199,120,47,54
199,120,47,54
199,120,47,54
199,121,47,54
199,120,47,54
199,118,47,54
199,116,47,54
199,114,47,54
199,112,47,54
199,109,47,54
199,107,47,54
200,104,47,54
201,106,47,54
202,106,47,54
202,107,47,54
201,106,47,54
201,106,47,54
200,108,47,54
200,111,47,54
200,112,47,54
200,114,47,54
199,115,47,54
200,115,47,54
200,116,47,54
200,115,47,54
200,115,47,54
200,115,47,54
199,115,47,54
199,115,47,54
200,114,47,54
200,114,47,54
200,113,47,54
200,112,47,54
200,112,47,54
200,110,47,54
200,112,47,54
200,110,47,54
201,109,47,54
201,108,47,54
201,107,47,54
202,107,47,54
202,106,47,54
202,108,47,54
202,106,47,54
202,106,47,54
202,106,47,54
NaN,NaN,NaN,-2
NaN,NaN,NaN,0
NaN,NaN,NaN,0
NaN,NaN,NaN,0
NaN,NaN,NaN,0
NaN,NaN,NaN,-1
193,35,30,54
195,35,30,54
193,32,30,54
191,32,30,54
190,32,30,54
188,32,30,54
186,34,30,54
183,36,30,54
180,38,30,54
176,41,30,54
175,41,30,54
172,41,30,54
170,42,30,54
170,45,30,54
170,54,30,54
171,56,30,54
172,62,30,54
173,66,30,54
173,71,30,54
178,83,30,54
180,82,30,54
181,86,30,54
181,90,30,54
185,91,30,54
188,95,30,54
193,96,30,54
196,96,30,54
198,95,30,54
196,96,30,54
194,96,30,54
190,96,30,54
185,96,30,54
180,95,30,54
174,90,30,54
167,87,30,54
159,83,30,54
151,82,30,54
141,79,30,54
132,78,30,54
126,77,30,54
119,76,30,54
112,76,30,54
107,73,30,54
100,74,30,54
98,74,30,54
97,74,30,54
NaN,NaN,NaN,-2
NaN,NaN,NaN,0
NaN,NaN,NaN,0
NaN,NaN,NaN,0
NaN,NaN,NaN,0
NaN,NaN,NaN,-1
31,79,41,53
32,82,41,53
35,84,41,53
39,86,41,53
43,90,41,53
47,94,41,53
50,99,41,53
53,104,41,53
55,109,41,53
57,116,41,53
60,121,41,53
63,125,41,53
65,128,41,53
69,130,41,53
72,128,41,53
73,129,41,53
74,130,41,53
75,132,41,53
77,133,41,53
77,134,41,53
76,136,41,53
76,138,41,53
75,137,41,53
74,138,41,53
NaN,NaN,NaN,-2
NaN,NaN,NaN,0
NaN,NaN,NaN,0
NaN,NaN,NaN,0
NaN,NaN,NaN,0
NaN,NaN,NaN,-1
137,181,45,46
142,181,45,46
147,180,45,46
153,178,45,46
156,176,45,46
159,174,45,46
162,171,45,46
163,168,45,46
164,165,45,46
165,162,45,46
166,159,45,46
167,157,45,46
169,154,45,46
170,152,45,46
171,150,45,46
172,149,45,46
172,147,45,46
172,146,45,46
172,145,45,46
172,143,45,46
172,141,45,46
172,138,45,46
172,134,45,46
171,131,45,46
171,127,45,46
170,124,45,46
170,121,45,46
170,120,45,46
167,119,45,46
167,118,45,46
166,118,45,46
175,118,45,46
175,118,45,46
175,118,45,46
175,118,45,46
174,118,45,46
173,118,45,46
173,118,45,46
