NaN,NaN,NaN,-1
138,16,35,139.5
137,15.25,35,139.5
137,16,35,139.5
136,16.75,35,139.5
136,16.75,35,139.5
135,17.5,35,139.5
134,17.5,35,139.5
134,18.25,35,139.5
134,18.25,35,139.5
133,19,35,139.5
133,19,35,139.5
132,19.75,35,139.5
132,20.5,35,139.5
131,21.25,35,139.5
130,21.25,35,139.5
130,21.25,35,139.5
130,21.25,35,139.5
130,20.5,35,139.5
131,19.75,35,139.5
131,19.75,35,139.5
132,19,35,139.5
132,19,35,139.5
132,19,35,139.5
133,19,35,139.5
134,19,35,139.5
134,19,35,139.5
134,19,35,139.5
135,19.75,35,139.5
135,19.75,35,139.5
135,20.5,35,139.5
136,21.25,35,139.5
136,21.25,35,139.5
135,22,35,139.5
135,22,35,139.5
134,22.75,35,139.5
134,23.5,35,139.5
133,23.5,35,139.5
133,23.5,35,139.5
132,23.5,35,139.5
131,23.5,35,139.5
131,23.5,35,139.5
131,22.75,35,139.5
131,23.5,35,139.5
131,23.5,35,139.5
131,24.25,35,139.5
131,24.25,35,139.5
131,25,35,139.5
131,25,35,139.5
132,25.75,35,139.5
131,25.75,35,139.5
131,25.75,35,139.5
131,25.75,35,139.5
131,25.75,35,139.5
130,25.75,35,139.5
130,25.75,35,139.5
130,25.75,35,139.5
131,25.75,35,139.5
131,25,35,139.5
132,25,35,139.5
132,24.25,35,139.5
133,24.25,35,139.5
133,24.25,35,139.5
134,24.25,35,139.5
134,24.25,35,139.5
135,24.25,35,139.5
135,24.25,35,139.5
135,24.25,35,139.5
135,24.25,35,139.5
135,24.25,35,139.5
135,25,35,139.5
135,25,35,139.5
134,25,35,139.5
132,25,35,139.5
130,25,35,139.5
126,24.25,35,139.5
121,22.75,35,139.5
118,22,35,139.5
113,20.5,35,139.5
108,18.25,35,139.5
106,16.75,35,139.5
101,14.5,35,139.5
99,12.25,35,139.5
98,11.5,35,139.5
98,8.5,35,139.5
99,7,35,139.5
100,6.25,35,139.5
102,4.75,35,139.5
106,3.25,35,139.5
110,2.5,35,139.5
117,1,35,139.5
122,1,35,139.5
123,1,35,139.5
130,1,35,139.5
135,1,35,139.5
134,1,35,139.5
132,1,35,139.5
122,1,35,139.5
122,1,35,139.5
115,1,35,139.5
107,1,35,139.5
103,1,35,139.5
94,1.75,35,139.5
85,3.25,35,139.5
NaN,NaN,NaN,-2
NaN,NaN,NaN,0
NaN,NaN,NaN,0
NaN,NaN,NaN,0
NaN,NaN,NaN,0
NaN,NaN,NaN,-1
119,32.5,56,115.5
119,31.75,56,115.5
119,32.5,56,115.5
118,33.25,56,115.5
118,33.25,56,115.5
117,34,56,115.5
116,34,56,115.5
116,34.75,56,115.5
115,34.75,56,115.5
115,35.5,56,115.5
115,36.25,56,115.5
114,36.25,56,115.5
114,37.75,56,115.5
113,37.75,56,115.5
112,37.75,56,115.5
112,38.5,56,115.5
112,37.75,56,115.5
112,37,56,115.5
113,36.25,56,115.5
113,36.25,56,115.5
113,35.5,56,115.5
114,35.5,56,115.5
114,35.5,56,115.5
115,35.5,56,115.5
115,35.5,56,115.5
115,35.5,56,115.5
116,35.5,56,115.5
117,36.25,56,115.5
117,36.25,56,115.5
117,37,56,115.5
117,37,56,115.5
118,37.75,56,115.5
117,38.5,56,115.5
117,39.25,56,115.5
116,39.25,56,115.5
116,40,56,115.5
115,40,56,115.5
114,40,56,115.5
114,40,56,115.5
113,40,56,115.5
113,40,56,115.5
113,39.25,56,115.5
113,40,56,115.5
113,40,56,115.5
113,40,56,115.5
113,40.75,56,115.5
113,40.75,56,115.5
113,41.5,56,115.5
114,42.25,56,115.5
113,42.25,56,115.5
113,42.25,56,115.5
113,42.25,56,115.5
113,42.25,56,115.5
112,42.25,56,115.5
112,42.25,56,115.5
112,41.5,56,115.5
113,41.5,56,115.5
113,41.5,56,115.5
114,40.75,56,115.5
115,40,56,115.5
115,40,56,115.5
116,40,56,115.5
116,40.75,56,115.5
117,40.75,56,115.5
117,40.75,56,115.5
117,40.75,56,115.5
117,40.75,56,115.5
117,40.75,56,115.5
117,40.75,56,115.5
117,41.5,56,115.5
117,41.5,56,115.5
116,42.25,56,115.5
114,43,56,115.5
113,43.75,56,115.5
110,43,56,115.5
NaN,NaN,NaN,-2
NaN,NaN,NaN,0
NaN,NaN,NaN,0
NaN,NaN,NaN,0
NaN,NaN,NaN,0
NaN,NaN,NaN,-1
167,61,34,75
167,61,34,75
166,61.75,34,75
166,62.5,34,75
166,62.5,34,75
165,63.25,34,75
164,64,34,75
164,64,34,75
163,64.75,34,75
163,65.5,34,75
163,65.5,34,75
162,66.25,34,75
162,67,34,75
161,67,34,75
160,67.75,34,75
160,67.75,34,75
