NaN,NaN,NaN,-1
258.47,166.2,53.619,35.313
257.83,166.2,53.71,35.274
256.98,166.18,53.514,34.598
256.75,166.19,53.128,34.514
255.57,165.51,52.994,34.676
254.98,165.61,52.802,34.349
254.87,165.8,52.661,34.146
254.1,165.72,52.496,33.98
253.11,165.18,52.231,34.115
252.71,164.76,52.109,34.231
252.2,164.81,52.354,34.247
251.06,164.58,52.36,34.062
250.66,164.32,52.157,34.322
250.36,163.97,52.212,34.276
249.31,163.56,52.507,34.605
249.44,163.78,52.354,34.35
248.76,163.46,52.402,34.607
247.71,162.78,53.066,34.973
248.1,163.02,52.677,34.696
247.77,162.98,52.257,34.038
246.96,162.57,52.445,34.431
247.15,162.63,51.778,34.199
246.61,162.44,51.644,33.907
246.17,162.39,51.334,33.605
246.01,162.32,50.843,33.227
245.85,162.17,50.66,33.494
245.46,161.88,50.449,33.388
244.44,161.54,50.235,33.756
245.25,161.42,49.877,33.403
245.13,161.49,49.619,33.331
244.49,161.41,49.593,33.259
245.95,162.92,49.323,32.975
245.04,163,49.133,32.93
245.08,163.14,48.899,32.459
244.04,162.48,48.727,32.535
244.54,162.3,48.678,32.416
243.98,162.39,48.393,32.165
243.93,162.56,47.739,31.678
244.47,162.37,47.604,32.041
243.12,161.67,47.343,32.123
243.48,161.86,46.625,31.531
243.68,161.54,47.399,32.065
242.34,161.45,46.987,32.06
243.39,161.48,46.996,32.262
242.15,161.22,46.996,32.548
241.92,161.07,47.064,32.69
242.1,160.97,47.32,32.797
242.02,160.67,47.617,32.901
240.46,161.38,47.273,32.109
240.47,160.41,47.502,32.292
241,160.46,46.956,31.849
240.5,160.33,47.368,31.911
240.29,159.92,47.556,31.754
240.54,159.77,47.24,31.748
239.45,159.67,47.045,31.995
239.24,159.26,47.347,32.091
238.86,159.28,47.505,32.282
239.41,158.84,47.055,32.169
239.56,158.71,47.083,31.931
236.26,158.55,47.516,32.129
236.22,158.53,47.201,32.252
235.7,158.58,47.356,31.886
235.79,158.37,47.882,32.256
235.83,158.35,47.655,32.13
236.1,157.81,47.483,31.804
236.3,157.6,47.629,32.072
235.05,157.49,47.609,32.032
236.42,157.62,47.446,31.641
235.11,157.53,47.222,31.567
235.26,157.01,47.186,31.821
235.17,156.72,47.099,31.706
235.23,157.18,47.115,31.173
235.49,156.89,46.912,31.487
235.2,157.03,47.195,31.409
235.08,156.91,47.399,31.287
235.46,157.27,46.835,30.658
234.2,156.25,46.989,30.545
234.49,156.07,46.832,30.585
234.18,156.21,46.879,30.574
233.54,156.27,46.151,29.608
233.88,156.4,45.63,28.941
234.13,156.74,45.373,28.626
234.33,156.34,45.077,28.857
233.61,155.87,45.029,29.184
234.3,155.87,44.997,29.39
233.06,155.04,45.312,29.742
232.89,154.97,45.014,29.595
233.26,154.85,44.308,29.394
232.9,154.89,44.243,29.591
232.71,154.36,44.7,29.984
232.09,154.34,44.834,30.13
232.62,154.29,44.629,30.051
232.19,153.9,44.486,30.093
232.17,154.02,44.519,30.102
232.25,153.83,44.138,29.961
231.52,153.35,44.402,30.265
231.89,153.31,43.663,29.856
232.68,153.81,43.434,29.469
231.67,153.34,43.252,29.144
232.85,153.43,43.137,29.071
231.86,153.32,43.13,29.296
225.11,152.83,43.021,28.924
224.78,152.96,42.807,28.439
224.84,153.43,42.485,28.116
225.06,153.36,42.507,27.954
224.83,153.35,42.08,27.468
226.07,153.31,41.661,27.359
226.2,153.29,41.495,27.285
224.87,153.17,41.076,27.065
226.25,153.26,40.665,26.52
225.09,153.28,40.862,26.622
225.34,153.3,40.953,26.501
224.57,153.11,40.877,26.488
225.42,153.28,40.973,26.543
225.71,153.36,40.572,26.244
225.16,153.5,40.292,25.739
226.64,153.97,39.696,25.246
226.99,153.85,39.433,25.115
226.31,153.73,39.216,25.231
227.46,153.7,38.938,24.843
226.74,153.43,38.819,24.663
226.43,153.53,38.81,24.482
226.81,153.47,38.868,24.623
226.78,153.34,38.813,24.643
226.56,153.38,38.777,24.575
227.31,153.7,38.302,24.152
227.83,153.93,37.972,24
224.96,153.69,38.658,23.988
224.91,153.7,38.39,24.034
225.54,154.01,38.095,23.678
226.81,154.19,37.84,23.532
226.65,154.03,38.096,23.643
227.44,153.85,38.617,24.161
226.7,153.9,38.179,23.969
227.52,153.63,38.317,24.299
226.6,153.23,38.861,24.873
226.7,153.35,39.204,24.712
226.76,153.34,39.179,24.663
227.11,153.7,39.009,24.177
226.21,153.36,39.469,24.619
227.04,153.58,39.372,24.277
225.72,153.61,39.299,24.267
226.73,153.61,39.255,24.331
225.96,153.29,39.808,24.69
225.83,153.34,40.138,24.515
226.05,153.71,39.956,24.288
225.54,153.58,39.864,24.481
225.34,153.24,39.654,24.749
225.67,153.3,39.326,24.824
227.38,153.6,38.77,24.641
226.47,153.51,38.32,24.401
225.69,153.69,38.019,24.058
226.99,154.95,37.45,23.558
226.43,154.04,37.432,23.639
226.05,154.21,37.133,23.557
225.81,154.28,37.085,23.409
225.96,154.63,36.389,22.89
226.94,154.79,35.983,22.683
226.47,154.98,36.313,22.79
227.04,154.98,35.741,22.406
226.56,155.24,35.954,22.4
226.93,155.31,35.783,22.188
226.48,155.67,35.717,21.394
226.82,155.63,35.403,21.631
226.88,155.66,35.136,21.439
226.64,155.87,34.928,21.033
226.38,155.91,35.301,21.402
225.99,155.37,36.159,22.106
226.16,155.18,36.36,22.41
225.91,155.12,36.62,22.521
225.33,155.26,37.176,22.866
225.32,155.15,37.414,23.086
224.06,154.89,38.069,23.638
224.95,154.75,38.25,24.11
224.25,154.44,38.65,24.425
223.93,154.37,38.826,24.702
223.41,154.68,38.478,24.287
223.9,154.34,38.498,24.509
222.88,154.43,39.045,24.731
222.87,154.59,38.603,24.368
225.07,155.82,37.762,24.042
224.37,155.94,37.65,23.792
223.53,155.76,37.986,23.96
223.28,155.74,38.299,23.918
222.17,155.58,38.662,24.381
221.7,155.47,39.033,24.68
221.38,155.87,38.392,23.958
220.47,155.51,39.344,24.767
219.44,155.31,39.589,25.146
221.18,156.53,39.095,24.533
221.21,156.7,38.682,24.089
220.65,156.82,38.395,23.901
220.12,157.04,38.42,23.927
218.87,156.71,38.293,24.082
219.19,156.88,38.291,24.14
219.58,157.35,37.487,23.662
218.49,157.46,37.729,23.902
217.63,157.6,38.1,24.089
215.23,157.08,39.215,24.823
214.24,157.38,39.205,24.557
214.03,157.45,39.263,24.511
212.03,157.28,39.589,24.877
211.62,157.38,39.944,25.061
210.42,157.92,39.702,24.951
209.55,158.19,39.363,24.856
209.12,158.34,39.487,24.671
207.76,158.22,39.415,24.776
207.74,158.7,38.757,24.269
205.75,158.42,39.441,24.828
204.08,158.18,39.853,25.094
203.47,158.54,39.735,24.831
202.75,158.94,39.373,24.633
202.03,158.74,38.984,24.629
200.81,158.51,39.14,24.694
198.8,158.68,39.402,24.95
197.21,158.13,40.118,25.329
195.83,157.99,40.213,25.602
194.74,157.92,40.916,26.092
192.63,157.33,40.941,26.403
190.24,156.88,41.882,27.079
187.89,157.34,41.748,26.881
187.32,157.71,41.504,26.517
185.6,157.65,41.401,26.794
185.47,157.88,41.319,26.698
183.52,157.31,41.78,26.741
188.6,151.17,41.651,26.936
186.82,151.48,41.49,26.793
186.25,151.64,41.507,26.267
184.79,151.63,42.04,26.534
183.63,151.57,42.046,26.224
181.84,151.61,42.473,26.117
181.67,151.56,42.498,26.304
182.04,151.17,42.36,26.225
181.83,151.38,42.47,26.22
178.84,151.34,42.919,26.128
178.9,151.21,43.111,26.198
176.37,151.2,43.247,26.347
175.68,151.24,42.677,26.119
173.48,151.29,42.627,25.945
171.53,151.47,42.3,26.082
170.43,151.41,42.266,25.972
174.93,144.4,41.505,25.611
174.39,144.27,41.784,25.552
175.96,144.06,42.328,25.821
174.15,143.66,42.361,26.095
173.85,143.79,42.435,26.211
172.43,142.71,42.801,26.53
171.61,142.72,42.501,26.314
160.32,134.53,42.669,26.719
149.7,131.77,42.674,26.653
NaN,NaN,NaN,-2
NaN,NaN,NaN,0
NaN,NaN,NaN,0
NaN,NaN,NaN,0
NaN,NaN,NaN,0
NaN,NaN,NaN,-1
158.97,160.3,58.619,21.12
156.58,160.13,59.46,21.459
155.36,159.57,59.039,21.439
153.16,159.93,58.834,21.003
151.97,159.21,58.7,21.231
150.68,159.31,58.994,21.162
148.45,159.28,58.98,21.133
146.91,159.42,58.407,20.82
144.85,159.31,58.473,20.713
142.96,159.19,58.128,20.619
141.44,159.08,57.914,20.396
140.3,158.86,57.92,20.189
138.63,158.62,58.4,20.154
136.45,158.35,58.54,20.101
135.67,158.33,58.576,20.063
133.86,157.95,58.436,19.841
132.29,157.52,58.726,20.209
130.38,157.62,58.525,20.162
129.54,157.55,58.464,19.621
128.71,157.56,58.25,19.176
126.15,157.22,58.355,19.033
124.35,156.98,59.011,19.281
122.32,156.92,59.578,19.135
124.95,157.66,59.346,18.767
123.3,157.24,59.391,18.516
121.05,157.13,59.691,18.117
118.18,157.1,59.416,17.39
118.52,156.99,59.278,17.544
117.23,156.93,58.921,17.444
114.37,155.98,59.065,17.453
117.66,156.84,58.876,17.009
114.18,156.64,58.939,16.198
113.54,156.5,58.768,16.2
113.58,156.63,58.534,15.759
111.38,156.18,58.681,15.824
109.54,155.83,58.668,15.757
108.98,155.88,58.382,15.607
104.67,155.16,58.567,15.226
103.92,154.8,58.589,15.496
102.28,154.86,58.903,15.03
101.3,154.18,58.301,15.179
99.167,154.11,58.371,15.033
98.1,153.59,58.874,15.401
96.726,153.03,58.959,15.146
95.487,152.73,58.958,15.506
93.593,152.74,58.568,15.045
91.843,152.7,58.614,14.261
90.723,152.31,59.061,14.136
89.165,153.02,58.718,13.364
88.043,152.81,58.588,13.157
86.521,152.18,58.408,13.167
85.786,151.94,58.497,13.588
77.281,152.28,58.117,13.693
77.075,152.4,57.268,13.118
75.66,152.48,56.571,12.405
72.975,152.32,56.666,11.99
73.284,152.3,56.302,11.854
70.367,151.75,56.157,11.457
71.394,152.08,56.232,11.032
68.978,151.59,56.617,10.818
67.18,151.4,56.784,10.714
66.147,151.26,56.639,10.914
65.239,150.52,56.177,10.831
63.571,150.67,55.793,10.063
61.922,150.49,55.726,9.5665
62.122,150.3,55.871,9.7912
58.902,149.93,55.213,9.6045
56.866,149.55,55.317,10.122
57.585,147.38,55.614,10.683
57.737,146.83,55.578,11.005
54.711,146.92,55.716,11.542
53.147,146.26,56.011,11.65
52.294,145.68,56.096,12.081
51.201,145.38,55.97,12.076
49.186,145.27,55.297,12.154
48.561,144.56,55.103,12.721
46.239,144.04,55.226,12.832
45.891,143.93,55.132,12.686
43.715,143.36,55.151,12.625
42.569,143.04,55.335,13.015
40.899,143.04,55.001,12.874
40.651,142.68,54.993,13.126
38.86,142.33,54.948,12.963
38.348,142.06,54.544,13.15
36.95,141.84,54.199,13.313
36.075,141.56,53.831,13.462
34.926,140.88,53.167,13.921
33.066,140.22,53.049,14.416
33.831,140.16,52.891,14.204
30.396,139.48,52.075,14.317
29.633,139.74,51.569,14.167
29.351,139.5,51.446,14.008
28.925,139.06,51.303,14.129
26.233,138.82,50.989,14.022
28.363,138.27,50.827,14.213
26.508,138.53,50.857,13.977
25.118,138.36,50.911,13.711
23.985,137.9,50.722,13.841
23.486,137.59,51.028,13.94
21.907,137.38,50.532,13.993
20.305,137.23,50.537,13.831
19.988,137.11,50.138,13.812
18.346,137.01,49.95,13.627
16.716,136.55,49.642,13.732
15.996,136.29,49.608,13.963
14.645,136.05,49.397,13.647
13.335,136.44,49.417,13.094
12.954,136.23,49.516,12.98
11.623,136.03,49.097,12.935
10.432,135.58,49.013,13.338
8.7113,134.86,49.519,13.579
7.1912,134.58,49.463,13.5
5.3784,134.73,49.194,13.123
4.3372,134.81,49.194,12.969
3.4273,134.56,49.316,13.081
1.8639,134.05,48.973,12.994
-0.044687,134.05,48.958,13.15
