NaN,NaN,NaN,-1
150,59,82,96
147,62,82,96
142,66,82,96
140,69,82,96
137,67,82,96
133,61,82,96
134,57,82,96
133,53,82,96
131,57,82,96
129,52,82,96
125,52,82,96
119,55,82,96
108,61,82,96
109,58,82,96
108,57,82,96
107,51,82,96
111,53,82,96
112,53,82,96
114,52,82,96
117,60,82,96
116,61,82,96
117,63,82,96
118,59,82,96
117,61,82,96
119,64,82,96
120,57,82,96
119,53,82,96
123,52,82,96
129,49,82,96
136,42,82,96
136,42,82,96
140,43,82,96
143,40,82,96
149,43,82,96
147,46,82,96
148,49,82,96
145,44,82,96
145,45,82,96
141,38,82,96
139,36,82,96
134,39,82,96
127,46,82,96
122,49,82,96
118,49,82,96
114,51,82,96
111,54,82,96
110,57,82,96
107,48,82,96
110,48,82,96
109,46,82,96
110,42,82,96
113,43,82,96
115,41,82,96
122,47,82,96
122,50,82,96
126,60,82,96
131,60,82,96
129,56,82,96
133,59,82,96
137,54,82,96
142,46,82,96
146,43,82,96
149,43,82,96
147,39,82,96
147,44,82,96
145,50,82,96
143,48,82,96
140,53,82,96
139,54,82,96
137,53,82,96
135,49,82,96
137,45,82,96
136,45,82,96
139,54,82,96
136,57,82,96
137,59,82,96
134,60,82,96
133,57,82,96
131,60,82,96
130,61,82,96
128,58,82,96
125,51,82,96
123,50,82,96
124,52,82,96
123,56,82,96
121,60,82,96
123,62,82,96
124,70,82,96
127,67,82,96
129,72,82,96
132,66,82,96
134,54,82,96
136,50,82,96
142,46,82,96
146,42,82,96
146,46,82,96
147,51,82,96
151,48,82,96
152,51,82,96
152,54,82,96
153,53,82,96
150,48,82,96
151,48,82,96
150,46,82,96
149,49,82,96
150,48,82,96
144,55,82,96
140,55,82,96
138,56,82,96
134,62,82,96
129,62,82,96
123,61,82,96
127,56,82,96
128,54,82,96
129,51,82,96
128,50,82,96
126,52,82,96
128,54,82,96
129,54,82,96
132,54,82,96
130,56,82,96
132,57,82,96
137,55,82,96
139,55,82,96
140,51,82,96
145,42,82,96
147,49,82,96
153,40,82,96
154,45,82,96
155,42,82,96
156,44,82,96
155,49,82,96
157,44,82,96
154,42,82,96
154,42,82,96
152,42,82,96
153,38,82,96
152,37,82,96
151,39,82,96
148,34,82,96
142,30,82,96
141,31,82,96
137,40,82,96
135,42,82,96
132,43,82,96
133,37,82,96
130,34,82,96
127,30,82,96
124,29,82,96
126,30,82,96
124,29,82,96
126,28,82,96
129,28,82,96
127,34,82,96
129,36,82,96
132,38,82,96
134,35,82,96
136,35,82,96
133,31,82,96
135,27,82,96
136,28,82,96
140,26,82,96
141,27,82,96
140,25,82,96
137,30,82,96
133,26,82,96
132,30,82,96
130,35,82,96
133,35,82,96
132,35,82,96
134,38,82,96
133,33,82,96
131,27,82,96
132,23,82,96
131,26,82,96
130,20,82,96
128,21,82,96
127,23,82,96
131,27,82,96
132,30,82,96
131,29,82,96
131,35,82,96
128,41,82,96
123,38,82,96
119,37,82,96
117,39,82,96
116,36,82,96
112,33,82,96
109,37,82,96
105,35,82,96
103,35,82,96
105,35,82,96
108,33,82,96
109,33,82,96
113,27,82,96
118,27,82,96
119,20,82,96
119,16,82,96
126,17,82,96
132,22,82,96
134,26,82,96
140,26,82,96
140,32,82,96
145,28,82,96
150,33,82,96
152,33,82,96
152,35,82,96
154,37,82,96
156,43,82,96
158,42,82,96
157,42,82,96
158,44,82,96
157,43,82,96
150,40,82,96
147,44,82,96
142,44,82,96
139,43,82,96
135,41,82,96
131,38,82,96
131,33,82,96
128,38,82,96
127,38,82,96
135,45,82,96
130,41,82,96
138,46,82,96
144,47,82,96
147,50,82,96
153,45,82,96
160,48,82,96
164,44,82,96
164,46,82,96
166,39,82,96
165,43,82,96
172,48,82,96
166,50,82,96
164,53,82,96
164,56,82,96
163,54,82,96
161,56,82,96
160,56,82,96
160,54,82,96
161,54,82,96
164,50,82,96
164,53,82,96
168,53,82,96
172,55,82,96
170,56,82,96
171,58,82,96
172,60,82,96
169,59,82,96
168,55,82,96
163,49,82,96
163,50,82,96
160,42,82,96
157,42,82,96
157,38,82,96
158,40,82,96
157,39,82,96
157,41,82,96
154,49,82,96
158,54,82,96
159,57,82,96
161,55,82,96
163,53,82,96
164,46,82,96
165,41,82,96
167,39,82,96
167,36,82,96
166,36,82,96
165,35,82,96
166,34,82,96
160,40,82,96
162,46,82,96
159,42,82,96
158,43,82,96
150,42,82,96
146,40,82,96
142,42,82,96
136,29,82,96
132,30,82,96
122,25,82,96
119,24,82,96
118,30,82,96
115,35,82,96
115,39,82,96
117,41,82,96
113,47,82,96
118,47,82,96
121,49,82,96
128,44,82,96
132,42,82,96
141,39,82,96
144,39,82,96
142,38,82,96
137,37,82,96
130,41,82,96
123,40,82,96
120,45,82,96
111,39,82,96
101,40,82,96
101,35,82,96
94,27,82,96
88,24,82,96
74,21,82,96
76,21,82,96
74,22,82,96
69,25,82,96
69,30,82,96
67,36,82,96
64,37,82,96
59,40,82,96
53,42,82,96
44,41,82,96
38,38,82,96
36,34,82,96
39,26,82,96
41,30,82,96
44,29,82,96
52,38,82,96
53,40,82,96
55,40,82,96
58,42,82,96
62,44,82,96
65,44,82,96
68,41,82,96
78,45,82,96
81,34,82,96
88,29,82,96
96,23,82,96
102,20,82,96
105,20,82,96
106,18,82,96
109,17,82,96
107,18,82,96
109,19,82,96
109,25,82,96
105,21,82,96
104,18,82,96
106,11,82,96
102,1,82,96
102,4,82,96
102,5,82,96
100,8,82,96
104,7,82,96
100,11,82,96
98,16,82,96
100,11,82,96
100,15,82,96
108,11,82,96
110,2,82,96
114,-5,82,96
122,6,82,96
125,19,82,96
124,23,82,96
122,33,82,96
118,34,82,96
123,42,82,96
123,43,82,96
122,41,82,96
123,32,82,96
126,26,82,96
138,32,82,96
140,34,82,96
138,34,82,96
136,39,82,96
130,42,82,96
122,39,82,96
118,37,82,96
111,34,82,96
105,31,82,96
102,24,82,96
106,22,82,96
108,23,82,96
107,25,82,96
106,28,82,96
105,32,82,96
105,32,82,96
104,32,82,96
101,33,82,96
100,32,82,96
101,26,82,96
104,25,82,96
107,26,82,96
116,26,82,96
121,31,82,96
127,24,82,96
130,29,82,96
138,26,82,96
142,23,82,96
141,23,82,96
144,24,82,96
147,16,82,96
146,12,82,96
145,7,82,96
148,12,82,96
147,13,82,96
149,18,82,96
148,28,82,96
142,32,82,96
139,33,82,96
132,30,82,96
127,26,82,96
124,20,82,96
131,15,82,96
135,15,82,96
136,14,82,96
135,19,82,96
133,21,82,96
135,21,82,96
142,25,82,96
146,31,82,96
149,31,82,96
152,37,82,96
157,34,82,96
155,36,82,96
153,35,82,96
157,35,82,96
156,41,82,96
158,53,82,96
156,54,82,96
152,58,82,96
147,54,82,96
146,52,82,96
143,50,82,96
143,48,82,96
138,40,82,96
136,39,82,96
134,29,82,96
131,27,82,96
126,19,82,96
124,22,82,96
126,28,82,96
127,29,82,96
124,34,82,96
121,36,82,96
119,34,82,96
116,30,82,96
117,30,82,96
123,34,82,96
123,26,82,96
129,22,82,96
133,22,82,96
138,20,82,96
142,23,82,96
140,23,82,96
143,23,82,96
147,21,82,96
146,25,82,96
149,19,82,96
143,22,82,96
145,11,82,96
149,13,82,96
144,14,82,96
145,18,82,96
145,21,82,96
144,19,82,96
148,24,82,96
152,19,82,96
156,22,82,96
159,24,82,96
161,25,82,96
160,27,82,96
160,29,82,96
159,28,82,96
154,26,82,96
153,25,82,96
148,24,82,96
153,13,82,96
NaN,NaN,NaN,-2
NaN,NaN,NaN,0
NaN,NaN,NaN,0
NaN,NaN,NaN,0
NaN,NaN,NaN,0
NaN,NaN,NaN,-1
134,62,50,59
136,61,50,59
138,58,50,59
140,57,50,59
142,56,50,59
144,56,50,59
144,56,50,59
147,58,50,59
141,58,50,59
142,56,50,59
143,55,50,59
143,53,50,59
144,52,50,59
145,51,50,59
146,49,50,59
143,50,50,59
146,50,50,59
146,48,50,59
140,44,50,59
139,43,50,59
138,45,50,59
133,45,50,59
133,44,50,59
129,42,50,59
130,43,50,59
134,40,50,59
137,36,50,59
142,31,50,59
147,32,50,59
151,30,50,59
158,19,50,59
158,21,50,59
164,20,50,59
167,18,50,59
166,16,50,59
167,12,50,59
171,11,50,59
173,11,50,59
173,14,50,59
173,20,50,59
170,25,50,59
162,29,50,59
154,32,50,59
146,47,50,59
137,50,50,59
133,62,50,59
130,60,50,59
128,58,50,59
130,59,50,59
133,61,50,59
137,59,50,59
141,63,50,59
143,64,50,59
143,68,50,59
149,71,50,59
150,71,50,59
153,68,50,59
155,62,50,59
154,60,50,59
157,62,50,59
159,60,50,59
162,61,50,59
163,60,50,59
162,69,50,59
160,56,50,59
158,55,50,59
159,48,50,59
159,44,50,59
155,48,50,59
152,39,50,59
149,54,50,59
143,59,50,59
140,57,50,59
138,60,50,59
138,60,50,59
137,54,50,59
136,53,50,59
132,48,50,59
131,47,50,59
133,47,50,59
136,52,50,59
139,54,50,59
138,59,50,59
138,64,50,59
140,65,50,59
138,68,50,59
140,60,50,59
142,52,50,59
149,46,50,59
152,43,50,59
153,50,50,59
153,55,50,59
150,59,50,59
150,60,50,59
149,62,50,59
149,60,50,59
148,61,50,59
149,64,50,59
151,66,50,59
147,65,50,59
140,58,50,59
137,64,50,59
132,64,50,59
126,63,50,59
121,62,50,59
116,61,50,59
111,59,50,59
115,57,50,59
118,54,50,59
117,52,50,59
121,50,50,59
125,55,50,59
128,60,50,59
130,65,50,59
137,69,50,59
145,63,50,59
149,58,50,59
151,55,50,59
156,50,50,59
159,49,50,59
160,48,50,59
161,49,50,59
160,48,50,59
160,51,50,59
161,56,50,59
156,58,50,59
155,57,50,59
153,59,50,59
153,60,50,59
149,54,50,59
152,52,50,59
150,52,50,59
152,53,50,59
150,55,50,59
150,55,50,59
153,57,50,59
155,57,50,59
156,56,50,59
154,56,50,59
156,58,50,59
155,62,50,59
150,59,50,59
150,64,50,59
153,65,50,59
152,70,50,59
149,72,50,59
147,72,50,59
145,72,50,59
146,69,50,59
142,71,50,59
144,60,50,59
153,46,50,59
156,39,50,59
161,40,50,59
164,39,50,59
165,41,50,59
167,41,50,59
170,42,50,59
172,37,50,59
171,36,50,59
168,33,50,59
164,31,50,59
158,32,50,59
151,36,50,59
148,36,50,59
142,38,50,59
138,44,50,59
135,43,50,59
130,42,50,59
128,52,50,59
127,39,50,59
126,35,50,59
129,33,50,59
133,35,50,59
134,39,50,59
138,44,50,59
144,50,50,59
148,54,50,59
155,52,50,59
156,58,50,59
162,51,50,59
161,75,50,59
166,73,50,59
168,79,50,59
172,81,50,59
179,73,50,59
179,70,50,59
173,74,50,59
168,72,50,59
165,72,50,59
163,73,50,59
158,72,50,59
156,67,50,59
157,69,50,59
153,76,50,59
153,76,50,59
153,69,50,59
152,64,50,59
150,62,50,59
150,60,50,59
146,53,50,59
145,48,50,59
148,47,50,59
150,46,50,59
152,44,50,59
159,46,50,59
163,51,50,59
169,55,50,59
174,56,50,59
174,57,50,59
174,56,50,59
177,54,50,59
179,51,50,59
180,48,50,59
181,47,50,59
182,46,50,59
178,47,50,59
182,46,50,59
183,39,50,59
190,44,50,59
188,45,50,59
191,48,50,59
193,50,50,59
191,51,50,59
189,51,50,59
186,53,50,59
183,56,50,59
180,59,50,59
177,65,50,59
176,65,50,59
175,68,50,59
172,69,50,59
175,63,50,59
176,63,50,59
172,59,50,59
165,56,50,59
163,50,50,59
162,50,50,59
159,45,50,59
164,41,50,59
166,39,50,59
169,48,50,59
173,53,50,59
173,49,50,59
177,46,50,59
178,54,50,59
180,58,50,59
176,59,50,59
172,64,50,59
173,67,50,59
171,69,50,59
168,69,50,59
167,70,50,59
166,77,50,59
163,79,50,59
157,78,50,59
154,75,50,59
152,69,50,59
147,70,50,59
145,67,50,59
144,64,50,59
140,66,50,59
140,69,50,59
140,69,50,59
141,70,50,59
143,69,50,59
147,71,50,59
153,71,50,59
158,73,50,59
164,67,50,59
164,68,50,59
167,66,50,59
170,66,50,59
174,68,50,59
173,72,50,59
172,77,50,59
169,80,50,59
169,80,50,59
168,78,50,59
164,85,50,59
160,77,50,59
158,78,50,59
154,74,50,59
151,77,50,59
147,78,50,59
142,80,50,59
142,80,50,59
141,79,50,59
140,79,50,59
136,80,50,59
136,79,50,59
134,76,50,59
131,76,50,59
130,77,50,59
126,74,50,59
