NaN,NaN,NaN,-1
149,58,82,96
148,62,82,96
144,68,82,96
140,65,82,96
139,67,82,96
137,60,82,96
134,60,82,96
132,54,82,96
133,55,82,96
129,50,82,96
124,55,82,96
118,56,82,96
110,59,82,96
106,56,82,96
107,54,82,96
108,52,82,96
109,53,82,96
111,52,82,96
113,51,82,96
118,54,82,96
117,62,82,96
115,63,82,96
119,61,82,96
117,63,82,96
120,64,82,96
119,61,82,96
122,55,82,96
125,55,82,96
127,48,82,96
135,41,82,96
139,42,82,96
141,43,82,96
146,42,82,96
147,43,82,96
151,47,82,96
149,50,82,96
145,44,82,96
142,44,82,96
141,41,82,96
139,38,82,96
134,40,82,96
127,46,82,96
123,46,82,96
118,49,82,96
114,48,82,96
108,54,82,96
112,55,82,96
109,57,82,96
110,53,82,96
110,44,82,96
109,42,82,96
115,40,82,96
116,42,82,96
118,47,82,96
121,58,82,96
124,54,82,96
128,59,82,96
131,59,82,96
134,58,82,96
139,56,82,96
143,46,82,96
145,44,82,96
147,41,82,96
149,35,82,96
150,45,82,96
146,52,82,96
142,51,82,96
140,53,82,96
141,53,82,96
139,55,82,96
138,49,82,96
138,45,82,96
139,44,82,96
139,52,82,96
137,58,82,96
136,63,82,96
135,58,82,96
132,58,82,96
132,58,82,96
132,61,82,96
127,58,82,96
123,54,82,96
121,54,82,96
123,53,82,96
120,54,82,96
122,59,82,96
121,65,82,96
124,68,82,96
126,71,82,96
129,72,82,96
130,65,82,96
132,53,82,96
137,50,82,96
141,48,82,96
144,42,82,96
148,47,82,96
147,48,82,96
149,49,82,96
152,53,82,96
153,52,82,96
153,51,82,96
151,46,82,96
151,48,82,96
151,46,82,96
149,45,82,96
147,47,82,96
143,50,82,96
143,53,82,96
137,58,82,96
136,61,82,96
130,62,82,96
124,61,82,96
125,56,82,96
125,50,82,96
128,51,82,96
126,55,82,96
126,51,82,96
126,52,82,96
129,55,82,96
128,57,82,96
129,60,82,96
134,59,82,96
137,55,82,96
137,51,82,96
140,51,82,96
145,45,82,96
149,42,82,96
153,39,82,96
155,44,82,96
155,48,82,96
156,47,82,96
158,48,82,96
157,46,82,96
153,45,82,96
152,43,82,96
151,47,82,96
152,38,82,96
151,35,82,96
150,39,82,96
148,35,82,96
142,30,82,96
142,31,82,96
138,35,82,96
135,45,82,96
132,40,82,96
131,38,82,96
128,36,82,96
128,32,82,96
124,31,82,96
124,26,82,96
126,29,82,96
126,27,82,96
125,27,82,96
124,33,82,96
129,38,82,96
132,42,82,96
133,36,82,96
136,38,82,96
136,35,82,96
134,30,82,96
139,28,82,96
138,23,82,96
140,24,82,96
137,23,82,96
135,23,82,96
133,26,82,96
132,30,82,96
131,35,82,96
132,33,82,96
133,35,82,96
134,39,82,96
129,33,82,96
134,31,82,96
132,23,82,96
130,25,82,96
130,19,82,96
128,21,82,96
130,24,82,96
130,28,82,96
134,29,82,96
131,32,82,96
131,34,82,96
128,37,82,96
124,36,82,96
120,40,82,96
117,41,82,96
112,37,82,96
111,32,82,96
107,34,82,96
106,36,82,96
107,35,82,96
104,34,82,96
105,36,82,96
110,33,82,96
112,29,82,96
118,24,82,96
119,23,82,96
120,16,82,96
128,18,82,96
132,23,82,96
136,24,82,96
140,29,82,96
143,29,82,96
149,29,82,96
150,32,82,96
149,32,82,96
151,33,82,96
152,37,82,96
158,43,82,96
157,42,82,96
158,43,82,96
158,46,82,96
159,42,82,96
149,40,82,96
148,39,82,96
142,42,82,96
138,43,82,96
134,36,82,96
130,38,82,96
131,38,82,96
128,40,82,96
130,40,82,96
132,42,82,96
132,42,82,96
136,46,82,96
144,46,82,96
153,49,82,96
151,48,82,96
160,46,82,96
162,46,82,96
160,46,82,96
166,41,82,96
167,45,82,96
170,47,82,96
168,46,82,96
165,51,82,96
166,56,82,96
162,55,82,96
161,55,82,96
160,54,82,96
160,54,82,96
162,51,82,96
164,52,82,96
167,54,82,96
166,52,82,96
170,55,82,96
170,52,82,96
172,58,82,96
170,59,82,96
170,56,82,96
165,56,82,96
163,49,82,96
161,51,82,96
160,44,82,96
161,41,82,96
157,37,82,96
156,36,82,96
158,37,82,96
157,42,82,96
156,47,82,96
157,53,82,96
158,55,82,96
161,54,82,96
164,52,82,96
165,45,82,96
165,42,82,96
164,36,82,96
168,37,82,96
166,35,82,96
166,35,82,96
165,36,82,96
162,41,82,96
162,43,82,96
158,45,82,96
158,45,82,96
150,40,82,96
147,38,82,96
143,38,82,96
135,32,82,96
127,27,82,96
122,27,82,96
121,28,82,96
117,29,82,96
117,33,82,96
112,41,82,96
115,41,82,96
111,48,82,96
116,42,82,96
121,49,82,96
127,46,82,96
129,40,82,96
140,41,82,96
142,41,82,96
139,41,82,96
135,37,82,96
130,41,82,96
124,39,82,96
121,44,82,96
110,42,82,96
102,40,82,96
99,38,82,96
94,29,82,96
85,26,82,96
76,23,82,96
74,23,82,96
72,22,82,96
67,26,82,96
70,31,82,96
69,37,82,96
64,40,82,96
59,42,82,96
55,43,82,96
43,40,82,96
37,35,82,96
38,30,82,96
38,27,82,96
41,31,82,96
42,29,82,96
48,35,82,96
51,38,82,96
58,43,82,96
58,46,82,96
63,46,82,96
67,45,82,96
70,44,82,96
75,46,82,96
79,36,82,96
86,28,82,96
97,24,82,96
102,16,82,96
108,14,82,96
107,17,82,96
107,17,82,96
108,20,82,96
109,20,82,96
106,24,82,96
106,22,82,96
104,15,82,96
103,12,82,96
103,5,82,96
102,10,82,96
103,10,82,96
101,10,82,96
103,8,82,96
99,5,82,96
99,11,82,96
100,7,82,96
101,11,82,96
107,10,82,96
111,1,82,96
119,-1,82,96
123,12,82,96
124,15,82,96
123,25,82,96
121,29,82,96
120,32,82,96
125,39,82,96
122,45,82,96
121,43,82,96
124,30,82,96
127,29,82,96
136,32,82,96
138,31,82,96
136,34,82,96
136,41,82,96
129,40,82,96
124,40,82,96
118,39,82,96
108,34,82,96
106,32,82,96
103,22,82,96
104,23,82,96
107,23,82,96
105,27,82,96
104,29,82,96
106,30,82,96
104,31,82,96
102,28,82,96
100,31,82,96
98,31,82,96
102,27,82,96
105,28,82,96
109,25,82,96
116,28,82,96
119,31,82,96
127,31,82,96
132,27,82,96
137,24,82,96
139,23,82,96
143,23,82,96
144,19,82,96
146,21,82,96
146,16,82,96
148,8,82,96
149,7,82,96
146,9,82,96
150,17,82,96
147,24,82,96
143,31,82,96
139,35,82,96
132,31,82,96
126,28,82,96
127,20,82,96
128,14,82,96
135,14,82,96
135,16,82,96
137,18,82,96
134,16,82,96
136,20,82,96
142,23,82,96
144,28,82,96
149,30,82,96
154,39,82,96
156,37,82,96
157,37,82,96
154,35,82,96
153,32,82,96
156,41,82,96
157,47,82,96
155,57,82,96
149,56,82,96
144,59,82,96
145,52,82,96
140,52,82,96
142,50,82,96
138,42,82,96
137,36,82,96
133,25,82,96
131,23,82,96
129,21,82,96
125,19,82,96
122,27,82,96
125,26,82,96
123,33,82,96
119,36,82,96
119,35,82,96
118,34,82,96
118,33,82,96
123,28,82,96
125,23,82,96
131,18,82,96
134,20,82,96
138,15,82,96
140,21,82,96
139,22,82,96
143,23,82,96
144,25,82,96
145,22,82,96
150,19,82,96
143,18,82,96
142,8,82,96
150,14,82,96
147,16,82,96
145,16,82,96
145,19,82,96
143,17,82,96
146,20,82,96
151,22,82,96
157,25,82,96
158,24,82,96
162,25,82,96
161,25,82,96
159,25,82,96
172,13,82,96
NaN,NaN,NaN,-2
NaN,NaN,NaN,0
NaN,NaN,NaN,0
NaN,NaN,NaN,0
NaN,NaN,NaN,0
NaN,NaN,NaN,-1
140,68,46,55
137,67,46,55
136,68,46,55
134,67,46,55
136,68,46,55
138,65,46,55
139,66,46,55
140,65,46,55
144,65,46,55
146,64,46,55
147,66,46,55
147,66,46,55
142,68,46,55
143,63,46,55
142,64,46,55
142,64,46,55
140,59,46,55
141,61,46,55
141,63,46,55
145,61,46,55
148,62,46,55
148,59,46,55
142,53,46,55
140,49,46,55
139,57,46,55
136,55,46,55
133,50,46,55
131,48,46,55
133,45,46,55
134,46,46,55
139,42,46,55
143,40,46,55
144,60,46,55
147,59,46,55
153,62,46,55
153,64,46,55
158,65,46,55
159,64,46,55
160,57,46,55
164,52,46,55
166,54,46,55
167,54,46,55
167,53,46,55
167,56,46,55
166,57,46,55
158,63,46,55
149,69,46,55
143,74,46,55
135,73,46,55
135,72,46,55
131,71,46,55
128,66,46,55
130,68,46,55
133,70,46,55
136,70,46,55
139,72,46,55
142,74,46,55
145,79,46,55
148,85,46,55
152,84,46,55
154,82,46,55
157,68,46,55
158,69,46,55
160,63,46,55
163,60,46,55
164,61,46,55
165,62,46,55
164,60,46,55
161,56,46,55
161,51,46,55
161,46,46,55
162,44,46,55
157,41,46,55
156,37,46,55
150,42,46,55
146,46,46,55
142,46,46,55
140,50,46,55
141,47,46,55
139,49,46,55
139,50,46,55
136,47,46,55
138,44,46,55
140,45,46,55
142,47,46,55
144,51,46,55
143,61,46,55
142,65,46,55
143,67,46,55
140,65,46,55
142,59,46,55
144,52,46,55
148,47,46,55
150,48,46,55
151,54,46,55
151,59,46,55
150,61,46,55
148,65,46,55
148,65,46,55
148,67,46,55
148,64,46,55
151,70,46,55
154,65,46,55
150,60,46,55
147,57,46,55
144,60,46,55
139,59,46,55
134,56,46,55
126,57,46,55
119,59,46,55
115,60,46,55
116,62,46,55
118,59,46,55
119,54,46,55
125,52,46,55
127,57,46,55
131,62,46,55
133,70,46,55
139,71,46,55
146,68,46,55
150,64,46,55
153,58,46,55
159,53,46,55
160,52,46,55
161,51,46,55
162,52,46,55
163,50,46,55
164,52,46,55
164,56,46,55
159,59,46,55
155,59,46,55
153,59,46,55
152,62,46,55
151,56,46,55
150,56,46,55
150,54,46,55
148,56,46,55
149,57,46,55
148,59,46,55
151,58,46,55
154,57,46,55
155,56,46,55
154,59,46,55
156,60,46,55
155,63,46,55
151,64,46,55
153,65,46,55
155,70,46,55
151,74,46,55
153,74,46,55
152,72,46,55
152,71,46,55
148,69,46,55
146,66,46,55
152,61,46,55
153,60,46,55
158,61,46,55
163,61,46,55
164,62,46,55
168,62,46,55
170,62,46,55
172,62,46,55
172,58,46,55
170,56,46,55
167,53,46,55
162,51,46,55
157,56,46,55
153,57,46,55
147,60,46,55
143,61,46,55
137,66,46,55
134,66,46,55
131,65,46,55
131,61,46,55
126,61,46,55
127,57,46,55
129,55,46,55
133,54,46,55
135,58,46,55
138,63,46,55
142,66,46,55
146,73,46,55
151,72,46,55
155,73,46,55
161,72,46,55
167,73,46,55
172,72,46,55
176,71,46,55
179,74,46,55
179,75,46,55
176,81,46,55
174,80,46,55
168,76,46,55
163,81,46,55
165,77,46,55
161,76,46,55
154,80,46,55
156,79,46,55
153,81,46,55
153,81,46,55
151,75,46,55
150,75,46,55
146,71,46,55
150,73,46,55
146,68,46,55
146,66,46,55
147,66,46,55
147,70,46,55
150,73,46,55
154,74,46,55
159,72,46,55
166,75,46,55
169,76,46,55
171,75,46,55
176,67,46,55
179,70,46,55
178,55,46,55
178,54,46,55
182,53,46,55
178,51,46,55
177,51,46,55
173,61,46,55
176,84,46,55
177,91,46,55
178,92,46,55
180,88,46,55
183,86,46,55
184,84,46,55
182,73,46,55
181,71,46,55
179,70,46,55
169,68,46,55
163,67,46,55
164,76,46,55
166,79,46,55
163,82,46,55
166,82,46,55
167,80,46,55
169,75,46,55
162,64,46,55
163,66,46,55
161,59,46,55
158,54,46,55
163,60,46,55
166,57,46,55
170,61,46,55
175,62,46,55
175,70,46,55
176,72,46,55
179,75,46,55
177,74,46,55
179,67,46,55
174,71,46,55
172,70,46,55
172,70,46,55
168,73,46,55
170,72,46,55
168,78,46,55
166,78,46,55
159,76,46,55
152,75,46,55
149,74,46,55
147,73,46,55
147,71,46,55
146,69,46,55
142,72,46,55
140,71,46,55
140,74,46,55
145,73,46,55
148,69,46,55
148,74,46,55
154,74,46,55
159,74,46,55
164,69,46,55
168,69,46,55
171,67,46,55
170,69,46,55
171,71,46,55
174,76,46,55
172,80,46,55
169,83,46,55
168,85,46,55
166,85,46,55
164,86,46,55
161,83,46,55
155,79,46,55
148,78,46,55
146,78,46,55
145,83,46,55
143,84,46,55
142,82,46,55
141,80,46,55
138,83,46,55
139,79,46,55
138,78,46,55
136,77,46,55
136,76,46,55
132,78,46,55
131,75,46,55
