NaN,NaN,NaN,-1
148,60,82,96
148,61,82,96
144,65,82,96
140,66,82,96
138,65,82,96
135,62,82,96
136,59,82,96
134,55,82,96
135,52,82,96
128,50,82,96
124,51,82,96
119,53,82,96
110,56,82,96
107,57,82,96
107,55,82,96
108,50,82,96
110,53,82,96
111,51,82,96
115,52,82,96
117,54,82,96
117,60,82,96
116,63,82,96
117,60,82,96
118,61,82,96
119,62,82,96
119,62,82,96
119,56,82,96
124,53,82,96
132,45,82,96
136,48,82,96
135,47,82,96
144,40,82,96
143,41,82,96
149,43,82,96
149,47,82,96
149,51,82,96
147,46,82,96
146,44,82,96
142,40,82,96
142,36,82,96
134,38,82,96
128,45,82,96
122,47,82,96
116,51,82,96
113,48,82,96
111,54,82,96
111,52,82,96
109,54,82,96
108,47,82,96
107,45,82,96
110,41,82,96
112,40,82,96
120,39,82,96
121,43,82,96
119,48,82,96
123,54,82,96
128,59,82,96
132,57,82,96
134,60,82,96
139,55,82,96
144,48,82,96
149,43,82,96
148,38,82,96
149,41,82,96
148,44,82,96
145,52,82,96
142,50,82,96
141,53,82,96
141,54,82,96
137,52,82,96
137,53,82,96
139,48,82,96
139,45,82,96
141,54,82,96
137,57,82,96
134,58,82,96
135,59,82,96
130,61,82,96
132,57,82,96
132,60,82,96
129,58,82,96
124,55,82,96
121,51,82,96
123,51,82,96
121,54,82,96
120,62,82,96
123,63,82,96
124,64,82,96
125,71,82,96
128,74,82,96
130,66,82,96
136,53,82,96
139,50,82,96
140,44,82,96
146,43,82,96
146,47,82,96
148,48,82,96
148,49,82,96
152,53,82,96
150,50,82,96
153,51,82,96
152,50,82,96
152,50,82,96
148,50,82,96
149,48,82,96
148,48,82,96
143,55,82,96
140,57,82,96
137,55,82,96
135,59,82,96
130,65,82,96
126,62,82,96
127,55,82,96
127,54,82,96
127,56,82,96
128,53,82,96
128,50,82,96
128,53,82,96
127,53,82,96
129,56,82,96
130,61,82,96
134,57,82,96
138,57,82,96
139,52,82,96
143,48,82,96
144,43,82,96
148,46,82,96
154,45,82,96
156,44,82,96
155,43,82,96
155,45,82,96
157,45,82,96
157,47,82,96
154,42,82,96
152,44,82,96
152,38,82,96
150,37,82,96
152,34,82,96
150,35,82,96
149,33,82,96
143,30,82,96
140,35,82,96
139,39,82,96
136,42,82,96
134,42,82,96
131,38,82,96
132,34,82,96
127,34,82,96
125,25,82,96
126,25,82,96
125,28,82,96
125,26,82,96
127,30,82,96
130,31,82,96
130,38,82,96
131,40,82,96
132,38,82,96
134,35,82,96
135,34,82,96
138,30,82,96
135,26,82,96
141,23,82,96
142,26,82,96
139,26,82,96
135,25,82,96
135,29,82,96
133,30,82,96
131,33,82,96
132,33,82,96
131,37,82,96
134,38,82,96
131,34,82,96
131,30,82,96
132,26,82,96
130,23,82,96
129,23,82,96
126,22,82,96
130,25,82,96
132,26,82,96
133,30,82,96
133,31,82,96
131,36,82,96
128,37,82,96
124,39,82,96
121,38,82,96
117,44,82,96
116,36,82,96
113,31,82,96
107,38,82,96
102,34,82,96
103,35,82,96
106,35,82,96
106,35,82,96
111,33,82,96
115,29,82,96
118,24,82,96
119,22,82,96
118,17,82,96
127,17,82,96
133,22,82,96
133,28,82,96
140,28,82,96
142,32,82,96
144,31,82,96
149,28,82,96
150,34,82,96
151,34,82,96
154,39,82,96
154,38,82,96
156,45,82,96
158,43,82,96
160,43,82,96
157,43,82,96
150,44,82,96
144,42,82,96
142,41,82,96
139,42,82,96
135,40,82,96
134,36,82,96
132,38,82,96
128,39,82,96
129,39,82,96
132,45,82,96
129,43,82,96
139,48,82,96
142,45,82,96
150,48,82,96
155,46,82,96
161,47,82,96
164,47,82,96
163,45,82,96
167,43,82,96
167,43,82,96
171,49,82,96
166,49,82,96
165,52,82,96
164,54,82,96
161,55,82,96
162,53,82,96
159,50,82,96
163,54,82,96
161,56,82,96
165,53,82,96
166,51,82,96
167,54,82,96
173,54,82,96
172,55,82,96
172,59,82,96
172,59,82,96
172,57,82,96
167,58,82,96
164,50,82,96
165,49,82,96
160,44,82,96
162,42,82,96
158,38,82,96
159,36,82,96
157,38,82,96
158,40,82,96
158,47,82,96
157,54,82,96
159,59,82,96
162,54,82,96
163,53,82,96
165,47,82,96
164,40,82,96
167,38,82,96
166,37,82,96
165,35,82,96
167,34,82,96
167,37,82,96
164,40,82,96
161,44,82,96
163,42,82,96
158,44,82,96
152,40,82,96
144,41,82,96
142,38,82,96
137,33,82,96
129,28,82,96
124,26,82,96
120,28,82,96
119,29,82,96
117,33,82,96
115,38,82,96
115,42,82,96
115,46,82,96
117,46,82,96
122,48,82,96
127,40,82,96
135,41,82,96
139,41,82,96
145,38,82,96
144,39,82,96
137,38,82,96
131,42,82,96
126,39,82,96
121,42,82,96
115,40,82,96
102,43,82,96
99,39,82,96
92,31,82,96
83,26,82,96
73,22,82,96
75,22,82,96
71,21,82,96
71,23,82,96
71,33,82,96
70,40,82,96
66,39,82,96
60,41,82,96
54,42,82,96
40,44,82,96
37,37,82,96
39,34,82,96
37,28,82,96
39,30,82,96
43,30,82,96
50,35,82,96
54,40,82,96
56,42,82,96
59,44,82,96
63,44,82,96
68,44,82,96
68,44,82,96
75,44,82,96
79,34,82,96
88,30,82,96
98,27,82,96
101,15,82,96
105,15,82,96
105,14,82,96
108,12,82,96
109,21,82,96
109,18,82,96
109,20,82,96
106,16,82,96
105,15,82,96
104,10,82,96
101,1,82,96
102,1,82,96
103,7,82,96
102,6,82,96
104,8,82,96
100,8,82,96
98,8,82,96
101,12,82,96
103,16,82,96
110,9,82,96
111,-2,82,96
116,-2,82,96
123,6,82,96
125,8,82,96
124,23,82,96
121,27,82,96
119,26,82,96
127,41,82,96
123,43,82,96
121,40,82,96
123,30,82,96
128,29,82,96
140,35,82,96
140,31,82,96
139,31,82,96
137,40,82,96
130,41,82,96
122,37,82,96
120,38,82,96
111,32,82,96
104,30,82,96
102,26,82,96
104,24,82,96
107,27,82,96
105,26,82,96
105,29,82,96
104,31,82,96
105,33,82,96
101,31,82,96
101,33,82,96
98,32,82,96
104,27,82,96
104,23,82,96
109,24,82,96
117,26,82,96
121,31,82,96
127,28,82,96
132,27,82,96
140,26,82,96
143,23,82,96
144,21,82,96
145,21,82,96
147,15,82,96
145,12,82,96
146,11,82,96
147,6,82,96
150,9,82,96
147,19,82,96
148,25,82,96
143,34,82,96
138,33,82,96
131,32,82,96
126,26,82,96
126,23,82,96
132,15,82,96
133,15,82,96
137,16,82,96
135,19,82,96
135,18,82,96
138,22,82,96
144,24,82,96
146,27,82,96
149,34,82,96
153,38,82,96
158,37,82,96
154,38,82,96
155,37,82,96
155,40,82,96
158,40,82,96
157,50,82,96
153,54,82,96
149,55,82,96
146,53,82,96
145,54,82,96
144,50,82,96
143,46,82,96
138,43,82,96
137,39,82,96
134,34,82,96
130,20,82,96
128,19,82,96
125,22,82,96
126,26,82,96
126,26,82,96
123,33,82,96
120,32,82,96
117,35,82,96
116,35,82,96
118,31,82,96
124,33,82,96
126,24,82,96
131,21,82,96
133,22,82,96
140,24,82,96
141,23,82,96
140,24,82,96
143,26,82,96
148,25,82,96
147,26,82,96
150,21,82,96
141,18,82,96
145,10,82,96
147,13,82,96
146,16,82,96
145,18,82,96
144,18,82,96
143,20,82,96
148,22,82,96
153,19,82,96
158,26,82,96
156,24,82,96
160,25,82,96
159,27,82,96
158,26,82,96
158,25,82,96
155,29,82,96
153,27,82,96
152,21,82,96
NaN,NaN,NaN,-2
NaN,NaN,NaN,0
NaN,NaN,NaN,0
NaN,NaN,NaN,0
NaN,NaN,NaN,0
NaN,NaN,NaN,-1
133,63,49,58
135,65,49,58
136,61,49,58
139,61,49,58
142,60,49,58
142,58,49,58
145,58,49,58
147,58,49,58
147,59,49,58
142,59,49,58
142,59,49,58
143,56,49,58
144,54,49,58
142,55,49,58
141,55,49,58
142,55,49,58
143,50,49,58
146,54,49,58
149,51,49,58
140,43,49,58
140,40,49,58
137,43,49,58
134,42,49,58
132,43,49,58
129,43,49,58
131,41,49,58
133,42,49,58
139,38,49,58
142,35,49,58
145,43,49,58
149,51,49,58
155,54,49,58
158,51,49,58
161,55,49,58
163,54,49,58
164,23,49,58
165,16,49,58
168,27,49,58
170,42,49,58
172,30,49,58
170,26,49,58
166,52,49,58
158,58,49,58
151,64,49,58
143,67,49,58
136,66,49,58
133,67,49,58
130,65,49,58
129,61,49,58
133,62,49,58
134,64,49,58
136,66,49,58
139,68,49,58
141,74,49,58
144,79,49,58
148,81,49,58
152,81,49,58
153,82,49,58
155,77,49,58
155,74,49,58
158,69,49,58
157,73,49,58
160,75,49,58
161,75,49,58
163,74,49,58
159,71,49,58
157,69,49,58
156,64,49,58
158,56,49,58
156,51,49,58
154,47,49,58
150,56,49,58
143,57,49,58
138,60,49,58
136,63,49,58
137,62,49,58
137,64,49,58
136,64,49,58
134,62,49,58
136,61,49,58
137,58,49,58
140,66,49,58
141,66,49,58
141,67,49,58
139,68,49,58
141,72,49,58
140,72,49,58
143,59,49,58
144,48,49,58
148,47,49,58
150,47,49,58
150,52,49,58
150,61,49,58
148,63,49,58
148,67,49,58
147,70,49,58
146,76,49,58
148,75,49,58
149,71,49,58
150,67,49,58
145,71,49,58
142,63,49,58
139,70,49,58
134,67,49,58
127,63,49,58
122,66,49,58
118,68,49,58
113,64,49,58
115,60,49,58
118,57,49,58
119,51,49,58
123,51,49,58
125,58,49,58
130,63,49,58
131,67,49,58
138,72,49,58
145,72,49,58
150,63,49,58
153,60,49,58
156,54,49,58
160,53,49,58
162,52,49,58
162,53,49,58
160,52,49,58
162,53,49,58
163,56,49,58
156,58,49,58
155,59,49,58
153,61,49,58
151,63,49,58
148,58,49,58
149,56,49,58
150,53,49,58
148,56,49,58
148,57,49,58
146,60,49,58
150,58,49,58
152,59,49,58
153,61,49,58
151,60,49,58
154,59,49,58
152,63,49,58
149,62,49,58
148,69,49,58
150,70,49,58
149,71,49,58
147,74,49,58
144,73,49,58
142,77,49,58
144,72,49,58
143,66,49,58
144,63,49,58
147,58,49,58
150,61,49,58
156,60,49,58
157,62,49,58
160,62,49,58
163,63,49,58
163,64,49,58
161,61,49,58
163,58,49,58
162,51,49,58
156,53,49,58
152,53,49,58
148,55,49,58
145,55,49,58
142,56,49,58
134,64,49,58
130,66,49,58
124,67,49,58
120,72,49,58
118,69,49,58
119,64,49,58
120,65,49,58
122,66,49,58
127,63,49,58
128,72,49,58
133,72,49,58
140,80,49,58
145,84,49,58
149,81,49,58
154,78,49,58
162,76,49,58
165,76,49,58
169,80,49,58
172,83,49,58
173,81,49,58
173,81,49,58
171,76,49,58
164,80,49,58
160,82,49,58
159,80,49,58
156,80,49,58
152,81,49,58
153,82,49,58
151,83,49,58
151,81,49,58
149,82,49,58
145,82,49,58
141,82,49,58
141,84,49,58
142,81,49,58
139,79,49,58
141,77,49,58
142,78,49,58
145,78,49,58
149,79,49,58
155,82,49,58
159,85,49,58
163,87,49,58
163,87,49,58
166,88,49,58
165,89,49,58
170,72,49,58
179,53,49,58
180,50,49,58
179,48,49,58
182,50,49,58
182,41,49,58
183,40,49,58
190,42,49,58
188,44,49,58
191,48,49,58
192,51,49,58
190,53,49,58
188,52,49,58
187,53,49,58
183,54,49,58
180,67,49,58
174,76,49,58
171,79,49,58
170,80,49,58
168,83,49,58
167,87,49,58
169,81,49,58
165,78,49,58
163,56,49,58
165,53,49,58
161,50,49,58
158,47,49,58
163,50,49,58
167,55,49,58
169,68,49,58
175,59,49,58
174,70,49,58
177,75,49,58
179,73,49,58
178,73,49,58
177,72,49,58
174,70,49,58
174,72,49,58
172,69,49,58
167,73,49,58
168,75,49,58
166,80,49,58
163,81,49,58
157,78,49,58
151,75,49,58
151,72,49,58
146,73,49,58
144,70,49,58
144,68,49,58
140,68,49,58
140,69,49,58
139,71,49,58
142,72,49,58
146,70,49,58
148,72,49,58
152,72,49,58
158,74,49,58
161,72,49,58
165,68,49,58
169,67,49,58
170,69,49,58
172,71,49,58
173,74,49,58
174,77,49,58
169,80,49,58
168,85,49,58
167,82,49,58
163,85,49,58
160,83,49,58
158,79,49,58
156,77,49,58
151,77,49,58
145,80,49,58
142,84,49,58
141,81,49,58
142,80,49,58
138,81,49,58
135,78,49,58
135,79,49,58
133,76,49,58
133,76,49,58
133,77,49,58
128,75,49,58
