NaN,NaN,NaN,-1
227,87,39,50
228,87,38,49
227,90,40,50
226,90,40,50
225,87,40,50
224,89,40,50
224,89,40,50
224,91,41,50
222,88,40,50
222,91,40,50
220,92,40,49
219,93,42,47
210,88,41,50
209,89,39,47
207,89,39,48
205,88,38,50
202,87,41,49
197,84,41,50
195,85,42,49
188,80,42,51
187,81,42,48
187,84,40,50
175,76,39,51
168,72,40,48
166,73,39,50
165,75,39,51
158,73,41,50
163,67,40,49
NaN,NaN,NaN,-2
NaN,NaN,NaN,0
NaN,NaN,NaN,0
NaN,NaN,NaN,0
NaN,NaN,NaN,0
NaN,NaN,NaN,-1
43,104,51,66
40,105,52,69
37,106,51,69
33,108,54,69
34,109,54,69
34,110,54,68
36,112,54,68
38,114,53,70
39,118,54,68
42,116,53,70
43,112,54,69
28,105,54,67
NaN,NaN,NaN,-2
NaN,NaN,NaN,0
NaN,NaN,NaN,0
NaN,NaN,NaN,0
NaN,NaN,NaN,0
NaN,NaN,NaN,-1
130,91,50,63
134,90,51,65
135,87,52,64
140,88,50,65
142,88,52,65
144,86,52,66
148,91,52,66
151,86,52,66
153,87,52,64
161,86,50,65
166,92,52,66
172,95,52,67
174,95,52,67
180,98,52,65
190,98,50,66
197,97,52,66
204,93,50,65
208,92,52,65
213,89,52,64
220,92,48,64
222,89,49,67
224,86,49,63
220,78,51,65
226,78,51,63
227,76,49,64
230,77,49,63
231,78,49,63
232,76,49,63
233,82,49,65
235,84,48,65
236,86,48,66
237,89,49,65
239,92,48,66
241,94,49,66
242,97,48,66
247,101,49,66
246,106,50,66
249,111,51,66
247,113,49,66
248,119,48,65
248,121,49,65
245,121,49,65
241,121,49,64
237,120,49,64
233,118,49,65
229,116,49,65
221,111,49,63
209,103,50,64
204,100,48,66
195,95,49,65
186,90,48,64
177,87,50,65
178,89,48,66
168,87,50,64
162,83,49,64
153,77,49,67
141,72,50,64
135,68,49,65
132,68,49,64
132,71,48,65
129,72,50,67
125,73,51,67
121,73,50,64
122,75,48,64
124,72,49,63
127,69,48,67
129,69,49,66
123,60,51,63
124,60,50,63
126,59,48,63
128,57,50,63
130,56,49,63
131,54,49,63
134,55,49,65
136,58,49,65
141,58,49,66
144,59,49,63
145,58,52,65
147,61,52,65
149,60,51,63
149,59,52,65
150,60,52,63
152,60,52,63
156,59,52,65
158,57,52,65
163,55,49,63
163,54,52,65
167,54,51,65
170,57,51,65
175,55,48,66
177,55,48,64
179,58,49,63
178,60,48,64
178,62,49,67
178,66,49,67
177,71,48,66
176,73,48,63
175,73,49,67
172,76,48,67
174,80,49,64
175,90,50,66
171,92,51,66
NaN,NaN,NaN,-2
NaN,NaN,NaN,0
NaN,NaN,NaN,0
NaN,NaN,NaN,0
NaN,NaN,NaN,0
NaN,NaN,NaN,-1
92,143,48,64
91,144,47,64
90,145,48,66
86,147,46,66
83,149,46,65
74,145,46,66
69,144,46,65
64,144,45,64
64,147,45,67
61,148,46,64
58,149,46,65
56,151,46,63
57,151,48,63
49,149,46,65
50,146,46,65
55,141,48,67
40,128,44,67
36,121,48,66
26,110,48,66
37,118,48,65
40,119,48,64
42,117,48,64
38,109,48,63
42,109,48,66
44,104,47,65
44,103,48,65
47,102,48,66
49,101,48,67
54,99,46,65
33,99,45,67
NaN,NaN,NaN,-2
NaN,NaN,NaN,0
NaN,NaN,NaN,0
NaN,NaN,NaN,0
NaN,NaN,NaN,0
NaN,NaN,NaN,-1
86,67,52,76
88,68,53,78
90,70,52,76
91,73,53,78
94,77,53,79
95,81,52,77
95,84,55,78
97,87,55,76
100,89,54,79
103,92,52,78
104,95,56,78
108,99,54,77
112,100,55,77
114,101,56,77
116,104,55,77
119,103,56,78
124,108,54,77
125,110,56,78
127,114,55,78
128,117,56,79
126,120,52,78
NaN,NaN,NaN,-2
NaN,NaN,NaN,0
NaN,NaN,NaN,0
NaN,NaN,NaN,0
NaN,NaN,NaN,0
NaN,NaN,NaN,-1
214,90,43,65
216,92,43,65
220,89,43,65
223,90,40,68
225,93,40,65
226,96,40,66
225,98,40,67
224,101,41,68
225,102,40,68
224,104,41,68
225,106,41,68
225,109,41,66
226,111,40,68
226,111,41,68
226,115,41,66
225,118,42,67
225,120,41,68
228,126,41,69
229,128,41,68
229,132,40,66
