NaN,NaN,NaN,-1
226,87,46,50
226,87,47,48
225,89,47,51
224,90,48,50
224,88,48,50
223,88,46,50
221,90,48,48
221,92,48,48
220,90,49,50
220,92,48,49
218,93,48,49
216,92,48,47
207,88,46,49
205,89,46,47
202,88,45,49
200,87,45,50
197,87,46,50
189,84,48,51
188,83,49,50
182,81,47,51
183,82,48,51
182,85,48,48
176,84,48,48
163,74,46,48
162,77,46,50
157,77,47,48
149,72,45,51
146,71,49,51
152,69,49,48
NaN,NaN,NaN,-2
NaN,NaN,NaN,0
NaN,NaN,NaN,0
NaN,NaN,NaN,0
NaN,NaN,NaN,0
NaN,NaN,NaN,-1
38,108,63,64
35,106,62,67
33,106,60,66
33,109,62,65
33,108,62,66
36,109,62,66
35,110,62,66
35,111,63,66
37,110,63,66
39,108,63,65
37,105,63,63
36,106,62,63
NaN,NaN,NaN,-2
NaN,NaN,NaN,0
NaN,NaN,NaN,0
NaN,NaN,NaN,0
NaN,NaN,NaN,0
NaN,NaN,NaN,-1
137,89,54,62
140,87,57,63
141,84,58,62
146,83,56,63
147,82,58,63
151,83,56,63
153,81,56,63
154,80,58,64
157,81,58,62
162,80,56,63
164,82,56,64
167,81,58,65
169,83,58,62
NaN,NaN,NaN,-2
NaN,NaN,NaN,0
NaN,NaN,NaN,0
NaN,NaN,NaN,0
NaN,NaN,NaN,0
NaN,NaN,NaN,-1
239,51,42,63
237,53,42,64
235,52,43,63
236,58,42,65
235,59,42,66
236,63,40,63
238,64,42,66
240,67,40,66
240,71,40,67
243,74,39,66
244,78,40,66
247,81,41,65
246,83,41,67
247,84,40,66
249,87,39,66
250,91,41,66
255,97,40,66
256,99,40,66
254,101,41,66
253,104,42,67
251,109,39,64
251,107,39,66
249,112,40,64
247,110,39,63
243,110,40,65
238,104,43,64
230,99,39,63
224,96,42,63
210,87,39,65
201,78,39,67
192,75,41,67
185,72,40,64
182,73,40,67
177,72,39,67
170,68,39,66
168,71,40,66
167,75,41,66
165,77,42,66
NaN,NaN,NaN,-2
NaN,NaN,NaN,0
NaN,NaN,NaN,0
NaN,NaN,NaN,0
NaN,NaN,NaN,0
NaN,NaN,NaN,-1
118,66,49,57
117,62,51,57
120,60,53,59
121,58,50,57
123,55,49,59
126,57,49,57
128,56,49,58
128,54,49,60
130,55,49,58
133,56,49,57
136,57,49,58
139,59,53,60
143,62,52,58
145,60,53,58
149,60,52,57
151,58,49,57
153,59,50,56
152,58,53,57
158,58,51,56
160,57,52,59
163,58,52,58
166,56,52,56
171,61,51,57
174,61,51,59
176,60,49,58
179,61,49,58
178,61,49,59
179,61,49,60
178,64,49,60
179,67,49,58
176,73,51,60
176,74,51,59
174,77,50,60
172,80,51,58
170,81,49,59
167,85,51,56
158,90,49,58
162,95,49,60
161,95,51,60
NaN,NaN,NaN,-2
NaN,NaN,NaN,0
NaN,NaN,NaN,0
NaN,NaN,NaN,0
NaN,NaN,NaN,0
NaN,NaN,NaN,-1
89,143,55,68
87,143,56,68
87,145,56,68
81,145,58,68
82,147,56,68
81,149,56,68
80,146,58,68
70,142,55,68
68,147,55,68
67,150,57,64
65,150,58,67
53,142,56,68
53,148,58,65
51,146,56,65
57,141,58,65
60,140,58,67
57,132,56,64
37,116,56,67
34,118,56,65
38,118,58,65
42,113,56,68
35,104,58,64
38,101,58,64
38,100,58,65
42,101,58,65
43,97,58,65
46,96,58,67
50,95,56,66
52,96,58,65
54,96,58,66
58,99,58,67
59,96,56,68
60,100,58,65
64,102,58,66
67,101,58,66
71,100,56,66
72,100,58,66
75,98,58,66
79,97,58,65
82,100,58,66
84,105,57,66
88,105,57,67
91,105,58,66
93,109,58,66
97,111,58,66
100,112,56,66
104,113,56,68
106,116,56,65
109,117,58,66
108,122,55,68
107,127,57,67
109,130,56,68
111,131,55,68
NaN,NaN,NaN,-2
NaN,NaN,NaN,0
NaN,NaN,NaN,0
NaN,NaN,NaN,0
NaN,NaN,NaN,0
NaN,NaN,NaN,-1
198,96,50,62
203,96,51,63
206,98,50,63
209,93,49,62
212,98,47,60
213,97,49,61
218,96,49,62
220,99,49,62
222,101,47,63
223,105,47,61
221,106,47,64
220,109,47,62
219,114,47,63
220,114,47,62
220,116,47,62
222,118,47,60
221,118,47,63
222,122,47,62
224,125,47,64
223,128,47,61
220,132,48,62
223,134,47,62
222,138,49,63
