NaN,NaN,NaN,-1
223,90,42,44
224,88,42,44
224,91,42,46
223,90,42,46
224,87,41,47
221,87,42,46
221,90,42,47
221,93,43,46
220,90,42,46
220,92,43,46
218,93,42,46
218,95,44,43
209,87,42,46
209,87,41,47
207,88,41,46
204,87,42,46
203,88,41,46
197,86,42,46
194,84,44,44
188,83,42,47
189,84,43,47
187,88,42,44
176,81,42,46
164,70,41,44
165,74,41,46
163,76,41,47
156,74,43,46
162,69,42,45
NaN,NaN,NaN,-2
NaN,NaN,NaN,0
NaN,NaN,NaN,0
NaN,NaN,NaN,0
NaN,NaN,NaN,0
NaN,NaN,NaN,-1
40,105,53,61
39,108,54,63
35,110,54,60
31,108,53,63
32,112,54,61
33,112,56,62
35,114,55,64
36,115,55,64
37,119,56,62
38,117,56,63
36,111,56,60
29,108,56,61
NaN,NaN,NaN,-2
NaN,NaN,NaN,0
NaN,NaN,NaN,0
NaN,NaN,NaN,0
NaN,NaN,NaN,0
NaN,NaN,NaN,-1
129,92,50,58
131,93,53,59
132,91,54,58
137,92,52,59
138,91,54,59
139,88,54,60
144,89,52,59
146,88,54,60
148,89,54,58
157,93,53,57
161,99,54,60
167,104,54,61
171,105,51,58
NaN,NaN,NaN,-2
NaN,NaN,NaN,0
NaN,NaN,NaN,0
NaN,NaN,NaN,0
NaN,NaN,NaN,0
NaN,NaN,NaN,-1
243,52,36,64
242,53,36,60
240,57,34,60
238,58,36,63
237,58,36,63
236,61,36,62
238,65,36,62
240,67,36,62
241,70,34,62
245,73,32,62
244,76,33,63
244,77,34,64
245,82,34,64
247,83,33,60
248,86,35,62
250,88,34,62
253,91,33,63
255,95,33,64
256,99,32,64
256,101,35,64
256,105,33,64
253,108,32,62
254,111,33,64
252,114,33,64
249,115,33,62
244,111,36,62
239,109,36,62
232,102,33,61
219,95,32,62
207,85,33,64
204,89,32,62
196,81,33,64
190,84,33,64
185,84,33,60
175,76,33,61
172,77,33,64
173,81,33,64
175,84,32,63
NaN,NaN,NaN,-2
NaN,NaN,NaN,0
NaN,NaN,NaN,0
NaN,NaN,NaN,0
NaN,NaN,NaN,0
NaN,NaN,NaN,-1
117,78,46,53
119,75,48,54
120,72,48,52
125,71,46,53
126,68,45,55
126,64,48,54
129,64,46,52
131,62,45,51
131,59,44,52
133,58,45,53
136,59,45,53
139,60,44,53
142,63,44,51
146,63,48,53
149,61,46,55
153,61,48,54
155,60,46,51
157,61,46,51
158,59,46,51
162,59,44,52
164,57,44,51
168,56,47,51
172,58,46,52
174,55,47,53
178,58,45,53
178,59,46,54
180,61,45,55
180,63,45,54
182,65,44,54
181,67,44,54
180,72,45,54
181,74,45,53
178,78,45,55
178,82,45,52
175,83,44,54
173,86,45,55
166,93,45,52
158,96,45,52
168,107,46,53
162,110,46,55
NaN,NaN,NaN,-2
NaN,NaN,NaN,0
NaN,NaN,NaN,0
NaN,NaN,NaN,0
NaN,NaN,NaN,0
NaN,NaN,NaN,-1
85,144,52,59
80,144,50,63
79,146,51,63
70,143,50,62
68,143,51,62
65,146,50,62
62,150,50,61
60,149,49,63
59,153,50,59
56,151,50,60
56,152,52,60
51,151,50,59
51,151,52,61
50,146,51,62
54,144,52,60
32,129,50,61
32,120,50,61
20,112,50,62
21,113,52,63
24,112,52,63
26,112,52,62
28,110,52,60
31,111,52,59
31,108,52,59
25,111,50,60
22,110,50,60
20,112,50,59
18,113,48,59
NaN,NaN,NaN,-2
NaN,NaN,NaN,0
NaN,NaN,NaN,0
NaN,NaN,NaN,0
NaN,NaN,NaN,0
NaN,NaN,NaN,-1
80,66,57,70
82,67,55,68
83,68,55,68
86,71,55,70
87,73,55,70
89,77,54,68
91,81,57,69
92,83,56,69
90,86,55,70
96,89,55,68
97,92,58,69
100,95,56,68
103,97,57,68
105,98,58,68
107,101,57,68
109,103,58,70
115,109,56,67
115,110,58,69
115,114,55,70
119,118,58,70
NaN,NaN,NaN,-2
NaN,NaN,NaN,0
NaN,NaN,NaN,0
NaN,NaN,NaN,0
NaN,NaN,NaN,0
NaN,NaN,NaN,-1
205,97,43,57
208,98,42,57
209,97,45,55
211,101,44,56
214,101,44,57
219,100,43,57
222,101,43,57
225,104,43,57
226,108,41,58
226,111,41,58
225,111,41,59
225,114,41,57
224,119,41,58
225,121,42,58
226,123,41,58
226,124,41,58
225,128,41,57
226,131,41,57
227,133,41,59
225,136,42,58
225,139,41,58
227,143,44,57
