NaN,NaN,NaN,-1
334.44,169.07,26.155,61.345
332.08,167.73,26.659,62.62
328.94,166.46,26.827,63.142
324.66,166.71,26.618,62.666
316.46,164.36,27.37,64.566
311.51,163.63,27.16,64.217
309.45,161.22,27.09,64.155
305.51,160.17,27.364,64.935
NaN,NaN,NaN,-2
NaN,NaN,NaN,0
NaN,NaN,NaN,0
NaN,NaN,NaN,0
NaN,NaN,NaN,0
NaN,NaN,NaN,-1
327.12,163.97,26.29,61.533
333.84,168.74,26.293,61.605
330.15,175.02,26.292,61.281
325,184.76,26.202,60.945
325.6,182.88,25.723,59.751
321.08,183.05,25.372,59.147
316.11,180.95,25.367,59.063
306.85,177.87,25.454,59.259
311.53,179.79,25.319,58.896
309.16,186.34,24.693,57.329
311.93,191.22,24.099,56.021
307.3,189.8,23.411,54.453
NaN,NaN,NaN,-2
NaN,NaN,NaN,0
NaN,NaN,NaN,0
NaN,NaN,NaN,0
NaN,NaN,NaN,0
NaN,NaN,NaN,-1
329.03,156.69,26.539,62.351
327.67,156.35,27.236,64.077
331.58,154.62,27.14,63.686
327.18,160.21,27.379,64.476
325.43,156.67,27.097,63.717
325.61,156.61,27.262,64.097
334.07,159.86,27.695,65.008
335.27,154.98,27.888,65.365
328.84,155.25,27.654,65.03
325.09,159.64,28.146,66.229
329.96,154.39,27.94,65.69
330.48,154.23,27.815,65.305
331.62,153.14,28.252,66.515
330.57,154.84,27.785,65.179
328.11,158.31,27.813,65.245
325.71,157.73,28.05,65.591
320.51,162.84,28.085,65.695
318.89,168.09,28.042,65.611
313.58,174.32,28.145,66.108
311.8,176.44,27.906,65.444
NaN,NaN,NaN,-2
NaN,NaN,NaN,0
NaN,NaN,NaN,0
NaN,NaN,NaN,0
NaN,NaN,NaN,0
NaN,NaN,NaN,-1
338.29,155.15,26.311,61.914
340.68,156.08,25.917,61.109
340.81,156.34,25.835,60.804
334.64,155.26,25.992,60.921
332.11,155.12,25.895,60.542
330.75,150.86,26.181,60.968
341.05,157.72,26.133,60.89
343.15,159.25,25.802,60.273
341.42,169.44,26.362,61.649
336.01,174.84,26.398,61.565
340.18,176.06,26.92,62.771
338.12,176.37,26.808,62.57
348.07,160.93,26.796,62.767
NaN,NaN,NaN,-2
NaN,NaN,NaN,0
NaN,NaN,NaN,0
NaN,NaN,NaN,0
NaN,NaN,NaN,0
NaN,NaN,NaN,-1
322.31,155.02,25.831,60.57
319.72,153.91,26.06,61.123
320.64,154.49,26.123,61.323
322.59,155.61,26.066,61.193
317.65,153.7,26.135,61.508
319.1,153.88,26.574,62.619
320.83,154.62,26.492,62.249
325.05,152.58,26.901,63.353
330.52,148.22,26.391,62.049
334.57,140.08,26.165,61.702
333.59,140.99,26.106,61.657
345.59,136.02,25.708,60.859
346.5,133.93,25.469,60.332
346.57,133.78,25.62,60.707
348.47,133.24,25.944,61.642
352.39,126.16,25.502,60.682
356.19,118.69,25.171,59.689
NaN,NaN,NaN,-2
NaN,NaN,NaN,0
NaN,NaN,NaN,0
NaN,NaN,NaN,0
NaN,NaN,NaN,0
NaN,NaN,NaN,-1
338.37,156.58,26.477,62.161
338.67,150.58,26.722,62.589
337.97,150.08,26.723,62.772
336.24,155.39,26.582,62.39
339.7,159.59,26.897,62.938
338.68,158.46,27.309,63.749
338.54,157.02,27.946,65.099
344.29,153.66,28.43,66.059
345.33,155.25,28.08,65.193
345.37,158.45,27.774,64.576
345.3,155.99,28.041,65.111
350.06,157.42,28.274,65.712
351.98,152.57,27.843,64.633
352.96,158.53,27.759,64.371
353.6,158.29,27.66,64.163
359.49,164.14,27.469,63.809
364.91,160.98,27.372,63.581
349.89,158.56,26.91,62.425
346.36,170,26.574,61.507
349.04,171.3,26.379,60.708
348.64,175.26,26.188,60.573
NaN,NaN,NaN,-2
NaN,NaN,NaN,0
NaN,NaN,NaN,0
NaN,NaN,NaN,0
NaN,NaN,NaN,0
NaN,NaN,NaN,-1
373.37,162.58,26.477,62.161
378.87,163.93,26.605,62.557
375.83,165.44,26.162,61.458
376.1,167.85,26.39,61.958
376.76,168.37,26.703,62.827
379.45,177.73,27.048,63.954
381.1,177.02,27.396,64.807
381.76,177.12,27.513,64.97
383.4,166.83,27.85,65.776
384.53,170.44,27.417,64.678
389.56,168.06,28.05,66.052
391.79,167.16,27.718,65.016
395.83,169.36,28.137,66.165
393.49,170.24,28.017,65.672
393.95,173.41,27.473,64.379
395.18,174.37,27.298,64.047
394.07,187.09,27.289,64.148
400.98,185.2,27.461,64.721
402.42,176.35,27.664,65.114
403.96,177.11,27.645,65.344
408.87,176.42,28.07,66.489
412.39,172.76,27.827,66.097
417.95,173.51,28.132,66.643
418.09,173.02,28.52,67.401
415.2,172.77,28.379,67.062
413.65,173.15,27.757,65.469
419.53,171.07,28.041,66.399
414.24,168.4,27.644,65.5
419.93,170.07,27.819,66
422.57,167.74,27.89,66.088
416.74,170.78,27.459,65.077
416.81,172.69,27.602,65.519
416.73,170.16,27.991,66.412
422.94,171.74,27.652,65.477
420.86,172.43,27.646,65.52
419.6,173.95,27.285,64.636
420.66,176.17,27.215,64.552
425.25,175.69,27.367,65.004
424.36,185.99,27.603,65.587
431.62,187.29,27.956,66.258
438.97,185.53,27.85,66.033
443.39,185.35,28.265,66.924
446.37,190.95,28.016,66.256
436.87,188.72,28.577,67.619
431.75,183.67,28.523,67.31
429.16,184.72,29.224,68.825
434.65,184.59,29.2,69.039
439.25,181.19,29.148,68.878
441.82,181.33,29.405,69.269
439.64,179.19,29.293,69.035
443.8,177.08,28.84,67.934
444.89,178.48,28.878,67.845
446.49,175.69,29.171,68.382
459.58,177.64,29.135,68.209
452.38,177.24,29.3,68.562
461.72,174.47,29.47,68.982
451.66,178.88,29.799,69.657
443.34,170.34,30.06,70.342
450.24,165.32,29.675,69.166
NaN,NaN,NaN,-2
NaN,NaN,NaN,0
NaN,NaN,NaN,0
NaN,NaN,NaN,0
NaN,NaN,NaN,0
NaN,NaN,NaN,-1
462.11,174.34,25.885,60.712
458.71,174.28,25.965,60.876
455.67,175.78,25.522,59.782
455.56,176.66,24.791,57.888
454.96,176.16,25.134,58.625
453.02,175.71,25.75,60.024
448.18,186.64,25.775,60.275
448.83,185.32,26.05,60.858
450.56,180.91,26.325,61.556
453.49,172.56,26.32,61.546
453.88,169.86,26.178,61.022
456.11,168.95,25.846,60.01
455.58,167.32,25.519,59.21
454.74,167.09,24.771,57.465
454.92,166.06,24.794,57.411
453.47,164.68,25.241,58.416
451.55,165,25.081,58.005
447.09,172.37,24.996,57.841
443.06,178.34,25.222,58.386
446.75,171.52,25.016,57.902
447.66,165.44,25.242,58.147
447.35,167.67,24.74,56.922
448.25,164.96,23.924,55.028
450.54,162.04,23.914,55.151
449.3,161.96,23.974,55.149
449.52,161.34,24.22,55.694
450.04,162.89,23.87,55.007
447.54,172.98,23.906,54.922
445.2,170.96,24.585,56.626
448.24,174.42,24.415,56.497
448.98,172.62,24.432,56.657
450.24,180.09,23.75,55.002
456.15,176.81,23.758,55.194
464.59,182.18,23.895,55.528
456.39,183.74,23.934,55.63
457.22,178.72,24.091,56.122
459.46,173.11,24.132,56.209
466.83,171.69,24.217,56.504
461.51,170.81,24.586,57.435
471.33,169.21,24.767,57.777
464.64,175.54,24.812,57.793
466.04,183.28,24.991,58.126
464.68,183.69,24.887,57.764
464.31,193.08,25.433,59.019
462.33,182.04,25.265,58.604
463.02,181.04,24.891,57.684
NaN,NaN,NaN,-2
NaN,NaN,NaN,0
NaN,NaN,NaN,0
NaN,NaN,NaN,0
NaN,NaN,NaN,0
NaN,NaN,NaN,-1
528.27,135.32,26.154,61.35
531.76,132.82,26.369,62.026
534.95,130.91,26.229,61.409
535.92,129.74,25.978,60.885
535.64,131.84,25.194,59.126
536.14,130.95,24.755,58.189
534.66,128.49,24.078,56.504
533.12,129.17,23.504,55.115
531.86,128.48,23.192,54.367
530.58,130.92,23.243,54.459
528.23,132.8,22.834,53.436
525.96,129.79,23.065,53.808
523.97,131.16,23.362,54.646
522.5,128.72,24.007,56.286
519.26,127.11,24.463,57.547
517.19,125.42,24.803,58.256
514.29,128.35,25.231,59.317
511.34,130.05,25.135,59.056
509.05,125.04,25.148,59.023
507.61,123.88,25.149,59.175
505.9,124.03,25.578,60.325
502.79,120.96,25.523,60.274
501.09,120.38,24.977,59.042
500.23,120.18,24.9,58.912
498.6,118.01,24.71,58.474
496.54,116.04,24.871,59.072
493.39,111.91,25.14,59.612
492.38,111.22,24.709,58.64
488.14,110.09,24.651,58.453
486.98,110.03,24.394,57.955
485.63,107.12,24.34,57.857
486.85,101.36,23.939,56.984
487.7,100.53,23.778,56.654
485.84,98.721,23.645,56.317
485.13,99.919,23.199,55.407
486.97,101.66,23.049,54.878
487.1,99.681,22.994,54.697
487.91,98.751,23.28,55.564
488.12,96.357,22.942,54.647
488,95.755,22.421,53.404
489.87,96.925,22.72,54.324
491.03,96.676,22.186,52.95
492.08,95.903,21.98,52.506
500.41,96.029,22.324,53.259
504.23,93.168,22.29,53.072
505.56,91.677,21.999,52.506
494.73,95.468,21.858,51.949
493.64,90.878,21.564,51.2
494.44,96.653,21.633,51.329
494.24,95.983,21.986,52.144
493.94,94.87,22.016,52.209
491.81,94.183,22.232,52.778
489.81,95.154,22.866,54.273
488.16,96.577,22.811,53.976
495.52,90.796,22.679,53.672
490.61,93.751,22.369,52.839
483.51,93.655,22.273,52.721
479.44,93.772,22.19,52.37
475.45,93.593,21.62,51.043
465,94.624,21.458,50.734
458.26,99.513,21.575,50.744
453.42,100.21,21.22,50.099
450.81,99.927,21.756,51.123
446.27,99.009,21.244,49.875
449.77,110.06,21.457,50.516
447.44,110.99,21.157,49.904
442.81,108.59,21.542,50.665
437.57,105.17,21.188,49.801
434.97,104.95,21.086,49.663
434.39,104.5,20.898,49.187
433,102.01,20.369,47.918
431.64,103.9,20.636,48.42
433.02,104.19,20.821,48.823
433.22,104.13,20.967,48.988
433.85,106.42,21.031,49.081
431.37,104.9,20.826,48.503
431.72,106.71,21.417,49.799
435.02,105.26,21.507,50.029
431.74,105.56,21.224,49.444
430.87,106.8,21.492,50.056
429.12,103.31,21.401,49.817
427.05,102.49,21.498,50.055
426.09,102.21,20.722,48.131
425.14,101.86,20.169,46.84
424.26,103.16,20.183,46.826
423.11,104.65,20.397,47.483
416.84,102.97,20.875,48.481
415.02,101.35,20.829,48.201
414.17,100.81,21.397,49.677
409.65,103.16,21.945,51.119
408.11,103.07,22.272,52.007
407.71,102.73,22.487,52.704
405.47,102.12,22.26,52.203
402.11,100.12,21.91,51.371
400.64,98.375,22.102,51.68
398.37,102.67,22.56,52.842
396.85,102.17,23.126,54.031
395.84,100.36,23.245,54.388
392.73,98.85,23.18,54.201
388.42,103.31,23.248,54.487
385.03,104.71,23.27,54.695
386.43,113.17,22.924,53.89
386.34,120.99,22.943,53.748
388.87,128.5,22.71,53.248
387.75,127.34,22.85,53.674
