NaN,NaN,NaN,-1
337.28,158.64,25.358,63.91
335.48,157.93,25.229,63.676
332.34,156.65,25.397,64.221
327.67,156.94,25.061,63.446
316.4,156.63,25.092,63.42
313,156.14,25.031,63.279
309.97,156.29,24.793,62.806
NaN,NaN,NaN,-2
NaN,NaN,NaN,0
NaN,NaN,NaN,0
NaN,NaN,NaN,0
NaN,NaN,NaN,0
NaN,NaN,NaN,-1
327.63,152.27,25.397,64.261
323.7,151.88,25.132,63.544
313.47,149.75,26.015,65.852
307.79,148.34,25.556,64.703
NaN,NaN,NaN,-2
NaN,NaN,NaN,0
NaN,NaN,NaN,0
NaN,NaN,NaN,0
NaN,NaN,NaN,0
NaN,NaN,NaN,-1
330.28,150.87,24.562,61.847
330,151.17,24.581,61.694
329.15,151.18,24.385,60.952
328.06,149.56,24.901,62.319
322.87,152.83,24.342,61.002
324.19,150.31,24.665,61.841
334.17,143.28,24.975,62.716
335.7,144.05,24.907,62.634
334.27,145.43,25.553,64.472
331.74,143.09,25.915,65.412
337.1,135.27,26.498,66.582
331.45,143.93,26.588,66.675
330.88,142.91,26.261,65.803
330.69,144.22,26.399,66.07
331.26,143.92,25.998,65.109
326.45,148.84,25.983,64.969
328.25,146.38,26.429,66.113
334.69,142.29,26.84,67.055
331.57,144.51,28.029,69.927
334.93,138.26,28.218,70.265
332.04,137.1,28.697,71.423
332.29,139.14,28.352,70.416
331.21,141.5,28.396,70.653
330.39,143.92,27.744,69.072
329.15,143.85,27.804,69.059
326.77,150.57,27.322,67.831
320.17,153.41,27.42,68.309
315.05,153.02,27.935,69.597
NaN,NaN,NaN,-2
NaN,NaN,NaN,0
NaN,NaN,NaN,0
NaN,NaN,NaN,0
NaN,NaN,NaN,0
NaN,NaN,NaN,-1
339.81,146.03,24.831,62.542
338.83,144.64,25.385,63.958
341.1,141.46,25.452,64.138
340.58,144.41,25.654,64.413
335.6,143.52,25.988,65.065
333.81,144.24,25.522,64.038
334.58,142.95,26.529,66.493
333.88,139.76,25.867,64.795
330.4,140.13,25.802,64.546
327.91,142.94,25.974,64.704
325.47,143.7,25.703,64.119
329.43,150.17,25.935,64.755
325.98,145.64,25.828,64.542
326.94,144.16,25.924,64.883
327.04,144.3,25.979,65.148
324.82,143.48,26.457,66.394
326.01,142.65,26.512,66.696
338.12,146.29,26.299,66.307
336.21,147.1,26.353,66.322
335.15,151.13,26.271,65.98
345.13,151.13,26.521,66.667
347.56,147.62,26.799,67.498
346.49,149.09,27.296,68.673
345.47,146.94,27.939,70.547
344.49,150.1,28.142,71.081
342.82,147.04,27.895,70.591
331.23,145.94,28.15,71.266
325.72,141.51,28.21,71.303
323.8,137.18,29.087,73.593
324.97,139.3,29.357,74.331
325.4,139.65,29.166,74.213
326.35,140.17,29.234,74.31
326.35,141.39,29.933,76.601
328.97,140.27,29.356,75.155
331.05,137,29.552,75.592
332.01,137.32,29.769,76.413
335.15,138.41,29.917,76.839
337.03,139.19,29.88,76.689
336.35,139.92,30.414,77.999
335.74,136.88,30.606,78.175
337.97,137.17,30.864,78.826
338.17,136.13,31.638,80.81
337.1,137.87,31.936,81.343
345.04,138.01,31.058,79.182
345.59,135.81,30.894,78.801
344.69,131.55,31.488,80.153
353.41,129.69,31.001,78.95
357.09,124.22,30.795,78.531
355.41,121.84,30.564,77.917
359.25,111.36,30.675,78.176
364.12,106.62,30.878,78.573
369.58,96.259,31.357,80.005
359.62,83.015,31.268,79.765
361.53,81.731,31.77,80.999
365.5,79.517,31.938,81.142
366.08,79.866,31.865,81.104
358.71,84.851,32.186,82.043
361.74,86.448,32.265,82.202
355.42,82.679,32.522,82.851
349.77,74.337,33.228,84.583
360.2,75.561,33.293,84.795
NaN,NaN,NaN,-2
NaN,NaN,NaN,0
NaN,NaN,NaN,0
NaN,NaN,NaN,0
NaN,NaN,NaN,0
NaN,NaN,NaN,-1
375.12,153.89,24.859,62.715
370.17,162.44,25.06,63.099
370.9,165.7,25.243,63.616
377.17,155.57,25.355,63.82
390.62,158.26,25.245,63.519
386.63,158.32,24.889,62.672
379.67,160.45,24.666,62.008
381.49,161.81,24.2,60.772
388.62,161.29,24.274,60.996
390.64,159.24,24.616,61.839
389.44,161.45,24.61,62.075
388.78,161.94,25.442,64.151
385.52,167.84,25.561,64.651
386.77,171.09,26.023,65.748
390.61,170.7,25.863,65.315
392.99,168.74,26.664,67.427
392.71,172.2,25.994,65.578
395.48,169.96,25.828,65.083
401,163.49,26.249,65.983
406.97,167.37,26.528,66.613
408.52,167.67,26.73,66.957
408.36,167.96,26.586,66.797
405.74,174.54,26.342,66.281
407.14,176.15,26.025,65.534
411.77,174.3,26.327,66.238
413.4,175.12,26.327,65.882
412.7,174.28,26.031,64.929
412.46,176.21,25.96,64.702
409.84,188.53,26.096,64.98
412.58,182.94,25.5,63.319
410.94,182.99,25.613,63.573
414.29,182.32,26.001,64.324
411.15,182.53,25.264,62.588
415.6,173.9,25.584,63.296
413.79,173.57,25.874,63.907
415.86,172.51,25.819,63.851
417.85,173.46,25.768,64.007
416.84,174.13,25.401,63.092
417.87,177.22,25.123,62.387
411.47,192.45,25.721,63.762
420.33,189.99,25.3,62.553
424.02,186.66,25.407,62.767
433.86,188.18,24.903,61.645
430.13,186.39,24.609,60.859
428.3,185.09,24.097,59.658
428.8,184.87,23.692,58.607
NaN,NaN,NaN,-2
NaN,NaN,NaN,0
NaN,NaN,NaN,0
NaN,NaN,NaN,0
NaN,NaN,NaN,0
NaN,NaN,NaN,-1
468.68,159.9,25.194,63.561
469.12,157.68,25.279,63.796
467.47,165.88,24.705,62.25
465.56,168.81,25.155,63.38
462.85,168.6,25.286,63.574
454.58,167.94,24.586,61.777
451.53,163.94,23.803,59.926
453.32,171.21,23.206,58.182
467.15,176.08,22.894,57.555
470.38,176.61,22.487,56.63
475.38,172.71,23.054,58.113
476.04,166.88,23.551,59.457
474.49,166.36,24.012,60.705
472.21,173.44,23.78,60.302
465.05,181.13,23.564,59.705
463.52,177.9,24.273,61.403
459.44,176.15,24.068,60.785
460.81,176.83,23.907,60.424
453.98,178.8,24.036,60.715
456.42,179.8,24.069,60.786
457.21,177.49,24.313,61.395
457.45,168.87,24.753,62.647
458.1,164.81,24.588,62.589
458.93,164.09,24.138,61.421
457.51,171.7,24.087,61.081
452.76,178.7,24.01,60.654
454.26,174.62,23.818,60.026
446.24,167.79,23.54,59.427
440.83,165.99,23.057,58.157
433.97,165.6,22.955,57.813
438.3,162.19,22.521,56.56
NaN,NaN,NaN,-2
NaN,NaN,NaN,0
NaN,NaN,NaN,0
NaN,NaN,NaN,0
NaN,NaN,NaN,0
NaN,NaN,NaN,-1
450.81,154.03,24.831,62.542
449.83,152.64,25.385,63.958
449.13,151.29,25.667,64.636
451.34,151.29,25.538,64.326
449.97,148.58,25.289,63.653
450.45,150.42,25.602,64.456
450.31,148.92,26.24,65.931
449.51,152.02,26.441,66.605
452.22,152.68,26.095,65.712
448.78,146.54,26.107,65.777
451.63,147.14,25.89,64.913
457.18,142.93,26.252,65.821
455.45,145.39,26.404,66.351
451.8,144.76,26.401,66.366
453.69,144.34,26.109,65.51
456.7,142.33,25.566,64.263
451.84,145.4,25.81,64.861
454.69,142.8,25.447,63.96
455.43,140.89,25.737,64.62
459.12,144.68,25.69,64.494
454.89,140.33,25.516,64.276
462.18,138.66,25.244,63.234
468.53,141.61,25.465,63.825
472.39,138.95,25.239,63.327
478.55,137.16,25.402,63.489
489.72,135.56,25.436,63.772
483.31,129.54,25.688,64.319
NaN,NaN,NaN,-2
NaN,NaN,NaN,0
NaN,NaN,NaN,0
NaN,NaN,NaN,0
NaN,NaN,NaN,0
NaN,NaN,NaN,-1
537.56,121.7,25.134,63.317
538.28,121.63,25.442,63.934
538.24,121.38,25.547,64.24
536.57,120.37,25.556,64.187
537.37,120.73,24.975,62.718
536.56,120.63,24.586,61.726
533.56,119.15,24.785,62.234
531.9,118.78,24.507,61.789
530.08,119.98,24.182,60.96
528.14,120.13,24.657,62.305
525.16,119.12,25.052,63.248
523.15,118.31,24.891,62.794
521.01,117.93,24.606,62.231
518.74,118.2,24.707,62.379
516.7,119.56,24.497,61.891
513.76,118.77,24.778,62.428
511.8,116.67,24.595,62.001
510.18,115.67,24.351,61.58
508.5,115.25,23.78,60.195
504.99,112.01,23.779,60.222
503.25,112.18,23.604,59.664
502.72,111.59,23.905,60.578
500.4,110.59,24.157,61.097
498.44,105.11,24.926,63.036
494.83,102.26,24.731,62.503
493.35,100.23,24.625,62.091
490.98,99.526,24.363,61.564
488.22,97.208,24.601,61.962
486.22,94.125,24.808,62.492
487.73,92.635,24.621,61.788
488.43,85.423,24.149,60.378
488.29,85.002,24.071,60.241
487.58,90.687,23.679,59.353
488.58,90.466,24.294,61.027
489.32,90.248,24.462,61.444
489.18,88.75,24.069,60.439
489.31,86.776,24.013,60.249
491.19,86.026,24.514,61.315
491.13,84.333,25,62.475
491.95,86.38,24.63,61.503
492.49,85.688,24.608,61.449
496.12,83.525,25.275,62.981
504.36,84.932,25.328,63.155
508.36,73.059,25.217,62.935
507.36,69.519,25.387,63.198
493.6,74.686,25.229,62.655
493.61,83.597,24.815,61.632
493.52,82.998,25.112,62.315
492.69,81.916,24.98,62.034
491.22,82.864,25.311,62.804
489.23,83.524,25.166,62.377
487.23,84.649,24.842,61.662
484.99,86.325,24.48,60.855
481.5,86.925,24.718,61.336
483.98,82.325,24.22,59.969
480.47,82.344,24.413,60.513
469.59,84.376,25.216,62.486
462.78,84.22,24.863,61.666
459.53,86.631,24.769,61.616
455.17,87.133,24.719,61.438
452.34,90.769,24.374,60.659
445.65,87.936,23.986,59.796
445.05,91.137,24.112,60.106
446.79,91.102,24.065,60.137
442.61,94.301,24.319,60.813
438.3,93.959,24.048,60.376
435.96,92.886,23.908,60.06
434.56,92.757,23.364,58.66
434.36,93.607,22.58,56.626
433.08,92.984,22.698,56.787
432.63,92.375,23.214,58.094
431.65,92.475,23.281,58.097
433.08,94.716,24.038,59.922
432.79,94.529,24.32,60.489
432.96,93.376,24.777,61.48
431.83,94.801,24.504,60.614
432.28,94.009,24.423,60.451
431.81,95.654,23.691,58.723
430.48,94.718,23.462,58.056
427.92,92.637,23.135,57.112
426.38,93.297,22.554,55.456
424.15,91.238,21.9,53.674
421.32,94.139,22.088,54.096
424.03,95.646,22.79,55.951
419.15,93.325,22.594,55.512
415.73,87.49,22.522,55.394
415.71,88.478,21.713,53.432
411.03,93.387,21.931,54.088
409.09,93.514,21.97,54.238
410.84,93.206,22.399,55.28
409.26,91.488,21.884,54.006
403.52,90.274,21.951,54.257
400.92,91.332,20.806,51.387
401.52,95.159,20.91,51.703
399.54,94.288,21.489,53.267
397.3,93.395,20.818,51.786
394.84,93.132,20.721,51.448
390.29,93.574,20.275,50.228
387.67,95.251,20.769,51.709
380.82,93.193,20.518,51.249
386.44,100.01,20.794,51.987
386.75,100.67,20.466,51.073
387.22,100.96,20.012,50.078
