NaN,NaN,NaN,-1
336.44,162.56,26.155,62.351
334.64,161.84,26.027,62.138
331.5,160.57,26.195,62.663
327.22,160.82,25.986,62.179
315.95,160.51,26.016,62.145
311.4,160.56,26.099,62.596
308.96,160.2,26.084,62.395
NaN,NaN,NaN,-2
NaN,NaN,NaN,0
NaN,NaN,NaN,0
NaN,NaN,NaN,0
NaN,NaN,NaN,0
NaN,NaN,NaN,-1
329.79,158.43,25.253,59.99
322.35,156.46,25.926,61.726
314.79,165.74,25.332,60.374
308.71,167.77,24.926,59.658
NaN,NaN,NaN,-2
NaN,NaN,NaN,0
NaN,NaN,NaN,0
NaN,NaN,NaN,0
NaN,NaN,NaN,0
NaN,NaN,NaN,-1
330.33,154.05,25.509,60.653
329.69,153.95,25.6,60.823
328.84,153.95,25.404,60.097
327.56,153.39,25.986,61.577
323.6,154.01,26.133,61.897
330.44,150.54,25.789,61.16
334.8,149.34,25.873,61.266
335.8,149.16,25.773,61.099
333.83,148.91,25.465,60.266
331.83,146.37,25.784,60.909
331.85,149.03,25.199,59.554
332.15,147.39,25.609,60.892
331.53,146.65,25.912,61.744
331.12,148.55,26.182,62.621
331.69,148.23,25.781,61.704
329.7,151.52,25.248,60.538
334.24,147.76,25.13,60.508
337.83,146.93,25.65,61.88
339.26,144.99,25.329,61.051
345.89,137.02,25.65,61.515
345.94,134.59,25.694,61.696
347.13,148.78,25.675,61.668
349.86,153.54,25.608,61.381
352.56,157.09,24.95,59.727
350.95,158.42,25.106,59.844
340.46,156.96,24.594,58.65
330.26,153.56,24.764,59.144
335.27,150.62,25.152,60.146
339.09,156.83,25.637,61.174
341.47,162.78,25.974,61.839
345.79,164.01,25.355,60.255
355.04,162.29,25.266,60.122
345.74,163.71,24.921,59.18
345.31,163,24.793,58.91
340.14,165.13,24.851,58.872
342.13,166.14,25.101,59.261
348.77,162.59,23.993,56.782
349.58,161.65,24.279,57.654
350.17,173.48,23.986,56.955
346.98,172.95,24.358,57.678
344.97,180.53,24.726,58.362
347.69,174.4,24.567,58.085
344.83,174.12,24.153,57.34
344.97,180.68,24.254,57.602
343.53,181.87,24.411,57.818
335.77,179.98,24.181,57.061
330.44,183.6,24.532,57.799
328.44,191.4,24.859,58.745
328.82,188.62,25.175,59.584
327.62,188.36,25.608,60.577
318.73,189.58,25.439,60.095
304.81,198.01,25.527,60.121
305.64,199,25.886,61.205
312.05,190.55,25.557,60.342
313.67,192.4,25.303,60.03
309.38,200.2,25.316,60.111
305.95,200.12,25.889,61.566
NaN,NaN,NaN,-2
NaN,NaN,NaN,0
NaN,NaN,NaN,0
NaN,NaN,NaN,0
NaN,NaN,NaN,0
NaN,NaN,NaN,-1
327.99,150.11,25.92,61.775
327.71,150.41,25.939,61.609
328.82,152.2,25.652,60.878
330.36,152.67,25.435,60.363
340.37,155.05,25.271,60.163
342.43,154.66,25.773,61.208
333.76,155.68,25.346,60.352
335.47,155.14,25.231,59.942
337.38,155.01,24.909,59.029
340.41,152.38,25.032,59.404
342.18,150.55,25.305,60.25
341.54,150.62,25.585,60.924
341.5,150.45,26.057,62.244
341.75,151.9,25.4,60.694
346.89,154.1,25.035,59.803
349.27,152.2,25.836,61.803
359.11,147.66,25.515,60.963
NaN,NaN,NaN,-2
NaN,NaN,NaN,0
NaN,NaN,NaN,0
NaN,NaN,NaN,0
NaN,NaN,NaN,0
NaN,NaN,NaN,-1
349.61,151.87,25.807,61.693
351.06,152.75,25.435,60.74
352.88,153.01,25.648,61.139
357.74,154.02,26.186,62.321
364.13,152.62,26.821,63.87
365.32,150.26,26.233,62.367
366.56,153.91,26.39,62.677
367.56,153.73,26.289,62.51
367.24,151.62,26.5,62.81
364.99,151.34,27.355,64.797
367.99,154.22,27.094,64.018
369.12,153.85,26.86,63.505
369.83,153.8,26.585,62.924
373.16,157.92,26.604,63.116
372.69,157.64,26.738,63.79
371.08,156.7,26.752,63.826
368.61,161.48,26.809,64.031
372.91,153.18,27.645,66.03
372.76,153.5,27.506,65.71
373.6,153,27.701,66.161
374.98,155.49,28.027,66.752
377.22,158.09,27.58,65.779
377.84,158.57,27.825,66.463
380.67,159.54,27.246,65.058
382.12,157.24,27.546,65.967
384.29,162.73,27.95,66.808
379.92,165,27.982,66.885
386.84,163.66,27.385,65.348
390.3,162.47,27.244,65.026
390.26,160.33,27.549,65.905
392.67,163.3,27.503,65.669
394.82,163.34,27.778,66.179
395.79,163.83,27.802,66.457
397.45,166.43,27.489,65.801
401.03,171.26,27.071,64.858
405.99,170.67,27.127,64.886
400.99,173.68,27.747,66.168
399.36,174.87,27.354,65.285
407.62,188.56,26.961,64.26
418,194.28,27.656,65.811
418.88,193.1,27.429,65.295
419.75,193.63,27.033,64.306
419.76,193.42,26.916,63.977
425.86,190.64,26.712,63.646
425.68,192.58,26.854,64.067
426.23,191.62,26.694,63.741
422.67,188.11,26.714,63.786
424.2,188.48,26.57,63.633
425.59,188.51,25.64,61.175
437.04,192.79,25.57,61.086
427.94,194.69,25.787,61.591
427.44,194.16,26.199,62.454
425.53,195.91,25.542,60.722
424.04,196.81,25.711,61.269
431.86,192.28,25.558,60.954
436.87,196.67,25.957,62.104
441.88,193.13,25.974,62.094
444.35,192.38,26.243,62.801
450.91,193.37,25.369,60.994
459.55,195.13,25.536,61.312
458.57,198.64,25.074,60.275
462.24,196.58,25.06,60.369
466.94,195.35,25.3,60.976
464.12,194.63,25.074,60.602
465.15,195.23,24.564,59.502
475.5,190.24,24.828,60.245
479.28,188.03,24.515,59.454
478.91,185.69,24.645,59.719
479.34,185.85,24.321,58.853
481.98,181.69,23.518,57.003
480.61,182.04,23.217,56.299
482.92,177.37,22.719,55.15
481.21,187.55,21.948,53.191
486.92,176.39,22.296,53.848
487.31,176.22,22.25,53.648
485.69,186.59,22.3,53.645
486.58,187.36,22.497,54.203
490.51,191.5,23.357,56.294
487.99,191.46,23.516,56.829
487.12,192.03,23.691,57.277
481.9,195.59,23.718,57.37
480.9,197.54,23.41,56.533
478.33,196.25,23.686,57.363
473.92,194.67,23.339,56.542
471.97,193.85,22.923,55.375
466.5,194.22,22.777,55.052
468.64,190.48,22.922,55.397
473.08,197.4,22.614,54.628
469.43,193.78,23.218,56.226
460.09,189.2,23.703,57.167
464.5,189.58,23.9,57.558
467.31,192.31,23.516,56.663
463.48,191.82,22.957,55.559
466.83,191.98,22.496,54.42
471.43,189.7,22.478,54.343
470.46,186.6,22.37,54.252
465.91,186.56,22.438,54.536
462.43,184.89,22.362,54.208
467.32,181.41,21.865,52.89
NaN,NaN,NaN,-2
NaN,NaN,NaN,0
NaN,NaN,NaN,0
NaN,NaN,NaN,0
NaN,NaN,NaN,0
NaN,NaN,NaN,-1
447.21,157.71,25.597,61.384
447.41,156.48,25.766,62.011
447.89,155.99,25.779,62.071
447.66,156.39,25.393,61.22
450.29,155.76,24.045,57.848
446.5,166.94,23.403,56.269
446.45,168.76,22.886,54.835
445.09,165.2,22.931,54.903
447.62,167.72,23.363,55.888
452.83,163.71,23.308,55.714
453.5,158.79,23.051,55.221
454.06,155.92,22.997,55.131
453.96,152.13,23.507,56.395
452.49,149.67,24.151,58.074
453.91,148.56,24.68,59.419
455.03,147.35,24.77,59.782
455.07,146,24.992,60.176
450.61,153.37,24.908,60.004
458.31,157.94,24.648,59.623
456.6,157.13,24.395,58.971
463.51,149.96,24.864,60.152
468.49,144.22,25.378,61.622
470.12,137.46,25.314,61.284
474.7,135.69,25.572,61.993
475.15,129.04,25.671,62.255
485.86,126.62,25.619,62.348
482.77,126.35,25.373,61.873
NaN,NaN,NaN,-2
NaN,NaN,NaN,0
NaN,NaN,NaN,0
NaN,NaN,NaN,0
NaN,NaN,NaN,0
NaN,NaN,NaN,-1
536.22,124.62,26.064,62.423
536.13,125.95,26.069,62.456
534.95,123,25.538,61.239
534.74,116.7,25.989,62.608
533.74,117.26,25.648,61.683
531.94,116.36,25.444,61.21
529.94,119.84,26.13,62.915
527.43,121.84,25.693,61.623
525.48,123.66,25.525,61.333
523.75,122.61,25.766,61.909
522.33,121.6,26.018,62.378
519.44,122.54,25.321,60.663
517.52,121.44,25.502,61.035
515.34,121.42,25.571,61.287
511.27,118.85,25.345,60.645
510.14,117.12,24.956,59.537
508.74,115.28,24.674,58.613
507.51,113.72,24.312,57.812
503.72,115.7,23.726,56.502
502.56,116.39,23.506,55.946
501.95,116.11,23.746,56.644
500.31,113.44,23.997,57.347
497.32,110.32,23.984,57.328
493.03,106.83,23.427,55.973
492.19,105.76,23.453,55.899
490.71,103.71,23.347,55.51
486.73,103.19,23.177,55.063
486.24,97.831,23.016,54.689
486.61,91.683,23.22,55.144
486.15,89.498,23.939,57.003
486.2,92.303,23.815,56.48
486.52,94.553,23.307,55.303
486.94,91.126,23.67,56.227
488.44,95.725,23.385,55.533
489.07,93.572,22.644,53.88
489.74,92.768,22.179,52.83
489.99,92.279,21.972,52.361
491.86,91.553,22.473,53.38
490.76,89.613,22.466,53.462
491.18,88.243,22.64,53.916
502,84.399,21.999,52.557
505.04,86.084,21.994,52.69
495.25,84.407,22.198,53.224
494.79,83.032,22.238,53.314
493.24,85.434,22.377,53.47
493.59,89.365,22.196,53.021
493.71,87.94,22.368,53.377
492.07,89.466,22.266,53.164
490.01,89.593,22.103,52.907
490.71,89.226,21.961,52.567
487,91.187,21.22,50.772
484.92,91.386,21.503,51.523
481.27,89.764,21.358,51.214
485.8,87.477,21.293,51.104
480.58,87.281,21.363,51.387
477.15,87.204,21.367,51.348
474.93,77.596,21.018,50.518
476.93,68.181,21.322,51.346
NaN,NaN,NaN,-2
NaN,NaN,NaN,0
NaN,NaN,NaN,0
NaN,NaN,NaN,0
NaN,NaN,NaN,0
NaN,NaN,NaN,-1
437.81,91.909,25.996,62.268
436.01,91.183,25.867,62.052
434.93,90.915,26.122,62.729
433.24,89.025,26.086,62.622
431.58,88.873,26.143,62.786
431.52,89.396,26.054,62.56
431.4,90.933,25.809,61.82
430.83,91.279,26.246,63.135
431.36,91.542,26.581,63.84
432.73,92.558,26.369,63.332
431.2,92.957,26.067,62.564
430.8,91.996,26.463,63.482
429.26,93.486,25.853,62.234
428.57,90.371,25.645,61.707
426.6,89.673,25.459,61.054
425.66,88.41,25.222,60.291
425.03,89.11,25.231,60.236
422.23,89.119,25.656,61.325
421.42,89.708,26.333,62.975
416.74,89.524,26.291,63.043
413.28,89.084,26.037,62.494
412.01,89.016,25.814,61.974
409.69,88.039,26.065,62.45
410.3,88.632,25.797,61.91
407.31,88.341,26.077,62.68
407.14,88.444,25.894,62.438
401.66,87.536,26.057,62.966
402.26,87.765,26.194,63.31
399.24,90.794,25.937,62.802
395.8,89.59,26.152,63.415
383.06,101.24,26.121,63.223
378.67,98.414,26.474,63.91
376.93,103.42,25.539,61.696
370.73,103.22,25.267,61.221
367.75,101.75,25.747,62.29
367.18,104.79,25.055,60.76
366.9,103.95,25.448,61.567
366.23,103.19,25.556,61.957
