NaN,NaN,NaN,-1
129,113,85,99
129,113,85,99
129,113,85,99
129,112,85,99
128,112,85,99
128,112,85,99
128,111,85,99
128,112,85,99
127,112,85,99
126,113,85,99
125,114,85,99
123,114,85,99
122,115,85,99
121,116,85,99
118,117,85,99
116,118,85,99
113,119,85,99
110,120,85,99
107,120,85,99
103,120,85,99
102,115,85,99
100,113,85,99
100,110,85,99
100,106,85,99
98,102,85,99
96,98,85,99
97,95,85,99
95,92,85,99
95,88,85,99
94,84,85,99
94,83,85,99
93,82,85,99
93,81,85,99
93,82,85,99
93,82,85,99
94,83,85,99
95,83,85,99
96,83,85,99
97,82,85,99
98,83,85,99
101,83,85,99
103,83,85,99
105,83,85,99
107,82,85,99
109,83,85,99
112,82,85,99
115,83,85,99
117,83,85,99
118,83,85,99
120,83,85,99
122,85,85,99
125,85,85,99
126,86,85,99
128,87,85,99
129,89,85,99
131,90,85,99
132,91,85,99
133,94,85,99
133,96,85,99
135,99,85,99
135,100,85,99
135,98,85,99
136,99,85,99
137,98,85,99
137,98,85,99
137,98,85,99
138,99,85,99
139,100,85,99
140,100,85,99
140,100,85,99
140,99,85,99
140,98,85,99
141,98,85,99
140,97,85,99
140,97,85,99
140,97,85,99
139,97,85,99
138,97,85,99
137,97,85,99
136,97,85,99
134,97,85,99
133,95,85,99
136,93,85,99
134,93,85,99
133,90,85,99
132,87,85,99
132,90,85,99
130,92,85,99
129,91,85,99
128,92,85,99
127,93,85,99
125,94,85,99
124,94,85,99
123,94,85,99
122,94,85,99
121,95,85,99
120,95,85,99
120,96,85,99
119,95,85,99
118,95,85,99
118,95,85,99
118,95,85,99
117,95,85,99
117,95,85,99
117,95,85,99
117,95,85,99
116,95,85,99
116,95,85,99
116,96,85,99
116,96,85,99
116,96,85,99
116,96,85,99
116,96,85,99
115,96,85,99
116,97,85,99
115,97,85,99
115,97,85,99
115,97,85,99
115,97,85,99
115,97,85,99
115,97,85,99
115,97,85,99
115,97,85,99
115,96,85,99
115,96,85,99
115,96,85,99
115,97,85,99
114,96,85,99
114,96,85,99
114,96,85,99
114,96,85,99
114,96,85,99
114,95,85,99
113,95,85,99
113,94,85,99
113,94,85,99
112,94,85,99
112,93,85,99
112,93,85,99
111,94,85,99
110,96,85,99
111,95,85,99
110,96,85,99
110,97,85,99
109,95,85,99
109,95,85,99
108,94,85,99
107,94,85,99
107,94,85,99
106,93,85,99
105,94,85,99
105,93,85,99
104,93,85,99
104,93,85,99
104,93,85,99
104,93,85,99
104,93,85,99
104,93,85,99
103,92,85,99
103,92,85,99
103,92,85,99
103,92,85,99
103,92,85,99
103,93,85,99
104,93,85,99
104,93,85,99
104,93,85,99
104,92,85,99
104,92,85,99
103,90,85,99
101,92,85,99
102,92,85,99
102,92,85,99
102,92,85,99
101,93,85,99
100,93,85,99
99,94,85,99
99,95,85,99
98,96,85,99
98,98,85,99
98,99,85,99
98,100,85,99
98,100,85,99
98,101,85,99
98,101,85,99
98,102,85,99
98,102,85,99
98,102,85,99
98,103,85,99
98,104,85,99
98,103,85,99
99,104,85,99
99,103,85,99
99,104,85,99
99,103,85,99
98,104,85,99
98,104,85,99
98,104,85,99
98,105,85,99
98,104,85,99
98,104,85,99
98,104,85,99
98,104,85,99
98,104,85,99
97,105,85,99
97,105,85,99
97,105,85,99
97,106,85,99
96,107,85,99
96,108,85,99
96,109,85,99
96,111,85,99
97,112,85,99
96,112,85,99
96,112,85,99
96,112,85,99
96,111,85,99
96,111,85,99
96,110,85,99
96,108,85,99
96,105,85,99
97,102,85,99
97,96,85,99
97,92,85,99
98,88,85,99
99,84,85,99
98,81,85,99
98,77,85,99
98,75,85,99
98,74,85,99
98,73,85,99
98,72,85,99
98,71,85,99
98,71,85,99
98,71,85,99
98,71,85,99
98,71,85,99
98,72,85,99
98,72,85,99
99,73,85,99
100,74,85,99
101,74,85,99
101,75,85,99
102,76,85,99
103,76,85,99
103,77,85,99
104,79,85,99
105,79,85,99
105,81,85,99
106,80,85,99
106,82,85,99
106,83,85,99
106,84,85,99
106,86,85,99
106,86,85,99
105,86,85,99
105,87,85,99
105,88,85,99
104,89,85,99
104,90,85,99
104,91,85,99
104,91,85,99
104,91,85,99
104,92,85,99
104,92,85,99
104,92,85,99
104,92,85,99
104,93,85,99
104,93,85,99
104,93,85,99
104,93,85,99
103,94,85,99
103,94,85,99
102,93,85,99
101,94,85,99
100,95,85,99
100,95,85,99
99,94,85,99
98,94,85,99
97,94,85,99
97,94,85,99
96,95,85,99
96,95,85,99
95,96,85,99
95,96,85,99
94,96,85,99
94,96,85,99
93,95,85,99
93,95,85,99
92,95,85,99
92,95,85,99
92,95,85,99
91,96,85,99
92,96,85,99
92,96,85,99
91,96,85,99
92,96,85,99
91,96,85,99
91,96,85,99
91,96,85,99
91,96,85,99
91,97,85,99
91,97,85,99
91,97,85,99
92,97,85,99
91,97,85,99
91,96,85,99
91,96,85,99
91,96,85,99
91,96,85,99
91,96,85,99
92,97,85,99
92,98,85,99
92,98,85,99
92,99,85,99
92,98,85,99
93,98,85,99
94,97,85,99
94,96,85,99
94,95,85,99
94,95,85,99
95,94,85,99
94,94,85,99
94,94,85,99
94,93,85,99
93,93,85,99
92,93,85,99
92,93,85,99
91,92,85,99
90,93,85,99
89,93,85,99
89,93,85,99
88,92,85,99
87,93,85,99
87,92,85,99
86,92,85,99
86,92,85,99
85,92,85,99
84,92,85,99
82,93,85,99
80,94,85,99
79,95,85,99
76,95,85,99
74,95,85,99
72,95,85,99
70,96,85,99
68,95,85,99
69,94,85,99
70,94,85,99
72,94,85,99
73,93,85,99
74,94,85,99
75,95,85,99
75,95,85,99
75,96,85,99
75,96,85,99
75,96,85,99
75,96,85,99
75,96,85,99
75,96,85,99
75,96,85,99
75,95,85,99
74,95,85,99
75,95,85,99
75,94,85,99
75,94,85,99
76,94,85,99
77,95,85,99
78,95,85,99
79,95,85,99
80,95,85,99
81,96,85,99
82,95,85,99
83,95,85,99
83,95,85,99
84,95,85,99
84,95,85,99
85,95,85,99
87,95,85,99
88,94,85,99
87,93,85,99
88,92,85,99
89,91,85,99
89,90,85,99
89,90,85,99
90,89,85,99
91,89,85,99
91,88,85,99
91,88,85,99
91,88,85,99
92,87,85,99
92,86,85,99
92,86,85,99
92,86,85,99
92,86,85,99
92,86,85,99
92,86,85,99
93,86,85,99
93,85,85,99
92,85,85,99
93,86,85,99
94,85,85,99
95,85,85,99
95,86,85,99
95,87,85,99
97,87,85,99
96,89,85,99
98,91,85,99
96,89,85,99
96,89,85,99
96,89,85,99
95,89,85,99
95,89,85,99
94,90,85,99
