NaN,NaN,NaN,-1
329,185,57,54
326,181,57,54
325,181,57,54
323,181,57,54
323,177,57,54
319,178,57,54
319,177,57,54
316,176,57,54
314,174,57,54
314,174,57,54
312,171,57,54
311,169,57,54
311,168,57,54
310,167,57,54
306,165,57,54
306,163,57,54
302,165,57,54
304,163,57,54
301,160,57,54
297,161,57,54
298,160,57,54
292,161,57,54
293,158,57,54
290,157,57,54
287,155,57,54
286,160,57,54
285,155,57,54
289,139,57,54
287,140,57,54
289,133,57,54
290,130,57,54
292,129,57,54
290,127,57,54
292,125,57,54
290,124,57,54
289,126,57,54
284,134,57,54
285,135,57,54
284,130,57,54
286,124,57,54
287,122,57,54
288,120,57,54
291,108,57,54
291,107,57,54
291,102,57,54
294,104,57,54
292,103,57,54
292,102,57,54
293,100,57,54
293,97,57,54
296,96,57,54
294,97,57,54
293,96,57,54
295,92,57,54
297,93,57,54
298,91,57,54
299,91,57,54
297,92,57,54
299,92,57,54
298,93,57,54
298,92,57,54
300,92,57,54
299,92,57,54
301,91,57,54
299,91,57,54
301,91,57,54
302,91,57,54
302,91,57,54
303,90,57,54
303,88,57,54
304,87,57,54
305,88,57,54
305,86,57,54
307,85,57,54
309,85,57,54
310,84,57,54
311,86,57,54
311,81,57,54
312,81,57,54
313,82,57,54
309,78,57,54
312,77,57,54
311,77,57,54
310,77,57,54
310,73,57,54
314,74,57,54
314,80,57,54
316,80,57,54
318,79,57,54
319,76,57,54
320,75,57,54
318,77,57,54
318,76,57,54
318,76,57,54
320,76,57,54
319,72,57,54
321,72,57,54
319,72,57,54
318,73,57,54
316,73,57,54
318,74,57,54
317,74,57,54
317,73,57,54
317,73,57,54
318,71,57,54
318,73,57,54
318,74,57,54
317,73,57,54
319,75,57,54
318,75,57,54
320,75,57,54
319,75,57,54
320,74,57,54
319,75,57,54
317,76,57,54
318,75,57,54
318,73,57,54
317,75,57,54
314,79,57,54
317,77,57,54
317,79,57,54
314,82,57,54
316,80,57,54
316,82,57,54
316,78,57,54
316,77,57,54
317,79,57,54
315,82,57,54
314,82,57,54
315,82,57,54
315,85,57,54
314,84,57,54
313,83,57,54
313,87,57,54
312,85,57,54
313,89,57,54
311,87,57,54
311,86,57,54
312,86,57,54
310,87,57,54
311,87,57,54
308,88,57,54
308,91,57,54
308,88,57,54
306,93,57,54
306,93,57,54
304,94,57,54
305,94,57,54
304,95,57,54
304,98,57,54
304,96,57,54
303,95,57,54
303,97,57,54
303,96,57,54
303,97,57,54
302,97,57,54
300,100,57,54
301,100,57,54
301,102,57,54
298,101,57,54
297,102,57,54
297,102,57,54
296,103,57,54
296,106,57,54
296,107,57,54
296,107,57,54
294,107,57,54
294,109,57,54
295,111,57,54
292,112,57,54
293,114,57,54
290,114,57,54
293,115,57,54
290,116,57,54
291,117,57,54
291,117,57,54
292,119,57,54
288,121,57,54
289,117,57,54
291,120,57,54
288,117,57,54
287,115,57,54
289,116,57,54
287,119,57,54
287,118,57,54
288,121,57,54
288,120,57,54
286,123,57,54
287,126,57,54
283,126,57,54
285,126,57,54
284,127,57,54
285,128,57,54
313,103,57,54
NaN,NaN,NaN,-2
NaN,NaN,NaN,0
NaN,NaN,NaN,0
NaN,NaN,NaN,0
NaN,NaN,NaN,0
NaN,NaN,NaN,-1
267,148,80,60
268,150,80,60
270,150,80,60
264,152,80,60
267,155,80,60
265,158,80,60
268,162,80,60
268,162,80,60
269,163,80,60
267,166,80,60
265,167,80,60
262,169,80,60
258,167,80,60
258,166,80,60
260,170,80,60
261,171,80,60
263,170,80,60
264,172,80,60
262,171,80,60
262,169,80,60
257,167,80,60
259,168,80,60
262,167,80,60
261,170,80,60
258,169,80,60
259,169,80,60
254,170,80,60
