NaN,NaN,NaN,-1
81.392,90.935,38.317,51.811
84.62,88.962,42.285,54.828
90.079,89.835,42.421,55.158
96.58,91.451,41.779,54.455
102.56,92.704,41.806,54.144
109.52,93.962,41.275,53.792
116.13,94.389,41.202,52.835
121.98,95.087,40.628,51.03
127.24,92.939,42.399,51.997
131.91,92.206,42.472,51.523
137.09,92.358,43.083,52.197
143.25,93.216,43.503,52.474
149.17,93.622,45.54,53.968
156.58,94.524,45.66,54.117
162.14,92.599,45.347,55.19
169.03,92.216,44.371,54.487
175.2,91.24,44.561,54.347
180.63,90.693,43.669,53.195
185.33,90.212,44.909,53.544
190.54,90.679,44.186,52.829
195.12,91.763,43.748,52.505
197.92,93.165,42.56,51.146
198.3,91.923,42.691,51.22
196.98,91.417,42.2,50.435
196.92,91.504,40.34,48.355
193.36,91.096,39.488,47.619
188.69,90.425,39.796,47.91
181.96,87.927,39.879,47.937
175.14,88.098,39.863,47.574
163.94,88.503,44.034,48.707
155.12,89.805,43.707,48.62
144.27,87.453,47.724,51.037
132.73,89.418,47.826,51.019
121.49,90.694,47.858,51.706
112.73,91.322,46.934,51.423
105.97,89.485,47.414,51.715
101.38,88.061,47.995,53.012
98.731,87.182,47.61,53.14
98.301,87.682,44.834,51.468
99.163,88.629,44.443,51.575
101.6,91.014,43.233,50.884
105.73,94.317,39.119,47.784
108.81,96.818,41.712,50.276
114.56,95.644,42.54,50.846
123.25,95.651,40.707,49.741
130.9,95.566,41.581,49.96
140.69,96.665,39.471,48.235
150.37,96.733,39.917,48.289
160.43,97,39.879,47.991
171.27,97.814,38.355,46.964
182.32,98.283,37.46,46.86
190.51,98.968,37.523,47.561
197.41,100.09,37.555,47.417
201.9,103,33.809,44.347
202.74,104.35,32.412,43.378
199.8,105.12,31.796,43.353
192.01,104.73,31.993,43.756
183.83,103.54,32.694,44.554
171.32,101.9,34.287,45.863
156.98,100.78,33.938,45.526
143.07,100.21,33.904,45.552
128.7,98.967,35.422,47.096
114.93,97.727,39.184,52.311
104.81,99.409,38.089,51.019
96.918,101.53,38.533,51.798
90.431,103.55,37.938,51.379
85.89,106.28,37.893,51.451
81.773,107.2,38.953,52.374
79.009,107.7,38.552,51.895
78.047,108.83,36.431,50.067
76.196,108.47,37.186,50.79
74.894,108.28,38.148,51.818
74.47,108.59,38.859,52.429
75.671,109.68,38.552,52.167
77.336,110.07,39.523,53.12
77.851,109.19,39.816,53.633
83.936,106.97,41.05,54.483
92.291,105.42,40.31,53.62
104.87,101.21,40.993,55.275
117.39,100.1,38.711,50.907
126.58,97.458,38.25,48.299
131.95,95.426,48.068,54.614
130.26,103.57,49.179,54.551
NaN,NaN,NaN,-2
NaN,NaN,NaN,0
NaN,NaN,NaN,0
NaN,NaN,NaN,0
NaN,NaN,NaN,0
NaN,NaN,NaN,-1
201.21,107.69,37.171,54.563
199.28,107.37,35.891,53.392
195.94,107.39,35.582,52.639
190.4,107.67,38.737,54.842
183.15,111.09,40.504,55.343
175.62,114.64,41.77,55.283
167.52,115.75,40.034,55.021
157.93,112.48,35.786,53.658
148,102.4,39.712,59.102
151.88,95.588,47.314,61.867
NaN,NaN,NaN,-2
NaN,NaN,NaN,0
NaN,NaN,NaN,0
NaN,NaN,NaN,0
NaN,NaN,NaN,0
NaN,NaN,NaN,-1
48.709,112.82,36.901,56.045
40.935,113.13,38.328,57.133
34.586,115.11,36.976,55.811
26.756,117.62,36.007,54.886
17.844,116.1,36.031,55.357
9.5994,107.81,36.883,55.618
2.0285,99.658,37.691,55.853
-4.42,97.851,37.851,56.155
-4.5442,103.18,38.574,56.627
0.19251,119.7,37.327,54.952
8.3444,133.08,37.076,54.013
17.038,139.26,36.233,52.419
25.187,140.64,35.789,51.821
32.16,140.66,35.738,51.496
36.346,139.1,35.384,54.226
41.901,137.5,34.73,53.544
44.434,135.99,34.728,53.385
48.141,133.29,35.308,53.895
50.518,131.93,35.767,54.649
54.463,132.11,35.75,54.503
59.55,132.99,34.902,53.605
65.268,130.8,38.739,56.64
71.867,127.47,41.043,57.965
81.011,123.62,39.791,56.78
89.051,115.79,39.166,56.297
97.87,107.03,37.978,55.903
103.22,99.178,37.631,56.679
106.45,95.097,37.152,56.874
105.8,93.864,37.324,57.111
102.97,95.652,37.455,57.582
97.38,98.617,38.628,58.482
90.304,99.277,40.662,60.443
83.379,99.182,42.628,62.095
77.269,98.763,45.105,64.44
70.967,96.155,49.187,67.415
66.844,94.094,49.412,67.582
64.995,92.783,50.093,68.009
66.048,91.028,48.565,67.778
70.144,94.308,41.968,59.365
74.077,95.236,38.099,56.924
76.681,94.284,40.482,59.215
81.238,95.765,41.464,59.885
87.774,98.095,41.369,59.15
95.388,99.55,42.492,60.031
104.59,99.676,42.393,59.896
113.97,98.082,41.569,58.611
122.5,96.564,40.307,57.582
127.79,95.621,41.305,57.583
132.03,96.306,39.673,54.996
133.3,96.238,40.775,55.327
133.62,96.614,39.929,54.313
132.36,97.347,37.883,52.517
128.57,98.298,38.728,53.317
124.68,100.19,36.693,51.824
120.87,99.184,36.255,51.313
117.44,98.068,35.035,49.8
116.34,95.976,33.564,48.327
116.37,95.204,34.136,49.227
120,95.78,33.059,48.169
124.28,97.656,33.34,48.538
130.67,97.331,34.77,49.528
137.93,98.016,34.262,48.937
147.17,97.183,30.946,45.185
156.48,97.661,27.484,42.21
162.49,96.679,27.936,42.138
167.63,96.556,27.041,40.199
