NaN,NaN,NaN,-1
80.486,90.576,39.574,53.053
84.613,88.423,43.275,55.917
90.342,90.192,40.856,54.046
97.039,91.984,39.291,52.716
103.33,93.384,40.34,53.237
109.71,93.749,41.465,53.906
115.58,94.15,40.907,52.563
121.37,94.192,40.921,51.52
127.91,94.56,38.314,48.619
133.87,93.67,38.683,48.493
138.49,93.752,39.111,48.399
143.65,94.233,40.437,48.851
149.62,95.057,42.368,50.084
157.14,95.455,41.354,49.279
163.4,93.896,41.918,52.262
169.74,92.947,41.594,52.198
175.82,91.777,42.004,52.304
182.31,91.275,41.359,51.741
186.68,91.663,41.453,51.925
191.81,91.514,40.859,51.56
196.28,92.981,40.127,50.673
199.13,93.806,39.028,49.346
198.95,93.245,40.037,50.035
198.53,92.674,39.033,48.988
197.25,92.365,37.847,47.885
194.55,91.432,37.44,47.015
189.69,91.232,37.646,47.09
184.02,90.451,37.472,47.275
177.28,89.819,37.853,47.679
169.64,90.514,37.423,47.324
161.92,92.418,34.88,45.746
150.88,94.027,36.504,46.181
139.18,95.095,37.002,46.997
128.07,96.245,37.251,47.351
119.01,96.884,36.694,47.187
112.3,94.561,37.762,48.94
107.99,93.911,35.506,46.854
105.73,93.568,34.544,45.902
102.66,90.523,39.563,49.809
103.8,90.865,39.205,49.269
105.93,93.826,37.198,47.77
110.83,97.085,32.854,44.441
115.86,97.479,32.704,44.438
122.3,96.193,32.345,44.264
129.96,96.099,32.909,44.192
138.49,96.727,31.994,43.669
146.8,96.859,33.159,44.361
157.37,97.538,31.893,43.195
166.96,97.061,32.459,43.56
176.62,96.647,35.524,45.478
186.76,97.228,35.211,44.785
194.06,97.489,36.291,45.668
200.29,98.104,38.134,47.024
203.16,99.046,39.165,47.377
202.09,100.33,39.559,47.639
199.81,101.52,37.033,45.757
191.69,100.79,39.437,47.09
182.94,101.3,39.189,46.879
171.52,99.653,38.893,46.841
156.91,98.591,39.142,47.148
142.66,97.318,40.197,48.059
128.07,96.423,41.7,49.371
116.83,97.498,41.129,48.902
107.05,98.718,41.886,50.022
98.306,100.07,42.265,50.593
92.005,103.36,41.063,49.648
87.971,105.28,39.661,48.586
84.055,107.39,40.415,49.304
81.093,107.87,39.95,48.878
79.519,107.85,38.703,48.205
78.13,108.11,38.169,47.796
77.295,108.34,37.964,47.483
77.566,109.22,38.671,47.91
78.553,110.18,38.784,48.007
80.869,110.88,38.444,48.026
85.144,111.1,37.364,47.577
91.069,109.1,37.897,48.07
99.186,107.19,37.742,47.923
108.84,103.88,35.953,46.078
116.18,99.082,39.689,52.231
134.47,94.791,38.158,51.608
140.44,95.003,40.331,51.816
149.52,96.097,44.723,50.041
157.23,92.285,41.866,44.388
174.96,96.105,23.339,32.07
NaN,NaN,NaN,-2
NaN,NaN,NaN,0
NaN,NaN,NaN,0
NaN,NaN,NaN,0
NaN,NaN,NaN,0
NaN,NaN,NaN,-1
199.13,109.4,36.049,54.059
192.79,108.98,39.435,56.123
187.02,112.19,39.86,56.274
179.51,115.65,41.119,56.386
169.44,117.59,41.982,56.543
157.73,114.98,41.926,56.055
143.73,107.06,42.723,57.049
127.16,99.983,42.535,57.401
108.35,98.82,42.844,58.319
87.035,97.701,63.556,69.587
73.749,101.03,66.026,74.295
63.157,103.59,65.662,73.963
55.544,105.26,65.028,73.547
48.507,104.33,65.522,74.517
41.328,103.36,67.582,76.539
34.188,103.78,68.5,77.778
27.351,104.72,69.059,78.415
18.671,106.84,69.124,78.679
9.7381,105.45,68.861,77.792
2.84,98.835,67.179,76.988
-5.6342,88.761,70.118,80.079
-11.488,86.449,69.964,81.076
-12.046,93.69,69.853,81.245
-6.2506,108.88,68.4,79.494
0.96696,122.32,67.901,78.635
9.3849,128.69,67.16,77.227
17.352,129.86,66.882,76.697
24.756,130.34,65.966,75.708
30.018,129.75,65.506,75.122
35.219,129.53,63.786,73.838
39.863,128.22,62.251,72.691
43.188,126.28,61.681,72.563
46.372,125.32,61.556,72.652
49.387,125.26,62.344,73.261
55.18,125.73,61.164,72.517
62.407,125.81,59.65,71.241
72.192,125.02,57.171,69.772
78.733,124.1,39.021,57.225
88.129,116.56,37.718,56.425
95.972,107.48,37.827,56.533
100.87,99.455,39.96,58.575
101.99,93.947,42.119,59.854
101.26,92.97,43.58,61.616
98.128,94.864,44.186,61.979
91.263,96.708,47.307,64.568
85.563,98.756,47.195,64.877
78.512,98.259,48.637,66.182
72.08,99.652,47.891,64.711
66.173,97.803,50.611,66.419
64.294,96.507,51.785,65.365
62.482,95.509,52.421,66.04
62.659,93.941,52.047,65.546
65.863,92.234,50.677,65.805
68.398,92.239,50.317,66.128
72.136,93.504,49.175,65.929
77.229,94.688,49.071,65.736
82.897,97.412,50.192,66.088
91.336,98.834,49.327,65.178
100.56,100,49.05,64.897
109.48,97.913,49.836,64.869
117.84,95.883,49.184,63.993
124.37,95.952,46.37,61.655
129.75,96.029,44.076,59.781
132.34,95.634,42.343,60.518
131.47,95.394,43.492,60.841
129.71,96.025,42.15,59.777
127.71,97.848,40.093,57.689
122.64,99.447,39.68,57.071
117.84,98.111,41.69,58.479
113.19,96.411,42.154,57.517
112.94,94.21,40.96,56.078
113.21,93.579,40.859,55.439
116.92,94.993,39.428,54.829
120.79,95.897,39.988,54.822
126.87,95.85,41.136,55.687
132.92,95.697,43.771,58.333
143.45,94.48,39.815,55.273
150.49,94.691,40.446,55.137
155.51,91.65,44.254,58.956
159.51,91.915,44.793,58.725
