NaN,NaN,NaN,-1
203.94,112.44,29.526,94.132
201.44,110.92,29.494,93.833
201,111.29,27.299,91.407
199.76,110.04,28.3,91.115
199.61,108.69,28.376,92.876
199.36,107.11,29.168,94.351
200.98,104.8,28.964,93.57
202.36,104.77,28.098,93.103
203.37,103.66,28.06,93.141
205.69,101.95,28.618,93.08
207.45,101.52,29.167,92.734
210.75,102.06,27.847,93.7
209.95,103.32,30.103,91.702
210.36,103.5,29.271,92.273
207.69,104.18,30.016,92.703
206.64,104.2,30.408,93.379
206.71,102.61,29.791,91.868
205.84,101.7,29,92.82
205.05,99.736,29.645,94.95
206.76,98.365,28.756,94.451
208.02,97.717,29.109,94.481
208.5,96.017,29.383,95.995
208.52,95.831,29.218,96.824
209.03,95.451,29.41,94.988
209.73,96.039,29.207,94.222
209.35,96.309,30.033,93.348
210.44,96.309,27.955,92.386
209.84,95.132,28.836,91.26
210.79,93.435,28.253,90.31
211.48,92.116,28.503,91.368
212.67,91.766,28.049,92.378
214.23,91.639,27.706,91.842
215.31,92.46,28.997,91.849
216.72,91.844,27.29,91.422
215.78,91.819,28.331,91.44
215.45,92.361,27.707,92.193
215.16,92.705,28.25,91.889
215.26,91.809,28.362,90.741
217.32,91.912,27.074,89.496
217.28,92.753,26.959,89.427
216.67,95.761,27.136,90.905
216.04,97.107,29.155,91.455
217.42,99.81,28.647,93.058
218.06,103.09,27.458,92.048
217.49,103.4,28.562,92.486
215.08,102.85,31.426,95.7
215.47,105.64,29.741,93.056
213.93,106.01,30.851,93.127
211.63,106.39,29.346,92.066
207.83,106.72,29.327,92.074
205.48,106.19,27.484,90.319
201.62,104.82,27.275,89.1
197.1,103.45,28.477,88.723
193.08,100.35,29.888,90.017
193.19,97.509,29.351,89.942
192.03,97.101,29.141,89.176
191.18,96.663,29.253,89.865
192.7,99.053,26.522,89.877
193.29,101.27,26.343,89.155
193.96,101.58,27.007,91.145
194.94,103.9,26.897,89.199
196.86,106.6,26.195,88.637
197.78,106.83,27.131,89.152
198.89,106,27.277,88.555
196.73,104.59,27.326,90.981
194.19,103.53,28.941,91.503
195.98,103.16,29.355,91.609
196.43,102.58,32.003,92.004
199.32,101.03,32.354,92.354
205.98,101.73,32.224,92.057
212.89,101.13,32.306,91.443
216.9,96.733,30.766,92.714
216.96,94.321,31.675,93.037
213.22,95.147,30.584,92.074
207.15,93.635,32.939,93.409
200.21,92.441,34.433,93.736
194.19,93.97,35.578,92.271
189.37,93.027,35.534,91.362
186.77,90.649,36.313,90.859
186.17,86.452,33.307,87.992
186.52,79.502,33.364,87.817
188.54,73.012,32.544,88.387
190.48,70.108,31.059,87.565
194.64,67.024,27.822,85.098
194.66,65.807,29.351,85.698
196.03,63.217,30.284,88.688
197.41,63.687,31.567,90.121
197.33,65.081,32.435,91.032
196.64,70.958,33.688,89.97
194.47,79.182,34.858,88.913
194.69,85.3,35.309,88.683
193.45,88.123,37.46,91.367
193.58,91.391,37.246,91.94
195.55,92.569,37.766,92.304
196,97.047,40.006,94.016
198.6,100.66,39.293,93.741
198.51,104.55,39.808,94.708
197.06,110.31,38.317,94.684
196.46,114.53,38.296,93.208
195.33,116.62,39.509,93.944
195.19,119.89,37.478,92.58
195.72,121.39,37.738,92.72
196.95,122.19,36.991,92.028
195.53,122.31,39.187,91.974
195.36,121.82,39.515,90.283
196.05,121.47,39.868,89.087
195.99,120.46,40.782,88.643
197.12,119.41,40.6,87.372
197.62,116.79,37.239,88.98
198.15,114.6,37.284,87.734
198.24,111.56,38.409,88.882
197.71,109.85,38.173,89.768
197.03,108.52,37.277,90.203
197.79,107.01,38.084,89.525
198.9,108.06,36.509,86.254
200.89,108.91,35.791,83.041
201.94,110.16,36.055,81.005
206.86,110.58,39.175,84.475
211.37,112.3,39.398,82.943
224.96,115.28,38.26,81.971
229.52,115.88,37.645,81.768
232.38,118.09,38.699,81.154
NaN,NaN,NaN,-2
NaN,NaN,NaN,0
NaN,NaN,NaN,0
NaN,NaN,NaN,0
NaN,NaN,NaN,0
NaN,NaN,NaN,-1
216,119.74,28.719,85.846
217.65,121.12,29.427,85.273
219.64,121.45,29.105,85.88
221.76,124.49,27.775,83.174
221.89,124.16,28.804,85.931
222.33,123.73,29.136,86.799
223.14,124.34,30.274,86.233
223.47,125.05,30.712,86.266
224.32,125.01,30.822,86.521
226.03,122.91,31.198,87.159
227.23,122.03,33.546,88.08
227.33,121,35.178,89.186
227.6,120.26,37.105,90.621
227.33,117.15,40.447,93.888
231.57,115.76,42.799,94.322
231.15,114.8,43.859,95.267
232.34,115.03,45.38,94.753
235.84,114.21,46.076,94.8
246.66,112.57,45.573,94.271
250.07,113.76,43.66,93.953
251.86,113.38,45.516,94.493
256.83,113.61,43.425,93.315
NaN,NaN,NaN,-2
NaN,NaN,NaN,0
NaN,NaN,NaN,0
NaN,NaN,NaN,0
NaN,NaN,NaN,0
NaN,NaN,NaN,-1
227.2,104.89,29.52,86.413
226.51,103.44,29.508,87.958
227.43,102.96,29.754,88.684
227.34,103.48,30.763,89.109
228.49,103.61,32.064,89.627
229.3,102.31,33.087,91.209
229.22,102.38,34.559,92.087
228.64,101.27,35.439,94.541
228.27,98.558,37.412,97
227.47,99.281,38.904,98.336
227.71,98.8,40.738,99.236
226.08,99.422,41.824,99.616
225.1,99.683,42.844,99.863
222.95,98.435,43.622,102.21
219.76,98.299,46.998,103.11
218.25,98.122,46.256,102.48
217.28,97.329,43.837,101.4
215.27,97.445,43.535,102.34
214.08,96.872,43.013,102.2
212.11,94.222,43.709,103.3
209.3,93.744,44.726,104.01
209.18,94.996,40.548,101.84
209.5,94.404,41.276,103.31
208.09,93.088,41.878,104.12
208.37,93.633,37.967,102.61
206.97,93.337,39.371,103.82
206.65,93.307,39.023,103.19
205.39,92.543,41.04,104.16
205.34,92.603,42.396,103.45
205.68,92.973,42.45,103.37
206.28,93.801,43.808,102.81
206.26,93.84,41.154,102.7
206.03,94.454,42.01,103.22
205.74,97.278,41.459,102.77
206.1,98.168,41.031,104.12
205.08,98.397,45.308,104.69
204.5,98.811,45.074,103.81
205.25,100.34,42.899,101.02
206.03,99.927,41.119,99.673
206.28,98.832,41.503,100.14
206.86,97.994,40.888,100.75
206.24,96.811,44.444,102.71
206.38,96.239,44.171,99.931
205.89,97.079,43.538,98.754
205.74,97.858,42.046,98.009
207.69,99.328,40.899,97.299
202.26,99.248,43.966,97.57
199.4,100.78,45.799,98.059
198.95,101.35,45.905,97.422
197.99,102.13,44.575,95.695
197.87,100.84,45.235,96.995
197.58,99.666,46.076,97.611
197.43,99.701,46.937,96.852
197.43,102.8,47.016,95.756
197.68,105.35,48.197,95.639
198.63,108.74,47.587,95.728
198.66,113.02,47.289,95.421
198.93,116.78,47.325,96.12
198.86,120.3,48.859,95.284
198.14,125.13,47.745,92.762
198.34,127.89,46.425,91.26
198.24,128.04,47.16,92.108
197.71,129.77,48.257,91.796
197.51,130.46,46.909,92.64
197.43,129.51,46.667,93.552
197.7,129.9,46.446,94.027
197.61,130.28,46.585,93.961
197.7,131.17,46.437,94.084
195.63,129.72,49.003,97.507
194.84,129.32,49.103,98.666
194.06,127.82,51.51,101.08
194.3,128.24,52.52,101.5
193.76,128.54,50.879,99.992
192.94,128.54,51.074,101.8
191.59,128.33,50.223,101.3
189.01,128.59,54.983,100.91
186.31,126.18,55.926,103.83
184.41,126.16,54.401,103.37
183.04,126.12,52.672,103.28
182.15,126.28,53.969,102.05
181.05,125.71,55.643,104.7
180.07,125.68,56.186,105.03
177.82,126.76,54.874,106.14
178.5,126.08,53.307,106.48
179.17,125.49,53.664,105.68
178.96,125.14,53.739,109.02
181.43,124.58,54.443,106.68
183.51,125.42,52.544,105.27
186.51,124.99,52.374,105.34
190.99,125.78,49.987,102.93
191.59,124.52,54.482,106.94
196.44,124.58,50.197,106.82
198.09,126.57,49.914,102.02
200.01,126.38,50.146,102.12
199.9,125.64,51.473,101.56
201.52,125.09,50.012,99.673
201.53,121.95,50.526,102.13
200.35,119.12,51.534,104.21
199.11,116.76,52.73,105.82
199.43,113.32,52.294,107.6
201.47,112.95,47.246,102.17
202.61,111.13,47.069,102.11
198.82,108.25,52.311,108.32
198.62,107.43,54.801,109.73
199.17,107.78,55.174,109.26
197.56,107.24,56.71,109.36
195.26,108.22,55.054,109.01
193.6,109.3,56.248,109.42
191.94,110.29,55.899,105.96
193.9,110.57,55.023,105.85
193.03,111.77,54.342,105.41
191.19,112.78,53.13,102.47
191.69,112.95,51.771,100.62
192.36,114.18,48.811,99.29
191.93,113.48,48.443,99.047
190.99,113.84,49.412,99.624
192.07,114.61,46.501,96.322
190.18,114.48,47.565,96.687
187.3,114.16,48.49,96.388
184.73,115.16,48.25,95.554
183.12,114.56,48.396,95.097
181.88,112.94,47.496,94.316
179.18,111.99,45.592,93.391
178.03,112.81,43.752,92.063
177.67,112.12,43.296,90.869
176.77,111.77,44.361,90.539
174.99,110.28,43.53,89.798
173.23,107.91,44.748,89.047
172.81,105.1,45.135,87.739
169.19,105.15,45.447,89.409
169.16,103.02,44.811,88.529
165.99,101.55,48.343,89.903
163.29,100.61,46.918,91.524
162.47,99.493,47.557,89.254
160.3,97.866,47.925,88.549
161.16,94.721,48.894,89.296
160.72,91.004,48.745,89.056
160.33,88.427,48.252,89.601
160.85,87.811,47.036,87.882
159.66,87.979,47.682,87.969
158.18,86.976,49.153,88.313
156.43,86.879,48.595,87.41
153.93,85.935,48.919,87.187
152.84,86.481,47.369,85.268
150.52,84.989,48.193,86.53
148.89,84.296,47.434,86.494
147.17,83.494,48.402,88.137
146.9,82.388,46.74,87.128
144.96,81.264,49.748,89.301
144.58,81.44,48.739,89.182
143.36,81.567,49.214,89.949
142.03,82.387,49.032,90.6
141.86,83.662,48.741,89.868
138.58,86.606,47.662,89.456
136.24,87.715,48.199,89.406
134.13,88.116,48.369,90.624
132.93,88.998,48.145,90.417
132.08,88.943,45.506,89.702
132.93,85.855,47.7,91.989
132.02,85.849,44.943,89.278
130.08,84.317,49.438,92.635
128.39,84.744,50.539,93.41
127.72,83.694,51.953,95.311
125.87,82.776,51.965,97.353
125.68,83.524,52.314,99.154
124.04,82.688,53.548,99.68
122.58,82.05,54.433,100.73
121.71,81.752,55.05,102.59
121.68,82.543,53.313,99.971
121.45,80.604,53.729,99.311
122.16,81.295,50.955,98.027
122.16,82.413,51.132,97.983
122.89,81.954,51.538,100.46
123.32,82.34,54.52,100.67
123.11,83.724,55.638,101.17
126.21,86.872,54.673,100.59
128.28,88.549,54.463,99.018
125.1,93.11,57.63,102.93
125.13,96.35,59.106,103.9
126.31,98.509,59.096,102.99
128.45,99.426,58.619,104.38
135.76,97.275,57.74,102.38
142.62,96.183,59.496,104.91
151.37,94.346,59.38,104.11
151.31,93.461,61.997,107.95
151.7,89.87,63.526,109.16
151.95,91.488,62.816,109.44
150.87,91.781,63.432,110.26
149.33,92.079,61.901,109.11
146.12,92.487,61.769,109.82
141.82,93.632,62.32,107.63
138.74,93.37,61.388,109.71
135.95,92.728,60.403,109.76
131.67,90.563,61.07,112.89
132.07,89.611,59.712,111.37
130.16,89.978,60.01,110.73
127.62,90.7,60.287,110.37
125.54,90.53,60.749,110.53
127.18,89.698,60.486,112.66
127.66,89.368,63.655,112.84
128.68,89.249,63.348,112.38
124.81,91.348,63.654,113.53
124.33,91.2,64.1,112.87
125.23,88.566,64.357,113.26
120.69,88.037,66.999,114.4
120.05,85.623,66.663,114.32
122.69,81.53,65.776,113.9
121.95,80.276,66.298,113.39
122.33,80.335,65.462,112.55
126.05,80.059,63.593,110.4
133.24,80.705,66.345,110.34
137.98,83.043,65.729,109.96
139.63,86.382,64.137,106.87
143.09,90.617,62.857,105.47
145.43,96.418,62.635,104.01
144.21,99.781,63.121,103.22
145.59,102.47,61.601,102.94
146.29,105.65,61.142,101.43
146.86,107.94,59.901,100.14
143.57,109.49,67.01,101.65
145.28,108.93,67.447,103.12
144.58,110.18,68.658,104.18
144.46,110.87,69.26,104.08
142.55,114.46,66.767,99.992
142.16,116.21,66.898,97.443
140.45,117.49,66.412,96.429
137.4,117.47,66.753,96.297
135.81,117.43,66.735,95.606
136.09,114.88,64.512,94.509
137.94,109.45,64,94.289
136.77,104.35,64.112,94.93
136.61,98.035,64.557,96.558
138.88,94.602,63.915,95.431
140.55,88.531,65.765,97.317
142.66,84.694,66.334,96.361
146.05,81.581,66.111,95.677
148.92,78.649,68.402,97.119
149.63,77.414,68.862,97.774
150.3,78.288,68.816,97.513
151.4,79.539,68.262,97.187
149.51,80.876,71.388,97.991
148.54,82.815,72.62,99.604
145.25,86.347,72.085,99.663
141.29,89.584,74.289,102.49
136.98,92.934,73.706,102.31
133.69,95.995,74.719,104.09
126.32,100.04,76.478,105.54
124.2,104.07,75.312,104.42
122.27,106.8,74.539,104.88
117.62,110.1,76.309,104.97
114.38,109.78,80.585,107.71
113.86,110.71,80.428,108.09
114.48,112.01,81.613,108.3
115.99,109.67,80.605,110.81
117.97,105.81,82.441,114.12
122.04,104.95,80.014,111.91
122.16,101.67,81.964,116.18
125.16,101.29,79.857,109.03
127.55,98.87,78.431,108.08
124.34,93.414,84.73,119.74
126.6,90.13,85.06,120.29
126.89,89.902,86.728,120.08
127.59,87.947,87.035,121.53
130.25,86.351,86.296,117.42
132.02,82.281,86.005,116.87
132.58,81.278,85.583,115.06
134.45,80.115,84.873,113.33
134.71,79.127,85.544,112.22
133.55,79.304,86.739,111.91
132.03,78.686,87.223,111.28
131.75,78.52,86.179,110.98
129.04,79.932,85.572,111.81
127.35,80.148,85.334,111.23
127.28,80.709,83.894,109.86
124.55,80.623,85.001,110.26
122.32,80.742,83.263,109.99
119.54,80.106,83.258,110.28
119.37,78.79,82.799,109.46
118.01,79.168,82.634,107.38
116.57,77.674,81.597,109.36
116.67,77.535,80.657,108.57
117.03,74.843,82.007,110.28
117.7,74.457,81.867,107.1
117.76,70.598,82.554,111.84
116.59,68.127,81.784,113.72
117.84,65.941,81.707,115.01
119.53,64.58,80.994,113.72
121.75,63.914,78.106,112.12
123.34,62.844,80.57,113.16
125.26,62.686,79.726,111.11
128.46,62.784,78.331,108.8
131.42,62.996,78.707,110.92
136.65,63.451,79.546,111.37
137.14,66.391,82.575,112.53
138.33,73.012,80.988,111.17
140.3,77.754,81.178,110.45
139.41,82.177,81.443,110.65
139.47,86.474,81.484,111.28
138.65,89.213,81.436,108.49
139.55,90.35,80.682,107.26
140.52,92.634,78.598,105.83
141.47,92.691,79.606,105.07
140.56,92.48,79.673,105.97
140.35,93.166,79.794,105.32
140.28,95.134,79.841,104.81
137.6,97.087,81.616,105.54
136.86,100.29,79.767,104.44
133.95,103.32,78.875,105.78
132.86,104.25,76.689,107.05
130.17,106.06,78.453,107.01
129.5,107.29,76.716,106.69
128.73,109.78,76.229,104.24
128.42,110.93,75.114,103.96
128.26,111.56,75.575,102.9
128.84,111.95,75.821,102.56
129.29,110.76,76.095,102.47
129.8,110.33,76.374,101.15
130.37,111.07,74.304,100.35
131.29,112.6,72.944,98.183
130.52,111.01,75.086,102.46
132.19,111.44,74.017,99.899
133.09,111.4,73.336,99.23
129.2,111.65,75.093,99.996
129.5,110.18,74.057,99.599
129.2,106.12,74.337,100.53
128.97,105.32,73.376,99.929
130.27,103.1,74.451,100.16
131.22,99.932,72.185,101.38
129.94,98.316,74.33,97.987
130.54,98.099,73.264,96.16
133.86,95.127,71.078,96.212
136.79,92.268,71.756,96.05
139.25,90.137,72.919,95.908
139.42,88.068,74.16,96.153
140.57,85.633,74.71,97.363
140.77,84.491,74.936,97.705
140.89,83.223,74.887,97.665
141.64,82.622,73.311,96.543
141.17,81.908,73.976,96.979
140.98,81.309,73.547,98.043
140.31,80.879,74.926,98.782
141.62,81.343,72.974,96.852
142.26,81.648,72.942,96.688
142.21,80.939,75.786,99.032
143.64,80.654,75.159,98.507
144.04,80.536,75.504,98.139
144.44,80.006,75.859,98.302
144.44,79.329,75.695,97.581
145.11,80.377,73.702,95.883
144.32,78.969,75.792,96.503
143.65,77.762,75.434,96.598
142.01,77.272,74.585,96.874
142.17,77.684,72.179,94.265
140.94,78.263,71.072,92.947
136.51,78.053,73.727,95.366
134.61,79.081,72.946,94.143
132.04,79.48,74.573,94.36
130.44,79.19,73.823,94.521
128.4,79.619,73.26,94.299
125.31,80.402,73.105,95.064
122.38,78.935,71.984,95.621
120.14,77.962,72.464,96.138
117.45,76.369,72.198,96.1
115.45,75.2,72.207,95.676
116.04,75.486,69.826,93.174
115.47,75.716,69.634,92.19
115.38,75.548,69.159,91.589
113.57,74.982,71.45,94.192
114.3,75.902,68.458,91.886
112.43,75.993,70.799,92.904
111.66,75.528,70.588,93.081
110.69,76.858,69.7,91.636
108.84,76.448,71.548,92.847
109.44,76.42,71.403,92.517
108.11,77.777,73.012,92.092
110.32,79.684,69.65,92.998
110.35,84.348,72.302,91.966
113.26,88.758,70.433,93.174
115.86,94.887,70.449,93.257
118.4,98.874,72.208,94.432
124.32,105.55,70.18,90.671
132.44,108.54,68.657,90.222
133.68,110.11,69.987,92.109
133.84,110.13,69.211,92.636
132.84,109.32,70.011,94.04
132.4,107.06,68.583,91.72
129.7,101.95,69.748,92.426
129.08,98.58,70.114,92.047
129.84,94.407,69.765,93.913
129.76,90.173,69.879,91.337
129.83,86.574,70.218,90.531
130.38,84.105,69.636,90.952
129.42,81.852,70.56,91.879
128.49,79.692,70.241,92.523
128.07,78.51,70.177,93.015
128.18,78.419,68.14,91.227
123.41,78.973,71.483,89.628
114.42,78.663,71.878,90.878
107.18,75.438,73.675,92.63
103.39,69.031,75.796,94.775
96.887,66.389,75.197,94.442
87.9,62.034,77.2,95.547
87.911,55.35,78.87,99.846
93.01,43.684,81.715,101.26
82.907,41.073,81.593,101.72
NaN,NaN,NaN,-2
NaN,NaN,NaN,0
NaN,NaN,NaN,0
NaN,NaN,NaN,0
NaN,NaN,NaN,0
NaN,NaN,NaN,-1
243.17,19.145,42.834,132.28
247.1,17.571,41.009,133.63
247.98,18.862,42.645,131.6
244.76,23.242,43.558,129.25
236.59,27.805,45.738,129.78
237.82,38.261,48.514,129.33
245.21,45.771,48.692,129.85
242.61,53.319,49.646,129.73
236.04,62.727,47.298,128.24
234.73,76.503,45.234,125.91
227.02,86.322,43.353,125.47
213.42,92.756,42.418,125.84
207.82,98.229,41.346,125.83
204.95,98.929,41.514,125.97
199.15,101.18,39.942,122.78
194.71,99.491,41.447,122.78
196.58,96.042,42.113,123.57
201.47,93.705,40.143,123.15
202.9,88.782,40.07,123.81
207.7,84.329,38.017,122.27
214.3,83.829,37.836,122.24
217.68,86.114,37.305,121.28
217.4,88.859,37.972,119.33
215.87,91.329,38.757,117.65
220.15,98.127,37.87,116.09
215.2,103.31,37.328,116.25
214.3,106.56,36.57,115.27
215.58,110.13,37.526,115.35
212.44,113.48,38.143,116.04
