NaN,NaN,NaN,-1
203.89,120.39,33.611,99.224
201.58,118.57,33.958,98.689
200.17,118.47,33.93,97.741
200.3,116.93,32.032,98.055
199.63,115.96,31.841,97.215
199.36,114.44,32.208,98.182
200.27,113.36,34.02,99.781
201.36,111.42,36.209,102.39
202.56,109.16,37.223,103.02
204.12,108.53,34.393,102.24
206.45,108.63,33.994,102.93
209.73,107.66,37.101,105.07
211.52,109.04,32.853,101.02
208.77,109.88,33.696,102.51
207.58,110.72,34.417,102.7
205.69,109.97,35.908,103.48
207.45,109.48,33.601,103.82
205.8,107.95,34.081,102.97
205.79,108.32,33.501,102.2
205.85,106.29,34.118,105.68
206.52,105.29,34.353,106.37
207.51,104.8,34.869,107.36
207.07,104.65,35.654,108.05
208.59,103.06,35.669,109.15
209.36,103.76,35.308,108.17
209.06,103.02,37.348,109.51
209.06,102.9,37.765,108.71
209.42,101.86,34.608,105.7
210.02,101.48,36.393,105.65
211.2,99.736,35.114,104.61
212.29,100.09,33.342,104.19
213.25,100.04,33.768,102.9
213.88,99.81,35.888,105.16
214.34,98.413,37.642,107.14
214.94,99.259,33.053,101.2
214.8,98.981,33.667,102.08
215.03,99.768,32.859,99.82
215.63,99.001,31.898,98.972
216.79,99.659,31.678,98.698
215.47,99.415,33.755,100.94
214.63,102.74,35.284,101.29
214.64,104.28,36.378,102.95
214.61,108.06,38.317,104.53
215.65,111.61,36.345,102.97
215.79,111.51,35.64,101.14
214.58,111.39,38.368,104.26
214.29,112.35,38.073,104.42
212.2,112.92,37.882,106.38
209.95,113.34,36.707,105.08
207.21,113.51,36.79,104.16
203.9,112.95,35.123,102.93
200.04,111.57,34.921,101.73
196.18,109.64,34.608,100.74
192.99,107.3,35.13,100.63
190.55,106.76,34.601,101.43
189.15,105.43,34.711,102.7
188.81,104.95,34.254,103.79
188.51,105.69,36.393,107.26
190.83,107.96,34.115,102.96
191.4,108.25,34.999,104.97
193.03,110.33,35.568,103.65
194.36,112.27,35.113,104.12
196.17,113.17,34.764,102.85
196.51,112.99,35.052,103.44
193.57,112.59,34.763,105.1
191.58,111.91,35.327,105.6
193.06,110.64,35.909,105.16
194.3,109.65,38.707,107.28
196.32,108.36,38.891,106.96
203.2,107.11,39.262,109.92
211.15,104.49,39.336,111.07
214.88,102.64,39.351,110.06
215.47,99.606,40.032,109.15
212.35,100.47,40.785,108.02
206.1,98.99,40.058,107.32
199.72,100.53,38.89,106.91
193.07,99.858,39.691,107.02
187.14,99.719,40.147,107.71
186.04,96.15,41.446,108.15
185.3,91.778,39.09,105.64
184.84,83.917,39.311,108.59
186.99,77.542,38.209,108.93
185.84,75.341,36.915,107.04
189.63,72.327,34.421,104.44
192.26,70.889,33.843,104.69
192.19,68.679,36.608,109.02
193.48,69.124,38.061,110.5
192.73,71.798,40.011,111
193.4,75.556,41.032,111.75
192.61,82.436,41.084,109.58
191.69,88.43,43.019,111.57
191.07,93.012,44.257,112.46
192.08,95.2,42.743,111
193.53,97.961,42.463,109.65
195.52,102.3,43.496,109.86
197.61,104.89,45.056,111.32
198.5,108.97,44.991,111.95
196.83,113.93,47.241,111.79
195.26,119.15,47.48,112.23
193.51,122.59,47.833,111.76
192.7,124.12,48.591,113.86
193.6,126.5,46.83,111.77
193.17,127.75,48.398,110.16
194.53,125.35,49.176,109.75
194.27,124.77,49.704,108.25
193.5,123.17,52.164,109.3
196.46,122.31,52.839,108.41
195.01,121.35,53.002,107.05
194.8,118.14,56.205,107
195.48,116.79,56.439,106.72
197.68,113.17,58.121,108.3
199.68,109.97,59.266,109.34
193.59,110.7,59.429,106.68
193.1,107.89,60.623,106.35
194.41,108.83,58.667,103.3
194.43,106.39,62.415,106.2
200.12,107.82,61.571,105.8
201.52,107.99,63.873,107.32
204.19,109.37,65.458,106.84
207.52,109.71,65.165,106.74
209.84,110.05,66.38,107.95
215.05,111.07,65.408,108.18
219.87,111.72,64.998,108.65
227.59,115.16,62.912,107.07
232.73,115.94,62.339,106.73
236.77,116.95,63.195,107.29
240.13,117.65,63.725,107.13
244.94,119.69,63.309,106.07
NaN,NaN,NaN,-2
NaN,NaN,NaN,0
NaN,NaN,NaN,0
NaN,NaN,NaN,0
NaN,NaN,NaN,0
NaN,NaN,NaN,-1
223.77,130.47,33.419,90.497
224.27,130.7,32.341,90.905
225.18,130.26,32.616,91.559
225.94,129.76,34.698,91.621
227.79,128.56,35.644,92.774
229.02,127.56,38.172,93.003
232.43,126.64,39.265,94.388
234.87,126.63,40.5,93.605
238.5,124.69,41.345,93.749
238.8,123.07,43.899,95.279
240.34,122.73,45.084,95.511
245.14,120.89,45.087,97.188
249.95,120.74,43.264,95.519
253.33,122.13,42.83,94.928
256.09,121.62,43.635,95.436
NaN,NaN,NaN,-2
NaN,NaN,NaN,0
NaN,NaN,NaN,0
NaN,NaN,NaN,0
NaN,NaN,NaN,0
NaN,NaN,NaN,-1
228.09,112.93,33.028,91.454
227.65,112.95,34.127,91.576
227.39,111.01,34.462,94.51
227.26,110.67,35.363,95.1
227.66,110.19,36.396,95.165
228.43,109.72,37.569,96.436
229.35,108.69,39.365,97.931
228.77,107.66,40.242,100.21
229.17,107.8,40.839,101.15
228.36,108.55,42.369,102.44
228.56,108.05,44.278,103.37
228.33,109.76,46.201,103.75
228.22,107.76,48.786,105.15
225.57,108.83,51.53,107.27
224.04,108.61,53.079,107.64
221.58,109.99,54.828,108
220.05,106.78,57.089,111.15
217.36,105.9,58.631,111.87
214.11,107.06,62.47,116.91
212.98,101.26,63.179,117.68
210.84,101.62,66.603,116.32
208.23,101.58,69.308,118.17
207.03,99.408,71.274,119.96
206.04,99.554,72.557,121.07
205.48,98.225,70.228,118.74
204.49,98.184,71.609,117.89
203.97,97.566,71.019,119.54
203.71,97.934,70.812,119.82
202.73,97.594,71.78,120.95
203.12,98.069,70.483,120.07
202.47,97.691,70.856,121.62
202.39,97.638,71.542,121.69
203.91,99.014,71.293,121.07
204.11,99.125,70.167,121.56
203.16,100.06,72.843,122.4
203.09,101.64,74.486,123.21
203.25,101.68,75.77,123.05
202.31,101.04,78.594,123.84
201.65,101.52,79.039,123.93
202.79,103.48,73.532,119.83
201.62,103.44,78.009,120.57
202.63,99.727,80.133,123.65
205.63,100.51,81.439,125.09
207.55,98.721,82.73,125.77
219.64,102.06,81.609,126.26
219.63,101.78,84.307,127.29
223.06,103.11,81.957,126.1
224.25,104.14,82.093,126.38
226.65,105.98,81.713,125.33
229.11,106.83,81.323,124.84
230.69,107.14,82.392,125.3
234.41,107.55,81.954,125.54
NaN,NaN,NaN,-2
NaN,NaN,NaN,0
NaN,NaN,NaN,0
NaN,NaN,NaN,0
NaN,NaN,NaN,0
NaN,NaN,NaN,-1
200.78,127.4,33.451,89.666
201.58,131.23,32.81,88.177
201.58,135.35,32.539,87.669
200.75,137.51,33.59,87.565
200.29,138.28,32.164,86.222
200.58,139.16,31.807,86.606
200.53,139.23,33.217,87.491
199.78,138.25,34.295,88.2
200.53,138.26,35.114,88.531
201.03,138.35,35.235,89.751
200.08,138.53,38.224,90.702
201.07,138.18,39.315,91.495
199.44,138.23,40.64,91.972
199.36,138.81,42.076,92.648
198.94,138.47,43.57,94.512
197.73,138.64,45.088,96.009
196.36,138.23,45.924,97.19
193.72,137.04,46.815,97.701
191.66,136.09,46.502,99.606
189.59,134.99,45.856,97.963
187.64,133.67,48.106,101.23
184.7,132.76,49.634,102.83
183.22,132.74,48.68,102.96
182.76,133.37,47.726,103.04
180.87,134.66,46.85,103.09
180.95,135.22,48.966,104.25
180.44,134.66,50.445,105.17
180.8,134.72,50.363,105.83
181.83,133.49,49.9,104.97
183.52,132.47,51.621,104.32
185.78,132.92,49.454,102.44
188.66,132.46,50.294,104.19
192.11,131.83,50.79,103.27
196.18,133.07,48.794,100.37
198.52,133.23,48.615,101.98
200.95,132.72,48.103,102.78
203.74,133.71,45.093,98.044
203.05,134.55,44.08,96.783
205.04,132.87,42.715,96.039
205.21,130.39,43.496,95.963
205.3,127.79,44.129,97.184
204.81,125.84,44.562,97.735
204.4,123.51,44.846,98.283
204.3,120.5,45.892,99.066
203.81,119.3,46.345,99.157
206.06,119.03,43.3,97.259
202.22,118.56,47.736,100.97
200.81,118.06,47.22,102.73
199.23,117.89,48.634,104.86
198.45,118.65,48.294,105.38
197.16,118.54,48.945,105.89
196.56,119.3,48.753,105.16
195.04,120.23,49.074,103.85
196.83,121,47.321,100.28
196.6,120.85,46.501,99.035
195.58,120.92,47.602,99.824
194.69,120.58,48.656,100.33
194.28,120.96,47.774,99.46
193.69,121.82,47.54,98.221
193.84,120.59,45.207,96.45
191.68,121.29,47.183,96.455
188.3,120.29,47.394,96.819
186.36,120.45,48.29,96.397
185.19,119.64,47.752,95.081
183.3,119.62,47.433,94.175
181,119.46,47.574,93.513
179,118.47,46.761,93.027
178.2,117.86,44.769,89.572
176.91,117.65,43.011,88.712
174.12,116.16,43.171,89.326
172.37,114.01,44,88.989
172.47,113.23,42.705,85.747
173.55,110.78,41.194,83.616
172.27,109.15,41.576,82.592
169.94,109.23,42.668,82.338
167.68,108.72,41.334,80.996
164.37,107.59,41.971,82.531
164,105.46,42.027,80.323
164.45,103.67,40.924,78.465
166.38,100.39,42.414,78.736
164.51,98.03,43.099,79.964
163.81,96.636,43.929,79.951
163.37,96.003,43.57,80.037
161.33,94.975,45.778,81.794
158.99,94.464,43.008,79.188
157.56,93.719,43.376,79.591
155.91,93.225,43.136,79.002
153.87,93.105,42.634,79.061
152.26,92.495,43.148,79.21
151.11,92.259,43.21,79.823
150.01,90.705,44.359,81.377
148.83,88.895,45.744,82.304
146.87,88.526,47.611,83.726
144.64,88.386,47.102,83.776
143.39,89.375,48.675,84.52
141.71,91.537,48.786,83.794
140.66,93.475,48.183,84.729
137.15,94.381,51.703,86.178
135.2,95.686,50.755,85.061
135.72,96.463,46.667,84.098
134.73,94.915,47.691,86.171
134.31,93.916,47.786,86.021
133.63,92.449,45.991,85.663
132.42,93.461,47.14,86.766
133.54,91.765,47.512,88.991
130.48,91.388,49.988,91.412
129.14,90.956,51.341,93.16
128.28,91.028,50.544,93.621
126.61,91.275,49.428,94.202
125.56,91.087,49.049,94.084
123.77,90.944,51.239,95.371
123.87,90.706,51.627,95.762
123.9,89.212,52.538,94.491
124.6,90.54,51.378,93.236
125.34,89.79,50.317,94.347
125.73,89.632,50.497,95.085
125.18,89.995,51.414,96.051
125.76,92.23,52.005,97.436
127.78,94.961,50.232,95.966
129.57,97.127,50.775,96.712
130.94,102.27,50.876,93.831
132.46,105.37,50.212,93.072
132.4,106.53,53.023,94.43
134.71,107.38,52.897,95.815
139.43,105.86,53.043,96.923
149.2,106.35,52.47,95.502
156.94,104.1,53.378,97.369
159.35,102.63,54.584,97.298
157.66,103.05,56.281,97.633
157.12,101.93,56.14,98.646
155.9,101.85,56.699,100.01
152.71,102.27,56.865,100.54
149.45,101.22,57.493,102.55
145.93,101.5,57.279,103.82
142.41,101.16,58.262,105.29
138.3,101.46,59.973,107.06
135.2,100.55,60.833,108.09
134.43,99.337,60.365,108.53
134.41,99.474,58.253,106.24
131.81,97.703,58.106,108.85
129.93,97.982,58.363,107.72
130.6,98.377,57.667,108.58
131,98.058,58.129,109.21
131.18,98.107,57.819,108.16
131.21,99.069,57.813,107.78
130.45,98.093,58.595,108.24
128.22,98.353,58.706,106.7
126.14,97.479,57.586,106.99
126.38,92.175,58.43,107.53
128.92,90.121,58.464,107.04
127.84,87.631,61.115,109.14
128.73,88.126,59.351,107.32
131.56,87.346,59.753,106.06
138.64,89.531,59.337,103.84
143.77,90.928,59.313,103.1
144.92,92.458,61.619,103.91
147.62,97.973,61.955,103.42
149.23,102.17,60.318,101.19
148.78,105.83,60.38,100.48
149.7,109.16,58.969,98.828
150.41,112.67,60.414,98.387
150.3,113.84,61.336,98.14
149.1,115.28,63.663,99.582
150.61,116.18,63.624,99.516
150.83,116.55,63.031,98.643
149.63,117.7,65.196,98.697
147.08,118.64,67.727,99.165
146.09,120.53,66.997,97.462
143.75,122.17,68.589,97.385
140.78,122.94,68.955,96.406
139.15,121.54,68.663,95.906
140.11,117.91,68.901,95.044
141.43,114.22,67.866,93.147
140.62,106.92,65.773,97.004
140.2,103.4,64.769,96.332
142.23,98.783,64.662,96.802
144.95,94.098,63.864,96.425
148.19,88.651,63.612,96.543
151.4,85.576,63.712,96.681
154.54,82.277,64.302,97.601
156.02,82.305,64.728,96.643
155.29,82.727,66.41,97.936
156.34,84.664,65.114,95.544
155.69,85.566,66.835,96.852
154.98,88.225,66.486,96.362
152.24,92.247,66.36,97.67
147.95,96.967,66.841,97.803
144.29,99.495,68.672,100.44
140.12,102.73,69.032,101.39
136.57,108.04,66.356,98.815
131.35,111,71.418,102.71
129.16,114.4,71.29,102.8
124.34,116.75,70.783,102.36
122.86,119.53,72.988,101.33
122.11,118.6,73.358,105.48
122.31,118.85,72.711,106.2
124.71,117.65,73.3,107.84
126.53,115.54,73.25,107.99
130.17,114.34,72.402,104.73
131.38,112.39,72.028,104.6
131.01,110.05,73.167,105.32
131.82,107.34,75.397,107.56
135.12,103.56,73.995,108.49
136.51,101.04,75.536,109.63
138.25,101.71,74.444,107.66
138.56,98.19,77.588,109.8
138.87,96.237,78.599,111.05
139.99,93.476,76.594,109.96
140.27,90.781,76.426,110.24
142.88,89.184,74.64,107.54
143.24,88.31,74.208,106.86
142.28,87.175,75.155,107.31
141.3,87.862,75.212,105.31
141.31,87.225,73.722,105.13
139.28,87.878,73.117,105.83
137.3,87.884,74.77,105.57
136.01,88.834,75.241,102.49
134.87,90.233,73.044,101.79
131.85,90.376,73.957,100.81
129.83,90.416,71.842,102.23
128.07,88.671,72.16,102.81
126.52,87.207,71.311,103.24
124.33,86.485,72.939,104.18
124.95,85.737,71.351,102.44
124.23,85.505,72.888,103.7
125.09,83.387,71.792,104.27
124.76,80.403,73.301,106.48
125.89,76.63,74.61,107.81
126.97,74.663,73.989,108.41
127.76,74.964,73.357,105.49
128.54,73.582,73.431,106.22
130.08,73.971,73.696,104.66
131.97,73.013,73.076,105.54
134.98,72.583,71.788,102.58
138.74,72.193,72.6,102.98
143.76,72.556,73.438,104.62
145.92,75.658,72.549,104.18
145.07,82.506,72.905,103.71
146.84,87.609,73.111,102.51
147.67,91.092,73.204,102.52
147.22,96.149,74.098,101.57
146.81,98.082,74.132,101.08
147.46,98.728,74.728,101.39
148.23,99.285,73.998,101.27
147.67,98.892,73.473,102.56
147.43,100.01,73.34,101.05
147.55,100.44,72.886,100.96
148.38,102.71,71.887,98.623
146.57,104.92,71.094,98.146
143.63,108.41,71.4,98.49
141.78,110.32,72.167,99.758
139.93,112.99,72.199,100.06
138.42,114.95,72.097,99.601
136.68,115.89,72.399,101.23
135.98,117.45,70.767,97.821
135.68,118.49,70.266,98.465
134.1,118.49,71.073,98.367
134.02,118.63,71.352,98.496
135.15,118.18,71.971,96.726
135.93,116.85,72.17,97.539
136.8,117.1,73.126,97.302
137.16,117.63,73.07,96.341
137.02,118.53,72.57,94.595
138.46,117.23,73.431,94.748
138.88,117.84,72.952,93.409
138.16,117.03,73.528,93.182
137.59,115.44,75.126,92.286
137.69,112.36,75.374,94.102
137.2,110.99,73.755,95.424
135.9,110.32,71.108,91.953
135.74,106.74,72.432,93.785
135.23,104.97,70.679,93.374
136.09,104.19,70.841,93.379
138.56,100.32,69.572,92.833
141.64,98.715,68.854,91.941
144.37,96.259,69.486,91.625
145.44,95.061,70.189,90.865
146.12,92.848,70.629,90.16
146.32,91.414,71.638,91.381
146.74,89.487,70.451,92.911
147.07,89.375,69.556,92.126
147.05,89.011,70.592,92.252
146.36,88.226,69.763,92.964
146.86,88.102,71.22,91.792
147.18,87.94,72.227,92.673
148.25,88.825,71.737,90.664
150.07,88.049,72.159,92.537
151.04,88.726,71.296,91.741
151.28,87.951,72.882,91.366
152.09,87.636,72.439,90.524
151.81,86.771,72.835,90.96
150.97,86.415,73.662,91.366
150.2,85.579,72.053,90.499
149.72,84.936,71.17,90.416
149.27,84.302,70.15,89.707
147.21,83.686,70.083,90.34
144.82,84.175,70.662,90.828
142.43,85.236,69.324,88.833
140.13,85.735,69.897,88.739
138.42,86.362,68.45,86.591
137.01,86.719,68.251,86.554
134.35,87.786,67.997,86.016
131.48,87.43,67.497,86.172
128.6,86.459,67.917,86.48
126.2,85.556,68.133,87.438
124.64,84.477,66.433,86.601
122.26,83.528,66.635,86.587
121.6,82.134,67.897,86.639
122.89,81.62,67.148,86.824
121.23,80.761,69.597,87.998
120.6,81.362,68.383,85.953
120.18,83.43,67.301,84.561
118.68,83.011,69.558,85.237
117.61,83.784,68.435,83.514
116.85,83.086,67.603,84.312
115.6,83.524,70.346,85.474
114.3,84.416,68.954,84.729
114.48,84.694,69.032,85.694
114.79,87.35,68.632,84.027
114.88,90.674,70.84,87.095
118.32,97.606,68.149,83.229
120.66,103.14,68.464,83.032
124.07,108.37,66.115,83.439
128.71,112.73,66.9,85.005
136.47,115.79,65.674,83.924
138.87,117.99,65.046,83.564
139.41,119.29,63.762,81.457
138.51,117.89,66.601,84.227
136.94,114,66.449,85.04
135.06,109.47,66.165,85.091
133.89,105.31,68.213,86.808
135.23,102.4,67.758,85.873
136.89,96.27,67.484,85.207
137.57,91.182,67.552,85.109
137.22,91.266,67.056,83.697
136,88.372,67.679,85.406
135.27,86.639,67.145,84.425
134.49,85.241,68.744,85.053
133.23,84.839,68.686,84.456
129.93,84.914,68.358,84.276
121.83,84.67,67.414,82.608
114.65,82.668,67.799,83.041
110.78,78.041,68.542,84.004
103.09,75.334,71.543,85.821
101.31,70.017,69.004,85.818
100.98,64.304,69.254,86.748
113.19,54.537,67.283,84.108
101.39,55.428,67.426,85.091
123,48.289,65.961,83.286
NaN,NaN,NaN,-2
NaN,NaN,NaN,0
NaN,NaN,NaN,0
NaN,NaN,NaN,0
NaN,NaN,NaN,0
NaN,NaN,NaN,-1
245.87,30.623,45.996,144.23
241.58,33.839,47.461,145.87
243.42,33.288,49.043,145.48
236.27,38.914,51.754,146.31
241.05,53.799,51.173,145.88
246.62,58.943,51.441,145.49
245.96,64.534,50.937,144.86
238.26,70.902,49.989,144.49
239.3,83.086,51.782,145.46
238.07,96.879,49.574,143.1
230.39,102.86,49.565,143.81
228.24,105.36,50.317,141.5
227.24,107.95,48.413,140.6
NaN,NaN,NaN,-2
NaN,NaN,NaN,0
NaN,NaN,NaN,0
NaN,NaN,NaN,0
NaN,NaN,NaN,0
NaN,NaN,NaN,-1
178.86,89.578,64.636,151.96
184.62,90.658,62.539,149.55
183.84,93.081,62.896,149.88
183.91,95.309,63.516,150.75
182.65,101.03,62.944,149.4
177.41,107.29,62.713,148.11
174.97,108.76,60.678,147.03
177.09,112.77,62.344,148.64
171.98,115.66,62.697,150.45
