NaN,NaN,NaN,-1
142.07,36.374,19.334,112.16
139.74,35.318,20.842,113.43
141.1,38.335,18.906,109.36
139.37,35.378,21.171,113.01
140.84,35.202,19.621,114.9
140.17,36.239,18.313,113.88
140.31,36.357,18.371,113.79
140.13,35.801,19.351,111.91
139.86,35.237,19.811,112.99
139.81,33.958,20.179,114.64
139.25,35.153,20.551,112.26
138.78,35.11,19.679,111.36
139.1,34.401,19.932,111.31
139.78,37.288,18.56,106.55
138.41,37.374,19.166,105.44
138.5,40.827,18.163,102.83
138.35,40.179,18.972,112.2
138.89,37.913,19.403,114.38
137.71,40.19,19.241,109.48
137.28,39.642,19.142,111.81
138.62,39.92,17.39,108.52
138.38,40.132,17.388,108.99
136.6,39.917,19.284,113.45
135.36,42.74,20.33,105.43
136.89,39.015,19.925,115.25
135.02,41.82,20.498,113.4
133.41,42.979,24.792,108.49
131.42,45.145,24.758,105.92
132.34,44.824,22.747,105.08
132.61,44.771,22.339,110.31
131.76,47.31,25.073,100.73
131.28,45.963,22.724,106.15
130.6,45.955,21.103,104.83
131.18,41.752,19.962,111.54
130.74,38.369,18.358,104.88
137.46,47.325,17.6,110.19
129.28,51.63,17.519,96.391
127.88,55.795,17.82,89.27
128.47,56.65,14.333,86.319
128.67,55.798,15.089,87.383
114.03,44.179,15.81,83.024
126.61,42.376,15.589,80.974
126.5,39.593,15.446,79.557
126.62,37.73,15.506,71.268
126.46,43.483,15.49,80.983
126.07,60.831,16.504,81.377
126.02,60.566,16.583,76.245
140.51,47.116,15.874,77.441
144.54,43.909,12.043,83.61
147.34,53.024,11.025,80.549
NaN,NaN,NaN,-2
NaN,NaN,NaN,0
NaN,NaN,NaN,0
NaN,NaN,NaN,0
NaN,NaN,NaN,0
NaN,NaN,NaN,-1
129.89,78.654,29.836,81.409
130.14,79.793,28.155,78.755
130.61,80.441,28.493,76.366
131.23,78.934,28.786,77.944
131.5,80.22,28.242,73.342
131.68,79.437,27.569,73.981
130.94,79.078,28.59,75.018
132.4,78.035,27.415,75.154
131.57,76.768,28.183,76.399
132.02,76.917,28.153,74.291
133.12,75.432,26.515,75.884
131.96,76.039,28.474,76.22
132.5,76.033,26.41,75.076
132.38,75.884,28.007,77.537
131.92,79.29,26.959,71.825
131,80.193,28.257,68.871
128.17,77.6,30.369,76.114
128.89,78.783,27.466,75.945
127.18,80.594,28.062,74.163
127.34,81.696,27.646,72.625
125.12,82.007,30.746,74.277
125.85,82.453,31.219,75.63
125.92,83.755,29.021,77.311
126.48,86.067,28.521,76.379
128.14,85.744,23.681,78.166
126.05,87.675,24.625,78.691
127.93,86.658,23.675,81.711
127.16,89.691,24.404,81.23
125.01,95.76,24.805,75.825
123.26,97.732,25.385,76.146
122.38,102.2,28.071,71.974
125.44,102.64,27.299,75.605
NaN,NaN,NaN,-2
NaN,NaN,NaN,0
NaN,NaN,NaN,0
NaN,NaN,NaN,0
NaN,NaN,NaN,0
NaN,NaN,NaN,-1
123.94,57.265,52.281,50.501
123.42,56.198,52.843,54.438
124.78,56.963,51.056,54.897
123.66,56.669,51.528,56.916
125.3,57.017,48.813,58.674
124.24,57.15,49.427,61.262
123.5,58.462,49.228,60.747
122.47,57.572,48.812,65.098
121.64,58.396,49.386,65.207
121.59,58.506,47.973,68.984
119.07,64.21,51.161,62.715
121.8,62.88,44.162,66.661
118.08,63.421,49.223,68.974
116.56,66.1,51.044,66.484
116.55,67.165,49.75,64.852
114.39,69.193,50.709,64.869
114.01,79.473,48.74,55.878
114.21,75.36,48.371,61.043
112.84,73.434,48.938,63.464
110.84,78.388,51.951,59.945
NaN,NaN,NaN,-2
NaN,NaN,NaN,0
NaN,NaN,NaN,0
NaN,NaN,NaN,0
NaN,NaN,NaN,0
NaN,NaN,NaN,-1
138.4,48.167,36.526,49.558
138.38,46.312,34.21,52.282
138.05,45.922,34.542,52.372
140.67,46.649,31.93,52.092
140.22,50.498,32.151,44.616
140.72,54.003,31.337,40.545
139.66,53.498,31.762,39.802
138.81,54.138,31.983,38.138
136.76,55.958,34.366,35.593
135.8,58.464,34.379,32.453
136.68,59.712,32.776,32.058
122.82,49.486,35.065,30.305
121.82,51.344,35.349,30.514
135.13,58.376,39.954,30.733
126.53,47.127,32.185,31.862
126.64,45.263,32.593,33.242
126.44,45.18,32.061,32.031
125.02,43.851,33.11,31.289
138.07,43.013,30.199,28.307
140.82,44.393,29.249,24.301
146.78,55.725,29.213,25.01
145.32,70.766,32.679,25.363
144.25,71.465,34.317,24.205
156.79,64.192,31.445,23.822
148.88,49.487,30.126,24.578
142.57,42.871,30.833,26.318
138,37.822,35.192,27.134
137.89,34.423,37.962,30.875
139.08,44.401,36.515,27.698
136.33,37.576,41.825,30.474
137.62,40.619,41.281,30.953
138.09,61.17,40.013,30.736
134.84,60.854,44.288,29.617
136.03,65.897,47.989,29.904
135.53,68.445,45.514,33.901
135.29,69.329,44.34,33.342
135.58,61.425,42.885,33.912
134.44,63.023,43.837,31.002
140.25,74.237,40.627,30.757
136.79,72.739,42.833,30.37
136.28,74.63,43.36,30.904
134.76,78.043,43.011,24.691
138.71,77.393,42.273,26.584
137.66,77.757,41.22,27.548
136.28,77.827,39.91,28.604
135.15,79.871,40.505,24.169
136.24,84.86,42.107,21.663
126.66,100.69,37.752,23.639
125.96,99.568,36.978,24.234
123.05,101.3,34.498,19.944
122.16,104.86,35.623,18.852
126.04,110.09,38.733,15.184
120.52,101.24,36.384,16.106
133.33,102.17,35.601,15.388
146.56,109.18,36.84,15.308
NaN,NaN,NaN,-2
NaN,NaN,NaN,0
NaN,NaN,NaN,0
NaN,NaN,NaN,0
NaN,NaN,NaN,0
NaN,NaN,NaN,-1
130.39,79.978,53.371,39.468
131.17,79.15,49.714,39.367
131.78,78.545,49.027,41.653
132.88,77.815,45.88,41.134
131.19,78.67,47.985,41.685
131.7,78.337,45.822,44.445
132.11,78.901,44.859,45.508
132.09,78.118,45.897,49.269
132.09,79.569,47.202,47.521
131.42,80.377,49.881,48.525
132.83,79.116,48.909,52.964
134.29,79.796,47.985,53.131
135.64,79.972,48.456,54.176
140.76,83.082,43.643,55.754
144.07,81.966,41.08,58.44
143.57,86.51,42.38,54.896
142.74,91.772,43.834,46.006
144.85,93.631,43.026,43.639
142.1,93.195,48.662,45.232
144.81,95.96,44.54,48.944
145.18,95.36,44.113,50.474
145.99,96.866,42.803,51.342
148.81,99.692,36.77,51.913
150.01,100.32,34.248,51.936
149.45,103.19,34.215,50.713
149.54,108.64,34.429,47
151.28,113.86,29.387,36.944
148.59,118.26,30.141,32.323
151.06,119.35,28.977,29.001
150.9,121.78,26.843,27.911
148.55,125.1,27.783,30.322
149.65,125.79,26.695,28.867
147.11,131.09,26.202,31.175
138.34,117.38,24.038,34.085
135.6,114.8,25.762,32.434
133.96,108.63,24.979,35.807
150.18,104.51,28.386,34.273
151.54,95.462,28.916,33.809
150.63,93.855,29.61,31.4
138.92,93.006,25.873,31.266
142.02,93.379,27.242,29.257
134,98.16,27.656,30.754
134.09,88.375,25.609,29.329
136.52,92.852,25.986,30.165
137.02,91.218,25.425,29.858
131.28,91.215,26.784,30.2
131.02,90.768,27.438,29.136
135.73,76.525,30.246,27.112
133.85,72.594,31.367,26.142
