NaN,NaN,NaN,-1
139.05,27.092,18.992,111.99
139.79,27.359,18.006,112.07
139.58,30.571,17.62,108.5
139.54,29.836,18.127,109.89
139.11,28.302,18.509,108.9
138.95,31.773,18.718,104.54
138.65,29.948,18.437,105.56
138.89,30.299,18.117,105.27
138.65,28.657,17.848,109.42
138.09,30.637,17.971,105.6
138.11,28.915,17.56,107.57
137.49,26.588,18.78,113.58
137.01,30.901,19.423,103.52
136.45,28.983,19.724,109.16
136.16,30.673,19.957,111.67
136.12,33.62,19.901,101.62
135.01,34.663,21.647,98.922
134.63,37.587,20.681,95.414
135.04,36.62,20.19,98.731
134.7,34.592,21.151,108.56
132.81,32.719,23.235,109.64
134.32,34.897,20.299,104.39
134.16,38.712,20.883,98.348
131.84,38.754,22.449,96.731
132.14,35.82,22.749,105.6
130.63,35.138,23.348,104.42
130.99,32.71,22.36,110.08
129.88,39.594,22.072,101.15
130.45,40.574,21.656,97.967
129.07,40.218,23.046,99.092
129.24,44.19,22.826,88.935
128.15,41.662,24.414,94.867
128.45,42.534,23.697,98.24
127.86,41.266,24.053,102.43
128.08,38.452,25.348,103.67
126.49,40.941,26.296,104.27
125.98,43.019,25.932,98.977
126.08,45.672,24.099,93.781
124.55,45.171,26.951,98.692
122.34,53.366,29.122,83.125
122.1,57.347,32.831,78.146
121.14,66.479,34.52,80.052
118.37,66.192,38.287,80.242
119.53,74.477,38.892,68.941
117.13,76.212,40.943,63.199
124.74,84.696,41.409,54.572
115.72,78.044,36.858,60.719
119.3,78.402,34.77,59.435
119.35,76.797,32.434,59.461
108.81,75.067,30.33,60.461
98.816,91.899,32.698,65.169
95.955,88.793,35.462,65.451
96.804,89.533,33.627,59.919
95.706,85.007,33.277,63.939
NaN,NaN,NaN,-2
NaN,NaN,NaN,0
NaN,NaN,NaN,0
NaN,NaN,NaN,0
NaN,NaN,NaN,0
NaN,NaN,NaN,-1
129.5,72.442,28.155,87.559
130.79,71.092,26.537,88.954
132.05,69.552,25.661,90.178
132.15,70.054,25.401,88.308
132.61,71.263,24.349,83.497
133.02,69.34,24.455,87.804
133.75,68.471,23.973,88.098
133.64,67.719,23.763,89.36
132.74,67.405,24.008,90.519
131.64,66.708,24.389,92.066
130.86,68.305,26.84,90.055
131.96,65.465,26.114,97.927
130.22,65.927,26.209,96.488
127.85,66.413,26.418,96.247
127.61,68.545,26.572,93.21
121.61,69.561,28.881,95.127
121.54,77.312,29.056,84.574
127.05,78.005,26.474,82.429
125.01,79.079,26.956,86.186
125.97,77.306,26.107,92.907
125.52,79.852,25.622,90.048
123.01,79.626,28.196,93.268
122.71,82.215,31.354,93.471
121.15,85.774,32.7,89.733
118.73,88.407,32.21,89.991
117.52,93.742,33.926,84.498
116.73,96.002,34.695,80.843
114.25,100.19,37.58,78.054
115.17,103.47,34.996,75.403
121.24,101.98,36.426,70.36
NaN,NaN,NaN,-2
NaN,NaN,NaN,0
NaN,NaN,NaN,0
NaN,NaN,NaN,0
NaN,NaN,NaN,0
NaN,NaN,NaN,-1
114.9,55.692,54.742,49.742
114.5,56.865,55.75,50.732
113.44,57.768,54.153,52.159
113.33,58.56,54.571,52.325
111.39,60.378,57.562,54.616
112.33,62.636,55.603,51.9
111.92,62.278,55.102,54.469
110.67,59.564,53.15,61.146
111.14,56.924,49.953,66.817
109.35,57.522,51.149,67.463
107.6,58.651,52.159,68.64
107.01,60.066,53.293,67.994
108.64,62.08,48.13,67.376
107.3,63.645,48.429,68.039
107.78,65.664,47.044,66.462
103.76,65.463,53.343,67.471
104.38,68.031,51.217,66.415
105.83,68.554,47.066,65.835
101.55,68.051,48.147,67.279
100.04,66.947,53.864,69.252
99.126,70.904,50.796,64.64
98.727,70.518,51.438,67.179
97.247,70.828,53.195,67.48
97.338,71.716,52.712,65.6
95.17,70.235,53.878,68.565
93.578,71.531,58.44,67.36
92.711,72.294,57.884,66.912
94.011,72.496,54.757,66.918
92.712,72.863,53.814,64.998
92.602,72.096,51.32,66.44
93.533,72.365,50.562,66.528
91.099,73.005,52.748,64.314
90.286,69.363,53.654,70.119
90.083,69.824,54.374,68.382
89.831,70.495,50.413,66.488
89.685,70.245,51.48,67.311
88.836,72.255,50.656,64.558
86.229,69.924,51.981,66.461
86.045,70.608,54.018,65.68
86.375,67.914,50.656,68.355
84.17,69.215,55.291,66.169
85.415,67.479,51.083,67.769
84.208,66.365,52.576,67.132
82.938,68.519,50.917,65.699
83.248,67.479,49.05,66.275
83.427,66.59,46.675,67.016
82.149,66.064,50.243,66.221
79.784,64.047,52.409,67.682
78.612,65.776,52.173,65.372
77.868,64.733,54.78,65.098
75.838,71.853,55.959,57.896
78.827,70.966,49.887,54.119
76.89,72.613,52.335,50.816
75.497,69.89,53.75,55.119
NaN,NaN,NaN,-2
NaN,NaN,NaN,0
NaN,NaN,NaN,0
NaN,NaN,NaN,0
NaN,NaN,NaN,0
NaN,NaN,NaN,-1
134.18,53.891,37.012,52.603
136.8,53.951,33.126,51.941
138.49,54.304,30.379,50.376
140.07,54.804,29.824,48.913
140.03,53.95,31.518,53.11
138.92,53.248,33.558,54.231
139.96,62.911,31.6,43.133
139.52,63.564,32.004,40.925
137.19,67.642,35.381,36.669
136.89,72.738,34.97,31.918
145.2,75.329,31.634,33.825
137.77,77.582,30.909,37.274
145.06,86.252,28.092,39.936
157.29,83.375,25.164,39.549
152.59,87.213,24.894,40.149
149.61,84.726,24.05,43.622
148.83,95.595,22.793,37.202
150.15,115.01,21.274,41.749
149.02,112.33,22.422,40.33
152.77,111.64,21.849,37.76
152.49,107.4,21.552,40.552
145.25,104.49,22.283,40.957
144.33,101.11,21.944,40.78
145.47,86.692,22.696,37.218
131.49,91.312,25.474,38.642
131.47,92.106,22.931,36
132.05,92.478,24.452,35.18
126.85,78.38,24.236,35.062
115.87,76.863,25.453,33.504
121.01,76.131,23.582,30.281
121.19,73.479,22.946,28.318
121.11,72.225,24.791,29.216
132.1,89.931,23.962,29.581
131.23,89.864,24.068,29.717
139.33,96.097,23.068,30.621
142.82,93.187,23.629,32.761
142.49,93.536,23.464,30.762
145.49,95.127,20.959,29.504
158.33,87.325,24.088,27.74
147.32,81.741,23.219,27.94
146.9,82.934,23.48,28.609
147.97,83.023,22.092,29.617
149.41,85.12,21.996,30.604
161.66,88.573,21.798,29.652
142.46,99.944,22.916,32.061
145.74,102.34,21.832,32.531
151.2,88.644,21.051,30.092
150.62,90.095,22.304,28.995
152.3,90.719,20.38,31.462
151.85,91.264,19.447,31.656
141.36,102.31,18.346,34.373
138.43,99.642,17.382,36.236
141.34,102.51,16.808,39.629
154.14,97.001,16.851,34.638
154.37,97.068,15.642,38.24
152.38,99.094,16.601,37.996
144.86,97.733,17.737,38.161
141.01,91.16,17.685,34.692
140.3,90.582,16.865,33.89
141.14,93.15,17.488,33.141
151.04,95.33,16.838,32.996
135.43,81.948,15.463,34.89
139.37,89.407,17.046,33.396
120.07,98.811,17.636,33.873
134.26,98.947,18.3,35.74
132.58,99.828,17.55,35.905
143.23,100.3,17.164,35.467
148.35,101.2,17.803,42.574
152.41,96.647,17.275,42.989
159.66,95.526,18.628,42.536
156.1,86.098,17.813,44.747
158.29,85.993,18.229,44.302
167.52,85.332,19.285,42.03
169.81,81.302,17.908,41.285
