NaN,NaN,NaN,-1
224.58,92.582,43.882,43.538
225.68,92.601,44.095,44.427
225.34,92.211,44.523,44.504
225.44,92.713,44.072,43.58
224.17,93.661,43.853,42.12
223.41,93.882,43.05,42.11
223.19,93.903,41.792,41.386
222.47,94.679,41.028,41.139
221.58,94.365,41.452,41.673
220.47,93.668,42.11,42.385
218.87,94.442,40.501,42.524
212.55,93.676,45.764,44.152
209.16,92.086,48.049,48.961
207.03,87.763,46.209,51.773
204.04,89.398,44.317,50.422
201.71,91.461,44.577,49.678
196.79,88.966,47.633,49.106
192.83,93.35,47.277,43.222
183.65,92.019,53.297,45.077
179.6,89.427,52.093,43.513
175.98,91.531,50.403,43.13
172.34,91.367,47.816,43.184
167.52,92.402,46.557,44.567
159.38,93.193,51.33,41.929
152.78,94.299,51.858,42.85
143.47,96.105,53.055,41.045
133.39,99.973,54.032,41.504
118.88,98.237,53.775,44.153
106.71,101.2,55.519,49.086
94.271,104.27,54.84,47.189
82.933,104.86,49.369,47.401
72.133,97.262,48.526,52.814
62.159,102.1,47.742,51.744
53.548,102.05,46.723,53.016
51.278,111.8,44.229,58.268
64.497,104.25,48.461,55.333
64.078,104.11,45.334,57.957
56.5,90.352,48.693,63.314
62.95,79.246,48.401,52.556
61.996,83.881,47.192,47.079
NaN,NaN,NaN,-2
NaN,NaN,NaN,0
NaN,NaN,NaN,0
NaN,NaN,NaN,0
NaN,NaN,NaN,0
NaN,NaN,NaN,-1
88.053,149.04,62.788,45.331
96.708,141.01,67.044,45.246
105.13,129.98,62.743,40.785
97.338,143.43,66.054,42.259
98.399,143.61,64.982,44.249
97.188,142.7,68.026,44.64
98.192,144.95,68.081,42.135
98.954,144.6,66.25,43.679
NaN,NaN,NaN,-2
NaN,NaN,NaN,0
NaN,NaN,NaN,0
NaN,NaN,NaN,0
NaN,NaN,NaN,0
NaN,NaN,NaN,-1
183.46,61.748,39.115,59.865
181.04,59.109,41.457,55.374
196.26,53.171,39.758,61.568
204.64,50.719,39.092,60.475
208.32,53.655,43.117,53.188
207.56,53.633,53.297,53.216
226.38,56.334,40.541,49.351
232.82,59.68,38.84,47.844
235.45,60.28,41.455,46.955
238.94,61.098,41.095,45.136
240.1,62.668,40.748,45.91
240.47,64.311,40.349,46.053
236.7,65.463,41.86,45.937
235.19,65.056,37.373,48.323
235.18,67.315,36.424,49.914
235.57,71.722,36.21,49.218
233.89,77.163,37.408,48.955
235.71,80.152,34.708,45.083
236.45,81.853,36.424,48.239
236.35,86.929,38.795,45.283
238.38,91.12,36.086,45.129
240.53,95.507,35.043,46.651
244.08,99.78,32.393,44.52
245.59,102.68,33.461,43.509
251.79,103.2,28.965,53.07
249.55,110.73,31.655,50.397
252.66,118.36,33.57,50.867
257.94,126.54,31.803,50.515
260.52,134.04,32.183,45.9
259.6,139.4,33.165,46.53
257.64,145.91,30.075,47.722
253.52,148.35,31.496,45.632
249.43,145.09,34.814,46.001
243.18,139.1,41.99,44.557
239.99,134.93,41.511,47.83
235.27,128.02,40.366,52.592
230.61,122.76,42.419,52.943
226.61,116.35,41.766,57.893
229.18,112.29,36.59,66.117
217.26,99.145,35.178,65.006
215.1,89.173,35.607,66.396
205.07,93.993,33.167,74.049
195.3,103.07,35.507,67.172
175.22,113.37,39.21,75.958
165.9,112.93,39.553,82.621
164.27,99.056,37.435,78.182
155.19,106.69,35.242,75.753
146.11,98.884,30.115,72.549
135.73,112.1,33.459,72.455
134.84,112.18,30.915,67.128
138.24,105.42,31.865,74.855
133.61,96.336,30.326,71.684
121.09,99.197,29.376,65.592
110.41,79.323,30.107,72.324
108.99,75.483,29.653,65.674
107.55,72.071,32.608,62.347
111.14,66.62,31.063,58.57
116.47,62.793,31.143,51.204
120.32,58.277,26.33,54.596
122.37,59.052,25.087,49.329
124.74,55.505,22.946,51.147
133.78,65.775,24.058,54.566
136.5,63.008,22.301,50.074
148.64,68.315,24.759,45.812
142.33,57.269,26.542,42.751
144.95,59.888,26.674,37.225
149.02,62.786,29.043,35.1
151.59,63.292,28.315,36.335
149.99,59.863,31.311,35.592
158.44,62.371,26.422,32.507
161.07,61.859,26.948,32.343
163.83,62.316,24.919,33.948
162.65,60.73,26.149,31.237
174.84,74.342,27.888,30.15
172.96,66.994,32.46,29.362
175.33,63.468,32.792,33.171
174.26,60.579,33.951,35.03
177.25,61.657,37.007,34.597
174.35,59.501,37.848,35.599
179.2,57.046,35.272,37.815
178.28,62.105,38.482,31.397
178.4,63.067,40.992,30.386
178.97,61.112,42.808,31.18
179.68,64.191,43.257,31.986
178.38,66.218,43.027,32.944
178.98,69.668,39.548,35.977
181.23,74.609,36.328,40.937
180.8,78.27,33.296,44.065
179.35,85.461,34.583,45.764
173.99,92.845,38.204,46.226
165.58,98.109,41.792,46.523
156.48,103.77,35.188,50.129
136.49,117.66,34.109,47.291
125.79,126.98,34.189,45.374
123.84,130.55,34.411,46.597
119.69,130.5,32.314,48.145
113.42,135.28,34.164,46.137
119.72,128.36,30.851,45.879
118.67,132.74,32.2,37.599
116.41,130.07,35.249,38.364
130.03,147.2,36.909,43.112
NaN,NaN,NaN,-2
NaN,NaN,NaN,0
NaN,NaN,NaN,0
NaN,NaN,NaN,0
NaN,NaN,NaN,0
NaN,NaN,NaN,-1
55.671,159.21,59.319,49.656
52.341,157.3,61.582,52.551
47.841,157.1,66.618,53.577
43.192,156.04,72.475,56.583
38.448,157.31,77.204,53.881
34.012,157.19,80.996,54.232
32.515,156.07,82.212,55.311
29.892,151.51,85.195,56.262
29.683,144.75,90.17,57.449
32.652,138.6,92.841,56.677
42.89,136.2,84.041,54.106
36.447,134.63,89.407,46.935
36.721,127.69,91.782,52.532
49.44,130.35,80.832,43.312
52.554,123.05,73.784,48.475
53.342,122.48,77.246,44.968
66.013,106.37,69.86,51.167
53.16,98.829,75.088,49.84
57.642,92.614,68.947,44.007
57.121,88.758,73.66,46.11
57.039,81.11,78.011,52.77
64.084,80.416,74.453,54.143
72.888,79.963,62.77,51.223
84.431,86.157,60.757,51.761
90.855,88.234,57.68,51.935
93.353,87.859,65.656,50.198
85.684,71.991,60.698,49.986
83.994,72.585,69.028,51.012
79.738,73.484,68.258,47.501
74.374,62.506,66.917,41.795
83.016,65.549,59.324,40.174
78.336,66.246,57.056,38.542
82.512,71.988,54.473,38.348
92.612,78.698,58.36,38.792
95.206,81.044,56.112,38.006
95.937,79.994,62.598,44.771
87.641,75.495,71.496,48.083
77.809,93.825,67.988,55.195
80.297,100.71,75.196,51.091
73.071,112.57,83.523,50.868
69.137,111.52,80.044,46.657
71.565,116.44,83.737,43.742
68.512,100.79,87.247,46.658
64.15,112.98,100.98,40.937
76.736,105.7,93.632,44.827
79.226,105.36,91.931,43.211
97.04,103.52,107.82,40.663
89.362,107.37,98.8,43.798
107.58,107.88,97.694,41.764
112.25,109.02,88.771,40.786
112.6,105.97,92.823,43.466
116.91,111.54,87.458,48.113
109.83,122.99,94.799,50.086
123.57,121.36,97.954,52.49
128.63,124.97,106.19,50.692
138.82,136.96,100.84,52.972
148.81,137.25,100.83,54.478
150.44,135.71,98.647,56.872
149.17,137.58,102.87,52.951
151.88,137.38,99.956,55.943
149.19,136.32,101.05,56.606
152.67,137.41,97.689,56.841
150.22,134.13,99.119,58.819
152.26,131.91,97.895,63.825
148.34,134.18,99.457,56.201
142.04,134.43,111.02,59.729
149.05,133.75,98.348,60.841
150.69,133.74,95.954,60.669
150.15,133.86,103.45,61.671
149.82,135.6,98.564,56.186
161.74,137.77,84.232,58.135
163.77,138.69,79.418,55.799
162.9,140.93,79.088,50.292
162.28,140.34,83.165,52.985
150.31,125.23,82.307,55.534
169.54,126.36,62.643,56.171
