257.00,163.00,57.00,36.00
256.00,162.00,56.00,35.00
256.00,162.00,56.00,35.00
256.00,162.00,55.00,35.00
256.00,162.00,55.00,35.00
256.00,162.00,54.00,35.00
255.00,162.00,54.00,35.00
255.00,161.00,53.00,35.00
255.00,161.00,53.00,35.00
255.00,161.00,52.00,35.00
255.00,161.00,52.00,35.00
254.00,161.00,51.00,35.00
254.00,161.00,51.00,35.00
254.00,160.00,50.00,35.00
254.00,160.00,50.00,35.00
254.00,160.00,49.00,35.00
254.00,160.00,49.00,35.00
253.00,160.00,48.00,34.00
253.00,160.00,48.00,34.00
253.00,160.00,47.00,34.00
253.00,159.00,47.00,34.00
253.00,159.00,46.00,34.00
252.00,159.00,46.00,34.00
252.00,159.00,45.00,34.00
252.00,159.00,45.00,34.00
252.00,159.00,44.00,34.00
252.00,158.00,44.00,34.00
251.00,158.00,43.00,34.00
251.00,158.00,43.00,34.00
251.00,158.00,42.00,34.00
251.00,158.00,42.00,34.00
251.00,158.00,41.00,34.00
251.00,158.00,41.00,34.00
250.00,157.00,40.00,33.00
250.00,157.00,40.00,33.00
250.00,157.00,40.00,33.00
250.00,157.00,39.00,33.00
250.00,157.00,39.00,33.00
250.00,157.00,39.00,33.00
250.00,156.00,39.00,33.00
250.00,156.00,38.00,33.00
250.00,156.00,38.00,33.00
250.00,156.00,38.00,33.00
249.00,156.00,37.00,33.00
249.00,156.00,37.00,33.00
249.00,155.00,37.00,33.00
249.00,155.00,37.00,33.00
249.00,155.00,36.00,33.00
249.00,155.00,36.00,33.00
249.00,155.00,36.00,33.00
249.00,155.00,35.00,33.00
249.00,154.00,35.00,33.00
249.00,154.00,35.00,33.00
249.00,154.00,35.00,33.00
248.00,154.00,34.00,33.00
248.00,154.00,34.00,33.00
248.00,154.00,34.00,33.00
248.00,153.00,33.00,33.00
248.00,153.00,33.00,33.00
248.00,153.00,33.00,33.00
248.00,153.00,33.00,33.00
248.00,153.00,32.00,33.00
248.00,153.00,32.00,33.00
248.00,152.00,32.00,33.00
247.00,152.00,31.00,33.00
247.00,152.00,31.00,33.00
247.00,152.00,31.00,33.00
247.00,152.00,30.00,33.00
247.00,152.00,30.00,33.00
247.00,151.00,30.00,33.00
247.00,151.00,30.00,33.00
247.00,151.00,29.00,33.00
247.00,151.00,29.00,33.00
247.00,151.00,29.00,33.00
247.00,151.00,29.00,33.00
246.00,150.00,28.00,32.00
246.00,150.00,28.00,32.00
246.00,150.00,28.00,32.00
246.00,150.00,28.00,32.00
246.00,150.00,28.00,32.00
246.00,150.00,28.00,32.00
246.00,150.00,27.00,31.00
246.00,150.00,27.00,31.00
246.00,150.00,27.00,31.00
246.00,150.00,27.00,31.00
246.00,150.00,27.00,31.00
246.00,150.00,27.00,31.00
246.00,150.00,26.00,30.00
246.00,150.00,26.00,30.00
246.00,150.00,26.00,30.00
246.00,150.00,26.00,30.00
246.00,150.00,26.00,30.00
246.00,150.00,26.00,30.00
246.00,150.00,26.00,30.00
245.00,149.00,25.00,29.00
245.00,149.00,25.00,29.00
245.00,149.00,25.00,29.00
245.00,149.00,25.00,29.00
245.00,149.00,25.00,29.00
245.00,149.00,25.00,29.00
245.00,149.00,24.00,28.00
245.00,149.00,24.00,28.00
245.00,149.00,24.00,28.00
245.00,149.00,24.00,28.00
245.00,149.00,24.00,28.00
245.00,149.00,24.00,28.00
245.00,149.00,23.00,27.00
245.00,149.00,23.00,27.00
245.00,149.00,23.00,27.00
245.00,149.00,23.00,27.00
245.00,149.00,23.00,27.00
245.00,149.00,23.00,27.00
245.00,149.00,23.00,27.00
245.00,149.00,23.00,27.00
245.00,149.00,23.00,27.00
245.00,149.00,23.00,27.00
245.00,149.00,23.00,27.00
245.00,149.00,23.00,27.00
245.00,149.00,23.00,27.00
245.00,149.00,23.00,27.00
245.00,149.00,23.00,27.00
245.00,149.00,23.00,27.00
245.00,149.00,23.00,27.00
245.00,149.00,23.00,27.00
245.00,149.00,23.00,27.00
245.00,149.00,23.00,27.00
245.00,149.00,23.00,27.00
245.00,149.00,23.00,27.00
245.00,149.00,23.00,27.00
245.00,149.00,23.00,27.00
245.00,149.00,23.00,27.00
245.00,149.00,23.00,27.00
245.00,149.00,23.00,27.00
245.00,149.00,23.00,27.00
245.00,149.00,23.00,27.00
245.00,149.00,23.00,27.00
245.00,149.00,23.00,27.00
245.00,149.00,23.00,27.00
245.00,149.00,23.00,27.00
245.00,149.00,23.00,27.00
245.00,149.00,23.00,27.00
245.00,149.00,23.00,27.00
245.00,149.00,23.00,27.00
245.00,149.00,23.00,27.00
245.00,149.00,23.00,27.00
245.00,149.00,23.00,27.00
245.00,149.00,23.00,27.00
245.00,149.00,23.00,27.00
245.00,149.00,23.00,27.00
245.00,149.00,23.00,27.00
245.00,149.00,23.00,27.00
245.00,149.00,23.00,27.00
245.00,149.00,23.00,27.00
245.00,149.00,23.00,27.00
245.00,149.00,23.00,27.00
245.00,149.00,23.00,27.00
245.00,149.00,23.00,27.00
245.00,149.00,23.00,27.00
245.00,149.00,23.00,27.00
245.00,149.00,23.00,27.00
245.00,149.00,23.00,27.00
245.00,149.00,23.00,27.00
245.00,149.00,23.00,27.00
244.00,149.00,23.00,27.00
244.00,149.00,23.00,27.00
243.00,149.00,24.00,27.00
243.00,149.00,24.00,27.00
243.00,149.00,25.00,27.00
242.00,149.00,25.00,27.00
242.00,149.00,25.00,27.00
241.00,149.00,26.00,27.00
241.00,149.00,26.00,27.00
241.00,149.00,27.00,27.00
240.00,149.00,27.00,27.00
240.00,149.00,28.00,27.00
239.00,149.00,28.00,27.00
239.00,149.00,28.00,27.00
239.00,149.00,29.00,27.00
238.00,149.00,29.00,27.00
238.00,149.00,30.00,27.00
237.00,149.00,30.00,27.00
237.00,150.00,30.00,28.00
237.00,150.00,31.00,28.00
236.00,150.00,31.00,28.00
236.00,150.00,32.00,28.00
235.00,150.00,32.00,28.00
235.00,150.00,33.00,28.00
235.00,150.00,33.00,28.00
234.00,150.00,33.00,28.00
234.00,150.00,34.00,28.00
233.00,150.00,34.00,28.00
233.00,150.00,35.00,28.00
233.00,150.00,35.00,28.00
232.00,150.00,36.00,28.00
232.00,150.00,36.00,28.00
231.00,150.00,36.00,28.00
231.00,150.00,37.00,28.00
231.00,150.00,37.00,28.00
230.00,150.00,38.00,28.00
230.00,150.00,38.00,28.00
230.00,151.00,39.00,29.00
228.00,151.00,39.00,28.00
227.00,151.00,40.00,28.00
226.00,151.00,41.00,28.00
225.00,151.00,42.00,28.00
224.00,152.00,42.00,28.00
223.00,152.00,43.00,28.00
222.00,152.00,44.00,28.00
221.00,152.00,45.00,28.00
220.00,152.00,45.00,28.00
219.00,153.00,46.00,28.00
217.00,153.00,47.00,27.00
216.00,153.00,48.00,27.00
215.00,153.00,48.00,27.00
214.00,153.00,49.00,27.00
213.00,154.00,50.00,27.00
212.00,154.00,51.00,27.00
211.00,154.00,51.00,27.00
210.00,154.00,52.00,27.00
209.00,154.00,53.00,27.00
208.00,155.00,54.00,27.00
206.00,155.00,54.00,26.00
205.00,155.00,55.00,26.00
203.00,155.00,55.00,26.00
202.00,155.00,56.00,25.00
200.00,156.00,56.00,25.00
199.00,156.00,57.00,25.00
198.00,156.00,58.00,25.00
196.00,156.00,58.00,24.00
195.00,156.00,59.00,24.00
193.00,157.00,59.00,24.00
192.00,157.00,60.00,24.00
190.00,157.00,60.00,23.00
189.00,157.00,61.00,23.00
188.00,157.00,62.00,23.00
186.00,158.00,62.00,23.00
185.00,158.00,63.00,22.00
183.00,158.00,63.00,22.00
182.00,158.00,64.00,22.00
181.00,159.00,65.00,22.00
179.00,158.00,64.00,22.00
178.00,158.00,64.00,22.00
176.00,158.00,64.00,22.00
175.00,158.00,64.00,22.00
173.00,158.00,64.00,22.00
172.00,158.00,64.00,22.00
171.00,158.00,64.00,22.00
169.00,158.00,64.00,22.00
168.00,158.00,63.00,22.00
166.00,158.00,63.00,22.00
165.00,158.00,63.00,22.00
164.00,158.00,63.00,22.00
162.00,158.00,63.00,22.00
161.00,158.00,63.00,22.00
159.00,158.00,63.00,22.00
158.00,158.00,63.00,22.00
157.00,158.00,63.00,22.00
155.00,157.00,62.00,22.00
154.00,157.00,62.00,22.00
153.00,157.00,62.00,22.00
152.00,157.00,61.00,22.00
150.00,156.00,61.00,22.00
149.00,156.00,61.00,22.00
148.00,156.00,60.00,22.00
147.00,156.00,60.00,22.00
145.00,156.00,60.00,22.00
144.00,155.00,59.00,22.00
143.00,155.00,59.00,22.00
142.00,155.00,59.00,22.00
140.00,155.00,58.00,22.00
139.00,155.00,58.00,22.00
138.00,154.00,58.00,22.00
137.00,154.00,57.00,22.00
135.00,154.00,57.00,22.00
134.00,154.00,57.00,22.00
133.00,154.00,56.00,22.00
132.00,153.00,56.00,22.00
130.00,153.00,56.00,22.00
129.00,153.00,55.00,22.00
128.00,153.00,55.00,22.00
127.00,153.00,55.00,23.00
125.00,152.00,54.00,22.00
124.00,152.00,54.00,22.00
123.00,152.00,54.00,22.00
121.00,152.00,53.00,22.00
120.00,152.00,53.00,22.00
119.00,151.00,53.00,21.00
118.00,151.00,53.00,21.00
116.00,151.00,52.00,21.00
115.00,151.00,52.00,21.00
114.00,151.00,52.00,21.00
112.00,151.00,51.00,20.00
111.00,150.00,51.00,20.00
110.00,150.00,51.00,20.00
109.00,150.00,51.00,20.00
107.00,150.00,50.00,20.00
106.00,150.00,50.00,19.00
105.00,150.00,50.00,19.00
103.00,149.00,49.00,19.00
102.00,149.00,49.00,19.00
101.00,149.00,49.00,19.00
100.00,149.00,49.00,18.00
98.00,149.00,48.00,18.00
97.00,149.00,48.00,18.00
96.00,148.00,48.00,18.00
94.00,148.00,47.00,18.00
93.00,148.00,47.00,17.00
92.00,148.00,47.00,17.00
91.00,148.00,47.00,17.00
89.00,148.00,46.00,17.00
88.00,147.00,46.00,17.00
87.00,147.00,46.00,16.00
85.00,147.00,45.00,16.00
84.00,147.00,45.00,16.00
83.00,147.00,45.00,16.00
82.00,147.00,45.00,16.00
80.00,146.00,44.00,15.00
79.00,146.00,44.00,15.00
78.00,146.00,44.00,15.00
76.00,146.00,44.00,15.00
75.00,145.00,44.00,15.00
74.00,145.00,44.00,15.00
72.00,145.00,43.00,15.00
71.00,145.00,43.00,15.00
70.00,144.00,43.00,15.00
68.00,144.00,43.00,15.00
67.00,144.00,43.00,15.00
66.00,144.00,43.00,15.00
64.00,143.00,43.00,15.00
63.00,143.00,42.00,15.00
62.00,143.00,42.00,15.00
60.00,143.00,42.00,15.00
59.00,142.00,42.00,15.00
58.00,142.00,42.00,15.00
56.00,142.00,42.00,15.00
55.00,142.00,41.00,15.00
54.00,141.00,41.00,15.00
52.00,141.00,41.00,15.00
51.00,141.00,41.00,15.00
50.00,141.00,41.00,15.00
48.00,140.00,41.00,15.00
47.00,140.00,41.00,15.00
46.00,140.00,40.00,14.00
44.00,140.00,40.00,14.00
43.00,139.00,40.00,14.00
42.00,139.00,40.00,14.00
40.00,139.00,40.00,14.00
39.00,139.00,40.00,14.00
38.00,138.00,39.00,14.00
36.00,138.00,39.00,14.00
35.00,138.00,39.00,14.00
34.00,138.00,39.00,14.00
32.00,137.00,39.00,14.00
31.00,137.00,39.00,14.00
30.00,137.00,38.00,14.00
28.00,137.00,38.00,14.00
27.00,136.00,38.00,14.00
26.00,136.00,38.00,14.00
24.00,136.00,38.00,14.00
23.00,136.00,38.00,14.00
22.00,135.00,38.00,14.00
20.00,135.00,37.00,14.00
19.00,135.00,37.00,14.00
18.00,135.00,37.00,14.00
16.00,134.00,37.00,14.00
15.00,134.00,37.00,14.00
14.00,134.00,37.00,14.00
13.00,134.00,37.00,14.00
12.00,134.00,36.00,13.00
11.00,134.00,36.00,13.00
10.00,134.00,36.00,13.00
9.00,134.00,36.00,13.00
8.00,134.00,36.00,13.00
7.00,134.00,36.00,13.00
