NaN,NaN,NaN,-1
206.06,115.14,29.146,103.52
204.02,113.27,29.623,105.18
201.76,111.89,28.868,102.53
202.86,112.41,29.056,103.23
201.57,111.04,29.087,103.39
202.43,110.96,28.348,100.72
201.99,114.28,28.487,101.21
203.08,106.19,28.228,100.28
202.65,111.73,27.917,99.112
205.36,107.36,28.045,99.657
207.13,117.97,28.092,99.869
211.3,115.14,28.117,99.925
213.8,106.93,28.427,100.95
213.05,106.58,28.536,101.39
212.12,103.05,28.408,100.98
210.75,105.98,29.261,103.96
207.8,103.33,29.473,104.69
209.27,104.15,29.703,105.53
206.19,108.61,29.883,106.13
205.89,103.22,29.333,104.21
208.85,113.62,29.555,105
208.56,108.11,30.311,107.59
208.54,109.93,30.33,107.69
209.34,100.37,30.537,108.31
211.36,101.04,30.155,106.94
211.99,96.706,29.688,105.23
209.47,98.09,29.282,103.76
213.82,94.779,29.045,103.02
213.27,92.001,28.77,102.07
213.79,91.686,29.446,104.52
213.13,96.566,29.109,103.31
215.67,93.377,29.398,104.36
213.64,107.54,29.531,104.87
217.46,95.634,29.629,105.25
218.31,93.155,29.71,105.61
219.29,91.445,30.178,107.26
216.1,90.462,30.115,107.01
218.86,93.304,30.148,107.13
219.48,90.037,30.202,107.32
217.43,93.056,30.36,107.88
217.78,98.121,30.038,106.74
215.33,102.64,30.38,108.04
216.37,111.22,30.246,107.64
219.63,120.13,30.354,108.04
219.26,110.73,30.061,107.02
220.11,119.75,30.539,108.72
215.3,125.59,30.408,108.25
214.6,104.16,30.15,107.31
212.13,101.73,29.494,104.98
209.3,104.63,29.412,104.61
206.17,104.38,29.514,104.87
201.37,101.71,29.253,103.96
198.95,109.13,29.693,105.46
194.04,104.54,29.529,104.88
195,113.48,29.116,103.4
193.18,108.09,29.224,103.78
191.14,106.68,28.989,102.92
192.06,116.32,29.14,103.48
195.64,108.64,28.932,102.69
195.66,103.34,29.361,104.13
197.67,103.83,28.681,101.68
198.23,112.97,28.435,100.91
199.26,115.24,28.402,100.84
201.01,112,28.284,100.39
196.04,119.38,27.709,98.333
196.12,123.81,27.724,98.339
197.6,119.43,27.65,97.994
202.02,117.03,27.416,97.159
206.06,117.56,27.361,96.997
209.66,121.26,27.617,97.982
218.64,116.51,27.726,98.4
223.73,111.69,27.426,97.31
220.34,46.901,27.526,97.587
218.82,46.267,27.49,97.407
213.06,44.624,27.103,96.004
206.19,46.992,27.017,95.719
200.96,48.844,26.786,94.89
197.02,107.95,26.787,94.891
193.34,105.4,26.709,94.547
192.6,104.84,26.681,94.409
194.09,93.148,26.678,94.441
197.12,86.268,26.482,93.725
202.92,80.756,26.537,94.028
199.4,80.474,26.697,94.523
203.66,78.789,26.608,94.231
201.71,75.878,26.12,92.505
205.52,76.895,25.634,90.798
203.55,79.87,26.094,92.427
201.83,87.417,26.193,92.798
202.45,92.691,26.666,94.425
201.26,101.32,26.91,95.264
202.89,102.22,26.739,94.716
202.86,104.42,26.497,93.855
201.28,107.52,26.639,94.406
206.16,112.89,26.6,94.313
206.29,114.02,25.839,91.606
209.36,120.77,25.481,90.343
210.44,124.84,25.238,89.463
208.11,130.13,25.112,89.003
206.59,130.91,25.122,89.09
205.27,133.02,24.827,88.086
205.01,139.62,24.845,88.172
205.04,139.84,24.968,88.6
204.13,142.01,25.176,89.304
204.45,141.6,25.277,89.647
201.3,139.34,25.03,88.706
203.81,138.65,25.053,88.795
205.89,133.33,25.056,88.803
204.67,131.5,24.921,88.394
204.36,124.31,24.537,87.109
204.3,128.69,24.467,86.912
204.93,125.15,24.232,86.091
205.46,126.89,24,85.328
203,128.14,23.779,84.513
205.31,128.41,23.545,83.66
207.39,125.56,23.836,84.779
207.78,124.98,23.727,84.33
204.97,134.59,23.749,84.405
208.52,136.26,24.121,85.713
210.71,134.49,24.338,86.538
216.18,137.43,24.755,88.074
219.17,135.94,24.873,88.51
224.83,139.72,25.748,91.593
227.78,139.08,25.45,90.558
NaN,NaN,NaN,-2
NaN,NaN,NaN,0
NaN,NaN,NaN,0
NaN,NaN,NaN,0
NaN,NaN,NaN,0
NaN,NaN,NaN,-1
223.51,124.31,28.845,92.408
221.51,124.52,29.283,93.78
223.31,126.23,29.698,95.082
222.26,124.1,30.551,97.805
224.03,125.99,30.57,97.793
226.54,125.66,30.413,97.334
226.55,127.65,30.725,98.322
227.72,125.05,30.579,97.925
237.89,125.39,30.624,98.113
239.6,125.2,30.818,98.683
255.82,126.53,30.282,96.952
NaN,NaN,NaN,-2
NaN,NaN,NaN,0
NaN,NaN,NaN,0
NaN,NaN,NaN,0
NaN,NaN,NaN,0
NaN,NaN,NaN,-1
229.1,115.29,28.871,92.587
229.47,118.86,29.67,95.052
229.32,112.69,29.539,94.691
217.14,29.265,29.732,95.427
NaN,NaN,NaN,-2
NaN,NaN,NaN,0
NaN,NaN,NaN,0
NaN,NaN,NaN,0
NaN,NaN,NaN,0
NaN,NaN,NaN,-1
226.29,108.64,28.979,92.914
230.47,108,29.211,93.575
230.79,108.77,29.362,93.909
230.07,109.97,29.225,93.517
231.8,106.64,29.197,93.364
233.58,107.19,28.966,92.598
235.39,105.98,29.392,93.946
235.83,107.68,29.307,93.715
233.81,108.01,29.055,92.84
230.63,110.59,29.661,94.787
232.92,112.35,30.132,96.31
229.94,106.66,30.351,97.044
228.76,109.69,30.823,98.512
229.85,104.95,30.634,97.898
228.13,106.5,30.5,97.528
224.82,105.51,29.796,95.187
224.29,107.41,29.312,93.641
221.38,107.06,29.155,93.267
219.28,105.9,28.676,91.694
218.53,105.83,28.469,90.996
216.97,106.61,28.453,90.895
216.35,104.83,28.117,89.85
213.62,106.97,27.861,89.076
214.27,107.14,27.585,88.133
214.08,103.56,27.042,86.347
214.19,106.86,26.497,84.596
214.23,106.03,27.134,86.618
213.46,105.85,27.612,88.106
213.42,108.87,27.358,87.354
213.27,106.25,27.067,86.495
215.43,107.46,26.761,85.556
200.61,97.833,26.689,85.321
211.61,110.12,27.035,86.392
214.24,111.1,26.54,84.82
213.57,110.5,26.309,84.157
215.03,110.55,26.278,84.078
212.91,111.07,25.646,82.114
202.48,119.38,25.323,81.025
206.94,119.35,25.52,81.677
203.99,113.14,25.073,80.229
198.43,110.11,25.101,80.318
198.89,106.54,25.36,81.103
201.49,109.55,25.276,80.823
205.73,112.53,25.073,80.194
206.21,114.04,25.323,81.013
208.3,112.25,24.997,80.008
207.85,110.83,25.23,80.768
204.99,108.06,25.119,80.387
204.4,107.9,25.533,81.69
195.72,123.08,25.957,82.988
196.67,124.2,25.958,83.088
194.33,187.95,26.279,84.258
NaN,NaN,NaN,-2
NaN,NaN,NaN,0
NaN,NaN,NaN,0
NaN,NaN,NaN,0
NaN,NaN,NaN,0
NaN,NaN,NaN,-1
201.51,128.79,28.893,92.593
201.82,127.35,29.132,93.403
200.5,131.26,29.172,93.418
200.73,132,29.033,92.926
202.11,134.6,29.029,93.011
207.02,134.12,28.958,92.854
208.4,133.72,29.199,93.598
219.23,135.69,29.063,93.191
219.66,137.51,29.378,94.315
219.88,135.9,29.561,94.823
222.24,136.23,29.231,93.677
223.75,135.51,29.216,93.574
226.69,134.47,28.821,92.357
NaN,NaN,NaN,-2
NaN,NaN,NaN,0
NaN,NaN,NaN,0
NaN,NaN,NaN,0
NaN,NaN,NaN,0
NaN,NaN,NaN,-1
194.98,132.61,28.979,92.903
193.2,134.99,29.454,94.425
189.36,131.82,29.309,93.989
190.95,134.01,29.503,94.66
187.94,135,29.592,95.144
187.56,134.1,29.599,95.102
191.18,134.42,29.766,95.679
190.49,134.83,29.444,94.602
193.23,134.09,29.412,94.585
195.13,136.1,29.256,94.039
199,133.92,29.497,94.78
197.64,154.83,29.684,95.326
205.96,130.47,29.56,94.975
207.98,127.66,30.117,96.832
209.99,126.24,29.697,95.565
212.3,125.68,29.553,95.215
211.99,125.1,29.202,94.108
214.51,121.73,29.116,93.866
214.48,122.65,29.439,94.884
214.49,117.65,29.822,96.073
212.07,121.35,29.863,96.178
205.27,144.67,30.607,98.604
205.55,144.28,31.282,100.79
207.27,141.32,32.028,103.13
209.85,111.01,31.957,102.87
208.23,114.67,31.308,100.8
209.68,108.92,31.897,102.74
205.87,101.04,32.234,103.83
207.38,101.87,32.062,103.23
207.17,107.33,32.53,104.75
205.35,106.51,32.31,104.14
204.56,110.05,32.826,105.77
201.36,105.88,33.108,106.76
203.15,108.41,33.187,107.01
202.1,105.97,32.941,106.23
202.59,109.15,32.737,105.7
201.57,108.13,32.705,105.55
200.62,109.08,32.863,106
200.89,109.32,32.812,105.81
198.92,111.02,32.57,104.99
194.71,112.88,31.971,103.13
192.06,115.21,31.358,101.14
191.01,117.24,30.956,99.862
190.28,114.06,30.841,99.423
186.74,115.65,31.284,100.82
184.96,106.66,30.984,99.822
180.79,105.65,31.17,100.43
180.67,112.06,31.229,100.55
179.81,102.9,30.748,99.044
178.24,98.651,30.66,98.822
176.11,100.07,30.895,99.592
175.77,97.702,30.201,97.471
173.92,99.212,30.369,97.945
174.16,96.671,30.412,98.039
170.5,98.026,31.171,100.58
168.03,87.964,30.555,98.552
167.91,92.092,30.326,97.796
168.49,90.987,29.964,96.552
168.99,90.757,29.764,95.919
167.75,86.886,29.764,95.884
168.7,87.702,29.831,96.059
170.75,79.735,30.094,96.959
169.13,79.275,30.078,96.938
166.55,78.594,30.52,98.442
164.27,74.602,30.255,97.726
163.64,77.438,30.647,98.919
159.06,73.34,30.665,99.001
158.17,75.768,30.308,97.847
155.22,75.46,30.502,98.487
154.36,74.887,31.07,100.43
154.73,71.464,30.988,100.16
151.49,73.073,31.18,100.72
149.25,73.679,31.218,100.76
149.81,73.861,31.388,101.27
147.71,75.787,31.386,101.19
145.53,77.309,31.075,100.18
142.45,84.606,31.121,100.35
142.86,79.722,31.405,101.19
141.48,78.721,31.742,102.31
141.29,76.987,31.972,103.14
141.33,75.952,31.74,102.41
139.96,80.418,31.557,101.95
140.41,75.704,31.836,102.93
139.68,80.569,32.079,103.81
139.19,76.617,31.578,102.18
138.95,77.747,31.449,101.76
137.44,76.067,31.212,101.01
136.6,77.636,30.813,99.78
135.42,79.606,31.047,100.46
133.88,79.728,31.177,100.88
134.39,79.196,30.991,100.27
132.34,76.728,31.116,100.7
132.5,78.928,30.679,99.266
133.92,77.69,30.841,99.728
134.86,75.341,30.568,98.871
134.11,77.317,30.23,97.69
137.21,79.277,30.523,98.765
132.86,87.079,30.353,98.23
135.91,87.451,30.024,97.078
139.72,87.018,30.493,98.527
138.79,91.221,30.706,99.106
140.31,92.923,31.053,100.24
144.98,90.799,30.682,99.016
149.54,92.023,30.888,99.692
157.9,87.384,30.212,97.435
169.9,89.031,30.349,97.949
170.93,88.467,30.13,97.15
168.06,88.52,29.958,96.534
170.47,91.742,29.986,96.579
168.51,89.705,30.062,96.782
168.61,86.28,30.356,97.692
164.51,87.382,30.475,97.934
160.63,92.572,30.47,97.914
156.63,89.758,30.805,98.981
152.36,89.442,30.421,97.717
150.79,87.063,30.547,98.064
148.63,88.62,31.16,100.01
147.24,87.542,31.097,99.817
145,83.787,30.98,99.493
143.91,86.985,31.286,100.39
145.38,86.692,31.033,99.58
144.65,87.8,30.989,99.423
140.81,90.044,31.085,99.648
141.29,87.508,31.325,100.34
141.43,88.41,31.579,101.09
137.87,87.394,31.459,100.64
136.98,85.278,31.861,101.91
135.99,82.391,32,102.38
137.86,80.557,31.65,101.28
138.48,77.509,30.991,99.159
141.97,76.274,30.485,97.525
143.86,77.782,30.514,97.612
150.51,77.068,31.244,100.03
155.77,75.911,31.447,100.66
157.46,81.513,31.133,99.68
161.62,82.08,31.277,100.19
161.54,88.602,31.563,101.02
159.6,93.428,31.155,99.766
159.91,97.13,31.287,100.07
161.22,96.702,30.826,98.643
161.97,102.44,30.923,98.883
160.93,103.95,30.844,98.604
160.08,105.64,31.248,99.953
162.03,102.67,31.11,99.477
158.82,104.89,31.139,99.621
157.14,103.76,30.911,98.898
158.04,104.63,30.878,98.788
157,109.36,30.232,96.783
153.68,108.48,30.584,97.868
153.28,107.27,30.54,97.714
152.44,104.81,30.725,98.307
152.13,100.23,30.935,99.047
152.16,95.705,31.18,99.911
152.24,89.299,31.275,100.2
151.51,84.983,30.839,98.681
156.49,81.507,30.87,98.822
160.94,76.541,30.893,98.925
162.73,71.466,30.621,98.126
165.06,70.756,30.39,97.395
168.96,68.928,30.183,96.812
168.17,70.354,30.088,96.472
169.8,69.661,29.712,95.174
169.67,77.023,29.773,95.269
166.5,76.372,30.229,96.696
162.83,80.296,30.821,98.601
162.25,86.618,30.436,97.436
157.59,88.046,30.258,96.805
155.45,89.712,30.282,96.843
149.31,98.829,30.741,98.233
145.85,97.69,30.271,96.692
141.56,100.1,30.456,97.293
140.68,105.55,30.547,97.595
139.29,108.18,30.392,97.071
138.29,107.76,30.193,96.402
138.07,109.22,30.355,96.969
141.49,104.45,30.359,97.045
142.36,101.43,30.295,96.826
145.3,102.43,30.185,96.425
146.55,101.07,29.948,95.734
148.97,94.075,29.786,95.123
149.61,98.492,30.213,96.526
151.37,91.538,30.624,97.887
152.38,91.76,31.046,99.189
155.4,86.32,30.607,97.699
155.98,87.094,30.337,97.025
157.68,85.301,30.417,97.236
157.01,84.005,30.378,97.132
158.04,78.946,30.126,96.257
160.06,77.392,30.497,97.489
160.68,75.19,30.857,98.582
157.85,73.356,30.938,98.877
157.82,76.619,30.785,98.339
156.13,76.995,30.986,99.08
155.74,74.095,31.315,100.15
151.69,75.88,31.426,100.52
148.69,75.457,30.938,98.949
149.23,74.854,31.171,99.787
144.97,74.614,30.632,98.033
145.26,73.1,30.585,97.844
144.07,76.171,30.785,98.506
139.95,75.785,30.46,97.447
140.11,74.352,30.455,97.396
141.53,70.701,29.939,95.834
141.38,70.952,29.733,95.137
141.13,70.481,29.642,94.899
140.43,69.029,29.264,93.754
143.45,67.723,28.798,92.297
143.74,64.455,28.729,92.027
144.6,64.045,29.138,93.394
145.59,64.728,29.14,93.411
146.78,62.37,29.347,94.143
149.68,59.93,29.02,93.085
151.64,62.771,29.312,93.965
153.93,63.092,29.244,93.681
159.24,64.737,28.777,92.301
160.44,66.532,28.781,92.428
163.21,69.206,28.412,91.302
165.82,75.611,28.585,91.815
166.11,80.747,28.286,90.897
164.74,83.596,28.45,91.454
164.49,87.11,28.299,90.907
164.04,84.135,29.126,93.576
164.19,88.016,29.208,93.916
163.93,88.488,29.642,95.274
162.89,87.339,29.408,94.458
163.83,88.008,29.558,94.983
164.27,90.637,29.515,94.799
162.91,92.095,29.734,95.578
162.98,93.309,29.936,96.283
159.76,97.161,29.516,95.03
156.8,98.938,28.992,93.281
154.49,100.19,28.625,92.038
152.08,102.16,28.143,90.598
154.94,104.46,27.373,88.129
152.29,108.1,27.773,89.349
151.47,107.48,28.099,90.358
150.92,103.79,28.181,90.575
150.82,107.09,27.783,89.322
150.52,106.04,28.319,91.009
151.61,102.93,28.715,92.373
151.57,105.41,28.521,91.754
150.59,105.77,28.636,92.086
152.64,105.33,28.888,92.804
152.03,104.83,28.968,93.056
151.59,103.16,28.863,92.684
150.66,99.624,29.029,93.32
151.48,97.27,29.187,93.977
151.57,97.448,29.096,93.757
151.55,94.666,28.628,92.262
151.25,95.725,28.408,91.586
151.24,91.19,28.362,91.488
153.21,92.488,28.491,91.864
153.65,89.828,28.257,91.059
159.11,86.913,28.064,90.422
161.27,84.466,27.87,89.781
161.98,83.239,27.244,87.807
163.71,82.08,27.275,87.865
163.56,81.3,27.502,88.611
162.74,77.066,27.43,88.399
164.29,79.478,27.446,88.527
163.97,74.821,27.646,89.152
162.06,75.603,27.106,87.342
162.34,77.627,27.281,87.917
163.18,78.515,28.321,91.247
164.1,73.924,27.494,88.58
165.1,77.322,27.767,89.414
164.93,77.17,27.73,89.391
166.51,72.94,26.964,86.927
166.14,75.7,26.448,85.312
166.56,75.502,26.806,86.455
164.4,76.1,27.223,87.82
165.75,72.797,26.918,86.843
166.26,71.62,27.219,87.81
165.64,70.967,27.186,87.724
165.5,74.19,27.078,87.328
164.36,74.271,27.069,87.286
159.41,73.881,26.725,86.22
157.42,74.735,26.735,86.263
156.44,73.921,26.522,85.525
153.7,76.651,26.458,85.333
150.87,75.457,26.73,86.238
148.09,74.581,26.788,86.432
144.69,73.362,26.937,86.878
142.24,75.86,26.993,87.077
139.73,69.259,27.048,87.177
137.59,71.853,26.989,86.965
138.24,68.863,27.45,88.459
135.78,67.5,27.358,88.17
135.25,67.694,27.517,88.761
133.19,68.28,27.806,89.493
131.63,66.755,26.988,86.737
130.65,68.188,26.786,86.047
130.9,71.922,26.93,86.559
129.95,70.141,26.704,85.832
129.86,72.104,26.923,86.606
130.38,68.721,26.342,84.735
129.49,70.851,26.368,84.778
132.11,75.551,25.803,82.907
133,79.596,26.128,84.033
136.46,83.341,26.008,83.581
138.77,87.197,26.603,85.469
140.43,92.711,26.493,85.083
143.12,99.54,26.638,85.562
153.34,103.23,26.495,85.114
154.56,103.19,26.279,84.376
155.83,107.61,26.075,83.777
154.48,105.39,25.948,83.412
153.2,102.18,26.201,84.322
150.83,95.715,26.028,83.769
151.08,95.414,26.444,85.104
149.47,89.953,26.983,86.848
151.13,84.124,26.894,86.55
151.42,77.397,26.981,86.757
150.9,76.114,27.31,87.826
150.15,74.905,27.335,87.933
148.11,73.007,27.304,87.694
147.59,72.812,27.133,87.157
146.12,75.587,27.571,88.522
143.94,71.898,27.221,87.424
135.88,70.535,26.764,85.973
130.07,65.837,26.756,86.008
128.88,63.688,26.833,86.283
125.69,63.221,27.153,87.198
120.96,52.583,26.705,85.815
126.58,48.365,26.236,84.395
135.51,43.35,25.971,83.505
132.63,28.892,25.769,82.871
NaN,NaN,NaN,-2
NaN,NaN,NaN,0
NaN,NaN,NaN,0
NaN,NaN,NaN,0
NaN,NaN,NaN,0
NaN,NaN,NaN,-1
250.38,23.885,41.055,143.15
247.28,27.043,41.374,144.29
257.68,23.801,41.036,143.11
253.04,28.331,41.199,143.67
242.66,32.888,41.259,143.68
246.68,48.823,40.576,141.28
253.95,53.354,40.415,140.89
256.08,60.432,40.043,139.68
250.05,74.938,40.237,140.29
235.22,88.767,40.236,140.37
229.05,102.11,40.45,141.06
221.36,103.48,40.196,140.09
216.79,107.88,40.295,140.33
208.31,111.6,40.35,140.6
204.88,111.3,40.196,140.12
205.98,108.38,39.911,139.08
204.26,106.76,40.031,139.6
201.28,106.65,39.777,138.81
203.68,97.97,39.868,139
214.71,97.622,39.193,136.67
222.01,96.113,39.4,137.43
228.48,96.438,39.443,137.54
225.64,104.58,38.885,135.65
226.5,103.15,38.729,135.13
228.81,109.54,39.185,136.83
NaN,NaN,NaN,-2
NaN,NaN,NaN,0
NaN,NaN,NaN,0
NaN,NaN,NaN,0
