NaN,NaN,NaN,-1
335.75,163.63,26.208,59.5
333.63,162.92,29.042,60.208
331.5,161.5,31.167,60.917
326.54,160.79,34,63.75
320.17,162.21,37.542,62.333
317.33,160.08,41.792,63.75
315.21,159.38,41.083,64.458
313.74,164.33,45.385,63.744
312.8,167.17,49.863,62.333
312.38,167.17,49.583,59.5
308.83,166.46,53.833,62.333
310.96,167.88,48.875,57.375
318.04,165.04,39.667,60.917
311.67,160.79,46.042,69.417
308.13,158.67,48.167,75.083
313.08,160.08,42.5,70.125
318.75,174.25,41.083,55.958
319.46,172.83,42.5,57.375
322.29,175.67,37.542,55.958
325.13,175.67,36.833,56.667
319.46,178.87,37.542,50.629
320.88,179.21,38.25,44.206
317.33,174.25,41.083,49.583
313.08,174.96,47.458,48.875
307.42,178.5,49.583,47.458
301.04,177.79,55.958,46.75
300.33,179.21,49.583,46.042
303.17,182.04,43.208,41.792
308.13,179.92,37.542,39.667
305.29,177.08,41.792,43.208
310.25,174.96,41.792,47.458
310.25,175.67,47.458,45.333
313.08,171.42,47.458,45.333
311.67,170,51.708,45.333
308.85,167.17,53.821,49.583
311.67,163.63,53.125,55.25
305.29,164.33,59.5,58.792
303.88,162.92,63.75,60.208
308.13,170.71,48.875,49.583
306.71,162.92,49.583,58.792
314.5,162.21,45.333,51
315.92,162.21,51.708,54.542
322.25,162.21,51.038,60.208
320.88,161.5,57.375,70.125
319.46,161.5,59.5,58.083
316.63,163.63,51.708,57.375
315.92,165.75,52.417,53.833
311.67,167.88,55.25,50.292
309.54,166.46,58.792,51
310.96,164.33,59.5,46.75
316.63,163.63,50.292,42.5
320.2,163.63,48.837,41.792
320.88,156.54,45.333,49.583
323,156.54,47.458,47.458
325.83,160.08,48.167,44.625
323,161.5,46.75,42.5
321.58,160.08,49.583,43.208
320.88,160.79,50.292,43.208
327.96,165.75,45.333,43.208
325.83,162.21,45.333,43.208
323.71,162.92,48.875,42.5
318.75,162.21,49.583,39.667
318.04,161.5,50.292,40.375
320.88,163.63,48.167,40.375
318.04,160.79,54.542,42.5
315.92,160.79,56.667,41.792
312.38,158.67,57.375,46.042
313.08,162.92,53.833,41.083
317.33,162.92,49.583,39.667
315.21,173.54,57.375,35.417
313.79,170.71,56.667,38.958
315.21,170.71,55.958,36.125
312.38,174.96,51,32.583
313.79,172.83,52.417,31.875
315.92,174.96,48.875,30.458
315.21,175.67,49.583,31.167
316.63,177.79,42.5,28.333
313.79,177.08,44.625,31.167
312.38,172.83,45.333,35.417
311.67,169.29,45.333,40.375
310.25,167.17,45.402,42.5
312.38,168.58,45.333,41.792
311.67,172.83,46.042,38.958
312.38,170,45.333,39.667
308.83,174.25,48.167,43.208
318.75,175.67,43.208,44.625
319.46,174.96,39.667,45.333
318.04,176.38,44.625,48.875
317.33,177.08,42.5,44.625
318.04,179.21,44.625,45.333
317.33,176.38,50.292,49.583
320.88,177.79,48.875,48.167
321.58,177.79,50.292,48.167
318.04,178.5,50.292,44.625
320.17,177.79,50.292,45.333
323,177.79,50.292,46.75
326.54,179.92,51,41.083
325.83,179.21,53.833,41.792
326.54,178.5,53.833,43.917
318.75,174.25,54.542,44.625
308.83,164.33,62.333,53.125
303.17,161.5,69.417,55.958
303.17,160.79,67.292,55.958
313.08,163.63,58.083,52.417
310.25,166.46,56.667,56.667
309.54,165.75,63.042,60.208
316.63,166.46,62.333,66.939
320.88,166.2,58.083,68.255
331.5,172.83,46.042,59.5
325.13,170.71,57.375,65.875
325.13,170,62.333,70.125
320.17,161.5,57.375,72.958
319.46,172.13,62.333,63.042
311.67,169.29,68,52.417
311.67,168.58,60.917,53.125
310.96,179.21,61.625,41.792
315.92,179.92,52.417,38.958
321.58,179.92,48.167,38.958
323,179.92,48.875,38.958
325.13,179.21,51,45.333
323.71,180.63,50.292,43.917
322.29,181.33,48.875,43.208
NaN,NaN,NaN,-2
NaN,NaN,NaN,0
NaN,NaN,NaN,0
NaN,NaN,NaN,0
NaN,NaN,NaN,0
NaN,NaN,NaN,-1
371.88,160.08,28.333,57.375
371.17,160.08,32.583,59.5
369.75,163.63,35.417,59.5
369.75,163.63,34,59.5
375.42,165.04,31.875,57.375
374.71,167.88,40.375,54.542
371.17,163.63,43.917,56.667
370.46,162.92,41.792,58.792
371.17,160.79,43.208,66.583
372.58,164.33,44.625,68
375.42,170,46.042,62.333
376.13,169.29,43.917,60.208
369.75,169.29,52.417,62.333
376.83,172.83,46.042,58.792
371.17,170.71,52.417,60.208
376.83,172.13,49.583,60.208
381.08,170.71,50.292,63.042
383.21,173.54,49.583,60.917
387.46,174.25,51,60.917
388.17,181.33,51,54.542
392.42,177.08,50.292,58.083
393.83,171.42,53.125,63.042
391,168.58,60.917,66.411
397.38,172.83,55.25,60.208
396.67,173.54,43.481,57.375
393.83,177.79,46.75,51.708
394.54,175.67,45.333,55.25
393.13,174.09,52.417,58.955
392.42,177.08,50.292,56.667
393.13,172.83,46.75,54.542
390.29,174.96,48.167,50.292
387.46,172.83,54.542,53.125
386.75,167.17,55.25,49.583
392.42,169.29,51,46.042
393.83,172.13,52.417,46.75
400.21,174.96,44.625,41.083
405.17,176.38,44.625,47.458
414.38,174.96,40.375,38.25
417.21,174.25,43.208,37.542
419.33,172.13,45.333,43.917
425,172.13,45.333,42.5
426.42,174.25,46.75,41.792
430.67,172.83,49.583,41.792
434.92,171.42,51,41.792
432.79,172.13,53.833,40.375
433.5,172.13,54.542,39.667
434.21,172.83,55.25,36.833
439.17,170,54.542,38.958
439.88,165.75,54.542,43.208
441.29,163.63,51.708,42.5
449.79,160.79,41.083,43.208
448.38,163.27,44.625,43.561
449.79,165.75,41.792,41.083
449.08,163.63,45.333,49.583
448.38,165.04,46.042,44.625
448.38,167.88,44.625,43.917
447.67,172.83,46.75,42.5
448.38,170,44.597,46.042
453.33,172.13,40.375,44.625
455.46,172.83,41.792,42.5
454.75,173.54,43.917,42.5
465.38,170.71,32.583,46.042
459.71,174.25,34.708,50.292
458.29,173.54,29.75,54.542
456.88,173.54,29.75,52.417
454.75,173.54,29.75,52.417
448.38,174.25,31.875,51.708
445.54,174.25,34,53.833
442,174.96,36.833,54.542
444.13,175.67,33.292,53.833
458.29,173.22,18.417,56.283
456.88,172.13,19.833,54.542
456.88,171.42,21.25,48.875
462.54,172.13,16.292,45.333
461.13,169.29,18.417,43.917
461.13,167.17,19.833,42.5
460.42,166.46,19.833,40.375
459,165.75,21.25,44.625
459.01,167.17,19.117,38.958
460.42,165.04,19.833,44.625
455.46,162.92,25.5,42.5
456.17,161.5,26.917,38.25
455.46,162.92,25.5,37.542
454.81,163.61,24.733,41.802
456.93,166.81,19.075,41.441
454.75,176.38,19.833,33.292
454.75,168.58,24.083,41.083
455.46,165.75,28.333,36.125
456.17,164.33,26.917,37.542
454.75,161.5,33.292,42.5
454.75,162.92,22.667,39.667
455.46,162.21,28.333,38.25
456.88,161.5,26.917,36.833
456.88,158.67,28.633,39.667
456.88,158.67,26.917,38.25
457.58,157.96,21.25,46.042
456.17,160.79,24.083,46.75
456.19,160.08,24.768,41.792
454.75,157.96,21.958,29.042
457.58,153.71,19.833,31.875
457.58,153.71,19.125,30.797
459,152.29,19.125,30.462
457.58,154.42,25.5,30.458
460.42,155.13,26.208,30.458
462.54,153,29.042,32.583
466.08,157.25,31.167,27.625
469.63,151.58,29.042,31.15
474.58,150.88,31.167,31.167
480.25,152.29,30.458,30.458
487.33,149.46,25.5,34
492.29,145.21,27.625,27.625
500.79,138.83,28.333,34.708
504.33,138.13,28.333,35.417
507.88,136,29.75,38.25
514.96,131.75,31.875,42.5
516.38,127.5,37.542,41.792
517.79,126.08,39.667,41.792
530.54,122.54,31.875,42.5
532.67,120.42,34,43.208
535.5,120.42,32.583,41.792
534.08,118.29,30.458,43.917
531.25,119,29.75,41.792
534.08,127.5,26.208,29.042
533.38,128.92,26.208,26.917
530.54,122.54,26.917,33.292
532.67,121.83,20.542,34
530.54,118.29,22.667,40.375
528.42,118.29,24.083,41.083
525.58,118.29,24.792,38.958
524.17,119,24.792,38.958
517.08,119.71,29.75,36.833
514.25,119.71,31.875,34
514.96,117.58,28.333,39.667
509.29,114.75,26.917,43.208
506.46,112.63,24.792,39.667
503.63,110.5,26.208,40.375
501.5,107.67,24.792,39.667
497.96,102,27.625,45.333
493,115.46,32.583,31.167
492.29,115.46,30.458,30.458
489.46,112.63,30.458,33.292
489.46,105.54,27.625,35.417
483.79,100.58,30.458,38.25
483.08,97.042,29.75,40.375
478.83,99.875,31.875,37.542
474.58,96.333,33.292,38.25
474.58,94.917,31.167,36.125
473.17,90.667,33.292,38.958
473.17,89.958,33.292,37.542
472.46,83.583,36.833,42.5
470.33,92.792,41.083,34
471.75,92.083,35.417,36.833
470.33,90.667,36.833,39.667
471.04,88.542,36.125,38.958
476.71,88.542,31.167,37.542
473.88,87.125,34.708,38.958
481.67,88.542,26.917,36.833
493,88.542,18.417,36.125
494.42,87.125,16.292,38.958
495.13,86.417,17.708,36.125
495.83,83.583,19.125,34.708
496.54,83.583,19.125,34
496.54,83.583,19.833,34
497.25,85.708,20.542,33.292
495.13,85.708,22.667,36.125
491.58,85,19.833,38.958
490.17,85,21.25,37.542
488.04,85,21.25,38.25
485.92,86.417,21.958,37.542
485.21,88.542,19.833,36.125
483.79,88.542,21.25,34
479.54,87.125,20.542,34
476,84.292,19.125,36.125
466.79,82.167,24.792,38.25
463.96,85,23.375,32.583
454.04,87.833,25.5,27.625
446.25,89.958,31.875,28.333
447.67,91.375,32.583,30.458
442.71,92.083,30.458,28.333
435.63,92.083,28.333,33.292
437.75,93.5,21.958,31.875
434.92,94.208,24.083,33.292
434.92,95.625,21.25,33.292
430.67,95.625,26.208,32.583
425.71,92.792,29.75,36.125
432.79,93.455,22.667,32.628
432.08,92.792,22.667,32.583
429.96,92.792,24.792,34
429.96,94.917,25.5,33.292
428.54,97.042,26.917,30.805
426.42,99.167,30.458,30.458
425.71,99.167,29.75,30.458
425.71,99.167,29.75,30.458
432.08,100.46,23.375,34.121
431.38,100.58,22.667,38.25
430.67,101.29,22.667,38.958
429.96,96.333,22.667,40.375
424.29,94.917,25.5,39.667
421.46,94.208,27.625,39.667
420.75,95.625,27.625,41.083
418.63,97.75,31.167,37.542
416.5,97.75,32.583,40.375
411.54,96.333,31.167,38.958
410.13,97.75,30.458,37.542
409.42,97.75,31.167,39.667
406.58,99.167,28.333,41.792
403.04,99.167,30.458,43.208
402.33,98.458,29.75,42.5
398.08,93.5,34,45.333
389.58,87.833,42.5,54.542
398.08,89.25,33.292,53.125
396.69,92.792,35.389,51
394.54,94.917,34.708,46.042
393.13,94.208,34,49.583
391,95.625,34.708,46.75
385.33,95.625,38.958,48.167
378.96,95.625,38.25,50.292
375.42,94.917,34,52.417
371.88,94.917,34.708,53.125
371.88,94.917,34.708,43.917
371.88,94.917,34.708,43.917
