NaN,NaN,NaN,-1
153,93,19,47
152,93,19,47
151,91,19,47
150,89,19,47
150,87,19,47
151,86,19,47
152,86,19,47
153,85,19,47
155,85,19,47
156,85,19,47
157,85,19,47
157,85,19,47
156,84,19,47
155,85,19,47
153,85,19,47
151,85,19,47
144,85,19,47
141,85,19,47
136,84,19,47
133,84,19,47
132,84,19,47
132,84,19,47
133,84,19,47
133,83,19,47
133,83,19,47
134,82,19,47
138,82,19,47
140,82,19,47
140,82,19,47
143,83,19,47
145,82,19,47
147,82,19,47
151,82,19,47
152,82,19,47
153,82,19,47
152,82,19,47
153,82,19,47
153,82,19,47
154,82,19,47
155,82,19,47
156,83,19,47
157,84,19,47
157,84,19,47
158,84,19,47
159,84,19,47
159,84,19,47
163,85,19,47
164,85,19,47
166,85,19,47
166,85,19,47
165,85,19,47
165,86,19,47
165,86,19,47
163,86,19,47
162,86,19,47
157,86,19,47
155,86,19,47
147,87,19,47
141,87,19,47
135,86,19,47
131,85,19,47
130,85,19,47
131,84,19,47
132,83,19,47
134,83,19,47
142,82,19,47
145,82,19,47
152,81,19,47
156,81,19,47
163,82,19,47
168,81,19,47
170,82,19,47
177,81,19,47
178,82,19,47
180,83,19,47
179,83,19,47
178,84,19,47
178,86,19,47
179,86,19,47
179,87,19,47
180,90,19,47
181,89,19,47
182,90,19,47
186,91,19,47
187,91,19,47
188,91,19,47
191,92,19,47
192,92,19,47
194,93,19,47
197,93,19,47
199,92,19,47
198,92,19,47
198,90,19,47
198,89,19,47
197,86,19,47
193,85,19,47
190,84,19,47
189,82,19,47
187,81,19,47
186,80,19,47
185,79,19,47
185,79,19,47
185,79,19,47
186,78,19,47
186,78,19,47
186,78,19,47
187,78,19,47
185,79,19,47
180,79,19,47
179,80,19,47
177,79,19,47
175,79,19,47
174,79,19,47
169,79,19,47
167,79,19,47
165,80,19,47
163,81,19,47
159,82,19,47
158,83,19,47
158,84,19,47
156,86,19,47
155,87,19,47
154,90,19,47
153,91,19,47
155,92,19,47
162,93,19,47
167,93,19,47
175,92,19,47
179,92,19,47
182,90,19,47
188,87,19,47
189,86,19,47
192,86,19,47
199,84,19,47
200,83,19,47
203,82,19,47
204,81,19,47
205,81,19,47
205,81,19,47
203,82,19,47
194,85,19,47
190,85,19,47
179,92,19,47
176,95,19,47
167,96,19,47
164,98,19,47
157,101,19,47
155,101,19,47
153,102,19,47
152,101,19,47
154,98,19,47
156,96,19,47
158,92,19,47
158,92,19,47
159,90,19,47
157,90,19,47
157,89,19,47
157,87,19,47
156,87,19,47
155,86,19,47
153,86,19,47
151,86,19,47
144,85,19,47
140,85,19,47
135,84,19,47
133,85,19,47
134,85,19,47
135,85,19,47
136,85,19,47
136,85,19,47
141,86,19,47
140,82,19,47
132,81,19,47
132,81,19,47
131,80,19,47
132,80,19,47
133,80,19,47
133,81,19,47
131,82,19,47
128,84,19,47
122,90,19,47
119,92,19,47
116,94,19,47
117,94,19,47
120,95,19,47
123,96,19,47
129,96,19,47
131,97,19,47
134,96,19,47
136,96,19,47
140,97,19,47
142,96,19,47
145,97,19,47
146,96,19,47
146,96,19,47
147,95,19,47
147,95,19,47
146,95,19,47
146,95,19,47
147,95,19,47
146,95,19,47
145,95,19,47
143,95,19,47
142,95,19,47
141,94,19,47
143,94,19,47
145,93,19,47
146,91,19,47
146,93,19,47
145,92,19,47
143,92,19,47
141,91,19,47
141,90,19,47
141,90,19,47
141,90,19,47
139,89,19,47
135,90,19,47
134,90,19,47
132,91,19,47
131,91,19,47
131,92,19,47
135,92,19,47
141,93,19,47
144,93,19,47
146,92,19,47
148,91,19,47
148,91,19,47
153,91,19,47
156,91,19,47
158,92,19,47
161,91,19,47
162,90,19,47
163,90,19,47
164,90,19,47
165,90,19,47
166,91,19,47
166,91,19,47
165,90,19,47
165,90,19,47
165,90,19,47
165,90,19,47
168,90,19,47
170,90,19,47
171,89,19,47
174,89,19,47
174,89,19,47
176,89,19,47
178,89,19,47
179,89,19,47
180,89,19,47
180,89,19,47
180,89,19,47
180,91,19,47
180,92,19,47
180,93,19,47
179,94,19,47
179,94,19,47
178,94,19,47
177,95,19,47
176,96,19,47
175,97,19,47
174,96,19,47
174,96,19,47
173,97,19,47
169,96,19,47
170,96,19,47
171,96,19,47
171,96,19,47
175,95,19,47
176,95,19,47
