NaN,NaN,NaN,-1
152.01,94.614,18.397,46.431
151.36,92.808,17.384,51.927
150.94,89.08,16.636,52.218
148.9,88.032,17.106,51.315
149.65,86.112,17.283,51.48
149.74,83.609,18.944,54.725
149.79,83.13,20.271,54.846
152.72,84.359,18.026,51.944
154.45,80.672,17.747,56.291
156.02,81.131,17.446,55.524
156.95,82.699,16.939,53.608
156.25,81.692,17.781,54.434
154.11,79.512,19.038,58.212
151.12,82.721,20.238,54.34
149.85,82.681,20.438,54.039
146.75,82.959,20.545,55.42
140.13,82.502,21.731,54.773
137.51,80.06,20.637,57.343
131.02,81.723,23.077,55.034
127.6,79.768,23.2,57.74
127.32,81.472,22.374,55.965
128.16,79.877,22.686,56.659
127.46,78.932,23.736,58.605
128.61,78.266,23.29,58.527
129.64,77.214,23.464,59.052
132.94,75.979,21.171,58.607
133.88,73.736,22.476,64.995
136.38,76.255,21.329,59.371
138.16,74.895,20.062,61.612
141.46,75.304,18.024,61.02
144.04,74.97,18.593,61.329
145.85,75.307,19.634,62.748
147.39,73.392,20.907,65.293
149.45,73.851,21.833,64.665
148.89,73.537,22.502,65.398
146.79,72.33,23.479,66.081
147.17,72.91,24.064,65.669
147.17,72.6,25.153,66.566
148.84,74.928,24.955,62.611
151.35,72.662,22.996,67.906
152.93,73.823,22.327,67.092
153.26,72.398,23.415,69.88
155.48,75.643,22.465,64.897
156.27,73.978,19.751,67.351
157,76.877,21.156,62.829
157.13,75.044,23.128,65.126
158.09,72.852,23.326,69.493
159.57,75.346,24.69,65.649
164.44,75.021,20.084,66.049
163.84,72.143,21.555,71.158
162.69,74.338,22.477,69.018
162.86,72.957,21.608,70.103
162.69,73.916,19.941,67.795
160.99,74.296,19.894,68.797
156.39,73.201,21.961,70.833
156.17,73.328,19.988,71.449
151.97,76.806,19.415,66.926
145.21,74.06,17.72,70.909
136.25,70.315,19.813,76.256
130.63,70.545,21.15,75.59
126.03,67.134,20.084,79.399
126.61,68.901,20.665,72.785
127.99,65.669,19.676,78.95
129.6,66.423,19.501,74.943
133.93,66.415,20.578,73.468
139.72,64.924,19.597,75.818
142.17,66.338,20.433,72.712
148.87,62.945,19.626,77.075
153.95,66.528,20.797,71.622
160.67,65.531,20.363,74.663
164.7,64.766,21.153,76.75
170.54,64.411,19.863,76.389
171.69,65.484,21.239,75.764
175.79,65.177,20.301,76.73
176.96,63.754,18.506,79.891
177.78,65.175,17.696,78.036
176.63,66.02,16.925,79.987
176.04,65.215,17.878,82.969
175.87,68.125,18.588,79.62
177.26,70.646,18.377,77.655
176.7,69.542,18.873,80.506
179.65,69.869,18.723,80.851
179.77,69.591,20.273,83.098
183.13,71.852,18.021,80.79
186.69,74.426,17.269,76.719
186.4,73.676,18.659,78.263
188.63,75.688,18.938,75.872
191.49,76.239,19.344,76.886
193.5,73.21,18.872,82.435
196.17,72.767,17.389,82.606
198.01,73.247,18.018,79.985
196.53,73.314,18.096,78.427
194.19,69.269,19.04,83.459
196.36,68.378,18.674,80.671
194.62,66.109,20.466,80.126
192.93,65.907,18.44,78.101
187.97,62.827,18.934,81.761
186.01,62.314,17.59,79.578
183.67,58.438,18.276,85.193
182.9,57.705,18.413,84.848
181.15,58.462,19.276,83.849
181.55,56.909,18.703,84.682
180.1,58.804,20.343,80.645
181.34,55.613,20.303,83.761
182.21,57.353,21.278,80.253
182.95,57.811,20.104,79.479
182.31,56.474,20.89,81.769
180.59,55.069,20.47,83.711
175.56,57.727,23.167,80.562
175.51,57.829,20.402,80.662
173.78,57.562,20.859,80.554
170.05,57.931,23.895,79.579
170.56,57.682,20.931,79.731
166.57,59.617,20.823,78.473
163.56,58.809,21.372,78.431
160.05,57.628,22.115,82.178
156.29,60.854,21.687,79.726
154.8,62.832,22.702,77.305
153.62,65.099,23.52,74.476
152.1,65.686,23.45,76.775
151.04,70.271,23.869,73.437
148.13,68.52,23.292,77.649
148.42,72.689,21.655,74.278
147.24,71.442,21.329,77.828
150.34,74.499,22.359,75.087
155.6,75.801,22.781,74.826
160.23,73.717,24.757,76.951
170.27,76.842,22.86,71.446
176.52,71.937,22.504,76.71
180.84,70.526,18.219,75.724
186.42,68.755,18.729,74.796
190.13,67.838,19.581,72.978
192.87,67.559,18.927,74.82
195.76,65.531,19.758,74.798
196.08,69.893,18.493,70.202
203.11,64.331,17.036,73.623
209.08,63.191,15.684,76.248
207.89,58.109,15.235,82.163
207.39,57.015,13.366,85.648
205.64,57.692,13.691,87.455
197.89,62.961,14.642,81.682
186.81,64.84,14.987,84.947
181.12,67.698,15.54,87.375
174.85,72.574,14.08,81.337
167.62,75.222,16.067,81.058
161.75,79.289,15.441,78.53
157.3,81.571,16.938,77.112
157.99,79.941,15.347,79.013
154.25,82.413,15.547,76.507
154.28,81.504,16.889,76.743
154.29,77.75,17.319,78.036
155.8,76.133,17.386,73.95
157.16,72.482,18.523,76.57
159.06,69.254,16.878,81.342
159.59,68.602,16.622,78.245
158.67,66.837,17.387,80.83
157.41,64.357,17.27,83.777
158.57,62.433,15.475,87.944
158.49,63.652,15.203,85.221
155.79,62.904,14.541,83.857
154.49,61.038,13.769,86.717
150.96,63.672,13.741,82.811
145.43,62.116,14.029,81.787
140.83,62.966,13.689,81.681
137.12,64.714,13.649,78.949
134.95,63.441,12.933,81.362
137.57,64.611,14.363,80.824
138.88,67.296,13.721,77.371
140.2,65.929,13.754,78.644
134.79,64.816,14.675,73.192
126.84,64.978,15.557,63.697
138.24,68.941,12.74,66.892
136.24,63.826,12.923,70.933
131.54,60.828,13.242,76.977
132.45,60.191,14.712,77.268
135.12,59.449,12.935,77.709
135.55,62.63,13.792,74.297
135.65,61.835,12.888,75.919
133.69,63.643,12.922,76.881
130.4,66.358,12.699,77.058
124.77,72.123,14.093,71.92
121.06,75.687,14.128,70.75
116.91,77.561,14.744,71.332
118,78.973,13.708,72.055
122,80.881,12.894,70.858
126.36,81.5,13.594,69.664
130.51,81.559,12.727,70.763
134.14,81.166,13.456,73.606
136.91,79.138,13.093,75.905
139.62,78.999,12.959,75.987
144.5,79.601,11.169,73.234
145.45,79.801,10.432,74.588
146.39,77.191,10.401,77.39
149.35,80.183,11.406,71.728
149.73,79.017,11.714,73.153
149.56,79.305,12.615,72.185
149.34,80.202,12.498,69.593
148.63,79.284,12.453,71.492
147.18,77.969,12.833,71.577
148.09,78.104,12.243,72.15
148.12,77.306,11.928,71.39
147.01,80.629,12.558,67.828
144.19,79.575,11.332,67.552
141.89,83.289,12.128,61.421
142.19,82.849,11.652,60.77
144.88,84.468,12.021,60.548
147.47,81.227,11.597,61.012
148.35,80.714,11.256,60.861
146.66,79.399,11.45,61.677
144.37,79.543,11.765,60.096
142.99,81.236,12.021,56.596
141.07,78.973,12.296,61.169
138.58,82.859,12.103,52.843
140,81.266,11.962,53.868
139.47,81.045,11.79,53.785
137.42,81.295,12.168,52.731
135.07,81.281,11.416,52.019
135.69,82.963,10.646,49.639
134.16,82.396,9.7932,53.751
132.17,83.679,9.5357,52.597
133.18,83.072,9.9109,54.947
136.99,83.668,10.17,53.218
142.79,83.78,10.819,53.908
146.78,84.078,9.4486,52.894
149.14,84.135,9.5895,51.884
150,83.853,10.074,51.008
152.41,82.922,8.9213,52.712
154.04,83.531,9.9835,50.702
157.95,83.449,10.74,50.541
160.61,82.717,11.145,52.274
162.53,81.816,10.555,51.704
164.02,83.085,9.8192,49.228
165.57,82.843,10.067,49.791
165.75,82.858,9.4402,49.465
166.49,83.002,9.35,49.035
168.4,82.916,8.8348,48.923
168.71,83.291,8.8654,46.831
168.45,82.461,8.69,50.905
167.37,82.077,9.4292,50.163
166.69,82.487,9.7366,50.156
167.69,83.141,10.606,48.346
170.61,83.835,11.033,46.724
172.41,82.056,9.866,49.363
174.68,84.586,8.7547,42.962
175.78,81.742,8.6442,46.35
176.93,80.815,9.345,47.03
179.53,81.348,8.9213,47.278
179.67,84.135,9.802,42.104
179.52,84.503,10.655,42.354
180.34,85.04,10.886,42.672
180.53,88.183,10.517,36.84
181.06,86.322,10.168,41.895
181.05,87.586,10.184,40.642
179.73,88.264,10.455,42.511
178.08,89.79,11.314,42.557
177.47,90.978,12.53,48.149
180.38,87.206,12.323,46.665
181.75,84.151,10.955,48.677
179.87,80.542,11.538,52.126
179.34,82.907,11.221,49.813
178.58,83.804,10.949,48.454
176.49,79.175,11.319,55.589
177.58,84.783,10.651,48.877
175.04,83.956,11.478,49.687
174.48,84.281,11.094,50.444
175.03,83.76,10.856,50.689
174.94,82.502,10.553,52.777
176.57,83.863,11.312,51.199
177.15,79.965,11.356,57.56
177.7,81.416,11.581,54.121
