NaN,NaN,NaN,-1
153,36,76,103
153,38,77,103
153,38,75,103
153,39,73,103
153,39,73,103
152,39,73,103
151,39,74,103
150,39,75,103
150,39,74,103
149,40,75,103
149,40,75,103
148,40,75,103
148,41,73,103
149,41,70,103
148,42,70,104
147,43,73,103
145,44,74,103
144,45,75,103
145,45,74,103
142,46,76,103
140,46,79,103
139,47,79,103
137,48,82,103
135,49,84,103
134,49,86,103
133,50,87,103
131,51,89,103
131,52,89,103
130,52,90,103
129,53,91,103
128,54,92,103
126,54,94,103
125,55,94,103
125,56,94,103
123,56,95,104
123,57,96,103
122,58,96,103
122,58,96,103
121,59,97,104
121,60,98,104
121,60,98,104
123,61,95,103
123,62,95,104
119,63,100,104
119,63,100,104
119,64,100,104
119,65,99,104
120,66,98,104
119,66,99,104
118,67,100,104
121,68,97,104
123,68,95,103
123,68,92,105
126,69,89,104
126,70,88,103
125,71,88,103
124,71,89,103
124,70,90,104
125,71,90,104
126,71,91,105
128,72,88,103
130,73,88,104
133,73,83,104
134,72,83,104
138,73,83,105
135,73,85,104
135,73,85,104
133,74,86,103
133,74,86,103
132,73,87,105
131,74,87,104
131,73,86,104
132,74,84,104
131,74,86,104
131,74,84,103
129,73,86,105
129,73,87,105
129,74,87,104
130,74,85,103
130,74,87,104
131,74,85,104
132,74,84,103
132,74,82,103
134,75,79,103
132,75,82,103
132,75,82,103
132,75,82,103
133,75,80,103
134,74,80,104
133,74,82,104
131,74,83,104
129,74,85,105
130,75,84,104
130,74,86,103
129,74,87,103
126,75,91,103
123,74,94,104
121,75,95,104
119,75,97,103
120,75,95,104
121,75,93,103
122,76,91,103
123,76,90,103
123,77,92,103
123,77,93,103
125,78,91,103
126,79,90,103
129,79,88,104
129,80,85,103
130,81,85,103
129,81,84,103
128,82,85,103
128,83,84,104
128,84,84,103
128,85,84,104
128,86,84,104
127,87,85,103
126,88,83,103
126,90,84,103
126,91,86,104
125,92,88,104
125,93,88,103
125,94,88,104
124,96,87,103
123,98,87,103
123,99,86,103
122,101,86,103
120,104,89,103
121,105,87,103
120,108,88,102
118,111,89,102
121,113,86,102
119,115,87,102
118,117,87,102
117,118,88,102
115,121,89,101
113,122,90,101
113,125,89,97
112,124,91,99
112,130,88,90
110,129,90,95
110,129,91,95
109,131,92,94
110,132,91,93
109,133,92,92
109,134,93,91
109,134,93,91
109,135,92,90
109,134,92,91
NaN,NaN,NaN,-2
NaN,NaN,NaN,0
NaN,NaN,NaN,0
NaN,NaN,NaN,0
NaN,NaN,NaN,0
NaN,NaN,NaN,-1
153,21,69,103
154,21,67,103
153,21,68,103
152,20,69,103
153,20,69,103
153,19,71,104
153,18,73,104
154,18,73,105
153,18,76,104
152,18,76,105
151,18,77,104
150,17,76,104
149,19,75,103
148,18,75,102
148,18,76,103
148,17,76,103
149,17,75,103
150,16,75,103
149,15,75,103
148,15,77,103
147,15,79,103
147,14,80,103
146,14,83,103
146,14,85,103
146,14,84,103
146,14,86,103
146,16,86,102
144,20,83,97
142,31,86,86
142,16,84,101
142,16,85,101
142,15,87,102
142,15,89,102
143,15,89,102
142,15,90,101
142,15,91,102
141,15,92,101
141,15,92,101
140,15,94,101
140,15,93,102
139,15,93,102
138,15,94,102
138,15,94,101
138,15,93,101
137,15,93,102
136,15,94,102
136,16,93,100
135,16,94,100
135,16,92,101
134,16,91,100
133,16,91,101
133,17,92,100
132,18,91,102
131,18,93,101
131,18,95,99
130,18,96,99
130,18,97,100
129,18,97,100
128,18,97,100
127,18,96,102
127,18,96,99
127,18,97,98
127,18,96,102
127,18,95,102
125,18,96,103
126,18,94,102
127,19,95,102
126,20,95,100
125,20,95,101
124,20,93,102
124,21,92,103
123,21,91,103
123,20,90,103
124,20,88,103
123,20,87,103
122,20,89,102
122,20,89,103
122,20,90,103
122,21,90,102
122,21,89,103
122,21,88,102
123,22,87,103
123,22,87,103
127,23,85,103
127,26,85,100
124,24,88,102
122,24,86,102
120,24,88,102
118,23,90,103
117,28,90,98
117,25,84,101
115,24,88,103
116,24,86,102
115,24,87,101
113,24,89,100
113,24,87,101
113,24,88,100
112,23,91,102
112,23,91,102
112,23,91,101
111,23,91,101
111,23,91,101
111,23,91,102
110,24,93,102
109,24,92,102
109,24,93,101
109,23,92,100
110,23,89,101
110,23,87,101
111,22,87,101
111,22,86,101
112,22,86,101
112,21,86,101
113,21,85,102
113,21,84,102
113,20,84,103
113,20,84,103
112,20,86,103
112,20,86,103
113,20,85,103
113,19,86,103
113,19,86,103
113,19,86,103
113,19,85,103
111,19,88,102
112,19,88,102
114,19,86,102
117,19,85,102
112,20,87,103
112,21,85,103
112,23,85,101
113,22,83,101
113,22,83,101
114,22,85,101
110,22,90,102
112,23,88,101
114,21,86,103
114,22,87,103
114,21,88,104
115,21,87,103
115,22,87,102
115,22,88,102
115,22,89,102
115,22,88,101
111,23,91,100
110,23,88,101
113,23,82,101
113,23,81,101
113,23,78,103
111,24,81,103
109,24,84,102
111,25,83,99
111,25,84,98
110,25,85,100
109,25,87,103
109,25,88,100
110,23,88,101
112,23,87,100
114,22,85,100
114,23,86,99
114,23,87,100
114,22,88,100
114,22,89,101
114,21,89,102
115,21,89,103
115,20,88,102
115,20,89,102
115,19,89,102
116,19,89,101
116,18,90,102
116,18,89,103
117,19,86,103
117,20,87,103
115,20,91,102
119,20,85,102
122,22,86,103
124,23,86,100
127,24,87,101
128,24,88,102
129,25,89,102
128,25,92,101
127,25,94,100
127,25,93,99
128,23,92,100
127,24,96,99
128,24,96,99
128,25,96,98
129,25,96,99
129,25,95,100
128,25,96,100
129,25,95,101
130,24,95,101
130,24,96,101
131,23,96,101
130,23,98,102
130,23,95,102
130,23,96,102
130,22,94,102
131,22,96,103
132,22,95,103
137,22,93,101
142,24,88,96
141,22,89,100
139,20,91,101
140,19,93,101
138,19,96,102
139,19,97,101
138,19,98,100
138,20,99,101
137,20,97,101
140,19,90,102
137,19,90,103
136,19,95,102
135,19,94,101
134,18,94,102
132,17,94,103
132,17,95,103
132,18,95,103
131,19,95,103
132,21,94,101
131,20,92,101
130,20,88,98
129,20,87,98
128,20,86,99
127,20,84,99
127,20,85,98
127,20,81,99
126,20,82,100
127,20,85,101
130,21,85,101
131,22,86,101
131,22,87,100
131,22,90,101
130,23,88,101
129,23,89,101
128,23,89,101
127,22,91,102
127,23,91,101
127,22,93,101
127,22,95,101
127,22,94,102
127,22,91,101
126,21,90,102
126,21,91,101
125,21,89,102
126,21,89,102
126,21,89,101
126,21,90,101
127,21,89,103
129,21,89,103
130,22,90,103
131,22,89,102
129,21,90,102
128,22,90,101
127,22,91,101
126,23,92,101
123,23,94,101
122,23,93,103
122,23,91,102
124,22,88,102
122,22,92,102
120,23,90,102
122,23,84,103
121,23,86,103
122,24,83,103
123,24,85,103
130,24,81,103
141,44,72,83
138,44,76,83
134,41,83,87
132,38,80,90
129,35,81,92
128,32,81,96
127,26,82,101
125,26,81,101
122,27,81,101
123,29,80,99
122,29,80,98
120,35,80,92
119,38,79,90
118,38,80,90
117,31,85,98
116,31,88,98
116,38,90,90
117,41,89,85
118,42,93,81
118,42,94,82
118,41,96,85
116,45,98,78
115,45,99,77
113,36,101,88
110,32,103,94
110,32,103,97
110,31,103,98
110,31,103,99
112,31,101,99
118,31,97,102
116,44,97,89
119,45,93,88
121,45,91,88
146,49,64,83
146,50,63,82
146,51,66,82
146,56,67,77
151,57,63,77
150,58,66,76
156,62,60,73
158,56,57,79
144,49,71,86
139,40,75,94
138,42,77,94
136,49,77,88
137,47,74,90
135,47,75,91
133,36,78,102
131,35,81,103
131,34,81,101
128,34,82,99
127,33,83,100
128,50,82,84
128,48,80,88
128,48,80,88
128,48,80,88
128,48,80,88
130,47,78,89
134,46,75,88
129,46,81,87
131,46,81,86
127,43,81,89
126,30,84,101
126,30,86,101
128,29,82,101
129,28,82,101
128,27,84,100
126,26,82,100
127,25,80,101
125,25,84,101
126,25,82,98
125,27,82,96
124,28,83,95
123,30,83,93
121,30,81,92
119,28,83,93
119,25,83,96
118,20,84,103
117,20,85,102
117,19,87,103
117,18,88,103
119,18,89,103
122,18,88,102
121,18,91,103
122,17,90,103
121,17,90,103
120,17,91,103
123,17,90,103
121,17,89,103
120,17,89,103
120,17,88,103
120,18,88,103
120,18,89,103
120,18,90,103
123,18,90,103
123,19,91,103
122,19,91,103
121,19,88,103
120,19,88,103
118,20,90,103
118,20,91,103
118,20,92,102
119,21,90,102
120,21,89,102
120,21,90,103
120,22,91,101
122,22,90,101
124,23,90,100
125,22,89,102
126,22,89,101
126,22,89,100
127,22,89,101
128,23,88,98
129,23,87,98
129,24,88,98
127,24,88,99
126,24,88,99
124,24,91,100
122,24,92,102
122,24,94,102
119,24,96,103
117,24,95,103
115,24,96,101
113,24,97,98
114,24,95,98
115,24,93,97
115,24,93,96
116,24,91,97
116,24,89,96
116,23,88,96
116,22,88,98
116,22,89,100
116,23,88,100
117,23,89,100
117,23,91,97
116,23,91,98
116,23,90,99
116,23,91,100
117,22,91,101
116,22,90,101
117,22,89,101
118,22,90,101
121,22,86,101
118,23,91,100
116,24,93,99
117,25,91,99
117,25,90,99
117,25,94,98
119,25,92,99
120,25,92,98
119,25,94,100
117,24,95,100
118,24,94,98
119,25,92,99
120,25,91,99
120,25,91,97
118,25,93,98
117,25,92,96
114,24,96,97
114,24,95,99
114,23,93,100
114,23,93,98
114,21,91,100
115,22,90,100
116,22,88,99
116,22,88,101
114,21,89,102
116,21,90,102
117,21,90,102
116,20,92,103
117,20,91,103
117,20,90,103
116,20,89,103
117,20,88,103
117,21,88,103
117,21,88,103
117,21,88,101
119,21,87,102
118,21,89,102
117,21,94,103
117,21,93,101
117,21,95,102
117,20,95,103
116,21,97,102
117,21,96,102
119,21,94,102
115,21,98,102
116,21,98,102
117,21,98,103
117,21,98,103
117,21,98,103
115,22,100,102
116,22,99,102
116,22,99,102
115,22,99,102
114,23,98,102
116,23,96,101
122,23,90,101
123,23,90,101
125,24,87,100
124,25,89,99
122,23,92,100
122,22,91,101
123,22,92,101
122,23,95,101
123,24,94,101
122,24,96,101
122,24,96,100
124,24,95,102
124,24,94,99
124,24,92,99
125,24,91,102
125,24,90,102
126,24,88,102
126,24,89,102
124,23,91,102
123,23,91,101
122,24,94,102
122,24,92,98
122,24,90,96
122,24,85,97
121,24,85,97
121,23,85,98
121,22,85,103
120,22,83,103
121,22,83,103
120,23,84,103
121,24,82,102
121,23,84,101
118,24,89,103
119,24,90,103
118,28,94,98
124,27,88,99
120,26,93,100
124,25,91,100
121,26,95,102
121,27,97,102
121,30,99,98
127,34,93,95
130,38,89,91
128,32,90,96
127,29,91,99
127,30,90,98
126,30,90,99
126,30,90,100
125,30,92,101
126,36,90,96
129,38,87,95
127,39,88,94
125,39,90,94
124,38,90,96
121,38,94,95
123,38,90,96
124,36,89,100
125,36,89,100
126,35,89,101
125,34,91,102
124,34,92,101
118,34,97,99
120,34,96,99
123,34,94,99
124,34,94,99
127,35,91,99
124,34,95,102
123,34,94,102
124,34,92,103
124,33,93,103
123,33,92,103
123,33,89,101
126,32,85,102
125,32,86,101
126,32,82,101
130,34,74,100
131,37,74,97
134,38,73,96
133,38,74,96
132,37,77,97
131,36,82,99
129,34,84,100
126,34,88,101
124,34,91,100
122,35,92,97
121,36,93,98
120,37,95,98
119,39,97,96
119,36,93,98
122,33,88,99
120,30,90,101
120,29,88,103
120,29,89,103
123,28,87,103
123,27,86,103
120,26,85,103
125,26,80,103
126,30,78,99
125,34,80,95
125,32,80,97
126,31,79,98
125,29,79,99
122,26,84,103
121,25,84,102
122,25,84,102
120,25,86,102
122,24,84,103
120,24,89,103
120,24,91,103
120,23,90,103
120,23,90,102
119,22,94,102
117,22,97,103
118,22,96,103
117,22,97,102
115,22,98,103
116,22,94,102
114,22,93,102
114,23,92,102
113,23,94,103
114,23,94,103
113,23,95,103
114,23,95,103
115,23,93,103
116,23,91,103
117,23,89,103
116,23,91,103
116,23,89,103
116,23,92,103
116,23,93,103
117,23,89,103
117,24,92,102
118,24,92,102
118,24,95,103
120,24,93,103
121,24,93,103
120,24,94,103
120,25,94,103
119,25,94,103
118,26,93,103
118,27,92,103
121,27,89,103
121,28,90,102
118,27,91,103
118,28,92,102
117,28,91,102
116,29,92,101
116,29,92,101
115,29,89,101
114,29,89,102
