NaN,NaN,NaN,-1
81,91,37,51
85,91,37,51
90,92,37,51
95,93,37,51
102,95,37,51
109,95,37,51
114,95,37,51
119,96,37,51
121,106,37,51
127,104,37,51
134,103,37,51
140,104,37,51
146,106,37,51
152,106,37,51
158,106,37,51
163,105,37,51
169,103,37,51
175,102,37,51
179,103,37,51
184,103,37,51
188,104,37,51
190,105,37,51
190,105,37,51
189,104,37,51
188,104,37,51
184,103,37,51
179,102,37,51
173,102,37,51
167,101,37,51
159,101,37,51
149,102,37,51
139,103,37,51
128,104,37,51
118,106,37,51
109,106,37,51
103,105,37,51
98,104,37,51
96,104,37,51
95,104,37,51
96,105,37,51
98,107,37,51
103,110,37,51
108,110,37,51
114,109,37,51
121,109,37,51
128,109,37,51
137,109,37,51
146,109,37,51
156,109,37,51
166,111,37,51
175,112,37,51
183,111,37,51
188,112,37,51
191,113,37,51
190,114,37,51
186,115,37,51
179,115,37,51
170,114,37,51
159,113,37,51
145,112,37,51
131,109,37,51
116,106,37,51
103,92,37,51
95,91,37,51
87,92,37,51
80,95,37,51
76,97,37,51
72,99,37,51
69,99,37,51
66,99,37,51
65,99,37,51
64,99,37,51
64,100,37,51
64,101,37,51
67,102,37,51
70,102,37,51
76,100,37,51
85,98,37,51
96,95,37,51
109,93,37,51
118,113,37,51
138,107,37,51
155,108,37,51
169,109,37,51
180,114,37,51
188,119,37,51
192,121,37,51
193,123,37,51
191,123,37,51
189,122,37,51
187,122,37,51
184,122,37,51
180,123,37,51
175,126,37,51
169,130,37,51
160,131,37,51
148,129,37,51
134,121,37,51
118,112,37,51
96,103,37,51
80,99,37,51
66,104,37,51
55,108,37,51
47,107,37,51
41,107,37,51
35,106,37,51
27,106,37,51
20,107,37,51
12,109,37,51
3,108,37,51
1,99,37,51
1,91,37,51
1,89,37,51
1,96,37,51
1,110,37,51
11,123,37,51
19,129,37,51
26,130,37,51
33,130,37,51
38,130,37,51
42,128,37,51
45,126,37,51
48,124,37,51
51,123,37,51
55,123,37,51
60,123,37,51
67,123,37,51
75,121,37,51
82,117,37,51
90,109,37,51
98,99,37,51
103,92,37,51
106,88,37,51
105,87,37,51
103,89,37,51
98,92,37,51
92,93,37,51
87,94,37,51
82,94,37,51
78,93,37,51
75,91,37,51
73,89,37,51
74,88,37,51
75,88,37,51
78,87,37,51
81,88,37,51
86,89,37,51
93,92,37,51
100,94,37,51
110,94,37,51
119,92,37,51
127,89,37,51
130,89,37,51
131,94,37,51
130,106,37,51
129,112,37,51
127,111,37,51
124,112,37,51
120,113,37,51
116,113,37,51
113,111,37,51
112,108,37,51
113,107,37,51
116,108,37,51
121,109,37,51
127,109,37,51
135,109,37,51
143,108,37,51
151,107,37,51
157,107,37,51
162,106,37,51
