NaN,NaN,NaN,-1
206.58,118.8,29.04,96.8
205.31,117.81,32.67,94.38
204.16,115.61,33.88,94.38
203,113.41,35.09,94.353
201.63,112.5,41.14,91.878
204.87,111.26,42.35,93.17
205.7,110.11,48.4,94.38
200.86,108.84,58.08,98.01
204.6,107.8,48.4,96.8
205.42,108.84,54.45,98.01
207.41,116.87,59.29,90.75
203.66,117.97,68.97,90.75
201.13,117.97,76.23,90.75
198.71,120.17,81.07,90.75
195.14,120.17,87.12,90.75
196.13,122.54,89.54,87.12
196.07,120.34,90.75,87.12
193.65,123.58,95.59,88.33
196.07,126.06,90.75,82.28
196.35,122.76,84.7,82.28
194.75,121.6,95.59,83.49
195.74,120.39,98.01,85.91
200.03,117.42,100.43,78.65
204.87,119.73,90.75,76.23
196.62,119.9,102.85,72.6
196.68,119.95,101.64,71.39
200.2,111.92,96.8,78.65
205.48,109.56,77.44,82.28
210.1,104.94,72.6,87.12
205.09,103.84,85.91,87.12
210.59,106.09,85.91,85.91
213.89,102.63,85.91,89.54
215.98,102.63,88.33,89.54
215.65,102.63,95.59,89.54
216.53,115.33,100.43,76.23
216.37,138.32,104.06,54.45
214.83,137.28,113.74,53.24
214.61,138.49,118.58,50.82
214.99,139.59,110.11,50.82
216.2,144.04,107.69,49.61
218.24,147.4,111.32,48.4
222.64,149.54,111.32,49.61
221.48,143.66,112.53,58.08
217.74,144.76,122.21,58.08
214.99,148.71,134.31,55.093
217.85,151.58,135.93,53.24
220.55,150.42,133.1,54.45
215.65,150.42,143.99,54.45
224.78,149.27,136.73,55.66
222.58,150.42,136.73,54.45
219.12,150.42,140.36,54.45
215.65,150.42,143.99,54.45
NaN,NaN,NaN,-2
NaN,NaN,NaN,0
NaN,NaN,NaN,0
NaN,NaN,NaN,0
NaN,NaN,NaN,0
NaN,NaN,NaN,-1
197.78,107.91,29.04,94.38
197.67,110.16,31.46,93.17
198.71,113.52,32.67,91.96
198.55,112.31,36.3,94.38
199.65,112.25,36.3,95.59
198.44,112.2,38.72,96.8
192.77,110.99,42.35,99.22
196.18,112.09,39.93,99.22
200.8,110.71,35.09,105.27
202.84,110.82,38.72,102.85
209.38,109.72,39.93,102.85
214.66,109.23,44.77,89.54
215.49,104.77,50.82,90.75
213.34,103.73,49.61,89.54
208.78,101.47,53.24,90.75
205.53,101.64,52.03,87.12
203.5,102.79,48.4,85.91
199.04,103.78,49.61,88.33
195.8,102.63,48.4,89.54
193.21,99.33,32.67,89.54
192.06,94.875,33.88,90.75
191.32,84.755,36.957,95.59
190.24,80.465,49.61,93.17
187.66,75.9,58.08,96.8
191.07,74.91,55.66,94.38
191.01,72.6,56.87,96.8
193.1,72.655,59.29,95.59
195.74,72.655,49.61,95.59
200.42,73.81,43.56,94.38
201.68,76.945,39.93,98.01
199.37,81.235,42.35,100.43
202.95,87.89,36.3,99.22
201.74,92.4,38.72,96.8
200.31,94.655,45.98,95.59
198.93,96.8,52.03,96.8
198.71,102.41,56.87,94.38
199.59,105.71,61.71,94.38
198.22,111.43,67.76,89.54
197.06,116.87,68.97,90.75
195.8,122.54,72.6,87.12
197.12,127.27,67.76,79.86
197.56,130.73,58.08,76.23
195.58,131.72,53.24,78.65
197.23,132.93,41.14,76.23
203.22,133.04,30.25,73.81
202.77,133.1,31.877,72.6
198.38,128.43,39.93,78.65
198.49,127.32,37.51,78.65
195.96,122.76,44.77,82.28
200.53,127.65,41.14,71.39
206.19,125.34,37.51,73.81
208.34,125.45,38.72,71.39
209.33,120.67,41.14,79.86
209.27,119.68,42.35,77.44
209.16,117.48,44.77,77.44
211.36,118.8,44.77,72.6
212.35,118.74,47.19,73.81
211.86,118.74,58.08,73.81
211.58,118.63,64.13,76.23
214.83,120.72,41.14,78.65
215.76,121.82,44.77,78.65
215.6,120.56,48.4,82.28
215.43,122.87,52.03,79.86
216.37,124.35,55.66,71.39
216.15,123.25,60.5,71.39
220.16,120.34,44.77,62.92
221.1,118.96,48.4,68.97
221.92,117.81,54.45,70.18
222.91,118.85,56.87,71.39
222.58,119.79,64.13,75.02
220.61,118.58,70.805,77.44
226.76,121,20.57,48.4
224.23,122.1,27.83,48.4
224.23,123.25,27.83,47.19
223.02,123.2,30.263,48.4
227.75,124.35,22.99,47.19
231.16,128.97,20.57,42.35
231.16,125.45,20.57,47.19
232.21,124.24,21.78,49.61
236.88,124.13,15.73,52.03
239.19,122.1,13.31,48.4
240.24,122.54,14.52,38.72
239.03,122.59,16.94,37.51
238.04,123.91,14.52,32.67
236.88,122.76,15.73,33.88
239.25,121.6,12.1,35.09
238.04,119.07,14.52,42.35
238.09,119.13,13.31,41.14
238.04,123.58,14.52,39.93
240.4,121.27,10.89,42.35
241.65,120.17,10.741,42.35
241.56,119.29,9.68,37.51
241.45,118.25,12.1,36.3
239.08,113.57,15.73,42.35
239.14,114.84,14.52,38.72
234.46,114.73,20.57,41.14
233.36,118.25,20.57,36.3
236.77,119.57,18.15,31.46
236.77,118.41,18.15,32.67
234.46,118.52,20.57,30.25
236.72,116.1,19.36,35.09
239.03,117.26,16.94,33.88
241.28,114.89,15.73,37.51
244.69,116.1,13.31,35.09
245.85,113.68,12.1,39.93
243.48,115,15.73,35.09
244.69,118.41,13.31,32.67
243.54,118.52,14.52,30.25
242.44,117.26,14.52,33.88
241.28,119.51,15.73,32.67
241.28,118.3,15.73,35.09
239.08,118.19,15.73,37.51
238.09,117.09,13.31,37.51
235.95,115.88,12.1,39.93
233.69,115.88,13.31,39.93
232.65,114.89,12.1,37.51
231.6,115,10.89,35.09
229.38,115.17,11.487,31.46
231.55,112.91,12.1,32.67
231.55,114.1,12.1,30.868
229.24,112.97,14.52,31.46
228.14,115.22,14.52,30.25
227.04,112.91,14.52,32.67
221.32,112.97,19.36,31.46
223.68,111.81,15.73,32.67
220.22,110.6,19.36,35.09
221.38,110.55,18.15,36.3
226.1,110.55,10.89,36.3
226.65,112.8,12.624,35.09
229.46,113.79,9.68,37.51
226.05,114.89,12.1,37.51
227.2,117.09,10.89,37.51
227.2,118.25,10.89,36.3
226.08,118.19,11.452,37.51
224.95,118.25,12.1,36.3
224.95,117.04,12.1,38.72
225.94,117.15,14.52,36.3
225.88,114.84,15.73,38.72
222.47,114.73,18.15,41.14
217.85,113.68,22.99,39.93
219.01,115.83,21.78,41.14
214.39,116.98,26.62,39.93
213.34,117.92,25.41,43.56
211.2,118.96,24.2,44.77
207.57,120.06,31.46,44.77
205.26,121.27,33.88,42.35
202.89,120.12,37.51,43.56
204.16,119.02,33.88,43.56
207.62,117.97,30.25,42.35
209.88,119.07,29.04,42.35
209.71,121.22,32.67,43.56
207.24,122.15,38.72,47.19
210.59,124.41,37.51,45.98
207.9,131.06,48.4,44.77
205.53,135.52,52.03,43.56
201.79,137.66,61.71,44.77
201.79,141.02,61.71,43.56
200.42,142.01,67.76,45.98
202.62,144.32,67.76,43.56
205.86,143.11,68.97,45.98
209.22,144.21,67.76,45.98
212.57,144.26,66.55,44.77
214.66,146.63,68.97,41.14
213.34,144.15,73.81,47.19
212.52,142.89,67.76,50.82
207.73,138.32,76.23,54.45
208.72,137.64,78.65,57.468
210.98,137.06,29.04,58.08
209.66,137.11,33.88,56.87
207.24,138.05,38.72,60.5
207.02,140.25,43.56,60.5
205.81,140.36,45.98,58.08
205.7,141.62,48.4,54.45
204.49,141.57,50.82,55.66
202.07,134.42,55.66,67.76
195.3,138.16,59.29,58.08
194.2,139.15,59.29,60.5
191.67,141.34,66.55,60.505
189.25,138.93,71.39,65.34
189.2,142.17,72.6,66.55
188.92,139.81,78.65,70.18
192.28,142.17,29.04,66.55
194.37,138.54,31.46,73.81
196.68,138.38,29.04,77.44
202.29,137.11,26.62,81.07
204.49,137.06,26.62,82.28
205.42,134.69,30.25,85.91
207.51,135.79,32.67,85.91
203.83,135.79,41.14,85.91
204.71,135.85,45.98,84.7
207.02,136.12,43.56,78.65
204.49,133.7,50.82,83.49
204.6,132.49,48.4,85.91
203.44,130.29,49.61,85.91
206.63,129.36,52.03,82.28
204.21,127.21,56.87,81.07
201.79,126.17,61.71,79.86
201.69,126.45,64.13,73.643
200.36,122.87,68.97,79.86
204.82,121.88,67.76,77.44
204.76,124.02,68.97,78.65
205.92,124.02,67.76,78.65
209.22,122.81,67.76,81.07
209.38,124.02,64.13,78.65
210.48,122.92,64.13,78.65
208.34,127.49,62.92,75.02
207.29,127.54,61.71,73.81
208.72,127.65,54.45,71.39
207.46,129.25,58.08,72.019
209.72,123.97,56.87,79.86
206.14,123.91,62.92,81.07
204.93,123.97,65.34,79.86
198.82,124.02,78.65,78.65
194.97,124.02,90.75,78.65
196.24,124.02,38.72,78.65
192.88,125.18,39.93,77.44
196.35,125.34,36.3,73.81
192.77,123.03,42.35,76.23
192.77,123.14,42.35,73.81
192.72,121.97,43.56,75.524
191.56,124.42,44.77,70.173
188.04,121.13,49.61,69.753
186.83,122.26,52.03,68.97
184.36,122.32,58.08,67.688
182.1,115.66,59.29,68.97
180.89,114.67,61.71,66.55
180.84,111.26,62.92,68.97
180.73,112.53,65.34,65.34
179.85,109.17,60.5,66.55
176.49,109.34,61.71,62.92
174.35,107.14,60.5,62.92
174.41,105.13,59.29,58.637
175.28,102.99,64.13,57.488
175.17,103.23,66.55,52.03
175.56,97.46,58.08,58.08
175.56,97.46,58.08,58.08
174.46,96.36,58.08,58.08
173.41,99.88,56.87,53.24
169.95,98.725,60.5,54.45
167.69,98.89,61.71,50.82
166.43,96.525,65.34,54.45
164.17,96.58,66.55,53.24
162.97,95.37,68.97,55.66
161.75,94.27,71.39,55.66
163.9,90.805,24.2,59.29
159.44,90.75,25.41,60.5
158.46,90.75,22.99,60.5
158.62,89.485,19.36,64.13
157.52,94.05,19.36,60.5
157.63,96.195,16.94,61.71
157.74,97.35,14.52,60.5
154.38,97.405,15.73,59.29
148.72,100.81,19.36,56.87
147.62,101.91,19.36,56.87
148.83,99.55,16.94,60.5
144.21,98.23,21.78,65.34
141.96,104.94,22.99,62.92
139.64,99,25.41,72.6
136.18,97.845,29.04,73.81
133.87,95.37,31.46,79.86
133.87,94.105,31.46,83.49
132.6,93.005,35.09,83.49
131.45,90.585,36.3,88.33
131.39,90.75,37.51,84.7
133.7,92.125,35.09,78.65
133.76,91.08,33.88,77.44
136.07,92.235,31.46,76.23
130.51,93.555,32.67,71.39
130.41,91.135,35.09,76.23
133.98,94.902,29.04,65.954
137.34,96.03,27.83,65.34
139.42,98.175,30.25,66.55
142.78,99.055,29.04,71.39
145.2,98.835,24.2,76.23
145.09,105.6,26.62,72.6
147.51,111.48,21.843,64.13
149.71,111.37,21.78,66.55
151.85,109.06,22.99,68.97
157.35,106.86,22.99,69.014
167.14,106.81,25.41,70.18
174.73,100.92,27.83,78.65
174.51,104.55,32.67,71.39
173.25,103.67,36.3,66.55
173.25,106.15,36.3,60.5
169.51,108.51,45.98,56.87
167.36,108.51,44.77,56.87
163.84,111.25,49.61,50.548
160.43,110.93,52.03,52.03
155.87,108.62,55.66,54.45
154.77,108.57,55.66,55.66
151.25,107.3,60.5,59.29
150.09,107.25,61.71,60.5
150.97,104.94,66.55,62.92
148.77,106.09,66.55,61.71
147.34,105.16,73.81,58.08
150.87,106.42,68.97,54.45
153.18,106.59,18.15,50.82
150.92,106.53,19.36,52.03
152.13,106.59,16.94,50.82
151.08,106.7,15.73,48.4
148.83,110.16,16.94,44.77
146.63,103.34,16.94,49.61
146.52,98.78,19.36,53.24
145.42,94.215,19.36,56.87
147.68,94.215,18.15,56.87
145.36,91.74,20.57,62.92
147.51,91.795,21.78,61.71
152.9,92.895,24.2,61.71
153.78,94.985,29.04,64.13
159.56,95.865,22.99,68.97
158.34,99.165,25.41,68.97
157.13,101.25,27.83,71.39
159.44,105.76,25.41,68.97
160.54,106.7,25.41,72.6
161.7,107.58,24.2,77.44
162.91,109.78,21.78,77.44
165.11,114.18,21.78,77.44
166.16,112.91,22.99,81.07
163.73,114.01,27.83,81.07
161.48,115.22,29.04,78.65
160.38,115.17,29.04,79.86
160.38,117.42,29.04,78.65
155.92,119.73,30.25,76.23
154.94,120.94,27.83,73.81
153.94,119.9,25.41,72.6
148.06,115.39,33.88,75.02
149.16,112.2,33.88,72.6
146.74,107.74,38.72,73.81
146.52,104.55,43.56,71.39
151.03,100.1,41.14,72.6
152.95,95.755,47.19,71.39
147.95,92.455,60.5,71.39
148.88,89.1,64.13,72.6
153.17,88,66.55,72.6
151.97,86.68,68.97,77.44
148.28,87.67,77.44,79.86
151.63,88.77,76.23,79.86
153.83,89.815,76.23,81.07
154.99,93.115,75.02,81.07
155.04,98.615,73.81,81.07
150.31,94.765,81.07,93.17
153.61,115.39,32.67,75.02
151.52,118.63,30.25,76.23
149.44,123.03,27.83,76.23
142.67,127.72,31.46,69.879
137.06,132.22,33.88,67.76
133.76,135.52,33.88,67.76
131.5,137.57,35.09,67.918
133.7,138.87,35.09,66.55
137.06,138.71,33.88,70.18
136.95,136.45,36.3,71.39
139.26,134.15,33.88,73.81
138.98,131.67,39.93,79.86
141.24,129.41,38.72,81.07
137.94,128.15,38.72,84.7
137.77,127.1,42.35,83.49
139.92,124.96,43.56,82.28
139.87,122.87,44.736,79.86
139.75,122.92,47.19,78.65
142.01,120.83,45.98,76.23
144.26,119.9,44.77,72.6
144.21,116.65,45.98,71.39
145.31,114.45,45.98,71.39
144.15,113.46,47.19,68.97
145.31,112.31,45.98,70.18
142.78,110.71,53.24,81.07
142.78,110.66,53.24,82.28
140.41,112.86,56.87,82.28
135.85,112.8,60.5,83.49
137.06,112.91,58.08,81.07
137.11,112.97,56.87,79.86
138.32,111.81,54.45,81.07
136.12,114.18,54.45,77.44
136.4,114.4,48.4,72.6
134.14,110.99,49.61,75.02
131.94,108.68,49.61,77.44
129.63,108.62,52.03,78.65
128.42,106.42,54.451,78.755
129.58,105.38,53.24,77.44
129.53,104.22,54.45,78.65
131.72,100.76,54.45,82.28
133.98,98.67,53.24,79.86
136.18,95.095,53.24,85.91
138.38,90.585,53.24,88.33
138.21,89.485,56.87,88.33
143.93,88.33,52.03,89.54
146.19,87.12,50.82,91.96
148.39,87.175,50.82,90.75
153.89,87.12,50.82,91.96
163.9,88.11,48.4,94.38
164.89,92.455,50.82,95.59
159,97.79,59.29,99.22
158.89,102.3,61.71,96.8
158.78,105.65,64.13,95.59
158.67,109.94,66.55,98.01
160.93,113.63,65.34,89.54
163.13,114.78,65.34,88.33
157.3,114.78,72.6,88.33
154.88,114.89,77.44,85.91
154.82,114.73,78.65,89.54
160.82,118.3,67.76,83.49
157.3,118.14,72.6,87.12
158.4,119.18,72.6,88.33
158.34,123.69,73.81,85.91
157.25,126.99,73.81,85.91
157.35,129.25,71.39,84.7
156.25,131.39,71.39,85.91
154.11,133.65,70.18,84.7
154.33,134.75,65.34,84.7
149.71,135.74,70.18,87.12
149.82,135.63,67.76,89.54
148.61,136.73,70.18,89.54
148.61,147.07,70.18,79.86
150.92,147.01,67.76,81.07
147.4,147.89,72.6,85.91
148.44,147.89,73.81,85.91
149.54,144.38,73.81,90.75
150.65,144.48,73.81,88.33
151.69,142.12,75.02,91.96
151.75,140.91,73.81,94.38
150.26,148.99,82.28,85.91
151.3,147.84,83.49,87.12
150.04,146.3,87.12,96.8
146.68,145.14,88.33,98.01
156.97,153.34,79.86,87.12
155.7,151.08,83.49,88.33
159,149.98,83.49,88.33
161.09,147.78,85.91,88.33
163.13,142.12,89.54,91.96
167.47,139.92,90.75,91.96
167.36,137.66,93.17,93.17
175.34,140.03,87.12,89.54
179.79,138.93,85.91,89.54
180.89,140.08,85.91,88.33
180.84,140.03,87.12,89.54
180.78,141.18,88.33,88.33
180.73,142.28,89.54,88.33
182.87,139.92,90.75,91.96
186.28,141.07,88.33,90.75
187.44,142.23,87.12,89.54
188.43,143.33,89.54,89.54
190.68,143.33,88.33,89.54
191.67,143.33,90.75,89.54
NaN,NaN,NaN,-2
NaN,NaN,NaN,0
NaN,NaN,NaN,0
NaN,NaN,NaN,0
NaN,NaN,NaN,0
NaN,NaN,NaN,-1
162.89,92.813,26.217,75.625
160.1,88,27.225,80.667
156.25,89.008,31.258,78.65
152.49,89.008,33.275,78.65
149.55,93.821,37.308,73.608
145.75,91.942,40.333,74.617
142.95,91.804,41.342,77.642
140.2,90.842,41.342,78.65
136.49,91.85,42.35,76.633
133.6,88.963,45.375,79.658
131.77,89.008,45.375,78.65
129.85,88.138,47.392,77.642
127.92,86.167,49.408,80.667
128.84,86.258,49.408,78.65
127.88,84.425,50.417,78.65
123.93,80.483,56.467,84.7
120.08,81.013,60.5,83.185
118.07,81.446,64.533,83.692
118.98,81.446,64.533,83.692
120.95,82.475,61.508,81.223
121.87,86.27,61.508,77.677
123.57,83.371,64.533,81.675
122.56,82.317,66.55,84.7
123.11,86.992,54.45,82.683
126.77,94.6,54.45,76.633
129.43,101.06,56.467,75.625
128.29,106.75,61.508,71.592
130.99,112.2,62.517,72.6
135.44,112.7,65.542,81.675
138.97,116.78,68.567,72.6
138.74,119.4,73.608,75.625
137.68,119.26,76.633,78.65
141.44,120.5,74.617,71.592
141.72,120.77,68.567,65.542
140.8,115.13,68.567,68.567
143.69,111.33,65.542,71.592
141.53,110.46,72.6,70.583
141.44,102.9,74.617,75.625
145.29,97.488,70.583,73.608
143.41,94.692,71.592,74.617
144.38,91.896,70.583,75.625
141.58,91.117,71.592,72.6
140.71,90.246,70.583,71.592
139.61,92.125,74.617,70.583
133.79,91.346,81.675,67.558
125.26,89.375,87.725,70.583
118.02,85.571,85.708,73.608
123.7,82.179,81.675,67.558
114.17,74.663,89.742,71.592
104.64,65.037,97.808,81.675
98.908,59.446,82.683,83.692
103.08,61.233,91.758,64.533
127.42,50.921,80.667,69.575
148.09,37.629,89.742,79.658
188.51,33.596,87.725,87.725
204.33,35.2,102.85,72.6
246.31,39.462,86.717,59.492
NaN,NaN,NaN,-2
NaN,NaN,NaN,0
NaN,NaN,NaN,0
NaN,NaN,NaN,0
NaN,NaN,NaN,0
NaN,NaN,NaN,-1
228.64,40.703,55.275,136.35
230.06,48.659,60.803,145.56
236.76,55.359,60.802,145.56
236.76,61.975,60.802,147.4
228.22,73.532,64.488,151.09
218.17,88.524,64.488,152.93
204.6,98.406,68.172,156.61
192.63,105.19,73.7,154.77
180.48,106.78,82.912,156.61
175.21,109.29,88.44,138.19
171.77,109.13,90.283,141.87
163.06,105.78,97.653,141.87
166.33,102.51,99.495,140.03
171.19,99.16,103.18,140.03
174.45,92.292,105.02,143.72
179.39,88.942,106.87,143.72
185.93,89.696,110.55,127.13
191.12,89.529,106.86,130.82
185.67,91.539,116.08,123.45
183.75,95.391,121.61,112.39
183.83,100.42,119.76,112.39
175.12,105.36,127.13,114.23
175.21,107.12,125.29,112.39
178.64,108.71,123.45,114.24
173.36,111.97,128.98,116.08
