NaN,NaN,NaN,-1
226,94,43,45
226,95,43,45
226,96,43,45
226,97,43,44
225,97,43,44
223,97,39,44
222,97,41,43
220,97,41,41
221,98,37,43
218,98,40,43
216,99,42,41
215,99,43,45
212,99,44,43
209,99,42,43
205,100,45,43
203,101,45,43
202,104,45,39
198,104,39,39
193,102,41,43
187,103,41,40
183,102,35,41
178,104,40,39
172,104,35,37
164,102,37,41
157,104,38,39
149,106,43,41
140,108,39,43
129,110,39,37
117,113,40,38
104,116,41,35
92,117,39,39
80,120,42,40
68,123,39,39
59,125,41,36
56,125,39,37
47,127,44,36
44,130,39,37
43,132,38,36
47,135,38,37
53,143,35,33
56,144,39,37
60,158,35,31
69,161,34,35
75,165,38,30
86,160,39,34
99,157,39,29
118,153,32,27
119,138,37,22
122,124,31,22
122,113,37,27
126,107,35,27
129,100,37,30
135,96,36,30
143,91,35,31
154,86,36,31
166,83,31,30
171,76,34,33
178,73,31,33
182,75,32,29
184,73,31,27
185,68,37,25
192,56,31,31
197,59,33,27
206,63,34,22
219,56,33,29
220,58,36,28
230,61,33,25
243,62,27,25
242,63,32,32
244,64,32,36
245,65,34,40
245,67,34,41
242,67,35,45
237,69,34,44
236,72,34,42
236,76,35,44
235,80,34,41
236,83,34,41
239,86,34,42
239,90,33,41
240,94,33,41
242,99,33,41
243,102,33,41
246,107,33,37
248,109,33,40
249,118,33,39
253,127,33,37
253,133,37,37
258,139,35,37
258,144,34,37
253,152,36,35
253,153,33,35
247,155,35,33
240,154,37,31
236,144,38,36
235,142,36,35
232,136,35,35
227,129,33,37
219,123,40,38
215,119,43,41
208,118,43,40
199,119,40,38
190,120,41,35
181,123,39,39
172,125,35,38
164,127,38,41
158,131,35,38
144,133,40,38
135,131,37,36
132,124,38,37
124,113,38,37
121,106,38,32
120,94,40,43
119,89,40,45
119,82,41,45
119,76,40,45
122,70,39,45
125,66,39,45
128,64,42,45
128,62,42,45
133,60,37,45
138,61,32,45
138,61,35,45
137,61,35,45
140,62,35,45
141,63,35,45
144,63,38,45
148,64,33,45
152,64,38,45
156,64,35,45
160,65,35,44
162,66,35,45
165,67,33,45
167,66,33,45
171,66,32,45
172,66,34,43
176,64,32,43
177,63,37,41
176,67,39,43
177,70,38,41
179,69,42,43
181,69,42,43
183,69,40,44
183,71,40,43
182,73,41,43
180,77,38,43
179,84,38,43
178,88,40,41
175,93,42,43
170,100,39,41
162,108,40,43
150,116,43,44
140,127,39,41
127,132,45,41
121,135,45,40
118,139,44,41
113,144,41,38
108,147,38,39
103,152,38,39
98,156,38,39
94,159,41,39
88,163,43,38
83,166,45,37
80,166,40,38
74,167,43,37
67,168,45,37
64,168,45,37
61,167,43,37
58,167,43,35
54,166,42,36
50,165,45,36
47,165,43,34
44,164,45,34
41,159,44,37
39,152,44,35
41,145,39,33
47,130,37,34
45,121,45,35
49,116,42,32
50,116,41,25
50,111,41,28
50,104,40,31
54,99,43,32
56,94,43,34
58,90,41,35
60,85,41,32
64,81,41,32
68,76,44,40
72,74,45,41
77,72,44,39
82,70,43,37
87,69,45,42
90,71,45,40
92,73,45,40
94,75,44,39
94,78,44,38
94,80,44,39
95,82,44,37
98,85,45,39
100,88,45,39
103,91,45,37
106,95,45,37
108,98,45,37
112,104,45,36
115,110,45,33
120,112,44,33
126,114,45,33
132,118,43,32
137,119,43,33
142,122,44,35
148,124,45,31
155,121,43,35
162,121,43,32
169,118,40,32
174,116,39,32
180,114,39,33
184,112,44,34
189,110,40,33
195,108,37,32
201,104,37,35
210,104,39,31
213,104,41,31
217,104,41,31
222,107,36,29
225,107,33,27
226,104,33,42
227,108,37,27
227,109,39,41
227,113,39,41
225,116,39,38
224,116,39,38
226,116,37,40
226,118,37,39
226,119,37,39
227,122,37,38
227,123,37,38
227,124,37,39
227,126,36,45
224,133,38,43
224,137,38,44
224,142,39,41
228,146,37,41
233,150,35,41
