NaN,NaN,NaN,-1
68.737,64.788,68.185,268.57
69.654,63.685,69.934,269.11
72.203,62.405,71.027,268.86
75.032,67.626,71.142,262.16
78.132,65.719,70.953,263.53
81.829,62.741,67.242,266.21
84.238,67.515,70.55,260.2
89.09,67.925,65.683,260.7
90.318,68.527,67.146,260.35
92.404,69.441,68.048,256.8
98.492,67.745,68.206,258.25
100.51,72.284,67.417,251
102.9,70.388,64.995,254.06
107.88,73.726,64.838,250.97
111.73,74.626,65.215,249.23
113.16,68.161,62.925,255.91
116.55,74.682,65.041,244.95
117.74,77.81,67.588,244.89
120.8,73.897,65.948,249.87
123.54,71.441,66.06,251.09
126.16,74.342,65.759,249.09
128.92,75.889,66.421,242.61
132.15,76.269,64.454,242.81
134.57,80.153,67.056,238.35
136.85,76.178,65.029,243.86
140.36,81.29,63.43,236.77
145.14,78.549,59.862,238.44
148.42,77.613,57.457,237.97
149.09,78.232,59.582,236.34
149.26,77.102,62.031,239.52
155.87,77.265,57.18,236.75
159.81,75.156,55.026,238.44
161.32,80.798,58.661,233.22
163.42,84.13,59.56,227.63
165.34,84.048,59.07,226.13
171.49,80.949,55.111,229.54
172.83,78.554,52.076,233.73
175.03,77.376,52.388,233.86
176.71,78.373,53.341,234.07
180.65,82.282,50.947,227.84
182.17,78.293,52.15,231.21
184.16,78.679,50.567,229.62
186.87,84.285,51.045,226.18
188.39,78.598,50.967,231.23
190.13,85.179,50.777,222.07
192.24,80.766,51.303,224.89
194.68,86.861,49.75,219.32
196.28,87.508,50.435,218.82
199.44,81.158,46.751,224.56
200.71,85.106,47.22,220.14
204.32,82.404,46.757,218.85
204.13,81.11,47.331,222.6
208.57,86.237,45.789,216.85
210.22,87.643,44.664,212.55
212.81,89.658,45.858,205.69
215.22,89.633,41.591,208.94
216.51,90.737,45.562,206.81
217.19,89.658,45.752,204.72
219.64,89.423,43.959,203.91
220.66,89.82,46.803,203.82
223.04,88.88,45.489,203.55
224.87,88.506,42.789,201.91
228.22,88.32,40.531,201.81
229.55,87.587,40.898,204.84
230.97,84.811,40.11,208.5
232.86,90.772,39.2,200.46
233.96,90.307,39.579,197.17
234.09,89.926,40.22,197.75
238.52,87.328,35.206,199.79
239.35,88.089,36.602,199.34
240.65,88.678,34.86,196.18
242.69,84.429,35.475,206.65
245.2,86.668,32.434,200.44
246.2,89.497,34.864,199.18
246.95,87.907,35.716,198.78
248.62,89.072,34.047,199.37
250.58,89.612,34.098,195.79
253.09,89.572,32.538,197.32
253.11,88.244,34.695,198.01
254.11,85.094,35.245,201.09
255.28,88.405,34.566,193.46
258.01,89.32,31.956,195.18
259.53,87.609,31.847,196.16
259.62,85.827,34.566,196.92
260.46,80.267,33.937,205.95
262.05,88.689,32.572,193.65
263.96,86.43,32.083,194.13
265.44,87.381,32.285,194.15
265.91,87.326,31.084,194.44
266.38,88.213,30.386,194.09
267.89,86.515,31.668,198.5
269.2,87.828,30.039,193.54
270.26,88.569,29.919,190.99
272.11,90.484,28.456,188.84
274.01,90.413,27.382,188.17
275.36,90.537,26.502,186.02
276.39,90.168,25.569,187.51
277.85,88.048,23.561,189.51
279.06,88.902,24.798,186.32
280.97,91.867,23.645,181.8
281.9,88.152,24.527,184.04
282.61,87.653,25.573,185.53
284.01,93.084,26.817,180.79
285.03,89.98,25.066,190.33
286.67,87.827,24.737,194.64
288.39,90.54,22.616,187.25
289.78,90.857,21.939,185.17
290.53,91.099,22.784,188.04
292.04,91.508,22.541,188.06
292.35,90.005,24.977,185.82
293.92,89.678,23.35,188.11
295.1,90.9,23.681,188.11
296.27,91.423,21.356,186.76
297.32,93.509,21.701,183.72
298.47,93.478,20.476,185.42
299.25,88.102,20.566,186.38
300.13,93.167,19.632,179.82
301.72,92.181,18.86,180.47
301.52,92.47,20.517,178.81
302.14,88.049,20.839,183.23
304.03,95.02,18.616,174.61
306.03,94.421,16.199,175.9
307.09,90.713,16.319,178.88
306.85,96.857,16.688,171.73
308.07,97.969,16.244,171
308.68,98.61,15.662,166.75
309.66,91.109,15.66,177.23
310.4,101.56,16.28,162.28
311.32,97.023,16.703,167.11
313,98.658,15.248,166.28
314.28,96.826,14.248,169.29
314.18,102.33,15.164,158.71
314.41,91.181,16.998,174.25
315.33,100.75,15.519,158.13
316.71,99.864,14.198,158.17
316.97,96.691,15.97,161.63
318.11,97.587,15.333,159.23
318.55,101.66,16.286,154.39
319.44,101.23,16.723,154.19
319.57,103.36,18.408,149.18
320.73,105.98,17.884,145.74
321.77,105.99,18.64,146.91
321.35,102.26,21.673,155.47
322.53,103.83,19.639,148.5
322.57,101.37,21.373,152.28
323.63,102.86,19.593,152.48
324.91,105.75,19.595,145.57
325.65,105.39,19.531,146.16
326.62,105.15,19.99,143.41
327.26,103.28,21.318,145.67
327.71,106.11,21.333,142.82
328.31,102.74,21.699,146.07
329.43,105.47,20.993,141.73
329.97,108.45,20.373,136.5
330.59,111.02,19.868,131.77
331.23,110.49,20.325,135.62
331.82,112.71,21.129,130.13
332.34,112.88,21.541,130.41
333.22,112,18.84,130.71
334.06,111.38,18.152,130.63
333.79,113.06,19.254,127.4
335.2,110.01,18.506,131.72
334.24,109.9,18.683,132.86
335.86,111.62,18.024,128.95
335.75,111.34,18.894,128.72
337.37,111.84,16.131,128.52
338.2,111.4,19.348,130.48
337.41,114.02,18.352,124.54
338.51,110.98,18.405,125.88
339.58,110.2,16.482,124.95
340.48,112.33,15.859,120.93
341.5,112.61,17.109,122.77
341.62,109.18,18.911,125.39
340.98,110.45,18.659,124.91
342.26,110.92,18.887,124.46
342.65,110.62,16.781,124.07
343.65,109.73,17.276,124.31
344.81,109.53,15.836,124.3
344.72,112.07,18.304,119.96
344.41,112.38,20.554,119.42
345.22,110.74,18.392,120.79
345.95,110.96,19.35,121.44
347.96,114.32,18.062,115.78
348.28,111.79,17.224,120.11
348.96,111.91,17.701,121.06
349.48,109.48,16.685,122.29
350.28,111.66,15.525,121.09
350.51,112.99,16.05,117.47
352.34,111.01,14.149,120.26
352.3,112.41,15.292,118.41
352.15,111.03,16.22,120.55
353.22,113.18,17.229,118.31
353.53,112.75,17.39,119.25
353.34,111.97,18.442,118.73
354.78,114.05,17.383,114.41
354.57,113.86,17.665,115.55
355.57,113.06,16.873,118.84
355.22,113.69,19.024,115.31
355.8,112.08,19.282,118.73
356.64,113.02,19.146,117.98
356.9,113.67,18.777,115.9
357.1,112.18,19.35,120.09
356.99,112.84,20.272,117.21
357.09,114.14,19.817,113.25
357.02,113.86,18.942,114.96
358.32,115.78,18.67,109.51
358.73,113.53,18.074,115.04
358.95,115.6,18.075,109.58
358.51,111.86,15.938,115.76
359.22,114.15,15.97,112.86
359.01,117.92,16.408,105.7
360.02,115.13,15.159,110.79
360.43,112.55,14.857,112.14
360.62,110.67,13.38,114.13
361.17,109.95,13.115,114.74
360.85,111.61,13.374,112.01
361.07,111.98,13.265,112.36
361.84,114.1,13.136,108.34
361.43,109.87,12.928,113.51
361.64,109.5,12.976,113.06
362.21,108.37,12.383,115.91
361.45,109.12,13.184,115.16
361.74,107.41,12.426,115.62
362.14,110.26,12.847,110.88
362.16,112.35,12.719,107.72
362.44,111.79,12.494,107.62
362.64,111.89,11.737,107.45
363.65,112.6,12.229,108.3
363.04,113.11,12.548,107.57
362.65,114.68,13.209,105.38
363.2,113.44,12.372,105.62
363.95,113.33,12.448,106.33
364.31,114.27,13.177,103.42
363.19,112.64,13.466,106.25
363.59,113.83,12.721,103.35
363.78,112.7,13.222,106.92
363.31,112.72,13.659,104.94
363.53,113.64,13.356,102.06
362.88,111.59,14.444,105.95
364.21,111.78,12.771,106.52
363.94,114.6,13.177,102.85
363.14,113.82,13.517,102.11
362.56,113.39,14.064,103.03
362.76,111.44,13.966,105.9
363.22,110.81,14.205,105.28
362.17,112.13,15.026,104.37
362.96,112.99,13.539,104.43
362.48,110.72,14.449,108.37
362.3,112.92,15.262,102.85
362.46,112.97,14.524,104.79
361.4,113.9,16.005,102.06
362.78,113.61,14.757,101.54
362.09,112.74,15.362,103.61
361.64,117.5,15.182,96.293
361.93,119.08,15.412,94.976
361.02,118.12,15.813,96.567
361.22,117.59,15.051,94.104
361.37,117.3,14.982,96.646
361.29,118.8,15.406,94.669
361.55,118.63,14.966,96.026
362,120.87,14.737,90.935
362.15,119.74,14.492,92.174
361.66,120.13,15.773,91.706
361.45,119.43,15.454,92.67
361.8,119.66,15.848,91.573
361.49,119.8,15.6,90.629
361.57,120.1,16.039,92.167
361.74,119.39,16.126,92.362
362.52,119.88,15.588,89.877
362.33,120.92,16.008,86.266
362.25,120.87,16.478,88.549
361.83,121.29,18.015,87.073
362.06,122.66,18.401,86.171
362.12,119.2,17.326,88.9
361.98,120.32,17.008,86.446
363.39,118.94,15.447,90.016
363.22,120.68,15.109,85.164
362.53,117.56,15.825,91.494
362.89,116.86,16.845,89.824
362.54,115.94,17.486,92.273
362.37,118.32,18.303,88.562
363.63,116.59,15.843,90.238
363.05,115.07,17.117,93.158
362.04,119.88,18.222,84.811
361.87,120.29,19.101,84.023
361.76,120.54,18.748,83.287
362.99,119.48,18.308,86.078
363.15,121.02,17.22,82.79
362.92,120.53,16.986,84.718
363.5,121.09,15.918,82.613
362.97,120.14,16.299,84.29
362.84,121.35,17.569,83.349
362.77,116.49,17.495,90.612
363.92,119.37,17.069,84.821
363.6,120.48,17.679,83.145
362.21,120.32,19.31,84.042
362.59,117.46,19.195,88.003
362.65,120,18.417,83.735
362.64,119.92,18.573,83.353
362.89,118.18,18.435,87.327
363.65,120.18,17.913,83.235
363.65,121.23,17.61,82.771
362.98,120.78,17.669,80.278
363.52,122.48,17.357,78.542
363.56,121.08,17.089,79.686
364.21,123.08,16.708,78.309
364.24,123.79,16.82,77.48
363.59,124.57,17.074,74.422
363.68,122.41,16.072,77.672
364.13,121.3,15.466,79.854
363.77,123.69,15.58,75.325
362.51,121.84,16.873,79.129
363.21,123.29,17.261,77.089
361.93,121.93,17.964,76.874
362.51,121.74,16.577,77.819
362.53,122.14,17.878,76.252
362.52,120.36,16.765,79.131
362.2,121.5,17.22,76.978
362.63,123.59,17.614,74.347
360.94,122.41,20.094,77.63
360.79,122.31,20.678,76.287
360.85,123.67,20.643,74.564
361.3,125.15,19.982,72.155
360.65,123.05,19.533,75.316
360.17,122.64,20.664,75.127
360.49,122.02,20.139,81.528
360.32,121.7,19.72,78.963
360.75,123.89,18.504,74.427
358.95,124.75,20.586,71.419
358.88,125.47,19.908,69.729
359.45,126.06,19.488,69.871
359.66,125.41,19.25,69.744
359.89,126.96,18.794,68.088
358.92,125.4,20.372,69.545
358.27,124.77,20.935,70.942
358.57,127.27,21.581,67.547
358.21,125.3,21.432,69.778
359.29,126.73,20.246,67.714
359,127.35,19.725,66.909
357.39,125.63,22.306,69.308
357.49,126.86,22.083,68.881
358.77,128.03,20.842,65.264
358.23,126.4,21.737,68.267
360.18,128.58,19.018,65.145
359.02,127.93,20.043,65.306
359.31,126.96,20.35,68.848
359.3,127.51,20.418,65.23
360.55,129.51,18.919,63.677
360.86,128.32,18.506,64.641
361.18,128.77,18.461,63.407
