NaN,NaN,NaN,-1
129,38,18,97
128,36,18,97
128,36,18,97
128,36,18,97
128,35,18,97
127,35,18,97
127,35,18,97
127,37,18,97
127,35,18,97
126,37,18,97
126,36,18,97
126,36,18,97
125,31,18,97
125,26,18,97
125,25,18,97
124,24,18,97
124,20,18,97
124,19,18,97
123,18,18,97
123,17,18,97
123,16,18,97
122,10,18,97
122,13,18,97
121,12,18,97
121,6,18,97
120,4,18,97
120,3,18,97
119,1,18,97
119,1,18,97
119,1,18,97
NaN,NaN,NaN,-2
NaN,NaN,NaN,0
NaN,NaN,NaN,0
NaN,NaN,NaN,0
NaN,NaN,NaN,0
NaN,NaN,NaN,-1
133,75,22,79
132,73,22,79
131,72,22,79
131,71,22,79
131,71,22,79
129,71,22,79
129,72,22,79
130,75,22,79
128,68,22,79
128,67,22,79
120,64,22,79
119,62,22,79
118,61,22,79
117,59,22,79
116,57,22,79
115,55,22,79
115,53,22,79
115,51,22,79
115,51,22,79
115,49,22,79
114,48,22,79
113,47,22,79
113,45,22,79
113,44,22,79
112,43,22,79
112,42,22,79
112,41,22,79
112,40,22,79
NaN,NaN,NaN,-2
NaN,NaN,NaN,0
NaN,NaN,NaN,0
NaN,NaN,NaN,0
NaN,NaN,NaN,0
NaN,NaN,NaN,-1
128,62,27,87
126,59,27,87
125,59,27,87
125,60,27,87
124,61,27,87
122,62,27,87
121,64,27,87
121,64,27,87
119,66,27,87
118,65,27,87
118,65,27,87
117,69,27,87
116,71,27,87
116,73,27,87
115,75,27,87
114,78,27,87
113,81,27,87
113,83,27,87
112,86,27,87
112,89,27,87
111,90,27,87
109,90,27,87
108,90,27,87
108,90,27,87
122,88,27,87
124,90,27,87
124,90,27,87
124,90,27,87
123,90,27,87
NaN,NaN,NaN,-2
NaN,NaN,NaN,0
NaN,NaN,NaN,0
NaN,NaN,NaN,0
NaN,NaN,NaN,0
NaN,NaN,NaN,-1
125,39,45,45
124,39,45,45
122,38,45,45
121,36,45,45
122,36,45,45
122,35,45,45
123,35,45,45
122,35,45,45
122,34,45,45
121,33,45,45
121,32,45,45
122,31,45,45
122,31,45,45
123,31,45,45
123,30,45,45
123,30,45,45
123,29,45,45
123,28,45,45
125,28,45,45
126,27,45,45
128,26,45,45
130,26,45,45
131,27,45,45
132,28,45,45
133,29,45,45
135,30,45,45
134,32,45,45
133,33,45,45
132,33,45,45
132,34,45,45
131,35,45,45
127,33,45,45
126,32,45,45
126,31,45,45
127,30,45,45
129,29,45,45
130,29,45,45
131,30,45,45
133,31,45,45
136,33,45,45
136,36,45,45
138,40,45,45
135,43,45,45
134,45,45,45
132,46,45,45
132,48,45,45
131,49,45,45
129,48,45,45
129,48,45,45
129,48,45,45
129,48,45,45
129,48,45,45
130,48,45,45
131,48,45,45
133,48,45,45
134,50,45,45
134,51,45,45
136,53,45,45
138,55,45,45
139,57,45,45
140,59,45,45
139,62,45,45
138,64,45,45
137,66,45,45
135,68,45,45
135,72,45,45
134,75,45,45
133,78,45,45
132,79,45,45
130,79,45,45
129,79,45,45
133,93,45,45
134,93,45,45
135,91,45,45
136,80,45,45
135,79,45,45
132,80,45,45
131,79,45,45
130,80,45,45
137,93,45,45
134,89,45,45
130,86,45,45
131,81,45,45
131,79,45,45
132,77,45,45
133,63,45,45
137,62,45,45
138,61,45,45
138,61,45,45
138,62,45,45
139,64,45,45
140,66,45,45
140,67,45,45
140,68,45,45
140,69,45,45
140,70,45,45
140,71,45,45
140,72,45,45
140,74,45,45
141,75,45,45
141,76,45,45
140,76,45,45
138,76,45,45
138,79,45,45
138,80,45,45
127,70,45,45
119,65,45,45
120,65,45,45
121,66,45,45
123,68,45,45
124,69,45,45
126,72,45,45
126,72,45,45
126,69,45,45
126,65,45,45
125,56,45,45
127,56,45,45
129,55,45,45
130,53,45,45
132,52,45,45
134,51,45,45
137,50,45,45
141,49,45,45
144,48,45,45
147,47,45,45
