NaN,NaN,NaN,-1
129,14,19,100
129,25,19,100
128,25,19,100
128,25,19,100
128,24,19,100
128,24,19,100
127,24,19,100
127,24,19,100
127,23,19,100
126,23,19,100
126,22,19,100
125,22,19,100
125,21,19,100
125,20,19,100
124,19,19,100
124,19,19,100
123,17,19,100
123,17,19,100
123,15,19,100
122,14,19,100
122,13,19,100
121,12,19,100
121,11,19,100
121,9,19,100
120,8,19,100
120,6,19,100
119,5,19,100
119,3,19,100
118,2,19,100
118,1,19,100
NaN,NaN,NaN,-2
NaN,NaN,NaN,0
NaN,NaN,NaN,0
NaN,NaN,NaN,0
NaN,NaN,NaN,0
NaN,NaN,NaN,-1
130,58,23,82
131,62,23,82
132,64,23,82
132,64,23,82
131,64,23,82
131,64,23,82
132,65,23,82
132,67,23,82
133,68,23,82
134,68,23,82
134,70,23,82
136,68,23,82
148,71,23,82
148,69,23,82
148,65,23,82
148,64,23,82
147,62,23,82
147,60,23,82
147,58,23,82
146,56,23,82
146,55,23,82
145,54,23,82
144,53,23,82
144,52,23,82
145,51,23,82
144,50,23,82
144,49,23,82
144,48,23,82
144,48,23,82
145,47,23,82
145,47,23,82
145,47,23,82
145,48,23,82
145,48,23,82
145,49,23,82
145,49,23,82
145,50,23,82
144,51,23,82
143,51,23,82
143,52,23,82
142,52,23,82
141,54,23,82
140,55,23,82
140,57,23,82
139,58,23,82
139,60,23,82
138,62,23,82
138,64,23,82
137,67,23,82
136,68,23,82
134,71,23,82
135,73,23,82
135,75,23,82
134,77,23,82
134,79,23,82
133,82,23,82
132,84,23,82
132,87,23,82
131,89,23,82
130,91,23,82
129,93,23,82
129,95,23,82
NaN,NaN,NaN,-2
NaN,NaN,NaN,0
NaN,NaN,NaN,0
NaN,NaN,NaN,0
NaN,NaN,NaN,0
NaN,NaN,NaN,-1
122,26,47,46
124,25,47,46
126,25,47,46
129,26,47,46
132,27,47,46
134,28,47,46
135,29,47,46
137,30,47,46
137,32,47,46
137,35,47,46
138,37,47,46
124,32,47,46
121,32,47,46
122,32,47,46
122,32,47,46
122,31,47,46
122,31,47,46
122,31,47,46
122,31,47,46
122,30,47,46
123,30,47,46
124,31,47,46
124,31,47,46
125,31,47,46
125,32,47,46
126,32,47,46
127,33,47,46
126,33,47,46
125,34,47,46
123,33,47,46
123,33,47,46
122,32,47,46
121,31,47,46
120,29,47,46
120,28,47,46
122,28,47,46
124,27,47,46
127,26,47,46
129,27,47,46
131,29,47,46
133,31,47,46
123,42,47,46
123,42,47,46
122,42,47,46
123,42,47,46
123,43,47,46
122,43,47,46
122,43,47,46
122,44,47,46
122,43,47,46
122,44,47,46
122,44,47,46
123,44,47,46
124,44,47,46
126,46,47,46
127,48,47,46
128,48,47,46
130,48,47,46
131,52,47,46
133,53,47,46
135,55,47,46
141,58,47,46
140,60,47,46
140,62,47,46
137,63,47,46
136,64,47,46
136,68,47,46
135,71,47,46
133,73,47,46
131,74,47,46
129,75,47,46
128,73,47,46
126,73,47,46
125,87,47,46
130,87,47,46
132,84,47,46
130,83,47,46
129,81,47,46
128,80,47,46
126,80,47,46
126,80,47,46
127,80,47,46
127,79,47,46
128,78,47,46
129,77,47,46
130,63,47,46
121,53,47,46
121,52,47,46
121,52,47,46
122,52,47,46
123,53,47,46
125,55,47,46
126,55,47,46
126,56,47,46
126,57,47,46
126,58,47,46
126,59,47,46
127,60,47,46
127,61,47,46
126,61,47,46
126,62,47,46
126,63,47,46
126,63,47,46
125,63,47,46
125,64,47,46
125,64,47,46
125,64,47,46
126,64,47,46
126,63,47,46
127,63,47,46
128,64,47,46
129,65,47,46
131,68,47,46
133,71,47,46
134,70,47,46
135,68,47,46
135,64,47,46
136,61,47,46
137,58,47,46
138,55,47,46
139,53,47,46
140,51,47,46
142,50,47,46
146,49,47,46
148,48,47,46
150,46,47,46
