NaN,NaN,NaN,-1
339,161,22,58
337,161,22,58
337,163,22,58
339,161,22,58
341,148,22,58
337,142,22,58
333,146,22,58
335,146,22,58
331,163,22,58
331,163,22,58
331,163,22,58
331,159,22,58
327,161,22,58
327,161,22,58
327,161,22,58
329,148,22,58
325,142,22,58
325,138,22,58
331,153,22,58
333,157,22,58
331,161,22,58
331,157,22,58
333,153,22,58
333,157,22,58
327,155,22,58
327,155,22,58
331,153,22,58
331,149,22,58
333,147,22,58
333,149,22,58
333,149,22,58
333,151,22,58
335,149,22,58
335,149,22,58
333,149,22,58
331,149,22,58
337,149,22,58
335,149,22,58
337,145,22,58
337,147,22,58
339,145,22,58
335,149,22,58
335,147,22,58
337,147,22,58
335,147,22,58
335,147,22,58
333,149,22,58
335,149,22,58
335,149,22,58
337,147,22,58
337,147,22,58
339,149,22,58
339,149,22,58
341,149,22,58
341,149,22,58
339,149,22,58
339,149,22,58
339,149,22,58
343,147,22,58
339,147,22,58
339,147,22,58
337,147,22,58
335,147,22,58
335,147,22,58
333,147,22,58
329,145,22,58
327,145,22,58
327,147,22,58
325,149,22,58
327,149,22,58
327,147,22,58
327,145,22,58
327,147,22,58
327,149,22,58
329,149,22,58
329,145,22,58
325,147,22,58
325,147,22,58
325,149,22,58
327,149,22,58
327,149,22,58
325,145,22,58
327,147,22,58
327,147,22,58
327,149,22,58
331,149,22,58
331,149,22,58
327,145,22,58
329,147,22,58
329,151,22,58
331,149,22,58
335,149,22,58
337,147,22,58
339,147,22,58
339,147,22,58
341,149,22,58
345,149,22,58
339,147,22,58
341,147,22,58
341,147,22,58
341,149,22,58
343,145,22,58
343,147,22,58
345,145,22,58
343,147,22,58
347,147,22,58
345,149,22,58
347,147,22,58
347,147,22,58
349,149,22,58
351,151,22,58
353,151,22,58
357,149,22,58
363,149,22,58
365,149,22,58
365,151,22,58
369,151,22,58
369,151,22,58
369,149,22,58
369,151,22,58
369,151,22,58
373,151,22,58
373,149,22,58
373,149,22,58
375,149,22,58
373,153,22,58
375,153,22,58
375,153,22,58
375,153,22,58
377,153,22,58
379,155,22,58
379,157,22,58
383,159,22,58
385,157,22,58
389,157,22,58
389,157,22,58
391,159,22,58
393,159,22,58
393,161,22,58
393,159,22,58
395,161,22,58
397,161,22,58
397,165,22,58
401,165,22,58
408,163,22,58
408,165,22,58
410,165,22,58
412,165,22,58
414,167,22,58
414,165,22,58
416,163,22,58
416,163,22,58
416,165,22,58
416,165,22,58
416,163,22,58
418,161,22,58
418,161,22,58
418,161,22,58
418,163,22,58
418,163,22,58
418,163,22,58
418,163,22,58
420,163,22,58
424,165,22,58
426,169,22,58
432,167,22,58
436,165,22,58
447,165,22,58
451,165,22,58
453,167,22,58
457,165,22,58
459,165,22,58
463,163,22,58
465,163,22,58
467,163,22,58
469,161,22,58
471,157,22,58
471,157,22,58
473,155,22,58
471,155,22,58
473,157,22,58
473,155,22,58
475,157,22,58
475,159,22,58
475,159,22,58
477,163,22,58
477,163,22,58
477,163,22,58
477,165,22,58
475,165,22,58
471,165,22,58
467,165,22,58
467,165,22,58
463,165,22,58
461,165,22,58
461,165,22,58
461,167,22,58
459,167,22,58
461,163,22,58
461,163,22,58
463,163,22,58
463,161,22,58
461,161,22,58
465,159,22,58
463,159,22,58
461,157,22,58
461,157,22,58
461,155,22,58
459,155,22,58
457,155,22,58
457,155,22,58
457,155,22,58
457,155,22,58
459,155,22,58
457,153,22,58
455,151,22,58
455,151,22,58
455,151,22,58
457,153,22,58
459,153,22,58
457,153,22,58
457,151,22,58
459,151,22,58
461,153,22,58
455,149,22,58
459,149,22,58
457,147,22,58
457,145,22,58
459,143,22,58
461,147,22,58
459,143,22,58
468,147,22,58
468,147,22,58
470,145,22,58
476,143,22,58
483,137,22,58
487,128,22,58
502,121,22,58
485,117,22,58
NaN,NaN,NaN,-2
NaN,NaN,NaN,0
NaN,NaN,NaN,0
NaN,NaN,NaN,0
NaN,NaN,NaN,0
NaN,NaN,NaN,-1
535,127,22,58
539,123,22,58
539,123,22,58
539,123,22,58
535,123,22,58
537,121,22,58
535,119,22,58
535,117,22,58
533,117,22,58
531,119,22,58
527,121,22,58
525,121,22,58
525,119,22,58
523,117,22,58
521,117,22,58
517,119,22,58
513,119,22,58
511,117,22,58
511,115,22,58
509,113,22,58
505,111,22,58
503,111,22,58
503,111,22,58
501,109,22,58
499,105,22,58
497,103,22,58
495,101,22,58
493,99,22,58
491,99,22,58
489,95,22,58
489,91,22,58
489,91,22,58
489,91,22,58
489,91,22,58
491,91,22,58
491,91,22,58
491,87,22,58
491,87,22,58
493,85,22,58
493,87,22,58
493,87,22,58
495,85,22,58
495,85,22,58
497,81,22,58
497,81,22,58
497,81,22,58
497,81,22,58
495,83,22,58
497,85,22,58
495,83,22,58
493,83,22,58
491,85,22,58
487,85,22,58
487,85,22,58
483,85,22,58
479,83,22,58
475,83,22,58
469,83,22,58
465,85,22,58
461,87,22,58
457,89,22,58
453,91,22,58
447,91,22,58
445,91,22,58
443,91,22,58
441,93,22,58
441,93,22,58
439,93,22,58
437,91,22,58
437,89,22,58
435,91,22,58
433,91,22,58
435,93,22,58
435,95,22,58
435,93,22,58
435,93,22,58
433,93,22,58
433,93,22,58
433,95,22,58
431,93,22,58
431,91,22,58
429,91,22,58
427,89,22,58
425,91,22,58
423,91,22,58
419,89,22,58
417,89,22,58
417,89,22,58
413,91,22,58
411,91,22,58
411,91,22,58
411,89,22,58
405,87,22,58
405,89,22,58
401,91,22,58
399,89,22,58
397,89,22,58
393,87,22,58
387,89,22,58
383,89,22,58
381,89,22,58
377,87,22,58
377,87,22,58
377,87,22,58
