NaN,NaN,NaN,-1
322.52,188.34,50.117,46.883
316.87,184.3,55.775,51.733
313.63,181.88,55.775,53.35
312.82,181.07,55.775,51.733
314.44,183.49,53.35,48.5
310.4,182.68,57.392,47.692
308.78,179.45,57.392,50.925
308.82,173.79,54.037,54.967
304.74,173.79,56.583,54.158
305.55,174.6,53.35,51.733
303.13,174.6,54.158,50.925
302.32,172.17,53.35,53.35
299.08,168.94,56.583,54.158
299.89,168.94,50.925,53.35
301.93,168.94,48.075,50.117
299.08,160.86,52.542,59.008
294.23,156.01,56.583,62.242
292.62,156.01,58.2,61.433
290.19,151.97,58.2,64.667
290.19,151.97,57.392,64.667
292.62,156.82,56.583,59.008
291.81,160.05,53.35,51.733
289.38,159.24,54.158,51.733
287.77,157.63,55.775,51.733
287.77,154.39,54.158,53.35
286.15,153.58,54.967,52.542
284.53,151.16,55.775,53.35
285.34,150.35,54.158,53.35
283.72,147.92,54.967,55.775
282.92,146.31,54.967,58.2
282.92,143.07,53.35,58.2
278.88,142.27,58.2,54.967
278.88,139.84,57.392,54.967
278.88,139.84,59.817,53.35
281.33,137.42,57.36,53.35
286.15,136.61,52.542,53.35
286.15,135.8,52.542,54.967
286.15,132.57,51.733,57.392
286.15,130.14,53.35,59.008
285.34,127.72,52.542,62.242
286.96,126.1,50.925,63.858
286.15,123.68,53.35,49.308
286.15,122.06,53.35,48.5
285.34,120.44,54.158,50.117
284.53,118.82,58.2,49.308
283.72,117.21,59.817,50.925
282.92,115.59,62.242,51.733
282.92,114.78,62.242,51.733
283.72,113.17,60.625,51.733
284.53,111.55,59.817,51.733
284.53,111.55,61.433,37.183
286.15,109.13,60.625,39.608
285.34,108.32,61.433,39.608
284.53,108.32,62.242,38.8
286.15,108.32,60.625,38.8
287.77,106.7,60.625,39.608
288.57,105.89,58.2,39.608
287.77,105.08,59.008,40.417
288.57,105.89,58.2,38.8
289.38,104.27,58.2,42.842
291,104.27,57.392,42.842
290.19,105.08,62.242,38.8
291,103.47,61.433,39.608
292.62,103.47,59.008,40.417
293.43,102.66,57.392,46.075
293.43,101.04,58.2,50.925
295.04,101.04,55.775,50.925
296.66,100.23,53.35,49.308
299.08,98.617,48.5,51.733
299.89,99.425,49.308,50.117
300.7,99.425,50.117,49.308
302.32,100.23,50.925,47.692
303.13,98.617,52.542,49.308
301.51,98.617,55.775,48.5
302.32,99.425,54.967,46.883
304.74,99.425,52.542,45.267
302.32,97.808,56.583,45.267
300.7,97.808,59.008,47.692
299.89,96.192,60.625,51.733
300.7,97,59.817,51.733
311.21,97,50.117,40.417
312.02,96.192,49.308,39.608
311.21,95.383,50.117,42.033
311.21,91.342,54.967,45.267
312.82,88.108,58.208,46.883
313.63,88.108,61.433,46.075
313.63,90.533,47.293,42.842
314.44,88.108,46.883,45.267
315.25,88.917,46.883,44.458
315.25,89.725,46.883,43.65
314.44,87.3,48.5,46.075
316.06,87.3,46.075,45.267
316.06,86.492,46.075,46.075
317.68,87.3,44.458,45.267
316.87,86.492,44.458,45.267
320.91,85.683,40.417,46.075
320.91,85.683,40.417,46.883
320.91,85.683,40.417,46.075
322.52,84.875,37.992,46.075
322.52,86.492,37.992,44.458
322.52,86.492,37.183,45.267
321.72,84.875,39.608,46.883
320.91,85.683,39.608,46.075
323.33,85.683,37.992,48.5
323.33,85.683,37.183,47.692
324.95,86.492,33.95,46.075
325.76,80.833,33.142,51.733
324.95,80.833,36.375,50.117
324.95,80.833,36.375,50.117
323.33,80.833,37.992,51.733
323.33,83.258,37.992,50.117
323.33,84.875,38.8,48.5
325.75,86.492,36.379,46.883
326.57,87.3,33.142,46.075
326.57,87.3,33.142,46.075
326.57,86.492,35.567,46.883
325.76,86.492,36.375,46.883
324.14,87.3,37.992,46.883
324.14,87.3,37.992,46.883
323.33,86.492,39.608,49.308
322.52,87.3,39.608,47.692
323.33,88.917,37.992,47.692
323.33,82.45,37.183,54.158
322.52,83.258,37.992,54.158
323.33,83.258,36.375,55.775
322.52,84.875,37.183,53.35
318.48,85.683,41.225,54.158
316.06,86.492,43.65,53.35
324.14,87.3,35.567,54.158
324.14,88.108,35.567,53.272
323.33,88.917,35.567,53.35
322.52,89.725,36.375,53.35
321.72,88.917,36.375,54.967
321.72,91.342,35.567,53.35
320.91,91.342,34.758,53.35
320.91,91.342,33.95,54.967
319.29,90.533,35.567,56.583
318.48,91.342,35.567,55.775
318.48,92.15,34.758,55.775
319.29,92.15,33.95,54.967
320.1,92.958,31.525,54.158
320.1,93.767,31.525,54.158
321.72,94.575,29.1,54.158
322.52,94.575,28.292,54.158
322.52,95.383,27.483,56.583
320.91,95.383,27.483,56.16
320.91,95.383,26.675,55.775
320.1,94.575,26.675,58.2
319.29,96.192,28.292,57.392
318.48,96.192,29.1,54.967
318.48,97.808,28.292,54.967
316.87,97.808,29.1,55.775
316.06,97.808,31.525,54.967
315.25,99.425,29.1,55.775
315.25,99.425,28.292,58.2
314.44,100.23,28.292,58.2
313.63,101.04,28.292,57.392
312.02,101.04,29.908,56.583
312.02,101.85,29.908,57.392
309.59,103.47,32.333,56.583
308.78,104.27,31.525,55.775
307.97,105.08,32.333,55.775
307.97,106.7,33.142,54.967
307.17,107.51,33.142,54.158
306.36,107.51,33.95,54.158
306.36,109.93,33.95,53.35
304.74,109.93,34.758,54.967
303.93,111.55,33.95,53.35
304.74,110.74,33.142,55.775
303.13,111.55,35.567,54.967
303.13,112.36,35.567,55.775
303.13,113.17,34.758,57.392
301.51,113.97,36.375,55.775
301.51,115.58,35.567,54.169
302.32,117.21,33.95,54.967
302.32,117.21,33.95,53.35
303.13,117.21,32.333,50.925
302.32,118.02,32.333,53.35
302.32,119.63,32.333,52.542
298.27,121.25,35.567,50.925
295.04,118.82,37.992,55.775
294.23,121.25,37.183,55.775
290.19,122.87,41.225,54.967
287.77,122.87,42.842,54.967
297.47,120.44,31.525,59.817
296.66,124.48,32.333,56.583
296.66,126.1,32.333,55.775
299.08,123.68,29.1,58.2
296.66,126.91,29.908,55.775
295.85,129.33,29.908,53.377
295.04,130.14,31.525,53.35
293.43,131.76,34.758,52.542
291.81,132.57,37.992,52.542
291,134.18,37.992,51.733
290.19,135.8,39.608,51.733
289.38,136.61,38.8,53.35
288.57,139.84,37.183,50.925
287.77,141.46,37.183,51.733
287.77,143.07,36.375,51.733
284.53,144.69,39.608,50.925
282.92,147.12,39.608,50.925
278.07,147.92,44.458,51.742
283.72,149.54,35.567,53.35
283.72,151.97,35.567,52.542
283.72,153.58,34.758,52.542
285.34,157.63,34.758,50.925
284.53,158.43,36.375,50.117
285.34,160.05,33.95,52.542
285.34,162.47,33.95,51.733
285.34,164.09,34.758,52.542
286.96,164.9,32.333,51.733
286.96,165.71,33.142,50.117
285.34,168.13,33.142,47.692
284.53,169.75,32.333,47.692
284.53,171.37,31.525,46.075
284.53,171.37,29.1,50.925
282.92,172.17,30.717,51.733
285.34,172.98,28.292,51.733
282.11,173.79,31.525,51.733
280.49,172.17,33.142,54.158
281.3,176.22,33.95,49.308
279.68,176.22,35.567,48.921
279.68,177.03,34.758,48.5
279.68,177.03,33.95,49.308
278.88,177.83,33.142,49.308
278.07,177.03,33.95,50.117
277.26,176.22,33.142,52.542
