NaN,NaN,NaN,-1
138,23,33,129
136,21,33,129
136,21,33,129
135,22,33,129
135,22,33,129
134,23,33,129
133,23,33,129
132,23,33,129
132,24,33,129
131,24,33,129
131,24,33,129
130,25,33,129
130,26,33,129
129,26,33,129
128,27,33,129
128,27,33,129
128,27,33,129
128,26,33,129
128,25,33,129
128,25,33,129
129,24,33,129
129,24,33,129
129,24,33,129
130,24,33,129
130,24,33,129
130,24,33,129
131,24,33,129
132,25,33,129
132,25,33,129
132,25,33,129
132,26,33,129
132,26,33,129
132,27,33,129
131,27,33,129
131,28,33,129
130,28,33,129
129,28,33,129
129,28,33,129
128,28,33,129
128,28,33,129
128,28,33,129
128,28,33,129
128,28,33,129
128,28,33,129
128,29,33,129
128,29,33,129
128,30,33,129
128,30,33,129
128,31,33,129
128,31,33,129
128,31,33,129
127,31,33,129
127,31,33,129
127,31,33,129
127,31,33,129
127,31,33,129
127,31,33,129
128,30,33,129
128,30,33,129
129,29,33,129
129,29,33,129
130,29,33,129
130,29,33,129
131,29,33,129
131,29,33,129
131,29,33,129
132,28,33,129
132,28,33,129
132,28,33,129
132,29,33,129
132,29,33,129
131,30,33,129
130,30,33,129
128,30,33,129
124,29,33,129
119,28,33,129
116,27,33,129
111,25,33,129
105,23,33,129
103,22,33,129
99,18,33,129
96,15,33,129
97,14,33,129
96,10,33,129
99,5,33,129
101,5,33,129
102,4,33,129
105,2,33,129
106,3,33,129
117,6,33,129
120,5,33,129
122,4,33,129
128,1,33,129
132,3,33,129
131,2,33,129
129,3,33,129
123,3,33,129
119,1,33,129
111,1,33,129
104,4,33,129
99,3,33,129
90,2,33,129
NaN,NaN,NaN,-2
NaN,NaN,NaN,0
NaN,NaN,NaN,0
NaN,NaN,NaN,0
NaN,NaN,NaN,0
NaN,NaN,NaN,-1
119,52,51,107
120,51,51,107
124,48,51,107
114,49,51,107
100,47,51,107
92,46,51,107
78,45,51,107
NaN,NaN,NaN,-2
NaN,NaN,NaN,0
NaN,NaN,NaN,0
NaN,NaN,NaN,0
NaN,NaN,NaN,0
NaN,NaN,NaN,-1
124,37,49,126
117,35,49,126
116,32,49,126
109,31,49,126
95,30,49,126
NaN,NaN,NaN,-2
NaN,NaN,NaN,0
NaN,NaN,NaN,0
NaN,NaN,NaN,0
NaN,NaN,NaN,0
NaN,NaN,NaN,-1
137,72,56,102
136,76,56,102
136,76,56,102
136,76,56,102
134,76,56,102
127,76,56,102
141,76,56,102
144,76,56,102
143,76,56,102
140,76,56,102
138,76,56,102
134,76,56,102
131,76,56,102
128,76,56,102
114,76,56,102
102,76,56,102
NaN,NaN,NaN,-2
NaN,NaN,NaN,0
NaN,NaN,NaN,0
NaN,NaN,NaN,0
NaN,NaN,NaN,0
NaN,NaN,NaN,-1
155,87,84,67
149,85,84,67
146,83,84,67
143,81,84,67
133,80,84,67
121,77,84,67
115,75,84,67
102,72,84,67
111,69,84,67
125,69,84,67
137,67,84,67
151,67,84,67
152,67,84,67
152,68,84,67
150,67,84,67
150,68,84,67
150,67,84,67
147,66,84,67
140,65,84,67
141,64,84,67
142,62,84,67
146,60,84,67
159,54,84,67
149,57,84,67
157,56,84,67
155,52,84,67
151,51,84,67
149,50,84,67
149,49,84,67
148,48,84,67
148,47,84,67
148,45,84,67
146,44,84,67
145,43,84,67
144,42,84,67
143,41,84,67
143,40,84,67
143,40,84,67
145,40,84,67
146,40,84,67
148,40,84,67
150,40,84,67
150,40,84,67
151,40,84,67
151,40,84,67
151,40,84,67
150,41,84,67
147,41,84,67
146,41,84,67
144,42,84,67
143,43,84,67
142,43,84,67
