NaN,NaN,NaN,-1
141,40,33,129
141,40,33,129
141,40,33,129
140,42,33,129
140,42,33,129
139,43,33,129
139,44,33,129
138,44,33,129
138,45,33,129
138,46,33,129
137,46,33,129
137,48,33,129
137,49,33,129
136,49,33,129
135,49,33,129
135,49,33,129
135,49,33,129
136,48,33,129
136,48,33,129
136,47,33,129
137,47,33,129
138,47,33,129
138,47,33,129
138,48,33,129
139,48,33,129
139,48,33,129
140,48,33,129
141,49,33,129
141,49,33,129
141,49,33,129
141,49,33,129
141,49,33,129
141,49,33,129
141,49,33,129
140,49,33,129
140,49,33,129
139,49,33,129
138,49,33,129
138,49,33,129
137,49,33,129
137,49,33,129
137,49,33,129
137,49,33,129
137,49,33,129
137,49,33,129
137,49,33,129
137,49,33,129
137,49,33,129
138,49,33,129
138,49,33,129
137,49,33,129
137,49,33,129
137,49,33,129
136,49,33,129
136,49,33,129
136,48,33,129
136,48,33,129
137,47,33,129
137,47,33,129
137,46,33,129
138,46,33,129
138,46,33,129
138,47,33,129
139,46,33,129
139,47,33,129
139,47,33,129
139,46,33,129
139,46,33,129
139,47,33,129
138,48,33,129
138,48,33,129
137,49,33,129
135,49,33,129
133,49,33,129
130,48,33,129
125,47,33,129
122,46,33,129
117,45,33,129
112,44,33,129
110,43,33,129
106,41,33,129
103,39,33,129
103,38,33,129
101,36,33,129
99,36,33,129
99,36,33,129
100,36,33,129
100,39,33,129
109,40,33,129
111,40,33,129
120,37,33,129
121,37,33,129
124,37,33,129
131,37,33,129
131,37,33,129
138,35,33,129
126,36,33,129
123,35,33,129
117,33,33,129
110,36,33,129
110,37,33,129
111,37,33,129
112,38,33,129
122,40,33,129
125,40,33,129
129,40,33,129
130,40,33,129
132,41,33,129
132,39,33,129
135,38,33,129
137,36,33,129
134,35,33,129
130,37,33,129
119,35,33,129
107,35,33,129
101,35,33,129
NaN,NaN,NaN,-2
NaN,NaN,NaN,0
NaN,NaN,NaN,0
NaN,NaN,NaN,0
NaN,NaN,NaN,0
NaN,NaN,NaN,-1
132,53,48,121
135,53,48,121
136,55,48,121
138,57,48,121
137,57,48,121
136,57,48,121
131,57,48,121
131,57,48,121
133,57,48,121
120,55,48,121
117,56,48,121
104,57,48,121
103,56,48,121
97,55,48,121
94,57,48,121
85,55,48,121
71,57,48,121
78,57,48,121
92,57,48,121
106,57,48,121
120,57,48,121
132,57,48,121
122,57,48,121
121,57,48,121
114,57,48,121
100,57,48,121
NaN,NaN,NaN,-2
NaN,NaN,NaN,0
NaN,NaN,NaN,0
NaN,NaN,NaN,0
NaN,NaN,NaN,0
NaN,NaN,NaN,-1
131,104,84,67
125,101,84,67
122,96,84,67
119,92,84,67
107,92,84,67
96,86,84,67
91,82,84,67
77,80,84,67
80,78,84,67
70,76,84,67
83,75,84,67
93,75,84,67
98,75,84,67
97,75,84,67
95,75,84,67
92,75,84,67
92,75,84,67
89,75,84,67
86,74,84,67
NaN,NaN,NaN,-2
NaN,NaN,NaN,0
NaN,NaN,NaN,0
NaN,NaN,NaN,0
NaN,NaN,NaN,0
NaN,NaN,NaN,-1
160,73,61,45
158,73,61,45
159,77,61,45
159,79,61,45
158,81,61,45
158,82,61,45
158,80,61,45
157,86,61,45
157,85,61,45
156,81,61,45
156,82,61,45
156,79,61,45
158,80,61,45
160,80,61,45
161,81,61,45
162,81,61,45
165,81,61,45
166,81,61,45
167,81,61,45
167,80,61,45
167,80,61,45
166,82,61,45
163,81,61,45
163,81,61,45
161,83,61,45
159,83,61,45
158,83,61,45
