NaN,NaN,NaN,-1
150,18,33,129
149,15,33,129
147,15,33,129
146,16,33,129
145,16,33,129
144,17,33,129
143,17,33,129
142,18,33,129
142,18,33,129
141,19,33,129
141,19,33,129
140,20,33,129
140,21,33,129
139,21,33,129
138,22,33,129
138,22,33,129
138,22,33,129
138,21,33,129
139,20,33,129
139,20,33,129
139,19,33,129
140,19,33,129
140,19,33,129
141,19,33,129
141,20,33,129
141,20,33,129
142,20,33,129
142,20,33,129
142,20,33,129
143,21,33,129
143,22,33,129
143,22,33,129
143,22,33,129
142,23,33,129
142,23,33,129
141,24,33,129
140,24,33,129
140,24,33,129
139,24,33,129
139,24,33,129
139,24,33,129
138,24,33,129
138,24,33,129
138,24,33,129
139,25,33,129
139,25,33,129
139,26,33,129
139,26,33,129
139,27,33,129
139,27,33,129
138,27,33,129
138,27,33,129
138,27,33,129
138,27,33,129
137,27,33,129
137,27,33,129
137,27,33,129
138,26,33,129
138,26,33,129
139,25,33,129
140,25,33,129
140,25,33,129
140,25,33,129
140,26,33,129
141,26,33,129
141,26,33,129
141,26,33,129
141,26,33,129
141,26,33,129
141,27,33,129
141,28,33,129
139,29,33,129
138,29,33,129
137,29,33,129
134,29,33,129
129,28,33,129
126,28,33,129
121,25,33,129
116,22,33,129
113,21,33,129
108,18,33,129
105,15,33,129
104,14,33,129
103,10,33,129
101,7,33,129
101,6,33,129
100,5,33,129
94,6,33,129
108,4,33,129
115,1,33,129
119,1,33,129
120,1,33,129
126,1,33,129
130,1,33,129
130,2,33,129
129,5,33,129
122,5,33,129
118,3,33,129
109,1,33,129
102,4,33,129
96,2,33,129
88,2,33,129
NaN,NaN,NaN,-2
NaN,NaN,NaN,0
NaN,NaN,NaN,0
NaN,NaN,NaN,0
NaN,NaN,NaN,0
NaN,NaN,NaN,-1
129,55,51,107
129,55,51,107
134,54,51,107
130,54,51,107
128,53,51,107
114,50,51,107
121,50,51,107
110,50,51,107
101,52,51,107
107,52,51,107
113,52,51,107
110,54,51,107
108,55,51,107
105,55,51,107
100,55,51,107
102,55,51,107
103,55,51,107
108,54,51,107
113,54,51,107
113,54,51,107
115,54,51,107
118,54,51,107
119,55,51,107
114,56,51,107
112,58,51,107
111,59,51,107
105,53,51,107
100,52,51,107
98,51,51,107
90,47,51,107
77,43,51,107
79,35,51,107
66,41,51,107
60,40,51,107
NaN,NaN,NaN,-2
NaN,NaN,NaN,0
NaN,NaN,NaN,0
NaN,NaN,NaN,0
NaN,NaN,NaN,0
NaN,NaN,NaN,-1
139,42,72,95
132,44,72,95
121,45,72,95
116,46,72,95
105,46,72,95
94,46,72,95
87,45,72,95
NaN,NaN,NaN,-2
NaN,NaN,NaN,0
NaN,NaN,NaN,0
NaN,NaN,NaN,0
NaN,NaN,NaN,0
NaN,NaN,NaN,-1
117,74,65,99
116,75,65,99
102,79,65,99
101,79,65,99
87,79,65,99
78,79,65,99
76,79,65,99
62,79,65,99
NaN,NaN,NaN,-2
NaN,NaN,NaN,0
NaN,NaN,NaN,0
NaN,NaN,NaN,0
NaN,NaN,NaN,0
NaN,NaN,NaN,-1
170,56,37,53
169,57,37,53
155,55,37,53
141,50,37,53
127,46,37,53
129,45,37,53
128,44,37,53
NaN,NaN,NaN,-2
NaN,NaN,NaN,0
NaN,NaN,NaN,0
NaN,NaN,NaN,0
NaN,NaN,NaN,0
NaN,NaN,NaN,-1
173,57,31,69
173,56,31,69
173,57,31,69
174,56,31,69
175,54,31,69
176,54,31,69
177,54,31,69
179,54,31,69
179,54,31,69
180,53,31,69
181,54,31,69
181,54,31,69
180,57,31,69
177,57,31,69
179,56,31,69
177,57,31,69
175,58,31,69
174,59,31,69
