NaN,NaN,NaN,-1
126.71,109.37,88,103
126.83,108.27,88,103
126.71,107.74,88,103
126.82,106.48,88,103
126.43,107.22,88,103
126.22,106.94,88,103
125.23,107.09,88,103
125.02,106.93,88,103
124.47,107.09,88,103
124.56,108.92,88,103
123.97,107.34,88,103
122.95,107.79,88,103
121.69,108.12,88,103
120.31,108.42,88,103
117.56,110.07,88,103
114.76,111.31,88,103
112.23,112.07,88,103
108.77,112.99,88,103
106.11,111.74,88,103
102.81,111.28,88,103
101.71,110.89,88,103
99.533,109.25,88,103
99.523,105.8,88,103
98.933,105.05,88,103
99.138,103.22,88,103
99.058,99.886,88,103
98.388,97.953,88,103
99.32,95.349,88,103
99.212,93.277,88,103
98.525,89.531,88,103
99.273,86.875,88,103
98.931,85.823,88,103
98.339,86.199,88,103
98.626,85.438,88,103
99,86.547,88,103
100.57,85.952,88,103
100.94,85.51,88,103
102.2,85.099,88,103
102.81,85.416,88,103
103.97,85.693,88,103
105.76,84.883,88,103
108.03,85.254,88,103
109.84,85.289,88,103
111.72,85.387,88,103
114.18,85.467,88,103
117.02,85.374,88,103
118.88,85.496,88,103
120.59,85.351,88,103
122.44,86.443,88,103
124.36,86.733,88,103
127.99,86.884,88,103
128.45,88.626,88,103
130.46,90.351,88,103
132.18,91.134,88,103
134.74,93.137,88,103
135.2,95.227,88,103
136.25,96.036,88,103
138.32,98.534,88,103
136.9,101.52,88,103
137.3,104.42,88,103
138.72,107.87,88,103
139.23,109.86,88,103
139.58,111.32,88,103
139.94,112.14,88,103
140.58,113.39,88,103
140.89,114.2,88,103
141.39,115.28,88,103
141.83,116.6,88,103
141.88,116.02,88,103
140.98,116.57,88,103
141.9,114.91,88,103
142.71,114.12,88,103
142.33,114.41,88,103
141.98,114.69,88,103
141.15,116.83,88,103
140.68,117.23,88,103
139.91,116.19,88,103
140.25,113.35,88,103
139.34,114.6,88,103
138.9,110.55,88,103
138.18,108.21,88,103
137.61,102.63,88,103
139.03,96.235,88,103
139.14,93.249,88,103
140.11,94.075,88,103
141.61,91.685,88,103
140.6,89.068,88,103
138.22,87.072,88,103
139.71,97.344,88,103
139.23,95.918,88,103
137.99,98.864,88,103
136.15,102.71,88,103
135.01,104.88,88,103
134.16,106.6,88,103
132.92,109.13,88,103
132.66,110.12,88,103
132.32,113,88,103
131.74,109.95,88,103
131.1,114.86,88,103
130.75,115.13,88,103
131.1,114.79,88,103
128.43,110.81,88,103
127.85,116.49,88,103
127.96,115.8,88,103
128.92,115.17,88,103
128.79,116.07,88,103
128.7,117.89,88,103
128.8,118.72,88,103
127.08,116.85,88,103
127.85,117.67,88,103
128.11,119.81,88,103
127.55,118.6,88,103
127.7,114.52,88,103
126.86,117.52,88,103
127.35,118.95,88,103
127.53,117.81,88,103
126.51,116.81,88,103
126.56,116.91,88,103
125.28,117.71,88,103
125.77,114.69,88,103
126.97,116.47,88,103
126.46,115.74,88,103
128.72,117.54,88,103
126.75,116.51,88,103
127.01,115.88,88,103
127.48,116.09,88,103
127.58,115.33,88,103
127.51,113.09,88,103
126.84,115.67,88,103
127.52,114,88,103
127.73,114.02,88,103
125.52,115.36,88,103
124.84,113.15,88,103
125.42,112.72,88,103
125.34,114.1,88,103
127.72,111.23,88,103
125.9,109.77,88,103
125.88,108.45,88,103
124.05,105.19,88,103
122.37,104.96,88,103
120.13,105.71,88,103
119.4,107.78,88,103
118.5,109.13,88,103
117.64,110.94,88,103
116.18,114.31,88,103
113.57,123.79,88,103
115.06,118.21,88,103
114.71,116.69,88,103
114.51,114.42,88,103
113.52,114.28,88,103
112.36,115.02,88,103
112.38,114.9,88,103
111.65,114.31,88,103
111.33,113.63,88,103
111.29,113.73,88,103
110.81,113.29,88,103
110.96,112.8,88,103
110.99,112.92,88,103
110.74,112.59,88,103
110.13,113.29,88,103
109.94,114.58,88,103
110.05,114.46,88,103
110.07,114.03,88,103
110.65,114.61,88,103
111.25,112.94,88,103
111.9,114.29,88,103
112.22,114.93,88,103
112.92,111.34,88,103
111.75,110.46,88,103
108.69,108.73,88,103
108.03,106.77,88,103
106.32,110.65,88,103
104.23,116.62,88,103
104.18,117.18,88,103
103.48,117.67,88,103
103.68,117.8,88,103
102.86,119.85,88,103
101.75,121.33,88,103
101.34,122.75,88,103
101.56,123.98,88,103
101.37,125.87,88,103
101.91,124.36,88,103
101.93,122.47,88,103
101.38,124.42,88,103
101.94,125.45,88,103
101.71,125.31,88,103
101.8,126.05,88,103
101.87,127.43,88,103
101.51,131.39,88,103
101.65,131.14,88,103
101.68,130.63,88,103
102.49,131.3,88,103
102.42,130.72,88,103
102.07,130.09,88,103
102.38,130.09,88,103
102.18,129.86,88,103
101.97,131.1,88,103
101.78,131.02,88,103
102.67,131.31,88,103
102.33,133.13,88,103
102.17,133.14,88,103
101.96,133.63,88,103
102.23,133.63,88,103
102.52,129.42,88,103
102.31,128.25,88,103
101.74,130.51,88,103
101.51,130.33,88,103
101.39,130.96,88,103
100.45,135.33,88,103
100.21,130.96,88,103
100.39,131.71,88,103
100.4,134.66,88,103
100.03,135.1,88,103
100.2,135.7,88,103
100.34,136.83,88,103
100.78,136.56,88,103
100.1,134.97,88,103
100.28,131.8,88,103
100.59,132.61,88,103
100.68,128.67,88,103
100.77,126.58,88,103
99.609,125.97,88,103
99.68,124.46,88,103
100.98,119.76,88,103
101.29,114.67,88,103
101.42,114.72,88,103
103.38,109.48,88,103
105.34,103.6,88,103
108.77,94.417,88,103
109.52,92.609,88,103
112.35,89.652,88,103
113.89,88.131,88,103
114.62,88.476,88,103
113.97,88.365,88,103
113.55,90.126,88,103
113.24,95.916,88,103
112.81,96.408,88,103
113.96,96.108,88,103
114.8,95.339,88,103
114.61,95.943,88,103
114.8,96.333,88,103
115.18,96.84,88,103
115.98,96.843,88,103
116.48,98.148,88,103
116.06,101.19,88,103
117.2,101.58,88,103
118.09,101.97,88,103
118.81,102.83,88,103
119.17,104.58,88,103
118.66,105.1,88,103
119.16,105.56,88,103
119.71,107.14,88,103
120.32,107.85,88,103
120.42,108.11,88,103
120.07,107.56,88,103
119.76,108.61,88,103
118.88,109.85,88,103
118.48,110.64,88,103
118.49,111.2,88,103
118.34,112.47,88,103
117.81,113.61,88,103
117.46,114.22,88,103
117.74,114.22,88,103
117.36,115.1,88,103
118.05,115.06,88,103
118.09,114.58,88,103
117.9,114.76,88,103
117.93,114.71,88,103
117.15,114.77,88,103
116.95,117.06,88,103
117.1,114.09,88,103
117.13,111.64,88,103
116.24,108.82,88,103
117.03,107.12,88,103
116.43,105.63,88,103
116.11,104.46,88,103
115.51,103.97,88,103
113.18,102.72,88,103
113.12,103.07,88,103
112.18,103.97,88,103
111.89,103.48,88,103
110.61,103.38,88,103
110.59,103.21,88,103
109.57,104.44,88,103
109.25,104.99,88,103
108.51,104.18,88,103
107.74,104.55,88,103
107.4,104.16,88,103
107.69,103.17,88,103
107.12,103.21,88,103
107.02,103.53,88,103
107.02,103.24,88,103
106.33,103.88,88,103
106.82,103.6,88,103
105.9,103.95,88,103
105.22,103.47,88,103
105.22,103.33,88,103
105.81,103.3,88,103
106.33,102.8,88,103
104.06,103.73,88,103
103.84,103.28,88,103
103.3,104.31,88,103
105.02,102.78,88,103
104.89,104,88,103
104.8,104.01,88,103
104.04,104.45,88,103
103.95,103.61,88,103
103.96,103.21,88,103
104.68,103.58,88,103
104.64,103.16,88,103
104.83,103.59,88,103
104.53,105.37,88,103
105.4,105.16,88,103
106.24,105.96,88,103
106.17,106.9,88,103
105.36,108.07,88,103
107.77,107.53,88,103
106.88,108.33,88,103
106.94,109.63,88,103
106.81,112.5,88,103
107.29,114.99,88,103
106.62,119.01,88,103
106.37,119.07,88,103
105.91,117.95,88,103
106.05,117.33,88,103
104.94,118.39,88,103
103.84,118.18,88,103
103.81,117.88,88,103
103.82,115.6,88,103
102.8,114.61,88,103
101.66,115.27,88,103
100.29,118.1,88,103
99.269,116.78,88,103
99.338,115.7,88,103
98.71,116.37,88,103
97.895,116.47,88,103
97.313,116.19,88,103
97.137,114.37,88,103
95.901,114.07,88,103
94.051,114.08,88,103
92.839,115.19,88,103
90.742,115.51,88,103
89.07,115.79,88,103
86.458,116.03,88,103
83.752,115.88,88,103
81.32,114.72,88,103
79.814,111.59,88,103
78.326,106.28,88,103
78.64,101.22,88,103
78.966,98.079,88,103
75.506,93.187,88,103
76.865,92.445,88,103
81.183,97.9,88,103
82.165,93.331,88,103
86.411,106.41,88,103
85.381,105.47,88,103
86.109,104.95,88,103
85.634,103.34,88,103
85.783,103.34,88,103
85.057,106.66,88,103
84.504,106.94,88,103
85.151,104.71,88,103
83.275,107.42,88,103
84.071,111.59,88,103
85.368,111.62,88,103
87.335,111.34,88,103
87.031,111.28,88,103
88.846,111.41,88,103
89.045,115.95,88,103
91.381,114.04,88,103
90.43,114.16,88,103
91.561,115.11,88,103
93.406,113.94,88,103
92.443,113.58,88,103
92.956,114.34,88,103
94.004,113.22,88,103
94.055,117.04,88,103
95.007,112.24,88,103
96.806,107.87,88,103
97.226,108.49,88,103
97.657,108.8,88,103
99.064,110.73,88,103
99.253,109.18,88,103
99.93,107.8,88,103
100.26,109.21,88,103
100.88,107.37,88,103
101.8,106.65,88,103
102.28,107.43,88,103
102.47,106.94,88,103
103.66,106.75,88,103
103.79,104.78,88,103
103.76,102.96,88,103
104.56,103.39,88,103
104.7,101.71,88,103
106.65,102.76,88,103
105.29,103.5,88,103
106.07,102.59,88,103
106.91,100.11,88,103
106.3,98.179,88,103
107.03,98.424,88,103
108.03,97.945,88,103
107.66,98.531,88,103
107.28,98.29,88,103
107.01,96.143,88,103
106.42,97.056,88,103
105.86,98.209,88,103
105.75,101,88,103
105.24,103.86,88,103
104.31,107.55,88,103
104.27,109.84,88,103
103.25,109.1,88,103
103.65,108.7,88,103
103.38,108.31,88,103
103,109.35,88,103
