NaN,NaN,NaN,-1
152,55,84,100
149,58,87,100
146,58,85,100
142,59,86,99
139,56,84,98
135,56,85,96
134,51,84,97
134,49,85,96
133,46,85,97
129,46,85,98
124,44,85,98
120,45,86,96
117,44,85,98
111,42,85,96
108,43,85,97
108,43,86,100
106,43,88,100
110,45,88,100
111,46,86,100
116,47,87,99
115,48,86,100
115,51,86,99
117,51,86,100
117,51,86,100
118,55,87,100
117,52,87,100
120,51,86,100
120,49,87,98
124,46,86,98
127,45,84,98
128,44,86,96
129,41,87,97
133,39,85,96
135,39,85,96
140,41,88,98
142,41,86,99
140,38,88,97
141,34,86,98
135,32,88,100
133,30,88,98
133,30,86,100
130,33,85,98
128,35,85,97
123,34,85,97
121,34,85,99
117,33,85,98
115,37,86,100
113,38,84,97
112,38,84,99
107,32,88,98
111,30,86,97
113,28,88,99
114,28,88,98
119,30,87,100
121,35,87,99
124,40,88,100
126,42,88,100
130,46,86,99
133,45,88,100
137,43,88,98
140,40,88,98
143,38,88,100
141,37,88,96
142,32,86,98
144,32,87,96
146,38,87,97
140,36,87,97
141,41,86,96
139,41,86,97
138,41,86,97
136,38,88,97
135,34,88,97
136,34,86,96
137,39,86,97
138,42,84,97
134,42,86,97
135,44,84,97
133,42,85,96
133,46,87,96
133,44,84,96
130,40,84,97
124,38,85,97
125,37,84,97
126,36,85,97
124,39,84,99
123,43,85,96
123,46,85,100
124,49,85,98
126,52,85,97
129,56,85,96
129,46,85,97
126,40,88,97
129,37,86,97
127,32,88,96
131,31,88,99
135,33,87,97
137,30,85,97
139,33,88,96
142,30,88,97
145,31,88,96
149,34,88,97
151,31,88,97
150,31,88,96
149,30,86,97
148,27,84,96
148,29,84,97
146,32,85,97
143,35,85,98
141,36,85,96
137,38,85,98
136,38,85,98
134,38,84,98
128,38,85,97
127,37,87,97
129,36,84,97
127,34,85,96
128,35,84,97
127,35,87,97
130,36,85,97
130,39,85,96
132,38,85,97
136,37,85,97
135,33,86,96
137,30,86,97
136,26,88,99
138,23,88,96
141,22,88,98
145,21,88,97
147,19,86,97
151,21,86,97
153,23,86,97
155,22,87,96
154,20,88,96
153,21,88,97
149,19,88,97
149,18,88,97
149,15,86,96
145,12,88,97
144,11,88,96
142,12,88,96
138,10,86,97
139,12,86,96
137,13,85,97
137,17,86,96
132,17,86,96
127,16,86,97
125,15,87,97
118,9,87,97
118,9,88,97
120,7,86,96
118,5,87,97
119,7,88,96
122,9,88,96
123,11,87,97
126,14,86,97
126,17,88,97
130,16,86,97
130,14,88,97
133,13,86,97
133,9,88,97
128,2,86,97
126,0,88,96
129,0,86,96
132,0,87,97
131,0,88,97
133,0,88,97
135,4,86,97
137,8,84,97
135,11,86,97
137,13,85,97
140,13,85,97
143,12,84,97
142,9,85,97
142,7,86,96
141,4,84,96
138,2,86,97
141,3,85,97
140,4,84,97
143,9,85,97
144,10,85,97
141,11,84,96
142,15,84,96
138,15,85,97
134,14,85,97
133,17,84,96
130,20,85,97
123,13,85,97
120,13,84,97
115,14,86,97
109,11,85,96
103,12,86,96
107,15,84,97
107,16,85,97
110,15,87,96
113,12,87,97
111,11,88,97
114,8,86,97
113,4,86,97
118,4,88,97
120,4,88,97
122,7,88,97
126,8,87,98
128,9,86,97
131,9,86,96
134,13,88,98
136,14,86,96
139,14,88,96
144,17,86,96
147,18,88,96
148,20,88,96
150,20,88,96
154,20,87,97
152,18,88,97
150,16,88,96
150,15,88,97
151,15,85,97
149,16,85,96
146,17,84,96
142,13,85,97
141,12,85,96
138,11,85,97
138,11,85,97
139,14,85,97
136,15,87,97
137,15,88,96
145,17,86,97
144,17,88,96
146,16,88,96
145,17,88,97
150,16,88,96
153,14,88,97
153,15,87,97
156,18,88,96
158,18,88,96
162,21,86,97
160,24,88,97
159,26,86,97
156,26,85,97
155,28,86,96
154,29,87,96
153,29,88,97
155,29,87,96
157,29,86,96
156,28,88,96
157,29,88,96
160,30,88,96
159,33,88,96
162,31,88,96
161,32,86,96
160,31,88,96
157,28,86,97
152,23,88,97
154,20,87,96
155,18,86,97
151,15,86,96
152,11,88,97
155,9,88,97
153,9,88,97
156,12,88,96
155,17,85,96
154,20,86,97
155,25,85,98
158,26,87,97
159,23,86,97
157,16,85,97
154,12,88,97
158,11,87,97
158,8,86,97
157,6,86,97
158,5,88,97
160,7,86,97
155,9,88,97
158,13,87,97
161,13,86,97
155,13,88,96
151,11,87,96
149,10,87,97
141,8,86,96
135,3,88,97
132,1,86,96
124,0,88,97
119,0,88,96
120,0,86,97
116,2,86,97
117,7,87,97
120,12,84,97
117,13,87,97
118,12,86,96
123,13,87,96
124,13,86,97
126,10,87,96
128,9,87,96
130,10,87,97
132,10,87,97
130,6,86,97
124,5,87,96
125,3,86,97
120,4,86,97
114,3,86,97
105,0,85,97
98,0,86,97
95,0,88,96
84,0,88,97
73,0,85,96
62,0,85,97
53,0,85,98
56,0,85,96
60,1,85,96
63,1,84,97
62,3,85,96
58,6,85,97
50,5,84,97
44,5,84,97
35,4,85,97
28,3,85,97
22,3,85,96
23,7,84,97
26,8,85,97
28,11,85,97
30,15,85,97
32,19,85,98
36,27,84,96
40,28,85,97
44,25,85,98
42,24,84,100
45,25,85,100
44,24,87,96
33,24,88,96
43,26,88,98
41,23,86,100
44,27,88,97
42,24,88,97
42,19,86,98
NaN,NaN,NaN,-2
NaN,NaN,NaN,0
NaN,NaN,NaN,0
NaN,NaN,NaN,0
NaN,NaN,NaN,0
NaN,NaN,NaN,-1
131,14,93,120
130,12,96,119
129,19,95,119
129,16,95,119
132,20,93,119
130,19,93,119
131,20,93,120
131,16,93,119
133,17,93,121
133,14,96,120
135,10,96,119
139,12,97,123
143,12,97,123
146,14,97,121
146,18,95,119
146,22,95,122
143,22,94,122
144,25,93,121
138,24,94,120
131,20,96,123
135,19,96,119
140,18,96,119
143,21,96,122
144,21,95,122
144,25,94,119
137,22,97,121
135,23,93,121
129,21,93,119
121,18,93,121
118,16,95,122
112,16,93,121
106,9,93,121
108,13,95,119
110,15,94,121
109,15,94,119
109,18,95,119
111,17,93,119
110,20,93,122
106,21,93,122
106,19,93,121
100,17,94,121
104,15,95,121
107,13,97,121
111,13,96,122
115,14,96,119
118,15,97,120
123,12,94,121
125,13,96,123
129,12,97,121
133,10,97,119
135,9,95,120
139,12,97,119
142,11,96,122
146,10,97,123
147,8,95,121
146,5,95,121
148,5,93,119
151,11,93,122
149,11,93,121
146,13,93,121
141,11,93,121
136,10,93,122
131,12,95,120
129,13,93,121
132,11,93,120
134,10,94,119
136,11,94,119
135,13,95,119
137,17,96,119
138,14,96,119
139,17,96,119
142,18,94,119
144,23,95,120
148,23,94,120
150,22,93,120
148,20,93,122
151,23,93,123
152,17,95,120
153,28,94,122
152,24,93,121
149,29,93,120
145,30,95,122
142,31,95,122
140,30,93,122
140,32,93,122
134,30,93,122
129,23,93,121
129,24,93,122
120,16,93,120
121,15,93,120
119,12,93,123
115,14,93,120
116,16,93,120
113,19,93,122
113,21,93,122
112,26,93,122
110,23,93,122
108,26,95,122
107,31,93,123
115,31,93,123
117,33,95,123
122,33,94,123
126,34,95,122
129,34,94,123
133,34,93,123
134,36,93,123
136,36,93,122
139,34,93,122
141,35,93,122
142,34,93,121
137,27,93,121
132,19,93,122
136,22,93,119
136,25,93,119
132,20,93,119
132,26,93,119
136,26,93,119
140,28,95,120
143,25,94,119
144,28,93,121
150,28,93,120
152,30,93,121
151,29,93,119
152,31,93,119
151,32,93,119
145,30,93,121
144,32,93,119
139,30,93,121
136,29,93,121
133,29,93,121
129,28,93,121
129,31,93,122
124,29,93,122
121,29,93,122
117,29,93,123
118,31,93,122
120,34,93,123
118,35,93,119
122,36,93,120
124,36,93,119
126,36,93,119
124,38,93,119
125,39,93,120
122,39,93,122
120,38,93,119
121,38,93,121
121,34,93,119
124,35,93,120
124,30,93,123
125,34,93,121
128,32,93,121
128,32,93,121
128,33,93,120
123,28,93,120
124,25,93,120
122,26,93,121
119,22,93,121
117,27,93,120
115,27,93,121
114,26,93,123
117,25,93,121
121,27,93,119
124,25,94,120
127,23,93,120
128,17,96,120
132,21,97,122
135,21,96,121
140,21,95,123
141,18,94,121
145,17,94,119
146,13,93,123
149,13,93,120
150,9,95,120
149,6,95,122
148,5,93,122
137,6,97,122
135,9,96,122
131,10,96,122
121,6,96,123
110,5,94,122
110,7,96,119
101,4,96,123
97,0,97,119
96,3,96,119
99,8,97,120
100,9,96,119
105,10,96,121
106,8,96,121
109,11,96,123
113,14,94,119
115,16,96,120
115,15,96,119
117,17,97,122
121,15,96,122
115,10,93,121
117,8,95,119
119,10,93,121
119,8,96,122
118,9,93,123
119,11,96,122
113,6,93,123
114,4,93,122
113,2,96,119
106,0,95,119
106,0,94,121
105,0,93,121
107,0,97,121
100,0,96,119
97,0,96,119
102,3,96,122
102,4,96,122
99,3,96,121
100,4,96,121
100,4,96,121
104,2,96,121
103,9,96,121
106,11,97,123
108,14,97,121
107,16,97,120
109,18,96,122
108,17,96,121
109,16,97,122
110,13,94,123
112,12,97,119
114,10,96,123
117,10,96,122
116,13,96,123
117,17,97,123
115,16,96,120
115,18,96,123
113,21,96,121
114,18,97,123
119,18,97,122
122,17,97,121
120,14,96,122
117,16,96,122
115,13,96,120
110,12,97,120
101,8,94,122
100,11,97,122
91,5,96,123
84,7,95,123
89,9,96,122
90,8,97,123
88,3,96,121
94,3,96,122
95,3,96,119
99,5,97,123
101,9,96,121
104,8,97,121
109,8,97,121
110,13,96,122
110,8,96,119
108,10,93,123
111,15,95,123
114,8,96,122
116,8,95,122
115,14,93,122
114,6,95,122
117,7,94,122
112,9,95,122
110,9,93,122
108,13,97,122
113,10,96,122
109,17,95,122
115,9,96,123
114,6,96,122
109,1,96,120
115,3,96,122
115,4,96,123
110,2,96,122
114,6,97,122
117,6,96,122
112,8,96,122
113,9,97,123
116,9,96,122
116,13,96,123
116,19,96,122
118,21,96,122
118,20,97,122
123,23,97,121
120,27,97,122
119,24,96,122
117,26,96,122
114,26,97,122
116,23,96,122
120,22,96,123
122,21,96,122
122,22,96,122
129,26,96,120
129,28,97,122
131,28,96,123
133,25,97,121
134,24,96,120
133,23,96,119
132,19,96,119
127,15,96,122
126,11,97,120
121,14,94,122
118,15,96,122
116,16,96,123
111,18,94,122
109,19,96,122
105,19,96,123
102,20,96,122
97,17,96,122
95,14,97,122
96,13,96,120
97,15,96,123
100,17,96,120
103,20,96,122
107,23,96,121
110,27,95,120
111,30,96,123
114,33,96,120
116,34,96,122
121,30,95,122
123,37,96,121
127,38,96,123
130,41,96,123
132,44,97,122
137,45,96,122
137,49,96,122
138,49,96,122
142,50,96,122
145,48,93,122
142,49,93,123
142,45,93,122
144,46,93,122
142,44,93,123
140,48,94,123
142,53,93,122
135,51,95,121
133,51,94,122
131,48,96,122
130,51,97,122
129,48,97,123
130,47,96,122
128,41,96,122
134,42,96,121
136,41,97,122
140,46,96,122
141,44,96,122
144,46,96,122
144,46,96,122
146,46,97,123
141,43,96,122
138,44,95,122
136,43,96,123
136,49,95,123
137,52,95,122
136,54,95,122
130,51,94,122
130,52,93,122
131,58,94,122
130,59,93,121
127,60,93,122
130,60,95,122
129,62,93,122
126,59,93,122
127,55,93,122
125,58,93,122
122,58,94,123
118,56,93,122
117,59,93,123
115,63,94,123
116,67,93,120
116,68,97,122
124,66,96,123
127,67,96,120
129,64,96,120
131,60,95,119
125,48,95,121
129,47,93,121
133,49,94,120
137,48,94,121
140,46,95,119
143,46,95,122
146,46,96,119
150,45,96,122
151,44,94,121
154,43,93,123
148,33,96,121
144,26,96,121
146,23,97,121
143,17,95,120
141,18,97,121
141,20,96,121
139,23,97,122
138,25,96,119
133,22,94,119
130,19,95,122
128,18,97,121
125,18,96,119
123,18,95,120
122,18,94,119
122,17,95,119
119,18,94,119
120,21,95,120
121,21,94,119
124,21,95,119
128,22,95,119
131,23,95,119
136,21,95,122
137,23,96,119
141,22,95,121
142,19,96,119
145,21,93,119
145,23,93,121
145,27,95,122
142,27,93,121
142,31,93,121
138,32,95,119
139,34,93,120
134,35,94,120
129,33,94,121
127,30,94,119
123,27,95,119
121,30,95,119
118,30,93,122
116,33,94,119
115,30,95,119
112,27,95,119
113,28,93,119
113,27,95,119
112,27,95,119
114,29,93,119
115,28,93,121
111,30,95,119
111,27,94,120
