NaN,NaN,NaN,-1
153,61,88,103
152,64,89,101
150,65,87,101
144,64,89,100
141,62,86,102
138,60,86,102
135,55,87,100
134,51,87,100
131,46,90,100
125,43,90,103
119,43,88,104
120,45,86,102
114,44,87,102
111,43,87,100
103,38,88,104
107,43,88,104
109,42,90,104
112,43,90,104
104,46,88,101
115,44,90,104
116,43,88,104
114,43,89,104
118,45,87,104
117,46,88,104
118,48,89,104
115,46,88,104
118,46,90,103
116,47,90,104
120,45,90,101
123,45,89,100
127,45,89,100
126,39,89,101
130,37,87,100
132,37,87,100
135,38,90,102
139,39,88,102
136,36,89,101
135,32,88,104
130,29,90,104
129,26,90,102
126,25,88,104
129,30,86,104
125,34,88,102
118,29,86,104
115,27,87,102
114,28,87,104
113,33,88,104
109,29,87,102
111,30,86,104
108,25,89,104
110,22,88,102
113,21,90,103
116,22,89,103
119,23,89,104
120,29,86,102
124,33,90,104
125,37,86,104
129,40,88,103
132,39,90,104
135,37,90,102
135,32,88,102
137,31,90,104
134,28,90,103
137,26,88,102
140,26,88,101
138,29,88,102
134,27,90,103
133,32,88,100
133,33,90,103
136,32,88,104
130,28,89,102
135,27,90,103
133,27,88,100
134,33,88,102
133,35,86,102
131,36,87,100
133,39,87,100
133,34,87,103
132,41,87,103
132,39,86,102
128,35,86,101
124,33,86,101
123,31,86,101
126,30,86,100
124,33,86,103
124,37,86,102
124,40,87,104
125,43,87,102
125,45,87,100
128,46,87,104
131,39,87,103
129,34,88,101
127,29,89,102
124,25,90,101
127,23,90,103
129,28,90,102
131,27,90,102
132,29,90,100
135,28,90,101
138,27,90,100
142,30,90,101
144,27,90,101
146,28,90,100
149,25,90,102
150,23,88,101
148,25,87,101
143,28,88,103
142,30,87,102
138,29,87,100
135,31,87,102
133,32,87,102
131,32,86,102
127,31,87,101
124,28,88,100
126,31,87,101
127,29,87,100
126,29,87,101
126,29,89,101
127,30,87,101
129,31,86,101
131,32,87,101
133,32,87,100
132,28,89,101
137,25,90,102
134,22,88,101
136,18,90,100
138,18,90,100
142,16,90,101
143,12,88,101
147,16,88,101
149,17,88,101
151,16,88,101
151,15,90,100
151,15,90,100
149,16,90,100
147,12,90,101
148,10,88,100
145,7,90,101
140,7,90,100
138,6,90,101
133,5,88,101
132,7,88,101
135,9,90,101
133,11,90,101
130,11,90,101
124,11,88,101
124,8,89,101
114,4,89,101
119,3,90,101
121,2,89,100
116,1,88,101
120,0,88,100
122,2,90,101
123,6,90,100
121,11,90,100
125,11,90,100
129,10,88,101
131,9,90,101
129,5,86,101
129,3,90,101
130,0,88,101
122,0,90,100
118,0,90,101
117,0,90,100
119,0,90,101
121,0,90,101
121,0,90,100
126,4,88,101
128,3,89,101
128,8,90,101
133,8,90,103
137,6,90,100
139,5,88,101
140,2,88,100
141,0,89,100
142,0,88,101
143,0,87,100
144,0,87,100
145,3,87,101
145,4,87,101
142,5,86,100
142,9,86,100
139,10,87,101
134,10,87,101
128,10,86,100
125,11,87,101
117,6,86,101
117,9,86,101
115,8,86,101
107,7,87,100
107,7,87,101
106,10,86,101
104,10,89,100
108,9,90,101
112,5,89,101
110,4,90,101
114,3,88,101
111,0,88,101
115,0,90,101
119,2,90,101
120,3,90,101
123,3,90,102
127,4,88,101
131,3,89,101
133,8,90,102
135,8,88,100
138,9,90,100
143,11,88,100
146,12,90,100
147,14,90,100
149,16,90,100
149,14,90,101
155,14,88,100
150,10,90,101
155,10,86,101
151,10,86,100
149,11,87,100
143,9,86,101
144,9,87,101
143,8,87,101
141,8,87,101
142,8,87,101
143,11,87,101
144,14,86,101
147,11,87,101
151,14,88,101
153,14,90,100
153,12,90,101
154,13,90,101
158,11,90,100
161,10,90,101
159,10,90,101
160,10,90,101
163,15,90,100
164,17,89,101
162,19,90,101
161,21,88,101
158,21,87,101
157,23,88,100
156,24,89,100
152,24,89,100
150,23,90,101
153,23,89,101
152,23,90,101
154,24,90,101
157,26,90,100
155,27,86,100
155,27,90,101
157,27,90,101
153,26,88,101
148,24,88,101
146,20,88,100
144,19,90,101
143,15,88,101
139,13,88,100
143,9,89,100
143,8,90,101
144,8,90,101
147,9,90,100
150,13,89,101
146,17,88,101
148,22,88,103
148,23,90,100
154,20,90,100
145,15,90,101
142,16,87,101
139,16,87,101
142,13,86,101
141,10,87,101
139,9,87,101
141,10,88,101
142,11,88,101
145,12,90,101
148,12,90,101
147,11,88,101
146,8,88,100
143,5,88,100
138,4,89,101
126,0,90,101
128,0,88,100
132,0,87,100
133,0,87,101
128,0,87,100
122,0,88,101
124,4,87,101
121,9,87,101
120,10,89,101
120,9,88,101
123,8,88,101
121,9,90,101
123,7,90,100
124,6,90,101
126,5,90,101
130,6,89,101
126,4,88,101
119,2,90,101
121,2,88,101
120,0,90,101
108,0,87,101
103,0,90,101
97,0,90,100
92,0,90,100
105,0,86,101
97,0,90,101
75,0,88,101
59,0,89,103
49,1,88,101
54,0,87,101
49,4,86,101
52,5,87,100
51,3,86,101
41,4,87,101
34,2,87,100
18,4,87,102
20,4,86,100
15,5,87,100
17,8,86,101
20,9,86,101
23,9,87,101
23,14,87,101
26,17,87,102
30,20,87,101
31,24,86,102
38,31,87,100
38,32,87,101
31,38,89,101
28,38,88,101
34,32,90,104
41,33,89,103
42,29,89,103
44,31,90,103
45,27,88,103
46,31,90,101
NaN,NaN,NaN,-2
NaN,NaN,NaN,0
NaN,NaN,NaN,0
NaN,NaN,NaN,0
NaN,NaN,NaN,0
NaN,NaN,NaN,-1
133,21,95,124
132,18,96,124
132,23,97,123
133,20,95,127
134,25,95,123
133,24,95,124
132,26,95,125
133,21,95,127
134,22,95,127
136,18,97,124
139,17,95,125
141,17,99,127
145,16,97,125
146,19,99,126
148,21,95,126
145,22,97,126
145,26,96,126
144,28,95,125
142,28,95,127
134,20,98,127
139,20,95,123
142,18,98,123
146,21,97,124
144,19,95,126
144,20,95,125
139,20,96,124
134,20,95,123
127,17,95,123
124,18,95,124
116,12,96,127
113,16,95,125
103,9,97,124
107,12,97,123
108,13,96,127
109,15,95,125
107,17,96,126
111,17,95,124
110,20,95,126
106,21,95,126
104,20,95,127
98,18,98,126
103,15,97,126
104,15,99,126
108,14,98,126
112,16,99,125
115,17,99,124
120,14,96,125
121,15,98,127
125,15,99,124
129,14,98,125
131,15,98,125
135,17,99,123
138,16,98,126
142,15,99,127
144,13,96,124
146,10,99,125
145,7,96,123
150,11,95,123
149,14,95,125
145,15,95,125
142,13,95,123
135,11,95,126
130,13,97,124
129,12,95,125
133,9,95,124
134,7,96,126
135,7,99,125
137,9,97,123
136,13,98,123
137,12,96,123
137,13,98,123
140,17,96,123
141,20,96,125
146,22,97,124
148,21,95,124
148,22,95,127
151,24,98,126
152,17,99,125
153,29,96,126
152,23,95,126
150,28,95,124
145,26,95,124
143,27,97,126
143,28,95,127
139,29,95,126
134,27,95,126
130,20,95,127
127,22,95,126
121,14,95,125
120,13,95,124
118,10,95,127
116,12,95,126
115,15,97,126
112,18,95,126
112,20,95,126
111,24,95,126
109,24,97,127
110,27,95,124
107,30,95,127
114,29,95,127
117,31,97,127
122,32,96,127
126,32,97,126
129,33,96,127
133,33,95,127
134,34,95,127
136,34,95,126
138,31,96,125
140,31,95,126
141,31,95,125
136,24,95,125
132,19,95,124
136,19,95,123
138,23,95,123
134,18,95,123
133,24,95,123
137,25,95,123
139,25,97,123
143,22,96,123
144,25,95,125
150,25,95,124
152,27,95,125
151,26,95,123
152,28,95,123
151,29,95,123
144,27,95,125
145,30,95,123
140,29,95,125
138,28,95,125
134,26,95,125
131,24,95,126
128,25,95,126
126,30,95,125
121,28,97,126
120,29,95,123
118,29,95,126
116,32,96,126
117,35,95,126
119,35,95,124
121,35,95,123
124,35,95,123
122,37,95,123
123,33,95,126
120,35,95,126
118,33,95,125
119,33,95,125
121,28,95,125
122,32,95,124
122,33,95,123
126,33,95,124
127,29,95,125
127,29,95,125
130,30,95,125
123,24,95,124
124,21,95,124
122,22,95,125
117,22,95,126
116,23,95,124
113,24,95,124
114,24,95,127
116,22,95,125
120,26,95,123
123,24,97,123
124,23,95,124
125,17,98,124
129,19,99,126
133,22,96,125
137,20,97,127
140,20,98,125
142,16,97,126
147,16,95,127
146,13,99,126
150,11,97,124
149,10,97,127
148,6,95,123
138,6,98,127
134,8,96,126
129,9,99,126
120,6,98,127
112,3,98,126
110,7,98,123
99,4,98,125
95,0,98,125
95,2,98,124
95,8,98,125
98,6,98,125
100,8,98,126
103,7,98,125
107,11,98,123
112,11,98,125
114,15,98,124
116,12,98,126
117,15,99,126
119,14,98,126
116,17,98,126
117,9,98,124
119,9,95,125
117,8,99,126
116,8,99,126
118,11,98,126
113,13,98,127
113,3,98,126
109,1,99,125
106,0,95,127
103,0,98,123
104,0,95,125
105,0,98,124
102,0,99,123
95,0,98,123
102,2,98,126
102,3,98,126
98,0,99,124
100,1,98,126
99,2,99,125
102,0,98,125
102,6,98,125
105,9,99,127
107,12,99,125
105,14,99,124
107,15,98,126
106,15,98,125
107,14,99,126
109,12,97,125
111,9,99,123
114,7,98,127
115,7,98,126
115,11,98,127
115,15,99,127
112,16,98,124
112,17,98,127
112,20,97,126
111,20,98,126
114,19,98,126
117,17,98,126
114,15,98,126
114,16,98,126
113,16,99,127
105,11,98,127
100,15,98,124
94,8,99,126
87,6,99,127
83,5,98,127
85,7,99,127
87,7,99,127
87,4,98,126
92,2,98,126
93,2,98,123
97,1,98,127
99,7,98,127
102,7,98,123
107,7,99,125
108,11,98,126
107,8,99,127
104,13,95,126
107,16,97,126
109,12,95,127
112,10,97,126
110,14,95,126
108,11,97,127
110,8,96,126
106,9,97,126
104,11,96,126
102,14,99,126
108,11,99,126
105,16,97,126
108,8,98,125
110,4,96,126
108,1,98,125
112,0,98,126
108,4,98,127
108,1,99,127
112,5,99,127
114,7,98,126
109,6,99,126
111,9,99,127
110,8,98,126
109,14,96,127
111,17,98,126
113,20,98,126
113,20,99,126
118,23,99,125
118,27,98,124
117,23,98,126
115,25,98,126
112,22,98,126
112,22,98,126
119,23,99,126
121,22,98,126
121,22,98,126
128,26,98,124
126,24,98,126
128,25,98,127
130,25,98,126
135,25,98,124
136,24,99,125
126,15,99,127
124,13,98,126
123,13,99,126
119,13,98,126
115,13,98,126
114,15,98,127
113,19,96,126
109,19,98,126
107,21,99,126
102,19,98,125
107,19,98,126
96,12,99,126
96,8,99,127
98,15,98,127
101,16,98,127
105,20,98,124
108,22,98,125
110,26,97,124
111,29,98,127
114,32,98,124
117,33,98,126
122,29,97,126
124,36,98,125
127,37,98,127
131,40,98,127
133,43,99,126
138,44,98,126
137,47,98,126
141,48,98,126
146,49,97,126
145,47,95,126
138,47,98,127
141,43,95,126
137,43,99,126
137,42,98,126
137,47,96,127
138,52,95,126
134,51,96,127
132,49,99,127
131,48,98,126
131,51,98,126
131,48,99,126
132,46,98,126
133,42,99,125
138,42,98,125
140,42,99,126
144,47,98,126
146,44,98,126
148,41,99,126
145,43,98,127
142,43,98,126
140,40,98,126
139,41,98,126
136,39,98,127
135,45,97,127
136,48,97,126
137,52,97,126
131,50,97,126
130,52,95,124
131,57,95,125
127,52,95,126
127,58,95,126
128,58,95,127
127,58,95,125
123,57,95,126
123,54,95,126
123,55,95,126
122,54,95,126
116,52,95,126
114,54,97,127
113,59,96,127
115,64,95,124
115,65,99,126
122,63,98,127
125,64,98,124
127,61,98,124
129,57,97,123
123,45,97,125
127,44,95,125
131,45,96,126
135,46,96,125
138,43,97,125
141,44,97,126
144,44,98,123
148,43,98,126
150,43,96,125
152,40,97,123
149,34,98,125
144,26,98,125
146,22,96,126
142,16,97,124
141,17,99,125
140,17,98,125
140,23,99,125
137,23,98,123
132,19,98,125
130,19,96,124
128,18,96,123
124,16,98,125
123,16,96,124
121,17,98,123
122,15,97,123
119,16,98,123
120,19,97,124
122,19,95,123
124,20,97,123
127,20,97,123
131,21,98,123
134,20,98,125
137,21,97,125
140,21,97,125
141,18,98,123
143,20,95,123
144,23,95,126
142,28,97,126
141,27,95,125
139,30,97,126
137,31,96,126
137,33,95,124
132,35,96,124
128,34,96,124
126,30,99,123
119,27,99,125
117,29,97,123
116,31,95,126
112,30,95,127
111,29,97,123
110,27,97,123
111,27,95,123
111,27,97,123
112,26,97,123
114,25,95,125
114,28,97,123
109,28,98,124
110,26,97,125
