NaN,NaN,NaN,-1
327,184,57,54
325,183,57,54
323,182,57,54
322,181,57,54
320,180,57,54
318,179,57,54
317,178,57,54
315,177,57,54
314,175,57,54
312,174,57,54
311,173,57,54
309,172,57,54
308,170,57,54
306,169,57,54
305,168,57,54
304,166,57,54
303,165,57,54
302,163,57,54
301,162,57,54
299,161,57,54
298,159,57,54
297,157,57,54
295,156,57,54
294,154,57,54
293,152,57,54
292,150,57,54
292,148,57,54
291,146,57,54
291,144,57,54
290,142,57,54
290,140,57,54
290,138,57,54
289,136,57,54
289,133,57,54
289,131,57,54
288,129,57,54
288,127,57,54
288,125,57,54
289,123,57,54
289,121,57,54
289,119,57,54
289,117,57,54
289,116,57,54
289,114,57,54
290,113,57,54
290,111,57,54
290,110,57,54
291,108,57,54
291,107,57,54
292,106,57,54
292,106,57,54
292,105,57,54
293,104,57,54
293,103,57,54
294,102,57,54
294,102,57,54
295,101,57,54
295,101,57,54
296,100,57,54
296,100,57,54
296,99,57,54
296,99,57,54
297,98,57,54
297,98,57,54
298,97,57,54
298,97,57,54
299,96,57,54
300,96,57,54
300,95,57,54
301,95,57,54
302,95,57,54
303,94,57,54
304,93,57,54
305,93,57,54
306,93,57,54
307,92,57,54
307,92,57,54
308,92,57,54
309,91,57,54
309,90,57,54
310,89,57,54
310,89,57,54
311,88,57,54
312,87,57,54
313,86,57,54
313,86,57,54
314,85,57,54
314,85,57,54
314,84,57,54
314,84,57,54
314,84,57,54
315,83,57,54
315,83,57,54
315,82,57,54
315,82,57,54
315,82,57,54
315,81,57,54
315,81,57,54
315,80,57,54
315,80,57,54
315,80,57,54
314,80,57,54
314,80,57,54
314,80,57,54
314,80,57,54
314,80,57,54
314,80,57,54
314,80,57,54
314,80,57,54
314,80,57,54
314,80,57,54
314,80,57,54
315,81,57,54
315,81,57,54
315,81,57,54
315,81,57,54
315,82,57,54
315,82,57,54
315,83,57,54
315,83,57,54
314,83,57,54
314,84,57,54
314,84,57,54
314,85,57,54
313,85,57,54
313,86,57,54
313,87,57,54
312,87,57,54
312,88,57,54
312,89,57,54
311,89,57,54
311,90,57,54
310,91,57,54
310,91,57,54
309,92,57,54
309,93,57,54
308,93,57,54
308,94,57,54
308,94,57,54
307,94,57,54
307,95,57,54
307,95,57,54
306,96,57,54
305,96,57,54
305,96,57,54
304,96,57,54
304,97,57,54
303,97,57,54
302,98,57,54
302,98,57,54
301,99,57,54
300,99,57,54
300,99,57,54
299,100,57,54
299,100,57,54
298,101,57,54
297,102,57,54
296,103,57,54
296,103,57,54
296,104,57,54
295,105,57,54
294,106,57,54
294,106,57,54
294,107,57,54
293,108,57,54
293,109,57,54
292,110,57,54
292,111,57,54
291,112,57,54
291,113,57,54
290,114,57,54
290,115,57,54
289,116,57,54
289,116,57,54
288,117,57,54
288,118,57,54
288,118,57,54
287,119,57,54
287,119,57,54
286,120,57,54
286,121,57,54
285,122,57,54
285,122,57,54
284,123,57,54
283,124,57,54
283,125,57,54
282,126,57,54
281,127,57,54
280,128,57,54
280,129,57,54
279,130,57,54
278,132,57,54
278,133,57,54
277,135,57,54
276,137,57,54
275,138,57,54
274,141,57,54
273,143,57,54
272,145,57,54
272,147,57,54
271,149,57,54
270,151,57,54
270,153,57,54
269,155,57,54
269,157,57,54
269,159,57,54
269,161,57,54
268,163,57,54
268,165,57,54
268,167,57,54
268,168,57,54
268,170,57,54
267,171,57,54
267,172,57,54
266,172,57,54
265,172,57,54
264,172,57,54
264,173,57,54
263,173,57,54
263,173,57,54
263,174,57,54
262,174,57,54
262,175,57,54
261,175,57,54
261,175,57,54
260,176,57,54
259,176,57,54
