NaN,NaN,NaN,-1
78,88,39,53
83,87,40,54
88,88,40,54
94,89,39,53
100,90,40,53
108,91,40,53
114,91,39,52
120,91,40,52
118,86,47,59
115,78,58,72
112,74,65,80
110,72,67,83
109,70,70,87
108,70,70,87
107,70,70,87
106,69,71,87
NaN,NaN,NaN,-2
NaN,NaN,NaN,0
NaN,NaN,NaN,0
NaN,NaN,NaN,0
NaN,NaN,NaN,0
NaN,NaN,NaN,-1
201,94,32,50
200,94,31,49
199,93,31,48
195,92,31,49
190,92,31,48
185,91,30,48
178,91,31,48
170,91,31,49
161,93,31,49
150,94,32,49
149,94,32,49
149,94,33,50
151,94,33,50
151,94,33,50
NaN,NaN,NaN,-2
NaN,NaN,NaN,0
NaN,NaN,NaN,0
NaN,NaN,NaN,0
NaN,NaN,NaN,0
NaN,NaN,NaN,-1
114,96,37,49
121,95,36,48
128,95,37,49
136,95,38,49
144,95,38,49
154,95,39,50
163,94,40,51
173,94,42,52
182,94,42,52
191,95,43,53
197,96,44,53
200,97,44,53
199,98,45,53
195,99,45,53
195,99,44,53
186,99,44,53
174,97,44,53
173,97,43,52
173,98,43,51
NaN,NaN,NaN,-2
NaN,NaN,NaN,0
NaN,NaN,NaN,0
NaN,NaN,NaN,0
NaN,NaN,NaN,0
NaN,NaN,NaN,-1
82,108,33,49
80,108,34,50
76,108,35,51
75,107,35,51
74,108,35,51
74,108,35,51
75,109,35,51
77,110,36,51
81,110,36,51
81,109,35,51
81,109,36,51
80,109,36,51
NaN,NaN,NaN,-2
NaN,NaN,NaN,0
NaN,NaN,NaN,0
NaN,NaN,NaN,0
NaN,NaN,NaN,0
NaN,NaN,NaN,-1
193,103,37,57
196,105,38,57
197,107,38,57
197,108,36,55
195,108,35,55
192,108,34,54
190,108,34,53
186,109,33,53
180,113,34,53
172,117,36,53
162,119,37,54
150,116,37,54
137,103,43,65
116,86,65,81
119,90,56,72
120,93,50,66
120,93,50,66
NaN,NaN,NaN,-2
NaN,NaN,NaN,0
NaN,NaN,NaN,0
NaN,NaN,NaN,0
NaN,NaN,NaN,0
NaN,NaN,NaN,-1
29,110,38,58
28,109,39,59
28,109,39,59
28,108,39,59
30,108,39,59
31,108,39,59
31,108,38,58
37,110,36,55
38,110,35,54
37,110,35,55
38,110,36,55
44,110,36,54
48,109,35,54
52,108,35,53
56,106,34,53
60,105,34,52
63,105,35,53
69,106,34,52
75,106,34,52
81,106,35,50
81,105,35,51
81,105,37,53
83,104,38,55
82,105,38,55
81,104,39,57
80,104,40,58
79,102,43,59
79,103,43,59
79,103,43,59
72,103,44,60
66,103,46,61
60,101,48,63
56,100,51,64
53,98,52,65
53,96,52,66
55,96,51,65
58,95,51,65
61,96,50,65
60,96,49,63
60,96,49,63
60,96,48,63
60,96,48,62
NaN,NaN,NaN,-2
NaN,NaN,NaN,0
NaN,NaN,NaN,0
NaN,NaN,NaN,0
NaN,NaN,NaN,0
NaN,NaN,NaN,-1
128,97,40,52
124,98,40,52
119,99,41,52
114,99,41,52
110,97,42,52
108,94,42,52
109,94,41,51
113,95,40,50
117,96,40,50
124,96,40,50
131,96,41,51
138,95,42,52
146,94,43,52
152,93,43,52
157,93,43,53
