NaN,NaN,NaN,-1
80,89,40,51
85,88,41,52
90,89,41,52
96,90,41,51
102,92,41,51
109,93,41,51
116,93,41,50
117,93,41,51
116,85,54,63
115,78,64,75
112,71,74,87
110,68,76,91
109,66,78,94
108,65,78,95
107,65,79,96
107,65,79,96
106,65,79,96
NaN,NaN,NaN,-2
NaN,NaN,NaN,0
NaN,NaN,NaN,0
NaN,NaN,NaN,0
NaN,NaN,NaN,0
NaN,NaN,NaN,-1
201,93,33,47
200,93,32,46
196,92,33,46
191,92,33,46
186,91,32,46
179,91,32,46
171,91,33,46
162,92,33,46
151,94,33,47
150,94,34,47
148,93,37,49
151,93,36,49
151,93,36,49
NaN,NaN,NaN,-2
NaN,NaN,NaN,0
NaN,NaN,NaN,0
NaN,NaN,NaN,0
NaN,NaN,NaN,0
NaN,NaN,NaN,-1
117,97,38,46
123,97,38,46
130,96,38,46
138,96,39,47
146,97,39,46
156,96,40,47
166,96,41,48
175,96,42,49
185,96,43,50
193,97,44,50
199,98,44,51
202,99,45,51
201,100,46,51
198,100,45,51
190,101,45,51
189,101,46,52
189,101,45,51
187,101,45,50
NaN,NaN,NaN,-2
NaN,NaN,NaN,0
NaN,NaN,NaN,0
NaN,NaN,NaN,0
NaN,NaN,NaN,0
NaN,NaN,NaN,-1
91,107,36,49
87,108,36,49
84,108,37,49
81,108,38,50
79,108,39,51
78,108,39,51
78,108,39,51
79,109,39,51
81,110,39,51
85,110,39,51
91,108,39,51
92,107,39,52
91,107,40,53
90,106,40,53
NaN,NaN,NaN,-2
NaN,NaN,NaN,0
NaN,NaN,NaN,0
NaN,NaN,NaN,0
NaN,NaN,NaN,0
NaN,NaN,NaN,-1
204,106,38,53
205,108,37,53
204,109,36,52
202,109,36,51
199,108,36,51
195,107,37,51
190,108,39,53
183,111,41,54
175,115,42,54
165,117,43,54
153,114,43,55
145,104,44,62
126,94,52,69
133,108,33,39
132,107,34,40
NaN,NaN,NaN,-2
NaN,NaN,NaN,0
NaN,NaN,NaN,0
NaN,NaN,NaN,0
NaN,NaN,NaN,0
NaN,NaN,NaN,-1
33,112,38,54
30,111,42,58
29,111,43,59
29,110,43,59
30,110,43,59
32,110,43,59
38,108,43,59
39,109,42,58
38,108,42,58
40,109,41,57
41,109,40,56
41,110,40,56
45,110,39,54
51,110,38,53
55,108,37,52
59,107,36,51
62,106,36,51
66,106,38,52
71,107,37,51
77,107,36,50
84,107,36,49
89,105,37,47
90,104,39,50
89,104,39,51
89,103,41,53
88,103,42,54
87,102,43,55
87,101,42,54
86,100,42,53
90,98,39,54
91,98,40,55
86,99,39,55
86,98,39,55
81,95,41,57
78,92,43,58
78,91,43,58
81,91,41,57
81,91,41,57
84,91,40,57
89,93,40,57
87,96,41,56
86,97,41,56
87,98,40,55
87,98,40,55
87,98,40,54
NaN,NaN,NaN,-2
NaN,NaN,NaN,0
NaN,NaN,NaN,0
NaN,NaN,NaN,0
NaN,NaN,NaN,0
NaN,NaN,NaN,-1
119,99,43,51
114,98,44,51
109,96,44,51
108,93,45,51
108,93,44,51
112,94,43,50
116,95,43,50
123,95,43,50
130,96,44,51
138,94,44,51
145,93,45,52
152,92,45,52
156,92,46,52
