NaN,NaN,NaN,-1
129.69,114.86,84.963,98.888
130.17,115.01,82.544,98.772
128.47,114.25,85.82,96.092
129.61,114.26,84.884,97.697
127.08,113.65,88.595,96.365
129.02,114.25,85.283,94.364
129.59,112.57,84.46,100.11
130.01,112.65,84.397,97.029
125.66,114.2,88.597,95.836
126.52,114.37,86.012,98.323
129.25,114.23,82.287,99.246
126.12,114.62,84.79,98.347
124.51,116.65,84.565,94.637
120.44,118.29,87.721,95.095
120.74,118.96,84.494,97.314
119.09,120.93,80.671,93.782
114.14,121.47,82.122,94.494
112.87,120.75,82.312,101.02
109.03,121.74,83.528,96.181
106.92,122.36,84.376,95.929
104.23,121.68,81.84,95.79
101.94,116.77,80.934,106
102.23,116.87,81.428,103.48
100.17,118.06,87.822,98.441
103.21,121,79.952,87.827
100.02,122.36,84.464,85.959
99.35,119.05,90.26,77.913
95.807,120.02,95.275,76.186
99.141,119.18,89.561,81.11
97.359,120.74,88.937,66.709
103.59,120.06,82.945,62.707
99.128,118.39,89.17,61.999
95.762,119.4,91.984,65.249
97.419,118.86,86.903,73.501
97.8,114.56,89.739,78.592
95.755,116.88,90.276,72.542
101.95,114.08,88.729,68.953
98.239,119.21,93.226,63.862
100.14,121.15,93.49,52.357
100.68,120.21,97.122,50.251
104.42,122.27,91.625,48.298
105.59,121.63,93.395,49.092
107.55,121.29,93.991,52.067
109.25,121.81,92.965,51.419
111.8,123.49,92.765,48.157
117.52,123,87.222,49.913
116.68,121.29,94.012,51.378
118.8,119.45,91.99,54.034
123.53,123.3,89.056,50.366
124.81,121.24,89.505,52.163
127.69,124.13,87.515,50.577
132.83,125.52,83.837,49.517
132.77,126.23,87.87,44.569
134.35,126.24,91.115,53.029
134.53,130.36,94.378,52.104
136.16,129.33,93.432,54.286
136.13,129.47,92.215,57.319
134.62,129.31,96.838,61.733
137.01,133.36,91.505,55.338
139.95,134.07,86.051,61.02
137.57,135.95,93.427,58.044
137.29,134.64,95.633,71.283
138.13,134.3,96.694,77.442
140.04,133.87,90.334,79.293
139.07,135.96,91.316,78.732
139.22,134.25,90.467,82.761
143.53,128.13,84.598,91.338
144.81,125.88,82.167,100.5
142.18,133.77,89.022,85.009
144.85,132.7,87.297,87.86
144.28,132.74,86.238,86.135
142.41,131.29,89.476,87.847
145.85,122.97,86.344,99.534
147.02,124.36,82.13,97.298
145.58,124.58,84.75,95.115
144.49,123.32,85.408,99.073
142.98,125.17,86.65,93.841
141.21,126.21,86.304,93.546
141.52,130.14,84.383,88.42
139.96,123.54,87.271,94.048
134.2,130.41,92.094,86.615
135.61,129.61,90.299,89.014
136.12,122.92,89.187,97.036
132.7,126.12,88.823,91.448
141.35,127.28,81.555,88.35
134.06,128.63,90.919,87.574
123.53,130.49,99.147,89.743
123.49,131.29,97.923,86.832
120.24,126.28,101.32,92.014
119.12,122.41,96.879,97.346
114.57,122.97,103.11,96.027
108.91,129.86,110.51,94.904
105.92,128.54,110.79,95.413
102.36,126.08,116.62,98.258
103.18,123.78,112.08,106.12
99.045,120.98,119.37,105.8
99.113,123.11,120.36,105.15
100.31,124.19,116.28,100.21
101.81,121.86,113.56,99.979
102.06,121.54,112.07,102.32
102.96,123.21,109.06,100.89
102.66,121.53,111.08,103.88
102.39,121.2,109.26,104.47
100.74,120.7,113.48,103.4
101.66,121.94,107.3,107.86
102.04,121.56,111.07,105.11
107.47,121.01,100.03,104.67
106.45,122.47,100.28,103.82
106.56,125.3,101.14,96.531
106.07,124.63,102.46,103.96
105.96,124.27,103.55,102.74
106.02,124.99,102.43,100.47
105.94,125.08,103,99.536
105.5,126.38,102.08,100.27
104.74,124.49,103.6,103.67
104.3,126.44,104.85,102
105.88,128.19,100.29,101.77
105.89,128.46,100.36,95.022
104.4,129.69,102.92,95.064
103.91,128.78,103.54,97.074
103.94,128.02,103.52,101
104.33,131.09,101.68,93.839
104.3,130.29,100.9,94.735
102.47,127.33,104.74,98.351
106.5,127.76,96.965,101.18
103.21,129.92,103.46,96.891
102.16,127.28,104.34,100.26
100.2,123.23,108.34,107.96
100.61,127.32,106.4,99.911
100.36,125.7,108.47,103.69
100.28,125.68,109.06,102.57
99.263,130.42,108.76,97.428
99.637,129.87,108.31,96.654
98.891,124.89,104.79,106.99
98.358,123.42,106.6,107.52
90.638,124.05,117.93,98.278
90.834,123.57,112.83,104.12
85.41,122.03,117.28,107.18
90.609,126.37,119.18,91.753
89.786,124.56,120.16,98.047
88.71,122.39,121.03,91.853
89.693,123.46,119.17,93.443
96.466,121.83,112.08,98.621
102.5,122.35,104.67,97.42
106.64,119.45,97.778,103.39
115.94,123.76,90.173,93.121
117.55,122.64,80.892,95.022
115.35,121.59,84.816,95.847
114.99,120.83,87.176,97.271
116.54,121.75,85.185,98.705
116.03,123.09,84.906,93.663
112.67,121.66,86.297,95.12
113.92,121.25,85.746,96.241
113.3,120.61,86.537,97.762
114.66,118.94,82.96,101.22
115.08,120.33,81.037,96.374
113.65,117.94,82.305,99.349
113.89,119.23,82.513,97.853
113.71,119.85,83.44,97.3
113.41,119.87,83.864,98.108
114.15,119.15,83.555,96.273
112.91,120.08,84.513,100.4
112.77,122.04,82.898,94.295
113.71,119.42,84.546,100.1
113.32,121.25,86.072,93.722
112.4,120.19,84.535,97.511
113.32,123.37,86.73,91.265
113.43,120.98,81.718,94.231
114.66,121.61,78.931,95.782
113.72,119.03,81.935,100.23
115.05,122.23,80.45,97.526
114.67,122,76.669,98.393
115.53,123.85,76.101,100.15
116.1,118.48,76.042,105.72
115.15,123.28,82.643,100.47
112.2,119.45,85.141,104
114.8,118.62,80.079,108.83
114.45,119.68,81.105,109.96
115.17,126.88,82.435,100.72
112.86,126.19,84.99,102.35
115.53,124.91,84.187,102
116.4,122.46,83.156,110.19
112.47,122.43,88.33,110.73
111.22,128.5,87.981,105.94
109,127.92,89.934,107.53
111.97,127.95,84.508,103.94
114.45,130.02,81.329,101.42
112.4,128.79,82.454,103.72
116.81,130.41,75.93,100.92
112.94,130.2,79.302,103.41
113.84,127.8,78.272,106.98
115.39,129.75,77.843,104.57
114.7,130.47,79.33,100.88
114.22,130.09,80.426,105.83
112.74,129.96,82.124,105.18
114.54,130.2,79.737,103.66
113.41,131.51,80.651,103.06
115.58,133.52,77.632,100.86
116.6,131.26,77.212,104.54
113.59,133.83,80.78,100.56
113.79,130.64,80.738,104.71
112.96,130.12,80.661,105.13
113.73,132.08,79.97,104.18
114.73,131.33,78.557,104.45
112.79,133.75,80.912,101.57
112.01,133.73,80.597,100.51
114.12,132,77.428,103.77
115.91,134.19,76.45,103.4
114.32,136.64,77.149,101.71
112.12,137.72,77.995,101.59
110.69,139.26,81.266,100.52
113.09,140.09,78.777,99.911
114.7,137.69,76.512,106.04
112.58,145.77,79.884,96.286
113.83,144.81,79.451,98.15
111.78,147.3,81.738,93.555
112.56,146.82,81.066,94.286
111.79,148.07,82.231,89.865
110.02,142.4,83.276,94.651
110.72,145.09,82.723,88.866
111.96,141.5,81.06,87.37
111.04,144.94,83.016,82.715
109.94,126.81,90.273,90.651
111.11,121.61,85.356,91.668
109.41,123.17,87.6,92.491
115.3,114.36,76.174,96.258
115.23,109.32,74.306,100.05
114.12,105.78,78.905,99.952
113.35,105,84.008,97.935
113.58,105.69,82.34,90.717
111.31,103.35,87.815,96.178
111.56,98.821,90.774,96.892
111.19,98.522,89.523,100.35
112.87,98.158,88.073,106.36
114.25,100.07,84.809,94.431
112.75,100.12,88.164,97.221
114.01,104.36,85.334,90.16
113.68,101.15,84.798,98.068
115.37,102.16,83.521,96.802
115.08,103.59,82.642,97.329
115.86,102.13,83.85,97.421
116.44,103.97,84.315,98.23
116.64,102.06,85.834,98.919
116.58,107.76,87.026,92.863
117.66,106.55,85.812,95.659
118.73,106.1,83.904,101.13
120.96,105.2,84.385,101.99
120.36,106.72,85.049,101.26
121.22,109.73,82.119,96.45
123.17,108.71,81.185,99.028
121.17,111.51,84.825,97.178
121.29,112.5,83.841,97
123.89,112.33,82.068,99.283
123.62,113.65,80.008,100.75
122.54,114.85,81.815,99.032
121.37,114.43,85.15,98.978
121.86,117.05,82.956,96.92
120.88,116.39,84.026,96.306
118.5,116.44,86.983,98.417
120.22,117.12,85.058,98.237
121.94,117.86,83,99.679
120.11,118.88,85.529,99.649
119.58,120.63,85.473,99.238
118.98,121.8,86.194,97.334
119.94,121.35,85.345,96.495
117.55,119.62,88.031,99.211
120.78,120.19,82.996,97.942
120.21,122.06,86.655,97.142
119.67,120.62,86.057,97.703
119.36,120.96,85.906,97.465
117.81,121.65,90.667,98.971
116.53,121.33,89.455,100.6
118.05,123.96,88.881,95.31
118.06,122.2,84.134,97.877
115.61,124.31,91.082,100.17
114.33,121.29,88.39,102.84
115.3,122.76,88.287,102.53
116.87,123.36,84.759,101.19
112.4,127.77,88.357,81.934
109.33,131.07,89.071,79.763
110.43,130.85,88.048,66.586
108.51,133.13,93.454,60.599
109.67,131.34,90.115,67.512
107.66,132.25,89.282,73.685
108.68,131.49,86.863,74.262
105.79,132.85,93.838,71.622
106.1,133.96,89.309,70.942
107.83,135.07,87.226,66.194
108.75,132.92,83.943,67.439
107.93,132.36,83.644,67.483
105.51,130.53,89.431,78.81
105.59,134.07,90.005,75.905
105.78,133.52,88.607,77.494
106.82,134.32,84.411,65.511
106.23,135.18,87.134,59.967
106.88,136.11,87.397,64.374
104.31,134.99,90.793,71.843
104.48,134.44,88.495,65.01
102.83,135.84,92.669,64.111
103.34,136.78,90.884,64.8
101.88,135.9,93.216,72.896
103.62,134.85,89.035,66.529
103.1,132.98,89.754,68.485
104.91,136.26,86.891,64.264
103.29,131.78,91.525,72.125
107.33,136.52,79.313,74.969
105.12,133.66,83.995,76.403
104.52,131.63,86.022,76.062
100.69,131.91,92.044,82.851
104.88,129.83,85.543,81.421
104.21,133.14,87.8,70.863
102.24,134.11,95.553,69.023
104.63,130.86,90.771,74.502
105.68,132.84,82.368,72.919
104.36,131.65,87.579,65.822
103.2,133.77,87.859,63.563
103.43,133.98,93.377,57.342
104.44,132.11,93.067,63.363
103.1,132.57,94.179,66.537
102.09,131.47,96.644,68.992
101.44,132.92,97.134,64.615
106.32,132.95,90.246,65.438
104.44,133.4,89.377,62.89
103.97,130.32,91.729,67.146
103.97,128.63,88.63,67.592
101.66,129.46,91.424,67.102
101.52,127.31,93.16,66.752
103.21,128.35,87.761,66.059
98.582,129.62,94.323,64.167
96.916,129.61,97.353,65.691
98.739,128.34,92.766,67.279
97.693,129.87,93.827,64.031
98.785,125.85,88.162,68.498
97.994,125.14,87.497,68.465
95.564,125.57,91.675,69.036
95.676,128.33,92.06,67.296
94.925,124.81,88.62,68.243
94.619,126.65,91.645,67.381
93,128.21,90.938,68.107
91.415,126.93,86.563,65.736
90.125,127.06,90.559,67.675
88.062,130.23,92.015,67.282
84.031,126.82,94.583,71.126
85.434,130.56,90.966,80.274
83.708,130.28,86.592,90.184
84.091,127.24,87.432,95.907
79.266,125.83,89.187,96.975
84.523,125.28,80.553,98.334
81.459,124.63,87.321,97.412
81.246,127.89,85.785,95.206
94.472,126.45,75.915,96.121
98.673,124.13,68.04,96.335
101.7,124.31,63.675,101.31
101.94,121.53,62.193,98.939
102.82,123.75,61.155,100.05
102.83,123.56,61.175,101.08
103.55,121.75,57.17,106.43
103.29,122.01,62.783,104.21
101.69,123.91,63.18,99.272
99.809,125.34,65.798,99.349
98.971,125.07,68.328,103.59
98.675,125.45,66.37,101.06
98.476,123.93,65.893,98.917
98.485,125.64,66.568,99.227
100.6,127.4,64.298,98.686
100.23,126.89,64.784,98.246
100.65,123.54,68.278,99.276
102.64,127.61,65.444,95.912
103.06,123.62,65.144,98.738
105.12,123.68,64.25,98.794
105,122.4,68.159,102.23
105.43,121.62,65.781,100.35
108.18,119.09,65.348,105.65
108.49,121.06,64.682,106.9
107.88,120.99,65.221,102.13
110.38,121.56,61.176,102.02
110.64,122.38,63.24,99.642
110.23,125.08,65.307,97.745
110.37,122.81,69.289,96.535
110.36,118.81,68.682,103.95
112.7,121.45,62.759,100.08
112.89,118.32,65.48,100.25
112.98,119.95,66.257,101.66
114.25,116.3,63.691,102.49
114.58,116.14,63.647,104.46
115.31,116.83,61.54,103.54
115.42,115.64,62.395,101.49
115.47,116.73,66.397,100.47
116.28,115.17,64.161,101.5
115.89,116.44,65.915,99.887
115.07,115.81,68.752,99.109
114.89,114.33,69.43,100.33
114.91,111.91,70.132,105.35
114.44,113.47,68.356,99.733
114.13,113.89,66.966,103.2
113.71,114.42,69.418,102.71
110.92,113.57,75.176,103.68
109.83,115.92,78.146,99.508
109.1,112.19,76.242,105.19
109.29,113,75.163,107.05
108.81,112.88,73.095,105.6
106.21,115.8,80.578,102.44
106.92,116.03,79.09,102.48
106.17,112.11,87.015,107.67
109.7,114.59,80.295,100.89
112.39,114.13,81.256,101.68
107.06,114.35,82.491,100.83
105.57,113.7,85.041,101.95
103.74,114.98,88.728,99.61
104.18,116.19,88.37,98.745
105.34,112.83,84.392,102.59
106.05,115.82,85.23,100.42
104.56,115.64,86.5,98.602
106.14,115.53,81.652,102.57
