NaN,NaN,NaN,-1
131,114.22,84.176,97.917
130.64,113.39,84.185,98.776
129.29,113.45,85.223,97.513
130.05,112.4,83.906,98.912
131.31,111.67,81.644,102
131.22,110.9,82.976,100.41
128.06,111.39,87.92,99.25
127.86,112.51,85.169,100.44
128.92,112.53,83.448,99.581
127.78,114.5,83.161,98.007
125.43,113.96,88.825,96.755
127.47,114.63,82.723,98.901
124.78,115.64,83.134,99.962
121.29,114.95,84.645,102.92
119.83,116.03,84.572,102.96
119.28,117.89,83.465,101.12
116.09,120.44,81.456,97.763
110.66,120.12,88.442,99.945
110.37,120.52,82.04,99.704
106.96,120.67,84.882,99.636
105.22,119.88,80.499,97.598
103.16,119.14,81.14,99.498
98.474,118.59,89.061,98.316
103.33,115.65,82.536,101.18
101.48,117.85,80.931,91.44
96.617,115.33,87.987,90.112
103.01,118.6,83.731,83.631
100.45,119.48,87.163,78.238
100.19,115.97,88.007,88.417
98.96,115.85,93.045,83.036
99.784,114.26,87.62,81.018
99.887,114,90.3,81.628
102.12,115.87,84.901,78.817
100.73,115.69,90.078,79.553
102.6,117.83,88.414,76.373
99.793,115.34,95.547,78.556
106.2,117.08,81.161,66.697
107.45,116.75,81.474,65.67
107.1,115.72,82.63,66.525
104.83,117.29,83.676,55.814
109.48,120.21,86.326,50.479
107.16,117.95,90.011,54.903
113.42,117.58,85.202,55.646
113.86,118.46,88.348,53.903
113.99,118.37,90.711,53.677
116.86,119.35,91.617,53.307
120.07,119.83,88.818,51.327
122.2,120.89,89.534,51.612
123.12,120.03,89.746,53.561
122.72,119.98,95.824,53.281
128.16,120.37,88.495,54.182
128.13,120.46,92.03,55.607
133.01,119.01,89.082,58.824
132.94,121.01,91.346,56.502
134.05,123.03,91.042,53.866
134.53,123.77,92.487,52.96
134.19,125.67,94.03,54.395
138.67,125.44,87.063,57.791
137.92,126.14,88.648,64.049
140.07,126.48,87.702,67.031
138.55,126.82,92.099,73.097
140.2,129.71,90.065,70.264
139.28,127.97,97.775,79.737
137.92,126.65,93.732,87.18
138.52,126.11,92.808,93.034
140.88,124.46,91.151,97.375
142.7,125.11,89.54,94.813
142.36,126.45,91.028,96.175
142.74,126.73,92.063,92.567
144.62,126.1,86.298,94.407
144.54,124,86.706,98.223
143.63,121.81,89.303,101.25
145.17,120.85,85.654,103.8
145.38,124,87.043,99.133
144.54,125.38,88.077,94.158
144.43,120.19,87.777,104.34
144.66,122.92,86.68,100.12
142.59,119.65,88.338,101.26
140.46,122.56,88.462,100.12
144.44,123.73,84.752,93.768
137.91,126.14,88.969,90.291
142.83,122.91,83.057,96.323
135.09,123.21,87.984,101.15
137.7,122.89,88.07,96.183
136.76,120.24,87.586,103.31
141.71,118.49,79.12,102.37
137.04,115.32,84.866,103.88
141.19,122.05,80.029,103.02
136.96,119.82,83.343,102.17
136.38,120.84,80.913,104.65
142.61,123.83,75.234,101.79
146.37,121.96,65.826,100.85
133.6,123.36,78.646,101.02
124.18,126.48,89.415,98.716
122.17,125.38,91.21,99.724
123.1,123.24,84.717,103.46
123.07,122.02,88.207,103.92
124.91,121.53,83.462,106.53
122.11,119.6,88.168,106.96
121.1,120.34,88.279,105.4
122.44,120.76,87.799,104.9
122.91,122.18,85.843,106.53
121.91,120.21,87.572,103.51
121.11,119.11,89.2,110.58
122.56,121.63,84.534,101.01
122.55,119.53,85.347,108.17
122.86,121.98,84.604,105.65
121.43,121.96,87.568,104.07
122.23,122.74,86.369,104.23
121.59,123.26,87.243,103.55
122.52,119.66,85.51,111.95
122.94,124.79,82.301,102.93
122.78,124.31,82.205,104.96
121.75,122.63,84.498,106.11
120.88,123.97,88.306,104.32
122.23,126.33,83.321,100.04
122.44,124.13,80.641,107.59
123.53,124.07,81.634,106.98
120.7,123.75,83.687,108.16
120.14,126.72,84.236,100.32
120.52,124.06,84.77,106.22
120.35,124.78,84.595,104.29
121.16,125.44,82.74,104.56
119.45,123.73,85.293,105.9
118.18,123.49,90.703,105.8
119.14,124.83,84.895,99.355
118.81,124.35,85.164,104.2
117.92,126.27,85.722,104.15
119.48,123.66,84.02,108.13
118.7,124.81,85.884,105.07
118.71,125.59,85.039,105.61
117.82,127.41,85.868,99.411
117.38,126.18,85.712,99.014
114.23,125.8,90.327,101.97
111.61,125.14,93.099,99.64
122.07,127.94,84.803,97.43
126.3,124.59,83.336,97.559
125.59,124.56,78.897,94.346
125.79,125.8,77.586,97.464
126.32,125.62,77.05,99.23
124.81,121.48,80.242,102.27
123.43,119.32,78.2,103.81
118.33,123.53,86.455,99.437
119.03,120.65,87.336,99.496
117.87,121.02,87.212,98.293
118.22,121.13,87.204,99.996
118.07,118.9,86.231,99.973
117.47,119.72,82.031,100.97
116.1,118.9,84.374,103.86
116.82,120.16,82.088,101.42
115.35,119.96,84.571,101.6
117.33,117.61,83.199,102.64
112.99,118.22,85.894,103.07
115.72,116.91,85.513,103.23
113.58,117.27,88.22,101.04
116.52,115.8,81.726,105.75
114.78,117.29,84.378,101.3
113.43,118.04,85.456,98.881
114.4,116.26,82.614,105.05
114.64,117.79,82.983,102.31
114.94,116.94,81.009,103.67
113.97,119.16,85.766,98.857
113.3,117.35,83.742,103.43
115.17,116.75,83.356,102.24
114.25,118.71,86.029,98.002
115.25,120.56,84.137,97.446
112.99,120.04,88.008,95.161
114.16,121.59,79.571,96.161
113.94,114.33,83.407,108.54
114.35,114.67,80.125,108.8
116.23,113.84,81.748,110.84
116.33,122.43,77.691,100.72
116.75,117.84,74.569,104.5
116.16,117.04,75.972,105.11
116.4,119.98,74.137,104.56
117.43,123.53,72.19,99.475
116.93,121.69,71.66,104.77
116.49,119.96,70.929,106.68
116.06,122.54,71.686,109.49
116.89,121.95,71.048,109.3
115.99,124.08,73.393,106.61
115.98,125.15,72.632,107.82
112.16,124.25,79.613,111.04
113.89,129.51,86.787,103.76
113.51,129.53,86.149,103.15
111.92,130.97,88.015,99.757
112.42,125.44,85.272,108.02
115.41,129.36,81.132,103.56
114.09,128.71,83.716,104.88
114.57,129.06,81.78,104.49
112.57,129.08,84.904,105.19
113.47,130.05,84.465,103.05
115.79,130.04,78.961,102.7
117.04,130.22,82.521,102.83
115.69,129.79,82.906,101.66
114.53,128.58,83.038,108.61
113.63,129.62,84.451,107.19
114.67,130.18,82.943,103.78
117.26,128.54,79.339,109.81
115.01,127.63,82.003,112.09
115.1,130.58,81.7,100.92
117.14,128.16,78.296,110.12
117.3,132.25,78.959,103.54
115.11,128.93,81.473,106.54
115.67,128.33,80.707,111.86
113.39,129.15,81.387,110.5
113.08,132.2,83.89,104.94
113.26,131.85,81.925,106.36
115.39,131.58,78.931,107.46
111.07,132.24,83.345,107.65
112.31,137.07,81.687,104.31
114.15,136.56,80.518,106.06
112,140.3,83.143,100.68
113.43,140.72,81.574,101.41
112.62,138.8,84.457,106.19
113.62,142.36,82.169,101.52
113.48,139.23,84.192,106.34
114.59,141.99,81.294,98.525
110.74,143.64,86.863,94.882
109.39,141.52,88.328,95.67
109.26,144.96,88.677,87.972
109.85,143.84,88.91,80.455
111.89,128.03,91.194,93.717
111.2,125.93,93.946,90.393
111.14,128.18,95.069,82.817
109.32,117.76,96.922,87.392
114.88,113.82,90.239,96.635
114.26,105.5,79.17,98.762
112.89,105.52,81.876,96.08
115.29,104.05,77.321,97.521
113.03,101.75,87.786,96.146
112.31,99.203,90.248,99.055
113.47,97.889,87.68,101.75
113.12,97.792,88.055,103.45
112.36,95.473,92.297,106.33
112.96,97.056,86.891,101.25
113.4,98.471,85.617,97.845
112.45,99.97,88.25,99.586
112.77,100.26,90.441,99.549
112.43,100.77,90.432,100.88
113.82,102.51,87.18,98.658
118.16,101.36,85.599,99.233
115.55,103.27,89.043,96.518
117.59,103.38,86.676,101.82
118.76,101.24,87.306,104.52
119.88,104.23,87.666,102.41
119.32,106.78,87.204,97.437
120.6,107.48,84.745,96.556
121.97,105.35,85.971,103.67
123.56,106.01,82.127,102.31
121.34,108.62,86.274,100.31
122.85,111.82,84.717,99.276
122.34,111.16,86.242,100
122.6,112.6,86.773,99.516
121.65,112.3,85.02,101.02
121.59,114.74,85.765,98.165
121.64,114.9,86.629,100.62
120.05,112.06,87.672,103.46
120.89,114.63,84.683,102.21
121.71,114.37,83.199,104.23
121.67,116.7,85.538,102.64
119.48,116.43,85.89,104.73
122.48,118.61,83.263,99.401
121.46,118.36,83.726,101.62
120.7,117.74,84.168,102.84
122.02,120.45,84.724,99.802
119.8,118.11,86.439,102.39
121.43,119.21,84.494,100.99
120.37,117.7,85.212,102.89
118.02,117.23,87.943,102.15
119.1,119.43,88.363,99.881
120.72,120.91,88.278,90.9
118.26,120.49,88.369,98.674
120.73,123.3,88.609,79.257
115.42,125.49,92.672,73.956
116.06,124.95,91.253,73.854
112.47,128.42,92.134,67.253
112.07,127.4,91.757,66.635
111.6,127.92,93.741,64.713
108.94,130.31,94.747,58.416
111.18,133.26,88.644,54.839
108.57,132.58,95.853,54.711
107.3,132.74,92.798,55.802
107.38,130.35,95.232,59.747
106.61,130.5,96.564,62.488
107.34,129.18,94.445,62.84
106.47,131.29,91.139,62.836
105.58,131.84,91.841,59.864
105.02,134.05,94.008,55.109
103.64,134.15,94.487,55.329
103.94,133.51,93.85,57.249
104.01,134.49,93.321,55.154
103.76,132.02,96.555,58.409
103.84,133.76,94.797,56.238
104.4,134.36,90.731,54.835
103.95,136.07,89.946,47.541
104.58,134.23,93.175,52.844
104.83,135.95,91.507,50.201
103.17,136.89,94.291,47.535
100.19,137.86,101.27,47.873
101.34,134.64,97.719,52.868
104.24,134.56,91.145,60.081
103.65,134.64,90.635,59.808
104.84,135.43,91.386,60.374
104.29,136.39,92.985,58.7
105.73,134.38,89.377,61.506
106.01,134.61,89.492,61.425
105.29,134.46,89.071,60.368
100.51,133.29,95.26,57.049
99.775,133.83,97.357,55.781
105.47,131.69,88.24,59.585
104.09,134.38,93.627,55.811
100.1,133.72,97.619,53.738
101.64,132.74,92.824,56.738
102.72,131.22,92.999,62.602
103,131.36,95.851,62.158
104.3,129.85,98.148,64.596
102.47,128.62,99.946,70.316
104.49,127.35,91.137,73.938
104.32,125,92.832,81.977
108.24,126.2,89.847,87.801
108.89,126.15,89.54,95.527
110.62,122.1,86.326,104.8
109.98,120.61,87.61,103.66
110.5,117.76,84.004,107.15
107.59,118.66,89.457,103.21
104.79,122.97,89.635,97.799
106.96,119.64,84.04,101.59
105.73,120.42,86.648,99.993
103.43,122.43,89.653,97.82
103.62,121.54,87.403,100.37
103.04,120.88,86.772,100.54
103.25,121.5,85.796,99.633
102.32,118.34,87.633,103.84
103.63,120.53,81.929,102.12
101.96,118.86,88.092,102.38
101.52,117.59,84.412,104.31
99.362,121.49,85.335,99.768
98.886,117.09,86.085,107.31
95.805,121.28,84.617,103.42
94.238,119.45,90.241,101.9
92.659,124.07,86.402,98.968
93.009,122.82,85.012,101.81
90.467,122.37,82.475,103.06
89.147,120.79,81.97,106.36
85.452,124.89,85.504,98.874
81.947,122.42,87.525,106.41
83.639,120.33,85.229,101.93
88.226,122.99,79.321,101.81
92.367,125.11,75.265,101.18
95.573,121.58,70.109,106.24
98.052,120.41,68.05,101.29
98.788,121.51,67.214,104.2
102.9,117.59,66.003,105.27
104.64,117.35,60.632,108.79
104.49,118.05,62.667,105.75
105.24,117.36,60.95,109.33
104.99,118.73,59.056,105.44
102.71,119.7,68.118,102.22
91.163,123.39,73.474,107.6
101.22,120.9,63.064,108.53
101.41,123.38,63.524,104.08
99.511,116.74,68.372,113.36
99.627,120.83,66.829,109.5
100.07,118.85,65.316,112.21
100.76,119.27,65.759,111.02
101.78,121.36,63.812,107.58
102.97,119,63.207,110.23
104.49,119.16,66.65,111.84
107.09,119.91,64.167,110.1
106.14,123.71,63.798,104.01
107.42,120.23,65.56,103.76
108.75,120.73,63.511,106.43
110.86,120.82,60.616,105.33
110.41,121.17,61.808,100.68
112.13,121.36,61.064,100.87
113.1,122.71,61.26,98.322
112.8,119.48,62.143,103.57
114.53,122.23,60.834,101.43
115.8,121.65,59.661,100.3
114.93,119.35,61.714,101.71
115.83,118.58,62.449,102.7
116.61,116.32,64.043,102.5
117.51,116.37,62.663,103.1
117.76,114.89,63.6,103.89
118.06,118.25,62.346,97.297
118.66,112.28,62.69,106.82
118.62,113.24,64.149,103.65
118.99,114.42,62.961,100.91
118.82,113.81,63.451,102.28
119.43,111.17,62.584,108.1
119,114.04,65.35,102.79
119.1,112.35,63.539,102.49
117.99,116.16,65.711,97.23
116.75,115.75,66.774,98.926
116.18,117.54,69.85,97.31
116,115.06,67.629,102.11
114.01,114.43,71.448,102.94
113.61,113.1,71.424,100.94
113.76,112.19,74.694,102.33
112.33,110.75,76.002,104.66
107.5,115.85,75.891,101.24
110.98,115.03,76.418,103.3
111.42,114.31,78.004,103.06
111.32,116.06,77.01,99.957
110.28,114.07,77.323,103.73
105.98,115.58,83.273,97.679
110.2,115.77,82.252,98.42
108.91,116.22,82.957,96.896
106.38,116.38,88.481,97.989
104.53,114.58,88.92,101.72
105.17,114.79,83.877,99.451
106.92,117.36,84.212,96.624
106.98,117.61,83.685,96.61
