NaN,NaN,NaN,-1
328,188,53,49
327,187,52,49
326,187,51,49
325,186,51,47
324,186,49,47
323,184,47,47
321,183,51,49
320,182,45,48
318,181,45,48
316,180,47,48
314,179,46,48
313,177,45,49
312,176,45,50
311,174,44,48
310,173,45,48
309,171,45,50
308,170,43,50
306,168,43,51
308,167,40,51
305,166,42,50
303,164,43,52
302,163,42,53
301,162,42,51
299,161,43,51
298,158,43,53
297,157,43,50
295,155,45,52
297,153,42,52
294,151,44,53
296,149,43,52
296,147,40,53
294,145,43,52
295,143,42,52
293,141,43,53
291,139,45,52
292,137,44,53
292,135,44,53
292,133,44,53
292,131,44,52
291,129,45,53
291,127,46,52
291,125,46,53
291,123,47,53
291,122,48,53
291,120,48,51
291,119,49,53
292,118,48,53
292,116,48,52
293,115,48,51
296,113,45,51
295,112,46,53
298,111,44,52
295,110,47,52
295,109,48,50
296,108,48,49
296,107,48,52
297,106,48,53
299,105,47,51
298,105,49,52
298,104,49,52
298,103,49,51
299,102,49,52
299,102,49,49
300,101,47,53
300,100,48,47
300,99,49,48
301,99,49,52
302,99,49,51
303,98,47,48
303,96,49,53
304,97,47,51
305,95,47,52
306,94,47,52
306,93,47,51
307,93,47,50
308,92,46,50
309,91,47,49
311,91,44,48
310,90,45,48
312,89,44,48
312,88,45,46
314,88,46,45
315,87,43,46
316,87,44,45
317,87,42,48
318,85,43,47
317,85,43,45
322,82,40,48
321,81,40,47
322,81,39,48
322,81,40,49
323,80,39,48
324,80,39,48
323,81,39,46
327,81,35,46
327,79,35,51
329,81,33,45
328,79,34,47
329,78,33,43
328,79,33,47
328,80,32,47
326,80,34,48
326,77,34,50
326,77,33,52
327,77,32,52
327,76,32,53
327,77,32,52
328,77,32,53
328,79,32,51
327,78,33,53
329,78,31,43
327,78,33,51
327,78,34,51
326,81,34,49
328,79,32,51
329,81,32,49
327,79,33,52
327,79,33,52
328,80,32,52
327,80,33,52
327,81,36,52
327,81,33,53
328,81,32,53
327,82,32,52
327,83,32,52
327,83,32,52
326,84,33,52
325,84,33,48
325,85,33,47
325,86,33,48
324,87,33,50
324,87,33,51
323,87,34,51
322,88,34,50
323,88,33,51
322,89,33,51
322,89,32,51
321,90,33,50
321,90,32,50
321,91,32,49
320,91,33,51
321,91,31,49
321,92,31,49
321,92,31,51
320,92,30,48
319,92,31,49
320,93,29,48
319,93,29,44
319,94,29,47
317,95,30,47
317,95,30,47
315,96,32,46
316,96,30,48
316,96,30,47
313,97,32,48
315,98,30,46
314,98,30,49
313,101,31,46
311,100,32,48
311,101,32,46
309,102,34,45
310,103,32,45
308,104,34,45
309,105,33,43
309,106,33,44
306,107,36,44
305,108,36,44
305,109,36,44
304,110,36,44
304,111,36,44
303,112,37,44
300,113,39,44
302,114,37,44
302,115,37,44
301,116,38,44
299,116,39,43
300,117,38,37
299,118,38,44
298,119,39,44
298,119,38,41
296,120,40,39
294,121,41,39
295,121,40,39
293,123,41,45
292,123,41,37
292,124,40,46
291,124,40,44
290,126,40,37
289,126,43,39
289,128,42,37
288,131,42,35
287,131,42,38
287,132,40,37
288,134,38,37
290,135,35,37
287,140,38,34
287,139,38,38
286,142,38,36
284,143,39,39
283,147,39,40
282,149,39,42
283,151,38,46
281,153,39,38
281,156,36,40
280,155,37,43
280,161,38,38
280,163,40,38
280,163,40,41
280,164,40,41
278,163,42,46
278,162,41,47
279,167,40,44
279,169,40,41
278,172,41,45
276,173,42,43
276,174,42,40
277,174,41,43
277,177,40,40
277,178,39,36
274,174,40,41
274,176,40,43
274,177,39,43
274,177,38,43
272,178,39,42
271,178,39,43
271,179,38,43
269,179,39,43
