NaN,NaN,NaN,-1
131.24,50.377,36.5,89.647
131.26,50.489,36.5,89.647
131.31,50.946,36.5,89.647
131.31,51.359,36.5,89.647
131.37,51.995,36.5,89.647
131.38,52.268,36.5,89.647
131.43,53.091,36.5,89.647
131.29,54.906,36.5,89.647
131.32,55.905,36.5,89.647
131.27,57.779,36.5,89.647
131.43,61.33,36.5,89.647
131.29,63.113,36.5,89.647
131.34,65.059,36.5,89.647
131.41,68.469,36.5,89.647
134.02,74.4,36.5,89.647
136.09,79.309,36.5,89.647
138.88,83.38,36.5,89.647
143.94,88.61,36.5,89.647
149.99,93.2,36.5,89.647
156.91,97.319,36.5,89.647
164.01,101.39,36.5,89.647
170.95,104.18,36.5,89.647
180.82,106.76,36.5,89.647
187.72,108.92,36.5,89.647
196.01,109.23,36.5,89.647
204.77,108.95,36.5,89.647
211.58,108.6,36.5,89.647
218.57,109.79,36.5,89.647
223.21,109.72,36.5,89.647
226.34,109.74,36.5,89.647
228.27,109.11,36.5,89.647
229.37,108.13,36.5,89.647
229.83,107.84,36.135,88.751
227.61,108.34,36.135,88.751
218.79,107.6,36.135,88.751
210.82,107.93,36.135,88.751
202.01,107.69,36.135,88.751
190.55,105.73,36.135,88.751
179.58,107.66,36.135,88.751
170.47,110.58,35.774,87.863
159.78,112.38,35.416,86.984
150.33,112.6,35.416,86.984
144.15,112.62,35.416,86.984
134.14,112.68,35.416,86.984
127.31,116.22,35.062,86.115
116.94,114.58,35.062,86.115
110.13,117.68,35.062,86.115
104.1,117.88,35.062,86.115
97.47,117.58,35.062,86.115
94.315,117.63,34.711,85.253
88.838,118.8,34.364,84.401
84.064,114.63,34.364,84.401
83.768,112.6,34.364,84.401
83.771,108.59,34.364,84.401
82.063,99.732,34.364,84.401
83.228,94.709,34.364,84.401
84.005,87.817,34.364,84.401
85.314,79.721,34.364,84.401
90.364,70.961,34.708,85.245
92.636,63.087,34.708,85.245
96.261,59.58,34.708,85.245
99.891,56.742,34.708,85.245
106.82,53.096,34.708,85.245
113.87,49.92,34.708,85.245
121.86,48.731,34.708,85.245
129.94,47.702,34.708,85.245
139.59,49.017,34.708,85.245
146.94,49.225,34.708,85.245
157.35,51.006,35.055,86.097
163.76,55.241,35.055,86.097
171.73,58.123,35.055,86.097
178.67,58.459,35.055,86.097
189.75,58.926,35.405,86.958
198.77,59.144,35.759,87.828
207.16,59.87,36.117,88.706
213.72,60.702,36.478,89.593
219.49,59.883,36.843,90.489
222.16,61.247,36.843,90.489
224.14,60.983,36.843,90.489
226.21,58.874,36.843,90.489
224.49,57.237,36.843,90.489
218.04,55.732,36.843,90.489
207.73,51.512,36.843,90.489
199.24,49.689,36.843,90.489
187.76,46.51,36.843,90.489
179.1,44.389,36.843,90.489
168.52,41.732,36.843,90.489
159.98,41.698,36.843,90.489
147.69,37.644,36.843,90.489
139.15,38.49,36.843,90.489
127.98,39.595,37.211,91.394
118.91,41.707,37.211,91.394
109.79,44.393,37.211,91.394
100.8,46.604,37.211,91.394
91.858,48.696,37.211,91.394
84.101,52.784,37.211,91.394
80.013,56.134,37.211,91.394
77.291,59.729,37.211,91.394
76.728,64.451,37.211,91.394
77.232,69.454,37.211,91.394
78.879,74.374,37.211,91.394
81.782,80.455,37.211,91.394
86.784,86.834,37.211,91.394
88.565,92.16,36.839,90.48
93.731,99.425,36.839,90.48
94.484,105.03,36.471,89.575
98.522,111.38,36.106,88.68
101.29,117.63,36.106,88.68
104.21,120.85,36.106,88.68
107.09,123.21,36.106,88.68
112.49,124.93,36.106,88.68
117.23,124.03,36.106,88.68
123.5,124.16,36.106,88.68
129.82,120.96,36.106,88.68
137.93,119.74,36.106,88.68
144.93,114.36,36.106,88.68
151.46,110.79,36.106,88.68
158.13,108.26,36.106,88.68
166.36,104.27,36.106,88.68
173.1,102.14,36.106,88.68
179.42,99.113,36.106,88.68
184.72,94.815,36.106,88.68
191.42,92.588,36.106,88.68
196.53,87.741,36.106,88.68
202.46,84.566,36.106,88.68
206.86,83.268,36.106,88.68
213.29,79.629,36.106,88.68
216.65,77.696,36.106,88.68
220.9,75.903,36.106,88.68
224.46,72.567,36.106,88.68
226.3,69.598,36.106,88.68
227.35,67.736,35.745,87.793
227.44,63.837,35.388,86.915
223.51,61.871,35.034,86.046
215.86,57.535,35.034,86.046
209.97,54.767,35.034,86.046
202.36,54.393,35.034,86.046
193.27,50.66,35.034,86.046
182.8,48.773,35.034,86.046
173.93,46.779,35.034,86.046
164.82,46.439,35.034,86.046
156.26,46.23,35.034,86.046
145.58,44.513,35.034,86.046
136.59,40.5,35.034,86.046
129.63,38.779,35.384,86.906
117.65,35.716,35.384,86.906
111.77,36.706,35.738,87.775
105.52,35.609,36.095,88.653
99.396,35.489,36.095,88.653
95.076,36.048,36.095,88.653
92.976,37.47,36.095,88.653
91.097,38.617,36.095,88.653
90.725,40.299,36.095,88.653
91.251,40.831,36.095,88.653
93.609,43.23,36.095,88.653
97.052,46.485,36.095,88.653
100.94,49.515,36.095,88.653
103.15,51.923,36.095,88.653
105.87,56.705,36.095,88.653
108.99,60.068,36.095,88.653
110.98,61.847,36.095,88.653
112.34,63.412,36.095,88.653
114.09,64.44,36.095,88.653
114.83,65.227,35.734,87.766
120.58,65.415,35.734,87.766
120.81,65.815,35.377,86.889
123.47,66.057,35.023,86.02
127.33,64.81,34.673,85.16
135.3,63.04,34.673,85.16
139.24,64.574,34.326,84.308
145.26,64.945,33.983,83.465
152.26,61.899,33.643,82.63
156.19,62.306,33.307,81.804
160.5,59.955,32.974,80.986
164.68,60.436,32.644,80.176
166.56,60.315,32.317,79.374
168.63,59.621,31.994,78.581
172.39,59.58,31.674,77.795
176.88,60.881,31.358,77.017
181.13,62.184,31.358,77.017
185.25,61.935,31.044,76.247
192.86,63.773,30.734,75.484
198.62,64.167,30.734,75.484
202.84,63.763,30.734,75.484
206.43,60.34,31.041,76.239
208.83,57.699,31.041,76.239
210.87,55.741,31.041,76.239
214.15,53.208,31.351,77.001
214.39,51.643,31.351,77.001
214.4,51.556,31.351,77.001
218.48,49.634,31.665,77.771
218.77,51.678,31.348,76.994
221.29,59.394,31.035,76.224
226.07,71.383,30.724,75.462
227.47,78.944,30.417,74.707
227.4,86.052,30.113,73.96
228.3,92.155,29.812,73.22
228.74,99.771,29.514,72.488
226.43,103.36,29.219,71.763
221.69,106.03,29.219,71.763
221.5,108.07,28.926,71.046
217.82,108.81,28.637,70.335
213.54,108.37,28.351,69.632
208.2,110.05,28.634,70.328
197.81,105.25,28.348,69.625
187.97,105.91,28.348,69.625
177.91,105.37,28.348,69.625
165.48,109.45,28.631,70.321
157.97,108.67,28.918,71.024
142.96,102.13,28.629,70.314
129.97,102.71,28.915,71.017
122.46,100.54,28.915,71.017
109.88,98.606,28.915,71.017
98.717,97.843,28.915,71.017
90.547,96.586,28.915,71.017
83.359,93.846,28.915,71.017
78.786,92.519,28.915,71.017
70.536,87.068,29.204,71.727
68.626,84.056,29.496,72.445
66.655,78.745,29.791,73.169
66.407,75.288,29.493,72.437
67.186,66.545,29.493,72.437
74.11,56.337,29.788,73.162
76.566,51.225,29.49,72.43
82.573,37.355,29.195,71.706
88.123,28.782,28.903,70.989
98.92,26.959,29.192,71.699
99.819,20.525,29.192,71.699
102.84,11.572,29.192,71.699
108.25,4.6532,29.484,72.416
NaN,NaN,NaN,-2
NaN,NaN,NaN,0
NaN,NaN,NaN,0
NaN,NaN,NaN,0
NaN,NaN,NaN,0
NaN,NaN,NaN,-1
145.21,28.863,23.91,57.877
151.78,35.675,23.91,57.877
157.79,42.173,23.91,57.877
163.91,47.194,23.91,57.877
172.63,52.563,24.149,58.456
180.67,57.116,24.391,59.04
189.75,62.805,24.634,59.631
196.75,67.584,24.634,59.631
207.48,72.872,24.881,60.227
214.02,75.232,24.881,60.227
222.59,79.516,24.881,60.227
230.84,85.574,25.13,60.829
237.94,88.952,25.381,61.438
241.61,92.224,25.381,61.438
248.34,96.907,25.635,62.052
254.43,100.61,25.635,62.052
256.78,103.86,25.891,62.672
256.5,104.82,25.632,62.046
256.52,107.07,25.632,62.046
256.52,107.81,25.632,62.046
250.31,109.09,25.889,62.666
243.35,109.75,26.147,63.293
235.22,109.19,26.409,63.926
225.19,109,26.409,63.926
217.15,108.76,26.409,63.926
207.3,108.57,26.409,63.926
198.83,110.12,26.409,63.926
186.21,111.04,26.409,63.926
178.15,111.94,26.409,63.926
168.06,112.98,26.409,63.926
158.41,113.65,26.409,63.926
149.76,114.7,26.409,63.926
138.6,113.63,26.409,63.926
131.54,113.41,26.409,63.926
121.85,113.42,26.409,63.926
112.61,110.59,26.409,63.926
105.68,110.01,26.409,63.926
101.83,108.64,26.409,63.926
94.502,106.71,26.409,63.926
88.582,104.9,26.409,63.926
83.587,100.81,26.409,63.926
80.318,95.076,26.145,63.287
77.966,92.667,26.145,63.287
73.716,87.398,26.145,63.287
72.591,83.85,25.883,62.654
70.723,78.7,25.625,62.027
68.89,72.865,25.368,61.407
67.556,67.427,25.368,61.407
66.81,61.765,25.368,61.407
64.781,53.754,25.115,60.793
64.986,45.805,24.863,60.185
65.16,40.807,24.615,59.583
67.416,33.622,24.615,59.583
67.388,33.536,24.615,59.583
66.72,29.938,24.615,59.583
66.658,28.503,24.615,59.583
65.607,24.713,24.615,59.583
63.418,28.03,24.861,60.179
61.664,31.777,24.861,60.179
57.254,37.81,25.11,60.781
56.613,40.551,25.11,60.781
54.556,44.072,25.11,60.781
53.628,46.533,25.11,60.781
53.635,48.707,25.11,60.781
53.822,51.796,25.11,60.781
54.268,52.548,24.858,60.173
57.997,56.653,25.107,60.775
61.442,60.432,25.107,60.775
64.738,65.257,25.107,60.775
68.467,72.424,24.856,60.167
72.65,79.48,24.856,60.167
77.92,86.038,24.856,60.167
83.878,91.721,24.856,60.167
90.859,98.03,24.856,60.167
99.347,101.43,24.856,60.167
107.78,105.17,24.856,60.167
117.52,105.05,24.856,60.167
129.75,107.25,25.105,60.769
140.24,107.53,25.356,61.376
151.92,106.28,25.609,61.99
162.48,101.92,25.609,61.99
172.86,98.393,25.865,62.61
181.5,94.664,25.865,62.61
185.86,89.583,25.607,61.984
192.19,88.195,25.351,61.364
197.93,88.049,25.604,61.978
198.73,86.973,25.348,61.358
199.02,86.816,25.094,60.744
198.89,84.776,24.844,60.137
197.16,81.795,24.595,59.535
194.21,77.599,24.595,59.535
190.08,72.564,24.595,59.535
182.35,68.451,24.841,60.131
174.71,65.504,25.089,60.732
168.87,62.618,25.089,60.732
166.86,61.233,25.089,60.732
157.82,58.492,25.089,60.732
152.11,58.01,25.34,61.339
142.33,57.335,25.594,61.953
138.07,61.759,25.594,61.953
129.97,65.088,25.594,61.953
123.94,72.037,25.594,61.953
117.95,77.154,25.594,61.953
113.87,82.654,25.594,61.953
111.51,88.299,25.594,61.953
110.06,89.752,25.338,61.333
112.97,93.623,25.084,60.72
117.54,95.096,24.834,60.113
125.84,96.089,24.834,60.113
134.32,97.126,24.585,59.512
144.15,96.409,24.339,58.916
154.46,95.257,24.096,58.327
164.31,95.966,23.855,57.744
173.61,94.982,23.617,57.167
182.34,95.34,23.38,56.595
189.75,97.49,23.147,56.029
196.76,101.23,23.147,56.029
202.39,102.61,22.915,55.469
205.71,106.54,22.915,55.469
209.63,109.34,22.915,55.469
211.11,113.42,22.686,54.914
211.04,116.91,22.686,54.914
209.76,119.28,22.913,55.463
203.97,123.82,23.142,56.018
197.94,128.85,23.373,56.578
194.78,130.8,23.607,57.144
185.1,131.17,23.843,57.715
178.95,130.65,24.082,58.292
169.68,128.9,24.322,58.875
159.39,127.18,24.566,59.464
149.67,124.56,24.811,60.059
139.11,118.77,24.811,60.059
131.01,116.23,25.059,60.659
121.43,112.25,25.31,61.266
110.79,100.66,25.057,60.653
101.76,99.904,25.057,60.653
92.762,93.629,25.057,60.653
85.512,87.696,25.057,60.653
75.914,77.032,24.806,60.047
69.778,71.094,24.558,59.446
69.651,70.795,24.558,59.446
68.008,62.503,24.558,59.446
66.672,59.008,24.313,58.852
69.652,51.249,24.556,59.44
74.714,46.396,24.801,60.035
78.591,42.539,24.801,60.035
84.08,35.917,24.801,60.035
90.268,32.958,24.801,60.035
93.817,29.912,24.553,59.434
98.779,29.582,24.553,59.434
104.68,27.496,24.799,60.029
106.36,27.096,24.551,59.428
110.86,27.396,24.551,59.428
114.75,30.513,24.551,59.428
118.93,34.215,24.551,59.428
123.05,37.688,24.551,59.428
128.66,44.133,24.796,60.023
131.64,47.565,24.796,60.023
134.1,51.45,24.548,59.422
137.89,56.382,24.794,60.017
140.84,58.941,25.042,60.617
143.49,59.777,24.791,60.011
146.42,62.143,24.791,60.011
148.18,62.683,24.544,59.41
151.79,65.031,24.789,60.005
152.02,65.612,24.541,59.405
152.83,66.22,24.296,58.811
