NaN,NaN,NaN,-1
205,111,28,103
204,110,28,103
202,109,28,102
201,107,28,102
201,107,28,103
201,105,28,103
202,104,28,103
204,103,28,102
205,103,27,100
207,102,27,98
210,102,27,98
213,102,27,98
214,103,27,97
213,104,26,96
212,105,26,96
212,104,27,96
211,103,27,98
210,103,27,97
209,101,27,99
210,100,27,99
211,98,27,100
211,98,28,101
212,97,28,101
213,97,28,101
213,98,28,101
214,98,27,99
214,98,27,98
214,97,27,98
214,96,27,98
215,94,28,100
216,92,28,101
217,93,27,99
218,94,27,97
219,94,27,97
219,94,27,97
219,95,27,97
219,95,26,96
220,95,26,94
220,95,26,94
220,96,26,95
220,98,26,96
219,100,26,96
220,103,26,96
221,106,26,96
220,107,27,96
220,107,27,97
220,109,27,97
218,110,27,97
216,110,26,96
213,110,26,94
209,109,26,94
204,107,26,96
200,105,26,96
197,103,26,96
196,101,26,95
195,100,26,95
194,100,26,96
195,103,26,94
196,105,26,94
197,106,26,94
199,108,26,93
200,110,26,93
202,110,26,94
202,109,26,96
200,108,27,98
198,108,27,98
200,108,26,96
202,108,26,95
205,108,26,93
213,107,26,93
220,106,25,92
224,103,26,93
223,101,25,92
220,101,25,92
214,100,26,93
208,100,25,92
201,102,25,90
196,101,25,91
194,98,25,90
193,93,25,92
194,86,25,92
197,80,25,91
199,76,25,90
200,74,25,91
201,72,25,92
202,71,25,92
203,71,26,93
203,73,26,95
203,79,26,94
202,86,25,92
202,92,25,92
202,96,25,92
203,99,25,91
204,102,24,89
207,106,24,88
209,110,24,86
210,115,23,85
209,121,23,85
207,126,23,85
206,128,23,85
206,130,23,85
206,132,23,84
206,133,23,85
206,133,23,85
205,133,23,85
205,134,23,83
206,133,22,82
206,131,22,82
207,129,22,81
208,127,22,81
208,125,22,80
208,122,22,81
208,121,22,81
208,119,22,80
209,118,22,79
210,118,22,79
211,119,22,79
212,120,22,79
212,121,22,79
212,122,22,79
213,123,21,78
214,124,21,77
214,125,21,76
215,126,21,77
217,126,21,78
218,125,22,79
219,126,22,80
220,126,22,80
222,127,22,81
224,128,22,81
225,129,22,81
227,130,22,81
227,130,23,83
228,130,23,83
229,130,23,84
229,130,23,85
230,129,24,86
232,128,24,88
233,127,25,89
233,126,25,91
234,125,25,90
235,124,24,89
235,123,25,89
235,122,24,89
235,122,25,89
234,121,25,90
234,121,25,90
233,120,25,90
233,118,25,91
233,116,25,92
232,114,26,93
232,113,26,95
233,113,26,93
233,113,25,91
234,112,25,91
234,112,25,91
234,111,25,92
234,111,25,92
234,110,26,93
235,109,26,94
236,107,26,96
237,106,27,97
237,105,27,98
238,105,27,99
238,105,27,99
238,105,27,99
239,106,27,98
238,107,26,95
238,107,26,94
236,107,26,93
235,108,25,92
233,107,25,92
231,106,25,93
229,105,26,95
227,104,27,96
225,103,27,98
223,103,27,98
222,103,27,98
221,103,27,98
221,102,27,98
220,102,27,98
219,102,27,98
218,101,27,98
218,101,27,99
218,101,27,99
218,101,27,99
218,101,27,99
218,102,27,99
218,103,27,98
218,104,27,97
218,107,26,95
219,108,25,93
218,109,25,92
218,108,25,92
218,108,25,93
218,107,26,94
219,106,26,94
219,105,26,94
219,105,26,94
218,105,26,94
217,106,26,94
216,107,25,91
214,107,26,94
212,108,26,93
211,109,25,93
210,108,26,93
210,108,26,93
210,107,26,94
210,108,26,96
210,109,26,96
211,112,26,96
211,115,26,96
212,119,26,95
212,123,26,95
213,127,26,93
213,131,25,92
212,133,25,92
211,134,25,92
211,134,26,94
210,134,26,96
213,135,26,96
216,136,26,95
220,137,26,96
222,138,26,96
225,138,26,96
228,138,26,96
NaN,NaN,NaN,-2
NaN,NaN,NaN,0
NaN,NaN,NaN,0
NaN,NaN,NaN,0
NaN,NaN,NaN,0
NaN,NaN,NaN,-1
198,129,28,93
199,129,29,94
199,129,29,94
200,129,29,95
201,129,29,96
203,130,29,96
206,130,29,96
210,131,29,96
214,131,29,96
217,132,29,96
221,133,29,97
NaN,NaN,NaN,-2
NaN,NaN,NaN,0
NaN,NaN,NaN,0
NaN,NaN,NaN,0
NaN,NaN,NaN,0
NaN,NaN,NaN,-1
205,125,28,93
205,125,28,93
206,123,28,93
205,120,29,96
205,118,29,96
206,116,29,96
206,113,30,97
207,112,29,94
206,111,29,94
206,110,29,94
205,110,29,94
206,111,28,93
206,111,28,92
205,112,28,91
204,112,27,90
203,113,27,90
202,114,27,88
201,115,27,88
200,115,27,88
200,115,27,89
199,115,27,88
199,115,27,88
199,115,27,88
198,116,27,87
197,117,26,86
194,117,26,85
191,117,26,85
190,116,26,84
188,115,26,85
186,114,26,85
184,113,25,83
184,112,25,82
183,112,25,81
181,111,24,80
180,110,24,79
179,108,23,77
179,107,23,76
178,105,23,75
177,105,23,74
174,104,23,74
171,103,23,74
170,101,23,75
171,98,23,75
171,95,23,75
170,93,23,75
171,92,23,75
170,91,23,76
169,91,23,76
167,90,23,75
165,90,23,75
163,89,23,75
161,88,23,77
160,87,23,77
159,87,23,76
158,86,23,75
158,85,23,75
157,85,23,74
156,85,23,74
155,87,22,74
154,88,22,74
153,91,22,72
150,92,22,72
148,93,22,71
147,93,22,72
147,92,22,73
147,91,22,73
146,90,22,73
145,89,23,74
145,89,23,75
144,88,23,76
143,89,23,77
142,89,23,77
141,89,23,77
140,88,24,78
139,88,24,79
138,87,24,79
138,87,24,79
138,88,24,78
138,88,24,78
139,88,23,77
140,89,23,77
141,91,23,77
142,94,24,78
143,96,24,78
144,101,23,77
145,104,23,76
147,105,23,77
149,106,24,78
154,104,24,79
164,103,24,80
171,101,25,81
172,100,25,83
172,99,26,84
172,99,26,86
172,99,27,88
169,98,28,90
166,99,27,90
162,99,28,91
159,98,28,93
155,97,29,96
152,97,29,96
151,97,29,95
150,96,29,94
148,96,29,94
147,96,28,93
148,96,28,93
148,96,28,93
148,97,28,93
148,97,28,93
147,97,28,93
145,96,29,94
143,94,29,96
144,90,29,96
145,87,29,95
145,86,29,94
145,85,29,94
149,85,29,94
157,87,29,94
162,88,28,93
164,92,28,90
166,96,27,90
168,101,27,88
167,105,26,87
168,108,27,88
168,110,27,89
168,112,27,89
168,114,27,88
169,115,26,87
169,117,26,87
168,118,26,86
166,120,26,85
166,122,25,83
164,124,25,81
161,124,24,79
160,123,24,79
160,120,24,80
160,115,25,81
160,109,25,82
160,104,25,82
162,100,25,83
165,95,25,82
168,90,25,82
172,87,25,82
175,85,25,81
176,85,25,81
176,86,24,80
177,87,24,80
177,87,25,82
175,89,25,83
172,93,26,85
169,97,26,84
165,101,26,84
161,104,25,83
157,108,25,84
153,112,25,84
150,116,25,83
148,119,24,80
146,121,24,79
146,122,24,80
146,121,25,82
147,120,26,84
150,117,25,83
152,115,26,84
154,113,26,84
155,111,25,83
157,109,25,82
160,107,25,82
161,104,25,82
163,104,25,81
164,102,24,80
165,99,24,80
165,97,25,82
166,94,25,83
167,92,25,82
167,91,26,84
166,90,26,84
165,90,26,85
164,90,26,85
163,90,26,85
161,91,26,85
160,91,26,84
158,91,26,85
155,91,26,86
152,90,26,86
150,89,26,87
148,88,27,87
147,87,27,87
146,86,27,88
147,86,27,89
147,84,27,89
148,82,27,88
149,79,27,87
150,78,26,87
151,76,27,89
151,75,28,91
152,74,28,93
154,72,29,96
155,71,30,99
159,70,31,102
164,71,32,104
166,73,32,105
166,80,32,106
168,84,32,106
169,88,32,106
169,93,32,105
169,95,32,104
169,95,33,107
170,95,33,108
172,97,33,108
173,99,33,109
174,100,33,109
176,102,33,109
177,104,33,109
175,107,33,109
175,111,33,109
175,113,33,109
175,115,33,109
174,117,33,109
175,119,33,108
176,121,33,108
177,123,33,108
178,124,33,108
180,125,33,108
181,126,33,109
NaN,NaN,NaN,-2
NaN,NaN,NaN,0
NaN,NaN,NaN,0
NaN,NaN,NaN,0
NaN,NaN,NaN,0
NaN,NaN,NaN,-1
150,110,33,88
150,107,32,87
149,106,33,88
148,103,34,90
149,100,34,91
149,98,34,91
150,97,34,92
153,95,34,91
157,92,34,91
160,90,34,91
162,88,34,91
163,85,34,92
163,84,34,92
163,83,34,92
164,82,34,93
163,82,35,93
163,81,35,95
163,81,35,95
163,81,35,95
164,80,36,96
165,81,36,96
166,81,36,96
167,81,36,96
168,81,35,95
168,80,35,95
167,79,35,94
167,78,35,95
167,77,35,94
166,76,35,95
165,76,35,95
163,76,36,96
161,76,36,96
159,77,36,96
158,77,36,96
156,77,36,96
154,78,36,97
151,77,36,98
148,76,37,99
146,75,37,99
144,74,36,98
142,72,38,101
141,72,38,102
142,73,37,100
142,73,37,101
141,73,38,101
142,73,38,102
141,73,38,102
142,73,38,102
143,74,38,101
144,75,37,101
146,76,37,100
148,78,37,100
149,81,37,101
152,85,38,102
156,91,38,102
160,96,38,102
164,102,38,102
170,107,38,103
178,110,38,103
NaN,NaN,NaN,-2
NaN,NaN,NaN,0
NaN,NaN,NaN,0
NaN,NaN,NaN,0
NaN,NaN,NaN,0
NaN,NaN,NaN,-1
153,105,23,75
153,100,23,75
153,96,23,75
153,95,23,74
153,93,22,73
151,92,22,72
151,91,22,72
151,90,22,73
147,88,23,75
140,86,24,78
134,83,25,82
130,78,27,87
123,71,30,97
117,62,34,109
117,53,37,119
135,36,42,137
158,30,44,141
183,24,44,141
219,20,44,144
242,13,49,157
231,15,47,153
225,19,45,147
241,22,44,144
257,22,42,137
257,21,43,139
254,23,44,143
249,25,45,145
243,34,44,141
246,51,43,140
251,56,43,139
250,61,44,142
241,73,44,143
229,87,44,144
213,96,46,148
204,99,46,150
197,99,47,152
193,100,47,150
188,101,46,148
184,100,46,147
186,97,45,144
191,94,45,144
192,89,45,144
197,85,45,146
202,82,46,148
206,83,45,144
206,80,47,150
208,83,46,149
210,89,46,149
206,95,46,149
205,97,46,149
208,100,46,149
205,103,46,148
