NaN,NaN,NaN,-1
205,120,27,105
204,119,27,105
202,118,27,105
201,116,27,104
201,115,27,105
201,114,28,106
202,113,28,106
203,112,28,107
205,111,28,106
207,110,27,105
209,110,28,106
212,110,27,105
213,111,27,104
213,112,27,104
212,112,27,104
211,112,27,104
210,110,28,106
208,109,28,108
207,107,29,112
208,106,29,112
209,105,29,113
210,104,29,113
210,104,29,111
211,104,29,112
212,104,29,110
212,104,29,110
212,104,28,109
212,103,28,109
212,102,28,109
213,100,29,111
213,99,29,112
215,100,29,110
216,100,28,109
217,100,28,108
217,100,28,109
217,101,28,107
217,101,28,107
217,101,28,108
218,101,28,107
218,102,28,107
217,105,28,109
217,107,28,109
218,110,28,108
218,112,28,108
218,113,29,110
217,114,29,110
217,115,28,109
216,116,28,108
213,117,28,107
210,116,28,106
206,116,27,105
202,114,28,106
198,112,28,106
195,109,28,106
194,107,28,107
193,106,28,107
192,107,28,106
192,109,28,107
193,111,28,107
194,112,28,107
196,113,28,108
197,115,28,108
198,116,28,109
199,115,29,109
197,114,29,110
195,113,29,110
197,114,29,109
199,113,29,110
202,112,29,111
209,112,29,111
216,110,29,112
220,107,29,110
220,105,29,110
216,105,29,110
210,104,29,111
204,104,29,111
197,105,29,113
192,104,30,115
189,101,30,116
188,96,30,114
189,89,30,115
192,83,30,115
194,79,30,116
195,77,30,116
196,75,30,116
197,75,30,115
198,74,31,117
198,76,31,120
197,81,32,122
197,88,31,120
197,95,31,119
198,99,31,119
198,102,31,120
199,105,31,119
202,109,31,118
204,112,31,118
204,117,30,116
203,123,30,116
201,127,31,117
200,129,31,121
200,131,32,122
200,133,32,123
200,133,32,124
200,133,32,124
199,133,33,125
198,133,33,126
199,133,32,122
200,130,32,122
201,128,32,122
202,126,32,121
202,124,31,121
201,122,31,120
202,120,31,118
202,119,30,116
202,118,31,117
203,118,30,117
204,118,30,116
205,119,30,115
206,121,30,113
207,122,29,112
207,123,29,111
207,124,29,112
208,125,29,110
210,126,29,110
212,126,29,111
212,126,29,113
214,126,29,113
215,126,30,114
217,127,30,114
219,128,30,114
220,129,30,114
221,130,30,114
222,131,30,115
223,131,30,116
224,131,31,117
225,131,31,117
225,131,31,118
227,129,31,119
228,128,31,121
230,127,31,118
231,126,31,120
232,126,31,119
232,125,31,117
232,124,30,117
232,124,31,118
231,123,31,118
231,122,31,118
230,121,31,120
230,120,32,122
230,118,32,124
230,116,32,121
230,116,32,121
231,115,32,122
230,114,33,126
230,114,33,127
230,113,33,127
230,112,33,128
230,112,34,129
230,111,34,130
231,110,35,133
232,109,34,130
233,108,34,131
234,107,34,132
234,107,35,132
235,107,35,133
235,107,35,133
235,108,34,131
234,108,35,132
233,108,34,132
232,108,35,133
229,108,35,133
228,107,35,134
226,107,36,136
224,106,36,137
222,105,36,138
223,105,36,138
224,105,36,138
226,105,36,138
228,105,36,138
231,104,36,138
233,104,36,138
236,105,36,138
239,105,36,138
NaN,NaN,NaN,-2
NaN,NaN,NaN,0
NaN,NaN,NaN,0
NaN,NaN,NaN,0
NaN,NaN,NaN,0
NaN,NaN,NaN,-1
215,108,27,94
218,109,27,94
221,111,27,94
225,111,27,93
228,112,27,93
231,112,27,93
235,112,27,94
238,112,27,94
NaN,NaN,NaN,-2
NaN,NaN,NaN,0
NaN,NaN,NaN,0
NaN,NaN,NaN,0
NaN,NaN,NaN,0
NaN,NaN,NaN,-1
211,110,28,94
213,111,28,94
216,112,28,94
219,112,28,94
222,113,28,94
225,114,28,94
228,117,28,94
NaN,NaN,NaN,-2
NaN,NaN,NaN,0
NaN,NaN,NaN,0
NaN,NaN,NaN,0
NaN,NaN,NaN,0
NaN,NaN,NaN,-1
202,134,27,94
201,134,28,95
201,135,28,97
200,135,29,98
200,134,29,100
200,135,29,100
201,135,29,101
203,136,29,100
206,136,29,100
209,136,29,100
212,136,29,100
215,136,29,100
217,137,29,101
219,138,29,101
221,138,29,100
222,139,29,101
223,139,29,101
224,140,29,101
NaN,NaN,NaN,-2
NaN,NaN,NaN,0
NaN,NaN,NaN,0
NaN,NaN,NaN,0
NaN,NaN,NaN,0
NaN,NaN,NaN,-1
192,135,28,96
192,135,28,97
193,134,29,100
194,134,29,101
197,133,30,104
200,132,31,105
204,133,31,106
206,133,31,108
208,132,32,109
210,131,32,109
210,131,32,110
211,129,32,111
211,126,33,113
211,123,34,115
212,121,34,117
212,118,35,120
212,116,35,121
213,115,36,122
215,115,36,122
217,115,36,123
218,115,36,123
220,115,36,123
222,116,36,123
223,117,36,123
225,118,36,123
227,119,36,124
229,121,36,124
230,122,36,124
NaN,NaN,NaN,-2
NaN,NaN,NaN,0
NaN,NaN,NaN,0
NaN,NaN,NaN,0
NaN,NaN,NaN,0
NaN,NaN,NaN,-1
194,126,27,89
191,125,27,89
190,125,27,88
188,124,27,88
186,123,27,89
184,122,27,87
183,121,27,87
182,121,26,86
181,120,26,84
179,118,25,82
178,116,25,81
178,115,25,80
178,113,24,79
176,112,24,78
173,112,24,78
170,111,24,78
170,109,24,78
170,106,24,79
170,103,24,80
170,101,24,80
170,99,24,79
169,99,24,79
168,98,24,79
166,98,24,78
164,97,24,79
162,97,24,79
160,96,25,80
158,95,25,80
157,94,25,83
158,92,26,84
159,91,26,86
160,90,27,87
161,90,27,88
161,91,27,89
162,93,27,89
163,95,27,89
164,96,27,89
165,98,27,89
167,99,27,89
169,99,28,90
NaN,NaN,NaN,-2
NaN,NaN,NaN,0
NaN,NaN,NaN,0
NaN,NaN,NaN,0
NaN,NaN,NaN,0
NaN,NaN,NaN,-1
137,96,27,80
136,96,27,80
135,96,27,81
134,96,28,82
133,95,28,83
133,94,29,84
133,95,28,84
133,95,28,84
133,95,28,83
134,96,29,84
135,98,29,85
136,101,29,85
138,104,28,84
139,108,28,83
140,111,28,82
141,112,28,83
144,113,29,84
149,111,29,86
159,110,29,87
166,108,30,88
167,108,30,90
167,107,31,91
167,107,31,93
166,106,32,95
164,106,33,98
160,106,33,98
156,106,34,100
153,106,34,100
150,106,35,102
147,105,35,103
146,105,35,103
144,104,34,102
142,104,35,104
141,103,35,104
142,103,35,104
142,104,35,105
142,104,35,104
141,105,35,103
141,105,35,103
139,104,35,103
137,102,36,105
137,97,37,109
138,94,37,108
138,92,37,109
138,92,37,110
142,92,37,108
150,93,36,107
155,95,36,106
157,98,35,103
159,103,35,103
161,107,34,100
161,111,34,99
161,114,34,100
162,116,34,101
162,118,35,103
161,120,35,104
162,120,35,104
162,122,35,104
161,123,35,103
160,124,34,102
159,126,34,100
157,127,33,99
154,128,33,97
153,127,32,96
153,124,33,96
153,119,33,97
153,113,33,98
153,108,34,99
155,104,34,100
158,98,34,100
161,94,34,100
164,91,34,99
168,89,34,99
169,88,34,100
169,89,34,99
170,90,34,99
170,91,34,101
168,93,35,103
165,96,36,106
162,100,36,107
157,103,37,109
154,107,37,109
150,111,37,110
146,115,37,109
143,119,36,107
141,122,35,105
139,123,36,105
139,123,36,106
139,123,37,109
141,122,37,110
143,120,37,109
146,118,37,109
148,115,37,110
148,113,37,110
150,111,38,111
153,108,37,110
155,105,37,110
156,105,37,110
157,103,37,108
158,100,37,110
158,97,38,113
159,94,39,116
160,92,40,118
160,90,41,120
159,90,41,122
158,89,42,123
157,89,42,124
156,89,42,125
155,89,43,126
154,90,42,125
152,89,43,126
149,89,43,127
148,89,44,128
148,89,43,128
148,89,44,129
148,89,43,128
150,89,43,128
151,89,44,129
152,87,44,129
155,85,44,129
156,82,44,130
159,80,44,130
160,79,44,131
163,79,44,131
166,79,44,130
169,79,44,131
173,80,44,130
179,82,44,131
186,84,44,130
NaN,NaN,NaN,-2
NaN,NaN,NaN,0
NaN,NaN,NaN,0
NaN,NaN,NaN,0
NaN,NaN,NaN,0
NaN,NaN,NaN,-1
163,103,31,90
163,103,32,93
163,104,32,93
162,104,32,93
162,105,32,93
163,106,32,93
163,108,32,94
161,111,32,94
160,114,32,94
159,116,32,94
158,117,32,94
157,119,32,95
156,119,33,96
156,119,34,99
155,119,34,101
156,119,35,102
156,118,36,104
158,118,36,105
160,119,36,105
161,119,36,106
162,120,36,106
164,120,36,106
166,120,36,107
167,120,36,107
169,119,36,106
171,117,36,106
173,117,36,106
174,117,36,106
176,115,36,106
178,114,36,106
180,113,36,106
183,110,36,107
NaN,NaN,NaN,-2
NaN,NaN,NaN,0
NaN,NaN,NaN,0
NaN,NaN,NaN,0
NaN,NaN,NaN,0
NaN,NaN,NaN,-1
162,99,31,85
162,99,31,85
161,98,31,86
161,98,32,86
161,98,32,87
161,99,32,87
162,99,32,86
163,99,31,85
163,99,31,85
164,99,31,85
164,98,31,86
164,97,32,87
164,95,32,88
163,94,32,88
162,94,32,88
161,93,33,89
158,93,33,90
156,94,33,90
154,94,33,90
152,95,33,90
150,95,33,90
148,95,33,90
145,95,33,91
142,94,34,92
140,93,34,92
137,92,34,93
135,91,34,94
134,90,35,95
134,90,35,95
133,90,35,95
132,90,35,96
132,91,35,95
131,91,35,94
130,91,35,94
129,90,35,96
129,90,35,96
129,90,35,95
129,91,35,96
129,93,36,97
131,98,35,96
134,103,35,96
137,109,35,97
140,114,35,96
146,119,35,96
153,122,35,96
155,124,35,97
155,124,36,98
155,124,36,99
155,121,37,100
154,116,37,100
154,113,37,102
154,109,38,104
155,104,38,105
156,99,39,106
157,97,39,106
156,95,39,107
155,92,40,109
157,92,40,109
158,92,40,109
157,91,41,112
150,89,43,118
146,86,46,126
144,81,50,137
140,74,57,154
137,66,63,173
142,55,72,195
166,39,82,222
NaN,NaN,NaN,-2
NaN,NaN,NaN,0
NaN,NaN,NaN,0
NaN,NaN,NaN,0
NaN,NaN,NaN,0
NaN,NaN,NaN,-1
235,33,45,147
250,30,45,145
249,31,45,146
245,34,45,147
240,36,46,149
235,44,45,148
235,44,45,148
235,44,45,148
235,44,45,148
235,44,45,148
235,44,45,148
235,44,45,148
235,44,45,148
235,44,45,148
NaN,NaN,NaN,-2
NaN,NaN,NaN,0
NaN,NaN,NaN,0
NaN,NaN,NaN,0
NaN,NaN,NaN,0
NaN,NaN,NaN,-1
182,89,53,158
188,87,53,159
192,88,53,157
192,86,53,158
193,89,51,152
193,95,47,141
187,99,48,144
185,103,46,136
186,106,46,137
182,109,46,137
