NaN,NaN,NaN,-1
216,106,30,110
214,104,30,110
213,103,30,110
213,101,30,110
211,100,30,110
209,100,30,110
208,100,30,110
208,100,30,110
204,102,30,110
205,103,30,110
215,102,30,110
219,100,30,110
221,100,30,110
222,100,30,110
224,100,30,110
224,101,30,110
224,100,30,110
221,100,30,110
217,100,30,110
214,99,30,110
214,100,30,110
214,101,30,110
215,101,30,110
219,101,30,110
221,99,30,110
222,98,30,110
222,97,30,110
220,95,30,110
220,94,30,110
219,94,30,110
218,94,30,110
220,96,30,110
223,95,30,110
223,94,30,110
225,94,30,110
226,94,30,110
228,94,30,110
230,94,30,110
231,93,30,110
231,94,30,110
229,96,30,110
220,98,30,110
219,104,30,110
218,108,30,110
218,110,30,110
222,112,30,110
224,112,30,110
225,111,30,110
225,112,30,110
222,110,30,110
218,109,30,110
210,105,30,110
203,103,30,110
196,101,30,110
194,105,30,110
193,103,30,110
193,101,30,110
195,102,30,110
198,103,30,110
200,102,30,110
202,104,30,110
203,106,30,110
204,106,30,110
204,106,30,110
200,106,30,110
197,106,30,110
199,105,30,110
202,105,30,110
208,105,30,110
202,106,30,110
210,101,30,110
215,96,30,110
216,93,30,110
213,93,30,110
207,93,30,110
201,95,30,110
195,98,30,110
196,98,30,110
193,94,30,110
192,88,30,110
195,81,30,110
199,75,30,110
203,71,30,110
204,69,30,110
205,68,30,110
206,67,30,110
207,68,30,110
205,70,30,110
204,75,30,110
202,82,30,110
202,88,30,110
203,94,30,110
206,98,30,110
209,102,30,110
213,106,30,110
217,109,30,110
219,113,30,110
218,118,30,110
216,119,30,110
214,124,30,110
211,126,30,110
208,129,30,110
205,130,30,110
205,129,30,110
204,127,30,110
206,127,30,110
208,125,30,110
210,123,30,110
213,121,30,110
215,118,30,110
216,111,30,110
204,109,30,110
206,107,30,110
209,106,30,110
210,104,30,110
212,103,30,110
215,103,30,110
218,104,30,110
221,105,30,110
223,105,30,110
226,105,30,110
231,107,30,110
235,108,30,110
NaN,NaN,NaN,-2
NaN,NaN,NaN,0
NaN,NaN,NaN,0
NaN,NaN,NaN,0
NaN,NaN,NaN,0
NaN,NaN,NaN,-1
226,129,30,99
229,130,30,99
230,131,30,99
232,133,30,99
234,133,30,99
236,135,30,99
238,137,30,99
244,137,30,99
247,137,30,99
257,136,30,99
NaN,NaN,NaN,-2
NaN,NaN,NaN,0
NaN,NaN,NaN,0
NaN,NaN,NaN,0
NaN,NaN,NaN,0
NaN,NaN,NaN,-1
244,120,30,99
247,119,30,99
250,119,30,99
254,118,30,99
257,118,30,99
NaN,NaN,NaN,-2
NaN,NaN,NaN,0
NaN,NaN,NaN,0
NaN,NaN,NaN,0
NaN,NaN,NaN,0
NaN,NaN,NaN,-1
225,124,30,99
228,124,30,99
229,124,30,99
230,125,30,99
232,125,30,99
231,125,30,99
232,124,30,99
235,125,30,99
236,125,30,99
238,123,30,99
239,122,30,99
239,123,30,99
240,124,30,99
240,127,30,99
240,130,30,99
239,130,30,99
239,132,30,99
243,129,30,99
249,123,30,99
251,123,30,99
NaN,NaN,NaN,-2
NaN,NaN,NaN,0
NaN,NaN,NaN,0
NaN,NaN,NaN,0
NaN,NaN,NaN,0
NaN,NaN,NaN,-1
214,101,30,99
214,101,30,99
213,103,30,99
213,104,30,99
213,104,30,99
214,108,30,99
213,103,30,99
214,104,30,99
213,104,30,99
213,104,30,99
213,104,30,99
213,104,30,99
212,104,30,99
211,105,30,99
211,104,30,99
211,104,30,99
213,103,30,99
213,102,30,99
212,101,30,99
213,102,30,99
213,103,30,99
212,103,30,99
212,103,30,99
212,103,30,99
221,105,30,99
220,104,30,99
NaN,NaN,NaN,-2
NaN,NaN,NaN,0
NaN,NaN,NaN,0
NaN,NaN,NaN,0
NaN,NaN,NaN,0
NaN,NaN,NaN,-1
200,109,30,99
201,113,30,99
201,115,30,99
200,116,30,99
201,117,30,99
200,118,30,99
200,118,30,99
202,118,30,99
204,117,30,99
205,118,30,99
205,118,30,99
206,118,30,99
207,117,30,99
206,117,30,99
204,117,30,99
203,118,30,99
202,118,30,99
201,117,30,99
199,116,30,99
198,116,30,99
195,116,30,99
195,115,30,99
195,116,30,99
195,116,30,99
194,116,30,99
195,117,30,99
195,116,30,99
194,117,30,99
195,117,30,99
196,117,30,99
199,116,30,99
202,115,30,99
205,115,30,99
207,115,30,99
209,115,30,99
210,115,30,99
211,114,30,99
211,113,30,99
211,111,30,99
211,110,30,99
211,108,30,99
211,104,30,99
212,101,30,99
213,101,30,99
214,101,30,99
215,101,30,99
216,101,30,99
216,102,30,99
215,102,30,99
213,102,30,99
211,103,30,99
209,104,30,99
207,105,30,99
205,105,30,99
205,104,30,99
203,103,30,99
203,102,30,99
202,102,30,99
201,103,30,99
200,103,30,99
197,103,30,99
194,103,30,99
192,102,30,99
190,101,30,99
187,100,30,99
185,98,30,99
185,96,30,99
185,95,30,99
185,95,30,99
183,93,30,99
183,90,30,99
183,88,30,99
183,86,30,99
181,84,30,99
177,84,30,99
173,82,30,99
172,80,30,99
172,76,30,99
173,71,30,99
172,69,30,99
171,68,30,99
171,68,30,99
170,67,30,99
167,67,30,99
165,66,30,99
163,65,30,99
161,64,30,99
158,64,30,99
157,63,30,99
156,63,30,99
155,63,30,99
154,63,30,99
152,64,30,99
151,65,30,99
150,67,30,99
148,69,30,99
146,71,30,99
144,72,30,99
143,73,30,99
143,71,30,99
142,70,30,99
141,68,30,99
141,66,30,99
142,65,30,99
141,65,30,99
140,65,30,99
140,66,30,99
139,66,30,99
138,66,30,99
137,66,30,99
136,66,30,99
135,65,30,99
135,65,30,99
135,65,30,99
135,65,30,99
136,66,30,99
137,69,30,99
138,72,30,99
139,75,30,99
140,80,30,99
141,83,30,99
143,84,30,99
145,85,30,99
151,84,30,99
160,82,30,99
169,80,30,99
172,78,30,99
174,77,30,99
176,76,30,99
175,77,30,99
173,77,30,99
169,78,30,99
162,79,30,99
159,79,30,99
155,79,30,99
151,79,30,99
150,78,30,99
148,77,30,99
147,77,30,99
146,77,30,99
146,78,30,99
146,79,30,99
145,79,30,99
145,80,30,99
144,80,30,99
142,80,30,99
140,79,30,99
140,75,30,99
140,71,30,99
140,69,30,99
142,67,30,99
145,67,30,99
152,68,30,99
157,69,30,99
158,72,30,99
160,76,30,99
161,80,30,99
161,84,30,99
161,87,30,99
162,90,30,99
161,92,30,99
161,93,30,99
162,94,30,99
162,95,30,99
161,96,30,99
160,97,30,99
159,99,30,99
157,100,30,99
154,100,30,99
152,99,30,99
152,95,30,99
152,91,30,99
151,85,30,99
151,80,30,99
152,76,30,99
154,71,30,99
158,66,30,99
162,63,30,99
165,61,30,99
167,60,30,99
167,61,30,99
167,62,30,99
167,63,30,99
166,65,30,99
164,68,30,99
161,72,30,99
157,76,30,99
153,80,30,99
149,83,30,99
145,88,30,99
143,92,30,99
141,94,30,99
139,96,30,99
139,96,30,99
139,96,30,99
139,95,30,99
139,94,30,99
142,91,30,99
143,89,30,99
144,86,30,99
146,84,30,99
150,80,30,99
152,78,30,99
153,77,30,99
154,75,30,99
155,72,30,99
155,70,30,99
156,68,30,99
158,65,30,99
158,63,30,99
157,63,30,99
156,63,30,99
155,63,30,99
154,64,30,99
152,64,30,99
151,65,30,99
149,65,30,99
146,65,30,99
143,64,30,99
141,63,30,99
140,61,30,99
139,60,30,99
139,59,30,99
139,59,30,99
140,57,30,99
141,54,30,99
142,52,30,99
143,50,30,99
143,49,30,99
144,48,30,99
146,48,30,99
147,47,30,99
149,46,30,99
153,46,30,99
158,47,30,99
160,50,30,99
160,57,30,99
162,62,30,99
163,66,30,99
163,71,30,99
163,73,30,99
164,74,30,99
164,75,30,99
161,76,30,99
160,76,30,99
160,76,30,99
161,76,30,99
160,78,30,99
158,81,30,99
157,84,30,99
155,86,30,99
153,88,30,99
151,89,30,99
150,90,30,99
149,91,30,99
147,92,30,99
147,92,30,99
147,91,30,99
147,91,30,99
148,91,30,99
148,92,30,99
149,92,30,99
150,92,30,99
150,92,30,99
149,92,30,99
149,90,30,99
150,87,30,99
149,86,30,99
149,83,30,99
150,79,30,99
150,77,30,99
151,75,30,99
153,72,30,99
156,69,30,99
159,67,30,99
160,65,30,99
161,63,30,99
161,62,30,99
161,61,30,99
161,61,30,99
161,60,30,99
161,59,30,99
161,59,30,99
160,59,30,99
161,60,30,99
163,60,30,99
163,60,30,99
163,60,30,99
164,60,30,99
164,59,30,99
164,58,30,99
164,57,30,99
164,55,30,99
164,54,30,99
163,53,30,99
161,53,30,99
159,54,30,99
156,55,30,99
154,55,30,99
152,56,30,99
150,56,30,99
147,56,30,99
143,55,30,99
141,54,30,99
139,53,30,99
137,52,30,99
135,51,30,99
134,52,30,99
133,52,30,99
132,52,30,99
130,53,30,99
129,53,30,99
128,53,30,99
127,53,30,99
127,53,30,99
128,52,30,99
129,52,30,99
129,54,30,99
131,59,30,99
133,64,30,99
136,69,30,99
139,75,30,99
144,80,30,99
150,84,30,99
152,85,30,99
152,86,30,99
152,85,30,99
151,82,30,99
149,77,30,99
149,73,30,99
149,70,30,99
148,65,30,99
147,61,30,99
147,60,30,99
146,58,30,99
145,56,30,99
144,55,30,99
144,54,30,99
141,53,30,99
135,51,30,99
130,48,30,99
128,44,30,99
124,40,30,99
116,36,30,99
109,31,30,99
120,21,30,99
133,14,30,99
147,14,30,99
NaN,NaN,NaN,-2
NaN,NaN,NaN,0
NaN,NaN,NaN,0
NaN,NaN,NaN,0
NaN,NaN,NaN,0
NaN,NaN,NaN,-1
236,29,42,158
231,34,42,158
225,38,42,158
219,43,42,158
222,57,42,158
228,61,42,158
227,67,42,158
220,80,42,158
213,93,42,158
202,102,42,158
193,105,42,158
188,103,42,158
185,101,42,158
180,100,42,158
175,98,42,158
178,94,42,158
182,90,42,158
183,84,42,158
187,79,42,158
191,77,42,158
194,76,42,158
195,74,42,158
195,75,42,158
196,82,42,158
193,87,42,158
192,88,42,158
193,91,42,158
189,93,42,158
