NaN,NaN,NaN,-1
124.61,94.772,45.631,53.529
125.48,94.772,45.631,54.406
124.61,94.772,46.508,54.406
125.48,94.772,46.508,55.284
125.48,94.772,46.508,55.284
125.48,94.772,47.386,56.161
124.61,95.649,47.386,55.284
124.61,94.772,46.508,56.161
125.48,95.649,44.753,56.161
123.73,98.282,44.753,55.284
124.61,99.159,43.876,56.161
121.97,100.04,43.876,55.284
122.85,100.04,42.121,55.284
121.97,100.04,42.998,56.161
121.1,99.159,42.998,57.039
119.34,100.04,43.876,56.161
118.46,100.04,42.998,56.161
115.83,100.04,45.631,56.161
115.83,100.04,47.386,55.284
116.71,99.159,44.753,54.406
117.59,99.159,44.753,54.406
118.46,96.527,46.508,55.284
121.1,95.649,43.876,55.284
121.97,94.772,43.876,56.161
124.61,94.772,44.753,55.284
125.48,93.894,43.876,55.284
127.24,94.772,42.998,54.406
128.12,93.894,43.876,54.406
128.99,93.017,43.876,54.406
129.87,91.262,42.998,55.284
128.12,91.262,44.753,53.529
128.99,89.507,42.998,55.284
127.24,87.787,42.998,55.248
126.36,86.874,42.121,55.284
124.61,85.119,42.121,57.039
122.85,84.242,42.998,56.161
121.97,85.119,42.998,55.284
121.1,85.119,42.998,55.284
120.22,85.997,42.121,54.406
119.34,87.752,42.121,54.406
119.34,89.507,42.121,54.406
120.22,93.017,41.243,52.651
119.34,95.649,41.243,54.406
118.46,97.404,42.121,54.406
118.46,100.04,41.243,52.651
120.22,100.04,41.243,53.529
121.97,100.91,40.366,53.529
121.1,100.04,42.121,53.529
122.85,99.159,40.366,54.406
123.73,98.282,40.366,53.529
124.61,98.282,39.488,53.529
124.61,98.282,40.366,52.651
126.36,97.404,40.366,53.529
128.99,98.282,37.733,52.651
128.12,97.404,37.733,53.529
127.24,96.527,37.733,54.406
128.12,95.649,36.856,55.284
128.12,96.527,36.856,53.529
127.24,96.527,37.733,53.529
122.85,96.527,41.243,53.529
121.97,99.159,41.243,53.529
121.1,102.67,42.121,51.773
120.22,104.42,42.121,51.773
121.97,106.18,39.488,51.773
122.85,107.93,38.611,50.896
123.73,107.93,38.611,50.896
124.61,108.81,38.611,50.018
124.61,109.69,40.366,49.141
123.73,109.69,40.366,48.263
124.61,107.06,39.488,48.263
124.61,105.3,38.611,47.386
125.48,102.67,36.856,47.386
127.24,100.91,39.488,45.631
128.12,97.404,35.101,45.631
127.24,93.894,36.856,45.631
127.24,91.262,36.856,44.753
126.36,87.752,36.856,45.631
126.36,86.874,36.856,44.753
126.36,84.242,35.978,46.508
125.48,85.997,35.978,43.876
125.48,86.874,35.101,43.876
124.61,88.22,35.101,43.407
122.85,89.507,35.978,42.998
122.85,91.262,35.101,43.876
122.85,93.017,34.223,43.876
120.22,94.772,36.856,42.998
118.46,96.527,36.856,42.998
118.46,99.159,35.978,42.121
116.71,100.91,35.978,41.243
114.95,102.67,35.101,40.366
114.08,102.67,35.978,41.243
112.32,101.79,35.978,42.998
110.57,103.55,35.978,42.998
109.69,106.18,35.101,42.121
107.06,108.81,35.978,41.243
104.42,109.69,36.856,42.121
103.55,111.44,35.978,42.121
102.67,111.44,35.978,42.998
102.67,113.2,37.733,42.998
102.67,113.2,37.733,43.876
103.55,112.32,36.856,43.876
106.18,111.44,35.101,42.998
108.81,110.57,35.101,43.876
109.69,109.69,35.978,43.876
111.44,109.69,36.856,43.876
114.95,108.81,36.856,44.753
120.22,107.93,35.101,44.753
122.85,107.06,35.978,44.753
125.48,107.93,35.101,43.82
128.12,107.93,35.978,43.876
130.75,107.06,35.978,42.998
133.38,106.18,35.978,44.753
134.26,106.18,36.856,45.631
136.02,105.3,35.978,46.508
136.89,107.93,35.101,45.631
136.89,108.81,35.101,46.508
136.89,110.57,34.223,45.631
135.14,112.32,34.223,45.631
133.38,112.32,35.101,45.631
133.38,112.32,32.468,47.386
129.87,112.32,33.346,46.508
127.24,110.57,34.223,48.263
126.36,108.81,33.346,50.018
123.73,107.06,35.101,52.651
121.1,105.3,34.223,48.263
119.34,102.67,34.223,50.018
116.71,100.91,35.101,48.263
115.83,100.04,35.101,48.263
114.08,100.04,35.978,47.386
112.32,100.04,35.978,48.263
111.84,102.67,33.826,46.508
109.69,101.79,35.101,53.529
107.93,104.42,35.101,50.896
107.93,107.06,35.101,50.896
107.93,109.69,34.223,47.386
110.57,111.44,31.591,46.508
111.44,113.2,32.468,46.508
114.08,114.08,31.591,45.631
114.08,114.08,33.346,47.386
114.08,114.08,35.978,47.386
113.2,114.95,35.978,43.876
113.2,114.95,36.856,42.998
112.32,114.95,38.611,41.243
111.44,112.32,39.488,42.998
108.81,110.57,40.366,42.998
106.18,107.93,42.121,44.753
101.79,107.06,42.998,43.876
97.404,106.18,43.876,43.876
93.894,106.18,44.753,42.998
99.159,105.3,35.978,42.998
98.282,104.42,33.346,44.753
95.649,106.18,33.346,42.998
93.017,106.18,34.223,45.631
91.262,107.06,34.223,44.753
89.507,106.18,35.101,45.631
89.507,107.06,33.346,44.753
88.629,106.18,34.223,42.998
87.752,106.18,34.67,42.998
89.507,107.06,33.346,42.998
89.507,107.93,33.346,43.876
89.507,109.69,34.223,43.876
88.629,111.44,33.346,42.121
91.262,111.44,33.346,42.121
91.262,112.32,34.223,45.631
89.507,114.08,34.223,45.631
88.629,115.83,35.101,44.753
86.874,116.71,35.978,43.876
85.997,115.83,36.856,44.753
85.997,116.71,35.101,43.876
85.119,116.71,35.101,43.876
85.119,114.95,35.978,44.753
85.119,114.08,35.101,43.876
83.364,113.2,34.223,41.243
82.487,112.32,33.346,42.121
80.732,109.69,34.223,44.753
79.854,109.69,33.346,43.876
78.977,108.81,32.468,43.876
78.099,107.93,32.468,43.876
76.344,108.81,32.468,42.998
74.589,108.81,31.591,42.121
72.834,109.69,31.591,42.998
70.201,108.81,32.468,43.876
67.569,108.81,34.223,42.998
64.936,108.81,35.978,42.998
64.059,108.81,34.223,42.121
63.181,108.81,33.346,42.121
61.426,107.93,36.856,42.998
62.304,108.81,36.856,42.121
63.181,108.81,36.856,41.243
64.059,109.69,35.978,42.121
64.936,111.44,35.101,41.243
65.814,113.2,35.101,41.243
65.814,114.08,35.978,41.243
67.569,114.08,35.978,42.121
67.569,114.08,36.856,42.121
68.446,114.08,35.101,41.243
66.691,113.2,36.856,42.121
65.814,114.1,36.856,40.346
64.059,113.2,37.733,40.366
63.181,112.32,37.733,41.243
62.304,111.44,37.733,42.121
62.304,108.81,36.856,44.753
61.426,107.93,36.856,45.631
60.549,107.06,36.856,46.508
58.794,106.18,38.611,47.386
58.794,105.3,38.611,48.263
60.549,106.11,35.978,47.451
62.304,106.18,36.856,37.733
64.936,105.3,35.978,39.488
66.691,104.42,35.978,39.488
69.324,103.55,35.101,39.488
71.478,102.67,35.579,39.488
71.956,101.79,36.856,39.488
71.079,100.91,37.733,40.366
70.201,100.04,39.488,40.366
69.324,100.04,42.121,40.366
68.446,100.04,42.998,40.366
67.569,100.04,44.753,40.366
67.569,99.159,46.508,40.366
67.569,97.404,48.263,40.366
84.242,95.649,32.468,42.121
85.997,95.649,33.346,41.243
87.752,96.527,34.223,40.366
90.384,96.527,34.223,41.243
92.139,96.527,34.223,42.121
92.139,98.282,35.978,42.121
95.649,100.91,35.101,41.243
98.282,102.67,34.223,42.121
100.91,105.3,35.101,42.998
102.67,107.93,37.733,42.998
105.3,109.69,35.101,42.998
107.06,109.69,35.101,43.876
109.69,110.57,35.978,44.753
114.08,115.83,34.223,43.876
116.71,121.1,35.101,44.753
117.59,122.85,37.733,45.631
117.59,121.97,37.733,46.508
117.59,121.1,36.856,44.753
116.71,118.46,35.978,46.508
114.08,116.71,39.488,46.508
113.2,114.08,38.611,47.386
110.57,110.57,38.611,48.263
107.06,108.81,39.488,49.141
102.67,107.06,40.366,50.018
98.282,106.18,40.366,50.018
93.017,104.42,41.243,50.018
88.629,101.79,41.243,48.263
83.364,99.159,42.121,50.896
79.854,99.159,41.243,50.018
75.466,98.282,40.366,50.018
72.834,98.282,41.243,49.141
71.956,98.282,41.243,49.141
74.589,98.282,41.243,49.141
77.221,100.04,41.243,49.141
82.487,100.91,41.243,49.141
85.997,103.55,41.243,49.141
89.507,104.42,41.243,48.263
92.139,106.18,41.243,48.263
94.772,109.69,40.366,47.386
95.649,113.2,41.243,46.508
97.404,115.83,41.243,47.386
99.159,117.59,42.121,48.263
101.79,121.1,41.243,46.508
104.42,122.85,40.366,44.753
107.06,122.85,36.856,44.753
107.93,121.1,40.366,46.508
110.57,120.22,36.856,45.631
112.32,117.59,35.101,46.508
114.95,114.08,34.223,46.508
117.59,110.57,34.223,43.876
117.59,106.18,36.856,44.753
118.46,102.67,37.733,44.753
118.46,98.282,37.733,45.631
117.59,94.772,39.488,44.753
115.83,92.139,39.488,45.631
114.08,89.507,40.366,46.508
112.32,85.997,38.611,46.508
107.93,82.487,40.366,45.631
104.42,78.977,40.366,46.508
100.91,75.466,41.243,47.386
98.282,71.956,42.121,48.263
93.017,69.324,44.753,47.386
90.384,67.569,44.753,47.386
87.752,64.936,42.998,48.263
85.997,64.059,42.998,50.018
84.242,64.059,43.876,51.773
82.487,64.936,43.876,51.773
80.732,65.814,45.631,53.529
79.854,68.446,45.631,53.529
77.221,70.201,47.386,51.773
75.466,71.079,48.263,50.896
74.589,72.834,47.386,52.651
72.834,74.589,47.386,54.406
71.079,77.221,48.263,54.406
69.324,79.854,47.386,53.529
66.691,82.487,50.018,51.773
65.814,84.242,50.896,52.651
78.977,86.874,38.611,52.651
80.732,88.629,38.611,53.529
82.487,93.894,38.611,50.018
85.119,93.017,40.366,52.651
87.752,93.894,40.366,52.651
