NaN,NaN,NaN,-1
131.4,53.612,36.793,81.996
131.4,53.612,36.793,81.996
131.4,55.715,36.793,80.944
131.4,52.561,37.844,84.098
129.3,52.561,37.844,85.149
131.4,53.612,35.742,85.149
130.35,51.51,38.895,87.252
130.35,52.561,36.793,87.252
130.35,53.612,37.844,88.303
130.35,54.664,37.844,88.303
130.35,57.817,37.844,88.303
129.3,58.869,39.947,89.354
130.35,62.022,37.844,89.354
131.4,64.125,37.844,90.405
133.51,68.33,40.998,90.405
136.66,74.637,39.947,89.354
139.81,78.842,38.895,89.354
144.02,80.944,37.844,91.457
150.33,86.2,40.998,91.457
156.63,89.354,43.1,91.457
163.99,93.559,40.998,90.405
171.35,93.559,39.947,92.508
179.76,96.713,38.895,91.457
188.17,97.764,40.998,93.559
196.58,96.713,42.049,95.661
203.94,97.764,43.1,94.61
210.25,98.815,44.151,95.661
216.55,111.43,43.1,83.047
220.76,113.53,44.151,80.944
224.96,111.43,42.049,83.047
227.06,111.43,42.049,83.047
227.06,110.38,42.049,83.047
227.06,109.31,37.844,83.063
220.76,108.28,38.895,84.098
214.45,107.22,38.895,83.047
206.04,107.22,39.947,83.047
195.53,107.22,40.998,81.996
185.02,108.28,38.895,81.996
175.55,109.33,36.793,80.944
165.04,109.33,35.742,81.996
154.53,110.38,34.69,83.047
146.12,110.38,34.69,83.047
138.76,111.43,36.793,83.047
127.2,113.53,38.895,81.996
120.89,114.58,37.844,81.996
112.48,115.63,36.793,83.047
105.12,116.69,37.844,81.996
98.815,117.74,36.793,80.944
92.508,117.74,36.793,81.996
86.2,117.74,36.793,81.996
80.944,116.69,37.844,81.996
79.893,115.63,35.742,80.944
78.842,111.43,35.742,80.944
74.637,106.17,39.947,81.996
76.739,99.866,37.844,81.996
76.739,93.559,39.947,83.047
81.996,87.252,36.793,83.047
85.149,74.637,40.998,87.252
90.405,72.535,35.742,81.996
92.508,66.227,36.793,81.996
95.661,60.971,36.793,83.047
99.866,57.817,36.793,81.996
108.28,65.176,35.742,72.535
116.69,62.022,34.69,75.688
125.1,55.715,34.69,79.893
133.51,54.664,33.639,78.842
141.92,54.664,34.69,78.842
151.38,56.766,33.639,77.791
158.73,57.817,33.639,78.842
167.14,60.971,33.639,75.688
174.5,62.022,33.639,76.739
181.86,66.227,33.639,77.791
190.27,68.33,33.639,77.791
199.73,70.384,33.639,76.787
207.09,71.483,33.639,76.739
213.4,72.535,34.69,76.739
218.65,72.535,34.69,76.739
222.86,72.535,33.639,76.739
224.96,72.535,33.639,75.688
223.91,71.483,31.537,74.637
219.71,69.381,32.588,74.637
212.35,67.278,33.639,74.637
202.89,66.185,33.639,73.628
193.43,64.125,33.639,73.586
183.96,60.971,33.639,73.586
174.5,58.869,32.588,75.688
163.99,56.766,33.639,75.688
153.48,54.664,34.69,75.688
144.02,53.612,34.69,74.637
133.51,53.612,34.69,72.535
122.99,54.664,35.742,71.483
113.53,55.715,34.69,71.483
104.07,57.817,34.69,71.483
94.61,60.971,35.742,71.483
87.252,63.074,34.69,72.535
79.893,66.227,35.742,73.586
75.688,70.432,34.69,71.483
73.586,75.688,35.742,70.432
74.637,80.944,35.742,70.432
76.739,86.2,35.742,70.432
79.893,92.508,35.742,70.432
83.047,96.713,35.742,70.432
87.252,102.87,35.742,69.531
90.405,107.22,35.742,70.432
94.61,113.53,33.639,70.432
97.764,120.89,32.588,69.381
99.866,126.15,33.639,69.381
101.97,131.4,33.639,70.432
105.12,135.61,33.639,70.432
109.33,137.71,32.588,71.483
113.53,138.76,33.639,71.312
119.84,139.81,32.588,70.432
126.15,139.81,32.588,69.381
132.45,136.66,32.588,70.432
139.81,132.45,34.69,70.432
147.17,128.25,33.639,71.483
154.53,125.1,33.639,71.483
161.89,120.89,33.639,72.535
169.25,118.79,33.639,70.432
175.55,115.63,32.588,71.483
180.81,112.48,33.639,70.432
188.17,106.17,32.588,71.483
192.37,103.02,35.742,72.535
197.63,99.866,34.69,72.535
201.84,96.713,36.793,72.535
207.09,95.661,36.793,71.483
212.35,90.405,37.844,74.637
216.55,88.303,36.793,73.586
219.71,85.149,38.895,74.637
222.86,81.996,38.895,74.637
223.91,79.893,38.895,74.637
223.91,76.739,36.793,74.637
220.76,73.586,36.793,74.637
216.55,71.483,36.793,72.535
211.3,68.33,35.742,74.637
203.94,63.074,36.793,78.842
196.58,62.022,35.742,78.842
188.17,58.869,36.793,79.893
178.71,60.993,35.742,73.564
169.25,58.869,36.793,75.688
159.79,56.766,36.793,74.637
150.33,54.664,36.793,75.688
140.86,52.561,37.844,76.739
132.45,49.408,36.793,77.791
122.99,49.408,37.844,76.739
114.58,46.254,36.793,76.739
107.22,44.151,38.895,77.791
100.92,43.1,37.844,77.791
95.661,44.151,36.793,77.791
90.405,47.305,36.793,75.688
87.252,49.408,36.793,74.637
86.2,48.356,36.793,76.739
88.303,51.51,35.742,74.637
91.457,52.561,36.793,76.739
95.661,54.664,35.742,74.637
100.92,57.817,36.793,73.586
104.07,62.022,35.742,73.586
107.22,65.176,34.69,73.586
109.33,69.381,35.742,73.586
110.38,72.535,36.793,72.535
114.58,74.637,35.742,72.535
116.69,77.791,34.69,71.483
117.74,78.842,33.639,71.483
120.89,78.842,32.588,70.432
120.89,77.791,33.639,70.432
125.1,79.893,32.588,67.278
128.25,77.791,31.537,68.33
132.45,76.739,31.537,67.278
138.76,76.739,28.383,66.227
145.07,77.791,33.639,65.176
150.33,79.893,33.639,62.022
155.58,79.893,33.639,63.074
161.89,77.791,34.69,63.074
166.09,75.688,34.69,63.074
169.25,74.637,32.588,63.073
171.35,74.637,36.793,60.971
172.4,74.637,36.793,60.971
174.5,74.637,36.793,62.022
177.66,76.739,36.793,60.971
181.86,78.842,36.201,59.92
187.12,79.893,34.69,59.92
193.43,74.637,33.639,65.176
197.63,75.688,32.588,64.125
201.84,75.688,32.588,64.125
207.09,75.688,30.486,63.074
210.25,74.637,28.383,62.022
211.3,72.535,29.434,63.074
213.4,71.483,27.332,62.022
214.45,69.381,27.332,61.459
216.55,67.278,31.537,60.971
218.65,68.33,30.486,64.125
221.81,73.586,27.332,63.074
223.91,79.893,29.434,63.074
227.06,90.405,27.332,63.074
228.12,101.97,26.281,63.073
228.12,109.33,27.332,63.073
228.12,117.76,29.434,60.944
224.96,122.99,30.486,63.074
221.81,128.25,29.434,63.073
218.65,129.3,28.383,65.176
216.55,132.45,27.332,63.074
211.3,133.51,30.486,63.073
206.04,132.45,28.383,64.125
198.68,132.45,28.383,63.074
191.32,130.35,29.434,63.074
181.86,127.2,29.434,60.971
170.3,126.15,31.537,60.971
157.68,126.15,30.486,58.869
147.17,124.04,31.537,59.92
135.61,120.89,30.486,63.074
124.04,118.79,31.537,62.022
109.33,115.63,34.69,62.022
98.815,113.53,34.69,62.022
91.457,112.48,33.639,60.971
81.996,110.38,33.639,60.971
75.221,108.28,32.004,60.971
69.381,106.17,30.486,62.022
65.176,103.02,29.434,62.022
63.074,98.815,29.434,62.022
62.022,94.61,33.639,59.92
65.176,88.303,32.588,59.92
69.381,80.944,33.639,59.92
75.688,73.586,32.588,59.92
81.996,65.176,31.537,59.92
87.252,56.766,32.588,60.971
93.559,49.408,32.588,59.92
97.764,42.049,32.588,60.971
101.97,33.639,32.588,62.022
106.17,26.281,30.486,62.022
110.38,21.025,30.486,60.971
114.58,15.768,29.434,59.92
120.89,11.563,28.383,60.971
124.04,11.563,29.434,59.92
128.25,12.615,29.434,59.92
135.61,14.717,28.383,60.971
141.92,21.025,27.332,59.92
145.07,27.332,29.434,59.92
152.43,33.639,28.383,59.92
159.79,39.947,27.332,59.92
166.09,46.254,27.332,58.869
174.5,50.459,27.332,59.92
181.86,55.715,27.332,59.92
190.27,59.92,27.332,63.074
199.73,66.227,26.281,62.022
209.19,71.483,27.332,60.971
217.6,74.637,27.332,62.022
224.96,78.842,28.383,62.022
232.32,84.098,27.332,62.022
238.63,88.303,28.383,62.022
244.94,92.508,28.383,62.022
250.19,96.713,28.383,62.022
255.45,100.92,27.332,62.022
258.6,104.07,28.383,62.022
260.7,106.17,28.383,62.022
258.6,109.33,27.332,58.869
255.45,110.38,27.332,59.92
250.19,110.38,27.332,62.022
242.83,110.38,27.332,62.022
234.42,111.43,28.383,59.92
224.96,111.43,27.332,58.869
216.55,111.43,27.332,59.92
207.09,111.43,26.281,60.971
196.58,111.43,28.383,62.022
187.12,112.48,28.383,59.92
178.18,114.58,28.914,58.869
168.2,115.63,28.383,58.869
157.68,114.58,29.434,60.971
149.27,116.69,28.383,58.869
139.81,116.69,27.332,58.869
131.4,116.69,28.383,57.817
124.04,115.63,27.332,57.817
115.63,113.53,28.383,59.92
109.33,112.48,27.332,59.92
101.97,111.43,28.383,59.92
95.661,110.38,29.434,57.817
90.405,107.22,29.434,58.869
86.2,104.07,29.434,58.869
83.047,99.866,29.434,58.869
78.842,94.61,29.434,58.869
75.688,89.354,27.332,62.022
73.586,84.098,26.281,60.971
71.483,79.893,26.281,59.92
70.432,72.535,27.332,59.92
69.381,67.278,27.332,60.971
69.381,59.92,26.281,62.022
69.381,54.664,26.281,59.92
70.432,47.305,25.229,60.971
71.483,40.998,25.229,60.971
71.483,34.69,25.229,60.971
70.432,27.332,25.229,64.125
68.33,24.178,25.229,63.074
65.176,22.076,27.332,63.074
64.125,25.229,27.332,59.92
62.022,28.383,26.548,58.869
59.92,32.588,26.281,59.92
57.817,36.793,25.229,59.92
55.715,40.998,25.229,59.92
54.664,45.203,26.281,58.869
52.561,47.305,26.281,59.92
52.561,50.459,26.281,58.869
54.664,52.561,26.281,58.869
57.817,53.612,25.229,59.92
59.92,55.715,26.281,58.869
63.074,60.971,26.281,58.869
67.278,65.176,25.229,59.92
70.432,72.535,25.229,58.869
74.637,78.842,26.281,58.869
79.893,85.149,27.332,58.869
86.2,91.457,27.332,58.869
93.559,96.713,26.281,60.971
99.866,101.97,27.332,59.92
109.33,105.12,27.332,59.92
119.84,107.22,29.434,58.869
131.4,109.33,27.332,58.869
141.92,109.33,27.332,60.971
152.43,109.33,29.434,59.92
162.94,106.17,30.486,58.869
174.5,100.92,28.383,62.022
185.02,97.764,28.383,58.869
190.27,94.61,29.434,58.869
197.81,91.457,27.153,59.92
201.84,88.303,27.332,60.971
203.94,87.252,26.281,62.022
204.99,86.2,27.332,58.869
203.94,81.996,27.332,60.971
200.78,78.842,25.229,60.971
195.53,76.739,25.229,62.022
191.32,73.586,25.229,58.869
182.91,69.381,27.332,60.971
176.61,66.227,27.332,58.869
170.3,63.074,27.332,58.869
163.99,58.869,28.383,62.022
157.68,57.817,29.434,59.92
150.33,57.817,29.434,58.869
142.97,58.869,29.434,57.817
135.61,60.971,29.434,58.869
129.3,65.176,29.434,58.869
122.99,71.483,29.434,59.92
118.79,75.688,28.383,62.022
115.63,81.996,29.434,62.022
113.53,88.303,30.486,58.869
113.53,92.508,30.486,58.869
117.74,94.61,30.486,59.92
121.94,96.713,31.537,59.92
130.35,98.815,30.486,58.869
138.76,99.866,30.486,57.817
148.22,98.815,30.486,59.92
157.68,99.866,30.486,57.817
168.2,98.815,29.434,58.869
177.66,96.713,29.434,63.073
186.07,98.815,29.434,60.971
193.43,99.866,28.383,60.971
200.78,99.866,28.383,63.074
206.04,103.02,28.383,62.022
209.19,105.12,30.486,59.92
212.35,108.28,30.486,59.92
214.45,112.48,29.434,59.92
213.4,116.69,28.383,62.022
210.25,119.84,28.383,63.074
203.94,124.04,28.383,62.022
197.63,127.2,28.383,58.869
191.32,128.25,25.229,59.87
183.96,128.25,26.281,60.971
176.61,128.25,26.281,60.971
169.25,129.3,25.229,59.92
159.79,128.25,26.281,58.869
149.27,126.15,26.281,58.869
139.81,121.94,27.332,59.92
130.35,118.79,27.332,58.869
120.89,113.53,27.332,58.869
110.38,107.22,27.332,59.92
99.866,101.97,27.332,59.92
91.457,95.661,27.332,60.971
84.098,89.354,28.383,59.92
78.842,83.047,26.281,59.92
72.535,75.688,27.332,59.92
68.33,68.33,28.383,59.92
66.227,63.074,27.332,59.92
68.33,56.766,27.332,59.92
71.483,51.51,27.332,59.92
76.739,46.254,26.281,59.92
81.996,42.049,26.281,59.92
88.303,36.793,24.178,60.971
93.559,33.639,25.229,60.971
98.815,29.434,24.178,60.971
101.97,27.332,26.281,60.971
107.22,25.229,25.229,60.971
111.43,26.281,23.127,59.92
114.58,27.332,25.229,59.92
117.74,30.486,25.229,59.92
121.94,34.69,24.178,58.869
126.15,37.844,24.178,59.92
130.35,43.1,24.178,59.92
133.51,47.305,25.229,59.92
137.71,52.561,24.178,58.869
140.86,54.664,25.229,60.971
144.02,58.869,25.229,58.869
147.17,58.869,25.229,60.971
150.33,62.022,25.229,58.869
152.43,62.022,25.229,59.92
154.53,63.074,26.281,59.92
156.63,65.176,25.229,60.971
158.73,67.278,25.229,59.92
