NaN,NaN,NaN,-1
142,118,85,99
142,118,85,99
142,118,85,99
142,118,85,99
142,117,85,99
142,117,85,99
142,117,85,99
142,118,85,99
142,118,85,99
141,119,85,99
140,120,85,99
139,120,85,99
138,121,85,99
136,122,85,99
134,123,85,99
131,124,85,99
129,125,85,99
126,126,85,99
123,126,85,99
120,126,85,99
119,119,85,99
117,126,85,99
117,119,85,99
118,114,85,99
119,109,85,99
119,105,85,99
119,101,85,99
119,97,85,99
119,93,85,99
118,89,85,99
118,87,85,99
118,86,85,99
118,86,85,99
118,86,85,99
119,86,85,99
119,86,85,99
120,86,85,99
121,86,85,99
123,86,85,99
124,86,85,99
126,86,85,99
128,86,85,99
130,86,85,99
132,86,85,99
135,86,85,99
137,86,85,99
139,86,85,99
141,86,85,99
143,86,85,99
145,87,85,99
147,87,85,99
149,89,85,99
152,90,85,99
154,92,85,99
156,94,85,99
157,95,85,99
158,97,85,99
158,99,85,99
158,102,85,99
158,105,85,99
159,109,85,99
159,113,85,99
159,117,85,99
160,103,85,99
160,104,85,99
160,104,85,99
161,104,85,99
162,105,85,99
162,105,85,99
162,105,85,99
163,104,85,99
163,104,85,99
163,103,85,99
163,103,85,99
163,103,85,99
163,103,85,99
162,103,85,99
161,103,85,99
160,103,85,99
159,103,85,99
157,104,85,99
157,101,85,99
156,99,85,99
155,100,85,99
155,100,85,99
154,101,85,99
154,102,85,99
152,102,85,99
151,102,85,99
151,102,85,99
150,102,85,99
149,102,85,99
148,103,85,99
148,103,85,99
147,104,85,99
146,104,85,99
145,104,85,99
145,104,85,99
143,104,85,99
143,104,85,99
143,104,85,99
142,104,85,99
142,104,85,99
142,104,85,99
142,104,85,99
141,104,85,99
141,104,85,99
141,104,85,99
141,105,85,99
141,105,85,99
141,105,85,99
141,105,85,99
141,105,85,99
141,105,85,99
141,106,85,99
141,106,85,99
141,106,85,99
141,106,85,99
141,106,85,99
141,106,85,99
141,106,85,99
141,106,85,99
141,106,85,99
141,106,85,99
141,106,85,99
141,106,85,99
141,106,85,99
141,106,85,99
141,106,85,99
141,106,85,99
141,106,85,99
141,105,85,99
141,105,85,99
141,105,85,99
141,104,85,99
142,104,85,99
142,103,85,99
142,103,85,99
142,103,85,99
142,103,85,99
141,102,85,99
141,102,85,99
141,102,85,99
140,101,85,99
140,101,85,99
139,101,85,99
139,101,85,99
138,101,85,99
137,101,85,99
137,101,85,99
136,100,85,99
136,100,85,99
135,99,85,99
135,99,85,99
135,99,85,99
134,99,85,99
134,99,85,99
134,99,85,99
134,99,85,99
134,99,85,99
134,99,85,99
134,99,85,99
134,99,85,99
134,99,85,99
134,99,85,99
134,100,85,99
134,100,85,99
135,95,85,99
135,96,85,99
132,85,85,99
131,73,85,99
130,67,85,99
127,64,85,99
122,62,85,99
121,62,85,99
120,62,85,99
118,62,85,99
117,63,85,99
117,63,85,99
117,64,85,99
116,65,85,99
116,65,85,99
116,66,85,99
116,66,85,99
116,67,85,99
115,67,85,99
114,68,85,99
113,68,85,99
113,69,85,99
113,69,85,99
113,69,85,99
113,69,85,99
114,69,85,99
114,69,85,99
114,69,85,99
114,69,85,99
114,69,85,99
114,70,85,99
113,70,85,99
113,70,85,99
113,70,85,99
113,70,85,99
113,70,85,99
113,70,85,99
112,70,85,99
112,70,85,99
112,71,85,99
112,72,85,99
111,73,85,99
111,74,85,99
111,75,85,99
111,77,85,99
111,77,85,99
111,78,85,99
112,78,85,99
112,78,85,99
111,78,85,99
111,78,85,99
111,77,85,99
111,75,85,99
111,73,85,99
111,70,85,99
112,67,85,99
111,62,85,99
112,57,85,99
112,53,85,99
112,50,85,99
112,47,85,99
112,44,85,99
112,42,85,99
112,41,85,99
112,40,85,99
112,40,85,99
112,40,85,99
112,40,85,99
112,40,85,99
112,40,85,99
112,41,85,99
112,42,85,99
113,43,85,99
113,43,85,99
114,44,85,99
115,44,85,99
115,45,85,99
116,46,85,99
117,47,85,99
117,48,85,99
118,48,85,99
118,49,85,99
119,50,85,99
119,51,85,99
119,52,85,99
119,53,85,99
119,54,85,99
119,55,85,99
118,55,85,99
118,56,85,99
118,57,85,99
117,58,85,99
117,59,85,99
117,60,85,99
117,61,85,99
117,61,85,99
117,61,85,99
117,61,85,99
117,62,85,99
117,62,85,99
117,62,85,99
117,62,85,99
116,62,85,99
116,63,85,99
116,63,85,99
115,64,85,99
115,64,85,99
114,65,85,99
114,65,85,99
113,65,85,99
112,65,85,99
111,66,85,99
110,66,85,99
109,66,85,99
109,67,85,99
108,67,85,99
107,67,85,99
107,68,85,99
106,68,85,99
106,68,85,99
105,68,85,99
104,68,85,99
104,69,85,99
104,69,85,99
104,69,85,99
104,69,85,99
104,70,85,99
104,70,85,99
103,70,85,99
103,70,85,99
103,70,85,99
103,70,85,99
103,70,85,99
102,70,85,99
102,70,85,99
102,71,85,99
102,71,85,99
102,71,85,99
102,71,85,99
102,70,85,99
102,69,85,99
102,69,85,99
102,69,85,99
102,69,85,99
103,69,85,99
103,69,85,99
103,69,85,99
103,69,85,99
103,68,85,99
104,68,85,99
104,67,85,99
104,66,85,99
105,66,85,99
105,65,85,99
105,65,85,99
105,64,85,99
105,64,85,99
105,63,85,99
104,63,85,99
103,63,85,99
103,63,85,99
102,62,85,99
101,62,85,99
100,63,85,99
99,63,85,99
98,62,85,99
98,62,85,99
97,62,85,99
96,62,85,99
96,62,85,99
95,62,85,99
94,62,85,99
92,63,85,99
90,63,85,99
88,64,85,99
86,65,85,99
84,65,85,99
81,65,85,99
79,65,85,99
78,65,85,99
77,65,85,99
77,65,85,99
76,63,85,99
77,63,85,99
77,63,85,99
77,63,85,99
78,64,85,99
78,65,85,99
78,65,85,99
78,65,85,99
78,65,85,99
78,65,85,99
78,65,85,99
78,65,85,99
78,65,85,99
78,65,85,99
79,65,85,99
79,64,85,99
80,64,85,99
80,64,85,99
81,64,85,99
82,65,85,99
83,65,85,99
84,65,85,99
85,65,85,99
86,65,85,99
87,64,85,99
88,64,85,99
88,64,85,99
89,64,85,99
90,64,85,99
91,64,85,99
92,63,85,99
92,62,85,99
93,61,85,99
93,59,85,99
94,59,85,99
94,58,85,99
95,57,85,99
96,57,85,99
96,57,85,99
97,56,85,99
97,56,85,99
97,55,85,99
97,55,85,99
97,55,85,99
97,54,85,99
97,54,85,99
98,54,85,99
98,54,85,99
99,54,85,99
99,54,85,99
100,54,85,99
101,53,85,99
101,53,85,99
102,53,85,99
103,53,85,99
104,53,85,99
105,53,85,99
105,53,85,99
105,53,85,99
105,53,85,99
105,53,85,99
105,53,85,99
104,53,85,99
104,54,85,99
103,54,85,99
