NaN,NaN,NaN,-1
130,121,85,99
131,120,85,99
130,119,85,99
130,119,85,99
130,119,85,99
130,118,85,99
129,118,85,99
129,119,85,99
128,119,85,99
128,120,85,99
127,120,85,99
126,121,85,99
124,121,85,99
122,122,85,99
120,123,85,99
117,124,85,99
114,125,85,99
111,126,85,99
108,126,85,99
105,126,85,99
104,130,85,99
103,122,85,99
104,118,85,99
104,112,85,99
103,106,85,99
102,102,85,99
102,98,85,99
101,94,85,99
100,90,85,99
100,87,85,99
100,85,85,99
100,84,85,99
99,84,85,99
99,84,85,99
100,85,85,99
100,85,85,99
101,85,85,99
102,85,85,99
104,84,85,99
105,84,85,99
107,84,85,99
109,84,85,99
111,84,85,99
113,84,85,99
115,84,85,99
118,84,85,99
120,84,85,99
122,84,85,99
124,84,85,99
126,84,85,99
128,85,85,99
130,86,85,99
132,87,85,99
134,88,85,99
136,90,85,99
138,91,85,99
139,93,85,99
140,95,85,99
140,99,85,99
141,101,85,99
142,104,85,99
142,97,85,99
142,98,85,99
142,99,85,99
143,99,85,99
143,99,85,99
144,100,85,99
144,101,85,99
145,101,85,99
145,101,85,99
146,100,85,99
146,99,85,99
146,99,85,99
146,99,85,99
146,99,85,99
146,99,85,99
145,99,85,99
144,98,85,99
143,98,85,99
142,98,85,99
140,98,85,99
140,94,85,99
140,94,85,99
140,94,85,99
139,91,85,99
139,91,85,99
138,92,85,99
136,93,85,99
136,94,85,99
135,95,85,99
135,96,85,99
133,96,85,99
132,96,85,99
132,97,85,99
131,97,85,99
130,98,85,99
129,98,85,99
129,98,85,99
127,98,85,99
127,98,85,99
127,98,85,99
126,98,85,99
126,98,85,99
126,98,85,99
126,98,85,99
126,98,85,99
125,98,85,99
125,98,85,99
125,99,85,99
125,99,85,99
125,99,85,99
125,99,85,99
125,99,85,99
125,99,85,99
125,100,85,99
125,100,85,99
125,100,85,99
125,100,85,99
125,100,85,99
125,100,85,99
125,100,85,99
125,100,85,99
125,100,85,99
125,100,85,99
125,99,85,99
125,99,85,99
124,99,85,99
124,100,85,99
124,100,85,99
124,100,85,99
124,99,85,99
124,99,85,99
124,98,85,99
124,98,85,99
124,97,85,99
124,97,85,99
123,96,85,99
122,96,85,99
122,96,85,99
123,96,85,99
123,96,85,99
122,95,85,99
122,95,85,99
122,93,85,99
121,93,85,99
120,93,85,99
120,93,85,99
119,93,85,99
118,93,85,99
117,93,85,99
117,93,85,99
117,92,85,99
116,92,85,99
115,92,85,99
115,92,85,99
115,92,85,99
115,92,85,99
115,92,85,99
114,92,85,99
114,92,85,99
114,92,85,99
114,92,85,99
114,92,85,99
114,92,85,99
115,92,85,99
115,93,85,99
115,93,85,99
115,93,85,99
115,93,85,99
113,90,85,99
115,91,85,99
113,91,85,99
112,90,85,99
112,90,85,99
111,90,85,99
110,90,85,99
108,92,85,99
107,94,85,99
107,95,85,99
107,96,85,99
107,97,85,99
107,98,85,99
107,98,85,99
107,99,85,99
107,99,85,99
107,99,85,99
106,100,85,99
106,100,85,99
106,101,85,99
106,101,85,99
106,101,85,99
107,101,85,99
107,101,85,99
107,101,85,99
107,102,85,99
107,102,85,99
107,102,85,99
107,102,85,99
107,102,85,99
107,102,85,99
107,102,85,99
107,102,85,99
107,102,85,99
107,102,85,99
106,103,85,99
106,103,85,99
106,103,85,99
106,104,85,99
106,105,85,99
105,106,85,99
106,107,85,99
106,109,85,99
106,110,85,99
106,110,85,99
106,109,85,99
106,109,85,99
106,109,85,99
106,109,85,99
106,108,85,99
106,106,85,99
106,103,85,99
106,99,85,99
107,94,85,99
108,91,85,99
108,87,85,99
108,84,85,99
110,84,85,99
110,85,85,99
111,77,85,99
110,75,85,99
111,75,85,99
111,74,85,99
111,73,85,99
111,73,85,99
111,73,85,99
111,73,85,99
111,73,85,99
111,74,85,99
111,74,85,99
112,75,85,99
112,75,85,99
113,76,85,99
114,77,85,99
115,78,85,99
115,78,85,99
116,79,85,99
117,80,85,99
117,81,85,99
118,82,85,99
118,82,85,99
118,84,85,99
119,85,85,99
119,86,85,99
119,87,85,99
118,88,85,99
118,88,85,99
118,89,85,99
117,90,85,99
117,91,85,99
117,92,85,99
117,93,85,99
117,94,85,99
117,94,85,99
117,94,85,99
117,94,85,99
117,95,85,99
117,95,85,99
117,95,85,99
117,95,85,99
116,95,85,99
116,96,85,99
116,96,85,99
115,97,85,99
114,97,85,99
114,97,85,99
113,97,85,99
112,98,85,99
111,98,85,99
111,97,85,99
110,98,85,99
109,98,85,99
109,98,85,99
108,99,85,99
107,99,85,99
107,100,85,99
106,100,85,99
106,100,85,99
105,99,85,99
105,99,85,99
104,99,85,99
104,99,85,99
104,99,85,99
104,99,85,99
104,100,85,99
104,100,85,99
104,99,85,99
104,99,85,99
104,99,85,99
104,99,85,99
103,99,85,99
103,99,85,99
103,100,85,99
103,100,85,99
103,100,85,99
103,100,85,99
103,100,85,99
103,100,85,99
103,99,85,99
103,99,85,99
103,99,85,99
104,99,85,99
104,99,85,99
104,100,85,99
104,100,85,99
104,100,85,99
104,100,85,99
105,99,85,99
105,98,85,99
105,96,85,99
105,96,85,99
106,96,85,99
106,95,85,99
106,95,85,99
106,95,85,99
105,94,85,99
104,93,85,99
104,93,85,99
103,93,85,99
102,93,85,99
101,93,85,99
100,93,85,99
99,93,85,99
99,93,85,99
98,93,85,99
98,92,85,99
97,92,85,99
96,92,85,99
95,92,85,99
94,93,85,99
92,93,85,99
91,94,85,99
89,95,85,99
87,96,85,99
84,96,85,99
82,96,85,99
80,96,85,99
79,95,85,99
78,94,85,99
79,94,85,99
79,94,85,99
80,94,85,99
80,94,85,99
81,94,85,99
82,95,85,99
82,96,85,99
82,96,85,99
82,97,85,99
82,97,85,99
82,97,85,99
82,97,85,99
82,97,85,99
82,97,85,99
82,97,85,99
82,96,85,99
83,96,85,99
83,96,85,99
84,96,85,99
85,97,85,99
86,97,85,99
87,97,85,99
88,97,85,99
89,97,85,99
90,97,85,99
91,97,85,99
91,96,85,99
92,96,85,99
93,96,85,99
93,96,85,99
94,96,85,99
95,95,85,99
95,94,85,99
96,93,85,99
97,92,85,99
97,91,85,99
97,90,85,99
98,90,85,99
99,90,85,99
99,89,85,99
99,88,85,99
100,88,85,99
100,88,85,99
100,88,85,99
100,87,85,99
100,87,85,99
101,87,85,99
101,87,85,99
101,87,85,99
102,87,85,99
102,86,85,99
102,86,85,99
102,86,85,99
102,85,85,99
103,86,85,99
103,85,85,99
104,86,85,99
104,85,85,99
106,86,85,99
106,85,85,99
106,85,85,99
106,85,85,99
106,85,85,99
105,85,85,99
104,85,85,99
104,86,85,99
