NaN,NaN,NaN,-1
129.49,46.616,38.92,90.762
129.65,46.968,38.825,90.203
130.02,47.558,38.719,90.27
130.05,47.466,38.983,90.684
129.4,48.64,39.252,91.074
129.35,49.162,39.162,90.851
129.24,49.456,39.022,90.442
128.27,51.159,39.487,91.426
127.79,52.421,39.337,91.451
128.08,54.597,38.96,90.404
128.16,56.515,38.694,89.781
128.55,58.737,38.837,90.299
129.15,61.697,38.683,90.155
131.07,65.265,38.663,90.321
133.21,69.962,38.494,89.998
135.56,74.807,38.721,90.82
139.32,78.958,38.916,91.472
144.42,82.273,38.968,91.705
149.73,87.225,38.801,91.543
157.19,90.424,39.04,92.231
163.59,94.103,38.839,91.746
170.05,96.272,39.135,92.408
177.61,98.569,39.291,92.882
185.38,100.57,39.093,92.164
194.57,101.17,38.898,91.454
201.79,102.16,38.996,91.47
208.9,102.62,39.228,92.132
214.86,103.25,39.306,92.213
219.39,103.28,39.363,92.465
222.74,103.41,39.401,92.41
224.73,103.63,39.116,91.814
224.64,102.56,39.024,91.675
221.77,102.06,38.98,91.443
216.43,101.69,38.866,91.389
209.44,100.62,39.252,92.776
201.89,100.97,38.966,91.986
192.81,101.85,38.718,91.358
182.66,101.88,38.776,91.397
172.04,101,39.102,91.891
162.87,101.51,38.942,91.506
153.11,103.36,38.889,91.443
141.98,105.3,38.907,91.114
135.37,104.41,39.393,92.483
125.91,105.45,39.505,92.671
116.86,106.68,39.988,93.791
110.03,109.63,39.061,91.522
102.2,109.64,38.736,90.959
95.817,109.9,39.001,91.696
90.501,110.2,38.83,91.143
84.392,110.33,39.126,91.953
80.416,110.18,38.718,91.037
77.085,107.61,38.679,90.959
75.838,103.94,39.145,92.099
75.646,98.81,39.194,91.649
76.595,94.077,39.272,91.701
77.409,87.827,39.565,92.744
80.299,80.547,39.643,92.539
84.144,72.225,39.679,92.429
87.192,65.92,39.634,92.237
91.853,59.823,39.133,90.711
94.876,54.28,39.381,91.329
99.304,50.226,39.434,91.866
105.78,46.269,39.994,93.17
113.47,43.46,39.78,92.704
122.36,40.355,39.714,92.601
129.95,40.344,39.739,92.554
138.51,39.949,39.703,92.613
148.16,40.678,39.744,92.56
154.23,43.825,39.558,92.024
163.28,44.973,39.471,91.527
171.7,48.003,39.621,91.988
178.92,50.503,39.44,91.304
187.05,52.915,39.18,90.734
195.12,52.959,39.329,90.89
204.95,55.579,39.379,91.291
211.68,54.441,39.431,91.389
216.17,56.268,39.439,91.172
220.09,56.072,39.5,91.492
221.78,56.52,39.406,91.135
220.69,56.442,38.898,89.891
215.68,54.428,38.879,89.972
208.98,51.309,38.852,89.8
199.31,48.588,39.634,91.407
190.02,46.315,39.263,90.809
181.61,44.063,39.392,90.694
170.98,41.22,39.609,91.328
160.8,39.956,39.309,90.709
150.23,36.948,39.394,90.865
141.8,34.5,39.352,90.821
131.21,36.025,39.09,89.91
122.19,35.905,38.65,89.159
111.9,38.727,38.827,89.421
102.55,41.881,38.667,89.047
93.628,43.996,38.914,89.668
86.388,47.324,39.023,89.914
79.253,50.052,38.91,89.849
74.123,53.655,38.528,89.371
72.082,57.331,38.833,90.093
73.083,62.357,38.913,90.176
75.563,67.34,38.77,89.945
78.404,73.92,38.713,89.497
81.428,79.077,38.493,88.837
86.549,84.237,38.429,88.771
89.3,89.937,38.302,88.256
91.164,95.599,38.507,88.631
94.168,100.95,38.784,89.137
96.65,107.26,38.902,89.708
99.104,113.11,38.706,89.188
102.16,118.24,38.184,88.033
105.62,120.82,38.31,88.472
110.88,122.47,38.38,88.88
116.26,122.44,38.686,89.578
122.05,121.71,38.508,88.785
128.87,119.94,38.961,90.049
137.13,116.9,38.723,89.552
143.86,113.19,38.391,88.741
150.56,109.37,38.261,88.571
157.06,105.44,38.584,89.614
163.93,101.07,38.532,89.765
170.62,97.312,38.778,90.374
176.93,94.635,38.217,89.375
183.41,90.809,38.446,89.567
188.15,87.819,38.44,89.69
193.81,85.567,38.701,90.393
199.87,81.731,38.627,89.94
205.09,78.885,38.482,89.606
210.8,76.418,38.111,88.927
214.23,72.404,38.502,89.671
218.41,69.776,38.656,90.193
221.1,66.617,38.669,90.01
222.19,64.049,38.762,90.822
221.32,60.976,39.064,91.48
218.96,57.893,39.41,92.062
214.17,55.056,39.335,91.73
209.03,52.004,39.172,91.376
202.18,50.224,38.859,90.838
194.84,48.374,38.469,90.263
186.53,44.795,39.017,91.572
176.44,43.367,39.319,92.477
167.67,41.581,38.849,91.309
157.3,38.592,39.255,92.391
148.25,37.068,39.297,92.433
138.68,36.145,39.092,92.182
129.47,34.119,39.268,92.472
120.99,31.88,39.218,92.687
112.15,31.931,39.191,92.658
105.23,31.73,39.006,91.917
98.769,30.874,38.778,91.438
93.02,32.009,38.26,90.361
87.575,32.407,38.657,91.024
84.965,33.719,38.167,89.921
84.451,34.618,38.292,90.277
86.489,36.351,38.267,89.808
89.19,38.447,38.206,89.628
93.671,39.226,38.328,89.748
98.391,42.26,38.195,89.066
101.2,46.388,38.324,89.713
104.09,49.5,38.239,89.502
106.17,53.692,37.967,88.657
108.69,57.069,37.584,87.831
111.29,60.765,37.041,86.392
113.47,62.727,36.757,85.825
115.72,64.473,36.358,84.933
116.91,65.383,35.818,83.522
119.57,65.893,35.359,82.382
122.08,65.614,35.373,82.325
124.98,65.251,35.345,82.216
128.41,64.049,34.793,81.117
134.82,63.541,34.362,79.972
141.08,63.319,34.011,79.181
147.52,64.516,33.614,78.318
153.06,63.817,33.128,77.526
159.06,62.722,32.58,76.293
163.43,61.271,32.354,75.929
165.46,60.663,32.252,75.842
168.7,60.215,32.028,75.312
171.24,61.23,31.749,74.611
173.67,61.615,31.46,73.801
178.82,63.3,30.866,72.774
182.89,65.284,30.148,71.253
188.23,67.724,29.549,69.741
193.58,69.014,29.478,69.572
198.37,70.233,29.059,68.85
202.76,70.218,28.96,68.577
206.94,70.125,28.601,67.731
210.15,68.992,28.442,67.367
212.7,68.108,27.923,66.303
213.92,65.978,28.035,66.587
215.05,64.06,28.211,67.013
217.36,62.027,27.943,66.478
219.95,64.086,27.423,65.187
223.02,68.281,27.504,65.426
225.13,75.126,27.62,65.801
226.62,85.374,27.609,65.981
226.73,97.97,27.751,66.159
227.58,105.44,27.431,65.377
228.72,111.68,26.774,63.893
226.3,119.35,26.875,64.098
222.94,124.54,26.822,64.003
219.37,127.43,26.696,63.666
216.06,129.56,26.755,63.86
211.73,130.59,26.846,63.98
206.13,129.68,27.404,65.412
199.71,128.83,27.256,65.173
191.87,126.61,27.092,64.639
182.5,123.14,27.323,65.227
173.28,121.81,27.732,66.303
163.1,122.9,27.031,64.631
149.45,123.19,27.039,64.541
139.74,116.43,26.948,64.447
128.03,113.14,27.67,66.124
117.44,110.81,27.987,66.663
108.73,108.66,28.083,66.929
98.085,107.41,28.043,66.891
88.266,105.21,27.695,66.08
78.306,104.13,27.792,66.437
71.817,100.12,27.787,66.652
66.367,96.844,27.905,67.142
64.607,93.459,27.762,66.887
63.727,89.019,27.623,66.443
66.891,81.988,27.305,65.879
71.604,75.967,27.413,66.207
76.688,67.97,27.603,66.676
82.383,60.558,27.846,67.484
88.32,50.947,28.013,67.685
94.966,44.263,28.097,67.943
100.14,37.757,27.601,66.783
104.75,30.295,27.157,65.594
108.99,21.983,26.899,65.033
112.2,16.199,27.116,65.435
116.11,11.552,26.908,64.926
120.81,6.8977,27.356,66.143
125,6.838,27.293,66.108
129.58,7.1867,27.656,67.21
136.1,9.9458,28.024,68.066
141.58,15.909,27.718,67.34
147.32,22.302,27.865,67.709
153.15,27.409,28.098,68.166
158.83,33.193,28.425,69.044
166.21,40.788,28.125,68.358
174.02,44.371,28.259,68.677
180.61,49.75,29.007,70.496
189.51,55.203,29.379,71.263
198.3,57.986,29.21,70.81
207.95,63.044,28.929,70.464
216.63,68.653,28.406,69.252
224.94,73.738,28.406,69.462
231.37,77.434,28.12,68.656
238.2,82.246,27.826,67.936
244.86,86.806,27.801,67.859
250.37,91.72,27.705,67.893
255.5,94.58,28.151,68.978
258.72,97.84,27.718,68.053
260.84,100.55,28.06,68.944
259.02,103.32,27.676,68.013
255.31,104.4,27.782,68.329
249.57,105.78,27.26,66.897
242.42,106.42,27.19,66.566
234.42,105.81,27.366,66.94
225.53,105.27,27.346,66.913
215.25,105.54,27.094,66.099
206.69,105.94,27.204,66.293
197.66,106.17,27.098,65.998
185.28,108.37,27.197,66.229
177.75,107.59,27.538,67.273
168.54,109.76,27.913,68.088
158.57,108.98,27.814,68.027
148.15,110.35,27.792,67.864
139.08,109.96,27.857,67.898
130.68,109.54,28.158,68.624
121.05,107.03,28.535,69.857
114.07,106.34,28.103,68.592
105.84,105.59,28.331,69.131
100.56,104.57,28.091,68.526
95.07,103.31,27.653,67.516
89.193,100.51,27.506,67.296
84.988,99.128,27.136,66.285
81.725,93.241,27.05,65.911
77.69,90.103,26.892,65.581
74.852,84.111,27.368,66.711
72.498,78.522,27.055,65.925
70.015,73.681,27.215,66.085
68.98,67.094,27.256,66.315
67.795,60.91,27.417,66.861
67.596,55.399,27.106,66.053
67.98,48.319,27.394,66.763
68.36,40.48,27.533,67.142
69.239,35.713,27.19,66.046
69.175,30.236,26.964,65.355
68.688,25.2,27.425,66.209
66.721,22.089,27.412,66.138
65.171,19.84,27.57,66.815
63.477,18.294,28,67.75
61.47,21.503,27.733,67.19
59.093,27.048,27.556,66.854
56.503,31.906,27.466,66.754
54.677,35.728,27.72,67.237
52.961,38.54,28.377,68.655
51.455,41.243,28.393,68.657
52.092,43.784,28.04,67.786
53.715,46.402,28.112,67.953
56.718,48.747,27.555,66.488
58.924,50.911,27.755,66.889
62.859,54.459,27.702,66.679
66.143,60.149,27.895,67.215
68.929,66.171,28.01,67.452
73.817,73.391,27.891,66.943
78.964,78.711,28.139,67.657
84.574,84.176,27.893,67.032
90.877,91.712,28.024,67.3
99.197,95.481,27.721,66.81
110.31,100.15,27.432,66.321
120.04,100.78,27.697,66.886
130.01,102.89,27.703,67.014
143.12,103.01,27.705,66.867
154.57,103.19,27.567,66.713
165.62,99.523,27.456,66.157
175.52,97.112,27.298,65.757
184.04,93.727,27.707,66.684
190.22,88.029,27.868,67.055
196.4,85.763,27.639,66.39
200.81,84.67,27.277,65.466
203.7,82.772,27.221,65.445
203.3,80.836,27.209,65.347
201.65,77.74,27.562,66.231
198.54,75.055,27.379,65.964
193.76,71.589,27.517,66.483
188.6,67.718,27.367,66.077
182.32,63.919,27.566,66.623
175.61,60.469,27.177,65.858
169.69,59.395,26.749,64.932
163.31,54.833,27.074,65.669
157.43,52.894,27.121,65.715
151.05,52.499,27.402,66.433
143.26,53.013,27.14,65.664
135.24,55.38,27.035,65.373
128.49,61.417,26.883,65.04
123.02,66.423,27.062,65.472
118.37,71.877,27.355,65.944
115.19,77.313,27.406,66.075
113.1,81.903,27.638,66.567
113.8,86.724,27.651,66.621
117.25,89.554,27.493,66.503
123.01,92.015,27.327,66.099
131.27,92.503,27.585,66.785
139.28,93.181,27.455,66.387
148.33,94.473,27.127,65.505
158.98,95.363,27.424,66.214
168.32,94.152,27.111,65.446
177.41,93.246,27.061,65.511
186.45,94.049,26.763,64.692
194.19,94.418,26.931,65.076
201.46,96.227,27.219,65.935
206.32,98.01,27.251,66.164
210.39,101.45,26.693,64.693
213.52,104.92,26.27,63.707
215.1,108.78,26.327,64.039
213.87,112.58,26.392,64.194
209.51,116.03,27.251,66.449
203.96,120,26.864,65.405
197.07,122.22,26.795,65.098
191.22,123.79,26.593,64.626
184.14,124.54,26.799,65.347
176.86,124.87,26.977,65.955
169.67,122.67,27.071,66.493
159.76,122.21,27.487,67.523
149.36,119.16,27.766,68.203
140.49,115.46,27.731,68.292
132.46,112.61,27.377,67.441
121.83,106.65,27.788,68.509
111.33,99.939,28.025,69.133
102.08,95.391,28.093,69.534
91.223,90.522,27.845,68.822
85.572,83.375,27.318,67.62
79.022,77.037,27.255,67.384
73.356,69.041,26.863,66.39
69.03,64.072,26.56,65.734
67.416,57.525,26.889,66.694
68.841,50.418,27.081,67.246
72.286,45.252,27.2,67.757
76.9,41.127,26.768,66.762
82.037,37.125,26.791,66.946
87.713,32.431,26.947,67.127
92.859,29.764,26.775,66.646
99.228,25.21,26.965,67.12
102.77,22.832,26.684,66.571
106.88,22.043,26.56,66.291
110.79,20.504,26.845,67.291
114.2,21.361,27.373,68.746
117.24,24.337,27.588,69.108
121.26,28.2,27.641,69.277
125.3,32.541,27.632,69.108
129.63,37.771,27.453,68.744
134.23,42.193,26.819,67.163
137.39,46.072,27.191,68.009
140.5,49.892,27.334,68.504
143.88,52.388,27.087,67.91
147.69,54.674,26.759,67.002
150.05,56.51,26.67,66.794
153.2,57.048,26.663,66.803
155.4,58.785,26.471,66.595
157.21,59.767,27.131,68.267
158.78,61.215,27.194,68.522
