NaN,NaN,NaN,-1
166.03,85.41,45.145,49.203
165.52,83.902,45.63,49.701
165.35,83.505,45.536,49.619
164.49,83.583,45.353,49.491
164.96,81.321,45.822,50.021
164.35,83.674,45.805,49.941
163.01,82.546,45.688,49.814
161.32,81.718,45.317,49.386
162.28,82.111,45.798,49.801
159.44,80.251,45.78,49.731
154.76,80.084,45.597,49.525
154.44,78.701,45.477,49.301
150.26,78.609,45.407,49.137
150.5,78.131,44.527,48.126
144.48,76.732,44.425,47.96
142.45,74.019,44.858,48.484
138.21,73.62,45.32,48.886
133.46,73.52,45.356,48.742
129.09,71.842,45.174,48.485
126,71.204,45.469,48.917
121.85,69.052,45.64,49.124
115.43,68.474,45.552,49.098
111.86,67.135,45.702,49.302
109.44,64.813,45.524,49.124
103.14,64.388,45.455,49.001
102.56,66.908,45.722,49.433
98.204,65.63,45.496,49.217
93.901,65.974,44.821,48.391
89.637,67.111,44.807,48.43
86.448,68.253,44.527,47.937
87.284,68.26,44.017,47.474
86.762,73.511,43.783,47.372
82.476,72.747,43.467,47.161
82.666,72.937,43.098,46.732
83.068,74.922,42.878,46.55
83.498,75.399,43.261,46.923
85.276,77.951,43.282,46.863
84.666,79.156,43.105,46.633
85.934,79.995,42.65,46.276
86.735,79.226,42.691,46.39
86.481,82.811,43.233,46.851
88.763,87.188,43.226,46.966
86.716,89.821,43.127,46.855
88.197,94.92,42.937,46.587
89.183,94.78,42.516,46.136
92.647,97.465,42.663,46.253
93.116,101.75,42.382,45.855
96.599,103.43,42.613,46.266
100.56,108.72,43.07,46.91
104.81,108.12,43.721,47.528
106.7,109.39,44.27,48.213
112.18,113.38,44.551,48.558
119.86,109.72,44.672,48.764
123.36,109.02,44.81,48.914
123.49,112.24,44.469,48.57
129.8,109.67,44.214,48.307
135.89,111.51,44.349,48.435
136.74,110.67,44.559,48.615
144.02,109,44.944,49.03
149.46,110.1,45.264,49.384
150.28,108.99,45.522,49.555
153.53,110.44,45.397,49.511
162.33,108.95,45.462,49.743
164.75,110.13,45.446,49.704
172.29,108.75,45.592,49.789
176.51,108.91,45.495,49.74
178.2,111.97,45.701,49.994
189.78,112.1,46.089,50.559
192.91,113.38,46.005,50.596
193.3,115.74,45.965,50.631
196.05,116.84,46.222,50.802
201.72,117.8,47.117,51.765
204.48,120.28,47.346,52.103
205.66,121.58,47.249,52.11
208.82,125.09,46.944,51.721
209.69,126.9,46.774,51.527
211.57,129.66,46.968,51.786
210.96,133.22,46.964,51.753
210.41,134.44,46.596,51.281
210.29,135.9,46.29,50.899
209.94,139.32,46.463,51.015
207.14,142.28,45.967,50.48
205.17,144.83,45.588,49.991
201.8,148.28,45.446,49.827
199.54,148.28,45.357,49.742
199.93,148.71,44.93,49.244
196.18,149.54,45.216,49.645
193.83,150.77,45.466,49.995
188.81,152.01,45.475,49.992
185.12,149.72,45.155,49.594
180.79,150.08,44.954,49.401
178.96,149.37,44.509,48.743
180.49,148.02,44.935,49.199
179.04,144.04,45.525,49.883
177.62,139.29,46.511,50.895
176.45,136.67,46.728,51.264
175.09,130.36,47.056,51.746
173.91,126.54,47.072,51.716
175.69,122.08,46.824,51.601
176.31,119.04,47.127,51.961
174.6,112.23,46.439,51.268
175.5,108.99,46.536,51.379
174.35,107.38,46.576,51.465
176.35,101.03,46.564,51.462
175.32,97.124,47.152,51.958
176.68,94.749,47.681,52.613
176.09,90.958,47.167,52.056
175.85,90.564,47.108,51.981
173.68,89.849,47.219,52.111
174.63,90.427,46.533,51.379
172.21,93.992,46.249,51.077
172.3,95.359,46.302,51.222
167.75,94.209,45.542,50.354
169.12,95.116,45.156,49.96
168.75,97.917,45.327,50.202
169.65,96.176,45.232,50.045
173.54,97.999,44.596,49.358
173.41,96.367,44.09,48.93
172.61,100.55,44.089,48.859
174.25,100.26,44.259,49.159
172.7,97.301,43.747,48.604
176.75,98.557,43.71,48.667
174.55,100.76,43.539,48.298
175.76,99.115,43.081,47.778
177.15,100.6,43.286,48.11
175.71,100.22,43.367,48.177
175.29,98.631,43.254,48.089
170.39,98.243,43.514,48.307
172.38,95.38,44.14,49.043
170.35,95.82,44.06,49.023
170.6,98.317,43.986,48.952
171.04,95.82,43.879,48.965
171.51,97.092,43.443,48.42
170.58,95.605,43.537,48.415
170.59,98.207,43.662,48.364
171.33,98.292,43.347,48.013
174.33,98.55,43.362,48.046
174.29,96.273,43.057,47.783
170.17,96.39,42.821,47.44
170.1,98.613,43.188,47.883
NaN,NaN,NaN,-2
NaN,NaN,NaN,0
NaN,NaN,NaN,0
NaN,NaN,NaN,0
NaN,NaN,NaN,0
NaN,NaN,NaN,-1
199,36.125,27.767,50.518
197.02,35.779,27.705,50.485
195.05,37.268,27.756,50.489
192.56,35.996,27.87,50.721
188.13,39.525,27.471,50.045
185.55,40.28,27.791,50.56
180.53,42.048,27.944,50.819
175.95,47.395,28.18,51.383
173.34,48.616,28.315,51.686
171.65,51.23,28.226,51.492
170.97,58.15,28.028,51.169
171.23,61.46,27.697,50.637
173.16,65.931,27.994,51.208
173.82,70.311,27.759,50.663
176.92,75.384,27.793,50.816
180.05,79.887,27.306,49.944
179.67,84.15,26.905,49.183
181.32,86.711,26.737,48.978
181.11,90.249,26.766,48.979
183.1,93.456,26.549,48.597
184.69,97.519,26.428,48.315
188.31,100.65,26.088,47.644
192.53,101.95,26.642,48.668
199.09,104.2,26.322,47.991
199.42,103.82,26.157,47.63
198.77,105.01,25.819,46.96
197.43,103.86,25.386,46.176
191.49,102.26,25.406,46.166
187.09,102.62,25.339,46.083
181.69,99.358,25.517,46.408
175.92,99.659,25.746,46.814
168.32,98.632,26.027,47.302
159.91,95.303,25.666,46.597
150.93,92.97,25.682,46.656
144.04,87.984,26.041,47.297
134.51,85.461,26.219,47.546
126,84.288,26.107,47.387
115.09,82.754,26.477,48.009
107.82,77.524,26.917,48.795
100.11,78.902,26.918,48.772
92.641,78.497,26.742,48.459
85.064,76.921,26.329,47.71
79.121,76.864,26.141,47.437
72.757,76.571,25.823,46.806
67.159,79.51,26.048,47.176
62.562,79.733,25.663,46.476
58.413,80.584,25.885,46.813
53.714,84.049,25.84,46.717
51.923,86.926,25.714,46.472
51.381,91.345,25.45,46.024
53.713,95.541,25.212,45.587
57,97.031,24.579,44.393
59.51,99.584,24.809,44.736
64.938,106.34,24.659,44.467
67.095,107.92,24.675,44.451
71.08,114.38,24.674,44.449
73.118,117.98,24.405,43.926
74.339,120.46,24.254,43.686
80.296,130.89,23.854,42.879
82.755,135.55,23.845,42.904
86.199,141.7,23.873,42.965
90.244,146.12,24.013,43.168
92.668,149.5,24.581,44.212
95.951,152.15,24.476,44.004
98.183,152.86,24.61,44.326
103.4,153.28,24.111,43.443
107.63,156.35,24.553,44.245
110.34,156.28,25.046,45.126
114.73,158.5,24.835,44.839
118.98,158.55,25.204,45.539
123.33,157.96,25.595,46.361
125.34,162.7,25.526,46.188
129.4,167.09,25.832,46.641
134,171.86,26.16,47.23
140.13,176.41,25.878,46.639
146.75,180.94,25.559,46.03
157.46,166.06,25.615,46.125
150.5,145.14,25.358,45.622
151.1,144.55,25.109,45.196
151.53,146.71,24.955,44.903
151.96,145.73,25.508,45.818
151.85,145.7,25.407,45.657
151.49,146.66,25.245,45.375
153.07,145.04,25.093,45.08
153.02,144.77,24.699,44.384
152.65,145.05,24.582,44.214
153.59,146.01,25.264,45.484
152.15,145.51,24.946,44.844
153.24,143,25.543,45.858
152.77,144.48,25.689,46.109
152.63,143,25.861,46.329
NaN,NaN,NaN,-2
NaN,NaN,NaN,0
NaN,NaN,NaN,0
NaN,NaN,NaN,0
NaN,NaN,NaN,0
NaN,NaN,NaN,-1
181.77,146.31,42.742,42.777
184.26,144.49,42.526,42.599
183.11,143.2,42.346,42.418
182.46,139.22,41.931,41.939
182.56,135.28,41.68,41.747
181.37,132.18,41.493,41.533
178.44,129.18,41.671,41.694
177.79,125.63,41.192,41.176
178.26,121.35,40.915,40.869
178.46,119.08,40.727,40.75
178.35,108.54,40.588,40.501
178.41,108.49,40.621,40.633
175.24,107.75,40.666,40.83
175.46,105.85,40.264,40.287
175.57,108.32,40.179,40.279
172.7,107.36,40.42,40.301
174.29,102.31,40.038,39.963
172.54,100.88,40.14,40.04
172.29,100.11,39.64,39.621
172.51,101.28,40.127,40.146
