NaN,NaN,NaN,-1
227,92,45,46
227,93,45,46
227,93,45,46
227,93,45,46
226,92,45,46
224,91,45,46
223,92,45,46
222,94,45,46
221,94,45,46
220,93,45,46
218,93,45,46
217,89,45,46
215,88,45,46
211,88,45,46
207,88,45,46
204,86,45,46
202,85,45,46
198,87,45,46
196,86,45,46
194,90,45,46
194,88,45,46
195,89,45,46
175,95,45,46
170,95,45,46
165,93,45,46
161,98,45,46
147,102,45,46
136,105,45,46
124,107,45,46
111,110,45,46
98,112,45,46
84,112,45,46
73,113,45,46
65,116,45,46
61,119,45,46
62,121,45,46
44,120,45,46
44,122,45,46
45,127,45,46
45,128,45,46
46,135,45,46
47,142,45,46
42,143,45,46
48,144,45,46
63,146,45,46
77,134,45,46
81,132,45,46
105,128,45,46
128,119,45,46
130,110,45,46
136,105,45,46
139,103,45,46
143,100,45,46
153,94,45,46
160,84,45,46
165,79,45,46
172,75,45,46
174,70,45,46
175,69,45,46
182,66,45,46
179,59,45,46
179,57,45,46
191,42,45,46
197,43,45,46
201,43,45,46
203,47,45,46
208,70,45,46
209,84,45,46
209,92,45,46
209,95,45,46
209,101,45,46
209,101,45,46
209,102,45,46
209,104,45,46
209,105,45,46
209,111,45,46
210,116,45,46
212,121,45,46
213,127,45,46
215,129,45,46
217,130,45,46
220,134,45,46
222,136,45,46
224,136,45,46
226,138,45,46
229,139,45,46
233,141,45,46
236,142,45,46
239,145,45,46
241,147,45,46
240,149,45,46
239,148,45,46
235,146,45,46
231,144,45,46
229,143,45,46
225,141,45,46
221,137,45,46
218,136,45,46
212,134,45,46
207,131,45,46
202,129,45,46
193,128,45,46
178,130,45,46
166,130,45,46
164,130,45,46
158,130,45,46
148,129,45,46
137,126,45,46
126,123,45,46
118,117,45,46
114,112,45,46
113,107,45,46
115,109,45,46
119,113,45,46
126,116,45,46
135,118,45,46
139,118,45,46
NaN,NaN,NaN,-2
NaN,NaN,NaN,0
NaN,NaN,NaN,0
NaN,NaN,NaN,0
NaN,NaN,NaN,0
NaN,NaN,NaN,-1
141,60,35,54
143,60,35,54
144,59,35,54
147,60,35,54
150,60,35,54
154,60,35,54
158,59,35,54
161,60,35,54
164,61,35,54
166,62,35,54
168,62,35,54
170,59,35,54
173,59,35,54
175,58,35,54
174,58,35,54
174,53,35,54
175,57,35,54
177,61,35,54
177,61,35,54
180,61,35,54
180,63,35,54
179,65,35,54
178,69,35,54
178,75,35,54
178,81,35,54
176,87,35,54
171,94,35,54
162,103,35,54
160,117,35,54
139,119,35,54
129,128,35,54
120,132,35,54
119,135,35,54
130,141,35,54
116,137,35,54
121,134,35,54
120,133,35,54
119,134,35,54
118,135,35,54
117,135,35,54
117,135,35,54
116,135,35,54
115,135,35,54
113,135,35,54
110,135,35,54
108,135,35,54
NaN,NaN,NaN,-2
NaN,NaN,NaN,0
NaN,NaN,NaN,0
NaN,NaN,NaN,0
NaN,NaN,NaN,0
NaN,NaN,NaN,-1
40,150,62,54
43,144,62,54
47,137,62,54
51,132,62,54
54,131,62,54
58,131,62,54
62,132,62,54
83,142,62,54
83,138,62,54
86,137,62,54
90,134,62,54
91,132,62,54
93,131,62,54
95,130,62,54
99,128,62,54
101,127,62,54
104,127,62,54
106,127,62,54
105,126,62,54
106,126,62,54
105,126,62,54
103,126,62,54
103,126,62,54
103,125,62,54
102,126,62,54
104,126,62,54
105,126,62,54
106,128,62,54
106,128,62,54
108,128,62,54
113,128,62,54
117,128,62,54
120,127,62,54
124,128,62,54
126,129,62,54
131,128,62,54
149,141,62,54
157,145,62,54
156,149,62,54
158,151,62,54
159,153,62,54
161,154,62,54
161,155,62,54
161,155,62,54
162,155,62,54
163,156,62,54
NaN,NaN,NaN,-2
NaN,NaN,NaN,0
NaN,NaN,NaN,0
NaN,NaN,NaN,0
NaN,NaN,NaN,0
NaN,NaN,NaN,-1
227,101,46,61
227,104,46,61
226,103,46,61
226,103,46,61
225,106,46,61
225,108,46,61
226,112,46,61
228,116,46,61
227,119,46,61
228,122,46,61
228,125,46,61
227,126,46,61
229,133,46,61
231,137,46,61
233,141,46,61
234,143,46,61
