NaN,NaN,NaN,-1
153.01,93.677,18.181,48.442
152.1,94.375,18.29,48.729
151.01,92.561,18.152,48.332
149.07,89.288,18.499,49.291
149.47,87.467,18.192,48.48
150.75,86.563,18.021,48.049
152.02,85.467,18.057,48.14
152.68,84.59,18.016,48.121
155.75,85.321,17.565,46.925
156.24,86.362,17.563,46.915
157.53,85.641,18.051,48.208
157.15,83.653,18.333,48.985
154.98,85.805,18.824,50.285
153.66,84.55,18.604,49.673
151.65,84.625,18.86,50.375
147.66,84.676,18.915,50.544
142.96,83.522,18.936,50.64
139.61,83.961,18.883,50.557
133.98,85.181,18.449,49.444
131.21,85.676,18.305,49.056
131,83.173,18.708,50.11
131.77,82.579,18.674,50.078
131.7,83.626,18.791,50.423
133.02,81.488,18.448,49.572
133.18,81.007,19.392,52.135
134.44,80.582,19.621,52.77
137.1,79.222,19.774,53.181
137.74,79.271,20.095,54.012
139.12,78.618,19.911,53.519
142.23,78.483,19.914,53.489
145.26,78.283,19.863,53.281
146.85,79.956,19.612,52.609
150.42,80.584,20.167,54.06
151.56,79.399,20.451,54.808
149.78,79.022,20.772,55.717
149.27,79.174,21.182,56.796
149.41,78.162,21.116,56.663
150.98,76.482,21.335,57.212
151.19,76.183,21.269,57.036
152.87,78.213,21.36,57.273
153.37,77.054,21.597,57.862
153.77,79.21,21.341,57.168
154.46,77.737,21.763,58.331
155.15,78.068,21.946,58.855
155.93,76.527,21.862,58.58
158.1,79.826,21.788,58.399
159.24,79.539,22.126,59.269
163.59,77.831,22.053,59.096
163.21,77.733,22.215,59.517
163.08,77.389,22.294,59.625
162.45,77.304,21.655,57.855
162.16,80.787,21.877,58.413
161.94,79.967,21.503,57.447
159.5,81.369,21.679,57.922
157.71,78.734,22.216,59.324
154.11,79.75,22.081,58.96
148.47,80.282,21.531,57.523
143.19,82.086,21.669,57.845
135.07,80.616,21.378,57.074
131.11,81.889,21.702,57.864
125.81,77.187,21.972,58.572
123.93,77.027,22.411,59.742
124.77,75.881,23.097,61.594
127.02,72.785,23.327,62.197
131.31,73.92,23.46,62.537
136.44,73.114,23.396,62.424
139.8,72.553,23.165,61.719
145.93,72.396,23.03,61.4
151.18,71.049,23.299,62.221
158.39,73.336,22.857,60.936
163.11,70.071,22.412,59.716
168.59,74.731,22.247,59.181
170.96,73.913,22.167,58.946
173.12,75.163,22.555,60.011
174.12,74.976,22.332,59.375
174.41,75.931,22.075,58.658
171.87,75.201,22.385,59.445
172.73,77.354,22.064,58.535
174.17,78.421,21.855,57.995
175.25,80.361,21.993,58.291
174.32,80.393,22.464,59.524
176.1,78.407,22.697,60.109
178.4,81.494,23.098,61.221
179.72,79.833,23.065,61.184
183.02,83.745,23.656,62.767
184.11,82.06,23.374,62.032
186.99,82.527,23.329,61.917
186.51,79.883,23.759,63.046
188.63,79.55,23.688,62.903
193.76,81.34,23.557,62.597
193.17,82.609,24.102,64.165
193.27,80.506,24.54,65.323
191.46,77.75,24.684,65.637
191.78,77.165,24.123,64.188
193.03,74.111,23.982,63.821
187.22,72.115,24.257,64.605
179.16,68.767,24.177,64.434
178.47,66.708,24.567,65.477
177.51,67.021,25.008,66.56
177.09,65.277,24.832,66.137
174.21,62.994,24.96,66.53
178.02,64.23,25.247,67.38
176.68,62.856,25.349,67.693
176.09,60.721,25.471,68.04
175.96,59.859,26.054,69.613
181.59,64.404,25.556,68.268
178.63,62.164,25.738,68.763
173.65,61.707,25.895,69.185
171.1,62.279,26.055,69.535
169.62,63.505,26.334,70.288
166.52,60.224,25.952,69.19
169.25,65.074,25.589,68.268
163.33,63.645,25.222,67.338
161.35,62.475,25.06,66.803
156.38,63.216,25.579,68.205
155.46,62.526,25.483,67.941
150.52,64.844,25.129,66.995
151.77,66.444,24.681,65.735
150.78,68.202,24.338,64.864
148.25,71.374,24.596,65.566
146.93,71.579,25.061,66.888
146.04,74.095,24.608,65.646
143.4,74.558,24.216,64.581
143.37,75.31,24.402,65.083
145.34,75.52,24.283,64.832
154.47,78.617,24.081,64.186
163.04,81.789,23.919,63.714
167.67,81.737,24.276,64.691
171.63,76.797,24.55,65.388
174.76,74.848,24.245,64.593
178.67,73.525,24.003,63.955
184.06,71.924,23.953,63.867
188.06,70.112,24.144,64.416
192.87,69.608,24.284,64.673
195.94,67.355,24.293,64.746
197.8,66.261,24.114,64.258
200.09,64.432,23.784,63.476
202.27,68.074,23.702,63.189
199.88,65.808,23.746,63.241
198.48,67.198,23.104,61.565
190.11,74.993,22.639,60.373
182.08,78.341,23.24,62.007
175.28,76.298,23.197,61.868
167.12,81.277,23.568,62.843
160.6,84.871,23.15,61.795
156.57,84.623,22.741,60.699
153.1,87.149,22.847,61.036
151.23,88.77,22.87,61.08
149.19,88.528,22.507,60.095
148.22,88.187,22.626,60.346
150.62,87.466,22.548,60.128
154.9,86.481,22.491,60.008
153.98,80.379,22.075,58.911
156.37,80.94,22.681,60.526
158.21,81.044,22.341,59.626
156.33,78.826,22.42,59.762
154.51,77.715,23.004,61.284
154.85,76.052,23.344,62.204
153.16,74.62,23.212,61.918
151.35,75.205,22.895,61.206
151.09,72.828,22.236,59.467
145.18,75.027,22.728,60.759
142.55,74.369,22.155,59.171
137.79,74.502,22.206,59.293
135.25,78.709,22.292,59.476
133.11,75.695,21.818,58.216
132.96,75.758,21.813,58.277
135.9,78.337,21.502,57.463
133.55,75.379,21.314,56.947
127.72,71.793,21.84,58.298
118.18,72.893,21.815,58.243
112.79,88.707,21.616,57.686
NaN,NaN,NaN,-2
NaN,NaN,NaN,0
NaN,NaN,NaN,0
NaN,NaN,NaN,0
NaN,NaN,NaN,0
NaN,NaN,NaN,-1
122.2,74.061,19.944,54.836
120.18,75.79,20.184,55.503
116.38,79.273,20.207,55.531
113.36,82.125,20.972,57.67
108.54,83.096,20.717,57.008
110.73,84.078,20.199,55.539
113.49,85.556,19.784,54.324
119.6,85.42,19.486,53.522
120.49,85.549,18.827,51.748
126.55,87.704,18.917,52.011
127.14,86.827,18.929,52.039
130.21,86.292,19.087,52.441
135.59,84.129,19.213,52.832
138.35,83.932,19.358,53.237
138.23,84.4,19.867,54.593
137.92,85.481,19.966,54.942
142.78,84.267,19.315,53.14
140.44,85.67,18.678,51.436
140.9,86.742,18.624,51.26
140.97,84.763,18.824,51.882
140.04,86.836,18.253,50.293
141.98,84.889,18.003,49.566
142.62,84.679,18.149,49.919
141.59,84.665,17.096,47.034
137.87,86.043,17.69,48.668
135.2,85.307,18.068,49.686
135.7,86.024,18.381,50.538
137.61,85.961,17.991,49.499
140.22,84.815,18.206,50.157
141.46,82.278,18.135,49.955
139.63,83.193,18.228,50.209
138.31,81.931,18.019,49.635
136.8,82.174,18.107,49.891
134.09,82.311,18.503,50.928
134.24,80.585,18.614,51.195
135.1,80.076,18.515,50.922
134.32,81.023,18.194,50.09
131.64,80.226,18.287,50.333
131.07,80.071,18.624,51.247
130.12,80.536,18.866,51.861
127.82,83.188,19.018,52.241
125.15,83.762,18.935,52.066
125.54,83.222,19.039,52.391
132.1,83.557,18.339,50.474
136.04,82.004,17.637,48.549
141.04,85.757,16.738,46.077
144.08,85.962,16.779,46.207
145.56,84.721,16.594,45.728
146.8,84.276,16.53,45.54
150.04,85.877,16.539,45.546
152.66,85.887,16.38,45.101
156.17,84.519,16.382,45.106
159.34,84.514,16.586,45.653
159.7,84.261,16.787,46.237
161.05,84.092,16.944,46.668
160.89,82.995,16.668,45.881
162.03,84.721,16.803,46.272
162.62,85.144,16.774,46.223
163.58,84.488,16.586,45.694
163.54,85.277,16.354,45.081
163.23,84.061,16.676,46.002
163.1,83.682,16.646,45.904
163.72,84.987,16.307,44.923
165.77,83.604,16.415,45.237
167.15,83.204,16.465,45.358
170.3,83.795,16.296,44.894
171.01,84.075,16.267,44.783
172.76,82.333,16.723,45.959
174.17,82.129,16.927,46.504
174.37,81.076,16.513,45.374
175.95,81.877,16.585,45.529
177.71,81.26,16.584,45.546
176.27,82.112,16.122,44.23
177.6,84.146,15.518,42.528
177.46,85.157,15.864,43.475
176.59,87.511,15.556,42.63
177.45,87.796,14.988,41.016
177.53,90.011,14.877,40.703
176.62,92.768,15.267,41.78
174.93,91.497,15.259,41.72
173.61,93.344,15.545,42.481
173.74,92.993,16.052,43.92
172.95,93.823,15.827,43.347
172.35,92.836,16.131,44.167
170.62,92.56,15.366,42.132
170.87,95.012,15.298,41.914
170.33,94.638,15.087,41.308
169.46,95.626,15.119,41.398
170.03,96.837,14.75,40.349
171.04,94.742,14.462,39.58
172.07,95.932,14.054,38.489
174.98,95.799,14.265,39.038
