NaN,NaN,NaN,-1
151.74,94.205,17.894,47.725
151.2,94.668,17.768,47.416
151.43,91.12,18.133,48.394
149.33,88.861,18.281,48.796
149.57,87.576,18.441,49.277
150.49,86.04,18.414,49.246
151.37,84.303,18.321,49.026
152.61,84.502,18.25,48.876
154.03,84.045,18.352,49.172
156.02,83.546,18.518,49.593
155.58,82.15,18.484,49.534
155.3,83.161,18.806,50.308
154.46,83.085,18.949,50.669
153.34,84.948,18.965,50.72
150.54,82.896,19.197,51.306
148.06,82.166,19.341,51.673
143.09,81.965,18.97,50.673
137.45,82.795,18.687,49.884
133.63,82.391,18.961,50.62
130.32,82.661,18.751,50.045
130.74,83.37,19.156,51.087
130.65,82.048,19.286,51.455
131.53,81.283,19.17,51.192
131.84,81.844,19.222,51.336
131.44,78.391,19.064,50.826
133.66,80.323,18.775,50.049
136.65,81.731,18.907,50.423
137.21,79.47,18.764,50.054
139.51,79.586,18.991,50.675
142.07,79.024,18.409,49.071
144.63,80.864,18.083,48.258
147.34,78.382,18.118,48.33
149.29,79.835,18.531,49.385
150.56,80.521,19.008,50.673
150.4,79.118,18.988,50.587
150.81,79.405,18.991,50.597
150.35,79.903,19.678,52.403
151.78,78.158,19.66,52.404
152.88,79.08,19.622,52.353
152.69,77.788,19.363,51.623
154.01,79.228,19.189,51.19
155.03,80.98,19.562,52.174
155.64,79.287,20.084,53.571
155.46,78.698,20.238,53.917
156.42,78.506,20.362,54.297
158.58,79.279,20.944,55.888
160.04,79.992,20.74,55.298
161.41,80.84,21.302,56.812
162.29,79.943,20.979,55.95
163.8,79.646,20.541,54.756
162.06,78.139,20.544,54.781
162.6,80.857,20.712,55.312
160.38,80.741,21.019,56.125
159.34,80.705,21.476,57.354
156.29,80.264,22.16,59.161
153.42,76.786,22.162,59.202
148.33,80.079,21.835,58.31
142.73,80.49,22.08,58.917
135.29,75.328,22.578,60.233
127.35,77.967,22.184,59.213
124.12,76.755,22.079,58.945
123.34,75.311,22.53,60.179
124.17,73.977,22.604,60.387
126.77,74.825,22.785,60.873
130.12,73.169,22.918,61.149
134.67,71.603,22.855,60.989
140.58,72.259,22.861,60.982
145.58,72.667,23.087,61.597
151.06,71.099,23.214,61.98
157.76,71.567,22.819,60.941
162.85,71.342,22.786,60.896
167.3,70.529,22.395,59.91
170.95,74.257,22.661,60.609
174.22,73.368,22.855,61.242
173.67,73.135,22.986,61.556
173.99,74.832,22.739,60.863
172.03,73.722,23.046,61.707
172.67,76.593,23.431,62.705
171.99,74.542,23.469,62.81
171.72,76.105,23.241,62.217
174.82,79.932,22.63,60.58
175.54,79.33,22.497,60.18
179.04,80.382,22.291,59.685
180.94,81.132,22.839,61.189
182.93,77.156,23.123,61.986
184.6,82.046,23.321,62.518
186.01,81.554,23.106,61.83
189.25,79.891,22.928,61.396
189.67,80.934,22.759,60.912
191.82,81.007,22.364,59.839
192.34,82.472,22.215,59.421
194.36,81.226,22.617,60.467
191.1,79.024,22.457,60.029
190.49,76.919,21.811,58.244
190.82,76.077,22.462,59.926
188.28,74.564,21.705,57.918
183.68,73.719,21.465,57.294
180.45,72.879,22.015,58.693
179.43,70.314,21.545,57.428
179.86,70.546,21.159,56.474
177.74,69.266,21.637,57.827
177.21,67.115,22.065,58.986
178.65,66.959,22.302,59.653
178.46,67.044,22.234,59.515
180.37,67.291,22.857,61.217
178.54,65.273,22.958,61.41
180.26,64.672,23.556,62.935
174.49,64.31,23.524,62.882
170.82,65.254,23.65,63.135
171.4,64.474,23.833,63.573
168.47,63.635,23.763,63.352
166.21,64.892,23.663,63.09
163.5,64.985,23.833,63.639
161.75,65.085,23.975,64.027
158.26,65.734,24.501,65.439
154.68,65.116,24.098,64.339
153.82,68.112,23.588,62.913
152.01,67.272,23.038,61.43
151.1,70.966,23.004,61.303
150.12,73.002,23.05,61.344
149.23,75.642,22.695,60.438
146.79,75.27,22.327,59.514
144.99,78.128,22.278,59.348
144.5,80.013,22.357,59.59
149.27,81.526,22.698,60.437
153.03,79.406,22.703,60.443
159.31,80.838,22.864,60.833
166.68,79.397,23.128,61.551
171.5,77.351,22.863,60.878
176.88,77.658,22.657,60.252
180.45,75.659,23.278,61.891
184.54,72.828,22.853,60.797
187.19,72.875,22.799,60.595
192.18,69.97,23.005,61.163
195.91,69.193,22.896,60.817
198.3,68.685,23.378,62.113
199.61,67.555,23.354,61.971
201.44,68.692,23.666,62.753
200.62,68.897,23.279,61.643
199.08,69.978,23.703,62.738
191.96,73.051,24.048,63.728
182.32,75.05,23.827,63.088
176.74,77.36,23.81,63.026
170.19,80.619,23.698,62.806
163.2,90.421,23.711,62.86
158.75,89.415,23.273,61.694
154.32,86.784,23.162,61.357
151.23,88.67,23.082,61.103
152.42,93.996,23.126,61.216
147.86,86.087,23.254,61.473
150.19,86.972,23.017,60.833
152.47,81.25,23.104,61.006
154.55,82.516,22.446,59.25
155.71,79.176,21.82,57.678
158.91,82.04,22.152,58.589
155.6,79.429,22.267,58.873
156.05,79.381,22.507,59.505
155.62,74.85,22.246,58.891
154.85,78.451,22.552,59.711
151.81,76.415,22.191,58.754
149.58,76.539,22.457,59.493
146.67,74.236,23.069,61.086
143.69,75.42,23.407,61.986
138.11,74.751,23.419,62.071
136.16,76.824,23.955,63.539
133.12,76.635,24.144,64.018
134.42,75.089,24.108,63.925
133.05,73.554,23.727,62.964
132.53,71.977,23.58,62.591
119.16,85.531,23.784,63.123
114.44,90.261,23.858,63.356
111.03,92.322,24.075,63.962
NaN,NaN,NaN,-2
NaN,NaN,NaN,0
NaN,NaN,NaN,0
NaN,NaN,NaN,0
NaN,NaN,NaN,0
NaN,NaN,NaN,-1
124.45,73.344,19.995,54.986
120.99,75.74,19.851,54.658
116.66,78.542,20.034,55.177
113.48,80.904,20.012,55.09
108.93,82.952,19.981,54.997
110.27,85.328,19.455,53.565
112.97,86.506,19.189,52.822
114.89,85.6,19.013,52.278
120.75,87.192,18.99,52.194
125.04,87.723,18.94,52.017
127.59,87.581,19.467,53.474
129.21,86.327,19.692,54.188
134.31,83.32,19.481,53.614
136.91,83.851,19.135,52.668
137.84,85.684,19.08,52.51
139.84,88.011,18.837,51.86
141.69,87.806,18.839,51.814
140.12,85.748,19.346,53.225
140.25,85.262,19.381,53.236
140.29,86.491,19.567,53.727
140.12,84.822,19.954,54.816
141.34,83.702,19.694,54.088
142.74,80.558,19.999,54.921
139.01,82.386,20.116,55.299
136.01,84.269,20.115,55.278
134.34,83.176,20.473,56.266
135.3,78.753,19.627,53.988
136.88,84.356,18.912,52.005
139.64,84.558,18.454,50.776
140.5,82.911,18.117,49.84
140.4,83.682,17.69,48.669
138.65,82.945,17.796,48.922
136.62,83.179,17.715,48.667
136.62,83.412,17.414,47.867
135.58,84.177,17.362,47.724
135.66,82.519,17.446,47.975
134.75,81.871,17.638,48.476
132.53,82.577,17.669,48.544
130.43,81.439,17.647,48.49
129.31,82.893,17.78,48.803
128.68,83.97,17.89,49.16
126.2,81.942,17.115,47.023
128.38,86.072,17.094,46.978
133.17,85.647,17.095,47.016
137.52,86.303,17.584,48.39
141.36,85.1,17.192,47.289
144.22,86.065,17.575,48.31
144.72,83.529,17.329,47.635
146.06,85.468,16.791,46.105
150.1,84.494,16.516,45.279
152.77,85.688,16.085,44.109
155.78,85.064,15.426,42.303
158.56,85.213,15.069,41.34
160.72,85.736,15.322,42.024
160.4,84.667,14.83,40.686
161.67,85.163,14.585,40.1
163.97,86.143,14.46,39.835
164.52,84.833,14.133,38.877
164.7,86.322,14.157,38.957
164.58,86.342,14.648,40.273
163.83,85.806,14.951,41.15
162.47,86.194,15.172,41.751
163.34,85.552,15.779,43.398
166.45,85.15,15.589,42.963
167.91,83.557,15.917,43.842
170.8,83.135,14.985,41.284
170.78,84.531,14.659,40.395
172.43,84.052,14.875,41.005
175.13,84.462,14.369,39.615
176.31,83.725,14.223,39.219
177.29,84.654,14.358,39.599
177.5,85.193,14.502,40.034
178.46,84.532,14.292,39.446
178.66,86.164,14.556,40.144
178.28,86.295,14.754,40.65
177.99,87.29,14.833,40.868
177.25,89.514,14.74,40.661
176.34,92.046,15.272,42.084
175.73,90.709,14.537,40.067
176.02,92.975,14.127,38.932
175.03,93.712,13.456,37.047
174.93,94.981,13.266,36.521
175.1,96.276,12.991,35.79
173.85,96.128,12.769,35.153
173.58,97.056,13.214,36.377
172.11,96.831,13.595,37.446
170.6,97.301,13.325,36.735
170.65,98.068,13.245,36.542
170.34,97.97,13.503,37.235
171.9,97.002,13.902,38.29
172.91,96.219,13.565,37.374
174.18,96.534,13.453,37.035
