NaN,NaN,NaN,-1
152.51,95.253,18.359,48.927
151.52,94.688,18.358,48.957
151.34,91.046,18.509,49.381
149.45,88.839,18.249,48.669
150.22,88.212,18.659,49.709
150.08,84.677,18.593,49.454
151.89,84.364,18.89,50.252
152.99,82.744,19.376,51.599
154.94,83.086,20.1,53.536
155.73,80.054,20.009,53.351
155.89,81.586,19.842,52.951
155.43,80.569,20.029,53.468
154.13,80.144,20.386,54.419
152.58,81.331,20.124,53.783
151.48,80.971,20.138,53.848
148.59,82.024,19.693,52.639
142.71,79.365,20.165,53.909
138.61,81.488,19.778,52.893
134.39,82.217,20.017,53.556
131.01,80.909,20.607,55.111
128.75,81.217,20.675,55.195
129.79,79.204,21.046,56.188
131,77.981,21.083,56.35
130.29,79.24,20.831,55.728
131.61,77.513,21.254,56.847
132.94,75.838,21.185,56.679
135.97,75.56,21.856,58.473
137.44,75.288,21.318,57.137
138.06,75.953,21.402,57.342
140.62,77.473,21.217,56.882
142.95,73.896,21.401,57.372
145.73,73.426,21.392,57.36
148.36,76.44,21.441,57.487
149.27,74.368,21.232,56.917
149.36,73.379,21.384,57.389
149,75.31,21.745,58.337
149.86,73.057,21.502,57.704
151.29,75.115,21.69,58.228
151.02,73.391,21.089,56.599
153.18,74.709,21.197,56.876
153.45,75.353,21.57,57.858
155.1,74.424,21.483,57.633
155.15,73.861,21.491,57.713
154.6,73.963,21.444,57.565
156.11,75.272,21.487,57.713
158.61,73.896,21.755,58.421
160.56,72.665,21.907,58.895
163.16,73.455,22.349,60.074
162.79,73.811,21.873,58.831
163.33,77.513,22.305,60.1
161.5,74.44,21.632,58.282
160.84,75.963,21.907,59.04
162.33,77.421,21.864,58.898
158.74,74.647,21.565,58.067
157.57,77.331,22.04,59.361
154.53,73.131,21.749,58.583
148,73.569,21.961,59.183
141.99,76.003,22.653,61.097
134.14,73.015,23.128,62.401
128.27,75.463,22.988,62.032
123.95,69.756,23.587,63.736
123.62,68.914,23.488,63.425
124.19,68.44,22.719,61.289
127.67,69.824,22.53,60.844
130.57,68.629,22.578,60.983
137.29,71.537,22.81,61.525
139.65,70.1,22.795,61.472
145.08,70.866,22.743,61.304
150.8,68.926,22.743,61.278
158.61,65.144,22.849,61.589
163.7,69.394,23.177,62.466
169.54,67.998,23.592,63.609
170.59,70.289,23.504,63.361
172.83,71.075,23.155,62.472
173.83,71.44,22.934,61.937
174.38,71.271,23.178,62.57
172.59,71.917,23.538,63.538
171.71,72.945,23.355,63.022
174.14,73.698,23.404,63.146
173.04,74.482,23.31,62.933
174.05,76.84,23.343,62.991
174.93,74.058,23.197,62.68
177.77,74.727,23.318,62.977
178.57,75.046,23.415,63.165
183.26,78.657,23.584,63.578
185.54,79.138,23.928,64.466
188.39,79.926,24.456,65.976
190.34,76.387,24.75,66.728
188.81,76.772,25.04,67.544
193.25,77.98,25.008,67.375
190.4,74.353,24.546,66.119
191.61,74.859,24.006,64.668
193.94,77.09,24.442,65.819
190.09,72.14,24.229,65.159
193.2,71.182,23.875,64.215
187.29,71.981,23.908,64.32
180.93,69.769,23.975,64.519
179.41,66.886,24.493,65.886
177.99,66.385,24.719,66.493
176.48,63.822,24.555,66.072
177.22,63.289,24.866,66.867
179.14,61.272,25.329,68.056
176.28,62.967,24.8,66.715
175.65,61.987,24.4,65.662
178.1,62.605,24.66,66.407
177.67,61.3,24.801,66.818
180.54,62.025,24.773,66.717
177.98,62.639,25.181,67.843
172.17,61.63,24.619,66.398
170.09,62.926,24.568,66.249
169.62,62.984,24.771,66.826
169.25,63.186,24.644,66.484
165.17,61.688,24.729,66.758
162.35,63.966,25.196,68.065
157.47,62.814,25.686,69.383
155.41,61.602,25.62,69.294
154.08,64.293,25.846,69.91
151.47,62.574,25.914,70.035
150.79,63.891,25.429,68.695
149.35,66.088,25.343,68.468
148.83,69.587,24.849,67.083
145.09,70.093,25.159,67.925
145.93,72.574,25.041,67.563
145.45,75.099,25.064,67.576
146.81,74.515,24.637,66.394
154.72,77.598,24.965,67.274
162.26,77.314,24.812,66.902
166.58,77.114,24.903,67.17
171.66,75.194,24.932,67.298
179.66,75.312,25.248,68.102
178.9,70.596,24.728,66.705
183.49,69.39,24.909,67.338
187.46,67.14,24.92,67.393
193.32,66.862,24.568,66.455
194.52,66.334,24.55,66.335
197.93,67.852,24.371,65.916
200.09,63.793,24.303,65.688
200.34,63.826,24.15,65.333
201.46,64.856,24.17,65.359
198.52,65.061,24.613,66.611
194.68,70.186,24.994,67.59
184.59,72.588,25.188,68.118
172.93,76.068,25.016,67.627
167.81,78.631,25.156,67.968
160.11,78.683,25.214,68.138
157.89,84.245,25.129,67.917
153.5,83.842,25.067,67.758
153.45,90.289,25.117,67.844
150.46,89.292,24.955,67.389
147.73,82.585,25.649,69.283
149.11,83.564,25.858,69.859
153.44,80.538,26.115,70.547
155.38,79.724,25.529,68.964
156.39,77.541,26.148,70.612
155.74,74.394,25.861,69.934
156.04,75.975,25.98,70.347
153.85,73.546,25.654,69.48
155.97,73.633,25.853,70.045
154.93,72.621,25.556,69.226
153.57,74.835,25.938,70.217
149.27,72.771,25.958,70.265
147.86,70.463,25.693,69.569
142.01,71.587,25.718,69.62
134.94,69.542,25.857,70.01
135.18,73.573,25.486,69.086
131.57,71.503,25.276,68.422
135.14,72.184,25.164,68.173
135.92,72.288,25.101,67.967
132.49,70.876,24.996,67.703
122.79,71.849,25.12,68.07
113.21,87.762,25.076,67.926
112.19,69.303,25.552,69.128
118.64,33.315,25.646,69.433
127.4,61.145,25.443,68.95
130,66.748,25.354,68.666
130.27,60.354,25.356,68.637
129.05,67.32,25.474,68.979
116.71,69.251,25.599,69.296
113.29,69.097,25.752,69.731
108.86,75.496,25.862,70.015
103.95,79.158,26.011,70.463
100.26,81.734,26.083,70.664
97.674,83.175,26.239,71.156
97.252,83.213,25.909,70.242
103.16,82.406,25.598,69.427
107.29,83.905,25.473,69.08
113.47,81.105,25.348,68.687
127.01,82.835,25.454,68.954
130.57,80.834,25.023,67.745
134.85,77.461,24.659,66.742
137.14,78.639,23.931,64.746
138.79,83.382,24.391,65.874
135.76,80.595,24.109,65.09
135.71,81.891,24.192,65.312
135.13,83.238,24.006,64.757
131.69,84.322,23.725,63.977
134.17,89.116,23.29,62.774
144.36,85.15,22.949,61.888
153.08,72.92,23.238,62.718
145.08,79.781,23.533,63.536
138.48,77.648,23.646,63.87
137.87,78.251,23.484,63.498
139.41,83.436,23.304,62.98
136.7,78.669,23.505,63.5
133.4,79.063,23.794,64.27
134.05,78.008,23.898,64.602
138.48,76.009,24.251,65.56
137.15,76.671,24.426,66.005
137.12,76.83,24.613,66.608
136.85,73.77,24.651,66.727
133.34,73.551,23.996,64.934
132.3,72.287,24.088,65.275
132.43,73.607,24.556,66.579
130.41,71.777,24.853,67.389
127.89,72.949,24.811,67.297
128.75,70.762,25.124,68.193
128.94,73.283,25.088,68.064
126.24,70.793,25.366,68.727
125.64,72.123,25.172,68.136
121.22,71.961,24.448,66.246
123.69,77.447,24.494,66.392
129.51,73.445,24.336,65.913
134.97,74.352,24.268,65.741
135.1,75.478,24.344,65.881
140.07,76.004,24.5,66.243
142.73,74.771,24.595,66.451
141.31,78.476,23.953,64.68
144.01,78.677,23.637,63.909
149.66,74.735,23.869,64.532
152.06,75.867,23.799,64.376
155.74,75.354,24.07,65.102
154.51,75.173,24.096,65.181
156.74,73.045,23.863,64.577
156.22,73.784,23.273,62.891
156.93,73.539,23.283,62.955
157.13,74.789,23.524,63.572
159.49,75.888,23.924,64.58
159.87,73.746,24.627,66.409
156.13,72.617,24.418,65.852
155.8,71.145,23.904,64.508
159.73,73.797,24.388,65.861
160.54,74.582,24.454,65.995
163.24,70.323,24.696,66.632
163.73,73.517,24.826,66.873
166.17,68.816,25.384,68.446
166.11,67.764,25.496,68.706
167.86,67.473,25.224,67.975
170.01,66.204,25.266,68.06
170.65,68.452,24.979,67.327
172.69,65.235,24.877,67.055
172.71,69.028,24.966,67.295
170.74,70.316,25.005,67.37
171.72,69.061,25.49,68.65
172.52,68.317,26.15,70.379
170.24,72.932,25.972,69.928
169.44,75.516,25.623,69.013
170.8,73.695,26.094,70.243
169.85,76.477,25.876,69.68
167.17,76.971,25.552,68.762
168.15,77.103,26.068,70.17
166.85,72.632,26.365,70.968
164.35,77.062,26.566,71.518
163.66,74.644,26.01,70.112
164.36,75.282,25.696,69.316
162.95,80.342,25.867,69.766
162.6,79.426,25.78,69.467
165.25,78.718,25.618,69.025
166.38,79.072,24.875,67.019
166.89,78.952,24.795,66.786
168.41,79.314,24.229,65.243
