NaN,NaN,NaN,-1
152.58,94.307,17.683,47.15
151.47,94.687,18.122,48.299
150.59,91.515,17.746,47.274
149.76,89.942,17.79,47.405
149.23,88.179,18.147,48.356
150.54,87.541,17.99,47.963
151.63,84.741,18.12,48.351
153.93,85.071,18.265,48.695
155.11,84.943,17.855,47.579
156.33,85.455,18.049,48.065
157.66,85.878,18.25,48.642
155.77,83.775,17.948,47.751
155.41,84.61,17.708,47.072
153.9,85.222,18.165,48.296
152.7,84.905,18.464,49.117
148.22,82.702,18.606,49.463
141.61,83.138,18.472,49.166
138.53,83.752,18.404,48.937
135.29,84.718,18.269,48.588
130.42,83.276,18.153,48.275
130.93,83.484,18.315,48.681
130.53,84.127,18.283,48.609
132.15,82.692,17.965,47.747
132.18,82.215,18.311,48.663
132.93,82.832,18.537,49.301
135.43,81.347,19.211,51.079
135.89,79.011,19.616,52.132
137.33,77.736,19.927,52.963
139.43,80.001,20.326,54.027
141.75,80.647,20.707,54.987
143.73,78.306,20.775,55.181
146.42,77.063,20.698,55.023
147.61,76.409,20.593,54.763
149.95,78.026,20.753,55.174
148.61,75.63,20.791,55.323
149.17,76.629,21.396,56.892
150.38,76.953,21.282,56.632
150.7,77.982,21.411,57.008
150.54,77.588,21.41,57.057
151.54,77.357,21.819,58.1
153.07,76.601,22.059,58.689
155.26,76.722,21.968,58.537
155.05,77.482,21.925,58.475
153.7,76.525,21.98,58.62
156.91,78.734,21.387,57.03
157.21,76.679,21.208,56.482
159.41,79.609,21.126,56.297
161.45,78.836,21.302,56.866
163.4,78.604,21.246,56.646
163.15,78.944,21.534,57.428
162.16,77.061,21.776,58.101
160.87,77.503,21.512,57.376
161.22,79.388,21.318,56.894
160.24,79.581,21.346,56.961
156.81,78.806,21.323,56.932
153.13,77.981,21.631,57.75
149.13,79.134,21.743,58.084
141.78,82.492,22.016,58.842
133.53,75.791,22.597,60.4
127.92,77.181,23.288,62.299
123.33,75.129,23.17,62.015
124.81,74.326,22.971,61.471
125.09,74.854,23.392,62.592
125.73,72.483,22.976,61.468
131.56,75.374,22.39,59.954
136.55,72.926,22.025,58.97
140.35,75.576,21.389,57.273
146.52,72.123,21.772,58.439
151.85,71.622,21.774,58.494
157.91,70.565,22.1,59.412
163.08,72.047,22.063,59.314
167.4,70.814,22.125,59.504
170.86,73.456,22.627,60.832
173.97,72.074,22.358,60.068
173.42,71.495,22.517,60.524
173.31,72.282,22.677,60.919
172.42,75.587,22.476,60.388
172.66,74.08,22.77,61.205
173.56,79.59,23.282,62.631
172.98,75.34,23.506,63.232
173.26,73.813,23.261,62.621
174.67,76.568,23.56,63.414
178.29,81.157,23.835,64.159
178.6,77.202,24.261,65.345
179.79,77.994,24.175,65.09
182.66,79.797,24.517,66.064
184.89,77.433,24.926,67.195
189.32,79.329,25.745,69.306
189.3,76.417,25.561,68.867
190.21,78.507,25.473,68.574
190.13,76.08,26.167,70.435
191.61,77.744,26.121,70.314
189.83,73.837,26.427,71.041
189.01,71.147,26.558,71.334
188.35,67,26.034,69.963
184.28,66.627,26.718,71.748
179.31,61.913,26.714,71.785
178.04,63.264,26.275,70.536
176.81,62.118,25.946,69.63
176,62.437,26.136,70.125
176.52,62.193,25.902,69.439
177.38,62.381,26.216,70.303
174.13,60.882,26.257,70.375
175.51,62.6,26.867,71.977
180.13,61.598,26.959,72.325
175.7,57.07,27.185,72.804
176.48,57.52,26.773,71.712
173.92,60.358,26.388,70.671
171.36,61.284,26.78,71.752
171.67,62.529,26.791,71.71
165.94,62.651,26.57,71.142
167.34,62.454,26.928,72.073
162.53,59.008,27.038,72.376
160.41,60.642,26.762,71.632
157.1,62.975,26.689,71.387
154.07,59.865,26.55,71.01
153.09,65.001,26.705,71.396
151.19,61.708,26.962,72.059
148.69,62.593,27.108,72.473
147.34,64.71,26.707,71.477
145.66,66.264,26.149,70.014
142.63,70.384,25.88,69.294
143.17,70.221,25.844,69.213
141.42,74.109,25.166,67.414
146.78,76.045,24.944,66.822
153.27,75.859,25.36,67.89
159.29,76.661,24.953,66.951
164.72,75.962,24.587,65.938
169.48,73.772,24.267,65.118
173.51,74.762,24.175,64.869
181.16,73.392,23.859,64.066
183.25,73.01,23.857,64.029
187.11,69.852,24.032,64.545
192.87,68.564,24.021,64.451
194.35,67.902,24.768,66.458
197.72,65.684,24.595,66.005
199.66,62.87,24.735,66.306
200.28,64.105,24.939,66.764
199.93,62.893,24.822,66.481
198.01,64.298,25.04,67.002
190.34,69.817,24.621,65.801
181.19,73.458,24.552,65.623
172.93,74.164,24.406,65.222
167.95,78.893,24.386,65.176
162.13,84.365,24.493,65.388
155.9,84.679,23.967,63.902
152.46,85.406,23.674,63.034
151.2,88,22.971,61.205
147.85,88.419,22.962,61.262
149.06,86.557,22.606,60.408
149.91,87.096,22.669,60.644
152.36,82.147,22.646,60.51
154.15,79.878,22.463,59.926
155.36,78.962,22.395,59.743
157.02,78.474,22.416,59.786
156.16,76.788,22.561,60.11
154.27,73.809,22.623,60.281
154.51,74.679,22.916,61.138
154.28,73.157,23.034,61.429
151.83,76.356,22.944,61.145
147.58,71.061,22.518,59.913
146.58,73.866,22.795,60.651
140.68,72.125,22.618,60.212
134.75,70.985,23.108,61.543
132.91,73.203,23.124,61.579
128.6,72.629,22.86,60.94
133.21,75.792,23.037,61.461
133.12,71.788,22.406,59.796
132.98,74.333,22.296,59.51
127.57,70.815,22.129,59.109
120.42,70.975,22.527,60.19
111.31,93.53,22.192,59.206
NaN,NaN,NaN,-2
NaN,NaN,NaN,0
NaN,NaN,NaN,0
NaN,NaN,NaN,0
NaN,NaN,NaN,0
NaN,NaN,NaN,-1
124.7,73.014,19.926,54.792
120.72,75.925,20.271,55.693
117.95,78.077,20.013,54.973
112.16,82.009,20.149,55.33
109.03,83.395,20.476,56.246
110.72,85.094,20.613,56.616
114.8,84.747,20.618,56.63
119.86,85.437,20.348,55.894
122.13,86.328,20.343,55.877
127.53,87.178,19.687,54.073
129.11,88.218,20.133,55.355
131.8,87.532,20.483,56.3
133.18,84.846,20.51,56.344
135.55,86.611,20.205,55.484
138.51,86.464,19.624,53.892
141.23,88.553,19.4,53.237
142.52,86.993,18.988,52.092
143.28,87.914,19.27,52.851
143.99,88.152,19.419,53.278
142.09,86.803,19.395,53.296
143.29,86.849,18.976,52.179
143.33,86.877,18.696,51.415
144.13,87.879,18.871,51.869
142.46,86.939,18.737,51.511
138.69,86.963,18.148,49.948
136.79,86.851,18.042,49.617
137.54,88.565,17.798,48.863
140.09,87.303,17.116,46.971
143.35,88.473,17.149,47.012
144.21,86.177,16.842,46.177
144.62,86.607,16.852,46.179
142.31,86.248,16.632,45.562
140.12,84.438,16.433,45.023
137.21,86.381,16.569,45.428
139.81,85.05,16.148,44.241
137.81,85.435,15.658,42.842
137.05,85.001,15.61,42.731
135.93,85.43,15.336,42.019
133.58,85.593,15.522,42.55
132.89,85.34,15.477,42.449
131.04,86.562,15.752,43.268
128.71,88.027,16.1,44.244
130.02,87.284,16.026,44.049
134.32,89.67,16.484,45.307
138.81,90.097,16.214,44.58
143.68,88.419,16.265,44.704
145.46,88.827,16.457,45.182
146.73,87.403,16.503,45.309
148.05,87.963,17.032,46.742
150.32,85.936,16.846,46.234
155.5,87.107,16.694,45.797
157.64,88.172,16.801,46.109
158.81,85.128,16.5,45.34
160.57,86.247,16.418,45.131
162.87,85.432,16.426,45.143
161.79,85.857,16.685,45.796
163.33,86.506,16.514,45.277
164.55,86.924,16.461,45.138
164.24,85.337,16.595,45.499
164.72,85.467,16.583,45.434
164.11,86.531,16.136,44.209
163.77,87.601,16.39,44.983
164.57,86.801,15.807,43.352
167.64,86.386,15.916,43.619
169.98,86.233,15.798,43.304
170.98,85.059,15.78,43.319
172.83,84.131,15.757,43.236
174.92,84.564,16.194,44.455
175.63,84.234,16.046,43.997
178.24,82.078,15.36,42.164
179.33,85.225,15.502,42.505
179.78,84.881,15.315,41.979
179.6,82.7,15.097,41.367
179.04,86.992,15.222,41.683
178.74,87.305,14.753,40.383
179.42,89.6,14.532,39.818
178.62,91.483,14.587,39.926
178.46,94.505,13.929,38.12
178.47,94.221,14.167,38.81
177.02,96.306,14.776,40.47
176.72,94.753,14.678,40.251
175.82,94.369,14.178,38.859
174.89,96.566,14.047,38.513
174.65,97.166,13.469,36.937
172.66,99.771,13.967,38.283
171.39,99.271,14.208,38.906
171.86,98.277,13.893,38.046
172.12,99.147,14.159,38.763
171.85,97.947,14.639,40.074
172.09,95.968,14.54,39.779
174.73,97.964,14.537,39.751
175.72,96.616,14.022,38.333
