NaN,NaN,NaN,-1
336.38,163.04,26.463,66.899
335.85,161.03,26.734,67.84
332.54,159.14,35.437,72.318
332.74,156.46,30.17,72.148
326.35,159.34,35.347,70.269
323.88,159.24,34.768,71.536
327.62,163.02,27.41,67.279
326.35,161.21,33.433,67.312
326.53,169.09,28.772,64.172
325.39,169.88,25.799,62.167
321.73,169.74,28.679,62.589
330.43,166.23,22.421,55.605
327.56,168.7,23.509,50.849
326.69,167.95,27.153,51.133
328.84,169.78,22.068,52.878
329.48,165.42,23.908,50.591
331.45,164.32,20.109,49.02
331.13,160.89,27.958,47.323
332.9,162.96,16.863,41.123
330.78,161.76,19.831,44.07
328.46,163.21,23.023,46.753
330.94,162.36,20.327,44.338
331.99,159.69,19.816,43.641
330.85,159.16,22.637,45.158
328.88,161.04,28.395,44.963
328.1,161.61,24.901,39.816
330.27,159.28,28.775,40.327
313.09,164.16,48.059,76.902
301.8,143.01,68.176,104.58
300.57,142.73,58.952,108.57
314.06,150.9,41.951,96.07
319.76,167.95,36.307,87.28
315.65,167.3,35.185,86.844
313.1,165.91,35.991,86.727
313.18,169.93,32.86,82.1
307.92,169.83,35.838,83.299
284.59,135.81,94.952,151.86
281.73,134.94,93.848,151.8
267.21,127.69,96.127,153.67
261.97,125.41,93.406,153.99
250.96,122.01,94.065,153.02
240.71,117.79,94.84,148.49
NaN,NaN,NaN,-2
NaN,NaN,NaN,0
NaN,NaN,NaN,0
NaN,NaN,NaN,0
NaN,NaN,NaN,0
NaN,NaN,NaN,-1
335.35,149.69,26.901,64.492
324.54,145.66,42.84,69.405
324.22,145.96,45.607,69.571
323.64,146.9,46.11,68.141
336.59,151.37,25.767,60.372
338.37,152.1,23.398,58.648
335.03,158.23,39.286,62.866
333.32,157.46,41.902,64.34
334.1,158.39,39.729,62.428
334.44,160.11,37.77,59.699
335.95,153.16,32.991,67.011
335.86,151.23,33.244,68.919
335.79,151.64,31.57,67.909
335.81,152.06,26.275,65.141
334.61,152.1,29.076,65.154
332.54,151.09,31.834,66.419
330.22,146.15,27.372,65.891
329.09,145.9,25.77,65.018
326.09,145.91,30.911,68.353
323.47,146.48,35.77,70.263
321.27,145.2,40.361,74.576
324.69,152.29,27.555,69.152
321.5,150.8,32.67,71.414
318.13,142.54,40.304,75.933
313.96,142.67,44.229,75.024
324.54,147.29,33.324,72.933
320.14,142.81,43.328,80.65
320.15,143.87,44.845,81.267
314.02,140.42,54.994,81.001
311.87,140.74,60.566,82.084
324.15,147.38,27.847,69.951
323.4,146.81,27.833,70.008
321.63,145.99,31.355,71.55
319.93,143.14,35.813,74.398
322.56,144.96,33.031,73.721
323.77,144.44,33.356,74.972
325.91,146.9,29.071,73.343
323.27,145.21,36.543,77.937
322.62,143.43,40.458,81.739
322.49,144.28,39.279,79.899
322.92,143.71,43.388,81.56
324.06,146.01,43.056,80.067
326.02,147.21,40.869,78.884
328.74,146.31,40.155,79.838
331.4,144.85,39.748,81.065
331.47,144.34,36.85,78.979
337.35,156.12,30.057,74.16
338.57,155.34,30.021,74.308
338.51,150.95,30.837,78.05
333.47,152.44,36.55,78.187
331.67,152.16,38.879,78.489
328.23,153.34,42.554,77.718
338.24,155.71,27.837,69.682
339.44,152.13,29.265,73.834
338.7,153.18,30.241,72.959
338.96,152.19,30.303,73.917
330.5,158.75,41.945,77.505
343.31,167.07,31.177,71.7
343.56,165.35,34.524,74.918
345.12,164.8,30.61,74.697
346.11,165.68,33.575,77.338
347.7,167,33.666,76.667
343.01,164.49,33.196,77.884
346.3,167.99,30.119,76.345
347.53,168.25,31.531,77.107
350.76,170.26,35.023,82.226
352.15,173.15,32.958,77.964
351.03,169.05,40.704,84.102
357.58,166.01,36.294,83.822
346.44,173.68,61.838,91.762
341.13,172.7,56.379,88.794
354.13,180.79,41.697,84.75
358.13,181.97,40.28,82.926
363.52,185.79,33.073,82.429
360.86,185.5,34.644,82.057
359.88,183.92,35.517,85.639
366.07,184.71,34.181,86.597
367.35,184.14,36.834,88.338
354.06,180.49,36.43,88.186
345.46,177.94,36.98,88.756
348.72,181.09,39.258,91.149
346.98,178.9,45.6,91.472
351.32,183.66,51.779,89.264
351.77,185.38,50.869,88.482
359.16,185.92,50.881,90.129
365.56,186.59,51.022,91.179
374.98,190.3,51.522,89.968
384.68,191.74,53.606,91.69
383.58,187.26,57.604,98.549
397.82,191.15,57.203,98.59
403.58,203.18,59.993,91.556
405.54,207.2,48.242,92.946
402.81,207.07,49.745,93.691
397.76,195.53,61.285,98.961
392.63,197.03,46.446,91.861
395.46,199.84,36.071,87.019
398.8,202.1,34.706,84.991
393.95,199.77,37.397,85.986
390.65,196.02,37.827,91.131
383.61,193.75,44.968,93.43
389.45,199.02,40.499,83.918
391.13,196,41.051,87.006
393.09,195.93,39.369,87.088
393.61,196.38,40.925,85.763
387.37,192.42,43.925,88.693
382.05,191.36,46.044,88.966
374.08,185.31,57.757,97.232
377.56,192.54,48.733,86.391
377.92,190.15,49.846,88.026
387.74,192.51,52.807,89.311
399.44,197.54,50.783,85.387
407.52,200.22,53.498,85.919
417.03,201.49,51.852,84.896
408.03,202.84,55.57,88.409
401.23,202.56,55.696,87.166
402.88,204.53,51.822,84.486
397.43,199.17,57.466,90.446
391.57,197.14,56.992,90.688
384.55,192.08,64.661,99.674
382.71,190.43,70.504,99.768
384.5,191.52,73.008,96.871
387.48,190.94,72.758,97.121
381.35,196.06,88.651,96.857
391.61,196.22,89.011,100.01
390.72,197.67,88.232,94.422
399.34,200.34,81.593,89.462
406.12,199.06,83.877,88.426
NaN,NaN,NaN,-2
NaN,NaN,NaN,0
NaN,NaN,NaN,0
NaN,NaN,NaN,0
NaN,NaN,NaN,0
NaN,NaN,NaN,-1
467.96,161.58,28.864,65.803
467.94,162.17,28.228,66.1
471.8,164.54,26.465,65.434
469.79,166.99,29.349,64.032
466.7,172.59,36.524,62.846
464.5,167.48,38.595,62.688
477.58,168.45,23.575,56.26
477.07,170.65,21.723,54.335
475.32,169.28,28.481,59.703
469.86,168.99,28.476,60.336
466.54,167.21,31.348,61.296
464.2,166.69,34.204,61.728
462.57,167.81,31.703,61.122
460.73,167.72,31.036,60.136
461.6,176.18,21.174,52.221
461.79,176.34,20.404,51.243
461.76,172.26,29.518,55.166
459.57,170.03,29.766,55.585
462.64,170.13,25.457,53.048
462.42,168.76,24.924,56.337
451.21,169.42,53.007,70.989
457.09,166.95,28.066,63.759
460.61,165.65,24.196,59.856
460.2,165.39,22.996,57.211
457.81,162.81,26.222,59.29
453.73,163.89,30.687,57.049
451.77,163.19,32.176,55.318
456.12,161.34,24.446,56.354
451.9,166.43,22.355,52.535
452.61,166.85,20.396,50.386
453.5,163.34,21.55,50.507
453.34,163.57,21.685,51.399
453.32,162.99,25.786,53.852
453.9,162.11,23.283,57.253
450.74,159.17,27.14,57.088
450.72,158.54,27.67,56.599
449.55,159.42,29.272,56.545
439.6,170.05,38.878,57.172
440.86,156.78,41.994,61.866
434.68,154.16,54.892,64.989
448,153.27,28.288,61.42
447.94,152.42,28.941,62.788
448.28,151.97,29.173,60.823
448.1,150.63,38.75,66.456
443.69,150.04,43.223,68.478
450.44,151.8,33.313,61.986
457.96,150.23,24.532,60.955
459.34,151.21,23.749,57.872
458.74,150.13,28.055,58.385
459.57,149.79,29.212,57.393
465.69,150.64,23.733,53.958
457.24,149.58,39.337,54.333
461.02,152.11,40.593,51.448
465.37,151.13,42.325,55.168
469.94,148.76,42.726,55.946
475.54,148.42,39.31,54.359
481.37,149.61,39.315,51.393
492.8,145.5,25.48,53.788
500.76,143.29,24.354,53.514
504.14,141.88,24.906,52.779
508.44,138.21,25.473,54.22
509.48,135.46,36.02,59.144
514.7,133.07,31.307,59.31
513.48,132.55,33.293,60.622
519.74,130.69,30.474,59.818
522.02,127.44,33.003,61.246
523.82,126.6,30.117,57.152
521.85,126.57,32.357,57.329
521.49,125.7,32.757,56.421
522.61,126.78,29.381,53.042
523.28,125.92,27.673,50.442
519.62,125.37,28.463,48.944
523.43,123.65,21.012,46.28
525.27,122.06,21.915,45.117
522.94,122.41,21.306,46.036
519.81,121.38,22.804,47.23
517.46,120.84,23.489,46.628
514.68,120.83,24.324,45.614
513.19,121.11,23.502,44.326
509.98,122.59,27.496,46.056
506.6,123.42,38.023,47.251
505.92,123.07,36.021,43.753
505.36,123.04,33.134,41.644
505.12,121.97,25.903,38.916
503.4,123.95,34.516,35.744
504.83,125.69,32.769,34.642
504.78,123.56,23.306,34.717
507.33,141.99,19.458,48.204
504.83,142.41,26.25,45.802
502.51,135.76,33.907,45.623
506.95,137.64,20.247,41.542
497.35,139.77,27.785,42.134
497.48,139.89,21.839,38.228
456.25,147.55,38.329,66.009
452.47,143.96,43.795,69.366
454.47,140.55,41.722,69.171
469.86,136.11,24.328,59.619
466.81,136.12,29.073,61.889
462.53,133.83,36.167,65.758
460.18,130.72,41.409,73.171
459.21,126.3,44.346,76.444
459.43,123.93,46.857,79.034
458.43,121.54,48.112,79.261
456.59,114.57,53.388,87.438
456.27,109.44,56.997,91.076
455.02,106.92,60.487,95.181
455.66,102.37,60.896,97.313
452.75,95.239,67.13,100.02
450.72,90.924,71.445,101.28
449.3,88.922,73.401,101.19
445.45,84.765,78.565,103.62
438.1,79.542,85.261,107.05
432.47,78.571,88.217,107.44
426.94,80.019,88.422,108.72
416.95,79.26,92.773,111.31
411.7,77.274,95.499,108.95
404.02,77.101,98.737,109.82
395.33,79.315,99.554,109.22
386.02,80.469,101.7,111.43
376.88,78.126,106.56,113.92
367.24,77.517,110.13,114.9
357.54,77.606,112.75,115.37
347.86,77.91,116.15,116.02
NaN,NaN,NaN,-2
NaN,NaN,NaN,0
NaN,NaN,NaN,0
NaN,NaN,NaN,0
NaN,NaN,NaN,0
NaN,NaN,NaN,-1
436.74,91.857,31.703,68.267
432.83,94.31,30.833,66.769
429.41,91.147,31.042,71.459
427.45,89.95,33.358,75.358
423.35,91.701,34.263,75.36
417.13,89.458,38.297,82.861
421.82,81.981,45.577,83.036
421.15,83.078,44.508,80.554
429.23,93.45,32.048,67.649
430.3,93.953,29.158,65.405
428.32,93.548,32.514,65.972
428.8,94.112,29.56,62.867
427.67,94.37,31.005,64.04
427.69,95.808,30.784,63.157
425.37,88.325,40.764,71.66
422.37,87.444,41.463,72.277
420.06,86.127,43.52,76.219
418.39,85.654,46.557,80.651
415.27,89.591,47.687,82.343
413.8,92.574,46.586,80.738
409.89,94.582,49.18,84.725
408.01,95.852,50.835,87.109
408.35,96.371,50.147,87.202
406.86,101.45,51.602,88.472
407.23,103.6,51.834,88.089
406.5,103.5,52.077,89.12
405.89,105.32,52.729,89.6
405.88,110.97,53.033,89.33
407.05,114,52.262,89.094
407.9,119.07,50.244,86.062
408.52,121.88,49.352,84.608
408.99,124.93,48.469,82.314
408.19,126.33,48.029,81.097
406.5,128.82,47.193,80.254
NaN,NaN,NaN,-2
NaN,NaN,NaN,0
NaN,NaN,NaN,0
NaN,NaN,NaN,0
NaN,NaN,NaN,0
