NaN,NaN,NaN,-1
333.5,162.75,23.887,64.209
330.52,158.78,27.971,67.577
329.82,157.32,27.741,68.98
323.88,159.13,25.648,66.815
325.86,158.26,29.284,69.637
323.09,158.92,27.384,69.762
317.06,158.7,32.411,77.048
310.15,157.51,34.972,78.909
303.34,156.84,32.75,78.52
298.16,155.98,33.33,77.952
NaN,NaN,NaN,-2
NaN,NaN,NaN,0
NaN,NaN,NaN,0
NaN,NaN,NaN,0
NaN,NaN,NaN,0
NaN,NaN,NaN,-1
323.6,155.9,31.684,66.181
321.57,154.3,37.056,66.777
324.1,162.78,27.85,63.337
327.51,164.49,32.368,65.74
334.96,171.74,23.604,62.577
331.62,173.69,23.068,62.333
322.6,175.98,34.267,65.251
316.38,174.79,44.072,73.13
309.57,170.37,51.773,83.784
302.26,166.62,52.742,84.081
295.36,163.99,51.417,82.423
293.84,170.17,63.469,87.729
298.03,173.25,75.368,96.286
294.27,172.52,72.376,93.537
290.15,169.66,70.943,93.127
280.96,167.18,71.529,92.308
274.7,166.44,70.232,90.906
269.13,163.95,69.755,89.916
265.88,165.4,69.604,87.894
NaN,NaN,NaN,-2
NaN,NaN,NaN,0
NaN,NaN,NaN,0
NaN,NaN,NaN,0
NaN,NaN,NaN,0
NaN,NaN,NaN,-1
329.21,148.4,25.513,62.444
328.53,148.84,25.523,63.139
330.28,149.06,29.073,67.961
331.52,153.69,32.324,67.192
331.45,155.8,30.441,64.708
336.35,153.7,33.511,64.185
337.78,161.64,25.268,60.723
337.2,161.33,23.868,58.725
335.99,160.79,23.422,58.752
333.83,150.46,23.259,57.854
330.59,149.02,32.965,63.219
330.2,147.56,36.962,64.511
330.4,149.83,34.728,61.355
329.41,151.19,36.052,60.513
335.62,152.37,27.634,57.91
334.16,152.81,25.31,56.262
336.57,152.97,25.269,58.273
335.57,156.78,37.216,58.681
335.63,153.44,37.753,62.874
335.82,154.4,36.044,62.017
332.49,159.67,48.31,55.231
332.07,157.77,47.621,58.719
330.09,159.62,49.106,56.543
326.05,164.18,50.414,50.902
325.55,166.03,50.915,49.432
324.09,179.71,53.617,35.631
320.07,178.35,51.711,36.153
317.26,178.12,51.335,37.307
323.07,180.26,56.021,34.857
323.56,181.17,54.35,34.725
322.32,180.75,55.183,35.969
324.47,181.76,56.462,35.259
330.22,182.62,53.315,30.393
328.13,187.96,51.917,26.069
327.64,188.68,52.544,24.299
321.24,186.43,51.628,22.774
323.17,186.78,52.564,28.501
321.55,186.09,55.82,30.088
320.16,184.77,56.443,32.65
318.27,183.13,55.408,32.938
317.96,183.66,56.773,34
318.76,184.83,55.284,32.85
319.12,185.39,49.808,31.062
318.34,186.7,43.001,27.731
321.29,178.51,42.77,37.91
321.63,181.65,43.671,35.274
319.24,182.1,44.487,34.69
324.43,189.13,45.203,22.046
328.03,191.54,44.714,24.675
328.95,191.8,43.689,24.839
328.77,191.91,44.076,25.022
330.89,190.6,49.956,27.766
336.82,190.01,56.81,31.977
349.47,192.38,55.262,31.802
359.17,194.92,59.023,32.669
NaN,NaN,NaN,-2
NaN,NaN,NaN,0
NaN,NaN,NaN,0
NaN,NaN,NaN,0
NaN,NaN,NaN,0
NaN,NaN,NaN,-1
339.73,151.31,23.563,63.712
334.26,149.97,33.654,64.681
331.67,149.31,35.805,64.708
333.64,151.45,33.529,62.925
336.06,151.15,31.472,62.697
341.32,154.13,26.657,60.123
341.2,155.99,26.04,57.157
344.56,158.52,23.014,53.681
347.85,157.84,25.676,53.954
351.06,156.53,24.171,51.397
351.78,152.55,26.919,55.183
355.7,158.75,20.565,54.053
358.12,158.4,21.092,54.832
361.47,158.63,23.138,54.401
357.19,155.91,33.777,51.587
358.38,154.76,31.542,48.599
360.65,156.71,27.247,45.678
366.52,161.86,16.573,44.24
357.46,167.47,32.809,47.155
367.24,168.65,22.212,44.958
368.69,173.58,16.39,43.823
369.08,172.44,18.209,44.441
367.96,169.99,22.527,47.709
369.87,170.77,24.573,48.972
374,174.41,20.105,44.938
376.94,173.36,16.868,42.603
377.74,173.98,16.056,42.385
377.48,173.52,18.962,43.782
372.31,169.11,22.792,43.498
373.75,169.06,21.062,40.727
356.7,153.99,29.023,53.858
355.65,158.87,30.241,55.79
350.79,157.85,38.029,55.703
346.1,161.84,47.299,46.972
345.94,161.14,49.277,47.212
347.39,160.51,46.543,50.213
NaN,NaN,NaN,-2
NaN,NaN,NaN,0
NaN,NaN,NaN,0
NaN,NaN,NaN,0
NaN,NaN,NaN,0
NaN,NaN,NaN,-1
401.3,167.47,29.575,68.309
393.61,169.55,40.988,65.206
408.52,175.07,22.714,58.718
394.8,170.51,43.157,62.911
403.77,170.25,34.378,63.491
405.04,168.5,34.779,64.909
416,169.21,25.074,64.938
414.96,168.85,27.36,65.369
416.21,173.73,23.15,60.349
414.08,172.32,23.997,59.306
414.84,169.86,23.509,59.79
411.09,171.28,28.166,59.907
411.03,170.95,28.84,59.984
411.27,168,34.489,66.349
409.33,164.68,32.022,62.626
412.09,168.05,27.337,65.704
414.88,167.35,25.324,65.876
414.84,166.58,26.969,66.048
416.72,171.84,35.081,69.133
419.57,174.77,33.675,63.219
424.21,178.51,25.11,55.634
426.49,178.94,27.617,55.151
430.27,175.57,28.458,57.831
420.14,165.16,52.104,67.199
418.3,164.76,55.731,66.871
419.51,163.73,55.285,67.23
421.62,162.62,55.547,68.12
421.5,161.14,61.542,70.186
422.95,161.37,62.46,66.865
422.44,159.79,64.606,68.046
415.75,156.69,63.277,67.219
413.05,155.53,59.617,65.931
409.62,154.09,60.108,64.753
407.99,153.2,60.252,64.886
465.7,184.67,21.411,57.458
462.78,182.94,24.46,59.034
464.97,183.9,27.813,57.916
472.05,182.58,25.14,60.835
473.03,184.42,23.616,59.24
473.14,186.94,22.02,56.551
473.92,190.09,21.35,55.356
472.33,190.96,20.286,54.141
470.48,190.83,21.719,56.273
468.14,188.35,23.968,57.244
467.81,189.04,23.85,57.17
465.87,189.75,26.843,56.374
470.82,194.55,20.892,54.454
463.92,192.28,25.039,53.768
464.3,191.82,24.173,53.73
461.35,192.56,27.77,53.844
457.05,191.21,25.95,56.862
455.71,190.66,24.838,56.455
454.37,189.41,20.031,51.186
453.01,181.54,24.501,51.776
455.7,179.7,25.962,52.449
458.16,179.33,24.274,52.639
458.64,182.56,23.507,48.574
452.13,177.34,41.408,51.627
457.34,175.73,26.793,51.577
455.19,172.21,34.362,52.559
454.95,170.98,34.117,52.184
453.96,170.08,33.999,51.45
461.3,166.27,24.272,49.378
460.66,167.86,23.944,46.648
459.68,165.89,24.969,42.046
462.11,163.86,14.69,39.666
461.6,161.6,18.06,41.55
452.8,156.43,29.615,43.353
438.82,160.34,28.73,58.814
435.23,158.01,35.028,62.09
440.71,160.16,22.157,60.155
441.26,154.85,27.444,66.28
441.93,153.15,26.589,66.227
442.35,153.51,25.917,64.48
443.89,153.88,25.342,65.975
433.55,152.69,51.928,71.17
445.72,156.1,41.415,65.312
446.61,157.02,40.707,62.554
447.41,156.94,42.041,62.074
458.78,158.46,24.877,55.608
448.89,160.7,38.18,56.418
448.67,161.46,41.374,52.223
448.05,159.23,46.385,50.737
449.83,159.42,44.752,50.359
451.29,161.29,43.46,50.833
450.31,161.46,41.291,49.191
449.7,158.74,38.867,48.836
441.6,156.61,52.773,45.429
441.78,153.72,55.46,49.658
444.48,150.75,57.685,51.272
455.24,146.52,42.62,56.556
456.81,153.51,34.152,56.588
461.91,151.72,32.698,56.077
464.4,149.72,28.518,55.271
NaN,NaN,NaN,-2
NaN,NaN,NaN,0
NaN,NaN,NaN,0
NaN,NaN,NaN,0
NaN,NaN,NaN,0
NaN,NaN,NaN,-1
526.1,129.54,25.581,63.901
530.33,126.54,25.102,63.944
532.96,124.56,28.557,63.533
533.27,124.69,28.465,61.912
533.43,125.4,28.631,60.313
531.56,125.23,25.985,59.71
533.06,124.08,24.73,59.39
525.67,121.06,33.939,60.874
531.08,120.47,21.972,58.389
527.73,120.05,23.995,59.091
526.14,123.62,21.675,57.904
523.8,123.24,23.188,59.5
520.17,122.37,28.081,63.196
517.59,120.78,29.818,62.839
517.61,121.44,23.214,53.817
515.71,120.83,24.857,54.683
512.31,121.37,24.923,55.292
505.33,123.3,37.6,58.71
506.39,122.26,27.556,57.117
505.94,123.01,25.694,55.104
499.73,116.61,31.243,62.079
499.28,115.92,29.722,57.334
497.34,116.38,30.233,56.009
497.41,115.66,29.42,54.67
495.2,113.86,33.071,53.864
493.65,109.75,32.063,53.635
490.82,105.32,33.179,54.784
490.4,104.64,30.787,54.936
484.39,111.75,43.436,56.936
483.7,114.69,43.527,45.948
486.07,116.55,38.312,35.212
482.27,113.73,38.972,32.51
486.76,107.95,34.003,37.472
488.74,120.31,27.366,47.121
496,114.73,17.872,46.49
491.26,118.33,22.598,46.378
488.97,113.36,23.696,42.36
494.27,113.93,15.532,36.807
NaN,NaN,NaN,-2
NaN,NaN,NaN,0
NaN,NaN,NaN,0
NaN,NaN,NaN,0
NaN,NaN,NaN,0
NaN,NaN,NaN,-1
484.6,76.566,30.229,65.507
485.25,74.559,26.938,66.684
486.75,80.611,29.936,61.215
488.49,81.11,26.986,52.601
475.59,81.348,45.446,52.32
472.97,78.272,45.313,52.028
479.2,74.466,31.807,55.077
476.23,74.407,31.147,55.327
485.66,80.962,20.574,54.997
481.45,82.47,23.057,55.641
476.62,81.429,26.339,56.478
471.68,81.411,28.392,53.435
467.92,81.989,27.2,47.469
462.54,82.261,28.709,42.312
487.72,96.401,33.783,49.071
475.84,102.11,35.972,48.613
465.43,108.59,34.684,47.045
463.64,109.12,31.687,47.041
453.12,106.5,41.906,64.136
445.32,112.48,44.067,58.954
440.86,115.99,39.997,54.315
438.57,116.76,42.819,52.535
434.2,116.31,42.064,51.522
426.52,119.82,46.559,47.933
422.15,118.1,49.71,49.558
418.54,118.87,52.787,52.658
415.11,116.18,56.485,56.089
408.84,121.96,56.971,53.164
416.36,117.83,49.673,57.887
415.9,121.54,49.296,54.653
427.38,121.38,36.272,56.955
434.38,121.23,23.349,55.054
432.38,118.15,22.437,57.61
430.53,118.19,23.192,60.903
427.92,118.59,23.336,59.28
427.19,119.75,23.778,60.997
423.46,125.59,24.874,59.047
421.45,127.11,26.156,59.342
420.95,131.68,25.173,57.703
421.8,138.3,24.916,55.853
418.77,145.78,25.873,54.967
419.37,149.91,23.175,51.619
418.87,145.11,27.813,50.653
420.03,149.33,24.999,45.419
419.42,149.5,25.81,45.144
NaN,NaN,NaN,-2
NaN,NaN,NaN,0
NaN,NaN,NaN,0
NaN,NaN,NaN,0
NaN,NaN,NaN,0
NaN,NaN,NaN,-1
391.99,88.745,30.512,65.875
389.01,89.98,32.349,65.556
391.58,90.423,23.765,63.887
389.44,90.588,25.161,65.964
384.16,90.044,24.706,67.234
377.67,89.041,27.593,69.543
374.42,89.289,26.477,69.14
365.24,90.295,45.858,66.463
365.27,90.775,45.837,66.459
365.39,90.816,45.807,66.424
