NaN,NaN,NaN,-1
153,95,18,48
152,95,18,48
152,91,18,48
150,90,18,48
151,88,18,48
152,87,18,48
153,86,18,48
154,86,18,48
156,85,18,48
158,85,18,48
159,85,18,48
158,85,18,48
156,84,18,48
154,84,18,48
153,85,18,48
149,84,18,48
144,84,18,48
140,84,18,48
136,84,18,48
133,83,18,48
131,84,18,48
132,83,18,48
133,82,18,48
133,82,18,48
134,83,18,48
135,82,18,48
137,82,18,48
138,81,18,48
140,81,18,48
143,82,18,48
145,81,18,48
148,82,18,48
150,82,18,48
152,81,18,48
152,82,18,48
152,82,18,48
152,82,18,48
153,82,18,48
154,83,18,48
155,81,18,48
156,81,18,48
157,82,18,48
158,82,18,48
158,82,18,48
159,83,18,48
161,82,18,48
163,83,18,48
164,83,18,48
166,83,18,48
166,83,18,48
165,83,18,48
165,83,18,48
164,83,18,48
162,83,18,48
160,83,18,48
157,84,18,48
152,84,18,48
147,84,18,48
142,84,18,48
137,83,18,48
132,82,18,48
131,80,18,48
132,80,18,48
133,79,18,48
137,78,18,48
142,78,18,48
146,77,18,48
151,77,18,48
156,76,18,48
161,77,18,48
166,77,18,48
171,77,18,48
174,77,18,48
177,78,18,48
177,79,18,48
177,79,18,48
176,80,18,48
176,82,18,48
176,84,18,48
177,85,18,48
178,86,18,48
179,86,18,48
181,87,18,48
183,87,18,48
185,88,18,48
187,88,18,48
189,89,18,48
191,89,18,48
194,90,18,48
196,89,18,48
197,89,18,48
196,88,18,48
195,86,18,48
195,84,18,48
194,82,18,48
190,81,18,48
186,79,18,48
184,78,18,48
183,77,18,48
182,76,18,48
181,75,18,48
181,74,18,48
181,74,18,48
181,74,18,48
182,73,18,48
182,74,18,48
182,74,18,48
180,75,18,48
177,74,18,48
174,75,18,48
173,75,18,48
171,75,18,48
168,75,18,48
165,75,18,48
162,75,18,48
160,76,18,48
157,77,18,48
155,78,18,48
154,79,18,48
153,81,18,48
151,84,18,48
150,84,18,48
148,86,18,48
147,88,18,48
151,89,18,48
156,90,18,48
161,91,18,48
166,90,18,48
171,89,18,48
176,87,18,48
181,85,18,48
185,83,18,48
190,82,18,48
195,80,18,48
198,78,18,48
201,78,18,48
203,80,18,48
201,79,18,48
200,79,18,48
198,80,18,48
193,82,18,48
187,83,18,48
184,87,18,48
179,90,18,48
173,93,18,48
167,95,18,48
161,97,18,48
156,98,18,48
154,98,18,48
152,97,18,48
152,94,18,48
155,91,18,48
157,88,18,48
158,87,18,48
159,86,18,48
157,84,18,48
156,82,18,48
156,82,18,48
155,83,18,48
153,82,18,48
151,81,18,48
147,81,18,48
143,81,18,48
138,81,18,48
135,83,18,48
133,83,18,48
135,83,18,48
135,81,18,48
136,82,18,48
135,81,18,48
132,79,18,48
127,80,18,48
122,80,18,48
117,77,18,48
NaN,NaN,NaN,-2
NaN,NaN,NaN,0
NaN,NaN,NaN,0
NaN,NaN,NaN,0
NaN,NaN,NaN,0
NaN,NaN,NaN,-1
120,78,20,54
117,80,20,54
112,83,20,54
115,82,20,54
117,83,20,54
122,85,20,54
127,84,20,54
130,84,20,54
133,84,20,54
135,84,20,54
138,84,20,54
140,84,20,54
142,84,20,54
143,84,20,54
144,83,20,54
144,83,20,54
144,82,20,54
144,82,20,54
144,82,20,54
144,81,20,54
143,82,20,54
141,82,20,54
139,81,20,54
137,81,20,54
137,82,20,54
140,82,20,54
141,81,20,54
142,80,20,54
142,79,20,54
141,78,20,54
138,78,20,54
136,77,20,54
136,76,20,54
137,75,20,54
136,74,20,54
134,75,20,54
132,74,20,54
131,74,20,54
129,75,20,54
127,76,20,54
128,76,20,54
133,77,20,54
138,77,20,54
141,77,20,54
144,77,20,54
145,77,20,54
147,76,20,54
150,76,20,54
153,76,20,54
156,76,20,54
158,76,20,54
159,76,20,54
160,75,20,54
160,75,20,54
161,75,20,54
162,74,20,54
162,75,20,54
162,75,20,54
161,75,20,54
161,75,20,54
162,74,20,54
164,74,20,54
166,74,20,54
168,73,20,54
169,73,20,54
171,71,20,54
173,71,20,54
173,71,20,54
174,72,20,54
174,72,20,54
174,72,20,54
174,73,20,54
174,75,20,54
174,75,20,54
174,76,20,54
173,78,20,54
171,80,20,54
169,84,20,54
167,86,20,54
166,87,20,54
164,90,20,54
163,93,20,54
161,94,20,54
160,94,20,54
159,94,20,54
159,94,20,54
159,94,20,54
160,93,20,54
160,94,20,54
160,94,20,54
