NaN,NaN,NaN,-1
153,58,77,95
151,63,75,93
147,66,75,92
145,68,74,90
142,68,72,89
141,65,72,88
139,60,71,88
139,58,71,87
138,57,71,87
135,57,71,88
128,56,73,89
122,59,73,89
116,60,74,91
112,60,74,90
111,58,74,91
111,55,76,92
112,54,78,93
115,55,78,93
117,56,77,93
120,60,76,92
119,63,76,92
120,64,76,92
121,65,76,92
122,67,74,91
124,68,73,90
124,67,73,89
126,62,73,89
129,57,72,89
134,52,72,89
138,48,73,89
141,47,73,90
145,46,73,90
149,46,73,90
151,49,73,90
153,52,72,89
152,53,72,88
151,52,72,88
149,48,73,89
144,45,75,91
141,43,75,91
137,44,76,92
130,48,76,93
124,53,76,92
121,55,75,92
117,54,76,93
114,54,77,94
112,55,78,95
111,55,77,94
111,54,76,93
111,48,76,93
113,45,75,92
117,44,75,92
120,45,75,92
122,49,75,92
124,55,74,92
128,59,74,91
132,63,74,91
134,63,75,92
137,61,76,93
141,56,76,94
144,49,78,95
148,45,78,95
148,42,78,95
150,42,78,96
149,47,79,96
146,53,77,95
145,54,76,94
143,57,76,93
143,58,76,93
141,57,75,92
141,54,75,91
142,51,74,91
143,52,74,90
143,57,72,89
140,61,73,89
139,62,74,90
138,62,75,91
137,63,75,91
136,64,74,91
135,64,74,91
131,61,74,90
128,59,72,88
126,56,73,89
128,55,72,88
126,60,72,88
125,65,71,87
126,68,71,87
128,72,71,88
130,75,72,88
133,75,72,88
134,69,72,89
138,60,73,90
140,53,75,92
145,49,74,91
148,47,75,92
150,50,75,92
151,53,74,91
153,55,74,91
155,55,73,90
157,56,73,89
157,56,72,88
157,56,71,87
157,56,70,86
156,56,69,85
154,54,70,85
153,56,70,85
148,61,70,85
145,63,70,85
143,63,69,85
139,66,69,84
135,69,68,84
131,67,69,85
131,62,70,86
132,59,70,86
132,59,71,86
132,59,70,86
132,59,71,86
131,59,71,87
132,61,72,87
133,63,73,88
135,65,72,88
137,63,72,89
138,59,75,92
138,55,79,95
139,52,83,98
141,48,86,101
144,45,88,103
147,44,90,105
149,44,92,106
149,45,93,107
150,46,93,107
151,47,92,106
152,46,91,106
150,46,91,105
149,45,90,104
148,43,89,103
150,40,89,102
152,38,88,102
150,37,89,102
148,36,89,102
144,36,88,101
143,38,87,100
140,40,86,100
137,42,86,99
134,43,84,98
132,43,83,96
131,39,82,96
130,35,81,95
129,32,80,94
129,32,79,94
128,32,78,93
130,33,76,92
130,36,75,91
131,42,74,90
133,47,72,89
134,48,74,91
134,46,76,93
135,43,78,95
135,38,79,97
133,33,82,100
134,29,84,102
134,25,85,104
133,23,87,106
131,23,88,107
129,25,88,107
127,27,88,107
127,32,88,106
126,36,87,105
126,39,87,105
127,40,87,104
126,39,87,104
127,35,86,103
127,31,85,103
127,28,85,102
126,26,84,100
126,25,83,99
126,26,82,98
127,29,81,97
129,33,80,96
131,34,80,95
131,37,79,95
131,40,78,94
128,43,76,92
125,45,76,92
122,46,75,91
118,44,75,91
117,43,74,90
115,42,73,89
112,41,72,88
110,42,71,87
110,42,71,87
111,43,70,86
114,44,69,84
117,42,69,85
121,37,70,86
124,33,72,87
124,30,73,88
124,24,74,89
130,25,74,90
136,29,73,89
138,33,74,89
143,35,74,89
147,37,74,89
149,36,74,89
153,37,73,89
154,38,73,88
155,41,73,89
158,44,73,89
159,46,74,90
160,47,76,92
160,47,78,94
159,47,80,96
156,46,81,97
150,43,82,99
147,45,82,99
142,44,83,100
138,44,82,100
133,43,81,99
130,41,83,101
128,40,84,103
126,40,83,103
126,40,85,104
127,44,86,106
129,46,87,107
133,48,89,109
136,48,91,111
140,48,92,112
145,47,94,113
150,46,94,114
153,46,94,114
157,46,93,112
160,45,92,111
163,46,90,109
164,50,88,106
163,53,86,104
162,57,84,102
162,60,82,99
161,61,80,98
161,62,79,96
161,62,79,96
162,62,78,95
163,61,78,94
166,59,79,95
167,59,80,96
168,59,80,96
172,62,79,95
172,63,79,96
172,64,80,97
172,64,80,97
171,64,80,98
166,60,82,100
162,55,84,102
160,51,85,104
158,48,85,104
157,45,85,104
155,42,86,104
155,40,86,104
155,40,85,104
156,44,85,103
155,52,83,102
156,58,83,103
158,61,84,104
159,60,85,104
161,56,86,105
162,50,88,107
163,44,88,108
166,42,88,107
166,40,86,106
166,38,85,105
166,38,84,104
164,41,85,104
163,45,84,103
164,48,83,102
163,49,83,102
158,49,83,102
152,47,84,103
146,45,85,104
140,42,86,105
134,37,88,106
125,32,88,107
120,30,89,107
116,30,90,108
114,31,90,108
112,35,91,109
111,41,91,109
111,46,91,109
111,48,91,109
114,47,92,110
120,48,91,110
126,48,90,109
132,47,89,108
141,45,87,107
142,45,86,106
142,45,86,106
138,43,87,107
133,43,88,108
127,43,89,109
120,43,92,112
110,42,96,116
101,39,100,119
92,35,103,122
85,29,105,124
78,23,106,125
73,20,105,124
74,20,103,122
73,22,102,121
73,28,100,120
72,36,99,118
71,42,97,117
68,46,96,116
62,48,96,115
55,47,96,115
50,45,95,115
44,42,94,114
45,38,94,113
45,34,94,113
49,35,92,111
55,36,89,108
61,41,87,106
64,46,85,104
65,49,84,103
71,51,82,101
75,54,82,101
79,54,83,101
84,51,83,101
88,46,83,102
92,36,86,105
99,28,89,107
107,23,90,109
114,23,91,110
119,28,92,111
120,31,92,111
123,33,91,110
125,34,90,111
127,36,91,111
126,36,92,113
125,34,92,113
126,32,92,114
126,30,93,114
124,27,94,115
125,26,94,115
123,28,95,116
123,29,94,115
124,31,93,114
123,32,93,114
123,31,95,116
123,31,95,116
125,31,94,115
128,27,93,114
131,23,93,113
136,21,92,112
140,21,91,111
143,27,90,109
143,35,90,109
141,41,90,109
141,46,90,108
140,48,90,108
137,44,88,107
137,39,87,105
141,35,86,104
147,32,85,103
152,34,84,101
153,37,83,100
153,43,81,98
150,46,80,96
143,48,79,95
138,49,78,94
132,48,77,93
124,44,77,93
119,40,77,92
118,35,76,92
122,33,75,91
122,35,76,92
121,37,77,93
121,40,77,93
122,42,77,93
120,43,77,93
118,44,77,92
115,45,76,92
113,43,75,91
116,39,75,91
120,37,75,91
123,36,75,91
133,41,74,90
138,44,73,90
143,44,75,91
151,40,76,93
155,39,77,93
158,36,78,94
159,35,78,94
161,35,78,94
161,31,78,93
163,29,76,91
164,28,75,90
162,28,75,89
162,30,74,88
165,37,73,87
163,45,72,85
160,50,70,84
158,53,67,81
152,53,66,81
145,47,69,84
144,42,72,86
147,36,74,88
148,35,75,89
149,37,74,89
149,40,73,88
151,45,72,86
152,48,71,85
152,50,70,83
153,53,69,83
154,55,68,81
157,57,66,79
160,53,64,77
160,50,63,76
163,50,63,76
166,54,62,75
166,59,60,73
164,63,58,71
161,66,57,70
157,67,56,69
156,67,56,68
155,66,55,67
152,63,54,67
148,61,55,67
143,58,56,68
139,56,58,69
135,51,60,71
133,43,62,73
130,42,63,74
127,46,64,74
128,49,64,75
128,50,64,74
127,54,62,73
125,57,61,73
125,58,60,72
124,58,59,71
128,58,58,70
135,59,57,69
141,59,58,70
147,59,58,70
152,59,59,71
156,59,59,71
157,61,59,70
156,63,58,69
158,63,57,68
162,61,55,66
161,62,53,64
161,62,52,62
157,62,48,58
153,61,46,56
154,62,44,54
152,67,43,51
151,70,41,49
150,74,39,47
149,75,38,45
154,78,36,43
157,79,35,42
160,80,34,41
161,82,34,40
163,82,34,41
161,81,35,41
162,81,36,43
160,81,36,43
159,81,37,44
155,81,37,44
152,79,37,45
151,78,37,45
147,78,36,44
148,79,33,41
146,79,34,41
142,77,35,43
141,77,36,44
139,75,37,45
139,74,39,47
140,71,40,48
143,69,41,49
145,67,42,50
147,66,43,51
149,65,44,53
149,65,45,54
148,65,46,55
144,64,48,56
144,62,49,57
144,61,50,58
144,60,51,59
144,58,51,60
146,57,52,60
145,55,53,61
146,56,53,60
147,54,53,61
147,52,54,62
147,52,54,61
147,52,54,62
145,53,55,62
140,53,56,64
139,56,56,64
135,54,57,65
135,53,58,66
135,50,59,67
141,48,61,69
142,49,60,67
145,46,61,68
150,46,62,70
154,48,63,71
156,49,63,71
160,50,63,71
162,49,64,71
162,45,64,71
163,41,63,71
166,40,63,71
170,40,63,71
169,39,66,73
168,45,66,73
165,50,66,72
158,53,65,72
151,55,65,72
145,55,65,72
137,53,66,73
136,54,67,74
133,51,67,74
131,47,68,75
134,47,68,75
137,49,68,75
140,49,69,76
144,52,69,76
146,55,69,76
148,58,70,77
152,61,71,78
154,62,73,80
156,59,75,82
158,58,72,79
158,54,73,81
158,52,75,82
160,53,75,83
161,56,75,83
161,56,75,83
161,54,75,83
159,51,75,83
157,47,75,83
157,42,74,81
157,39,73,80
158,39,71,78
157,42,71,78
151,46,70,77
146,48,69,77
143,48,69,76
143,49,69,76
144,49,68,75
142,51,67,74
141,51,66,73
140,51,65,72
142,49,64,72
145,50,64,71
147,54,63,70
144,53,64,71
144,52,68,75
143,56,68,75
144,58,69,76
140,57,70,78
141,56,69,76
143,47,71,78
146,41,72,79
149,44,72,79
150,45,76,82
150,50,75,82
149,52,75,82
147,54,75,82
147,55,74,81
147,57,73,80
147,54,73,80
150,54,72,79
150,55,71,78
145,54,70,77
141,55,69,76
138,56,69,76
134,56,69,75
128,55,68,75
123,53,68,75
119,53,68,74
115,53,67,74
119,52,66,73
121,50,65,72
123,45,65,72
127,45,65,72
130,50,64,72
133,56,65,72
136,61,65,72
142,62,65,72
149,60,65,71
150,58,67,73
152,53,67,73
155,50,67,73
158,47,67,72
160,46,67,72
161,47,66,72
160,48,66,72
160,50,65,71
160,52,65,71
160,53,65,71
157,53,65,71
157,53,66,72
153,53,68,73
152,50,68,74
151,48,69,74
151,48,70,75
150,49,71,76
149,49,72,77
149,50,73,78
152,51,72,78
155,52,72,77
155,53,71,76
155,54,70,75
157,56,69,75
156,58,68,74
151,63,68,73
151,68,67,73
153,71,68,73
152,75,68,73
149,77,68,73
145,75,68,74
146,73,69,74
147,71,69,74
144,69,69,74
146,65,70,75
149,63,70,75
151,64,70,75
155,65,70,75
158,66,70,75
160,66,69,74
162,66,70,74
164,65,70,74
164,61,70,74
164,59,69,73
161,57,69,73
157,55,69,73
153,55,69,74
148,59,69,74
143,61,69,74
139,63,69,73
136,65,68,73
131,66,68,73
127,67,67,72
127,67,66,71
124,65,66,70
125,61,65,70
128,60,64,69
131,61,63,68
133,66,62,67
137,71,61,66
143,76,60,65
148,80,60,65
153,80,61,65
156,78,62,66
162,75,62,66
169,72,62,66
173,73,62,66
176,76,61,66
179,80,60,65
179,83,60,64
177,85,59,64
173,84,59,63
169,82,59,63
167,79,59,63
165,79,58,63
162,80,58,62
162,80,57,61
163,79,56,61
161,79,56,61
159,80,57,62
157,80,57,62
154,80,57,61
153,80,57,61
153,80,56,61
152,80,56,61
152,78,56,61
154,77,56,61
156,76,56,61
158,75,57,62
163,77,58,62
168,79,58,62
172,82,59,63
174,84,59,63
176,86,59,63
178,86,59,64
180,84,60,64
181,81,60,65
181,79,60,65
181,78,60,66
181,77,59,65
182,77,58,64
183,74,57,63
187,72,56,61
190,72,56,62
192,75,54,59
194,78,53,58
196,81,52,57
196,82,52,57
194,81,52,58
192,81,52,58
190,80,52,58
187,78,51,58
181,76,52,58
180,76,52,58
180,77,52,59
179,77,52,59
177,77,52,59
176,76,53,60
172,73,53,60
168,69,54,61
167,65,54,61
166,62,55,61
162,61,55,61
169,60,55,61
172,61,55,61
177,65,54,61
180,68,55,61
182,69,55,61
184,68,55,61
187,68,55,61
186,68,56,61
182,67,56,61
180,65,56,61
181,62,56,61
178,63,56,61
175,65,56,61
174,69,56,61
172,73,55,61
170,74,55,61
164,72,61,69
159,69,61,69
158,67,60,68
155,66,60,68
152,65,59,67
151,64,59,67
148,65,58,66
147,65,58,66
148,68,57,65
149,69,57,65
152,69,57,65
156,68,58,65
161,69,58,65
167,69,57,65
172,67,57,64
174,67,57,64
177,65,56,64
179,66,56,63
181,69,55,63
181,73,54,62
181,76,54,62
179,79,54,61
177,82,53,61
176,83,53,61
173,83,53,61
168,79,54,61
167,75,54,62
163,73,54,62
160,73,55,62
155,77,54,62
153,79,54,62
152,78,55,62
150,76,55,63
148,76,56,63
147,75,57,64
144,75,58,65
141,74,59,66
140,74,58,66
137,73,59,66
134,71,59,66
