NaN,NaN,NaN,-1
144,64,84,100
142,67,83,99
139,71,82,98
136,73,80,96
133,72,80,96
132,69,79,94
131,65,78,93
130,63,77,92
130,62,77,92
127,62,77,92
121,62,78,93
115,65,78,93
108,67,79,94
104,67,78,93
103,64,79,94
103,61,80,95
105,61,81,96
107,62,80,95
110,64,80,94
112,66,80,95
112,69,79,94
112,70,80,94
113,71,80,94
114,73,79,94
115,74,78,93
115,72,79,93
116,68,79,94
119,63,80,94
124,57,80,95
129,54,80,95
131,52,82,96
135,51,82,96
139,51,82,96
142,53,82,96
143,56,81,96
143,58,80,94
142,57,79,94
141,54,78,93
136,51,79,94
133,49,79,94
130,51,79,94
123,55,80,94
117,60,79,94
112,61,81,96
108,61,82,97
105,61,81,97
104,62,81,96
103,62,80,96
102,60,81,96
102,55,82,97
103,51,83,98
106,50,84,99
109,51,84,99
111,55,84,98
114,60,82,97
118,64,81,97
122,67,81,97
125,69,81,96
128,67,81,96
133,62,81,97
136,56,81,97
140,52,82,97
140,49,83,99
141,48,83,99
141,55,82,98
138,59,82,98
136,61,82,97
134,63,81,96
135,64,80,96
132,63,80,95
132,61,79,94
134,58,79,94
134,58,79,94
134,62,79,94
131,66,80,94
129,67,81,95
129,67,82,96
128,68,81,95
128,69,81,95
126,70,80,94
123,67,80,93
119,65,79,92
118,62,79,92
120,61,78,91
118,66,78,91
118,70,76,90
119,74,76,90
121,77,76,90
122,80,76,90
125,80,77,91
126,74,78,92
129,65,79,93
131,59,81,96
136,55,81,96
138,52,83,98
140,55,83,97
142,58,82,96
144,60,81,96
146,60,81,96
147,61,80,95
148,61,79,93
148,61,77,92
148,61,76,90
147,61,75,89
146,59,76,89
145,61,76,89
140,65,77,90
137,68,76,89
134,68,76,89
131,71,75,89
127,74,75,88
123,72,76,89
122,67,76,90
123,65,77,90
123,64,78,91
123,64,78,91
124,64,77,91
123,64,78,91
124,66,78,91
125,69,78,92
127,70,77,91
129,69,76,91
130,65,79,93
129,60,84,98
129,56,89,103
130,52,93,106
132,49,96,109
134,48,99,112
135,47,101,114
136,49,102,114
137,50,101,114
138,51,99,112
139,51,98,111
137,51,98,111
136,50,97,110
136,48,96,109
137,44,95,109
138,43,95,109
136,40,97,110
133,40,97,110
130,40,96,109
129,42,95,108
127,45,93,107
124,47,92,105
121,48,91,104
120,47,90,103
119,44,89,102
118,40,86,100
118,38,85,98
120,39,82,95
119,39,79,94
121,41,78,93
122,43,78,93
123,49,77,92
124,53,78,93
125,54,80,94
124,52,83,97
125,49,85,100
124,44,88,103
122,39,91,107
122,34,94,110
121,30,96,112
120,28,99,114
118,29,99,115
117,30,100,115
115,33,100,114
115,38,98,113
115,42,97,111
116,45,96,111
117,46,96,110
116,44,97,110
116,40,97,110
117,37,96,110
116,33,96,109
116,31,95,108
116,30,95,107
115,31,94,106
117,33,93,106
119,37,92,104
121,39,91,103
122,42,90,102
121,45,88,100
119,48,86,98
116,50,84,97
113,51,84,96
109,50,83,96
108,48,82,95
106,47,81,94
103,46,80,93
100,47,79,92
100,47,79,92
102,48,78,91
104,49,76,89
108,48,75,88
113,44,74,88
117,40,73,87
118,38,73,87
118,32,74,88
124,33,74,88
129,37,75,89
132,41,74,88
137,42,74,88
140,44,75,89
142,44,76,90
145,44,76,90
146,45,76,90
147,47,77,91
149,51,78,92
151,53,77,92
152,54,77,92
153,55,78,93
152,55,81,95
148,54,82,97
143,51,83,98
139,53,84,99
135,52,83,99
129,51,86,102
122,48,90,105
119,46,93,108
116,45,94,110
113,44,95,111
113,46,95,112
115,50,95,112
117,53,95,112
122,55,94,111
127,57,93,110
131,57,94,111
136,56,95,113
140,55,96,114
144,55,96,113
148,55,94,112
151,54,93,110
155,55,91,108
156,58,89,106
154,61,88,104
154,65,85,102
154,68,83,99
153,68,83,98
153,70,81,97
154,70,80,95
155,69,80,95
156,68,79,94
158,67,80,95
160,66,81,96
161,66,81,96
164,69,80,95
164,71,81,96
164,72,82,98
163,71,85,100
161,70,86,102
157,67,87,103
153,62,89,105
151,59,89,106
149,56,90,106
148,53,89,106
146,50,89,105
147,48,89,105
146,48,89,106
146,52,90,106
145,58,91,107
145,64,91,108
147,67,92,108
148,66,92,109
150,63,92,109
152,57,92,110
153,52,93,110
155,49,94,111
155,46,95,112
154,44,94,111
153,43,94,111
152,46,95,111
151,50,93,110
152,54,92,108
152,55,91,108
148,55,90,107
142,54,90,106
137,53,89,105
132,50,89,105
126,45,89,106
118,41,89,106
113,39,89,106
109,39,89,106
107,41,90,107
104,45,91,107
104,50,91,108
103,55,91,108
104,57,91,108
106,56,92,109
112,58,91,108
117,57,91,109
122,54,93,110
129,52,95,112
130,51,96,112
129,50,97,113
125,48,98,115
121,49,99,116
115,49,99,116
109,51,98,115
102,52,96,114
93,50,98,117
85,45,101,120
77,39,104,122
70,33,104,122
66,31,102,121
67,31,100,119
66,33,99,118
66,39,98,117
65,47,97,115
64,52,96,114
61,56,95,113
55,58,95,113
48,57,95,113
42,56,94,112
37,51,94,112
38,48,93,111
38,44,93,111
41,44,92,110
46,44,93,110
51,48,92,109
53,52,92,108
55,55,92,108
60,57,91,107
64,60,90,106
69,60,90,105
74,57,89,105
78,52,90,106
83,44,90,106
92,37,89,106
100,32,91,108
107,32,92,109
111,37,93,110
112,40,93,111
113,41,96,113
114,41,98,115
115,43,99,117
114,42,101,118
112,40,103,120
113,38,104,121
113,36,104,122
111,32,105,123
112,32,107,124
110,34,107,124
110,35,107,124
110,37,106,123
110,38,104,122
111,39,102,120
112,39,101,119
115,39,100,118
117,35,98,117
121,31,97,115
126,28,97,114
130,28,95,113
134,35,94,111
134,43,92,109
132,49,92,110
132,53,92,109
131,55,92,109
128,52,90,107
129,47,88,105
134,43,87,104
140,40,86,103
145,42,85,101
145,45,84,100
145,50,83,98
142,53,81,96
136,55,80,95
131,55,79,93
124,55,79,93
117,51,78,92
113,47,77,92
112,42,76,91
114,40,78,92
115,42,77,92
115,45,77,92
115,47,77,92
115,50,77,92
113,50,77,92
111,52,77,91
109,53,76,91
106,50,76,90
109,46,76,90
113,44,76,90
116,43,76,90
125,47,77,92
129,50,78,93
135,50,78,93
143,48,78,93
147,46,78,93
151,44,78,93
152,43,78,93
154,42,78,92
154,38,78,91
156,36,76,90
157,35,75,88
156,34,75,88
156,36,74,87
159,44,74,86
157,51,72,85
155,57,69,82
150,59,70,83
143,57,73,85
137,53,75,87
136,48,77,89
140,42,79,90
141,41,79,91
142,43,79,90
142,46,78,89
143,51,77,87
145,54,75,85
146,56,73,83
147,59,72,82
149,62,71,80
152,63,68,78
155,59,67,76
155,56,65,75
158,56,65,75
161,60,64,74
161,65,63,72
159,69,61,71
156,71,60,69
152,72,59,69
150,72,58,68
150,71,57,67
147,68,57,66
143,66,57,66
138,63,59,67
135,62,60,68
131,56,62,70
129,49,64,71
127,48,65,72
124,52,65,72
124,55,65,73
124,56,65,73
122,60,64,72
121,62,63,72
121,63,62,71
119,63,62,70
123,63,61,70
129,63,61,69
135,64,61,70
142,64,62,71
147,63,63,71
150,63,63,71
152,65,62,71
151,68,61,69
153,68,60,68
157,66,58,66
157,66,56,64
156,66,54,62
153,66,50,58
148,64,49,56
150,66,46,53
148,70,43,50
148,74,41,47
147,78,39,44
147,79,37,42
152,82,35,40
155,83,34,39
157,84,33,38
159,86,33,38
161,86,33,38
159,85,34,39
159,85,35,40
158,84,36,41
156,85,36,42
152,84,37,42
149,82,37,43
148,81,37,43
144,81,37,43
138,79,39,44
136,79,39,45
133,78,39,46
131,77,41,47
129,76,42,49
129,75,43,50
130,72,44,52
132,70,46,53
133,68,47,54
135,68,47,55
138,67,47,56
139,67,48,56
138,67,48,57
134,67,48,57
134,65,48,58
134,63,50,59
134,62,50,59
135,61,51,60
135,59,52,61
135,58,52,62
138,56,54,63
138,54,55,64
139,53,55,65
139,53,55,64
138,52,55,65
136,53,56,66
131,53,58,67
130,56,58,68
126,54,59,69
126,54,59,69
126,51,61,71
129,47,61,72
131,41,65,75
133,38,66,77
137,38,68,79
141,39,70,81
143,41,70,81
147,41,70,81
149,40,71,82
149,35,71,82
150,32,71,82
153,31,71,82
156,31,71,82
154,34,71,82
153,40,71,82
150,45,71,81
143,49,70,81
136,51,70,81
130,52,70,81
122,49,71,82
121,49,72,83
117,46,73,84
115,41,75,85
118,42,74,85
121,44,75,86
124,45,75,86
128,47,75,86
129,50,76,87
132,52,77,88
136,55,78,89
138,56,80,90
139,53,82,93
140,46,84,95
139,41,85,96
140,40,86,98
141,41,87,98
142,43,87,99
142,43,87,99
141,42,88,100
139,38,88,100
137,34,88,100
136,29,89,101
134,24,90,102
129,18,92,104
128,21,91,103
123,25,90,101
119,28,88,100
117,29,87,98
118,31,85,96
119,31,83,94
119,34,81,92
119,35,79,90
118,35,77,88
121,34,75,87
124,35,74,86
126,39,74,85
127,43,74,85
128,48,74,85
127,51,74,85
127,54,75,86
124,52,77,88
124,45,79,90
126,35,82,92
129,29,83,94
131,33,83,94
133,37,83,94
133,42,83,93
132,45,82,93
131,47,82,93
131,49,81,92
130,50,80,91
131,48,80,90
134,48,78,89
135,49,77,87
135,49,76,86
131,51,75,85
128,52,75,85
124,51,75,85
118,51,74,84
113,49,74,84
108,49,74,84
105,49,72,83
105,48,72,83
107,45,72,83
109,41,72,83
113,41,71,83
116,45,72,83
118,51,73,83
121,55,73,84
127,56,74,84
134,53,74,83
139,49,73,83
141,44,74,84
144,41,75,84
147,38,75,84
149,37,74,83
150,38,73,83
149,40,73,82
149,41,73,82
149,44,72,82
144,46,73,82
141,47,73,82
140,46,74,84
136,46,75,85
135,42,78,88
134,40,80,89
133,39,81,90
132,40,82,92
131,40,84,94
131,41,84,94
133,42,84,94
136,43,83,93
137,44,83,92
136,45,82,92
139,47,81,90
138,50,79,89
134,55,78,88
134,60,78,87
135,63,78,87
135,67,79,88
131,69,79,88
127,67,80,89
128,64,80,89
129,63,80,89
127,60,80,89
128,56,80,89
131,55,80,89
134,56,80,90
138,56,81,90
141,57,80,89
142,57,80,89
145,57,81,89
147,56,81,90
147,51,82,90
146,50,81,89
143,48,80,89
139,45,80,89
135,46,80,89
130,50,80,89
126,53,80,89
121,54,79,88
118,56,79,88
113,58,79,88
109,58,79,87
108,58,79,87
104,55,79,88
105,51,79,87
109,50,77,86
112,52,76,85
115,57,75,83
119,62,73,82
126,68,72,80
130,71,72,80
136,71,72,80
139,69,73,81
145,66,73,81
152,64,73,81
156,65,73,81
159,67,73,81
161,71,72,81
161,74,73,81
159,75,73,80
155,74,72,80
151,73,71,79
149,70,72,79
147,70,72,79
144,70,72,79
142,69,72,79
143,68,72,79
142,69,72,79
140,70,72,79
137,70,72,80
134,70,72,80
133,70,73,80
132,70,73,80
132,69,73,80
132,67,73,81
133,65,74,81
134,64,75,82
137,63,76,83
142,64,76,83
147,66,77,84
150,69,78,85
151,70,80,86
152,71,81,87
154,71,81,88
156,70,81,88
157,67,81,88
158,66,80,87
160,66,78,85
160,66,76,84
162,65,76,83
161,60,77,84
165,58,77,84
167,58,78,86
168,62,76,83
171,66,74,81
174,68,72,80
175,70,71,79
173,71,70,78
172,71,69,77
170,71,68,76
168,70,66,75
163,69,65,74
162,69,65,74
162,70,65,74
161,71,65,74
160,71,64,74
159,70,65,74
155,67,65,75
151,63,66,76
150,59,67,76
150,57,67,76
146,55,67,76
153,54,66,76
156,56,66,76
161,59,66,75
164,62,66,75
165,63,66,76
168,62,67,77
170,62,68,77
169,61,68,77
166,61,68,77
164,58,68,77
165,56,67,77
162,57,67,77
159,60,67,77
158,63,67,76
157,67,67,76
154,69,66,76
150,68,65,75
145,66,63,73
145,65,62,72
142,63,61,71
139,63,60,71
138,62,60,70
136,63,59,70
135,63,59,70
135,66,59,69
136,67,59,69
140,66,59,69
144,66,59,70
148,66,60,70
153,66,60,70
158,65,59,69
160,64,59,69
164,62,59,69
166,63,58,68
168,66,58,68
168,71,57,67
168,74,56,66
166,77,56,66
164,80,55,66
163,81,55,65
161,81,55,65
156,77,55,65
155,73,56,66
150,71,56,66
148,71,56,66
142,75,56,66
140,76,57,67
138,75,58,68
137,73,59,69
134,72,60,70
132,71,61,71
130,71,62,72
128,71,61,71
127,71,60,70
124,70,60,70
122,68,60,70
