NaN,NaN,NaN,-1
154,47,80,90
152,51,78,88
149,55,78,87
146,57,77,87
143,56,77,86
141,53,76,85
140,49,76,85
139,46,76,85
139,45,75,84
136,45,75,84
130,45,74,84
124,48,75,84
118,49,76,85
114,48,77,86
113,45,80,88
113,42,83,91
115,41,85,93
117,42,86,93
119,43,86,94
122,46,86,93
122,49,86,93
122,50,86,93
123,51,86,93
123,52,85,92
124,54,84,92
124,52,83,91
126,48,83,91
129,43,82,90
135,38,79,87
140,35,78,87
144,35,77,86
148,35,75,84
151,35,75,84
153,36,76,85
155,39,76,85
155,41,74,84
154,40,74,83
152,36,75,84
147,33,77,86
144,31,78,87
140,31,81,89
133,35,82,90
134,41,77,84
131,44,76,84
127,43,78,85
125,43,79,86
123,44,80,87
122,44,80,87
122,42,80,86
122,37,80,86
124,33,79,86
128,32,78,85
132,34,77,84
133,38,76,83
135,43,77,84
139,48,76,84
142,51,76,83
145,52,76,84
147,49,78,85
152,44,79,86
155,38,80,87
159,34,80,87
160,31,81,88
162,31,80,87
162,37,79,86
158,43,78,86
157,44,78,85
154,47,78,85
155,48,77,84
152,47,77,84
152,44,77,84
153,41,76,83
154,41,76,83
154,46,73,81
152,51,72,80
150,52,72,79
149,52,73,80
148,53,73,81
148,54,74,81
145,54,75,82
142,51,75,82
137,48,75,82
136,45,75,82
138,45,75,82
136,49,74,81
135,54,74,81
137,58,73,81
138,61,74,81
140,65,73,81
143,64,74,82
144,58,76,83
147,49,77,84
151,42,78,85
155,38,79,86
159,37,78,85
161,39,77,84
162,43,76,83
164,44,75,83
166,45,75,82
167,45,75,83
168,45,75,82
167,45,74,81
167,45,73,80
166,46,72,79
165,45,71,78
164,46,70,77
160,52,69,76
156,54,70,76
153,54,71,77
149,56,71,78
145,58,72,79
141,56,73,79
141,52,73,79
142,50,73,79
143,49,72,79
143,49,72,78
143,50,72,78
142,50,72,79
143,52,72,79
145,54,73,80
145,54,75,82
147,52,76,84
150,49,78,85
151,45,80,87
154,43,81,87
159,41,81,87
164,40,81,87
168,40,81,87
171,40,82,88
172,42,82,87
173,43,81,87
174,44,81,87
174,43,81,86
172,43,80,85
171,42,78,84
171,41,76,82
173,39,75,80
176,37,73,78
175,37,72,77
172,37,72,77
168,36,73,78
165,37,73,78
161,39,75,80
157,40,76,81
153,40,77,82
151,39,75,81
150,35,74,79
148,31,74,79
145,28,74,80
145,26,76,81
142,25,76,82
143,26,77,83
143,27,77,83
144,32,75,82
145,36,73,81
146,38,73,81
146,36,75,82
147,32,79,87
146,27,84,91
145,22,86,94
146,17,88,96
146,13,89,97
146,12,89,97
145,13,88,96
143,15,88,96
141,17,87,95
140,22,87,95
140,25,86,94
140,29,84,92
141,30,84,92
140,29,83,92
141,25,83,92
142,21,83,91
141,18,82,91
140,16,82,90
140,15,80,89
139,16,80,88
141,19,78,86
143,23,77,85
145,24,77,85
144,27,77,85
143,30,77,85
140,32,77,85
137,34,77,85
134,35,76,83
130,33,75,83
129,32,74,82
126,31,74,81
124,30,73,81
121,30,73,81
121,30,72,80
122,32,71,79
124,33,71,78
127,31,71,78
132,27,71,78
136,23,72,78
137,20,72,79
137,15,73,80
143,16,73,80
148,20,73,79
151,24,73,79
156,26,73,80
160,28,72,79
162,27,72,79
165,28,72,79
166,29,71,78
168,32,71,78
171,35,71,78
172,37,71,78
174,38,72,79
175,39,72,80
174,39,74,81
172,38,75,83
166,35,77,84
162,37,78,85
157,36,79,86
153,35,79,87
147,34,81,88
145,33,82,88
143,32,83,90
140,32,84,91
141,32,86,92
143,36,86,93
145,38,87,94
149,40,87,94
154,41,88,95
159,41,88,95
164,41,89,96
169,40,89,96
173,40,89,96
176,40,88,95
179,39,87,94
181,40,86,92
182,43,84,91
180,47,82,89
179,50,81,87
177,53,79,86
177,54,78,84
176,55,77,83
177,55,76,82
178,56,75,81
179,55,74,80
182,54,74,80
184,54,74,80
185,54,74,80
189,57,73,79
189,58,73,79
189,59,74,80
189,59,75,81
187,58,76,82
183,54,77,84
179,49,79,86
178,45,81,87
175,42,82,88
174,38,82,89
171,35,83,89
172,33,83,90
172,33,83,90
171,36,84,91
170,43,84,91
170,49,84,91
172,52,84,91
175,51,84,92
177,48,85,92
179,42,86,93
180,37,86,92
183,34,85,92
183,32,84,91
182,30,84,91
181,29,83,90
180,33,81,89
179,36,82,89
178,39,82,90
177,40,83,90
173,40,84,91
167,38,85,92
161,36,86,92
155,34,86,93
150,28,87,94
141,24,88,95
136,22,89,95
132,22,89,96
130,23,90,96
128,28,90,97
128,34,90,97
127,39,90,96
128,41,90,97
130,40,90,97
136,41,90,96
142,40,89,95
148,38,88,95
156,36,87,95
157,35,87,95
156,34,88,95
152,33,88,96
147,32,89,97
141,32,92,100
134,32,95,102
125,32,98,105
117,30,101,108
110,26,103,110
103,20,105,111
96,14,106,112
91,11,105,111
91,11,104,110
90,13,103,109
90,19,102,108
89,27,100,107
87,32,99,106
84,36,98,105
78,39,97,104
72,38,96,103
66,37,96,102
61,33,95,101
62,29,94,101
62,26,93,100
65,27,91,98
71,28,89,95
76,33,86,93
79,37,85,92
80,41,84,91
85,42,83,90
89,45,83,90
93,45,84,90
98,42,84,91
102,37,84,91
106,27,87,94
114,19,89,96
123,14,91,98
130,14,92,99
134,18,93,100
135,21,94,101
137,23,94,101
139,23,94,101
141,25,94,102
140,24,95,103
139,22,95,103
141,20,95,103
141,19,94,102
140,16,93,101
142,17,92,100
141,19,90,99
142,20,90,98
142,22,91,99
141,22,92,100
141,23,92,100
142,24,91,99
144,23,90,98
147,20,89,97
150,16,88,96
156,13,87,95
159,13,86,94
162,20,85,93
162,28,84,92
161,35,84,91
161,40,83,90
160,42,82,89
157,39,81,88
156,34,80,87
160,29,79,86
166,26,78,85
171,29,76,83
171,32,76,83
171,37,75,82
167,40,74,80
160,43,73,79
154,43,73,79
148,43,73,79
140,38,73,79
135,35,73,79
134,29,72,78
137,27,71,78
138,29,72,78
137,31,73,79
138,34,72,78
138,36,72,78
136,37,72,78
134,39,72,78
132,39,71,77
129,37,71,77
132,33,71,77
135,31,71,77
139,30,71,77
149,34,70,77
153,37,70,77
159,37,71,78
167,34,72,79
171,32,73,79
174,30,74,80
176,30,73,80
178,29,73,79
178,26,72,78
180,24,70,76
180,23,69,75
179,23,68,74
179,26,67,73
183,34,66,71
180,41,64,70
176,46,63,69
172,48,62,68
166,47,62,68
160,42,62,69
159,37,63,70
164,31,63,71
165,30,63,71
166,32,64,72
165,35,64,72
165,39,64,72
166,41,65,73
165,43,65,72
166,46,65,72
167,48,63,71
170,50,62,70
171,45,63,71
170,42,64,71
174,42,62,69
177,47,61,68
176,52,60,67
174,56,60,67
170,58,60,66
166,59,60,66
164,59,59,65
163,57,59,65
160,55,59,65
157,53,57,64
152,51,61,67
150,49,60,66
147,44,59,66
146,37,58,65
144,37,58,65
142,42,58,65
142,44,58,65
142,45,59,66
139,48,61,67
137,50,62,68
136,51,63,70
134,50,64,70
137,49,65,71
143,50,65,71
149,50,65,71
157,51,63,70
162,51,62,69
166,51,62,68
168,53,61,68
166,56,60,66
168,56,59,65
172,53,59,65
170,54,58,64
169,54,57,63
164,54,54,60
160,52,54,60
161,53,53,58
159,58,51,56
157,62,49,54
156,66,46,52
155,68,44,50
160,70,43,48
162,72,43,48
164,72,42,47
165,74,42,47
167,75,42,47
167,74,42,47
167,74,42,47
167,74,41,46
165,75,41,46
161,74,42,47
158,73,43,47
157,71,43,48
152,71,44,48
148,70,44,49
146,69,44,49
142,68,45,50
142,67,46,51
140,66,47,52
140,65,48,53
141,62,49,54
144,60,50,55
146,58,51,56
147,57,52,57
149,56,53,58
150,55,55,59
149,56,56,61
145,55,57,62
145,53,59,63
145,51,60,64
145,50,60,65
146,49,61,66
147,48,62,66
146,46,63,67
149,45,64,68
150,43,65,69
151,41,65,69
145,38,66,70
145,37,66,70
143,39,67,71
138,39,68,72
137,41,69,72
133,39,70,74
136,39,70,74
137,36,72,76
137,36,71,75
140,31,74,77
143,27,75,79
148,27,77,80
152,29,78,81
154,30,78,82
158,31,78,82
161,30,79,82
160,25,79,82
162,22,79,82
164,21,79,82
169,21,78,82
166,25,78,81
166,31,77,80
163,36,77,80
156,39,77,80
148,41,77,80
142,41,76,80
139,39,77,81
139,40,78,81
136,37,78,81
134,33,79,82
138,34,78,81
140,36,78,81
144,36,78,81
148,38,78,81
150,41,79,82
152,44,79,83
157,47,80,84
159,47,82,86
161,44,85,88
161,37,88,91
161,32,90,93
162,31,91,94
164,31,91,94
165,34,91,94
165,34,91,94
165,32,90,94
164,30,90,93
163,26,88,92
163,22,86,90
163,19,85,88
159,14,85,88
157,17,84,87
152,21,83,86
147,23,82,86
144,23,82,86
144,24,82,85
144,25,82,85
143,26,81,84
141,27,80,83
140,27,79,82
142,25,78,81
145,26,77,80
146,30,76,80
148,34,76,80
148,39,77,80
147,42,77,81
148,44,78,82
144,43,80,84
145,36,83,86
147,27,86,89
150,21,87,90
153,24,87,90
155,29,87,90
155,34,86,89
153,36,86,89
152,38,86,89
151,39,86,89
151,41,85,88
151,38,84,87
153,39,84,87
154,39,83,86
149,38,81,84
144,39,81,84
142,40,80,83
137,41,80,83
131,40,79,82
127,39,79,82
122,38,79,82
118,37,79,83
121,37,79,82
123,34,79,82
124,29,80,83
123,28,81,84
126,32,81,85
129,38,82,85
132,43,82,85
139,44,82,85
146,42,81,84
150,39,81,84
154,34,81,83
157,32,80,83
160,29,80,82
161,28,80,82
162,28,80,82
161,29,80,82
161,31,80,82
160,33,80,82
156,35,79,82
154,36,80,83
154,36,80,83
154,36,80,82
154,35,80,83
155,34,80,82
155,34,80,82
154,36,81,83
154,36,82,84
154,37,83,84
156,38,83,84
159,39,82,84
160,40,81,83
159,41,80,82
162,43,79,81
160,46,78,80
155,50,78,80
155,55,77,80
156,58,77,80
156,61,77,80
154,63,77,79
150,62,77,79
151,60,76,78
154,59,75,77
151,56,75,78
152,52,76,78
155,51,77,79
157,51,78,80
161,52,78,80
164,52,78,80
165,53,78,80
168,53,78,80
170,52,78,80
170,48,78,80
170,47,77,79
167,45,77,79
163,42,77,78
158,43,77,79
153,46,78,80
148,48,78,80
143,49,79,81
140,51,79,81
135,53,78,80
131,53,77,79
131,54,76,78
128,52,75,77
129,48,74,76
132,47,73,76
134,49,73,75
137,53,72,74
141,58,70,73
147,64,69,71
152,67,69,71
157,68,69,71
160,66,69,71
167,63,69,71
174,60,70,72
178,61,69,71
181,64,68,70
183,69,67,69
184,72,66,68
182,73,66,68
178,72,66,68
173,70,66,68
172,68,66,68
170,68,65,67
167,69,65,67
166,68,64,66
167,67,64,66
166,67,64,67
164,68,64,66
161,68,65,67
158,68,65,67
157,68,65,68
157,68,65,67
156,68,65,67
156,66,65,67
158,64,65,67
160,64,65,67
163,63,65,67
169,65,65,67
174,67,65,67
178,70,65,67
180,72,65,67
182,74,66,68
184,73,66,68
186,72,66,68
187,69,67,69
186,66,68,70
186,64,69,71
185,64,69,71
185,62,69,71
185,58,69,72
188,55,70,72
191,56,70,72
192,60,68,71
194,63,66,69
199,66,63,66
198,68,63,65
197,68,61,64
196,69,59,62
194,67,59,62
191,66,58,61
185,64,58,62
183,63,59,62
183,65,59,63
181,65,60,63
180,64,60,63
178,63,61,64
174,60,61,65
173,59,62,65
172,55,63,66
171,52,64,68
170,52,65,68
176,50,65,68
177,50,66,69
181,53,66,69
185,57,66,69
186,58,65,68
189,58,65,68
191,58,65,68
190,58,65,68
187,57,65,68
185,55,66,68
185,53,66,69
183,53,66,68
180,56,66,68
179,59,65,68
178,63,64,67
176,64,64,67
171,63,64,67
165,61,65,68
164,58,65,68
160,57,64,67
158,56,64,67
157,55,63,66
154,56,63,66
153,57,62,65
153,59,62,65
155,60,62,64
158,60,61,64
162,60,61,64
167,61,61,64
172,61,61,64
177,59,61,64
179,58,61,63
182,57,61,63
184,58,60,63
186,61,59,62
186,65,58,61
185,68,57,60
184,71,56,59
182,73,57,60
181,74,57,60
178,74,57,60
173,70,58,61
172,66,59,62
168,64,59,62
165,65,59,62
160,69,58,61
158,70,58,61
158,71,58,60
156,69,57,60
154,69,58,60
153,68,59,61
151,67,61,63
148,66,62,64
146,66,62,65
143,65,62,65
140,62,63,65
