NaN,NaN,NaN,-1
154,64,80,88
153,68,78,86
149,72,78,85
147,74,76,84
144,73,75,83
142,70,75,82
141,66,74,81
141,63,73,80
140,63,73,80
137,62,74,81
131,62,75,82
125,65,75,82
118,67,76,83
114,66,76,83
113,64,77,84
113,60,78,86
114,60,80,87
116,60,80,87
119,62,80,87
121,65,79,86
121,68,78,86
122,69,78,85
123,70,78,85
124,72,77,85
126,73,76,83
126,72,75,83
128,68,75,82
130,62,75,83
135,57,75,83
139,53,76,84
143,52,76,84
147,52,76,84
151,52,76,83
153,54,76,83
155,57,75,83
154,58,75,82
153,57,74,82
151,54,75,83
147,50,77,84
143,49,77,84
139,50,77,85
133,54,78,86
126,58,78,86
123,61,77,85
118,60,78,86
116,60,79,87
114,60,80,88
112,61,79,87
113,59,78,86
114,54,78,86
115,50,78,86
118,48,79,86
121,50,79,87
123,54,79,87
126,60,78,86
129,64,78,86
133,67,78,86
136,69,78,86
139,66,79,86
143,62,78,86
146,54,80,88
150,50,80,88
150,47,81,89
152,47,81,89
152,54,80,88
149,59,79,87
147,60,78,86
145,62,78,86
145,64,78,86
143,63,77,85
143,60,77,84
144,57,77,84
145,57,76,83
145,62,76,83
142,66,77,84
140,66,78,85
139,66,79,86
138,67,79,86
138,68,79,86
136,68,79,87
132,65,78,86
129,63,77,84
127,60,77,84
129,59,77,84
127,64,76,83
126,69,76,83
128,73,76,83
129,76,77,84
131,79,77,84
134,79,77,84
135,73,77,85
139,64,78,86
142,58,79,86
147,55,78,85
150,52,79,87
151,55,79,86
153,58,78,86
155,60,77,85
157,60,77,85
158,61,77,84
159,61,75,83
159,61,74,81
159,61,73,80
157,61,72,80
155,59,73,80
154,60,73,80
150,65,74,81
146,67,74,81
144,67,73,80
141,70,73,80
136,73,73,80
132,71,73,80
132,66,74,81
133,64,74,81
134,63,74,81
134,63,74,81
134,63,74,81
132,64,75,82
133,65,76,83
135,68,76,83
136,69,76,83
139,69,75,82
141,65,76,84
141,62,79,86
142,58,82,89
145,55,85,92
148,53,87,94
151,51,89,95
153,51,90,97
153,53,91,97
155,54,91,97
155,55,90,96
156,54,89,96
154,53,89,95
153,52,88,94
152,51,87,93
154,47,86,92
156,46,86,92
155,44,86,92
153,44,86,92
148,43,86,91
147,45,85,91
144,47,85,91
141,49,85,91
137,50,84,90
136,49,82,88
134,45,81,88
134,41,80,87
132,39,80,86
132,38,80,86
131,38,79,86
132,40,77,84
133,43,76,83
134,48,74,81
134,51,77,84
134,52,78,86
134,50,80,88
136,47,82,89
136,44,83,91
135,39,86,94
136,34,87,96
135,31,89,98
135,29,91,99
132,29,92,100
130,30,93,101
128,32,94,102
127,37,93,101
127,40,92,100
127,43,92,100
128,45,92,100
127,43,92,99
128,40,91,99
128,36,91,98
128,33,89,97
128,31,88,95
128,30,87,95
127,31,86,93
128,33,86,93
130,37,85,92
133,38,85,92
133,41,84,91
132,45,83,90
129,47,81,88
126,49,81,88
123,50,80,87
119,48,80,87
118,47,80,86
115,45,79,86
113,44,79,86
110,45,78,85
110,45,78,84
111,46,76,83
114,48,74,81
119,47,72,79
123,43,72,79
126,39,73,80
126,36,75,81
127,30,75,82
132,31,75,82
138,35,75,82
141,39,75,82
145,40,75,82
150,43,75,82
152,42,75,82
155,43,74,82
156,44,74,81
157,47,74,82
160,51,74,81
161,52,75,82
163,53,76,83
163,54,77,85
162,54,79,87
159,53,81,89
153,50,83,90
149,51,83,91
145,51,83,91
141,51,83,91
135,49,84,92
132,47,86,95
129,46,88,96
127,45,87,96
128,47,88,96
129,50,88,97
131,53,89,98
135,55,90,99
139,55,92,101
143,55,93,102
148,55,94,103
153,54,95,103
157,54,95,104
160,53,94,102
163,53,92,101
166,54,91,99
167,57,89,97
165,60,87,95
165,63,85,93
164,66,83,90
164,68,81,89
164,69,80,87
164,69,79,87
165,68,78,86
166,67,78,85
169,66,79,86
170,66,79,87
171,66,79,87
175,68,79,86
175,70,79,87
175,71,80,87
175,71,80,88
174,71,80,88
169,67,82,90
165,62,84,92
163,59,86,94
161,55,86,94
160,52,86,94
158,49,86,94
158,47,86,94
158,47,86,94
159,51,86,94
158,59,85,93
158,65,85,93
160,68,85,94
162,67,86,94
164,63,87,95
165,57,88,97
166,52,89,98
169,49,88,97
169,47,87,96
169,45,86,95
168,44,87,95
166,47,87,96
165,51,86,94
165,55,85,93
165,56,84,93
161,56,85,93
154,54,86,94
148,52,87,95
142,49,88,96
137,43,89,97
128,39,90,98
123,37,90,98
118,37,91,99
117,38,91,99
114,42,92,100
114,48,93,100
113,53,92,100
114,55,92,100
116,54,93,101
122,55,93,101
128,55,91,99
134,53,90,99
143,52,89,97
144,52,88,97
144,51,88,97
140,50,89,98
136,50,90,99
130,50,91,100
122,50,94,103
112,49,98,107
103,47,101,110
95,42,104,113
87,36,106,115
80,30,107,116
76,27,106,114
76,27,104,113
76,29,103,112
76,36,102,111
75,43,100,109
73,49,99,107
70,53,98,106
64,55,97,106
58,54,97,106
52,53,97,105
47,49,96,104
48,45,96,104
48,41,95,104
51,41,93,102
57,43,91,99
63,48,89,97
66,52,87,95
68,56,85,94
73,58,84,92
77,60,84,92
82,61,84,92
86,57,84,92
91,52,85,93
94,43,87,96
101,35,90,98
110,30,91,100
117,30,92,101
122,35,93,101
123,38,93,102
126,40,92,101
127,41,92,101
129,43,93,102
128,43,93,103
127,41,94,103
129,39,94,104
129,37,95,104
127,34,95,105
128,33,96,105
126,35,96,106
126,36,96,105
127,39,95,104
126,39,95,104
126,39,96,105
125,39,97,106
128,38,96,105
130,35,95,104
134,30,94,103
139,28,93,102
143,28,92,101
146,34,91,100
146,42,90,99
144,48,91,99
144,53,91,99
143,55,90,98
140,51,89,97
140,46,88,96
144,41,87,95
150,38,86,94
155,41,85,93
155,44,84,92
156,49,82,90
152,52,81,88
146,54,80,87
140,54,79,86
134,54,79,86
126,50,78,85
122,46,78,85
121,41,77,84
124,39,76,83
125,41,77,84
124,43,78,85
124,46,78,85
124,48,78,85
123,49,78,85
120,50,77,84
118,51,77,84
115,48,76,83
119,45,76,83
122,43,76,83
125,42,76,83
136,46,75,83
140,50,75,82
145,49,76,84
153,46,78,85
157,44,78,86
160,42,80,87
161,41,80,87
163,40,79,86
163,37,79,85
165,34,77,84
166,33,76,82
165,33,75,82
165,35,75,81
168,42,74,80
166,50,72,79
163,55,71,77
160,58,68,75
154,58,68,75
147,52,71,78
146,47,73,80
150,41,75,82
151,40,76,83
152,41,76,82
152,45,75,81
153,49,74,80
154,52,73,79
155,54,72,78
156,57,71,77
157,60,70,76
160,61,68,74
162,57,67,73
162,54,66,72
165,54,65,71
168,58,64,70
168,63,63,69
166,67,61,67
163,70,60,66
159,71,59,65
157,70,59,65
156,69,59,64
153,67,58,64
150,65,57,63
144,62,58,64
141,60,60,65
137,54,62,67
135,46,64,69
132,46,65,70
129,50,66,71
130,52,66,71
130,53,66,71
128,58,65,70
127,60,64,69
127,62,63,68
126,62,62,68
129,61,61,67
136,62,60,66
142,63,61,66
149,63,62,67
154,62,62,68
157,62,62,68
159,64,62,67
157,66,62,67
159,66,61,66
163,64,59,64
162,64,57,62
162,65,55,60
158,64,52,57
154,62,51,55
155,64,49,53
152,68,47,52
151,71,46,50
150,75,44,48
149,77,42,46
154,79,41,44
157,80,39,43
160,81,39,42
161,83,38,41
163,83,38,42
162,82,39,42
162,82,40,44
161,82,41,44
159,82,41,44
155,82,41,45
152,80,42,45
151,79,41,45
147,79,41,44
147,80,38,42
145,80,39,42
142,78,40,44
141,78,41,44
139,76,42,46
139,75,44,48
140,72,45,49
142,70,46,50
144,68,47,51
146,68,48,52
148,67,49,53
148,66,51,55
147,67,52,56
143,66,53,57
143,64,54,58
143,62,55,59
143,61,56,60
143,60,57,60
144,59,58,61
144,57,58,62
147,56,59,63
148,54,60,64
148,52,61,64
141,49,62,65
141,48,63,66
139,49,63,67
134,50,65,68
133,52,65,68
129,50,66,69
132,51,66,70
132,48,68,72
134,49,66,70
136,43,69,73
139,40,70,74
143,40,72,76
147,42,73,77
149,43,73,77
153,44,73,77
156,43,74,77
155,38,74,77
156,35,74,77
160,34,73,77
163,34,74,77
161,38,73,77
160,44,73,76
161,50,67,70
164,54,62,64
157,56,62,64
151,56,62,64
154,62,50,52
155,63,50,52
152,61,50,52
151,57,50,52
154,58,49,51
157,60,49,51
160,60,49,51
160,60,50,51
162,62,50,52
165,66,50,52
165,66,50,52
167,68,51,53
169,65,53,54
171,67,50,52
171,66,50,52
172,65,51,52
174,66,51,52
176,65,52,53
176,64,52,53
175,63,52,53
174,64,50,52
173,60,50,51
173,60,50,51
173,56,48,50
188,72,21,22
186,75,21,22
194,79,13,14
194,81,12,12
191,83,5,6
155,63,80,88
155,63,80,88
154,63,80,88
152,63,80,88
151,62,80,87
152,59,80,87
155,60,80,87
156,63,80,87
158,68,80,87
159,73,79,87
158,77,79,86
159,81,77,85
157,81,76,84
156,75,79,86
158,67,81,88
162,63,81,88
164,66,81,88
166,70,81,88
166,75,81,89
165,76,82,89
163,78,82,90
163,79,81,89
163,80,80,88
162,78,81,88
165,77,80,87
165,77,80,88
162,74,84,92
158,73,90,98
155,72,95,103
149,69,102,110
142,67,108,115
137,64,112,119
132,62,113,121
129,62,113,121
133,61,113,120
135,58,112,119
138,54,111,119
143,54,109,116
147,59,106,114
148,64,105,112
151,69,103,110
156,70,102,109
162,68,100,107
163,68,100,106
163,67,99,105
166,66,97,103
170,64,94,100
173,62,93,99
175,63,92,98
174,65,91,97
175,67,89,95
175,70,88,94
171,72,87,93
168,73,87,94
167,74,88,94
164,75,89,95
163,74,90,96
162,73,91,97
161,74,95,101
160,75,100,106
158,75,103,109
158,76,104,111
160,76,107,113
163,76,107,114
163,76,108,114
162,76,108,115
165,78,107,113
164,80,105,112
164,80,104,110
165,86,100,107
167,90,96,103
167,94,94,100
164,97,91,98
160,96,91,97
161,93,90,96
163,92,88,95
160,90,88,95
164,89,82,89
169,91,77,84
172,93,74,80
176,95,71,77
179,97,69,75
180,97,69,75
182,97,70,76
183,95,71,77
182,89,75,81
180,85,78,85
176,81,82,88
172,77,86,92
168,77,87,94
164,80,88,95
159,82,89,96
155,83,89,96
153,85,89,96
148,86,87,94
145,86,85,92
144,86,83,90
141,84,82,89
142,80,80,87
146,79,78,85
149,81,77,83
151,85,75,82
155,89,74,80
156,90,73,80
160,93,73,80
164,94,73,80
168,95,70,76
175,97,64,70
185,101,55,60
188,106,51,55
192,112,46,50
195,119,41,44
195,122,39,41
193,124,37,40
189,123,37,39
185,121,36,39
183,118,37,39
180,118,37,39
176,118,37,39
175,116,37,39
176,115,36,38
176,116,36,38
175,117,36,38
172,118,36,39
170,118,36,38
169,117,37,39
168,117,37,40
168,117,37,39
168,115,36,39
169,113,36,39
171,113,36,39
173,112,37,40
178,114,37,40
184,118,35,38
188,122,33,36
187,121,36,39
189,123,36,38
191,124,36,38
193,123,35,38
194,120,35,38
195,119,35,38
196,117,35,37
196,116,35,37
201,118,29,31
210,127,5,5
NaN,NaN,NaN,-2
NaN,NaN,NaN,0
NaN,NaN,NaN,0
NaN,NaN,NaN,0
NaN,NaN,NaN,0
NaN,NaN,NaN,-1
170,50,68,85
168,49,68,85
164,48,69,86
161,46,71,87
155,44,71,87
152,44,72,88
152,45,73,89
150,45,74,90
148,45,75,90
147,43,76,91
142,40,77,93
139,36,77,92
139,33,76,92
138,30,77,92
134,29,76,92
140,27,78,92
143,29,78,92
147,33,78,92
151,36,77,91
153,37,76,91
157,37,75,90
159,37,75,90
158,37,74,89
155,37,74,89
153,34,74,89
154,32,75,89
151,33,74,89
148,35,74,89
148,39,74,89
146,43,74,89
143,44,75,89
137,42,76,89
130,40,77,90
128,38,78,91
125,36,79,91
121,35,79,92
120,34,79,91
117,35,79,91
117,36,78,90
118,38,77,89
119,40,76,89
123,40,76,88
127,39,76,88
132,40,75,87
138,40,75,87
142,39,75,87
144,38,75,87
148,37,74,86
150,38,74,86
151,40,74,86
151,44,74,86
150,48,73,86
148,50,73,85
146,53,73,85
144,54,73,85
142,54,73,85
138,50,72,85
137,46,73,85
132,44,73,86
129,45,73,86
124,48,73,86
122,50,73,86
121,49,73,86
120,47,74,86
118,47,74,87
117,46,74,87
115,46,74,87
113,45,75,88
111,44,75,88
108,43,75,88
105,41,75,88
