NaN,NaN,NaN,-1
143.57,35.051,16.088,86.873
142.59,33.004,16.088,89.017
142.59,32.955,16.088,90.09
142.59,34.027,16.088,87.945
142.59,35.051,16.088,86.873
142.59,34.954,16.088,89.017
141.57,32.809,17.16,93.307
141.52,33.881,18.232,91.163
141.52,31.834,18.232,93.307
140.5,31.687,19.305,96.525
140.45,27.641,20.378,99.742
139.42,27.495,21.45,102.96
140.55,27.592,18.233,100.81
137.43,27.739,22.522,97.597
137.18,27.592,27.885,100.81
137.13,26.617,28.957,100.81
137.18,25.594,27.885,101.89
136.21,25.691,27.885,99.743
137.33,24.716,24.667,99.742
136.26,22.62,26.812,102.96
135.18,21.401,28.958,108.32
134.11,16.477,31.103,109.39
135.23,14.43,27.885,111.54
134.16,12.334,30.03,114.76
134.06,11.359,32.175,114.76
133.96,10.286,34.32,116.9
133.96,8.19,34.32,120.12
132.99,5.655,34.32,111.54
132.01,4.3387,34.32,119.05
133.09,17.55,32.175,107.25
132.26,16.477,28.957,109.39
131.28,14.722,28.957,105.1
130.21,12.48,31.103,111.54
129.38,10.432,27.885,113.69
130.31,8.385,28.958,115.83
129.33,7.8975,28.957,105.1
128.41,4.7287,27.885,110.47
128.41,9.8962,27.885,104.03
128.41,7.9462,27.885,104.03
128.36,6.9225,28.957,105.1
126.12,11.7,35.392,107.25
124.99,8.6775,38.61,109.39
125.19,3.6075,34.26,113.69
124.12,13.845,36.465,102.96
124.17,11.602,35.393,109.39
123.04,17.696,38.61,104.03
123,28.616,39.682,99.742
120.85,26.574,43.973,101.78
122.85,24.472,42.9,105.1
121.87,22.132,42.9,113.68
120.95,37.391,41.827,99.743
121.92,36.416,41.827,99.742
120.7,34.222,47.19,105.1
121.73,37.245,46.117,102.96
121.58,34.076,49.335,108.32
120.56,41.145,50.408,102.96
119.53,36.026,51.48,108.32
119.68,41.047,48.262,105.1
120.61,46.117,49.335,100.82
120.51,45.045,51.48,102.96
119.58,44.092,50.408,102.48
119.63,45.24,49.335,98.67
119.78,43.241,46.024,99.743
119.78,44.314,46.117,97.597
119.68,63.619,48.262,80.437
119.58,60.547,50.408,83.655
119.39,59.621,54.697,82.582
119.44,59.621,53.625,82.582
118.36,60.694,55.77,80.438
118.41,62.79,54.697,77.22
119.39,63.814,54.697,76.147
118.27,64.789,57.915,76.148
118.22,65.764,58.987,76.147
116.17,63.667,61.132,79.365
116.02,63.619,64.35,80.437
114.9,62.595,67.567,81.51
114.9,61.474,67.567,84.728
115.1,61.766,63.277,78.292
115.05,61.669,64.35,80.438
116.07,56.55,63.277,85.8
116.07,58.549,63.277,84.727
114.07,62.351,64.35,65.422
114.03,61.563,65.422,61.314
112.86,62.546,69.712,61.133
111.54,58.354,77.22,67.567
111.44,51.431,79.365,69.712
110.47,53.82,79.365,60.06
108.71,52.796,75.075,61.133
109.88,51.675,70.785,64.35
109.93,51.576,69.712,66.496
108.91,49.481,70.785,69.713
109.98,42.656,68.64,69.712
106.96,35.344,70.785,80.438
107.01,33.199,69.713,84.727
107.01,35.1,69.713,85.8
107.05,37.099,68.64,84.727
109.15,33.54,65.422,77.22
112.08,31.444,65.422,80.437
112.03,30.274,66.495,84.728
112.08,30.176,65.422,86.873
111.1,26.032,65.422,92.235
109.1,21.986,66.495,95.452
109.3,23.936,62.205,95.453
107.3,29.884,63.278,71.857
107.44,28.762,60.06,75.075
116.66,26.617,50.407,79.365
113.54,26.569,54.697,80.437
111.2,24.472,63.277,83.655
111.98,24.521,67.567,82.582
117.97,33.637,64.35,75.075
122.85,32.565,64.35,77.22
123.78,34.564,65.422,76.147
118.51,34.661,74.002,74.002
114.42,34.856,78.293,69.712
112.76,39.39,71.857,55.77
108.66,49.969,76.147,37.537
97.402,44.801,87.945,43.972
94.38,45.727,90.09,45.045
113.15,40.414,63.277,54.697
114.51,40.462,54.697,53.625
112.51,41.535,55.77,51.48
100.23,42.51,68.64,51.48
99.255,42.364,68.64,54.697
109.35,42.364,61.133,54.697
109.35,43.29,61.133,55.77
108.27,45.337,63.277,53.625
107.2,45.484,65.422,50.408
106.13,46.41,67.567,51.48
106.23,44.606,65.422,48.262
105.3,45.727,64.35,45.045
104.23,49.237,66.495,32.175
104.13,50.456,68.64,26.813
102.08,47.434,70.785,28.957
102.03,46.333,71.857,29.089
102.08,40.219,70.785,37.538
102.11,34.027,70.272,45.045
101.11,30.956,70.785,48.262
112.42,24.814,57.915,54.697
114.59,24.814,53.061,54.697
123.92,24.619,40.755,58.987
123.87,25.642,41.828,57.915
122.72,28.762,45.662,53.625
124.6,32.887,47.19,48.692
123.43,40.024,51.48,41.827
122.26,43.144,55.77,37.538
122.12,41.096,58.918,39.683
122.9,43.144,63.278,37.538
119.88,41.145,65.423,38.61
119.83,40.072,66.495,40.755
118.8,36.855,67.567,47.19
117.83,36.757,67.567,49.335
118.27,35.587,57.915,53.625
117.29,34.369,57.915,58.987
126.65,31.054,45.045,67.567
128.55,30.907,46.118,70.785
131.43,28.762,47.19,75.075
134.55,27.592,42.9,79.365
139.67,22.474,37.538,84.727
139.52,20.426,40.755,86.872
137.43,27.641,43.972,78.292
135.53,59.377,42.9,45.045
127.24,62.497,53.625,40.755
124.31,61.62,53.625,38.61
122.36,58.207,53.625,49.335
118.02,55.867,63.277,57.915
121.09,54.746,60.06,61.132
124.21,51.529,55.77,67.567
118.27,49.286,57.915,74.002
122.31,49.091,54.697,78.293
125.53,55.429,48.262,67.567
129.63,56.452,43.972,66.495
132.68,64.47,41.176,57.074
131.67,63.765,41.827,55.77
131.67,61.912,41.827,53.625
130.26,58.744,51.48,58.987
121.68,66.982,68.64,49.335
120.46,70.882,74.002,49.335
119.34,72.832,77.22,49.335
118.41,69.566,76.147,56.843
120.56,66.544,71.857,58.987
123.58,71.662,69.712,53.625
125.63,74.831,67.567,48.263
125.68,80.145,66.495,38.61
124.99,78.536,60.06,52.553
124.02,77.22,60.06,60.06
123.87,76.147,63.277,62.205
122.65,70.736,68.64,74.002
121.58,65.569,70.785,80.438
123.73,63.619,66.495,58.987
125.87,58.451,62.205,65.423
126.94,53.332,60.06,70.785
130.06,49.335,55.77,72.93
129.49,45.142,57.39,79.365
128.02,38.902,57.915,87.945
129.09,34.759,55.77,93.307
126.07,39.731,57.915,91.163
123.87,34.515,63.277,98.67
119.68,28.324,69.712,106.18
120.07,84.679,61.133,46.117
117,85.654,64.35,46.117
112.81,85.605,70.785,47.19
112.81,83.411,70.785,52.553
114.9,81.169,67.567,58.988
117.97,80.047,64.35,62.205
121.09,78.877,60.06,66.495
119.1,73.612,61.133,75.075
123.24,75.562,55.77,75.075
125.34,74.49,52.552,77.22
127.43,74.344,49.335,80.437
130.6,73.222,43.972,83.655
131.67,72.101,41.827,86.872
133.77,72.15,38.61,85.8
136.94,73.466,33.247,78.293
138.99,74.49,31.103,77.22
140.98,76.677,30.03,72.004
142.2,77.902,24.667,66.495
142.28,80.194,23.023,58.987
143.23,82.241,23.595,56.842
144.15,84.484,24.668,50.408
143.23,79.511,23.595,52.552
145.27,81.754,21.45,46.117
148.2,86.97,21.45,38.61
149.22,82.972,20.378,40.755
149.27,83.021,19.305,39.683
149.17,73.759,21.45,50.407
151.12,72.735,21.45,51.48
148.15,69.712,22.522,53.625
145.03,66.592,26.813,57.915
145.03,63.521,26.813,61.132
143.03,60.499,27.885,63.278
