NaN,NaN,NaN,-1
142.02,38.237,16.867,86.442
141.98,39.292,17.921,84.333
142.02,39.196,16.867,86.442
142.02,39.052,16.867,89.604
141.02,39.292,17.921,84.333
142.07,39.244,15.813,85.388
141.07,39.196,16.867,86.442
140.01,39.148,18.975,87.496
139.87,38.285,22.138,85.388
140.83,36.225,22.138,88.55
140.73,33.11,24.246,93.821
139.68,32.152,26.354,93.821
138.57,30.906,29.517,100.15
139.15,39.004,16.867,90.658
138.1,38.86,18.975,93.821
138.05,37.71,20.029,98.038
136.99,43.796,22.138,90.658
134.98,41.783,24.246,92.767
136.08,40.777,21.083,93.821
134.12,40.825,22.138,92.767
136.23,40.777,17.921,93.821
135.08,38.812,22.138,94.875
134.12,42.933,22.138,88.55
134.12,40.969,22.138,89.604
132.01,36.848,26.354,95.929
133.06,37.95,24.246,92.767
132.06,34.835,25.3,98.038
132.11,35.938,24.246,94.875
132.11,37.088,24.246,90.642
131.1,39.1,25.3,88.55
131.1,37.04,25.3,91.713
130.14,38.333,25.3,84.333
128.13,36.321,27.408,86.442
129.09,32.248,27.408,91.713
129.09,33.015,27.408,95.929
127.94,32.919,31.625,98.038
127.94,30.954,31.625,99.092
129.09,35.985,27.408,93.821
127.07,32.967,29.517,96.983
127.03,30.858,30.571,101.2
126.02,28.798,31.625,104.36
125.01,24.965,32.679,104.36
124.97,27.84,33.733,104.36
124.92,28.798,34.788,104.36
124.82,32.919,36.896,98.038
123.77,32.056,39.004,95.929
123.58,28.99,43.221,100.15
121.52,47.006,46.383,83.279
122.57,46.984,44.275,83.772
122.62,43.94,43.221,87.496
123.62,41.831,42.167,91.713
123.62,39.723,42.167,95.929
123.62,60.758,42.167,75.9
124.49,57.548,44.275,83.279
124.44,56.494,45.329,85.388
124.49,54.385,44.275,89.604
124.34,51.367,47.438,92.767
124.34,50.312,47.438,94.875
122.33,48.3,49.546,96.983
123.34,48.3,48.492,96.983
122.43,47.629,47.438,90.658
122.43,46.719,47.438,89.604
123.43,46.719,46.383,89.604
122.38,44.706,48.492,91.713
122.43,43.748,47.438,91.712
121.33,43.748,50.6,91.712
121.28,44.85,51.654,88.55
122.19,42.79,52.708,91.713
121.09,39.771,55.871,94.875
122,39.771,56.925,94.875
121.04,39.771,56.925,94.875
120.99,38.717,57.979,96.983
120.8,38.717,62.196,96.983
119.6,40.969,67.467,89.604
119.65,41.927,66.413,89.604
119.6,41.879,67.467,90.658
117.73,45.808,66.413,88.55
118.59,45.76,68.521,89.604
117.54,47.629,70.629,90.658
116.63,49.642,69.575,88.55
116.58,51.223,70.629,74.846
115.72,52.133,68.521,75.9
116.01,53.044,62.196,76.954
114.95,52.421,64.304,69.575
116.05,51.606,61.142,66.413
114.04,49.737,63.25,65.358
113.18,47.629,61.142,69.575
115.1,48.587,61.142,69.575
118.21,50.744,55.871,64.304
115.24,45.569,57.979,72.738
114.04,46.431,63.25,74.846
115.86,46.288,65.358,78.008
120.13,47.246,55.871,78.008
122.04,50.121,55.871,78.008
121.09,52.421,55.871,69.575
115.91,55.248,64.304,70.629
113.9,55.2,66.413,71.683
113.75,53.188,69.575,73.792
115.77,49.067,67.467,80.117
114.71,49.21,69.575,55.871
113.8,46.287,68.521,56.925
110.74,43.125,72.738,63.25
107.76,39.052,74.846,68.521
109.87,39.004,70.629,69.575
109.06,39.915,67.467,70.629
107.91,37.806,71.683,74.846
106.9,39.771,72.738,73.792
111.36,39.771,59.033,73.792
111.21,40.681,62.196,74.846
111.17,39.579,63.25,78.008
110.11,40.442,65.358,80.117
109.06,44.7,67.467,75.656
107.91,49.45,71.683,71.683
106.71,51.654,76.954,65.358
105.93,50.36,72.939,72.738
104.94,49.21,73.792,76.954
103.98,51.894,73.792,81.171
105.37,43.796,64.304,69.575
102.3,40.681,68.521,74.846
91.377,29.66,76.954,85.388
97.51,29.9,68.521,80.117
99.571,30.092,65.358,75.9
96.6,28.223,67.467,74.846
101.58,29.517,63.25,67.467
105.66,31.769,57.979,60.088
105.51,31.146,61.142,52.708
104.43,32.2,63.853,50.6
104.46,32.296,63.25,48.492
103.4,25.396,65.358,52.708
102.45,27.433,65.358,50.064
101.3,28.51,69.575,47.438
99.235,26.45,72.737,50.6
95.21,18.4,76.954,59.033
99.427,10.35,68.521,67.467
103.26,4.3125,68.521,73.792
109.44,1.2458,59.033,78.008
113.56,4.3604,52.708,72.738
118.59,8.2417,47.438,71.683
127.17,9.2,48.492,71.683
129.66,17.202,56.925,64.304
133.21,22.281,63.25,57.979
135.12,25.204,63.25,56.925
135.08,29.229,64.304,52.708
134.17,28.175,63.25,54.817
132.63,30.235,54.817,51.654
130.67,39.388,55.871,40.058
130.62,41.428,56.925,37.33
131.72,43.317,53.763,37.95
131.63,43.844,55.871,47.438
131.72,45.617,53.763,50.6
132.82,46.383,50.6,54.817
136.9,51.223,45.329,53.763
138.96,54.242,42.167,50.6
140.01,52.325,40.058,50.6
139.92,58.267,42.167,46.383
143.03,59.083,36.896,49.499
144.04,58.027,35.842,51.654
135.08,60.902,43.221,51.654
133.21,61.908,42.167,50.6
130.19,64.927,45.329,47.438
127.17,67.946,48.492,44.275
124.15,70.294,51.654,34.788
118.98,69.29,60.088,35.786
121.04,71.396,56.925,31.625
123.55,69.288,54.293,35.842
119.12,67.083,56.925,42.167
118.26,63.681,54.817,53.763
118.21,61.717,55.871,54.817
122.28,59.56,50.6,60.088
126.26,57.644,47.438,60.088
130.48,59.608,39.004,59.033
137.66,59.465,28.463,62.196
136.42,60.279,34.788,65.358
134.31,62.388,39.004,61.142
132.2,62.34,43.221,62.196
132.01,63.394,47.438,60.088
129.76,71.54,54.817,49.546
128.7,74.606,56.925,45.329
132.06,79.171,67.467,29.23
131.87,73.84,71.683,41.113
129.85,70.294,73.792,55.871
128.08,67.275,70.629,59.033
127.99,62.34,72.738,62.196
128.27,66.029,66.413,65.358
128.56,62.771,60.088,73.792
123.29,56.685,70.629,81.171
125.35,54.625,67.467,84.333
128.37,51.271,64.304,73.792
127.41,47.198,64.304,79.062
127.46,42.31,63.25,81.171
127.46,37.183,63.25,88.55
124.1,50.073,73.792,79.062
122.14,47.006,74.846,83.279
130.19,41.208,66.413,84.333
131.1,53.475,67.467,67.467
130.96,55.727,70.629,60.088
131.87,51.654,71.683,65.358
132.78,50.552,51.654,68.521
133.74,45.425,51.654,75.9
133.74,86.585,51.654,34.788
134.69,86.49,51.654,36.896
136.75,85.388,48.492,40.058
136.85,85.34,46.383,41.113
138.81,86.298,45.329,41.113
138.81,86.202,45.329,43.221
138.86,88.357,44.275,41.968
139.92,88.023,42.167,45.329
140.97,88.933,40.058,46.383
143.03,89.652,36.896,51.654
144.09,88.55,34.788,54.817
144.18,89.556,32.679,53.763
145.24,90.275,30.571,59.033
144.32,92.287,29.517,56.925
146.52,92.096,23.335,61.142
147.58,95.21,21.083,55.871
147.58,97.415,21.083,49.546
146.53,99.523,23.192,45.329
141.59,98.612,26.354,44.275
138.48,91.713,31.625,48.492
137.71,92.958,27.408,42.167
138.67,90.179,27.408,40.058
134.6,86.202,32.679,43.221
128.42,82.273,42.167,45.329
127.31,76.331,45.329,49.546
123.24,75.325,50.6,50.6
122.19,71.3,52.708,54.817
120.13,67.275,55.871,59.033
118.11,66.365,57.979,57.979
116.15,64.304,59.033,61.142
116.2,61.285,57.979,64.304
