NaN,NaN,NaN,-1
328.15,191.72,50.165,49.162
325.66,191,50.107,49.105
323.78,189.44,50.12,49.117
322.14,187.94,50.171,49.168
320.18,186.8,50.446,49.437
318.05,185.78,50.556,49.545
315.5,183.83,52.173,51.158
313.81,182.69,52.434,51.415
312.18,181.68,52.286,51.269
310.29,180.55,52.551,51.535
308.44,178.99,53.839,52.826
307.17,177.92,54.041,53.03
305.78,176.41,53.645,52.632
304.71,174.83,53.239,52.22
303.57,173.51,54.182,53.166
302.5,172.05,54.629,53.609
300.97,170.49,54.764,53.742
299.41,168.92,55.104,54.076
297.97,167.34,55.369,54.335
296.36,165.7,55.638,54.6
294.43,163.57,56.624,55.588
292.45,161.74,57.338,56.309
291,160.52,57.393,56.365
290.13,158.86,57.641,56.612
289.21,157.89,57.03,56.005
288.24,155.9,57.532,56.512
287.38,154.08,57.426,56.408
287.35,152.19,56.963,55.949
286.52,149.98,56.663,55.653
285.04,148.64,57.655,56.644
284.54,146.6,57.651,56.64
284.11,144.39,57.725,56.712
283.47,141.93,58.223,57.202
283.06,139.59,58.276,57.254
282.8,137.4,58.274,57.252
283.54,135.82,57.718,56.7
284.05,133.98,56.253,55.24
284.12,131.95,56.602,55.589
284.93,130.36,56.296,55.284
284.84,128.23,56.684,55.665
285,126.52,56.566,55.55
284.56,124.94,57.253,56.237
284.96,123.9,56.076,55.066
284.99,122.09,56.568,55.557
286.02,120.74,55.499,54.489
286.03,119.31,55.746,54.731
286.23,118.08,55.73,54.715
286.58,117.14,55.593,54.581
286.86,116.13,55.595,54.583
287.11,115.14,55.728,54.714
288.35,115.18,54.838,53.828
288.97,114.68,54.515,53.51
289.27,114.06,54.665,53.657
289.66,113.59,54.535,53.53
290.48,113.79,53.609,52.606
290.77,113.1,54.086,53.075
291.22,112.45,54.375,53.358
292.22,112.31,54.066,53.045
292.42,111.49,55.147,54.107
292.53,110.72,56.398,55.333
292.76,109.46,56.978,55.914
292.62,108.03,58.042,56.973
292.99,107.36,58.743,57.662
293.09,106.41,60.264,59.155
293.22,105.65,61.801,60.663
297.2,105.19,63.811,62.636
301.03,104.47,66.32,65.099
305.41,104.32,67.895,66.644
310.55,104.72,68.601,67.338
315.79,105.23,68.978,67.708
321.25,105.83,69.357,68.08
326.68,106.54,69.449,68.17
332.41,107.21,69.402,68.124
338.11,107.78,69.312,68.035
343.74,108.27,69.379,68.102
349.2,108.71,69.484,68.205
NaN,NaN,NaN,-2
NaN,NaN,NaN,0
NaN,NaN,NaN,0
NaN,NaN,NaN,0
NaN,NaN,NaN,0
NaN,NaN,NaN,-1
299.39,90.951,51.315,58.223
300.51,90.805,50.926,57.781
301.35,90.373,50.69,57.514
302.1,90.114,50.562,57.368
303.85,90.118,49.855,56.583
305.33,90.25,49.121,55.768
305.7,89.672,49.309,55.981
306.17,89.405,48.93,55.55
306.3,88.703,49.066,55.702
307.1,88.425,48.481,55.055
307.66,88.169,48.128,54.653
308.28,88.596,47.161,53.583
308.86,88.369,46.719,53.094
309.04,88.042,46.735,53.113
309.41,88.101,46.17,52.471
309.71,87.909,45.93,52.198
309.61,87.704,45.781,52.028
309.63,87.535,45.491,51.699
309.64,87.504,45.191,51.358
309.7,87.523,44.975,51.113
309.69,87.529,44.909,51.038
309.71,87.539,44.899,51.026
310.01,87.665,44.598,50.684
310.16,87.689,44.509,50.583
310.47,87.709,44.391,50.448
310.68,87.743,44.333,50.383
311.06,87.921,44.116,50.136
311.23,88.243,43.924,49.918
311.54,88.542,43.535,49.476
311.6,88.749,43.569,49.515
311.74,89.006,43.501,49.438
311.96,89.389,43.227,49.126
312.01,89.562,43.204,49.1
312.63,90.156,42.387,48.206
312.74,90.421,42.415,48.237
312.97,90.69,42.518,48.371
312.81,91.053,42.642,48.512
312.59,91.325,43.018,48.94
312.27,91.672,43.314,49.277
311.95,92.032,43.551,49.546
311.45,92.618,44.28,50.386
310.26,93.121,45.337,51.58
309.78,93.015,46.248,52.601
309.31,92.826,46.67,53.078
309.1,94.037,46.199,52.558
309.46,94.269,46.314,52.69
309.08,94.884,46.557,52.966
308.62,95.609,46.645,53.066
308.18,96.225,46.855,53.306
307.79,96.893,47.015,53.488
307.1,97.431,47.339,53.856
306.59,97.959,47.576,54.126
306.97,99.215,47.073,53.553
306.11,100.28,46.68,53.112
305.6,100.73,46.87,53.328
305.14,101.2,46.983,53.457
304.52,102.03,46.885,53.339
304.36,102.49,46.709,53.139
304.84,103.04,45.993,52.335
304.53,103.49,45.976,52.315
304.09,103.9,45.861,52.185
303.57,104.32,45.751,52.059
303.09,104.72,45.66,51.956
302.7,105.2,45.3,51.546
302.44,105.94,44.652,50.809
302.14,106.47,44.267,50.371
301.77,107.06,43.854,49.901
301.44,107.66,43.538,49.542
300.99,108.15,43.327,49.301
300.56,108.67,43.22,49.18
300.35,108.8,43.082,49.034
299.86,109.43,42.875,48.799
299.48,110.14,42.576,48.459
299.07,111.09,41.699,47.475
298.52,111.94,41.41,47.147
299.14,113.44,39.964,45.504
298.78,114.21,39.66,45.157
298.34,115.03,39.549,45.031
298.72,115.86,38.929,44.33
299.07,116.94,38.027,43.307
298.74,117.89,37.662,42.891
298.02,118.11,37.838,43.094
297.32,119.08,37.691,42.93
296.25,119.76,38.057,43.349
294.9,120.65,38.675,44.056
294.19,120.9,38.629,44.004
293.61,121.62,39.048,44.484
293.04,122.6,38.997,44.426
293.24,124.17,38.397,43.739
293.2,125.31,38.227,43.545
292.8,126.5,37.896,43.168
291.78,126.64,38.144,43.451
291.31,126.72,38.134,43.44
290.84,127.47,38.119,43.423
290.33,128.36,38.619,43.993
289.89,128.8,38.843,44.249
289.24,129.47,38.988,44.415
287.95,130.02,39.223,44.683
287.45,131.53,38.807,44.208
286.75,132.48,38.969,44.392
285.88,133.18,39.563,45.071
285.11,133.69,39.44,44.931
284.44,134.62,39.479,44.975
283.85,135.71,38.964,44.387
283.36,135.9,39.502,45.001
282.58,136.93,39.618,45.133
281.99,137.83,39.967,45.531
281.28,139.03,40.074,45.653
280.59,140.2,40.241,45.844
279.81,141.7,40.277,45.885
279.19,143.23,40.168,45.76
278.41,144.85,40.29,45.899
277.74,146.5,40.054,45.63
276.97,148.47,39.898,45.452
276.17,150.36,40.02,45.591
275.62,152.04,40.198,45.795
275.04,154.08,40.091,45.673
274.54,156.17,39.918,45.476
274.02,158.19,39.813,45.356
273.54,160.32,39.611,45.126
272.85,162.77,38.991,44.417
273.18,165.15,38.65,44.029
273.04,166.98,38.322,43.655
272.91,168.51,38.198,43.514
272.97,169.83,37.727,42.977
273.06,171.19,37.867,43.137
272.59,172.17,38.957,44.382
273,173.77,38.94,44.363
272.88,174.89,39.259,44.726
272.27,176.61,39.251,44.717
271.85,177.51,38.976,44.404
271.04,178.22,38.516,43.88
270.12,178.24,38.416,43.764
269.49,178.24,38.161,43.472
268.2,179.12,37.916,43.191
266.95,180.02,37.976,43.258
266.46,180.33,37.843,43.107
265.54,180.09,38.564,43.931
265.27,180.24,38.823,44.226
265.14,180.24,38.638,44.014
264.5,180.63,38.659,44.039
264.1,180.53,38.982,44.407
263.21,180.76,39.392,44.876
262.2,180.98,39.772,45.31
261.84,181.41,39.555,45.062
