NaN,NaN,NaN,-1
253,177,59,35
253,177,59,35
253,177,59,35
253,176,59,35
252,176,59,35
252,176,59,35
251,176,59,35
250,175,59,35
250,175,59,35
250,175,59,35
249,175,59,35
248,174,59,35
248,174,59,35
247,174,59,35
247,174,59,35
246,173,59,35
245,173,59,35
245,173,59,35
245,173,59,35
244,173,59,35
244,173,59,35
243,172,59,35
242,172,59,35
242,172,59,35
242,172,59,35
241,172,59,35
240,171,59,35
240,171,59,35
239,171,59,35
239,171,59,35
239,171,59,35
238,170,59,35
237,170,59,35
237,170,59,35
237,170,59,35
236,170,59,35
236,170,59,35
235,169,59,35
235,169,59,35
235,169,59,35
234,169,59,35
234,168,59,35
233,168,59,35
233,168,59,35
233,168,59,35
233,168,59,35
232,167,59,35
232,167,59,35
232,167,59,35
232,167,59,35
231,167,59,35
231,167,59,35
231,166,59,35
230,166,59,35
230,166,59,35
230,166,59,35
230,166,59,35
229,165,59,35
229,165,59,35
229,165,59,35
229,165,59,35
228,164,59,35
228,164,59,35
228,164,59,35
228,164,59,35
228,164,59,35
227,163,59,35
227,163,59,35
227,163,59,35
227,163,59,35
227,163,59,35
226,162,59,35
226,162,59,35
226,162,59,35
226,162,59,35
225,161,59,35
225,161,59,35
225,161,59,35
225,161,59,35
225,161,59,35
224,160,59,35
224,160,59,35
224,160,59,35
224,160,59,35
224,160,59,35
223,159,59,35
223,159,59,35
223,159,59,35
223,159,59,35
223,158,59,35
222,158,59,35
222,158,59,35
222,158,59,35
222,157,59,35
222,157,59,35
222,157,59,35
222,157,59,35
222,157,59,35
222,156,59,35
222,156,59,35
222,156,59,35
222,156,59,35
222,156,59,35
221,155,59,35
222,155,59,35
222,155,59,35
222,155,59,35
222,155,59,35
222,155,59,35
222,155,59,35
222,155,59,35
222,155,59,35
222,154,59,35
222,154,59,35
222,154,59,35
222,154,59,35
222,154,59,35
222,154,59,35
222,154,59,35
222,154,59,35
222,154,59,35
222,154,59,35
222,154,59,35
222,154,59,35
222,154,59,35
222,154,59,35
222,154,59,35
222,154,59,35
222,154,59,35
222,154,59,35
222,154,59,35
222,154,59,35
222,154,59,35
222,154,59,35
222,154,59,35
222,154,59,35
222,154,59,35
222,154,59,35
222,154,59,35
222,154,59,35
222,154,59,35
222,154,59,35
222,154,59,35
222,154,59,35
222,154,59,35
222,154,59,35
222,154,59,35
222,154,59,35
222,154,59,35
222,154,59,35
222,154,59,35
222,154,59,35
222,154,59,35
222,154,59,35
222,154,59,35
222,154,59,35
222,154,59,35
222,154,59,35
222,154,59,35
222,154,59,35
222,154,59,35
222,154,59,35
222,154,59,35
222,154,59,35
222,154,59,35
222,154,59,35
222,154,59,35
222,154,59,35
221,154,59,35
221,154,59,35
221,154,59,35
221,154,59,35
221,154,59,35
221,154,59,35
221,155,59,35
221,155,59,35
221,155,59,35
220,155,59,35
220,155,59,35
220,155,59,35
220,155,59,35
220,155,59,35
219,155,59,35
219,155,59,35
219,155,59,35
218,155,59,35
218,156,59,35
218,156,59,35
217,156,59,35
217,156,59,35
217,156,59,35
216,156,59,35
215,157,59,35
215,157,59,35
214,157,59,35
213,157,59,35
213,157,59,35
212,157,59,35
212,157,59,35
211,158,59,35
210,158,59,35
210,158,59,35
209,158,59,35
208,158,59,35
207,158,59,35
206,158,59,35
205,159,59,35
204,159,59,35
203,159,59,35
202,159,59,35
201,159,59,35
200,159,59,35
199,159,59,35
197,160,59,35
196,160,59,35
195,160,59,35
194,160,59,35
192,160,59,35
191,160,59,35
190,160,59,35
189,160,59,35
188,160,59,35
187,160,59,35
185,160,59,35
184,160,59,35
183,160,59,35
181,160,59,35
180,160,59,35
179,160,59,35
177,160,59,35
176,160,59,35
175,160,59,35
173,160,59,35
172,160,59,35
171,160,59,35
170,160,59,35
168,160,59,35
167,160,59,35
165,160,59,35
164,160,59,35
163,159,59,35
162,159,59,35
160,159,59,35
159,159,59,35
158,159,59,35
155,159,59,35
154,159,59,35
153,158,59,35
152,158,59,35
148,158,59,35
147,158,59,35
146,158,59,35
145,157,59,35
143,157,59,35
142,157,59,35
141,157,59,35
140,157,59,35
138,156,59,35
137,156,59,35
136,156,59,35
135,155,59,35
134,155,59,35
133,155,59,35
132,155,59,35
130,155,59,35
128,154,59,35
127,154,59,35
126,154,59,35
124,153,59,35
122,153,59,35
121,153,59,35
119,152,59,35
119,152,59,35
118,152,59,35
117,152,59,35
115,151,59,35
114,151,59,35
113,151,59,35
112,150,59,35
111,150,59,35
110,150,59,35
110,150,59,35
109,150,59,35
107,149,59,35
106,149,59,35
105,149,59,35
103,148,59,35
102,148,59,35
101,148,59,35
100,148,59,35
99,147,59,35
98,147,59,35
97,147,59,35
96,146,59,35
95,146,59,35
94,145,59,35
93,145,59,35
92,145,59,35
90,144,59,35
89,144,59,35
88,143,59,35
87,143,59,35
85,143,59,35
84,142,59,35
82,142,59,35
81,142,59,35
79,141,59,35
78,141,59,35
77,141,59,35
75,140,59,35
74,140,59,35
73,140,59,35
72,139,59,35
71,139,59,35
70,139,59,35
68,139,59,35
66,138,59,35
65,138,59,35
63,137,59,35
62,137,59,35
61,136,59,35
59,136,59,35
58,136,59,35
56,135,59,35
55,135,59,35
54,135,59,35
52,135,59,35
50,134,59,35
49,134,59,35
47,133,59,35
46,133,59,35
45,133,59,35
44,132,59,35
43,132,59,35
42,132,59,35
40,131,59,35
39,131,59,35
38,131,59,35
37,131,59,35
35,130,59,35
34,130,59,35
33,130,59,35
32,130,59,35
31,129,59,35
30,129,59,35
29,129,59,35
28,129,59,35
27,128,59,35
26,128,59,35
24,128,59,35
23,128,59,35
22,128,59,35
21,127,59,35
19,127,59,35
17,127,59,35
17,126,59,35
16,126,59,35
14,126,59,35
13,126,59,35
12,125,59,35
11,125,59,35
9,125,59,35
8,125,59,35
6,124,59,35
5,124,59,35
4,123,59,35
2,123,59,35
1,123,59,35
1,122,59,35
1,122,59,35
1,121,59,35
1,121,59,35
1,120,59,35
