NaN,NaN,NaN,-1
262,177,53,39
261,176,53,39
260,175,53,39
259,173,53,39
258,173,53,39
257,172,53,39
256,172,53,39
255,172,53,39
255,171,53,39
254,171,53,39
253,171,53,39
253,171,53,39
252,170,53,39
252,170,53,39
252,169,53,39
251,169,53,39
251,169,53,39
251,168,53,39
250,168,53,39
250,168,53,39
249,168,53,39
249,168,53,39
248,167,53,39
248,167,53,39
247,167,53,39
246,166,53,39
246,166,53,39
245,166,53,39
245,166,53,39
244,165,53,39
243,165,53,39
243,165,53,39
243,164,53,39
242,164,53,39
242,164,53,39
241,163,53,39
241,163,53,39
241,163,53,39
240,163,53,39
240,163,53,39
239,162,53,39
239,162,53,39
239,162,53,39
238,162,53,39
238,162,53,39
238,161,53,39
237,161,53,39
237,161,53,39
237,161,53,39
237,161,53,39
236,160,53,39
236,160,53,39
236,160,53,39
235,160,53,39
235,160,53,39
235,159,53,39
234,159,53,39
234,159,53,39
234,159,53,39
234,159,53,39
234,158,53,39
233,158,53,39
233,158,53,39
233,158,53,39
233,158,53,39
233,158,53,39
233,157,53,39
232,157,53,39
232,157,53,39
232,157,53,39
232,157,53,39
232,156,53,39
232,156,53,39
231,156,53,39
231,156,53,39
231,155,53,39
231,155,53,39
231,155,53,39
230,155,53,39
230,154,53,39
230,154,53,39
230,154,53,39
230,154,53,39
230,154,53,39
230,153,53,39
230,153,53,39
229,153,53,39
229,153,53,39
229,153,53,39
229,152,53,39
229,152,53,39
229,152,53,39
228,152,53,39
228,151,53,39
228,151,53,39
228,150,53,39
228,150,53,39
228,150,53,39
228,149,53,39
228,149,53,39
228,149,53,39
228,149,53,39
228,148,53,39
228,148,53,39
228,148,53,39
228,148,53,39
228,148,53,39
228,147,53,39
228,147,53,39
228,147,53,39
228,147,53,39
228,147,53,39
228,147,53,39
228,147,53,39
228,147,53,39
228,147,53,39
228,146,53,39
228,146,53,39
228,146,53,39
228,146,53,39
228,146,53,39
228,146,53,39
228,146,53,39
228,146,53,39
228,146,53,39
228,146,53,39
228,146,53,39
228,146,53,39
228,146,53,39
228,146,53,39
228,146,53,39
228,146,53,39
228,146,53,39
228,146,53,39
228,146,53,39
228,146,53,39
228,146,53,39
228,146,53,39
228,146,53,39
228,146,53,39
228,146,53,39
228,146,53,39
228,146,53,39
228,146,53,39
228,146,53,39
228,146,53,39
228,146,53,39
228,146,53,39
228,146,53,39
228,146,53,39
228,146,53,39
228,146,53,39
228,146,53,39
228,146,53,39
228,146,53,39
228,146,53,39
228,146,53,39
228,146,53,39
228,146,53,39
228,146,53,39
228,146,53,39
228,146,53,39
228,146,53,39
228,146,53,39
228,146,53,39
228,146,53,39
228,146,53,39
228,146,53,39
228,146,53,39
228,146,53,39
228,146,53,39
228,146,53,39
228,146,53,39
228,146,53,39
228,146,53,39
228,146,53,39
228,146,53,39
228,146,53,39
228,146,53,39
228,146,53,39
228,146,53,39
227,146,53,39
227,146,53,39
227,146,53,39
227,146,53,39
227,146,53,39
227,146,53,39
226,146,53,39
226,146,53,39
226,146,53,39
226,146,53,39
225,146,53,39
225,146,53,39
225,146,53,39
224,146,53,39
224,146,53,39
223,146,53,39
222,147,53,39
222,147,53,39
221,147,53,39
220,147,53,39
220,147,53,39
219,147,53,39
219,147,53,39
218,147,53,39
217,148,53,39
216,148,53,39
215,148,53,39
215,148,53,39
214,148,53,39
213,149,53,39
212,149,53,39
211,149,53,39
210,149,53,39
208,150,53,39
207,150,53,39
206,150,53,39
205,150,53,39
204,150,53,39
202,151,53,39
201,151,53,39
200,151,53,39
199,151,53,39
198,151,53,39
197,151,53,39
196,151,53,39
194,151,53,39
193,151,53,39
192,151,53,39
191,151,53,39
190,151,53,39
188,151,53,39
187,151,53,39
186,151,53,39
185,151,53,39
185,151,53,39
183,151,53,39
183,151,53,39
183,150,53,39
182,150,53,39
181,150,53,39
181,150,53,39
179,150,53,39
176,150,53,39
175,150,53,39
172,150,53,39
171,150,53,39
170,150,53,39
166,150,53,39
165,150,53,39
165,150,53,39
164,149,53,39
163,149,53,39
163,149,53,39
163,149,53,39
163,149,53,39
163,149,53,39
161,149,53,39
154,148,53,39
153,148,53,39
153,148,53,39
152,148,53,39
151,148,53,39
152,148,53,39
152,148,53,39
154,148,53,39
154,148,53,39
153,148,53,39
152,148,53,39
150,148,53,39
149,148,53,39
148,148,53,39
146,147,53,39
144,147,53,39
143,147,53,39
141,146,53,39
140,146,53,39
138,146,53,39
137,146,53,39
136,145,53,39
134,145,53,39
133,145,53,39
131,145,53,39
130,144,53,39
128,144,53,39
127,144,53,39
125,143,53,39
123,143,53,39
121,143,53,39
119,142,53,39
118,142,53,39
116,141,53,39
115,141,53,39
113,141,53,39
112,140,53,39
111,140,53,39
109,140,53,39
108,139,53,39
107,139,53,39
105,139,53,39
104,139,53,39
102,138,53,39
101,138,53,39
99,138,53,39
98,138,53,39
96,137,53,39
94,137,53,39
92,137,53,39
90,136,53,39
89,136,53,39
87,135,53,39
86,135,53,39
84,135,53,39
83,134,53,39
81,134,53,39
80,134,53,39
78,133,53,39
76,133,53,39
74,133,53,39
73,132,53,39
71,132,53,39
69,132,53,39
68,132,53,39
66,131,53,39
65,131,53,39
63,131,53,39
61,130,53,39
59,130,53,39
57,130,53,39
55,129,53,39
54,129,53,39
52,129,53,39
51,128,53,39
49,128,53,39
48,127,53,39
47,127,53,39
45,127,53,39
44,127,53,39
43,127,53,39
42,126,53,39
41,126,53,39
40,126,53,39
38,126,53,39
37,126,53,39
36,125,53,39
34,125,53,39
33,125,53,39
30,125,53,39
29,124,53,39
28,124,53,39
27,124,53,39
26,124,53,39
24,124,53,39
23,124,53,39
22,124,53,39
21,123,53,39
20,123,53,39
18,123,53,39
17,123,53,39
16,122,53,39
14,122,53,39
13,122,53,39
11,121,53,39
10,121,53,39
9,120,53,39
8,120,53,39
7,119,53,39
6,119,53,39
5,119,53,39
3,119,53,39
2,118,53,39
1,118,53,39
1,117,53,39
