NaN,NaN,NaN,-1
255,175,54,37
254,174,54,37
253,173,54,37
253,172,54,37
252,172,54,37
252,172,54,37
251,171,54,37
250,171,54,37
250,171,54,37
249,171,54,37
249,171,54,37
248,170,54,37
248,170,54,37
247,170,54,37
247,170,54,37
247,169,54,37
246,169,54,37
246,169,54,37
245,169,54,37
245,168,54,37
244,168,54,37
244,168,54,37
244,167,54,37
243,167,54,37
243,167,54,37
243,167,54,37
243,166,54,37
242,166,54,37
242,166,54,37
241,165,54,37
241,165,54,37
240,165,54,37
240,165,54,37
240,164,54,37
239,164,54,37
239,164,54,37
239,164,54,37
238,163,54,37
238,163,54,37
238,163,54,37
238,163,54,37
237,162,54,37
237,162,54,37
237,162,54,37
236,162,54,37
236,161,54,37
236,161,54,37
235,161,54,37
235,161,54,37
235,161,54,37
234,160,54,37
234,160,54,37
234,160,54,37
234,160,54,37
233,159,54,37
233,159,54,37
233,159,54,37
233,159,54,37
233,159,54,37
233,159,54,37
232,158,54,37
232,158,54,37
232,158,54,37
232,158,54,37
232,158,54,37
232,158,54,37
231,157,54,37
231,157,54,37
231,157,54,37
231,157,54,37
231,157,54,37
230,156,54,37
230,156,54,37
230,156,54,37
230,156,54,37
229,155,54,37
229,155,54,37
229,154,54,37
229,154,54,37
229,154,54,37
229,154,54,37
228,153,54,37
228,153,54,37
228,153,54,37
228,152,54,37
228,152,54,37
228,152,54,37
228,152,54,37
228,151,54,37
228,151,54,37
228,150,54,37
227,150,54,37
227,150,54,37
227,150,54,37
227,149,54,37
227,149,54,37
227,149,54,37
227,148,54,37
227,148,54,37
227,148,54,37
227,148,54,37
227,147,54,37
227,147,54,37
227,147,54,37
227,147,54,37
227,147,54,37
227,146,54,37
227,146,54,37
227,146,54,37
227,146,54,37
227,146,54,37
227,146,54,37
227,146,54,37
227,146,54,37
227,146,54,37
227,146,54,37
227,145,54,37
227,145,54,37
227,145,54,37
227,145,54,37
227,145,54,37
227,145,54,37
227,145,54,37
227,145,54,37
227,145,54,37
227,145,54,37
227,145,54,37
227,145,54,37
227,145,54,37
227,145,54,37
227,145,54,37
227,145,54,37
227,145,54,37
227,145,54,37
227,145,54,37
227,145,54,37
227,145,54,37
227,145,54,37
227,145,54,37
227,145,54,37
227,145,54,37
227,145,54,37
227,145,54,37
227,145,54,37
227,145,54,37
227,145,54,37
227,145,54,37
227,145,54,37
227,145,54,37
227,145,54,37
227,145,54,37
227,145,54,37
227,145,54,37
227,145,54,37
227,145,54,37
227,145,54,37
227,145,54,37
227,145,54,37
227,145,54,37
227,145,54,37
227,145,54,37
227,145,54,37
227,145,54,37
227,145,54,37
227,145,54,37
227,145,54,37
227,145,54,37
227,145,54,37
227,145,54,37
227,145,54,37
227,145,54,37
227,145,54,37
227,145,54,37
227,145,54,37
227,146,54,37
226,146,54,37
226,146,54,37
226,146,54,37
226,146,54,37
226,146,54,37
226,146,54,37
225,146,54,37
225,146,54,37
225,146,54,37
225,146,54,37
225,146,54,37
224,147,54,37
224,147,54,37
224,147,54,37
223,147,54,37
223,147,54,37
223,147,54,37
222,147,54,37
221,148,54,37
221,148,54,37
220,148,54,37
219,148,54,37
219,148,54,37
218,149,54,37
217,149,54,37
217,149,54,37
216,149,54,37
215,149,54,37
215,149,54,37
214,149,54,37
213,150,54,37
212,150,54,37
211,150,54,37
210,150,54,37
209,150,54,37
207,151,54,37
206,151,54,37
205,151,54,37
204,152,54,37
203,152,54,37
201,152,54,37
200,152,54,37
198,153,54,37
197,153,54,37
196,153,54,37
195,153,54,37
194,153,54,37
193,153,54,37
191,153,54,37
190,153,54,37
189,153,54,37
188,153,54,37
187,153,54,37
186,153,54,37
185,153,54,37
184,153,54,37
183,153,54,37
182,153,54,37
180,153,54,37
179,153,54,37
179,153,54,37
177,153,54,37
176,153,54,37
175,153,54,37
174,153,54,37
173,153,54,37
171,153,54,37
171,153,54,37
169,153,54,37
168,152,54,37
165,152,54,37
165,152,54,37
163,152,54,37
162,152,54,37
161,151,54,37
160,151,54,37
158,151,54,37
156,151,54,37
155,151,54,37
152,151,54,37
152,151,54,37
151,151,54,37
149,150,54,37
148,150,54,37
146,150,54,37
145,149,54,37
144,149,54,37
144,149,54,37
145,149,54,37
148,149,54,37
149,149,54,37
149,149,54,37
150,149,54,37
149,149,54,37
148,149,54,37
146,148,54,37
145,148,54,37
144,148,54,37
142,148,54,37
140,147,54,37
139,147,54,37
137,147,54,37
136,147,54,37
134,146,54,37
133,146,54,37
131,146,54,37
130,146,54,37
129,145,54,37
127,145,54,37
126,145,54,37
124,145,54,37
122,144,54,37
121,144,54,37
119,144,54,37
117,143,54,37
115,143,54,37
114,143,54,37
112,142,54,37
111,142,54,37
109,141,54,37
108,141,54,37
107,141,54,37
105,140,54,37
104,140,54,37
102,140,54,37
101,140,54,37
100,139,54,37
98,139,54,37
97,139,54,37
95,139,54,37
93,138,54,37
92,138,54,37
90,137,54,37
88,137,54,37
87,137,54,37
85,136,54,37
84,136,54,37
82,135,54,37
81,135,54,37
79,135,54,37
78,134,54,37
76,134,54,37
74,134,54,37
72,133,54,37
71,133,54,37
69,132,54,37
68,132,54,37
67,132,54,37
65,132,54,37
64,131,54,37
62,131,54,37
60,131,54,37
59,130,54,37
57,130,54,37
55,129,54,37
54,129,54,37
52,129,54,37
51,129,54,37
50,128,54,37
49,128,54,37
48,127,54,37
47,127,54,37
46,127,54,37
45,126,54,37
44,126,54,37
43,126,54,37
42,126,54,37
41,125,54,37
40,125,54,37
39,125,54,37
37,125,54,37
35,125,54,37
34,125,54,37
32,125,54,37
31,125,54,37
29,125,54,37
28,125,54,37
27,125,54,37
25,124,54,37
24,124,54,37
23,124,54,37
21,124,54,37
20,124,54,37
19,123,54,37
18,123,54,37
16,123,54,37
15,122,54,37
14,122,54,37
12,122,54,37
11,121,54,37
10,121,54,37
9,121,54,37
7,121,54,37
6,121,54,37
5,120,54,37
4,120,54,37
2,120,54,37
1,120,54,37
