NaN,NaN,NaN,-1
153,58,77,96
151,61,77,96
147,64,77,96
145,65,77,96
142,63,77,96
140,59,77,96
139,55,77,96
138,52,77,96
137,51,77,96
134,51,77,96
128,51,77,96
122,54,77,96
116,56,77,96
111,55,77,96
111,53,77,96
112,51,77,96
113,50,77,96
116,52,77,96
119,53,77,96
120,56,77,96
120,59,77,96
120,60,77,96
121,61,77,96
122,62,77,96
123,63,77,96
123,61,77,96
125,57,77,96
128,52,77,96
133,47,77,96
137,43,77,96
141,42,77,96
145,41,77,96
148,41,77,96
151,43,77,96
152,46,77,96
151,47,77,96
150,45,77,96
148,42,77,96
145,40,77,96
141,38,77,96
137,39,77,96
131,44,77,96
125,49,77,96
121,51,77,96
118,51,77,96
115,52,77,96
113,53,77,96
112,52,77,96
111,50,77,96
112,44,77,96
114,40,77,96
117,39,77,96
120,41,77,96
122,45,77,96
124,50,77,96
128,55,77,96
132,58,77,96
135,60,77,96
138,58,77,96
142,53,77,96
146,47,77,96
150,42,77,96
150,39,77,96
152,39,77,96
151,45,77,96
148,50,77,96
146,51,77,96
144,53,77,96
144,54,77,96
141,53,77,96
141,50,77,96
142,46,77,96
142,46,77,96
142,51,77,96
140,55,77,96
139,56,77,96
138,57,77,96
138,58,77,96
137,59,77,96
135,59,77,96
131,56,77,96
127,53,77,96
126,50,77,96
127,49,77,96
125,53,77,96
124,59,77,96
125,62,77,96
127,66,77,96
129,70,77,96
132,70,77,96
134,64,77,96
138,54,77,96
141,48,77,96
146,44,77,96
150,43,77,96
150,45,77,96
152,48,77,96
154,49,77,96
155,50,77,96
156,50,77,96
156,49,77,96
156,49,77,96
156,48,77,96
153,47,77,96
153,46,77,96
152,48,77,96
148,52,77,96
144,55,77,96
141,55,77,96
137,58,77,96
133,60,77,96
129,58,77,96
129,54,77,96
130,51,77,96
131,51,77,96
131,51,77,96
131,51,77,96
130,52,77,96
132,54,77,96
133,56,77,96
134,58,77,96
136,57,77,96
139,54,77,96
141,51,77,96
143,48,77,96
145,46,77,96
149,44,77,96
153,43,77,96
156,43,77,96
157,45,77,96
158,46,77,96
159,46,77,96
160,45,77,96
158,45,77,96
156,43,77,96
156,41,77,96
157,37,77,96
159,35,77,96
158,34,77,96
155,33,77,96
151,33,77,96
149,34,77,96
146,36,77,96
143,38,77,96
139,39,77,96
137,37,77,96
135,33,77,96
133,29,77,96
131,26,77,96
131,25,77,96
129,25,77,96
130,26,77,96
130,28,77,96
130,33,77,96
132,38,77,96
133,40,77,96
134,39,77,96
136,37,77,96
136,34,77,96
135,30,77,96
137,26,77,96
137,23,77,96
137,21,77,96
135,22,77,96
133,23,77,96
131,26,77,96
131,30,77,96
130,34,77,96
130,37,77,96
131,38,77,96
130,36,77,96
131,32,77,96
131,28,77,96
131,24,77,96
130,22,77,96
129,21,77,96
128,21,77,96
129,24,77,96
131,27,77,96
133,28,77,96
133,31,77,96
132,34,77,96
129,36,77,96
126,38,77,96
122,38,77,96
118,36,77,96
117,34,77,96
114,33,77,96
111,31,77,96
108,32,77,96
108,32,77,96
109,33,77,96
110,33,77,96
114,31,77,96
118,27,77,96
122,23,77,96
123,20,77,96
124,15,77,96
129,16,77,96
135,20,77,96
138,24,77,96
143,25,77,96
147,28,77,96
149,27,77,96
152,28,77,96
153,29,77,96
154,31,77,96
157,35,77,96
158,37,77,96
160,39,77,96
162,39,77,96
162,40,77,96
159,40,77,96
154,38,77,96
150,39,77,96
146,39,77,96
142,38,77,96
136,37,77,96
135,36,77,96
133,35,77,96
130,35,77,96
131,36,77,96
133,40,77,96
135,43,77,96
139,45,77,96
144,46,77,96
149,47,77,96
155,47,77,96
160,46,77,96
163,46,77,96
166,45,77,96
169,44,77,96
171,44,77,96
172,47,77,96
169,49,77,96
168,51,77,96
166,54,77,96
165,54,77,96
165,55,77,96
165,54,77,96
165,54,77,96
166,53,77,96
169,52,77,96
172,52,77,96
173,52,77,96
176,54,77,96
176,56,77,96
176,57,77,96
176,57,77,96
175,57,77,96
171,54,77,96
168,50,77,96
166,47,77,96
164,44,77,96
163,40,77,96
161,37,77,96
161,35,77,96
161,36,77,96
161,39,77,96
160,46,77,96
160,53,77,96
163,56,77,96
164,55,77,96
166,52,77,96
169,46,77,96
170,41,77,96
172,38,77,96
172,36,77,96
171,33,77,96
170,33,77,96
169,36,77,96
168,39,77,96
167,42,77,96
167,43,77,96
162,43,77,96
156,41,77,96
151,39,77,96
145,37,77,96
140,31,77,96
132,27,77,96
127,25,77,96
123,25,77,96
121,27,77,96
119,31,77,96
119,37,77,96
118,42,77,96
119,44,77,96
121,43,77,96
127,43,77,96
132,43,77,96
138,40,77,96
146,39,77,96
147,38,77,96
146,37,77,96
142,36,77,96
138,36,77,96
132,36,77,96
126,37,77,96
118,37,77,96
110,36,77,96
104,31,77,96
98,25,77,96
92,19,77,96
87,16,77,96
86,15,77,96
84,16,77,96
84,22,77,96
82,28,77,96
79,33,77,96
76,36,77,96
70,38,77,96
63,37,77,96
57,35,77,96
51,31,77,96
52,27,77,96
52,23,77,96
55,23,77,96
59,24,77,96
64,28,77,96
66,32,77,96
67,34,77,96
72,36,77,96
76,38,77,96
80,39,77,96
85,36,77,96
90,30,77,96
95,22,77,96
104,14,77,96
112,10,77,96
120,11,77,96
125,15,77,96
126,18,77,96
128,21,77,96
129,22,77,96
131,24,77,96
130,24,77,96
129,22,77,96
130,20,77,96
130,18,77,96
129,16,77,96
130,15,77,96
128,18,77,96
128,19,77,96
129,20,77,96
128,21,77,96
129,21,77,96
130,21,77,96
132,20,77,96
134,17,77,96
137,12,77,96
142,9,77,96
145,9,77,96
148,16,77,96
148,23,77,96
146,30,77,96
146,34,77,96
145,36,77,96
141,32,77,96
140,26,77,96
145,21,77,96
150,18,77,96
155,20,77,96
155,23,77,96
154,28,77,96
150,31,77,96
143,34,77,96
137,34,77,96
131,34,77,96
123,29,77,96
119,25,77,96
117,19,77,96
120,17,77,96
121,19,77,96
121,22,77,96
121,24,77,96
121,27,77,96
120,27,77,96
117,29,77,96
114,29,77,96
112,26,77,96
115,23,77,96
118,21,77,96
122,20,77,96
131,24,77,96
136,27,77,96
142,27,77,96
150,25,77,96
154,23,77,96
158,21,77,96
160,20,77,96
162,20,77,96
161,16,77,96
163,13,77,96
163,11,77,96
161,11,77,96
161,13,77,96
163,20,77,96
160,27,77,96
156,32,77,96
151,34,77,96
145,33,77,96
140,29,77,96
139,25,77,96
144,19,77,96
145,18,77,96
146,20,77,96
146,24,77,96
147,28,77,96
148,30,77,96
147,32,77,96
148,35,77,96
149,37,77,96
151,38,77,96
153,34,77,96
152,31,77,96
155,31,77,96
157,35,77,96
156,39,77,96
154,42,77,96
150,45,77,96
146,45,77,96
144,45,77,96
143,44,77,96
140,41,77,96
136,39,77,96
131,37,77,96
128,36,77,96
125,31,77,96
124,24,77,96
122,24,77,96
119,28,77,96
119,30,77,96
119,32,77,96
117,35,77,96
115,37,77,96
115,38,77,96
113,38,77,96
116,37,77,96
123,37,77,96
129,38,77,96
136,38,77,96
141,38,77,96
145,37,77,96
146,39,77,96
145,41,77,96
145,40,77,96
149,37,77,96
147,37,77,96
145,37,77,96
137,35,77,96
131,32,77,96
132,33,77,96
130,36,77,96
127,39,77,96
124,42,77,96
121,42,77,96
125,44,77,96
126,44,77,96
128,44,77,96
128,45,77,96
130,45,77,96
129,44,77,96
129,44,77,96
128,44,77,96
126,45,77,96
122,44,77,96
120,43,77,96
119,42,77,96
114,42,77,96
110,41,77,96
108,41,77,96
105,40,77,96
105,40,77,96
104,39,77,96
104,40,77,96
105,38,77,96
108,37,77,96
110,36,77,96
112,36,77,96
114,36,77,96
115,36,77,96
114,37,77,96
111,37,77,96
111,36,77,96
112,34,77,96
113,33,77,96
114,32,77,96
115,31,77,96
115,30,77,96
118,29,77,96
119,27,77,96
120,26,77,96
115,23,77,96
115,23,77,96
113,24,77,96
109,25,77,96
108,27,77,96
105,25,77,96
108,26,77,96
108,23,77,96
115,22,77,96
118,18,77,96
121,15,77,96
126,16,77,96
130,18,77,96
132,19,77,96
136,20,77,96
139,19,77,96
138,15,77,96
139,12,77,96
142,10,77,96
146,10,77,96
144,14,77,96
143,20,77,96
140,25,77,96
133,28,77,96
125,30,77,96
119,31,77,96
111,28,77,96
111,29,77,96
108,27,77,96
107,22,77,96
110,23,77,96
113,25,77,96
116,25,77,96
120,28,77,96
122,30,77,96
125,33,77,96
130,36,77,96
132,37,77,96
135,34,77,96
136,28,77,96
136,24,77,96
136,23,77,96
137,24,77,96
139,26,77,96
138,26,77,96
138,24,77,96
136,21,77,96
134,17,77,96
133,12,77,96
133,7,77,96
128,2,77,96
127,4,77,96
121,8,77,96
116,11,77,96
114,11,77,96
114,12,77,96
114,12,77,96
113,14,77,96
112,15,77,96
111,15,77,96
113,13,77,96
115,14,77,96
117,17,77,96
119,22,77,96
119,27,77,96
118,30,77,96
119,33,77,96
117,32,77,96
118,25,77,96
121,16,77,96
125,11,77,96
128,14,77,96
130,19,77,96
130,24,77,96
128,26,77,96
127,28,77,96
126,30,77,96
125,31,77,96
126,28,77,96
128,28,77,96
128,29,77,96
123,28,77,96
119,29,77,96
116,30,77,96
112,30,77,96
105,29,77,96
101,28,77,96
96,27,77,96
91,27,77,96
95,26,77,96
96,24,77,96
97,19,77,96
102,19,77,96
104,23,77,96
107,29,77,96
112,34,77,96
118,35,77,96
125,33,77,96
130,29,77,96
134,24,77,96
137,21,77,96
139,18,77,96
141,17,77,96
141,18,77,96
141,18,77,96
140,20,77,96
140,22,77,96
135,24,77,96
132,25,77,96
132,25,77,96
129,26,77,96
129,24,77,96
129,22,77,96
129,22,77,96
128,23,77,96
128,24,77,96
128,24,77,96
131,25,77,96
133,26,77,96
134,26,77,96
133,28,77,96
135,29,77,96
133,32,77,96
128,37,77,96
128,42,77,96
130,45,77,96
129,49,77,96
127,50,77,96
123,49,77,96
123,46,77,96
125,45,77,96
122,42,77,96
124,39,77,96
127,37,77,96
130,38,77,96
134,38,77,96
137,39,77,96
139,39,77,96
141,40,77,96
144,38,77,96
144,34,77,96
143,32,77,96
140,30,77,96
136,28,77,96
131,29,77,96
126,32,77,96
121,35,77,96
116,36,77,96
113,38,77,96
108,39,77,96
103,39,77,96
103,39,77,96
99,36,77,96
100,32,77,96
102,31,77,96
105,32,77,96
107,37,77,96
111,42,77,96
118,47,77,96
122,51,77,96
128,51,77,96
131,49,77,96
138,46,77,96
145,44,77,96
148,45,77,96
151,48,77,96
153,52,77,96
154,54,77,96
151,56,77,96
147,55,77,96
143,53,77,96
141,50,77,96
139,50,77,96
136,50,77,96
134,49,77,96
135,48,77,96
133,48,77,96
132,50,77,96
129,50,77,96
126,50,77,96
125,49,77,96
125,50,77,96
124,49,77,96
124,47,77,96
126,45,77,96
128,44,77,96
131,44,77,96
136,45,77,96
141,48,77,96
145,51,77,96
147,53,77,96
149,55,77,96
151,55,77,96
153,53,77,96
154,51,77,96
154,49,77,96
154,48,77,96
153,48,77,96
154,47,77,96
155,43,77,96
158,40,77,96
161,41,77,96
161,44,77,96
162,47,77,96
165,49,77,96
164,51,77,96
162,51,77,96
160,51,77,96
157,50,77,96
154,49,77,96
149,47,77,96
147,47,77,96
147,49,77,96
146,49,77,96
145,49,77,96
144,47,77,96
140,45,77,96
137,41,77,96
136,37,77,96
136,35,77,96
132,33,77,96
139,32,77,96
142,34,77,96
147,37,77,96
150,40,77,96
151,41,77,96
154,41,77,96
156,41,77,96
155,41,77,96
152,40,77,96
150,38,77,96
150,36,77,96
148,37,77,96
145,39,77,96
144,43,77,96
142,46,77,96
140,47,77,96
134,46,77,96
128,44,77,96
126,42,77,96
123,40,77,96
120,39,77,96
119,38,77,96
116,38,77,96
115,39,77,96
115,41,77,96
117,42,77,96
120,42,77,96
124,42,77,96
129,42,77,96
134,42,77,96
139,41,77,96
141,40,77,96
144,38,77,96
146,39,77,96
148,42,77,96
147,46,77,96
147,49,77,96
145,52,77,96
143,54,77,96
141,55,77,96
139,55,77,96
134,51,77,96
134,47,77,96
129,45,77,96
126,46,77,96
121,49,77,96
119,51,77,96
118,51,77,96
117,49,77,96
114,49,77,96
114,48,77,96
112,48,77,96
109,47,77,96
107,47,77,96
105,46,77,96
102,44,77,96
