NaN,NaN,NaN,-1
151,56,86,98
149,60,86,98
146,63,86,98
143,64,86,98
140,62,86,98
138,59,86,98
137,54,86,98
136,52,86,98
135,51,86,98
132,51,86,98
126,51,86,98
120,54,86,98
113,55,86,98
109,54,86,98
109,53,86,98
109,50,86,98
111,49,86,98
114,51,86,98
116,52,86,98
118,55,86,98
117,58,86,98
117,59,86,98
119,60,86,98
119,61,86,98
120,62,86,98
120,60,86,98
122,56,86,98
125,50,86,98
130,45,86,98
135,42,86,98
138,40,86,98
142,40,86,98
146,40,86,98
148,42,86,98
149,45,86,98
148,45,86,98
147,44,86,98
145,41,86,98
142,39,86,98
138,37,86,98
135,38,86,98
129,43,86,98
123,48,86,98
119,50,86,98
115,50,86,98
113,50,86,98
111,52,86,98
109,52,86,98
109,49,86,98
110,43,86,98
111,40,86,98
114,39,86,98
118,40,86,98
119,44,86,98
122,49,86,98
125,54,86,98
129,57,86,98
132,59,86,98
135,57,86,98
140,52,86,98
144,46,86,98
148,41,86,98
148,38,86,98
150,39,86,98
149,45,86,98
146,49,86,98
144,50,86,98
141,52,86,98
141,53,86,98
138,52,86,98
138,49,86,98
139,45,86,98
139,45,86,98
139,49,86,98
138,54,86,98
136,55,86,98
135,56,86,98
135,57,86,98
134,59,86,98
132,58,86,98
128,55,86,98
124,52,86,98
123,49,86,98
124,48,86,98
122,52,86,98
121,58,86,98
122,61,86,98
124,65,86,98
126,69,86,98
129,69,86,98
131,63,86,98
135,54,86,98
138,48,86,98
143,44,86,98
147,42,86,98
148,44,86,98
149,47,86,98
151,49,86,98
153,49,86,98
153,49,86,98
153,48,86,98
153,48,86,98
153,47,86,98
151,47,86,98
150,45,86,98
149,47,86,98
145,52,86,98
141,54,86,98
138,54,86,98
134,57,86,98
130,60,86,98
126,58,86,98
126,54,86,98
127,51,86,98
128,51,86,98
128,50,86,98
128,51,86,98
127,51,86,98
129,53,86,98
130,56,86,98
131,57,86,98
133,56,86,98
136,53,86,98
138,50,86,98
141,47,86,98
143,45,86,98
147,43,86,98
150,43,86,98
152,43,86,98
153,45,86,98
154,46,86,98
155,46,86,98
156,45,86,98
154,44,86,98
152,43,86,98
151,40,86,98
153,37,86,98
154,35,86,98
153,33,86,98
150,32,86,98
146,32,86,98
144,34,86,98
141,36,86,98
138,38,86,98
135,38,86,98
133,37,86,98
131,33,86,98
128,28,86,98
126,25,86,98
126,24,86,98
124,24,86,98
125,25,86,98
126,28,86,98
126,32,86,98
128,37,86,98
129,39,86,98
130,38,86,98
132,36,86,98
132,33,86,98
131,29,86,98
133,25,86,98
133,22,86,98
133,21,86,98
131,22,86,98
129,23,86,98
128,26,86,98
127,30,86,98
126,33,86,98
126,36,86,98
127,37,86,98
126,36,86,98
127,32,86,98
127,28,86,98
127,24,86,98
126,22,86,98
125,20,86,98
124,21,86,98
126,23,86,98
127,26,86,98
129,28,86,98
129,30,86,98
128,33,86,98
125,35,86,98
122,37,86,98
118,37,86,98
114,35,86,98
113,33,86,98
110,32,86,98
107,31,86,98
104,31,86,98
104,31,86,98
105,32,86,98
106,32,86,98
110,30,86,98
114,26,86,98
118,22,86,98
119,19,86,98
120,14,86,98
125,15,86,98
131,19,86,98
134,23,86,98
138,25,86,98
143,27,86,98
145,26,86,98
148,27,86,98
149,28,86,98
150,31,86,98
153,34,86,98
154,36,86,98
156,38,86,98
157,39,86,98
157,40,86,98
155,39,86,98
149,37,86,98
146,39,86,98
141,38,86,98
137,38,86,98
132,37,86,98
130,36,86,98
128,35,86,98
125,35,86,98
125,36,86,98
127,40,86,98
129,43,86,98
133,45,86,98
138,46,86,98
143,46,86,98
148,46,86,98
153,45,86,98
157,45,86,98
160,44,86,98
163,43,86,98
165,43,86,98
166,46,86,98
163,48,86,98
162,51,86,98
161,53,86,98
160,53,86,98
159,54,86,98
160,54,86,98
160,53,86,98
161,52,86,98
164,51,86,98
166,51,86,98
167,51,86,98
170,53,86,98
170,55,86,98
171,56,86,98
171,57,86,98
170,56,86,98
165,54,86,98
162,49,86,98
161,46,86,98
158,43,86,98
157,40,86,98
155,37,86,98
156,35,86,98
156,35,86,98
156,39,86,98
155,46,86,98
155,52,86,98
157,55,86,98
159,55,86,98
161,51,86,98
163,45,86,98
164,40,86,98
166,37,86,98
166,35,86,98
166,33,86,98
165,32,86,98
164,35,86,98
162,38,86,98
162,41,86,98
161,42,86,98
157,42,86,98
151,40,86,98
145,38,86,98
140,36,86,98
135,31,86,98
126,26,86,98
121,25,86,98
117,24,86,98
116,26,86,98
114,30,86,98
113,36,86,98
113,41,86,98
113,43,86,98
116,42,86,98
122,43,86,98
127,42,86,98
132,40,86,98
140,38,86,98
141,37,86,98
140,36,86,98
137,35,86,98
132,35,86,98
127,35,86,98
120,36,86,98
113,36,86,98
105,35,86,98
99,30,86,98
93,24,86,98
86,18,86,98
81,15,86,98
80,14,86,98
79,15,86,98
78,21,86,98
76,27,86,98
74,32,86,98
70,35,86,98
64,37,86,98
58,36,86,98
51,35,86,98
46,31,86,98
47,27,86,98
47,23,86,98
49,23,86,98
54,23,86,98
59,27,86,98
61,31,86,98
62,34,86,98
67,35,86,98
71,38,86,98
75,38,86,98
80,35,86,98
85,30,86,98
90,21,86,98
98,14,86,98
107,10,86,98
114,10,86,98
119,15,86,98
121,18,86,98
122,20,86,98
124,21,86,98
125,23,86,98
125,23,86,98
123,21,86,98
125,19,86,98
125,17,86,98
124,15,86,98
125,14,86,98
123,17,86,98
123,18,86,98
124,19,86,98
123,20,86,98
124,20,86,98
124,20,86,98
126,19,86,98
128,16,86,98
131,11,86,98
136,8,86,98
140,8,86,98
142,15,86,98
142,22,86,98
140,29,86,98
140,33,86,98
139,35,86,98
136,31,86,98
135,25,86,98
139,20,86,98
145,17,86,98
150,19,86,98
149,22,86,98
149,27,86,98
145,30,86,98
138,33,86,98
132,33,86,98
126,33,86,98
118,28,86,98
113,24,86,98
112,18,86,98
115,16,86,98
116,18,86,98
115,21,86,98
115,23,86,98
116,26,86,98
114,26,86,98
112,28,86,98
109,28,86,98
106,25,86,98
110,22,86,98
113,20,86,98
116,19,86,98
126,23,86,98
131,26,86,98
137,26,86,98
145,24,86,98
149,22,86,98
153,20,86,98
155,19,86,98
156,19,86,98
156,15,86,98
157,12,86,98
158,10,86,98
156,10,86,98
156,12,86,98
158,19,86,98
155,26,86,98
151,31,86,98
146,33,86,98
140,32,86,98
135,28,86,98
134,24,86,98
139,18,86,98
140,17,86,98
141,19,86,98
141,23,86,98
142,27,86,98
142,29,86,98
142,31,86,98
143,34,86,98
143,36,86,98
145,37,86,98
147,33,86,98
146,30,86,98
149,30,86,98
152,34,86,98
151,38,86,98
149,41,86,98
145,44,86,98
141,45,86,98
138,44,86,98
137,43,86,98
134,40,86,98
130,38,86,98
125,36,86,98
123,35,86,98
119,30,86,98
118,23,86,98
116,23,86,98
113,27,86,98
113,29,86,98
113,31,86,98
111,34,86,98
109,36,86,98
109,37,86,98
107,37,86,98
110,36,86,98
116,36,86,98
123,37,86,98
129,37,86,98
135,37,86,98
138,36,86,98
140,38,86,98
138,40,86,98
139,39,86,98
142,37,86,98
140,36,86,98
138,36,86,98
130,34,86,98
124,31,86,98
125,32,86,98
122,35,86,98
119,38,86,98
116,41,86,98
113,41,86,98
118,43,86,98
119,43,86,98
121,43,86,98
121,44,86,98
123,44,86,98
122,43,86,98
122,43,86,98
121,43,86,98
118,44,86,98
114,43,86,98
112,42,86,98
110,41,86,98
105,40,86,98
100,39,86,98
100,40,86,98
97,39,86,98
97,39,86,98
96,38,86,98
96,38,86,98
97,36,86,98
100,35,86,98
102,34,86,98
104,34,86,98
106,34,86,98
107,34,86,98
106,35,86,98
103,35,86,98
103,34,86,98
104,32,86,98
105,32,86,98
106,31,86,98
107,30,86,98
107,29,86,98
110,28,86,98
112,26,86,98
113,25,86,98
107,22,86,98
107,22,86,98
106,23,86,98
101,24,86,98
101,26,86,98
97,25,86,98
100,26,86,98
101,23,86,98
107,22,86,98
109,18,86,98
113,15,86,98
117,16,86,98
122,18,86,98
123,20,86,98
128,21,86,98
130,19,86,98
130,15,86,98
131,12,86,98
134,10,86,98
138,11,86,98
135,14,86,98
135,20,86,98
132,25,86,98
124,28,86,98
117,30,86,98
111,31,86,98
103,28,86,98
103,29,86,98
100,27,86,98
99,23,86,98
102,23,86,98
105,25,86,98
108,26,86,98
112,28,86,98
114,31,86,98
117,34,86,98
121,37,86,98
124,38,86,98
127,35,86,98
128,29,86,98
128,25,86,98
128,24,86,98
129,25,86,98
131,27,86,98
130,27,86,98
130,25,86,98
128,22,86,98
126,18,86,98
125,13,86,98
124,8,86,98
119,3,86,98
118,5,86,98
113,9,86,98
108,11,86,98
105,12,86,98
105,13,86,98
106,13,86,98
105,15,86,98
104,15,86,98
103,15,86,98
105,13,86,98
107,14,86,98
109,18,86,98
111,22,86,98
111,27,86,98
110,30,86,98
111,33,86,98
109,32,86,98
110,26,86,98
113,17,86,98
117,11,86,98
120,14,86,98
122,19,86,98
122,24,86,98
120,26,86,98
119,28,86,98
118,30,86,98
118,31,86,98
118,29,86,98
120,29,86,98
120,29,86,98
115,28,86,98
111,29,86,98
108,30,86,98
104,30,86,98
97,30,86,98
93,28,86,98
88,27,86,98
83,27,86,98
87,26,86,98
88,24,86,98
89,19,86,98
94,19,86,98
97,23,86,98
100,29,86,98
104,34,86,98
110,35,86,98
118,32,86,98
122,29,86,98
126,24,86,98
129,21,86,98
131,18,86,98
133,17,86,98
133,18,86,98
133,18,86,98
132,20,86,98
132,22,86,98
127,24,86,98
124,25,86,98
124,25,86,98
121,26,86,98
121,24,86,98
121,22,86,98
121,22,86,98
120,24,86,98
120,24,86,98
120,25,86,98
123,25,86,98
125,26,86,98
125,27,86,98
125,28,86,98
126,30,86,98
125,32,86,98
120,37,86,98
120,42,86,98
121,45,86,98
121,49,86,98
118,51,86,98
115,49,86,98
115,47,86,98
117,45,86,98
114,43,86,98
116,39,86,98
119,38,86,98
122,38,86,98
126,39,86,98
129,39,86,98
130,40,86,98
133,40,86,98
135,39,86,98
136,34,86,98
135,33,86,98
132,31,86,98
127,28,86,98
123,29,86,98
118,32,86,98
113,35,86,98
108,36,86,98
105,38,86,98
100,39,86,98
95,39,86,98
95,39,86,98
91,37,86,98
92,32,86,98
94,31,86,98
97,33,86,98
99,37,86,98
103,42,86,98
109,47,86,98
114,51,86,98
120,51,86,98
123,49,86,98
129,47,86,98
136,44,86,98
140,45,86,98
143,48,86,98
145,52,86,98
145,55,86,98
143,56,86,98
139,55,86,98
135,53,86,98
133,50,86,98
131,50,86,98
127,50,86,98
126,49,86,98
127,48,86,98
125,49,86,98
123,50,86,98
121,51,86,98
118,50,86,98
117,50,86,98
116,50,86,98
116,50,86,98
116,48,86,98
117,45,86,98
119,44,86,98
122,44,86,98
127,46,86,98
133,48,86,98
136,51,86,98
138,53,86,98
140,55,86,98
142,55,86,98
144,53,86,98
145,51,86,98
145,49,86,98
145,49,86,98
145,48,86,98
146,47,86,98
146,43,86,98
150,40,86,98
153,41,86,98
152,44,86,98
153,47,86,98
156,49,86,98
155,51,86,98
153,51,86,98
151,51,86,98
149,50,86,98
146,49,86,98
141,48,86,98
139,48,86,98
139,49,86,98
138,50,86,98
136,50,86,98
136,48,86,98
132,46,86,98
129,42,86,98
128,38,86,98
128,36,86,98
124,34,86,98
131,33,86,98
134,35,86,98
139,38,86,98
142,41,86,98
143,42,86,98
146,42,86,98
148,42,86,98
147,41,86,98
144,41,86,98
142,39,86,98
142,36,86,98
140,37,86,98
137,40,86,98
136,43,86,98
134,46,86,98
132,48,86,98
126,46,86,98
120,44,86,98
119,42,86,98
116,40,86,98
113,39,86,98
112,38,86,98
109,39,86,98
108,39,86,98
108,42,86,98
110,42,86,98
113,42,86,98
117,42,86,98
122,42,86,98
127,42,86,98
131,41,86,98
133,40,86,98
137,39,86,98
139,39,86,98
140,42,86,98
140,46,86,98
139,49,86,98
137,52,86,98
135,54,86,98
134,55,86,98
131,55,86,98
126,52,86,98
126,48,86,98
122,46,86,98
119,46,86,98
114,50,86,98
111,51,86,98
111,51,86,98
109,49,86,98
107,49,86,98
106,49,86,98
104,48,86,98
102,47,86,98
100,47,86,98
97,47,86,98
94,45,86,98
