NaN,NaN,NaN,-1
127,96,44,57
127,97,44,57
127,97,44,57
126,97,44,57
127,97,44,57
127,97,44,57
126,97,44,57
126,98,44,57
126,99,44,57
125,100,44,57
125,101,44,57
124,101,44,57
123,102,44,57
123,101,44,57
122,101,44,57
121,102,44,57
120,102,44,57
119,102,44,57
119,102,44,57
120,101,44,57
120,100,44,57
121,99,44,57
122,98,44,57
123,97,44,57
125,96,44,57
127,96,44,57
128,95,44,57
130,94,44,57
131,93,44,57
131,92,44,57
131,91,44,57
130,89,44,57
128,88,44,57
125,87,44,57
125,85,44,57
123,85,44,57
123,84,44,57
120,84,44,57
120,85,44,57
119,87,44,57
119,89,44,57
119,92,44,57
118,95,44,57
118,96,44,57
117,98,44,57
119,98,44,57
120,99,44,57
120,99,44,57
121,98,44,57
122,97,44,57
122,96,44,57
123,95,44,57
125,95,44,57
125,95,44,57
124,95,44,57
124,95,44,57
124,95,44,57
124,95,44,57
123,95,44,57
122,95,44,57
122,97,44,57
122,99,44,57
121,101,44,57
121,102,44,57
121,103,44,57
122,104,44,57
123,105,44,57
124,105,44,57
124,105,44,57
124,103,44,57
124,99,44,57
123,97,44,57
123,95,44,57
123,92,44,57
123,89,44,57
123,85,44,57
122,82,44,57
122,80,44,57
121,79,44,57
121,80,44,57
120,81,44,57
120,81,44,57
120,82,44,57
119,84,44,57
118,85,44,57
117,87,44,57
115,89,44,57
114,91,44,57
112,92,44,57
110,93,44,57
109,94,44,57
107,95,44,57
105,97,44,57
104,98,44,57
101,100,44,57
100,102,44,57
99,103,44,57
98,105,44,57
98,106,44,57
98,107,44,57
99,105,44,57
101,104,44,57
103,103,44,57
105,103,44,57
107,103,44,57
111,102,44,57
115,102,44,57
117,102,44,57
120,102,44,57
123,102,44,57
126,101,44,57
128,101,44,57
129,100,44,57
131,99,44,57
132,100,44,57
132,101,44,57
131,103,44,57
130,104,44,57
128,104,44,57
126,105,44,57
123,104,44,57
121,104,44,57
120,103,44,57
118,100,44,57
115,97,44,57
113,95,44,57
111,94,44,57
110,93,44,57
109,93,44,57
107,93,44,57
104,95,44,57
103,97,44,57
101,99,44,57
100,101,44,57
101,102,44,57
102,104,44,57
103,105,44,57
104,106,44,57
106,106,44,57
107,106,44,57
108,106,44,57
108,106,44,57
108,105,44,57
108,104,44,57
107,102,44,57
106,101,44,57
103,100,44,57
100,99,44,57
97,98,44,57
94,98,44,57
91,97,44,57
88,98,44,57
86,99,44,57
85,99,44,57
84,99,44,57
83,98,44,57
83,98,44,57
83,98,44,57
83,99,44,57
83,101,44,57
83,102,44,57
84,102,44,57
84,103,44,57
84,104,44,57
84,106,44,57
84,108,44,57
83,108,44,57
82,108,44,57
82,108,44,57
81,108,44,57
80,107,44,57
79,105,44,57
77,103,44,57
76,102,44,57
75,101,44,57
73,100,44,57
72,99,44,57
71,99,44,57
69,99,44,57
67,99,44,57
65,100,44,57
63,100,44,57
62,100,44,57
60,99,44,57
58,98,44,57
57,98,44,57
55,98,44,57
55,98,44,57
56,98,44,57
57,99,44,57
58,100,44,57
59,101,44,57
60,102,44,57
60,103,44,57
60,103,44,57
60,102,44,57
59,102,44,57
59,101,44,57
57,101,44,57
56,99,44,57
54,99,44,57
53,98,44,57
52,97,44,57
51,96,44,57
49,96,44,57
49,95,44,57
51,94,44,57
52,94,44,57
54,94,44,57
56,93,44,57
58,92,44,57
59,92,44,57
59,91,44,57
60,90,44,57
60,89,44,57
60,89,44,57
58,89,44,57
56,89,44,57
57,87,44,57
57,86,44,57
56,86,44,57
57,85,44,57
57,84,44,57
59,83,44,57
59,83,44,57
58,84,44,57
58,85,44,57
60,87,44,57
NaN,NaN,NaN,-2
NaN,NaN,NaN,0
NaN,NaN,NaN,0
NaN,NaN,NaN,0
NaN,NaN,NaN,0
NaN,NaN,NaN,-1
116,116,39,52
119,118,39,52
119,118,39,52
119,116,39,52
118,114,39,52
114,111,39,52
113,109,39,52
110,106,39,52
108,105,39,52
103,103,39,52
99,102,39,52
94,100,39,52
89,98,39,52
85,96,39,52
80,95,39,52
74,94,39,52
70,93,39,52
70,94,39,52
72,94,39,52
76,95,39,52
79,97,39,52
82,99,39,52
86,100,39,52
90,101,39,52
90,104,39,52
92,108,39,52
94,111,39,52
96,113,39,52
98,116,39,52
100,117,39,52
103,116,39,52
104,116,39,52
107,114,39,52
110,112,39,52
112,109,39,52
113,106,39,52
116,101,39,52
118,97,39,52
120,93,39,52
119,89,39,52
118,87,39,52
117,84,39,52
114,80,39,52
111,77,39,52
108,73,39,52
106,70,39,52
102,67,39,52
99,65,39,52
96,63,39,52
93,61,39,52
91,61,39,52
90,61,39,52
90,62,39,52
88,64,39,52
86,66,39,52
85,68,39,52
85,69,39,52
83,71,39,52
82,72,39,52
80,75,39,52
79,77,39,52
78,80,39,52
79,82,39,52
79,85,39,52
81,86,39,52
83,88,39,52
85,89,39,52
89,90,39,52
