NaN,NaN,NaN,-1
225,92,43,45
225,92,43,45
225,92,44,46
225,92,43,45
225,92,43,45
223,92,44,46
222,92,44,46
221,92,44,46
220,92,44,46
219,91,45,47
218,91,46,48
216,90,47,49
215,90,48,50
214,89,48,50
214,89,49,51
213,88,49,51
213,88,50,52
213,88,50,52
212,88,50,52
212,88,50,52
213,88,50,52
212,88,50,52
NaN,NaN,NaN,-2
NaN,NaN,NaN,0
NaN,NaN,NaN,0
NaN,NaN,NaN,0
NaN,NaN,NaN,0
NaN,NaN,NaN,-1
103,93,55,61
92,97,53,59
80,100,53,58
81,110,39,44
70,112,37,41
61,115,34,38
54,118,34,38
47,122,30,34
45,125,29,32
46,127,29,31
44,128,31,33
41,127,34,37
41,128,32,35
40,128,33,36
40,128,33,37
40,128,33,37
40,128,33,37
NaN,NaN,NaN,-2
NaN,NaN,NaN,0
NaN,NaN,NaN,0
NaN,NaN,NaN,0
NaN,NaN,NaN,0
NaN,NaN,NaN,-1
123,96,58,62
128,92,59,63
125,81,67,71
116,65,86,89
116,65,86,90
116,64,87,91
116,64,87,91
115,63,88,92
115,63,89,92
115,63,89,92
115,63,89,92
115,63,89,92
NaN,NaN,NaN,-2
NaN,NaN,NaN,0
NaN,NaN,NaN,0
NaN,NaN,NaN,0
NaN,NaN,NaN,0
NaN,NaN,NaN,-1
240,52,36,61
242,53,37,61
241,54,38,62
239,56,37,62
235,57,38,63
235,60,37,62
235,64,37,62
235,68,37,62
235,71,37,61
238,75,37,61
238,79,38,61
238,83,39,61
240,88,39,61
242,92,39,61
245,94,38,60
247,98,37,59
249,106,36,58
255,116,33,55
258,123,34,54
260,129,35,54
260,134,36,54
257,140,36,55
253,140,38,58
250,136,38,60
248,136,40,60
244,136,44,62
242,135,40,58
241,134,35,52
237,128,36,55
236,127,36,56
236,127,37,56
235,127,36,56
235,127,36,57
NaN,NaN,NaN,-2
NaN,NaN,NaN,0
NaN,NaN,NaN,0
NaN,NaN,NaN,0
NaN,NaN,NaN,0
NaN,NaN,NaN,-1
130,103,46,77
114,94,61,86
105,88,70,94
103,83,71,95
103,77,70,94
103,70,70,93
103,64,70,93
105,58,68,92
110,53,64,90
114,50,61,88
116,48,58,86
119,47,56,84
122,47,53,83
124,46,53,82
124,46,54,82
125,46,55,81
126,47,55,80
127,47,55,79
129,47,55,78
130,46,56,77
131,46,59,76
133,46,61,75
134,46,63,75
136,48,63,73
137,49,62,71
137,48,64,72
136,46,66,73
135,45,68,75
134,43,71,78
134,43,71,78
134,43,72,78
134,43,72,79
134,42,72,79
134,42,72,79
134,42,72,79
134,42,72,79
134,43,72,79
134,43,72,79
134,43,72,79
133,43,73,80
134,43,72,79
135,43,70,77
134,43,71,77
135,43,70,77
134,43,71,77
134,43,71,77
134,43,71,77
NaN,NaN,NaN,-2
NaN,NaN,NaN,0
NaN,NaN,NaN,0
NaN,NaN,NaN,0
NaN,NaN,NaN,0
NaN,NaN,NaN,-1
83,142,60,69
78,141,64,73
75,140,67,75
72,139,71,78
69,138,74,82
68,138,75,82
67,138,75,81
66,138,74,81
64,138,75,81
63,138,76,82
61,138,78,83
59,137,78,83
59,138,77,82
63,139,71,76
71,140,60,65
79,141,48,53
85,142,35,39
92,142,24,26
96,143,17,19
99,142,14,15
104,141,13,14
NaN,NaN,NaN,-2
NaN,NaN,NaN,0
NaN,NaN,NaN,0
NaN,NaN,NaN,0
NaN,NaN,NaN,0
NaN,NaN,NaN,-1
61,71,63,68
64,68,66,71
67,65,69,74
70,62,72,77
71,61,74,79
71,61,76,81
71,60,77,82
72,63,76,81
72,65,75,80
72,65,76,81
72,64,78,83
71,64,79,84
71,63,82,87
71,63,82,87
71,63,83,88
71,63,84,88
70,64,84,89
70,63,85,89
70,63,85,90
70,62,85,90
70,62,85,90
71,62,85,90
71,62,85,90
71,62,85,90
NaN,NaN,NaN,-2
NaN,NaN,NaN,0
NaN,NaN,NaN,0
NaN,NaN,NaN,0
NaN,NaN,NaN,0
NaN,NaN,NaN,-1
183,107,52,59
183,107,51,58
183,107,51,59
183,107,52,59
183,106,52,60
182,106,53,60
182,106,53,60
182,105,53,60
182,105,53,60
182,105,53,61
182,105,53,61
182,105,53,60
182,105,53,60
182,105,53,60
182,105,53,60
182,105,53,60
182,105,53,60
182,105,53,60
182,105,53,61
182,105,53,61
182,105,53,61
182,105,53,61
182,105,53,61
182,105,53,61
182,105,53,61
