NaN,NaN,NaN,-1
141.09,34.427,19.065,103.34
140.76,33.981,19.868,104.17
140.57,34.118,20.363,103.98
140.77,34.556,20.489,103.11
139.97,34.788,21.1,103.24
139.74,34.523,21.366,102.96
139.71,33.172,20.395,105.83
139.05,32.597,21.582,107.03
139.54,33.956,20.645,106.67
139.82,34.451,20.034,106.61
138.79,34.566,20.992,107.04
138.66,34.484,21.236,106.17
137.59,34.979,23.024,106.43
138,35.56,22.707,104.86
136.98,36.083,22.851,103.16
136.7,36.191,23.542,102.31
136.07,36.297,24.748,101.58
135.92,37.141,23.261,102.75
135.26,35.987,24.089,106.16
134.83,38.032,23.959,101.93
134.27,37.904,24.743,102.43
132.65,37.429,26.847,105.76
132.27,37.188,27.937,105.79
131.92,38.296,26.832,104.32
132.54,42.168,23.074,98.205
132.82,43.44,22.827,96.201
132.33,45.243,21.986,93.036
132.62,44.796,21.914,94.956
132.8,44.867,21.49,95.847
132.23,45.154,21.561,95.77
130.04,43.904,25.022,96.639
129.41,43.908,24.963,97.549
131.81,43.8,19.084,100.28
124.59,43.303,30.944,100.75
123.93,43.9,30.004,101.41
124.08,45.057,29.689,99.635
123.82,46.88,30.185,96.102
122.57,47.981,30.444,95.069
117.23,54.869,44.175,86.034
117.45,58.206,43.678,82.026
118.76,61.476,43.097,79.573
126.7,61.092,14.564,76.215
125.42,60.169,15.089,75.323
126.33,57.458,14.402,75.791
125.25,55.35,14.801,76.341
125.25,52.996,14.624,77.148
124.09,49.475,23.867,88.395
123.4,46.643,26.235,94.263
122.29,44.813,27.691,95.101
122.14,43.18,26.767,95.498
121.79,40.951,26.989,96.662
121.4,38.67,26.872,97.403
121.82,37.254,23.978,99.82
121.04,34.871,23.186,100.67
121.01,32.981,22.429,100.53
120.53,31.39,22.942,104.21
120.02,28.729,24.623,107.97
120.41,27.789,23.469,108.77
120.85,27.061,23.259,109.22
120.12,25.963,23.131,107.26
119.63,25.206,24.634,107.57
119.73,24.635,23.816,106.79
119.95,24.156,23.362,105.81
119.72,23.334,24.463,106.9
120.1,23.437,24.173,105.86
120.17,23.12,24.663,106.33
120.17,23.513,24.803,105.69
119.72,23.881,21.448,104.86
121.05,23.32,20.797,105.57
120.38,22.994,21.152,105.79
120.43,22.304,20.518,107.92
119.83,23.509,19.707,106.42
120.11,24.027,20.746,107.4
119.68,22.878,20.579,110
119.07,22.891,21.596,111.4
118.21,24.462,22.712,111.07
117.76,24.965,22.55,111.32
117.29,26.809,23.558,111.75
116.66,27.205,24.477,112.84
115.54,29.165,24.816,112.31
115.37,31.568,25.249,112
114.67,32.997,25,110.96
113.51,34.493,26.798,111.7
113.91,37.473,25.08,110.74
114.54,39.037,24.892,111.65
113.98,41.362,24.045,111.4
114,43.93,22.557,110.49
112.29,46.309,25.62,111.28
112.05,48.149,24.887,110.93
110.38,50.362,26.023,110.84
110.11,47.78,22.997,125.7
109.74,37.431,26.729,145.91
108.09,39.246,29.208,146.21
107.06,42.335,29.341,146.26
106.15,42.897,29.601,147.91
105.13,45.934,28.645,146.45
104.5,48.033,29.579,146.63
102.71,50.471,31.108,147.78
102.2,52.175,29.997,146.41
100.66,55.354,30.894,146.63
100.5,56.376,30.334,147.75
100.74,58.318,30.409,147.52
100.52,60.847,28.294,145.49
100.24,63.033,27.124,144.73
NaN,NaN,NaN,-2
NaN,NaN,NaN,0
NaN,NaN,NaN,0
NaN,NaN,NaN,0
NaN,NaN,NaN,0
NaN,NaN,NaN,-1
132.31,40.66,49.384,51.859
129.66,39.505,54.698,56.482
127.72,38.565,58.987,60.035
127.77,40.501,58.169,58.558
128.12,41.631,57.496,57.138
129.27,45.107,53.16,52.108
130.77,48.803,46.793,45.331
133.99,52.468,41.79,39.784
134.26,54.795,38.006,35.709
131,52.535,43.018,41.178
128.54,51.012,46.211,44.92
126.25,50.111,47.905,47.155
125.13,49.24,49,48.722
124.01,49.078,48.3,48.646
123.86,49.34,46.315,47.185
124.02,50.809,43.805,45.041
124.55,51.264,40.387,42.085
120.98,45.871,41.148,42.873
119.88,43.815,44.439,46.075
117.68,40.888,48.398,49.521
119.78,37.008,41.916,43.483
112.36,32.727,56.574,56.35
112.82,30.88,57.514,56.517
115.45,30.642,56.744,55.191
120.39,33.803,50.752,48.67
125.08,36.987,42.972,40.433
124.7,35.589,46.001,43.71
123.13,31.89,51.661,49.847
122.77,30.06,56.159,54.988
123.53,29.586,57.224,56.738
123.85,30.833,56.186,56.836
126.73,33.308,52.299,53.584
127.17,33.9,52.549,54.567
133,38.86,44.368,47.016
134,40.492,44.95,47.257
132.93,41.038,48.429,50.002
132.37,42.56,50.105,50.976
132.25,43.832,52.162,52.566
131.58,46.566,51.844,51.511
132.82,50.526,49.33,48.34
134.5,54.448,45.823,44.36
136.07,59.352,40.244,38.215
137.27,63.286,36.555,34.426
133.98,62.357,41.178,39.537
131.1,62.164,44.357,43.279
130.12,63.619,44.26,43.776
129.7,65.996,42.335,42.387
128.81,67.794,41.406,41.813
128.51,69.185,38.55,39.5
129.71,72.615,33.2,34.562
129.6,74.113,29.73,31.494
129.17,73.5,26.962,28.555
125.92,70.255,31.615,32.72
124.71,68.877,34.371,35.179
123.72,67.841,35.274,35.698
124.67,68.407,34.314,34.338
123.99,66.812,35.41,34.972
127.03,68.51,32.931,31.87
128.96,69.323,31.34,29.877
130.93,71.083,28.446,26.633
130.28,69.399,32.517,30.97
129.32,67.858,36.655,35.466
130.63,67.117,38.008,38.14
129.9,65.938,41.78,42.243
132.21,67.861,39.922,40.916
133.95,70.858,36.867,38.358
137.33,74.505,31.781,33.735
136.47,74.908,29.971,31.787
137.62,75.716,33.086,35.027
135.3,75.267,38.733,40.351
133.58,74.67,42.193,43.359
131.4,73.893,45.772,46.759
129.66,73.185,49.016,49.432
128.49,74.241,50.507,50.388
129.74,65.944,49.796,51.041
130.17,65.986,51.494,52.292
127.59,69.624,55.594,55.151
127.31,70.8,56.127,55.211
129.66,71.073,55.398,54.158
131.13,74.116,52.45,51.036
133.19,76.242,50.186,48.593
135.71,77.824,48.167,46.526
136.7,79.198,47.605,45.913
139.47,81.068,46.115,44.415
140.91,83.2,45.56,43.939
142.27,84.265,45.077,43.342
143.53,85.613,44.497,42.764
143.69,85.977,47.416,45.848
143.66,86.393,48.42,46.885
143.87,88.093,48.393,46.914
144.95,89.809,48.532,46.961
144.31,90.271,49.176,47.619
143.62,91.942,50.726,49.164
144.06,93.298,49.249,47.622
145.2,96.96,45.777,44.139
146.16,99.482,44.609,43.013
145.46,100.84,43.852,42.265
145.56,103.09,43.285,41.561
145.2,105.27,42.006,40.203
145.94,108.33,39.582,37.666
145.56,112.01,36.381,34.305
146.64,116.79,32.457,30.389
146.07,119.22,32.242,30.186
145.29,120.64,31.486,29.589
142.44,114.29,42.948,42.01
138.29,114.7,44.809,45.171
134.55,108.55,49.328,49.668
141.22,105.17,43.097,43.058
142.58,103.35,37.95,38.501
140.63,98.681,40.571,41.104
137.59,92.535,44.886,45.444
135.17,88.523,48.989,49.563
135.07,88.351,43.256,42.011
131.29,91.328,44.009,45.106
130.15,87.85,46.081,47.054
129.22,84.28,48.52,49.649
125.99,80.503,52.838,53.967
124.87,77.505,55.873,57.145
123.88,75.405,57.747,59.155
122.55,74.116,59.786,61.215
