NaN,NaN,NaN,-1
141.08,34.411,18.977,103.73
140.91,34.701,19.354,103.22
141.08,34.622,19.038,103.06
141.13,34.58,19.405,102.83
139.97,33.973,20.93,104.09
139.64,34.051,21.488,103.38
140.34,33.952,19.296,104.78
139.89,34.146,19.784,105.12
138.99,34.512,20.541,103.87
138.97,34.863,20.475,103.16
138.76,35.365,20.95,102.6
137.62,35.475,21.363,101.62
137.41,35.472,21.792,100.33
136.97,36.253,22.558,100.31
135.98,37,24.261,101.4
135.99,37.112,24.312,101.85
136.77,37.368,23.27,101.64
136.02,37.206,23.785,101.88
134.42,37.143,25.753,102.54
135.41,37.613,24.066,102.39
134.48,39.328,23.925,100.12
135.84,39.822,21.751,99.008
135.16,39.188,22.228,102.19
132.22,38.597,27.5,104.87
130.71,38.518,28.766,104.29
130.66,39.554,29.139,102.81
130.16,39.681,29.286,104.98
130.14,40.798,29.614,102.57
129.74,42.237,28.669,99.988
130.76,43.909,26.829,96.744
127.6,45.407,30.801,94.795
126.23,46.541,32.036,93.598
126.24,47.958,31.809,90.813
127.18,49.248,26.329,87.958
117.31,51.805,41.889,84.087
116.44,53.483,42.751,80.827
113.23,54.214,47.938,80.101
113.7,56.053,47.079,78.319
112.86,57.552,47.955,74.253
113.52,60.057,44.695,71.549
107.01,60.888,54.986,69.908
132.83,43.594,32.892,101.5
132.96,42.537,33.025,102.8
132.97,42.901,33.226,101.49
140.83,41.45,19.958,105.4
134.89,40.199,24.768,103.81
139.14,39.531,18.662,100.04
136.4,37.605,26.091,93.612
138.22,40.609,20.103,88.745
138.55,38.058,20.575,89.982
138.99,35.464,18.925,91.764
138.77,33.348,20.699,93.441
136.78,32.061,24.212,95.236
137.32,29.72,23.98,97.639
137.01,27.529,25.769,98.17
135.64,26.456,26.546,98.321
135.56,24.787,26.708,97.817
135.54,24.098,26.88,97.555
135.97,23.34,26,96.91
134.56,22.165,29.541,97.541
134.27,21.484,29.269,97.261
134.05,20.689,29.776,96.872
134.18,19.071,30.527,98.036
134.69,19.565,29.511,96.977
134.03,18.841,28.702,96.643
134.82,18.48,27.378,97.22
135.09,18.937,27.292,96.585
135.48,18.72,26.899,97.146
135.39,19.111,27.098,95.77
134.83,18.968,27.842,96.14
134.98,20.218,27.365,94.742
135.78,21.388,24.828,91.58
136.88,22.849,23.09,90.497
135.99,23.169,22.822,88.982
136.56,24.79,20.902,87.358
136.82,26.216,19.539,86.434
136.4,27.194,18.874,89.32
136.67,28.257,17.763,89.735
136,29.38,16.248,88.835
134.39,31.359,17.317,89.046
135.23,28.822,17.796,96.354
128.84,28.855,25.629,92.662
127.8,30.007,27.574,93.444
127.16,32.474,27.824,91.898
127.48,35.674,25.556,91.63
126.24,36.929,25.865,93.015
125.63,38.951,25.24,92.231
124,37.393,28.549,98.372
125.81,35.674,24.482,100.52
126.49,38.448,23.189,99.14
125.02,40.718,24.25,99.506
125.52,43.483,23.309,98.975
124.44,45.332,23.343,99.554
123.57,47.782,23.186,100.34
122.26,49.478,24.065,100.86
122.73,51.127,23.442,101.32
121.54,54.039,22.772,100.26
122.79,55.483,20.753,101.67
121.64,58.002,21.443,100.11
121.42,58.647,20.591,102.68
121.4,59.883,19.278,103.71
120.47,62.517,20.18,102.66
119.29,65.721,20.533,101.07
117.69,66.243,21.779,102.24
116.9,68.762,21.471,101.13
115.74,70.902,21.997,100.73
115.53,71.511,20.762,101.02
114.29,72.709,21.591,100.95
NaN,NaN,NaN,-2
NaN,NaN,NaN,0
NaN,NaN,NaN,0
NaN,NaN,NaN,0
NaN,NaN,NaN,0
NaN,NaN,NaN,-1
128.73,45.777,62.251,41.986
127.4,42.979,65.008,49.633
126.98,41.335,65.208,55.562
128.21,41.075,62.398,59.719
128.01,40.345,60.796,62.764
129.85,40.992,56.387,64.787
131.32,42.68,50.035,64.494
134.04,44.583,42.51,62.184
137.3,47.891,32.046,56.637
130.31,45.484,42.47,62.375
123.59,45.156,50.712,63.988
118.25,43.728,58.309,65.86
112.89,43.63,64.332,64.718
110.04,44.639,66.608,61.98
108.09,45.316,68.419,59.253
107.33,46.485,68.686,55.185
107.15,48.329,67.351,51.546
107.3,48.788,59.587,39.096
107.27,38.515,61.935,50.256
104.73,39.887,65.048,51.745
105.36,35.812,67.893,58.33
102.93,28.495,70.402,68.123
105.61,25.092,67.638,71.909
109.27,24.488,61.847,72.449
115.64,24.271,53.517,69.714
120.7,24.093,44.078,67.831
125.16,24.789,38.138,64.351
122.64,23.151,46.875,67.744
120.99,23.086,53.539,69.474
119.63,24.01,59.723,68.06
125.48,35.021,63.427,51.312
129.07,42.961,58.503,39.495
134.84,50.878,51.173,30.941
135.64,52.3,49.786,31.393
135.51,51.771,50.892,37.457
131.44,49.746,54.638,45.554
131.68,49.825,52.781,50.639
133.9,51.281,48.99,51.945
135.56,54.196,44.175,51.566
137.75,57.062,37.748,50.47
139.78,59.512,30.955,48.299
140.81,62.396,26.405,45.599
135.03,63.5,34.445,48.847
130.81,63.569,39.884,50.004
127.05,64.638,44.64,49.497
123.36,65.798,48.587,48.96
121,67.836,49.81,46.025
118.06,69.951,52.32,43.487
117.21,72.826,51.243,37.466
117.75,75.85,48.035,30.591
117.17,76.123,46.26,27.907
115.45,70.895,49.937,36.957
113.86,67.769,51.616,41.667
113.56,64.015,52.305,47.303
114.74,61.963,49.84,49.767
116.86,60.131,47.328,51.776
120.33,59.372,42.349,51.812
125.26,59.977,35.237,50.381
130.64,61.439,27.184,47.157
128.37,59.033,34.885,51.937
125.42,57.482,43.744,56.454
123.58,56.432,49.897,58.574
121.33,52.859,54.531,62.905
118.83,51.435,61.684,64.782
120.3,64.887,65.944,52.25
122.96,63.419,68.143,52.592
124.15,67.39,68.065,46.377
124.77,74.186,69.294,40.684
121.43,72.168,73.267,48.632
119.87,69.653,76.756,56.379
123.57,68.658,76.317,61.111
125.83,70.797,68.537,50.315
129.22,71.499,63.047,45.126
131.84,72.761,60.125,45.703
131.9,71.772,59.395,47.205
134.41,73.277,55.106,45.277
134.13,72.854,56.465,48.152
134.14,72.939,58.169,50.014
134.58,72.186,58.896,52.978
137.56,76.419,56.164,55.793
139.25,76.962,55.932,55.789
139.79,78.611,55.288,56.857
140.33,79.499,55.435,56.529
140.5,80.441,57.25,58.619
141.23,81.733,57.34,59.874
141.37,82.829,57.9,59.868
143.96,86.135,54.051,57.097
144.05,87.598,53.71,56.936
144.99,89.507,51.882,54.705
145.66,91.691,51.079,54.207
145.32,93.207,50.494,54.544
144.3,94.325,51.461,55.417
144.3,95.347,50.467,56.133
144.5,97.946,48.227,54.229
144.47,99.432,47.104,55.014
144.28,101.53,45.441,54.363
143.9,103.87,44.829,53.957
143.69,106.4,42.2,52.918
142.54,108.55,43.081,53.951
143.81,111.68,40.136,51.75
136.78,109.63,53.479,48.814
141.42,113.44,53.264,33.275
141.14,122.05,51.792,34.535
138.99,119.51,53.933,37.239
136.96,116.13,56.821,38.6
136.48,117.05,59.904,39.512
135.23,113.23,61.785,40.968
144.3,116.01,60.723,37.672
139,110.65,67.562,49.471
142.42,122.93,65.584,40.811
141.96,120.45,65.399,41.898
142.46,125.12,62.24,39.025
139.62,130.76,60.382,44.28
139.57,129.56,60.457,45.044
140.22,128.07,59.225,45.334
133.63,132.49,52.887,33.57
