NaN,NaN,NaN,-1
79,94,42,50
85,96,40,50
91,96,43,51
95,97,36,51
103,99,35,50
111,100,33,50
118,99,31,50
123,99,31,50
130,101,31,46
137,99,30,47
142,98,29,50
149,100,28,50
155,102,29,50
162,103,29,50
167,104,34,49
173,103,33,49
179,102,41,50
185,102,34,49
189,102,30,50
195,102,40,50
198,103,34,50
202,103,31,50
201,102,31,51
200,102,30,50
194,101,35,50
195,100,31,50
191,100,30,50
185,99,30,50
178,99,30,50
170,99,30,50
158,101,33,50
151,102,37,50
139,103,31,50
128,105,31,50
119,105,31,50
112,104,31,50
108,102,31,50
107,101,29,50
106,101,29,50
101,102,34,50
101,103,36,50
106,104,35,48
113,103,33,51
119,102,33,50
124,103,35,48
130,105,37,48
136,105,40,48
151,105,35,47
162,105,35,47
176,106,30,45
184,106,32,45
195,106,29,45
201,107,30,43
205,108,30,43
205,108,28,44
200,109,29,43
194,109,33,43
183,109,30,43
170,108,32,43
159,106,29,43
143,105,30,42
129,105,31,47
118,103,30,50
106,109,33,44
91,109,40,46
92,112,32,45
84,116,36,44
84,116,32,44
80,117,34,45
71,117,40,45
71,116,40,45
71,117,40,44
71,116,38,45
70,119,41,43
70,120,50,43
73,119,50,43
84,118,38,44
93,116,37,43
109,113,32,43
121,107,29,45
129,104,39,48
152,103,31,41
169,101,30,42
183,104,35,43
196,104,35,47
203,108,36,48
208,111,35,48
209,111,33,49
207,111,34,49
203,111,37,48
200,110,37,49
197,109,37,51
196,111,34,48
188,114,33,46
181,118,37,46
173,119,42,46
160,115,37,47
147,107,36,47
130,100,37,47
113,101,33,48
92,104,38,50
75,112,39,49
67,116,36,47
54,117,48,47
53,119,40,44
46,117,41,46
42,119,39,45
34,119,42,47
26,122,39,46
17,119,39,47
6,111,43,48
6,102,35,48
6,101,31,47
6,107,30,48
6,122,37,48
6,135,48,47
16,142,39,46
21,141,42,48
31,141,45,50
35,143,48,45
40,140,38,47
44,138,38,47
48,137,36,45
51,134,37,47
50,135,41,46
55,134,42,48
62,134,42,47
73,131,47,48
81,128,48,49
90,119,43,46
98,110,38,46
104,102,37,46
107,99,40,45
106,98,39,46
104,100,36,49
99,103,36,46
93,104,44,47
87,105,42,47
81,105,38,47
75,104,39,47
71,103,39,47
69,102,38,46
69,101,39,46
71,99,42,48
74,99,39,47
77,99,39,48
82,101,38,48
86,103,41,48
97,104,38,48
106,105,38,48
115,103,37,47
123,101,35,47
129,100,35,48
134,99,36,48
136,99,38,50
136,102,37,48
134,101,35,50
130,102,36,49
126,104,35,47
122,103,35,48
118,103,35,47
116,100,36,48
114,97,38,51
119,98,37,50
122,98,38,51
131,98,35,50
138,99,43,50
147,97,34,51
154,96,33,51
161,95,33,51
166,95,33,51
