NaN,NaN,NaN,-1
79,94,47,50
85,95,40,50
89,96,45,51
95,99,37,50
103,101,35,48
110,102,37,48
116,101,37,50
126,102,30,47
130,99,34,49
138,99,29,50
142,100,30,50
149,102,29,50
155,104,30,50
161,105,31,50
167,105,34,48
173,105,31,47
179,104,33,48
185,103,34,48
190,103,34,49
195,103,40,49
199,104,33,49
202,104,31,49
202,104,29,49
201,103,31,49
194,102,35,49
194,101,33,50
189,101,34,49
183,101,35,49
176,100,32,50
171,100,31,50
162,103,29,49
148,104,40,49
139,106,34,48
129,107,32,49
118,108,33,48
113,106,30,49
108,105,32,49
105,104,31,49
104,104,33,49
107,105,32,49
101,107,41,49
107,107,39,51
113,107,39,50
118,107,44,49
124,106,41,50
131,107,42,50
139,108,42,49
156,108,35,49
160,108,43,49
172,109,39,48
184,108,38,50
191,110,37,48
201,111,31,48
204,112,31,48
205,114,30,47
201,114,31,48
192,115,33,47
184,114,30,48
173,113,38,47
160,112,28,47
145,111,30,47
131,111,30,47
119,112,30,48
110,114,29,48
102,115,29,49
95,118,29,48
86,120,34,48
85,122,31,48
84,122,30,48
73,121,38,49
73,121,37,49
72,122,37,48
72,122,37,48
72,123,38,48
72,124,48,48
76,124,47,48
87,122,37,49
93,120,37,49
110,117,31,49
120,113,33,48
135,110,33,47
152,107,31,47
169,107,31,48
184,109,39,48
196,113,45,49
202,118,38,48
206,121,38,48
207,122,36,48
206,123,35,48
203,123,36,47
200,122,38,48
197,122,35,47
195,124,33,47
190,126,34,48
183,130,33,47
174,132,41,47
162,128,33,48
148,121,31,48
133,114,29,48
113,113,31,50
95,119,31,50
78,125,36,51
72,128,31,51
62,128,33,51
56,128,33,51
44,128,38,50
43,128,32,51
34,130,34,51
23,132,37,51
19,130,32,51
6,123,37,51
6,114,29,50
6,112,24,50
6,119,23,50
6,133,37,50
6,146,37,50
15,152,38,50
21,153,42,50
30,152,46,51
31,152,43,50
36,151,49,50
39,149,49,50
47,147,46,49
50,146,38,49
49,146,43,50
54,146,44,50
61,145,43,51
68,144,51,51
79,140,47,49
85,131,46,49
94,122,50,49
101,114,46,49
107,110,41,48
105,109,40,48
101,111,42,49
97,114,48,49
91,116,46,49
85,116,44,51
78,117,41,51
77,116,37,51
73,115,36,50
69,113,38,51
72,112,37,51
73,111,40,51
73,111,39,51
78,112,37,51
83,113,40,51
86,116,46,51
98,117,46,51
107,118,35,50
111,116,40,50
124,114,36,50
130,113,36,49
132,113,35,49
133,114,35,48
133,112,35,49
132,112,33,49
128,113,34,49
126,114,31,50
122,114,30,49
118,112,32,49
117,109,31,49
118,109,29,48
121,109,33,49
126,110,40,49
132,111,38,48
139,111,44,48
148,110,32,48
155,109,32,48
162,108,32,49
166,108,31,49
