NaN,NaN,NaN,-1
151.93,57.154,78.13,96.99
151.05,61.973,76.409,95.156
147.2,65.257,75.738,94.079
144.22,67.395,75.432,93.23
141.67,66.46,74.193,91.953
140.39,62.768,74.596,91.929
138.94,58.716,73.374,90.74
137.54,55.238,74.277,91.234
136.22,54.447,75.852,92.488
131.93,53.534,78.592,95.079
125.55,52.995,79.335,95.657
119.97,55.207,79.856,96.188
113.19,56.86,81.163,97.352
108.13,56.126,83.13,98.871
109.92,55.187,76.089,94.033
110.58,52.061,77.957,95.672
112.18,51.969,78.572,95.964
115.06,53.246,78.714,96.183
116.06,53.017,80.768,97.707
118.77,57.589,79.046,96.317
119.17,60.402,77.955,95.471
119.36,61.565,77.981,95.329
121.04,62.953,77.044,94.743
121.45,63.966,76.54,94.309
123.36,66.004,75.096,93.369
123.56,64.138,75.155,93.58
124.95,59.58,75.655,94.021
128.33,54.599,74.853,93.065
133.19,49.209,75.475,93.627
136.91,46.068,75.943,93.955
140.26,44.676,76.315,94.195
143.68,43.202,77.893,95.501
146.7,43.077,78.96,96.036
150.38,47.016,77.444,94.506
151.93,49.516,76.592,93.626
151.91,50.689,75.749,92.907
152.21,51.065,72.595,90.02
150.41,48.349,72.484,89.97
146.63,44.378,73.366,91.175
142.78,43.016,74.086,91.896
136.26,41.143,79.305,96.91
128.35,44.492,81.856,99.192
121.88,48.67,82.228,99.564
118.53,51.312,81.755,99.374
114.47,51.762,81.562,99.373
110.94,49.99,83.579,101.18
110.04,51.456,82.787,100.7
108.59,51.767,82.338,100.33
108.36,50.3,81.52,99.786
108.59,44.288,82.174,100.44
110.02,40.263,82.553,100.91
112.77,37.93,84.177,101.95
115.9,40.847,84.261,101.75
117.81,44.453,84.702,101.96
120.3,49.784,84.696,101.95
123.92,54.247,84.293,101.79
127.68,58.771,83.314,100.81
133.09,59.762,77.226,95.811
135.57,56.523,79.464,98.19
140.03,52.385,78.511,97.761
143.75,46.011,79.227,98.686
147.02,40.312,80.221,99.987
146.5,37.768,81.174,101.17
147.62,36.587,82.389,102.12
146.77,41.956,83.49,103.01
143.4,47.082,83.076,102.62
142.42,48.794,80.921,100.73
139.99,50.507,81.474,101.14
140.15,51.415,80.847,100.61
136.97,49.75,82.682,102.1
137.07,46.904,81.579,100.91
137.95,43.349,83.043,101.98
138.4,43.915,81.604,100.66
139.15,48.999,80.854,99.835
137.36,54.121,80.723,99.373
135.18,54.908,81.275,99.629
133.86,54.964,83.14,100.97
133,55.377,83.844,101.77
132.17,56.866,83.647,101.66
130.69,57.317,83.03,101.32
127.2,54.243,82.23,100.68
122.82,50.79,83.125,101.4
121.95,47.879,82.329,100.66
123.51,47.709,81.785,99.909
121.98,51.592,81.665,99.711
125.48,59.86,75.208,92.102
125.74,64.022,74.893,91.508
127.34,67.527,74.412,91.267
130.01,70.87,75.526,92.284
132.74,70.24,75.969,92.715
132.3,63.726,79.453,95.789
135.48,54.518,80.223,96.682
137.25,46.907,83.06,99.462
141.31,42.445,85.441,101.71
144.85,41.272,84.212,100.53
146.04,43.996,83.372,99.771
148.23,46.766,82.545,99.19
150.42,49.197,82.252,98.487
154.15,50.393,79.532,96.263
155.54,51.493,78.69,95.093
154.71,50.512,79.291,95.3
155.53,51.109,77.914,93.852
155.46,50.468,76.815,92.711
153.47,50.845,76.71,92.159
152.28,49.141,77.099,92.164
151.7,51.276,75.945,91.325
148.87,57.397,72.961,88.875
146.44,60.312,71.286,87.243
143.21,60.225,72.2,88.012
139.85,62.622,72.698,88.272
134.13,64.51,74.162,89.461
130.67,63.043,73.501,89.066
130.86,58.769,73.578,89.262
132.05,55.766,73.48,89.091
133.04,55.818,73.336,88.767
132.48,54.65,74.98,90.396
132.22,54.875,75.812,91.239
131.69,54.82,75.15,90.781
133.77,59.39,71.132,87.693
136.14,61.839,69.863,86.827
136.45,62.902,71.251,88.361
136.39,60.149,74.094,91.042
138.93,55.761,76.171,93.232
138.74,50.94,80.245,96.82
139.58,47.159,82.996,99.216
142.84,44.115,84.337,100.84
145.54,41.486,86.346,102.49
149.47,40.786,86.445,102.87
150.9,40.369,87.078,103.74
149.78,44.019,96.51,108.83
151.19,45.35,96.436,108.66
151.66,44.652,96.712,108.77
152.1,43.916,96.416,108.28
155.51,46.083,83.355,100.45
153.73,44.46,83.292,99.823
153.42,43.096,81.563,97.999
154.55,38.901,82.385,98.258
155.72,35.951,83.102,98.345
153.64,33.774,84.634,99.433
151.04,34.219,85.67,100
146.62,33.713,86.634,100.51
145.14,34.357,86.371,100.49
129.13,28.365,92.605,109.77
125.39,30.123,93.597,110.3
123.61,32.505,91.959,108.42
122.91,32.849,89.444,105.93
121.63,29.606,88.389,104.89
112.4,30.155,104.57,119.3
111.98,27.984,102.98,117.61
113.88,28.122,100.44,115.32
118.61,23.354,87.115,103.15
120.54,23.934,86.091,102.94
121.89,26.498,84.88,101.88
122.19,31.311,83.513,101.16
128.82,34.804,83.073,99.874
127.9,35.412,86.428,104.68
134.69,36.939,84.947,104.53
136.23,33.344,86.385,106.67
135.02,28.34,88.719,109.44
133.46,24.462,89.845,110.95
133.96,19.79,92.082,113.65
135.1,16.053,92.98,114.89
134.2,14.096,94.03,115.89
131.12,13.961,96.122,117.46
129.55,15.859,95.494,116.7
127.51,18.22,96.346,117.26
126.69,22.437,96.378,117.07
126.8,27.411,94.023,114.6
126.25,30.214,94.914,114.6
128.09,32.706,93.16,112.76
128.09,31.937,90.946,110.38
128.84,28.673,89.644,108.85
130.03,24.68,89.946,109.33
129.44,21.331,89.067,108.33
128.74,20.249,87.257,106.16
131.51,20.967,82.952,102.71
124.86,21.669,87.781,104.89
127.14,25.363,85.501,102.51
128.14,28.468,85.183,101.76
130.29,30.573,84.937,101.49
130.74,32.65,84.012,100.36
130.1,35.984,83.516,99.802
125.81,37.89,84.98,100.84
123.09,39.213,85.501,100.93
119.43,40.494,85.015,100.35
115.23,38.586,85.115,100.17
112.92,36.573,85.551,100.38
110.75,34.701,85.63,100.2
107.46,33.498,87.112,100.93
104.25,33.552,87.468,101.05
104.19,33.861,86.885,100.37
104.68,34.671,87.658,100.96
105.6,34.006,89.077,102.09
116.74,37.952,70.267,87.33
120.84,32.48,72.093,89.131
124.64,28.142,71.845,88.824
124.24,25.012,74.724,91.419
123.99,18.817,76.513,92.944
129.79,19.571,76.121,92.736
136.92,24.788,73.802,90.654
139.34,29.198,72.959,89.589
144.34,30.562,73.739,90.314
148.42,32.837,73.904,90.546
150.35,32.17,74.108,90.689
152.61,32.602,74.607,91.278
154.2,33.469,74.221,90.96
155.86,36.292,73.893,90.683
157.97,39.791,75.212,91.757
158.62,40.773,76.73,93.27
145.36,37.188,96.645,111.43
144.26,36.093,100.27,114.85
143.14,36.206,101.98,116.44
139.25,34.403,105.83,119.96
133.61,31.327,107.75,121.65
129.61,32.55,108.56,122.42
126.21,32.11,107.09,121.39
122.81,33.04,104.96,119.54
118.91,32.591,101.81,117.57
116.99,31.749,102.73,118.65
114.43,30.251,103.33,119.87
109.39,28.325,107.19,123.42
114.38,36.75,108.89,123
115.77,39.991,110.61,124.64
115.96,42.499,113.33,127.08
114.45,34.076,117.97,132.4
120.95,36.075,115.54,134.84
124.88,35.895,117.05,136.14
126.96,49.228,117.29,132.85
129.31,46.524,121.52,136.87
124.34,32.435,130.08,144.41
151.81,38.272,92.092,111.93
155.36,37.912,90.671,110.24
158.32,39.025,88.648,107.7
159.21,42.627,86.417,105.01
156.21,44.686,96.149,113.22
155.13,47.152,94.638,111.87
153.89,50.139,92.878,109.59
158.16,51.185,83.504,102.81
156.99,51.665,83.799,102.68
157.5,51.192,81.271,99.75
158.7,51.767,79.977,98.611
160.13,50.839,79.314,97.767
163.71,50.321,79.554,98.03
165.6,50.175,79.056,97.635
165.33,48.706,81.915,100.04
166.76,49.585,83.65,101.67
165.82,51.327,85.322,103.05
166.37,52.142,85.722,103.85
166.15,51.499,87.089,105.23
165.39,52.011,86.661,105.47
160.92,48.33,87.914,106.88
157.49,43.416,88.948,108.56
156.11,40.831,88.192,108.19
153.45,36.479,89.265,109.51
153.15,34.05,88.074,108.42
153.29,32.549,85.261,106.04
152.48,30.196,85.833,106.51
153,30.142,85.663,106.36
153.27,34.131,85.941,106.55
153.07,41.666,84.733,105.48
152.89,47.853,85.497,106.3
155.38,50.961,85.519,106.52
156.73,49.628,86.057,107.04
159.4,47.172,85.216,105.95
161.57,40.617,86.402,107.1
163.04,36.175,85.958,106.83
164.78,32.371,86.216,107.21
164.56,30.484,86.51,107.01
163.89,27.842,86.929,107.58
163.28,28.091,85.974,106.59
161.54,30.926,86.392,106.91
161.26,34.669,84.971,105.51
160.66,37.721,84.395,105.07
159.57,34.714,92.068,110.22
159.46,36.338,83.989,103.37
141.39,31.787,102.51,117.98
134.02,29.158,103.65,118.83
137.24,29.561,92.281,111.51
131.51,24.583,94.003,113.24
123.07,20.588,92.997,111.84
117.82,18.512,94.364,112.73
114.57,18.708,93.17,111.46
113.32,20.354,93.317,111.46
110.25,24.715,94.779,112.56
110.8,30.365,94.556,112.6
110.47,35.819,93.691,111.68
110.34,37.111,95.153,112.83
112.92,36.274,95.939,113.47
118.98,37.714,94.742,112.42
124.51,36.313,94.647,112.45
130.19,36.033,93.023,113.08
138.45,33.714,92.805,113.06
139.35,32.488,92.371,112.71
139.63,33.606,90.809,111.75
137.91,32.491,87.403,108.88
133.35,31.786,88.418,110.08
126.91,31.791,91.037,112.69
120.21,31.594,93.266,114.61
110.59,31.461,96.946,117.7
101.7,28.522,100.79,121.17
93.634,23.823,103.56,123.72
86.204,17.955,106.68,126.31
79.138,11.627,107.67,126.92
74.146,7.7459,107.46,126.52
73.608,8.2111,106.72,125.62
73.519,9.7863,104.59,123.89
73.324,16.452,103.98,123.46
72.288,24.225,102.47,121.87
70.608,29.625,102.19,121.5
66.856,33.523,101.66,121
60.538,35.667,101.87,120.94
54.975,34.881,100.96,120.02
49.554,34.138,99.404,118.37
43.666,30.318,99.145,117.69
44.587,26.068,99.702,118.22
44.798,22.338,99.204,117.34
47.111,23.001,98.225,116.21
52.68,24.424,96.273,114.12
57.464,28.654,85.221,105.14
59.76,32.941,84.589,104.17
60.312,35.926,84.379,103.41
64.496,38.059,83.72,102.31
69.939,41.322,81.628,100.37
75.743,42.206,80.064,99.038
83.301,40.196,82.825,102.88
87.234,35.299,84.472,104.51
91.009,24.486,89.054,108.87
98.849,17.099,89.725,109.25
107.69,12.39,90.863,110.65
113.92,11.954,94.105,113.61
119.54,16.029,93.527,113.3
121.58,20.746,92.044,112.02
124.71,23.458,90.09,110.58
125.66,23.994,91.304,111.91
127.66,24.903,92.043,112.84
126.39,25.217,93.06,114.32
125.02,23.327,92.95,114.8
126.85,21.368,92.107,114.15
127.33,20.103,91.41,113.62
125.83,17.842,91.424,113.53
126.93,17.116,92.317,114.02
125.38,19.866,92.016,113.03
125.21,21.403,91.557,112.69
126.75,24.003,90.037,111.62
126.24,24.793,88.61,110.46
125.51,23.853,90.994,112.32
124.83,23.586,93.265,114.34
127.83,23.26,91.207,112.4
129.7,19.586,91.144,112.08
133.33,15.518,89.993,110.74
139.71,13.906,88.608,108.99
142.86,14.12,88.339,108.39
145.27,19.779,87.564,107.32
144.75,27.425,89.006,108.17
142.27,33.602,90.92,109.56
142.61,37.827,90.91,109.37
141.18,40.153,91.675,109.75
138.62,36.883,89.972,107.85
138.38,32.368,87.177,105.23
142.44,27.425,87.313,105.14
148.6,24.515,86.096,103.81
154.04,27.305,84.097,101.67
154.74,30.612,82.569,99.538
154.87,35.84,81.815,98.154
151.06,39.724,80.188,96.066
144.09,41.786,79.98,95.422
138.11,41.395,80.077,95.332
130.32,38.661,81.363,98.418
121.02,33.398,82.115,98.497
116.96,29.586,80.742,97.042
116.88,24.63,79.459,96.327
119.86,22.726,77.622,94.769
121.22,25.914,78.051,95.101
120.22,27.569,78.425,95.34
120.44,30.819,78.953,95.876
120.15,33.092,79.037,95.808
118.65,34.021,79.653,96.244
116.32,35.402,78.965,95.577
113.94,36.272,78.022,94.63
111.76,33.093,78.275,94.749
114.89,30.188,78.726,95.242
117.96,27.412,78.554,94.824
120.84,26.385,80.055,96.455
131.5,31.336,79.149,95.664
135.63,34.632,78.82,95.116
142.15,35.059,78.107,94.372
149.32,31.719,80.488,96.638
154.7,30.035,79.94,96.388
157.79,28.165,81.01,96.922
158.88,27.081,82.062,97.305
160.82,26.708,81.934,96.574
160.73,23.055,81.836,96.01
161.9,20.527,81.469,95.332
162.83,19.675,79.981,93.624
162.33,20.016,78.607,91.808
162.47,22.509,78.36,91.198
165.99,29.903,77.272,89.963
163.41,37.618,76.313,88.625
159.26,42.148,73.373,87.834
156.37,44.916,71.099,86.211
150.19,44.889,70.454,85.884
144.9,41.726,69.867,85.367
144.78,37.563,69.398,85.36
148.48,31.589,70.801,87.169
149.68,30.173,71.258,87.763
151.3,31.956,70.726,87.473
150.32,36.571,70.361,86.501
151.47,40.457,70.324,86.131
153.15,43.927,69.111,84.722
141.93,28.907,91.725,101.87
144.24,32.47,90.091,100.25
146.72,35.589,87.138,97.698
151.51,37.312,83.375,94.33
154.72,35.104,80.378,91.812
154.68,32.218,78.749,90.11
158.44,32.753,78.163,88.982
162.13,38.136,75.674,86.695
161.28,43.196,74.698,85.137
159.79,47.569,72.467,83.016
156.69,50.584,70.876,81.471
153.37,52.055,69.901,80.373
152.24,52.101,68.184,78.663
151.98,51.255,66.708,77.45
149.31,49.639,65.95,76.832
145.81,46.832,65.622,76.395
139.85,44.068,66.786,77.275
136.71,43.048,67.385,77.534
132.95,38.462,67.531,77.662
130.72,30.234,69.208,79.321
129.03,29.935,69.532,79.77
126.21,34.145,69.241,79.412
127.1,37.677,67.77,78.163
136.97,44.168,57.795,71.823
134.91,47.715,57.606,71.514
132.69,50.658,58.255,71.837
131.89,50.466,59.437,72.653
129.49,49.67,61.3,74.163
132.16,48.759,62.837,75.429
138.95,49.452,61.615,74.202
146.26,50.994,59.744,72.624
128.96,60.114,70.713,77.889
125.23,58.984,73.689,79.574
114.86,61.206,71.429,75.688
128.79,71.971,60.973,67.716
117.5,80.899,75.362,77.335
115.08,76.276,78.71,80.401
144.61,12.85,93.332,97.753
144.26,14.944,88.832,93.965
144.61,16.812,85.883,90.837
158.18,33.536,75.506,85.54
149.04,29.482,76.622,85.646
148.37,29.441,79.166,87.64
144.25,32.665,80.875,88.274
141.26,34.847,82.297,88.962
140.2,38.375,80.936,87.158
138.53,39.944,79.781,85.424
143.63,42.437,78.338,83.84
147.45,46.053,75.344,81.11
150.03,46.988,74.599,80.425
151.68,49.543,73.105,79.138
154.35,50.622,71.652,77.856
153.87,50.927,70.647,76.88
154.04,50.949,70.547,76.7
152.5,50.894,70.708,76.813
151.24,52.372,68.901,74.892
146.9,52.273,69.552,75.662
144.36,50.412,69.334,75.446
143.85,49.601,68.202,74.682
139.78,49.724,68.29,74.641
133.98,47.28,69.582,76.058
131.33,47.451,70.392,77.006
128.53,45.964,70.155,77.016
127.91,45.584,70.7,77.53
135.79,58.167,68.175,76.607
135.36,57.613,70.718,78.984
130.94,64.17,58.406,66.865
133.23,62.106,59.455,67.998
134.92,59.699,61.081,69.785
134.64,57.785,64.991,73.572
134.99,55.572,68.523,76.942
135.49,54.765,69.036,77.212
135.32,46.521,62.035,67.992
130.89,45.631,63.626,69.438
130.49,43.337,64.314,69.822
130.25,40.998,65.934,70.93
130.08,40.521,67.019,71.804
131.17,39.112,68.03,72.42
132.3,37.46,68.424,72.768
133.12,39.146,50.959,63.216
134.85,34.77,54.89,67.46
135.25,37.922,52.998,64.388
135.81,36.982,53.378,64.885
127.24,32.174,57.008,68.707
126.29,30.441,58.229,70.122
125.05,32.486,57.965,70.151
120.25,32.892,58.236,70.788
118.92,35.014,57.385,70.304
114.57,32.484,59.593,72.671
116.16,32.421,61.562,74.64
117.12,29.131,61.97,75.493
122.05,26.569,63.577,77.173
126.75,21.868,62.927,77.375
128.68,18.504,65.527,79.68
132.71,17.898,68.009,82.167
137.73,19.466,67.572,82.192
139.06,21.569,68.149,82.737
144.74,22.106,66.959,81.588
147.69,21.485,65.791,80.761
148.57,17.419,63.801,79.196
149.85,14.083,63.567,79.05
153.57,14.945,73.225,87.256
157.94,15.332,72.828,87.072
153.36,18.846,76.254,88.536
153.46,25.256,75.707,87.956
149.16,28.814,77.645,89.232
142.13,32.677,76.789,88.519
135.55,34.705,76.903,88.858
128.47,35.281,76.362,88.478
119.37,32.196,78.981,90.808
120.47,33.246,78.383,90.755
122.17,37.737,65.258,80.071
120.55,32.146,65.637,80.707
122.47,32.438,67.899,82.528
124.9,34.085,68.212,83.057
124.78,28.582,78.568,91.632
129.45,31.046,79.347,92.215
129.54,31.95,83.401,96.69
132.22,33.956,85.467,98.414
135.9,37.346,86.768,99.787
137.29,37.527,89.544,102.08
139.91,34.532,90.92,103.44
140.64,27.964,92.602,105.26
139.96,22.187,94.47,107.39
140.6,20.157,95.872,109.04
142.13,21.684,94.778,108.55
143.26,23.888,95.441,109.41
143.33,24.116,95.251,109
142.19,22.175,96.204,109.6
140.25,19.187,96.322,109.71
139.49,15.031,94.644,108.46
138.61,10.222,94.912,108.4
137.6,5.5961,95.867,109.19
133.45,0.15607,95.43,108.85
132.33,2.6632,94.747,108.18
120.77,7.5699,90.602,109.31
115.17,9.0638,91.656,110.3
116.31,7.8243,98.212,113.72
116.55,8.7907,97.643,112.92
115.65,16.869,82.501,98.341
115.1,19.109,80.471,96.044
114.87,20.056,79.826,95.025
114.57,19.929,78.037,92.801
117.08,19.437,76.652,91.441
119.78,20.481,76.082,90.44
122.03,23.849,75.987,90.264
122.72,28.606,76.921,90.757
123.21,33.152,76.954,90.865
122.3,36.366,77.992,91.892
122.69,38.545,79.063,92.996
120.33,37.997,78.578,93.02
122.67,30.954,77.499,92.445
126.6,23.212,75.845,91.538
130.84,17.645,75.61,91.639
133.43,22.12,75.377,91.485
136.49,26.394,74.093,90.608
135.59,31.035,75.405,91.591
133.75,33.169,75.563,91.451
132.23,28.551,87.22,99.906
131.73,29.712,87.667,100.47
131.56,32.08,86.753,99.713
132.68,29.713,86.423,99.198
134.13,29.654,85.689,98.155
135.63,31.542,83.605,96.248
130.85,30.041,83.554,95.944
126.49,31.556,82.948,95.417
123.8,32.402,82.306,94.596
119.4,32.1,82.946,95.57
112.97,31.141,83.505,95.776
107.85,29.739,83.793,95.809
103.15,28.643,83.784,96.101
99.162,29.109,83.09,95.776
103.43,28.147,81.452,94.662
104.95,25.73,81.523,94.832
105.89,19.973,82.372,95.795
110.82,20.581,80.922,94.987
113.8,25.375,81.646,95.709
117.06,30.682,80.986,95.037
120.84,35.988,81.98,95.885
126.99,37.163,81.767,95.53
133.8,34.254,82.674,95.856
140.49,34.34,75.28,86.795
141.05,26.996,80.239,93.116
143.69,24.12,80.941,93.388
147.36,20.98,80.28,92.665
149.31,19.882,79.649,92.36
150,21.199,78.697,91.514
149.12,22.163,79.275,92.172
148.95,23.974,80.06,92.813
148.06,25.828,80.665,93.399
143.44,28.253,81.737,94.285
140.26,28.718,81.958,94.538
140.01,28.767,82.404,94.794
136.98,28.944,82.41,94.781
136.13,25.585,84.345,95.678
135.37,23.467,85.232,96.191
135.43,22.651,85.578,96.827
134.51,23.569,86.742,97.666
134.44,23.704,87.181,97.901
133.81,24.832,87.816,98.426
136.01,25.86,88.586,99.255
139.52,27.081,87.12,97.963
139.83,27.543,86.853,97.441
138.96,28.935,86.063,96.684
145.17,31.573,77.964,89.275
149.54,37.546,67.726,80.685
144.76,43.783,67.667,80.64
145.32,48.223,66.983,80.044
146.07,51.929,67.539,80.295
146.03,54.96,68.577,81.048
142.7,56.848,68.472,80.851
134.99,53.227,75.747,86.589
134.92,50.567,75.709,86.32
136.88,48.991,75.814,86.288
133.69,46.055,75.47,86.334
134.79,41.274,76.92,87.514
137.49,40.209,77.525,88.004
140.32,41.287,78.664,88.944
143.45,41.257,79.973,90.005
146.56,42.034,79.582,89.555
148.44,42.959,79.921,89.613
150.35,42.875,81.194,90.112
152.58,41.288,82.138,90.517
151.53,36.995,83.81,91.624
151.59,34.997,82.991,90.939
147.97,33.452,82.851,90.948
144.28,30.724,82.569,90.868
140.46,31.596,81.305,89.962
135.04,35.58,81.058,89.843
130.04,37.729,81.614,90.501
124.64,38.461,82.335,91.366
122.18,40.509,81.78,91.004
117.67,42.692,80.495,89.847
112.74,42.649,81.522,90.273
112.45,43,81.339,89.612
109.56,41.4,80.936,88.958
110.03,36.84,79.845,87.925
113.36,35.668,78.989,87.473
115.42,37.83,78.97,87.031
118.27,42.902,78.513,86.185
122.38,48.472,77.734,84.732
128.76,53.951,76.896,83.769
133.12,57.685,77.219,83.164
138.95,57.73,77.698,83.269
142.09,55.998,77.442,82.954
148.19,53.393,77.475,82.827
156.04,51.586,76.763,82.28
159.66,52.186,76.031,81.637
163.42,55.994,74.703,80.221
165.51,60.244,74.268,79.608
165.93,63.931,73.461,78.554
163.83,65.04,73.735,78.61
160.07,64.42,73.293,78.135
156.08,61.619,71.615,78.411
154.17,58.789,72.08,78.775
152.1,57.806,72.364,78.805
148.23,59.162,73.007,78.857
147.07,58.191,73.485,79.125
147.87,57.549,72.954,79.097
146.48,57.601,73.13,79.292
144.73,59.073,72.24,78.651
141.93,59.837,73.156,79.193
139.17,59.083,72.888,78.803
138.12,59.238,73.795,79.281
138.05,58.645,74.108,79.568
137.4,59.044,74.281,79.756
137.66,56.994,73.994,79.34
139.01,55.253,74.528,79.76
140.47,53.289,75.173,80.238
143.68,52.53,76.061,81.241
148.8,54.596,75.966,81.193
153.81,56.68,76.182,81.401
157.32,59.253,76.49,81.589
159.35,61.498,77.305,82.466
161.36,63.751,77.167,82.317
163.67,63.798,76.714,82.06
165.78,61.859,77.568,82.759
166.98,58.379,77.041,82.947
166.9,56.902,76.781,83.013
167.27,56.187,76.234,82.563
166.44,56.137,75.629,82.266
168.81,55.545,74.911,81.491
166.04,48.184,79.131,86.378
170.83,45.134,78.096,85.658
174.04,46.239,74.146,85.493
173,48.651,75.065,86.207
175.27,52.486,73.127,84.213
178.97,55.788,72.772,84.311
178.78,57.498,71.639,83.126
177.2,57.313,71.744,83.291
174.43,57.174,71.887,83.328
172.75,58.084,67.771,79.334
170.22,56.916,67.865,79.491
166.04,55.336,66.873,78.814
164.14,55.157,65.203,77.345
164.18,57.329,65.733,77.904
162.5,57.588,66.078,78.315
160.97,57.309,66.236,78.627
147.75,46.4,71.888,83.677
143.62,42.948,72.635,84.825
140.21,38.311,72.357,84.524
139.94,35.736,72.363,84.366
139.62,33.145,71.644,83.532
145.54,34.256,69.622,84.585
153.11,34.146,67.11,82.346
159.84,43.002,64.057,76.95
161.65,45.498,73.484,84.296
165.8,48.779,73.406,84.018
166.9,49.929,73.761,84.458
170.17,49.297,74.667,84.805
171.68,49.281,74.829,85.08
168.24,46.412,73.97,84.241
163.91,44.709,74.799,85.244
161.57,41.702,74.578,85.417
162.6,39.567,73.682,84.96
159.99,40.294,73.54,84.798
155.89,42.319,74.987,86.212
155.06,45.777,75.085,86.182
159.3,54.272,65.312,75.41
166.37,60.102,62.168,71.611
149.71,52.015,75.774,82.866
146.27,53.154,64.252,79.026
144.46,51.881,63.556,78.685
141.48,50.638,63.026,78.216
137.71,47.95,63.568,78.762
137.32,47.813,62.946,78.178
134.25,49.316,62.908,78.145
133.48,49.337,61.95,77.232
133.75,51.321,61.45,76.591
135.37,52.942,61.835,76.827
138.04,52.942,62.219,77.038
143.01,52.739,61.065,75.735
148.22,53.728,60.458,75.162
153.13,51.436,64.053,74.688
157.94,49.343,66.016,76.408
160.01,48.937,65.914,76.085
163.09,47.532,65.868,75.665
165.98,48.604,65.225,75.177
167.4,51.223,64.47,74.337
167.58,55.698,63.514,73.861
167.01,58.937,64.373,74.282
164.73,61.958,64.144,74.088
163.31,64.031,63.586,73.685
161.71,65.103,63.443,73.646
158.49,64.946,63.823,73.707
153.7,61.241,65.352,74.852
152.88,56.741,66.034,75.705
148.85,54.781,65.55,75.428
145.9,55.714,65.832,75.555
141.02,58.955,65.763,75.235
137.89,60.334,67.15,76.077
137.28,60.124,67.798,76.843
134.87,57.789,68.809,77.539
134.09,57.497,67.299,76.283
132.64,57.069,69.108,77.889
130.03,56.055,69.829,78.436
127.43,55.242,70.265,79.135
124.92,55.271,70.569,79.588
123,54.583,70.492,79.63
120.36,52.731,70.214,79.606
