NaN,NaN,NaN,-1
124,94,53,56
123,95,55,56
124,97,55,55
124,97,55,55
124,97,55,55
124,97,55,53
124,97,55,53
124,98,55,53
123,99,55,53
123,100,55,53
122,101,55,53
122,101,55,53
121,102,55,53
120,102,55,53
120,102,54,53
119,102,54,53
117,103,55,53
117,103,55,53
117,102,55,53
117,100,55,53
118,100,55,53
119,98,54,54
120,98,54,53
121,96,55,54
123,97,54,53
124,96,55,53
126,96,54,51
127,95,54,51
129,94,54,51
129,92,53,55
129,93,53,50
128,89,53,52
126,89,54,51
125,86,54,54
123,85,54,52
122,84,53,52
121,83,53,53
120,83,53,53
119,84,53,53
119,86,52,53
119,88,52,53
119,90,51,54
119,93,51,54
118,96,52,52
117,97,52,53
115,98,57,52
119,98,53,53
120,98,52,53
122,97,51,53
123,97,51,53
123,95,53,52
123,95,51,53
125,94,51,54
125,94,51,54
124,93,53,54
124,93,51,54
121,93,57,54
122,93,56,53
120,92,57,54
121,92,56,55
119,97,55,51
118,97,55,54
122,98,49,54
122,99,49,54
122,100,49,55
122,102,50,54
123,105,49,52
125,107,51,51
125,106,48,51
125,106,49,49
123,103,50,52
126,101,47,47
125,94,46,54
122,93,49,49
126,91,45,49
127,86,44,48
126,86,46,46
126,87,45,43
126,84,44,45
125,86,44,43
124,85,44,45
124,86,43,44
124,87,49,45
124,89,44,43
123,93,48,41
121,95,44,41
120,97,44,41
119,98,43,42
117,100,49,41
115,101,44,41
114,102,50,41
113,103,42,40
111,105,50,40
109,106,42,41
108,108,43,40
104,110,43,40
104,113,44,38
103,112,43,41
103,114,50,40
103,117,43,38
104,116,52,38
106,114,51,40
108,113,51,40
110,112,50,41
112,113,49,39
116,112,50,40
119,111,50,41
122,111,51,41
125,110,51,42
128,110,51,42
131,110,48,41
133,109,50,41
135,108,48,41
136,110,49,39
137,110,49,41
138,110,48,42
137,113,49,41
136,115,48,40
134,113,53,42
132,113,53,41
129,113,53,41
127,112,53,44
126,113,54,45
124,108,51,43
121,106,49,42
120,104,48,43
117,102,49,43
116,101,52,45
115,101,52,41
114,102,50,43
112,103,48,43
110,105,49,42
109,101,48,48
108,103,53,48
108,112,52,40
109,114,52,42
109,116,53,40
111,112,52,45
112,117,53,40
113,117,55,40
113,115,55,43
113,117,55,41
113,117,56,40
112,116,56,40
110,113,57,40
109,112,57,40
106,109,57,42
102,109,57,41
101,109,54,40
97,108,58,40
95,108,55,40
91,109,57,40
88,110,57,40
89,110,54,40
87,110,56,40
88,104,56,46
87,106,55,43
87,103,56,46
88,104,55,46
88,110,55,44
88,106,56,48
88,115,56,40
89,114,54,41
88,115,55,41
88,118,54,40
88,120,53,39
88,120,54,40
86,120,55,38
86,120,53,40
85,120,53,39
85,119,52,40
84,117,52,39
81,116,54,38
81,114,53,39
78,113,56,39
75,113,55,38
77,111,55,39
77,111,54,38
75,110,53,39
72,111,54,39
69,112,54,39
66,112,55,39
64,112,56,39
66,111,52,39
61,111,55,39
62,110,52,40
63,110,51,40
63,110,50,40
64,111,50,40
62,112,52,46
65,113,53,43
67,115,49,42
67,116,52,41
67,116,50,44
67,116,53,44
64,115,55,44
63,115,54,39
63,114,54,39
65,113,52,40
66,112,49,39
64,111,51,39
63,110,51,45
62,109,51,39
62,108,50,39
60,107,52,39
62,99,50,47
62,99,50,46
64,99,49,46
66,99,50,45
68,98,50,46
69,97,51,47
70,96,52,46
69,95,54,46
69,94,55,47
73,94,52,46
72,94,55,46
71,93,55,47
73,93,54,47
73,92,57,47
73,91,58,47
75,90,58,48
82,90,51,47
85,90,53,48
87,90,53,49
90,90,52,49
91,92,53,49
94,94,51,50
97,96,53,50
99,99,53,54
102,101,53,53
103,102,53,54
106,103,51,55
108,104,50,55
111,108,51,51
114,113,54,51
115,114,56,55
113,114,58,55
114,113,55,55
111,111,56,53
110,109,58,54
108,107,58,54
108,105,56,53
104,103,57,54
100,102,58,54
95,101,58,54
91,101,58,53
86,99,58,53
82,98,58,52
78,97,58,52
74,96,58,53
70,96,58,52
69,95,58,52
71,95,58,53
74,97,58,52
79,99,58,52
83,101,58,51
87,101,57,52
90,105,57,50
92,107,57,51
93,112,58,49
95,112,57,51
97,114,57,52
99,119,56,49
101,117,58,52
102,116,58,52
104,119,58,49
107,114,57,52
109,112,57,52
110,109,58,52
113,105,58,52
116,101,55,52
117,97,55,52
117,93,57,52
116,90,57,52
114,90,58,49
115,87,56,49
110,84,58,49
109,80,57,49
105,77,58,49
102,76,58,47
100,72,57,49
97,71,57,47
94,68,57,49
92,68,57,45
89,67,58,48
88,67,58,49
87,68,58,49
86,70,58,49
85,70,58,51
84,73,58,50
83,75,58,49
82,76,58,50
80,76,58,51
79,78,58,51
78,80,57,52
77,82,58,52
77,85,58,52
78,87,58,52
79,90,58,52
81,91,58,52
83,94,57,51
86,93,57,53
