NaN,NaN,NaN,-1
153,94,18,48
152,96,18,48
151,91,18,48
150,90,18,48
150,88,18,48
151,88,18,48
152,86,18,48
153,86,18,48
155,85,18,48
156,85,18,48
158,84,18,48
157,85,18,48
156,85,18,48
154,85,18,48
153,84,18,48
149,85,18,48
145,86,18,48
140,86,18,48
135,85,18,48
132,85,18,48
130,84,18,48
132,84,18,48
132,85,18,48
134,84,18,48
134,84,18,48
135,83,18,48
137,84,18,48
139,84,18,48
141,85,18,48
144,84,18,48
146,87,18,48
148,82,18,48
149,82,18,48
152,84,18,48
150,82,18,48
151,84,18,48
152,82,18,48
152,81,18,48
154,87,18,48
155,83,18,48
155,82,18,48
157,83,18,48
157,84,18,48
157,87,18,48
160,86,18,48
160,85,18,48
161,84,18,48
163,82,18,48
165,84,18,48
166,84,18,48
165,86,18,48
164,88,18,48
163,88,18,48
161,86,18,48
158,87,18,48
156,88,18,48
152,89,18,48
146,84,18,48
137,91,18,48
132,89,18,48
127,88,18,48
127,86,18,48
128,84,18,48
130,83,18,48
133,85,18,48
137,83,18,48
143,85,18,48
148,87,18,48
154,85,18,48
160,85,18,48
165,84,18,48
168,84,18,48
173,83,18,48
175,85,18,48
176,87,18,48
176,88,18,48
175,87,18,48
175,89,18,48
176,88,18,48
175,89,18,48
175,91,18,48
177,92,18,48
179,97,18,48
180,95,18,48
183,96,18,48
185,96,18,48
188,97,18,48
191,98,18,48
193,98,18,48
195,98,18,48
197,96,18,48
196,95,18,48
196,95,18,48
195,92,18,48
194,93,18,48
191,92,18,48
186,86,18,48
184,87,18,48
182,87,18,48
182,87,18,48
180,85,18,48
180,86,18,48
180,85,18,48
178,85,18,48
179,82,18,48
180,73,18,48
184,58,18,48
184,57,18,48
179,56,18,48
176,62,18,48
172,63,18,48
170,63,18,48
167,82,18,48
163,88,18,48
159,97,18,48
157,93,18,48
155,94,18,48
153,92,18,48
150,101,18,48
150,96,18,48
148,106,18,48
146,106,18,48
146,102,18,48
145,83,18,48
152,77,18,48
156,81,18,48
163,84,18,48
168,84,18,48
173,84,18,48
177,82,18,48
179,83,18,48
183,89,18,48
186,88,18,48
191,87,18,48
195,88,18,48
196,95,18,48
199,86,18,48
203,84,18,48
202,80,18,48
199,77,18,48
203,81,18,48
193,86,18,48
189,94,18,48
188,94,18,48
184,97,18,48
178,99,18,48
162,92,18,48
158,94,18,48
156,92,18,48
155,92,18,48
153,91,18,48
154,89,18,48
156,84,18,48
157,84,18,48
158,82,18,48
156,80,18,48
155,80,18,48
155,79,18,48
154,77,18,48
153,78,18,48
150,77,18,48
147,80,18,48
145,83,18,48
144,74,18,48
138,83,18,48
137,86,18,48
138,87,18,48
139,82,18,48
135,82,18,48
131,85,18,48
126,88,18,48
121,88,18,48
NaN,NaN,NaN,-2
NaN,NaN,NaN,0
NaN,NaN,NaN,0
NaN,NaN,NaN,0
NaN,NaN,NaN,0
NaN,NaN,NaN,-1
125,73,20,55
120,76,20,55
116,79,20,55
113,84,20,55
108,84,20,55
109,84,20,55
113,86,20,55
117,87,20,55
121,87,20,55
125,87,20,55
128,88,20,55
131,88,20,55
134,88,20,55
136,87,20,55
139,87,20,55
140,88,20,55
141,88,20,55
141,86,20,55
141,88,20,55
141,87,20,55
141,86,20,55
141,87,20,55
141,88,20,55
139,86,20,55
137,87,20,55
135,86,20,55
135,87,20,55
137,88,20,55
139,85,20,55
140,84,20,55
139,85,20,55
137,84,20,55
135,85,20,55
133,85,20,55
134,85,20,55
134,84,20,55
134,84,20,55
132,83,20,55
130,81,20,55
129,84,20,55
127,83,20,55
124,85,20,55
125,86,20,55
130,86,20,55
133,87,20,55
138,87,20,55
141,86,20,55
142,85,20,55
143,84,20,55
147,85,20,55
150,85,20,55
153,85,20,55
155,84,20,55
157,84,20,55
159,85,20,55
159,83,20,55
159,82,20,55
161,84,20,55
161,83,20,55
160,82,20,55
161,82,20,55
161,81,20,55
162,83,20,55
165,80,20,55
167,82,20,55
168,80,20,55
170,80,20,55
172,78,20,55
174,79,20,55
175,77,20,55
176,78,20,55
176,77,20,55
176,77,20,55
176,79,20,55
174,80,20,55
175,82,20,55
175,84,20,55
175,86,20,55
174,85,20,55
173,87,20,55
171,88,20,55
170,87,20,55
168,89,20,55
167,89,20,55
166,89,20,55
168,89,20,55
166,91,20,55
165,90,20,55
166,90,20,55
166,89,20,55
168,89,20,55
169,89,20,55
