NaN,NaN,NaN,-1
131.98,54.086,33.534,82.101
132.98,52.982,34.69,83.257
133.03,54.033,33.534,83.257
133.03,54.033,33.534,83.257
133.03,55.137,33.534,82.101
133.03,56.188,33.534,82.101
132.03,56.135,32.378,83.257
131.98,58.29,33.534,82.101
131.98,60.393,33.534,82.101
131.93,61.444,34.69,82.101
130.88,63.494,34.69,83.257
131.98,65.596,33.534,83.257
131.93,68.75,34.69,83.257
133.98,71.904,35.847,83.257
136.19,76.109,33.534,83.257
138.24,81.365,34.69,83.257
142.39,86.674,35.847,82.101
147.7,89.827,34.69,82.101
151.74,93.98,38.159,83.257
159.21,98.237,35.847,82.101
166.67,102.49,33.534,80.944
172.87,104.54,35.847,82.101
180.23,106.54,35.847,84.413
188.59,107.54,37.003,85.57
197.05,108.64,35.847,84.413
203.36,109.75,35.847,83.257
210.72,110.75,35.847,84.413
218.13,109.59,34.69,86.726
221.62,110.64,38.745,86.726
224.23,111.75,39.316,85.57
226.33,109.54,39.316,87.882
227.43,110.75,38.159,84.413
224.23,108.54,39.316,86.726
219.02,107.49,38.159,86.726
212.72,107.54,38.159,85.57
204.31,107.54,38.159,85.57
194.84,107.54,38.159,85.57
184.38,107.54,37.003,85.57
173.87,107.49,37.003,86.726
164.52,108.54,34.69,86.726
154.06,111.8,33.534,84.413
145.59,110.64,34.69,86.726
138.18,113.9,35.847,84.413
128.72,112.74,35.847,86.726
119.26,113.8,35.847,86.726
110.85,114.9,35.847,85.57
103.49,118.16,35.847,83.257
97.133,117,37.003,85.57
91.93,116.95,35.847,86.726
86.674,119.21,35.847,83.257
82.469,115.9,35.847,86.726
79.315,114.95,35.847,84.413
78.264,111.85,35.847,83.257
76.085,105.44,37.53,85.57
77.212,100.18,35.847,85.57
80.419,93.874,34.69,85.57
82.469,87.62,35.847,84.413
86.779,80.261,33.534,84.413
89.252,74.006,34.247,83.257
93.086,65.491,33.534,85.57
96.187,62.39,34.69,84.413
101.5,58.133,33.534,85.57
108.85,53.875,33.534,86.726
114.11,51.773,33.534,86.726
121.42,49.67,34.69,86.726
129.72,48.672,37.003,85.57
139.23,48.672,35.847,85.57
149.85,49.723,33.534,85.57
157.16,51.825,34.69,85.57
165.41,53.928,38.159,85.57
172.87,54.874,35.847,87.882
180.23,58.138,35.847,85.449
188.59,60.235,37.003,85.57
198.05,61.234,37.003,86.726
205.3,62.338,39.316,85.57
212.72,63.389,38.159,85.57
219.08,64.44,37.003,85.57
221.13,64.44,38.159,85.57
222.96,65.544,43.941,84.413
223.18,64.493,39.316,84.413
216.82,61.234,40.472,86.726
209.35,60.288,42.785,84.413
200.99,57.082,41.629,85.57
192.74,53.875,38.159,86.726
182.18,51.878,39.316,84.413
172.82,48.672,37.003,85.57
162.31,46.569,37.003,85.57
151.8,45.571,37.003,84.413
142.34,43.363,37.003,86.726
132.77,42.312,39.316,86.726
122.26,43.363,39.316,86.726
112.9,44.414,37.003,86.726
103.49,47.568,35.847,86.726
95.136,51.825,34.69,85.57
85.57,53.928,37.003,85.57
79.21,57.082,38.159,85.57
75.057,62.443,37.003,83.257
74.006,65.544,37.003,84.413
74.059,70.8,35.847,84.413
76.109,76.056,37.003,84.413
78.211,81.312,37.003,84.413
82.416,86.568,37.003,84.413
86.674,90.721,35.847,85.57
90.931,97.133,34.69,83.257
91.825,104.54,38.159,82.101
96.187,109.75,34.69,83.257
98.29,115,34.69,83.257
100.34,123.57,35.847,79.788
103.44,126.67,37.003,80.944
106.65,129.83,35.847,80.944
111.9,131.93,35.847,80.944
117.11,131.93,37.003,80.944
123.52,129.77,34.69,82.101
129.77,127.67,35.847,82.101
138.24,123.82,34.69,81.726
144.49,120.37,35.847,80.944
151.95,116.14,33.534,81.302
158.16,111.96,35.847,80.944
165.57,107.7,34.69,82.101
172.93,105.65,34.69,80.944
180.34,102.49,33.534,80.944
185.54,99.393,34.69,79.788
190.8,95.136,34.69,80.944
197.1,91.982,34.69,80.944
203.41,89.932,34.69,79.788
208.67,86.779,34.69,79.788
212.82,83.625,35.847,79.788
218.13,81.522,34.69,79.788
221.18,78.369,37.003,79.788
224.38,76.319,35.847,78.632
225.49,72.009,34.69,80.944
224.38,69.959,35.847,79.788
221.23,66.753,35.847,80.944
217.03,64.703,35.847,79.788
210.67,61.549,37.003,79.788
204.41,59.447,35.847,79.788
197.16,56.188,33.534,82.101
188.75,55.189,33.534,80.944
178.22,53.087,33.949,80.944
168.77,49.881,33.534,82.101
159.31,48.882,33.534,80.944
149.85,46.78,33.534,80.944
140.39,44.572,33.534,83.257
130.88,44.519,34.69,84.413
122.47,42.364,34.69,85.57
114.06,41.313,34.69,85.57
106.7,40.209,34.69,86.726
99.871,40.262,35.236,85.57
94.085,40.262,34.69,85.57
89.932,41.313,33.534,85.57
86.779,42.364,33.534,85.57
85.675,43.468,34.69,84.413
87.725,45.623,35.847,83.257
90.878,47.726,35.847,83.257
95.083,48.777,35.847,83.257
100.39,51.931,34.69,83.257
103.55,58.396,34.69,79.788
105.6,60.445,35.847,80.944
108.8,63.599,34.69,80.944
110.9,67.857,34.69,79.788
114.11,69.906,33.534,80.944
116.27,74.269,32.378,77.475
116.21,75.32,33.534,77.475
119.42,74.269,32.378,77.475
121.57,75.425,31.221,75.163
123.68,75.425,31.221,75.163
126.83,74.374,31.221,75.163
131.09,72.272,30.065,75.163
137.4,73.428,30.065,72.85
143.76,73.481,28.909,71.694
149.01,72.377,28.909,72.85
155.32,72.429,28.909,71.694
161.68,70.327,27.752,71.694
166.52,69.381,25.981,69.381
170.3,68.33,23.127,69.381
172.24,67.226,26.596,70.537
175.5,68.441,24.283,66.923
175.4,70.59,26.596,65.912
179.55,72.797,27.752,63.599
183.75,72.745,27.752,64.755
190.17,73.691,25.44,67.068
196.42,74.795,26.596,65.912
202.89,75.846,23.127,65.912
205.99,75.898,24.283,64.755
211.24,75.995,24.283,62.624
213.45,73.901,21.971,62.443
215.5,72.85,23.127,62.443
217.71,70.747,20.814,62.443
218.71,69.749,21.971,61.286
220.81,67.646,21.971,61.286
223.96,69.801,21.971,60.13
227.17,74.059,20.814,58.974
230.32,80.366,20.814,58.974
232.37,91.982,21.971,57.817
231.22,103.55,24.283,57.829
231.27,110.9,23.127,57.817
231.22,120.47,24.283,55.505
229.22,131.14,21.971,52.036
225.01,135.35,21.971,52.036
221.91,138.55,20.94,50.879
219.81,141.76,20.814,49.723
214.56,141.71,20.814,50.879
208.2,140.6,21.971,52.036
202.99,139.6,20.814,50.879
193.48,137.4,21.971,53.192
184.02,136.45,21.971,50.879
174.61,136.5,20.814,49.723
163.04,134.35,20.814,50.879
152.53,132.24,20.814,50.879
140.97,129.04,20.814,52.036
129.41,125.88,20.814,52.036
118.89,123.83,20.814,50.879
108.38,121.78,20.814,49.723
97.922,119.63,19.658,50.879
88.408,118.63,20.814,49.723
81.049,115.42,20.814,50.879
74.742,113.32,20.814,50.879
69.486,110.17,20.814,50.879
67.384,107.07,20.814,49.723
67.384,101.81,20.814,49.723
69.381,95.504,23.127,49.723
73.586,88.145,23.127,49.723
81.049,80.734,20.814,50.879
88.366,72.272,20.858,52.036
93.612,65.018,21.971,49.723
99.971,56.556,20.814,50.879
105.23,50.301,20.814,49.723
109.49,40.788,19.658,50.879
112.59,35.584,20.814,49.723
116.84,29.329,19.658,48.567
121,25.124,20.814,48.567
125.2,20.867,20.814,49.723
129.35,20.919,21.971,48.567
134.61,21.971,21.971,48.567
142.07,25.124,19.658,48.567
146.17,32.407,21.971,47.545
151.43,37.739,21.971,48.567
158.84,44.099,20.814,47.41
165.15,52.614,20.814,45.098
171.4,56.714,21.971,47.41
177.71,63.126,21.971,45.098
185.02,69.433,23.127,45.098
193.43,73.586,23.127,46.254
202.94,78.842,21.971,46.254
212.4,80.787,21.971,49.723
220.81,86.095,21.971,48.567
229.27,90.3,20.814,48.567
235.47,95.991,23.127,47.01
241.78,100.92,23.127,46.254
248.04,104.02,24.283,47.41
253.29,109.33,24.283,46.254
258.72,112.48,22.999,46.254
262.86,115.58,21.971,47.41
263.86,117.68,23.127,47.41
262.86,120.89,21.971,46.254
258.6,117.47,23.127,52.036
251.14,117.47,25.44,52.036
243.78,117.47,25.44,52.036
235.42,117.42,24.283,53.192
225.96,117.47,24.283,52.036
216.39,118.54,26.596,50.92
206.93,119.63,26.596,50.879
197.53,118.53,25.44,52.036
188.06,120.63,25.44,52.036
178.6,121.73,25.44,50.879
169.14,121.68,25.44,52.036
159.73,122.73,24.283,52.036
149.17,123.83,25.44,50.879
139.81,124.89,23.127,50.879
131.4,123.83,23.127,50.879
122.99,121.68,23.127,52.036
114.58,121.78,23.127,49.723
107.22,120.68,23.127,50.879
100.92,119.63,23.127,50.879
95.714,115.37,21.971,52.036
90.458,115.48,21.971,49.723
85.097,112.38,24.283,48.567
81.996,111.59,23.127,43.882
78.894,108.43,21.971,42.785
75.741,103.18,21.971,42.785
72.535,95.661,23.127,46.254
70.432,89.883,23.127,46.801
70.537,84.098,20.814,46.254
69.433,77.791,21.971,46.254
69.433,70.432,21.971,46.254
69.486,64.177,20.814,45.098
70.485,56.714,21.971,47.41
70.485,50.459,21.971,46.254
71.536,45.255,21.971,45.098
70.485,40.998,21.971,46.254
68.382,34.533,21.971,49.723
66.28,32.43,21.971,49.723
65.229,31.327,21.971,50.879
64.23,36.688,20.814,48.567
62.211,41.944,18.967,48.567
60.13,47.2,18.502,48.567
57.922,51.457,20.814,47.41
56.924,54.611,19.658,47.41
55.873,57.765,19.658,47.41
56.976,59.867,18.502,47.41
58.028,61.97,18.502,47.41
61.129,62.968,19.658,48.567
64.388,65.071,17.345,48.567
66.437,70.432,18.502,46.254
70.59,74.532,19.658,48.567
73.743,81.943,19.658,47.41
77.896,88.25,20.814,47.41
83.099,94.558,21.971,47.41
89.407,100.81,21.971,48.567
95.609,106.07,24.283,48.567
104.02,111.32,24.283,48.567
112.43,114.48,24.283,48.567
122.94,117.68,24.283,47.41
134.5,119.79,24.283,47.41
145.07,119.73,23.127,48.567
156.58,118.68,24.283,48.567
167.04,115.48,25.44,49.723
178.66,111.27,24.283,49.723
188.3,108.27,22.938,46.39
194.42,102.91,24.283,48.567
199.68,96.45,24.283,52.036
203.89,94.347,24.283,52.036
207.04,92.192,24.283,53.192
204.67,90.09,30.065,53.192
202.47,88.04,32.378,52.036
199.31,84.886,32.378,52.036
194.11,81.733,31.221,52.036
190.11,78.579,26.596,52.036
182.76,74.374,26.596,52.036
176.45,71.22,26.596,52.036
171.24,68.067,25.44,52.036
164.88,64.861,26.596,53.192
158.63,62.811,25.44,52.036
151.27,62.863,25.44,50.879
143.91,63.862,25.44,52.036
136.5,64.861,26.596,53.192
130.25,70.012,25.44,55.505
124.99,81.359,25.44,50.224
119.68,88.145,26.596,49.723
115.42,94.505,27.752,48.567
113.32,98.657,27.752,49.723
115.53,103.97,25.44,48.567
118.63,106.02,26.596,49.723
124.99,108.12,25.44,49.723
132.35,110.16,25.44,48.682
140.76,109.12,25.44,50.879
149.12,111.32,26.596,48.567
160.68,109.22,26.596,48.524
169.04,110.43,27.752,45.098
179.6,109.33,26.596,46.254
186.91,108.17,27.752,48.567
194.27,108.17,27.752,48.567
200.52,111.38,28.909,47.41
206.83,113.53,28.909,46.254
210.98,117.79,30.065,45.098
214.24,118.74,27.752,47.41
215.29,125.15,27.752,45.098
214.24,128.25,27.752,46.254
211.09,132.45,27.752,46.254
205.88,136.71,26.596,45.098
199.58,137.71,26.596,46.254
192.16,138.76,27.752,46.254
184.81,140.31,27.752,46.83
177.39,142.02,28.909,43.941
170.14,142.02,26.596,43.941
160.68,142.07,26.596,42.785
150.17,139.97,26.596,42.785
141.76,135.71,26.596,43.941
131.19,132.61,27.752,42.785
121.73,127.36,27.752,42.785
112.32,123.2,26.596,41.629
101.76,119.05,27.752,40.472
93.349,111.64,27.752,41.629
85.99,103.13,27.752,43.941
79.79,96.87,25.398,42.785
74.584,89.459,24.283,43.941
70.327,84.256,25.44,42.785
69.328,76.897,24.283,42.785
70.38,69.433,24.283,45.098
73.533,64.177,24.283,45.098
77.686,58.921,25.44,45.098
82.994,53.612,24.283,46.254
88.25,48.304,24.283,47.41
93.506,46.306,24.283,45.098
99.866,41.996,23.127,47.41
104.07,39.947,23.127,46.254
108.33,38.895,21.971,46.254
112.48,36.74,23.127,47.41
115.66,38.948,22.487,45.098
119.94,42.049,20.814,46.254
123.05,46.254,21.971,46.254
127.25,49.885,21.971,46.855
131.46,53.56,21.971,47.41
135.71,58.869,20.814,46.254
138.81,63.021,21.971,47.41
142.02,67.278,20.814,46.254
145.12,71.536,21.971,45.098
148.86,71.431,21.359,47.41
151.43,72.482,21.971,47.41
155.74,73.586,19.658,46.254
157.79,74.637,20.814,46.254
159.94,76.687,19.658,47.41
160.94,77.791,20.814,46.254
