NaN,NaN,NaN,-1
222.5,88.194,43.377,45.045
222.27,86.564,48.382,47.547
222.27,88.156,48.382,45.879
222.23,85.767,49.216,48.382
222.23,87.322,49.216,47.548
220.64,87.36,50.884,46.713
220.64,86.564,50.884,47.547
219.04,85.73,52.552,49.216
216.66,85.616,55.055,51.718
217.45,86.298,54.221,53.387
216.66,89.445,55.055,50.884
216.66,87.777,55.055,54.221
212.67,87.625,59.226,57.557
210.29,83.606,61.728,62.562
205.74,82.582,61.728,68.402
202.66,84.327,62.563,63.397
193.98,90.697,70.07,56.723
191.25,89.256,63.397,55.055
189.28,87.663,56.723,56.723
184.65,86.071,58.392,58.392
180.71,85.199,61.728,60.894
175.44,85.199,60.894,60.894
171.65,83.568,44.211,63.397
164.67,84.44,47.547,60.894
156.86,85.199,52.552,60.894
148.9,89.559,44.211,65.065
139.15,91,41.708,66.733
128.54,96.65,41.708,59.226
113.18,99.721,45.879,58.392
101.09,104.31,45.045,57.558
85.767,104.27,48.382,58.392
72.042,107.38,50.05,56.723
62.259,110.45,48.382,55.889
53.993,112.23,46.713,50.05
46.486,115.12,45.052,53.387
39.679,120.61,44.636,49.216
31.926,123.72,48.382,47.548
29.613,122.93,49.216,48.382
28.741,125.09,51.718,50.884
32.495,128.73,52.553,54.221
37.083,131.57,51.718,58.392
43.647,141.54,51.197,55.889
48.344,148.37,54.221,55.889
58.998,149.81,53.387,57.557
69.539,158.89,55.055,47.246
81.407,155.42,60.894,50.884
93.199,148.25,68.402,58.392
102.22,138.85,70.07,65.065
90.204,131.65,84.251,57.51
106.51,131.36,75.909,49.08
119.1,129.71,65.899,49.216
126.68,125.73,65.899,53.387
131.5,120.16,60.06,59.226
132.94,118.57,61.728,60.894
138.21,114.55,62.563,65.899
145.15,107.95,60.06,44.211
152.12,102.49,56.723,47.547
170.32,93.92,40.04,52.553
173.28,91.645,41.708,52.553
183.55,87.815,32.533,53.387
184.27,83.265,33.367,53.387
186.47,72.345,35.035,60.06
190.95,68.515,36.703,60.894
198.57,65.558,35.869,59.226
209.38,64.003,31.698,60.06
214.65,61.842,32.533,57.558
220.71,64.155,32.533,56.723
222,64.989,37.537,55.055
222.68,64.951,39.206,55.889
221.74,63.245,43.377,60.06
221.43,63.852,50.05,63.397
221.43,66.203,50.05,61.728
214.3,62.828,56.723,69.236
214.3,64.572,56.723,64.231
214.35,67.643,55.835,63.397
214.27,70.563,57.557,65.899
216.69,75.113,54.221,65.899
215.94,81.445,54.221,60.06
216.58,84.516,56.723,59.226
217.34,88.346,56.723,58.392
222.08,94.488,52.553,56.723
223.56,97.522,53.387,56.723
223.48,103.74,55.055,53.387
223.33,106.85,58.392,51.718
224.09,109.81,58.392,53.387
223.97,115.15,60.894,52.552
255.6,123.57,32.532,50.884
258.59,129.67,33.367,50.05
260.87,136.5,33.367,50.05
260.9,143.44,32.532,47.548
257.87,148.03,32.532,46.713
254.12,149.54,31.698,46.713
250.21,147.99,34.201,47.547
245.62,143.36,35.035,49.216
241.72,136.39,37.538,52.553
236.41,128.65,37.538,55.889
232.54,124.06,39.206,56.723
227.92,120.35,40.874,55.055
224.32,117.35,36.703,54.221
219.8,112.41,35.869,55.426
213.72,114.47,36.218,50.884
206.27,115.15,33.367,52.552
186.93,117.43,41.708,52.553
179.46,121.71,39.206,49.66
173.58,124.52,35.035,46.713
168.27,125.85,35.035,50.884
162.36,128.04,31.698,52.553
151.78,132.06,30.864,47.548
141.88,130.51,31.698,48.382
135.1,120.46,30.864,52.552
128.88,119.82,34.201,50.05
125.77,109.05,35.869,53.387
122.58,102.22,39.206,53.387
126.64,93.199,33.367,51.718
124.86,85.692,39.206,50.05
125.69,78.791,37.538,51.718
128.04,73.558,35.869,50.05
131.15,70.601,34.201,48.382
131.91,66.771,34.201,49.216
134.3,64.534,31.698,48.382
138.21,62.145,29.196,50.884
140.48,65.49,29.196,52.147
140.33,65.027,32.532,54.221
139.46,65.065,35.035,53.387
140.97,63.51,35.035,54.221
142.49,65.141,35.035,51.711
145.56,64.307,34.201,53.387
147.69,63.435,37.538,55.889
151.48,63.435,37.538,55.889
156.01,64.269,37.914,54.221
161.45,63.472,35.035,55.055
163.72,65.065,35.035,53.387
166.07,66.771,33.367,49.216
167.55,67.454,34.201,50.884
173.01,66.695,30.864,50.884
176.84,65.141,30.03,51.718
179.08,63.785,30.864,55.522
180.63,62.676,30.03,55.889
179.76,57.861,32.532,61.728
180.45,57.785,34.201,63.397
182.68,59.415,35.035,60.894
181.7,60.289,40.04,58.355
182.34,61.804,42.543,58.392
182.34,63.321,42.543,58.392
183.17,67.037,40.883,60.06
181.47,73.103,45.045,60.06
179.84,79.928,47.547,60.06
179.8,83.606,48.382,62.562
175.82,88.877,52.553,63.397
169.49,97.294,58.392,61.728
161.9,104.88,58.392,61.728
150.53,114.02,58.392,60.894
141.66,123.19,53.387,59.226
135.2,130.05,52.202,58.392
128.88,135.36,50.884,58.392
124.33,140.75,50.884,56.723
119.78,142.95,50.884,58.392
111.25,142.72,55.055,63.397
107.38,142.53,56.723,67.568
104.35,140.82,56.723,71.738
100.4,163.76,60.06,50.884
95.474,167.55,51.718,50.884
88.498,170.7,55.055,48.382
82.317,171.53,57.557,46.713
76.137,172.29,60.06,46.713
69.653,172.22,69.236,48.382
65.71,171.42,72.573,49.216
65.672,170.59,73.407,50.884
63.321,168.99,75.075,52.553
60.288,168.92,75.075,54.221
56.382,168.05,77.578,56.723
48.344,172.03,70.904,52.553
45.272,171.12,71.738,55.889
41.329,168.77,75.075,57.558
38.865,161.71,79.246,62.563
45.121,150.72,75.075,54.221
46.678,140.75,74.184,56.723
46.6,132.37,75.909,57.557
52.894,123.87,70.904,60.894
57.595,119.97,67.568,63.397
55.927,115.34,70.904,65.065
57.671,110.79,65.899,65.065
58.316,103.78,68.402,69.236
64.61,99.986,63.397,69.236
65.33,93.768,64.231,72.573
69.198,89.18,62.562,73.407
73.065,85.388,60.894,73.407
75.379,82.393,60.048,72.573
79.246,80.08,58.392,73.407
83.834,76.933,57.558,75.909
88.384,73.975,57.557,74.241
92.175,70.964,57.558,73.751
95.247,71.776,56.723,72.573
96.953,67.037,52.553,76.743
98.621,70.449,49.216,68.402
98.583,72.572,50.05,71.738
96.953,77.274,52.553,68.402
97.635,81.142,54.221,66.733
104.08,83.606,45.879,62.562
106.32,87.474,46.713,60.894
108.56,90.583,47.547,59.226
109.92,95.133,50.884,59.226
109.81,99.038,53.387,56.723
114.24,104.42,55.889,55.055
118.83,111.44,55.055,50.884
124.18,113.71,54.221,50.884
130.28,115.99,53.387,50.884
132.48,119.11,55.033,48.81
138.55,122.17,55.055,48.382
143.17,123.68,53.387,48.382
143.74,124.9,57.557,47.904
153.83,123.68,52.553,48.382
159.89,119.7,52.553,52.553
167.59,116.59,50.05,54.221
172.98,114.24,48.382,55.889
179.19,114.32,45.045,54.221
184.58,111.97,43.377,55.889
189.24,109.62,40.874,57.558
194.63,104.95,39.206,60.06
202.44,101.84,34.201,61.728
208.71,101.12,33.988,60.894
215.4,98.773,32.533,62.563
217.53,97.143,35.869,65.065
217.34,97.105,40.04,65.899
220.33,98.735,40.874,63.397
219.42,97.939,44.211,64.231
220.07,98.697,46.713,64.231
219.99,100.97,48.382,64.231
219.2,105.6,49.216,62.563
220.03,108.67,47.548,61.728
220.11,111.82,45.879,59.226
217.76,113.37,47.547,58.392
218.55,114.85,46.713,59.226
218.51,118.75,47.547,56.723
218.51,120.27,47.547,56.723
219.31,122.55,46.713,56.723
219.31,125.66,46.713,55.055
220.11,127.13,45.879,55.889
220.3,131.8,41.708,53.387
221.09,137.07,40.874,54.221
222.53,143.29,42.542,50.884
223.94,147.08,45.045,50.884
227.8,150.91,43.377,50.05
