NaN,NaN,NaN,-1
225.84,90.951,39.875,40.672
225.8,89.429,40.673,42.267
224.28,89.392,42.268,43.065
224.28,90.117,42.268,43.065
222.83,89.32,42.267,44.66
222.86,87.616,41.47,50.242
222.86,83.81,41.47,54.23
222.83,86.094,42.267,51.838
222.86,85.224,41.47,55.028
223.66,83.592,39.875,59.015
222.07,91.132,43.065,52.635
214.38,90.371,52.635,53.433
213.73,89.537,51.04,55.825
209.92,87.217,55.028,59.015
205.36,87.942,59.813,59.015
203.11,89.501,61.407,56.622
199.23,89.465,66.99,57.42
196.15,88.667,55.028,59.015
191.98,87.145,51.04,60.61
185.16,86.42,57.42,60.61
181.36,87.578,61.408,59.396
176.46,87.834,57.42,61.407
169.07,86.275,60.61,63.8
159.25,85.477,69.383,65.395
150.73,85.405,65.395,66.99
141.52,88.994,60.61,67.788
131.88,92.655,49.445,66.99
120.2,96.425,51.04,63.8
107.12,100.19,51.838,60.61
94.757,105.38,52.635,58.218
79.351,108.28,56.622,58.218
67.751,110.63,56.623,54.23
58.435,112.81,54.23,54.23
49.771,115.93,53.432,49.445
42.666,119.66,50.243,47.052
34.619,122.74,51.838,43.106
31.864,120.49,48.648,44.66
31.9,122.74,47.85,43.065
37.156,125.71,43.862,41.47
35.525,131.62,47.85,39.078
42.956,137.35,43.862,40.672
44.297,149.1,46.255,37.483
49.989,157.45,48.648,37.083
60.157,160.77,48.244,35.888
69.455,160.01,51.04,36.685
84.027,156.35,49.445,37.483
101.54,149.64,47.052,41.47
109.26,138.4,52.635,49.445
122.71,123.9,43.863,49.445
127.82,113.63,43.065,51.096
139.78,109.33,35.09,51.04
143.37,106.39,35.888,51.838
148.44,103.49,35.888,51.838
152.68,98.237,38.28,55.825
156.85,92.365,42.268,57.42
167.18,88.631,38.28,59.813
174.47,84.39,37.483,57.42
179.55,79.206,37.482,59.812
181.72,77.829,37.482,58.217
183.9,75.654,37.482,58.218
184.66,71.304,36.685,58.218
192.74,63.909,34.293,61.408
199.34,59.631,32.697,59.813
207.28,57.674,33.495,55.027
214.42,58.544,35.888,51.837
221.6,57.746,37.483,53.432
231.17,58.399,34.292,55.028
238.49,60.537,32.697,55.825
243.64,62.06,31.103,54.23
245.78,59.667,31.9,59.015
247.95,59.631,31.9,59.813
246.43,58.725,33.495,63.8
244.29,59.414,32.698,64.597
239.21,63.945,32.697,60.61
237.73,68.367,33.495,59.015
238.49,71.195,32.697,60.61
237,76.342,33.495,59.015
238.56,80.765,31.103,57.42
240.7,83.737,31.9,55.825
241.46,88.812,31.103,55.825
240.63,93.162,33.495,55.825
243.6,96.751,31.9,56.622
244.25,100.48,33.495,54.23
247.19,103.42,32.697,53.432
248.64,107.77,32.697,53.432
250.85,115.17,31.9,50.243
259.01,117.09,27.913,55.825
263.36,125.24,27.913,51.838
265.57,131.81,27.101,51.04
264.81,136.84,27.913,51.838
261.91,142.61,27.913,52.635
258.24,144.2,28.71,49.445
254.51,144.35,31.103,46.255
251.65,135.39,30.305,51.838
248.75,128,30.224,55.027
244.11,123.68,36.685,54.23
239.79,117.01,35.887,57.42
235.73,117.99,29.507,51.838
227.72,111.4,30.305,53.432
223.34,107.77,31.103,53.432
214.45,103.31,35.09,55.825
208.87,103.17,30.305,59.015
194.92,103.96,34.292,57.42
186.51,108.28,27.913,58.218
174.8,115.75,30.305,53.433
168.31,117.92,29.508,53.432
158.74,119.23,32.697,56.622
147.03,122.09,35.09,57.42
136.08,121.36,36.685,57.42
126.55,117.12,39.078,55.027
122.85,121.87,40.672,46.255
119.68,107.19,39.441,50.242
119.3,99.18,39.078,51.04
118.61,91.35,38.28,47.85
120.24,84.172,34.299,46.255
121.76,77.647,32.698,46.255
123.18,72.718,33.495,43.065
125.35,69.201,33.495,40.672
125.32,66.954,34.292,42.267
129.85,62.495,30.305,44.66
133.58,60.247,27.913,46.255
138.69,57.166,27.115,50.243
142.28,59.269,27.913,51.837
141.45,63.8,30.305,47.85
142.86,66.047,31.103,46.255
144.28,63.691,31.9,50.242
146.41,63.039,32.698,48.638
148.55,62.241,33.495,50.242
152.83,61.444,35.09,51.838
157.22,62.966,34.293,50.242
161.6,63.655,33.495,51.04
163.78,64.416,33.495,50.242
164.47,65.214,34.293,48.648
166.64,64.634,34.293,45.458
172.59,63.184,31.102,45.457
174.72,62.459,31.9,45.458
176.9,61.697,31.9,46.255
178.31,61.697,32.697,46.255
178.17,55.607,35.888,52.635
179.55,51.765,37.482,57.42
181.65,55.535,39.078,54.23
183.06,57.782,39.864,52.635
184.48,59.196,40.672,53.432
185.27,63.619,39.078,51.838
185.27,63.619,39.078,51.838
182.92,68.657,43.065,52.635
182.84,77.502,44.66,49.445
182.84,82.505,44.66,51.04
179.8,91.132,47.85,52.635
173.31,96.135,47.053,54.23
165.99,102.55,48.648,56.622
156.6,111.32,47.85,55.028
144.24,123.18,48.648,49.445
134.67,131.26,51.838,47.053
127.35,137.06,53.433,47.053
122.27,139.2,53.432,47.85
118.94,144.35,47.053,46.255
109.98,149.57,52.635,43.065
104.18,155.4,52.635,42.268
99.035,159.83,54.23,40.672
93.742,164.28,59.015,38.28
89.936,169.47,63.002,35.888
83.701,170.92,56.623,35.888
81.159,172.41,57.767,35.09
76.27,174.69,60.61,32.697
70.289,175.49,64.597,31.103
66.446,174.76,69.382,31.103
64.162,174.07,55.825,30.305
61.19,173.35,57.42,30.305
56.659,172.51,61.407,32.697
52.164,172.51,64.597,32.697
48.539,171.79,64.597,32.698
45.566,171.03,66.192,33.495
42.594,168.82,67.788,34.292
35.924,160.66,70.978,38.28
38.86,152.61,70.18,39.875
39.73,137.68,66.99,49.445
43.355,128.07,66.99,53.432
46.219,119.95,67.788,56.623
46.291,114.48,66.192,49.445
47.052,108.57,65.395,51.837
46.944,102.62,67.787,55.027
47.451,96.026,72.573,56.622
49.372,91.604,78.155,58.217
52.454,87.217,58.218,59.015
55.39,82.795,57.42,60.61
59.849,79.931,55.027,59.812
64.235,77.104,54.23,58.217
67.135,74.892,54.23,59.015
71.485,71.847,54.23,62.205
75.037,69.564,55.825,64.597
80.221,68.259,53.433,61.407
82.36,68.984,54.23,61.408
83.012,70.542,55.825,59.015
85.224,73.588,55.028,55.825
85.224,76.596,55.028,53.433
86.746,77.974,53.433,55.028
88.196,80.946,53.432,53.432
90.335,85.441,54.23,50.242
93.271,88.377,53.432,49.445
96.135,90.516,54.23,50.242
98.237,95.7,55.825,47.85
101.17,100.16,55.027,45.457
104.76,105.2,55.825,46.255
108.35,111.76,56.622,45.457
113.43,114.69,56.623,44.66
119.26,113.82,55.825,47.85
125.06,119.84,55.825,43.065
130.9,122.78,55.028,42.268
135.25,124.16,55.027,43.862
141.88,124.19,52.635,43.065
149.97,122.67,50.242,44.66
158.01,121.18,48.648,45.458
166.13,118.9,45.457,47.85
172.77,115.85,43.065,51.04
177.88,115.13,42.268,51.04
183.03,112.39,40.672,53.907
189.7,110.67,37.483,53.432
194.81,107.66,36.685,55.825
200.61,104.04,36.685,55.825
207.06,98.817,38.28,59.015
212.93,98.092,36.685,59.015
216.48,96.497,38.28,62.205
218.62,96.497,39.078,62.205
219.97,98.056,41.47,59.812
222.18,97.331,40.673,59.812
224.31,98.056,41.47,59.812
229.53,102.55,38.28,56.622
231.8,106.14,35.146,57.42
229.61,108.31,36.685,57.42
227.4,111.32,37.482,55.028
225.91,112.01,38.28,55.825
227.43,114.22,36.685,55.028
228.95,117.16,35.09,54.23
231.17,120.1,34.292,54.952
231.2,122.23,33.495,54.23
231.96,125.17,32.697,53.432
232.06,128.03,30.679,54.23
230.62,133.98,30.305,51.04
230.62,137.64,30.305,50.243
229.03,143.44,33.495,50.242
231.17,146.27,34.292,51.838
231,150.66,37.89,51.04
