NaN,NaN,NaN,-1
336.78,165.96,24.154,57.658
335.25,165.22,26.492,58.438
331.39,164.44,33.504,59.996
326.36,162.24,35.062,61.554
322.65,160.05,38.958,63.113
316.06,159.23,43.633,65.45
313.08,159.16,46.75,67.008
307.28,158.67,49.867,62.333
302.81,158.77,54.542,59.996
293.89,157.99,63.892,61.554
293.89,158.17,63.892,57.658
288.33,158.17,61.554,57.658
280.11,155.37,55.321,56.879
NaN,NaN,NaN,-2
NaN,NaN,NaN,0
NaN,NaN,NaN,0
NaN,NaN,NaN,0
NaN,NaN,NaN,0
NaN,NaN,NaN,-1
323.85,157.21,28.05,63.113
322.89,148.93,33.504,74.021
326.01,151.76,42.854,74.021
319.25,149.74,51.425,71.683
323.53,149.95,50.646,67.008
323.74,148.47,45.971,68.567
324.52,143.97,44.413,74.021
319.49,143.33,45.971,72.463
319.39,148.75,32.725,62.333
312.8,153.21,37.4,57.658
310.53,151.73,40.517,59.217
314.64,151.44,43.633,49.867
320.24,146.2,45.192,56.1
319.42,147.19,47.529,49.867
322.43,148.01,43.633,47.529
321.55,143.4,47.529,55.321
323.25,146.48,41.296,49.867
323.78,145.7,45.192,51.425
320.38,144.29,42.075,51.425
327.78,139.82,35.062,56.1
330.14,138.94,37.042,59.996
328.35,139.58,38.179,61.554
325.94,136.64,44.413,63.892
323.74,137.24,45.971,66.229
318.64,135.79,49.088,67.008
320.13,138.8,47.529,63.113
316.38,139.29,52.204,67.788
318.71,140.11,47.529,65.45
318.01,142.41,47.529,61.554
320.98,144.57,44.413,60.775
323.18,148.29,42.854,56.879
316.98,151.34,38.958,52.204
315.24,153.39,45.971,53.763
313.01,153.43,48.308,52.983
312.8,152.65,52.983,54.542
308.98,151.02,59.217,59.217
314.39,154.77,49.067,54.542
311.45,151.8,51.425,57.658
312.73,153.99,54.542,56.1
311.95,153.99,56.1,56.1
309.68,154.59,59.217,58.438
309.75,156.9,57.658,54.542
309.93,155.48,53.763,54.542
307.66,155.44,56.879,55.321
305.36,156.26,60.775,52.983
304.51,154.59,63.892,58.438
302.39,154.59,63.892,58.438
295.91,156.12,66.229,56.1
292.26,157.6,68.567,54.542
293.92,157.78,63.113,50.646
295.34,158.56,63.113,49.088
293.18,155.66,63.892,50.646
291.04,158.42,64.158,52.204
294.99,159.23,55.321,49.867
292.44,158.31,64.671,54.542
287.83,156.79,72.463,56.879
289.28,156.97,71.683,52.983
292.15,157.82,55.321,49.867
292.93,160.76,53.763,47.529
292.33,160.79,51.425,46.75
289.92,160.05,57.658,47.529
290.81,162.24,53.763,45.971
291.59,161.43,52.204,48.308
286.41,155.59,56.879,52.204
285.67,155.44,57.658,55.321
291.34,153.92,57.658,57.658
291.23,150.98,59.996,59.996
293.39,150.98,59.217,59.996
293.39,149.42,59.217,63.113
293.46,152.4,57.658,59.996
293.57,154.59,55.321,58.438
291.3,155.34,58.438,57.658
295.52,156.22,59.217,53.763
297.75,156.15,56.879,55.321
298.6,157.6,53.763,54.542
301.47,158.38,52.983,52.983
307.03,151.69,55.321,59.996
309.58,147.26,61.554,63.892
307.2,153.96,67.008,56.879
307.24,156.22,66.229,53.763
305.89,157.07,64.671,50.646
307.56,159.3,59.217,48.308
307.49,154.81,60.775,53.763
307.56,154.84,59.217,52.983
306.11,153.32,59.996,55.321
307.35,156.29,63.892,52.204
305.65,154.56,70.125,59.217
306.43,155.3,68.567,58.438
308.87,155.83,61.554,62.333
310.25,157.29,62.333,61.554
313.12,156.51,61.554,63.113
314,158.1,57.658,59.217
314.54,158.1,61.554,59.217
318.68,159.55,55.724,58.438
318.25,157.99,57.658,61.554
317.44,158.77,59.996,59.996
319.56,157.25,59.996,62.333
317.94,155.73,64.671,64.671
318.47,155.73,68.567,64.671
322.82,157.39,66.229,59.217
324.35,159.66,63.892,56.1
324.52,161.15,59.996,54.542
322.19,158.88,64.671,57.658
317.97,162.46,63.892,56.879
317.94,159.52,64.671,59.217
310.85,161.11,64.671,55.321
NaN,NaN,NaN,-2
NaN,NaN,NaN,0
NaN,NaN,NaN,0
NaN,NaN,NaN,0
NaN,NaN,NaN,0
NaN,NaN,NaN,-1
379.21,164.55,25.713,57.658
378.25,166.67,31.167,57.658
378.11,162.28,34.283,60.775
381.77,162.14,30.449,63.892
384.02,161.39,28.829,64.671
384.55,162.07,32.725,65.45
385.76,166.42,37.4,63.113
388.34,157.43,42.854,74.021
387.46,158.14,46.75,74.021
388.1,164.09,48.308,67.788
388.88,167.8,46.75,63.892
389.65,169.29,45.192,62.333
396.3,164.9,36.749,65.45
402.76,161.78,37.4,71.683
403.36,157.43,39.738,74.021
402.72,157.46,38.179,73.242
400.53,157.82,39.738,81.033
406.9,158.31,39.738,70.125
405.34,153.85,42.854,74.8
406.05,155.34,42.854,73.242
411.4,160.58,34.283,67.008
411.36,158.56,35.062,64.671
411.12,158.86,40.517,58.067
411.08,157.37,41.296,57.753
408.18,157.46,42.854,57.658
406.65,157.53,45.192,56.1
402.83,154.56,51.425,59.217
401.34,152.29,52.983,62.333
400.42,149.85,57.658,69.346
395.71,152.93,67.788,63.892
395.68,155.12,68.567,62.333
395.64,158.49,69.346,50.646
400.81,162.1,64.671,49.088
412,162.24,52.204,45.971
412.6,162.39,54.542,42.854
420.68,161.68,48.308,42.854
427.51,163.02,53.763,44.413
430.95,162.17,56.1,47.529
433.98,162.88,56.636,47.529
438.6,162.1,59.217,49.088
439.77,161.39,64.671,49.088
446.32,162.17,60.775,47.529
450.75,163.66,56.879,45.971
442.21,159.34,73.242,47.529
445.86,157.32,70.904,45.192
453.09,156.01,67.788,42.854
454.64,155.27,64.671,43.633
457.12,157.27,56.879,46.347
455.06,158.67,56.809,46.75
452.13,158.1,57.658,43.633
450.71,157.5,57.658,41.296
451.46,156.68,56.879,43.633
454.71,158.03,63.113,45.192
459.99,163.2,56.1,40.517
459.99,159.3,56.1,48.308
457.69,157.18,59.991,48.308
461.51,160.08,53.763,46.75
461.44,158.63,55.321,47.529
456.31,162.35,59.217,43.633
452.02,164.37,59.996,45.971
452.31,164.51,53.763,42.854
448.69,165.22,55.321,42.854
445.83,167.38,56.1,42.075
443.7,167.88,56.1,46.75
442.35,170.25,54.542,41.296
442.39,169.54,53.763,41.296
443.24,170.5,50.646,35.842
440.12,166.88,56.879,37.4
439.98,163.87,59.996,41.296
441.43,165.36,59.217,39.738
439.91,166,61.554,41.296
443.66,167.52,56.879,38.958
443.81,166.3,53.763,34.704
442.28,165.61,56.1,34.283
441.65,165.64,54.542,33.504
436.4,164.19,60.775,34.283
441.01,163.45,52.983,35.062
437.47,163.48,52.983,34.283
433.82,158.49,55.321,35.062
435.41,157.6,51.425,38.958
433.82,158.24,55.321,40.517
429.43,161.96,58.438,36.621
427.94,159.73,59.996,38.958
433.18,151.55,53.763,47.529
436.09,147.26,52.204,48.308
435.16,147.9,56.879,49.867
434.46,150.13,56.879,47.529
430.77,148.71,59.996,47.529
432.19,151.02,59.996,43.633
433.71,149.53,57.658,45.192
432.9,149.49,59.996,45.971
432.47,148.79,53.763,45.971
434.03,148.08,50.646,45.971
439.91,147.26,45.971,48.308
439.38,145.1,42.075,49.088
438.74,144.43,40.517,48.308
440.19,142.34,39.738,47.529
436.48,145.28,43.633,45.192
437.29,144.36,41.296,49.867
439.56,143.58,38.179,51.425
440.19,140.46,39.738,57.658
447.42,138.3,36.621,58.438
446.36,134.06,44.413,58.274
449.76,136.57,47.529,58.026
453.3,140.5,47.529,56.879
463.6,142.91,38.958,50.646
469.41,141.7,35.842,45.971
474.73,135.93,43.633,48.308
482.59,124.84,42.075,58.438
477.88,120.45,52.204,61.554
487.26,118.33,48.308,61.554
492.15,119.25,49.867,56.879
495.59,117.76,52.204,58.438
497.64,116.91,53.763,57.101
504.86,111.24,50.646,61.554
506.85,111.14,53.763,63.892
509.75,113.4,52.204,60.775
506.81,116.38,54.542,57.658
506.92,118.82,52.204,50.646
504.62,115.88,56.1,52.983
501,110.78,57.658,56.1
504.72,107.81,53.763,59.217
506.25,110.18,51.425,53.763
509.82,106.43,50.646,58.438
509.29,106.46,46.75,57.658
506.53,107.14,45.192,58.438
500.65,105.65,49.867,59.996
498.49,107.1,50.646,59.217
493.46,104.23,52.179,59.996
487.69,107.1,54.542,59.217
484.89,104.83,53.763,62.333
482.76,115.39,53.763,48.308
483.58,113.94,51.425,49.088
481.42,112.52,52.204,49.088
477.88,107.14,52.204,58.438
472.74,101.19,56.1,64.671
470.65,99.485,55.321,70.904
467.61,95.058,59.996,59.217
463.18,89.285,63.892,61.554
463.21,84.788,63.113,67.008
461.02,86.417,64.671,62.333
458.15,82.91,65.45,61.554
453.79,73.985,67.787,70.904
457.05,68.035,58.438,77.138
454.89,68.921,59.217,73.242
453.51,77.952,58.438,61.554
457.9,69.842,55.321,68.567
457.23,65.415,54.542,72.463
458.72,68.496,52.983,67.008
457.19,77.527,55.321,55.321
457.12,82.804,56.879,48.308
456.24,77.704,60.775,51.425
455.35,79.192,64.671,49.867
466.61,84.008,50.646,52.983
467.22,82.485,52.983,55.321
466.44,80.077,54.542,61.554
468.67,79.51,52.204,58.438
468.74,80.36,50.646,55.321
468,79.652,51.425,55.321
468,80.431,51.425,53.762
472.49,82.167,45.971,46.75
465.76,78.271,53.763,54.542
459.92,74.588,57.658,57.658
459.92,75.402,57.658,55.321
477.03,84.965,39.738,47.529
474.12,86.346,41.296,48.308
470.69,89.958,38.958,46.75
480.22,90.029,28.231,45.192
478.44,89.569,24.154,39.738
471.93,88.86,27.271,39.738
464.6,89.266,32.725,39.312
455.95,88.683,35.842,43.633
448.73,87.16,38.958,45.971
451.85,89.25,32.725,46.75
444.71,89.923,33.877,47.529
437.22,92.933,42.854,43.633
431.02,90.879,38.958,42.075
429.6,90.879,38.958,42.075
430.28,93.713,39.738,42.075
428.9,95.731,38.958,44.412
423.02,95.59,43.633,47.529
418.06,94.279,43.633,45.192
416.66,94.315,43.265,44.413
421.14,93.571,38.179,45.192
419.83,92.579,35.842,51.425
416.64,93.146,43.633,54.542
415.19,96.05,44.413,52.983
413.7,95.802,45.971,58.438
413.17,95.944,42.075,55.321
413.17,98.954,42.075,51.425
412.46,98.954,42.075,51.425
413.24,98.883,40.517,52.983
413.17,101.29,42.075,46.75
410.83,99.981,46.75,44.412
406.34,97.254,52.204,42.075
402.01,95.696,53.763,45.192
396.95,95.625,56.1,46.75
391.13,97.502,59.564,52.204
411.36,96.617,35.062,56.1
405.77,98.317,33.504,49.867
402.9,96.794,34.283,52.204
401.48,95.377,34.283,52.204
396.4,97.502,37.103,52.204
396.42,95.944,36.621,55.321
394.93,95.908,38.179,56.1
389.69,94.421,44.413,57.658
383.28,93.484,45.192,62.696
381.83,94.81,45.971,64.671
382.54,96.227,45.971,64.671
382.5,95.271,46.75,70.125
380.27,94.385,49.088,74.021
378.78,94.315,50.646,75.579
376.09,100.3,47.529,68.567
371.2,101.4,45.971,59.996
362.53,100.65,49.867,60.775
359.9,100.05,45.192,58.438
359.9,100.05,45.192,58.438
359.87,100.02,45.971,59.217
