NaN,NaN,NaN,-1
334.55,165.96,26.492,57.658
333.7,163.01,29.608,60.384
330.61,160.86,35.062,60.775
324.84,160.83,37.4,61.554
323.39,156.36,38.179,66.229
318.89,151.12,43.633,72.463
315.92,152.62,46.75,70.797
309.29,154.56,52.204,74.8
301.96,149.71,57.658,72.463
297.5,145.31,62.333,75.579
299.8,143.83,58.438,77.138
293.96,146.91,62.333,71.683
279.23,150.31,74.8,74.8
277.77,162.88,75.579,63.113
285.21,162.14,67.788,63.892
289.78,168.83,60.775,56.879
288.22,166.03,63.892,56.1
283.76,160.65,68.567,65.45
285.07,139.9,86.488,85.708
283.19,127.36,81.033,96.617
284.96,158.45,73.242,67.008
294.6,172.59,63.892,52.204
295.84,169.61,67.788,55.321
296.69,173.42,64.671,49.484
288.47,167.56,74.021,53.763
287.76,168.94,74.021,54.542
290.38,169.01,63.22,52.983
296.97,164.2,58.438,55.797
297.11,162.42,55.321,57.658
296.37,159.3,56.1,63.892
294.73,156.9,60.867,70.125
294.63,153.53,63.113,66.229
303.59,150.06,52.983,64.671
302.85,150.03,53.763,65.45
292.29,151.58,67.788,62.333
297.57,156.86,60.775,55.321
292.58,149.28,61.554,66.229
292.51,156.12,63.113,56.1
296.97,157.53,58.438,56.1
289.39,155.27,69.346,59.217
289.25,154.35,72.463,63.892
288.72,154.98,68.567,65.45
287.19,155.69,70.904,65.45
297.71,154.38,57.658,63.113
295.45,154.42,60.775,62.333
293.96,156.72,62.333,58.438
293.21,155.23,63.113,59.996
298.6,155.13,53.763,46.75
297.57,154.17,60.775,52.204
298.99,155.59,60.775,52.204
306.07,160.19,60.775,59.996
302.92,162.39,67.788,58.438
302.18,162.03,68.567,50.646
303.59,163.41,68.567,51.425
304.37,165.27,67.008,49.484
301.36,164.19,70.904,49.867
299.2,164.19,71.683,49.867
299.27,161.25,70.125,52.204
298.88,165.04,63.113,46.75
298.88,161.39,63.113,49.088
298.81,159.94,64.671,49.867
295.84,157.53,67.788,56.1
294.24,157.5,71.683,56.879
289.14,159.66,74.8,56.1
285.46,158.17,77.917,57.658
284.33,157.43,71.683,58.438
283.76,159.84,68.567,52.204
280.93,162,68.567,51.425
275.75,160.61,73.242,50.646
277.21,165.71,72.463,47.529
276.46,163.48,73.242,49.867
275.9,161.25,70.125,52.204
274.23,164.9,75.579,49.867
277.77,163.27,75.579,54.542
280.75,158.74,72.463,60.775
274.73,157.99,80.254,61.554
275.79,160.3,72.463,57.658
275.93,161.68,69.346,58.438
275.26,162.46,68.567,56.879
277.35,163.2,69.346,56.1
273.56,163.91,74.8,56.1
275.97,165.43,68.567,53.763
274.73,164.65,64.671,55.321
273.98,164.69,65.45,54.542
274.55,160.93,68.567,59.217
275.19,166.92,70.125,52.204
279.69,165.36,64.671,55.321
280.5,166.1,62.333,54.542
279.65,165.29,65.45,56.879
277.56,164.55,64.671,57.658
275.51,161.57,63.113,60.775
279.56,160.93,59.61,59.217
279.05,160.23,63.113,59.217
279.01,160.23,63.892,59.217
282.06,161.71,59.217,57.658
283.58,164.72,56.879,53.763
282.73,163.2,59.996,56.1
286.52,159.48,54.471,59.996
285.64,159.48,58.438,59.996
286.24,159.48,60.775,59.996
285.67,159.45,57.658,60.775
NaN,NaN,NaN,-2
NaN,NaN,NaN,0
NaN,NaN,NaN,0
NaN,NaN,NaN,0
NaN,NaN,NaN,0
NaN,NaN,NaN,-1
347.3,153.07,26.492,60.775
347.9,153.85,28.829,59.217
349.81,155.12,33.504,62.333
347.54,155.2,36.621,60.775
354.91,154.03,45.971,55.321
357.78,155.55,45.192,52.983
359.2,157.07,45.192,50.646
359.69,153.92,49.867,57.658
360.44,153.07,49.088,60.775
363.91,152.08,50.646,67.008
363.59,144.68,57.658,74.021
363.66,142.48,56.1,59.996
367.48,140.99,49.867,61.554
368.23,146.98,49.088,54.542
366.78,148.29,49.867,56.879
363.62,143.83,56.879,61.554
366.56,146.77,54.542,59.217
360.54,139.9,62.333,70.125
358.45,138.8,61.554,78.696
352.89,151.9,74.8,70.904
354.91,151.51,77.138,63.892
367.02,152.58,59.996,56.1
364.19,151.94,59.996,54.542
367.27,151.87,54.542,56.1
368.76,153.32,52.983,55.321
367.74,153.18,59.724,58.438
369.15,155.41,59.996,56.1
369.93,154.7,58.438,56.1
371.24,149.35,60.775,64.671
371.98,150.91,59.996,61.554
370.42,153.89,63.113,58.438
369.61,153.81,65.45,59.996
370.21,150.98,67.788,59.996
375.06,152.54,54.542,56.879
372.65,151.73,60.775,59.217
374.74,153.96,61.554,56.879
378.99,154.7,61.554,56.1
376.55,155.23,68.567,59.996
372.73,152.22,74.8,63.892
382.29,152.19,67.008,64.671
383.6,153.64,69.346,63.892
385.72,148.93,69.346,58.438
384.94,146.66,68.678,61.554
384.09,145.88,74.021,63.113
388.45,143.69,71.683,64.671
387.03,143.3,71.683,73.242
384.84,155.3,73.242,58.438
386.71,159.27,63.113,49.088
387.92,157.11,67.788,49.867
384.06,153.35,74.8,54.542
396.14,154.42,58.438,46.75
395.14,153.25,64.671,56.879
393.55,150.36,68.567,57.997
393.02,155.66,64.671,50.646
396.84,160.19,58.438,44.413
402.13,157.99,51.282,45.971
407.22,161.54,48.308,45.971
409.38,160.61,47.529,50.646
412.04,162.19,51.425,47.229
412.6,159.91,54.542,50.646
424.86,154.1,49.867,53.763
424.54,151.02,56.879,59.217
427.3,161.5,58.438,46.75
426.35,163.7,63.892,45.192
427.62,163.02,67.008,44.413
436.44,162.99,62.959,45.192
447.03,158.56,45.192,49.088
453.48,156.97,43.633,52.983
456.59,155.09,37.4,47.529
456.38,154.94,42.075,43.238
455.64,152.5,42.854,42.075
458.58,150.88,40.328,46.75
456.31,150.89,43.633,46.311
451.07,151.48,49.867,49.088
448.06,152.93,53.763,48.308
448.13,155.87,52.204,45.971
449.51,157.99,52.983,45.971
455.42,160.83,47.529,45.971
459.21,162.1,42.075,49.088
462.15,162.99,39.738,45.192
460.63,162.99,42.075,45.192
460.88,164.55,36.621,42.075
459.39,164.51,38.179,42.854
461.02,165.25,33.504,42.075
455.06,164.51,36.031,42.854
452.34,162.95,37.4,45.971
448.73,162.92,38.958,46.75
451.17,162.88,31.946,47.529
450.43,164.26,32.725,48.308
450.46,164.9,31.946,49.867
452.77,163.48,29.529,49.867
451.88,160.69,31.946,49.088
451.85,160.93,32.725,43.633
452.59,160.83,31.946,45.971
454.61,164.02,34.283,41.144
455.39,163.09,32.725,42.854
456.06,159.45,33.504,45.192
457.55,160.97,31.946,42.854
455.99,161.11,35.062,39.738
454.48,159.52,37.108,43.633
454.43,157.11,38.179,49.867
452.2,157.96,40.517,46.75
450.18,160.83,38.179,37.805
450.32,162,35.062,35.842
449.79,162.7,31.167,35.842
450.68,163.34,27.271,37.4
452.2,163.34,24.933,37.4
452.16,161.15,25.713,38.958
453.62,158.95,24.933,40.517
453.58,159.69,25.713,39.738
452.84,156.01,26.492,42.854
454.5,155.09,21.038,47.529
453.01,161.61,22.596,44.413
452.98,160.01,23.375,48.308
453.01,161.5,22.596,46.75
453.76,160.79,21.817,46.75
452.98,159.2,23.375,50.646
454.96,159.16,26.492,51.425
455.32,156.4,34.283,49.867
458.26,155.09,31.946,47.529
457.62,152.72,30.388,52.983
457.65,154.17,29.608,52.204
459.85,157.87,28.05,48.324
458.33,156.58,30.388,45.971
459.81,155.55,28.829,52.983
463.43,154.56,27.271,59.217
466.26,153.78,27.271,60.775
465.23,155.12,34.283,62.333
469.31,155.02,38.179,49.088
474.34,152.82,36.621,50.646
476.39,154.49,38.179,45.192
479.79,157.53,41.296,40.517
486.24,154.7,39.738,40.517
493.5,154.74,35.842,39.738
499.34,156.4,31.946,34.283
503.34,152.79,37.4,35.842
503.73,146.13,44.412,42.075
506.56,144.64,44.413,43.633
513.79,142.55,41.296,42.854
521.83,139.61,35.842,45.192
522.54,138.16,35.842,45.971
523.35,137.45,33.504,45.971
521.83,139.79,35.842,41.296
518.85,138.85,38.958,38.567
518.92,139.26,37.4,37.4
515.69,138.59,37.822,36.621
510.96,137.1,41.296,38.179
505.11,138.59,45.192,36.621
500.05,136.96,47.529,41.296
498.67,136.18,46.75,42.854
494.98,133.27,49.867,44.413
491.37,134.83,51.425,41.296
486.98,134.9,54.542,39.738
479.58,134.8,61.554,42.075
473.77,134.72,64.671,43.633
471.01,131.75,63.112,46.75
469.55,131.64,63.892,49.088
467.54,130.26,61.554,48.308
468.31,128.92,59.996,46.75
467.11,125.87,55.321,51.425
464.91,124.42,56.879,52.204
464.21,120.98,56.879,49.867
462.08,113.79,56.879,52.204
457.83,110.22,56.879,52.983
457.87,107.95,56.1,56.1
453.72,101.43,53.763,59.217
447.95,96.935,56.1,64.671
446.39,91.8,59.217,68.567
444.94,86.665,59.996,72.463
444.16,81.99,61.554,66.229
444.9,77.633,60.775,68.567
440.51,68.673,63.892,78.696
443.42,76.11,62.333,70.904
439.03,71.648,65.45,75.579
437.47,66.973,68.567,69.346
441.19,74.446,64.671,60.775
442.67,67.115,63.113,66.229
442,72.25,62.333,62.333
434.67,73.667,67.788,62.333
429.57,74.977,70.904,64.671
NaN,NaN,NaN,-2
NaN,NaN,NaN,0
NaN,NaN,NaN,0
NaN,NaN,NaN,0
NaN,NaN,NaN,0
NaN,NaN,NaN,-1
488.08,81.317,30.388,65.45
487.4,81.246,29.608,67.008
486.7,82.84,29.608,63.113
485.35,84.363,28.05,60.775
482.27,85.035,33.504,61.554
478.83,85.85,31.167,59.217
476.99,85.319,24.933,55.321
471.43,83.158,22.635,56.1
463.46,83.088,26.492,57.658
454.71,82.344,31.946,58.437
455.53,85.992,29.608,56.1
446.04,88.79,35.842,56.879
437.29,87.196,41.296,60.775
434.61,88.01,38.021,58.438
429.04,87.302,35.842,58.438
426.17,90.242,36.621,56.1
437.4,91.783,23.375,53.351
431.55,92.473,27.271,53.763
427.9,90.985,29.608,55.321
422.03,91.942,34.283,49.867
419.83,94.208,35.842,46.75
418.41,88.294,35.842,52.204
417.6,91.198,38.179,50.646
415.37,91.942,40.517,49.867
415.4,91.906,39.738,50.646
413.17,92.544,42.075,52.204
410.94,92.473,44.413,53.763
416.22,93.288,37.4,51.425
418.8,94.704,34.692,51.425
417,90.95,35.842,56.1
414.8,91.623,37.4,56.879
412.57,95.483,39.738,49.867
408.85,93.996,43.633,51.425
406.02,93.96,43.633,52.204
403.82,93.783,45.192,56.1
397.94,96.546,49.867,57.658
395.11,97.219,49.867,58.437
384.94,94.988,55.321,60.775
382.08,94.208,56.1,62.333
392.56,96.44,43.633,59.996
389.65,95.59,45.192,63.113
388.17,94.74,46.75,66.229
385.97,93.925,48.308,68.567
384.66,95.391,45.971,67.03
375.95,95.802,50.646,58.438
392.35,92.685,32.725,64.671
389.44,92.579,34.283,67.008
387.18,92.685,37.4,64.671
382.71,93.713,42.075,57.658
380.45,93.571,45.192,60.775
376.41,95.094,40.517,58.437
366.85,94.881,48.308,63.113
360.15,94.102,55.321,64.671
354.95,93.996,60.775,51.425
355.73,93.996,59.217,51.425
355.73,93.996,59.217,51.425
