NaN,NaN,NaN,-1
168,80,49,50
167,79,49,50
168,80,49,50
167,79,49,50
165,79,49,50
166,79,49,50
165,78,49,50
164,79,49,50
162,76,49,50
161,76,49,50
156,77,49,50
154,73,49,50
151,75,49,50
146,73,49,50
143,72,49,50
141,69,49,50
136,69,49,50
133,67,49,50
128,65,49,50
124,65,49,50
122,64,49,50
117,64,49,50
114,63,49,50
109,61,49,50
105,61,49,50
100,60,49,50
96,62,49,50
93,62,49,50
91,64,49,50
85,66,49,50
83,66,49,50
83,69,49,50
82,69,49,50
81,70,49,50
81,72,49,50
78,73,49,50
81,72,49,50
81,74,49,50
81,76,49,50
82,77,49,50
84,78,49,50
83,83,49,50
84,87,49,50
82,89,49,50
87,91,49,50
87,95,49,50
92,97,49,50
94,99,49,50
98,102,49,50
102,104,49,50
104,105,49,50
108,107,49,50
115,106,49,50
121,106,49,50
124,106,49,50
129,106,49,50
134,104,49,50
137,104,49,50
142,105,49,50
147,105,49,50
152,106,49,50
156,105,49,50
159,105,49,50
167,105,49,50
170,106,49,50
175,105,49,50
180,105,49,50
185,109,49,50
188,109,49,50
192,111,49,50
200,111,49,50
201,114,49,50
203,118,49,50
205,120,49,50
208,123,49,50
207,126,49,50
208,127,49,50
207,130,49,50
207,134,49,50
208,136,49,50
206,137,49,50
205,138,49,50
204,141,49,50
202,143,49,50
201,144,49,50
199,145,49,50
196,145,49,50
190,147,49,50
189,147,49,50
188,147,49,50
183,147,49,50
179,146,49,50
178,143,49,50
177,141,49,50
177,135,49,50
179,132,49,50
178,125,49,50
177,122,49,50
176,118,49,50
175,114,49,50
174,111,49,50
174,106,49,50
174,104,49,50
175,99,49,50
174,94,49,50
175,88,49,50
176,88,49,50
175,87,49,50
173,87,49,50
173,88,49,50
172,87,49,50
171,89,49,50
171,90,49,50
169,92,49,50
168,93,49,50
169,94,49,50
170,95,49,50
170,94,49,50
171,94,49,50
170,96,49,50
171,96,49,50
171,96,49,50
172,96,49,50
175,97,49,50
175,96,49,50
178,96,49,50
179,96,49,50
181,93,49,50
183,88,49,50
174,87,49,50
173,86,49,50
173,83,49,50
174,81,49,50
173,78,49,50
171,76,49,50
171,74,49,50
169,73,49,50
169,72,49,50
170,70,49,50
169,72,49,50
172,64,49,50
174,59,49,50
176,41,49,50
183,39,49,50
182,38,49,50
184,38,49,50
184,37,49,50
176,37,49,50
174,38,49,50
172,37,49,50
173,37,49,50
170,38,49,50
168,56,49,50
171,48,49,50
173,36,49,50
175,37,49,50
174,34,49,50
173,38,49,50
187,59,49,50
192,61,49,50
190,64,49,50
167,71,49,50
166,74,49,50
166,77,49,50
166,80,49,50
166,84,49,50
167,86,49,50
168,88,49,50
172,91,49,50
174,94,49,50
176,96,49,50
174,95,49,50
172,94,49,50
168,91,49,50
163,89,49,50
158,89,49,50
151,87,49,50
145,85,49,50
136,84,49,50
128,81,49,50
119,79,49,50
113,77,49,50
104,75,49,50
97,73,49,50
90,71,49,50
80,69,49,50
73,69,49,50
67,67,49,50
58,65,49,50
54,64,49,50
48,66,49,50
44,69,49,50
38,71,49,50
35,75,49,50
31,78,49,50
31,82,49,50
33,86,49,50
35,87,49,50
38,89,49,50
40,93,49,50
46,97,49,50
50,102,49,50
53,107,49,50
55,112,49,50
58,118,49,50
60,123,49,50
64,130,49,50
67,135,49,50
67,136,49,50
72,140,49,50
74,141,49,50
81,145,49,50
84,146,49,50
88,148,49,50
91,151,49,50
94,150,49,50
101,151,49,50
103,155,49,50
107,159,49,50
112,165,49,50
118,168,49,50
123,174,49,50
130,177,49,50
134,180,49,50
138,180,49,50
145,180,49,50
149,181,49,50
155,180,49,50
158,178,49,50
163,177,49,50
167,173,49,50
170,169,49,50
172,165,49,50
176,163,49,50
175,159,49,50
177,157,49,50
177,153,49,50
181,150,49,50
181,148,49,50
181,146,49,50
183,144,49,50
184,143,49,50
184,141,49,50
183,138,49,50
182,137,49,50
184,136,49,50
183,133,49,50
182,130,49,50
181,126,49,50
181,121,49,50
180,115,49,50
179,112,49,50
177,107,49,50
177,105,49,50
175,102,49,50
174,97,49,50
172,97,49,50
171,97,49,50
171,95,49,50
170,94,49,50
170,93,49,50
170,93,49,50
169,93,49,50
