NaN,NaN,NaN,-1
140.42,44.075,20.5,87.125
140.42,43.05,20.5,90.2
140.42,42.025,21.525,89.175
140.42,43.05,20.5,87.125
139.4,44.075,22.55,85.075
139.4,44.075,22.55,85.075
139.4,44.075,20.5,85.075
138.38,42.025,22.55,87.125
138.38,42.025,22.55,89.175
138.38,43.05,22.55,87.125
138.38,41,20.5,89.175
138.38,43.05,20.5,88.15
138.38,42.025,19.475,91.225
137.35,70.725,20.5,65.6
136.32,67.65,21.525,68.675
136.32,58.425,21.525,79.95
136.32,58.425,21.525,79.95
135.3,57.4,20.5,79.95
134.27,56.375,21.525,78.925
135.3,57.4,19.475,77.9
135.3,50.225,20.5,86.1
134.27,46.125,20.5,90.2
134.27,47.15,21.525,89.175
132.22,47.15,23.575,91.225
132.22,48.175,23.575,88.15
132.22,46.125,23.575,91.225
132.22,46.125,22.55,90.764
132.22,43.05,24.6,94.3
130.17,43.05,25.625,94.3
130.17,38.95,25.625,98.4
130.17,39.975,25.625,98.4
129.15,36.9,25.625,101.47
129.15,33.825,27.675,97.444
129.15,31.775,28.7,99.425
128.13,31.775,29.725,99.425
128.13,30.75,29.725,98.4
127.1,29.655,32.8,99.495
127.1,46.125,33.825,83.025
127.1,45.1,31.775,84.05
127.1,43.05,32.8,81.929
126.07,39.975,35.875,88.15
130.17,37.925,32.8,89.175
127.1,37.911,36.9,92.264
126.07,56.375,34.85,66.625
127.1,55.35,38.95,67.65
126.07,52.275,43.05,72.775
124.02,51.25,45.1,77.9
124.02,49.2,48.175,78.925
124.02,46.125,46.125,80.975
123,45.1,35.875,79.95
124.02,44.075,35.875,80.975
124.02,42.025,37.925,84.05
124.02,39.975,42.025,89.175
124.02,37.925,39.975,92.25
124.02,53.3,42.025,77.9
121.97,72.775,44.075,60.475
124.02,74.825,43.05,61.5
121.97,78.428,44.075,56.872
121.97,78.925,44.075,56.375
123,80.809,43.05,55.516
121.97,79.95,44.075,56.375
123,79.95,43.05,54.325
123,77.9,43.05,63.55
135.3,75.85,30.75,66.625
135.3,72.775,29.725,66.625
133.25,72.775,31.775,66.625
132.22,71.75,32.8,64.575
133.25,71.75,31.775,68.675
131.2,69.7,36.9,67.65
131.2,69.7,35.875,66.625
131.2,68.675,41,67.65
132.22,67.65,43.05,65.571
133.25,67.65,42.025,63.55
135.3,65.6,35.875,55.35
135.3,64.575,39.975,55.35
134.27,65.6,43.05,51.25
133.25,64.575,44.075,46.125
133.25,63.55,38.95,45.1
132.22,63.55,41,42.025
132.22,64.575,42.563,34.85
129.15,65.6,47.15,33.825
132.22,64.575,46.125,35.875
132.22,62.525,47.15,33.825
131.2,62.525,48.175,36.9
133.25,60.475,46.125,38.95
134.27,58.425,45.1,44.075
135.3,57.4,42.025,47.15
137.35,55.35,39.975,33.825
137.35,52.275,38.95,37.925
138.38,51.25,36.9,37.925
138.38,50.225,34.85,38.95
139.4,50.225,37.925,42.025
142.47,51.25,34.85,42.025
136.32,51.25,39.975,43.05
134.27,53.3,39.975,44.075
135.59,55.653,37.439,43.51
137.61,55.653,36.427,45.534
138.63,52.617,36.427,50.593
138.63,54.641,36.427,38.451
139.64,54.641,36.427,39.463
136.6,47.558,40.475,47.558
132.55,46.546,42.498,37.439
129.52,42.016,41.487,38.934
130.53,42.498,39.463,39.463
133.57,43.51,37.439,39.463
135.59,43.51,33.392,45.534
137.61,41.487,30.356,47.558
136.6,42.498,31.368,46.546
134.58,45.534,36.427,44.522
133.57,42.498,39.463,46.546
129.52,43.51,47.558,49.581
131.54,45.534,48.57,47.558
132.55,46.546,50.593,45.534
131.54,50.593,52.617,41.487
127.5,51.605,54.641,39.463
125.47,50.593,58.255,40.475
120.41,47.558,63.748,44.522
122.44,47.069,46.546,45.011
124.86,46.546,44.125,42.498
125.47,50.593,42.498,38.451
127.5,49.581,39.463,38.451
125.47,47.558,39.463,41.487
126.48,46.546,37.439,39.463
125.47,46.546,38.451,37.243
129.52,47.558,32.38,36.427
127.5,40.475,36.427,46.546
126.48,41.487,39.463,43.51
120.41,42.498,45.534,39.463
119.4,43.51,46.609,36.427
110.29,45.534,58.688,33.392
108.27,48.57,62.736,31.368
117.38,47.558,54.641,30.356
117.38,45.534,54.641,32.38
116.36,43.51,55.653,35.415
115.35,38.451,57.676,41.487
115.35,33.392,56.668,48.57
114.34,32.38,55.653,46.546
113.33,33.166,55.653,43.736
113.33,32.38,53.629,45.534
111.31,31.368,54.641,47.558
117.38,30.356,48.57,51.605
134.58,30.356,33.392,52.617
135.59,36.427,34.403,47.558
137.61,39.463,37.439,44.522
138.63,44.522,40.475,40.475
139.64,49.581,43.51,34.403
136.6,48.57,48.57,37.439
135.59,49.581,51.605,42.498
134.58,48.57,52.356,44.522
133.57,47.558,52.617,46.546
134.58,46.546,50.593,48.57
136.6,45.534,43.51,48.57
138.63,60.712,33.392,37.439
139.64,60.712,27.32,36.427
137.61,63.748,30.356,34.403
136.6,61.724,31.368,34.455
133.57,63.748,34.403,34.403
132.55,64.76,32.38,29.344
132.55,58.688,34.403,36.427
130.53,61.724,39.463,34.403
129.78,62.893,38.934,33.942
125.79,63.891,46.92,31.946
124.79,67.884,49.915,29.949
127.78,69.881,46.92,26.954
129.78,71.878,44.923,25.956
139.76,70.879,36.937,27.952
137.77,69.881,38.934,31.946
138.76,69.881,36.937,39.932
136.77,67.884,37.06,46.92
138.76,68.883,36.937,47.918
137.77,67.884,36.937,37.935
136.77,69.881,34.94,37.935
136.77,72.876,36.937,35.939
137.77,73.874,32.944,37.935
138.76,74.872,29.949,31.946
137.77,75.871,30.265,31.952
136.77,77.867,34.94,30.023
134.77,81.861,38.934,25.956
134.77,80.862,37.935,27.952
132.77,79.864,39.932,28.951
132.77,78.866,41.423,30.947
131.78,78.866,37.935,30.947
128.78,76.869,39.932,34.94
128.78,68.883,35.939,41.929
129.78,73.874,32.944,38.934
129.78,76.869,33.942,36.937
130.78,73.874,32.944,38.934
130.78,76.869,35.939,32.944
132.77,72.876,32.944,32.944
133.77,66.886,33.942,36.937
131.78,66.886,37.935,36.937
130.78,74.872,39.932,31.946
130.78,72.876,41.929,35.939
132.77,69.881,39.932,37.935
132.77,76.869,44.923,38.934
133.77,80.862,47.918,36.937
134.77,78.866,46.92,41.929
135.77,83.857,37.935,38.934
136.77,83.857,37.935,39.932
136.77,84.855,37.935,41.929
136.77,85.854,38.934,41.929
137.77,86.852,39.932,42.927
137.77,87.85,39.932,44.923
138.76,87.85,37.935,43.925
138.76,86.852,37.935,45.922
138.76,88.849,36.937,39.08
139.76,88.849,35.939,39.932
140.76,93.829,33.942,35.95
140.76,94.838,31.946,35.939
141.76,93.84,28.951,37.935
142.76,95.837,28.951,34.94
142.76,94.838,26.954,36.451
143.76,95.837,24.957,36.937
150.74,96.835,16.971,37.935
145.75,96.835,23.959,41.929
145.75,97.833,21.963,44.923
146.75,100.83,20.964,39.932
144.75,98.832,22.961,36.937
145.75,99.83,18.968,33.942
145.75,98.832,18.968,32.944
142.76,96.835,21.963,32.944
142.76,93.84,23.959,33.942
140.76,88.849,27.952,39.932
150.09,89.308,18.618,38.475
152.74,88.849,15.973,37.935
152.74,92.842,14.974,30.947
153.74,91.844,13.976,30.947
152.74,86.852,15.973,36.937
152.74,81.861,15.973,41.929
151.74,79.864,18.968,45.922
