NaN,NaN,NaN,-1
140.42,42.025,20.5,88.15
141.45,41,19.475,90.2
140.42,42.025,21.525,87.125
140.42,43.05,20.5,86.1
140.42,43.05,20.5,85.075
139.4,43.05,22.55,86.1
139.4,44.075,20.5,86.1
138.38,42.025,22.55,87.125
138.38,42.025,22.55,89.175
138.38,43.05,22.55,87.125
138.38,42.025,22.55,88.15
138.38,41,21.525,89.175
138.38,53.3,20.5,79.95
137.35,52.275,19.475,80.975
137.35,50.225,20.5,83.025
137.35,51.25,19.475,84.05
136.32,52.275,20.5,82
134.27,53.3,22.55,80.975
134.27,55.35,21.525,77.9
135.3,57.4,20.5,74.825
135.3,49.2,21.525,83.025
134.27,50.225,22.55,78.925
134.27,48.175,21.525,80.975
132.22,47.15,23.575,79.95
132.22,47.15,22.55,82
133.25,45.1,23.575,89.175
132.22,46.125,24.6,87.125
132.22,46.105,24.6,86.12
130.17,44.075,25.625,92.25
130.17,43.05,25.625,96.35
130.17,41,25.625,96.35
129.15,38.95,27.675,96.35
128.13,39.975,29.725,91.225
128.13,56.375,30.75,75.85
128.13,56.375,29.725,77.9
128.13,57.4,30.75,77.9
126.07,59.45,33.825,73.8
127.1,59.45,31.775,72.775
128.13,61.5,30.75,68.675
130.17,61.5,31.775,71.75
129.15,63.55,34.85,65.478
133.25,65.6,31.775,65.6
135.3,65.6,26.65,65.6
135.3,67.65,26.65,65.6
138.38,69.7,24.6,63.55
141.45,71.827,18.527,60.398
141.45,72.775,18.45,57.4
144.52,73.8,15.375,56.375
141.96,74.825,17.936,59.45
143.5,78.925,17.425,54.325
140.42,77.9,19.475,56.375
140.42,79.95,19.475,56.375
139.4,80.975,29.725,57.4
139.4,82,30.75,61.5
139.58,80.917,29.332,64.734
150.71,75.86,20.229,29.332
149.7,76.871,20.229,25.287
145.65,76.871,23.264,22.252
144.64,69.791,23.264,27.382
143.63,68.779,23.264,29.332
143.63,67.768,21.241,28.321
147.2,68.779,19.691,24.275
146.66,66.756,20.229,25.287
148.68,64.734,17.195,27.309
148.68,62.711,18.206,28.321
148.68,61.699,21.241,29.332
147.67,59.676,22.252,34.39
148.68,59.676,23.264,32.367
148.68,61.699,23.264,29.332
150.71,61.699,25.287,28.321
150.71,60.688,26.298,27.309
154.19,60.688,27.868,23.264
154.75,61.699,30.344,21.241
154.75,62.711,32.367,19.218
156.78,65.745,36.413,14.16
157.79,69.791,38.436,9.1032
158.8,70.802,39.447,13.149
160.82,69.791,37.424,19.218
164.9,70.834,32.335,24.244
167.9,69.791,23.264,31.355
164.87,70.802,23.264,31.355
170.94,69.791,11.126,37.424
165.88,73.837,10.115,38.436
162.85,76.871,13.149,36.413
155.77,76.871,15.172,35.401
153.74,76.871,16.183,33.378
142.62,79.905,25.287,29.332
135.54,82.94,31.355,17.195
131.49,82.94,30.344,13.149
128.46,82.94,33.378,9.1032
127.44,77.883,35.401,11.126
132.5,74.848,31.355,15.172
133.51,73.837,29.332,15.172
133.51,69.791,28.321,18.206
135.54,65.745,20.229,24.275
136.55,57.653,12.138,25.287
135.54,55.63,12.138,26.298
139.58,52.596,7.0802,25.287
136.55,47.539,13.149,22.252
134.52,50.573,17.195,18.206
139.58,46.527,14.16,21.241
141.6,45.516,13.149,22.252
143.63,47.539,15.172,23.264
146.66,45.516,13.149,27.309
154.75,47.539,10.115,29.332
155.01,51.027,8.6649,28.883
155.01,51.027,11.553,27.92
154.04,52.952,16.367,25.995
156.93,50.064,17.33,26.958
156.93,46.213,27.92,25.995
156.93,50.064,28.883,23.107
157.96,56.803,27.852,16.299
156.93,62.58,29.846,11.553
155.97,66.431,30.809,9.6277
155.01,71.245,31.771,6.7394
156.93,73.171,29.846,10.59
156.93,75.096,30.809,11.553
155.01,76.059,29.846,14.442
155.97,78.947,23.107,16.367
146.34,70.282,19.255,23.107
145.38,71.245,18.293,24.069
141.53,71.245,17.33,23.107
134.79,60.655,19.255,29.846
136.71,59.692,13.479,31.771
136.71,51.99,13.479,46.213
134.79,50.064,17.33,32.734
132.86,51.027,21.181,31.771
129.97,51.027,24.069,26.958
128.05,53.915,19.255,22.144
129.97,51.027,15.404,23.107
129.01,50.064,17.33,25.032
122.27,47.176,23.107,28.883
117.46,46.213,22.144,28.883
111.68,44.287,35.623,29.846
119.38,39.474,35.138,28.883
122.82,35.623,34.109,33.697
128.05,34.66,25.995,30.809
128.05,31.771,28.883,31.771
133.95,31.771,25.873,28.883
136.71,32.734,24.069,27.92
137.68,33.697,25.032,26.958
138.64,31.771,26.958,33.697
140.56,33.697,28.883,33.697
141.53,39.474,30.809,28.883
141.53,46.213,35.623,25.032
153.08,49.101,28.883,23.107
155.01,53.915,28.883,22.144
154.04,58.729,27.92,19.255
150.19,59.692,35.623,21.181
151.16,62.58,34.66,21.181
151.16,64.506,24.069,21.181
151.16,66.431,21.181,23.107
149.23,68.357,21.181,24.069
147.3,73.171,21.181,21.181
147.3,71.245,20.218,25.995
143.45,72.208,22.144,30.809
139.6,68.357,24.069,40.436
136.71,70.282,28.883,40.436
131.9,80.873,28.883,31.771
128.05,82.798,29.846,26.958
129.97,82.349,24.069,28.369
129.97,81.836,20.835,27.92
127.09,77.022,26.958,22.144
126.12,78.947,26.958,19.255
122.27,78.202,31.771,19.037
121.31,77.022,35.623,18.293
115.53,75.096,45.25,21.181
130.94,76.059,33.697,21.181
131.9,75.096,32.734,21.181
132.86,75.096,27.92,20.218
135.75,71.245,25.995,29.846
136.71,74.133,26.958,27.92
138.64,72.208,26.958,31.771
139.6,74.133,29.846,31.771
143.45,74.133,27.92,29.846
143.45,75.096,26.958,34.66
142.49,76.059,30.809,29.846
142.49,77.984,32.734,28.883
141.53,80.873,31.771,26.958
140.56,80.873,31.771,31.771
141.53,79.91,29.846,28.883
141.53,78.947,27.92,31.771
142.49,78.947,23.107,31.771
141.53,79.91,23.107,32.734
143.45,82.802,23.107,28.88
143.45,81.836,24.069,32.734
144.42,79.91,25.032,35.623
147.3,77.984,23.107,38.511
149.29,72.208,23.05,46.213
151.16,66.431,22.144,51.99
152.12,83.761,21.181,35.623
154.04,87.612,20.218,32.734
152.12,82.798,23.107,40.436
151.16,85.687,25.032,28.883
151.16,85.687,25.995,30.809
149.23,83.761,32.734,35.623
152.12,87.612,31.771,32.734
154.04,89.538,29.846,32.734
155.97,90.5,27.92,37.548
156.93,91.463,26.958,37.548
156.93,92.426,26.958,36.585
157.89,94.352,25.995,34.66
157.89,95.314,24.069,33.697
158.86,96.277,22.144,33.697
157.89,97.24,24.069,35.623
159.82,98.203,22.144,34.66
156.93,97.24,23.107,37.548
158.86,98.203,21.181,34.806
160.78,102.05,17.33,31.771
156.93,101.09,20.218,35.623
157.89,102.05,18.293,36.585
156.93,103.98,17.33,36.585
159.82,105.9,12.516,35.623
156.93,108.79,13.479,33.697
156.91,107.83,9.6507,30.809
150.19,95.314,13.479,37.548
150.19,97.24,13.479,38.511
144.42,90.5,17.33,35.623
144.42,85.687,18.293,38.511
145.38,87.612,16.367,30.809
142.49,82.798,17.33,37.548
141.53,79.91,21.181,37.548
145.38,68.357,16.367,41.399
146.34,70.282,16.367,36.585
149.23,70.282,16.367,37.548
150.19,71.245,16.367,34.66
152.12,74.133,15.404,30.809
152.12,76.059,13.479,25.995
152.12,74.766,16.367,26.325
151.63,74.133,15.892,24.082
