NaN,NaN,NaN,-1
82,92,37,51
88,91,37,51
93,93,37,51
99,92,37,51
106,95,37,51
112,96,37,51
118,95,37,51
125,95,37,51
128,96,37,51
131,95,37,51
136,97,37,51
148,96,37,51
154,96,37,51
161,94,37,51
168,95,37,51
173,95,37,51
179,93,37,51
185,92,37,51
189,92,37,51
194,93,37,51
199,94,37,51
202,94,37,51
201,94,37,51
199,94,37,51
199,91,37,51
196,91,37,51
190,90,37,51
184,91,37,51
177,91,37,51
170,89,37,51
163,90,37,51
151,92,37,51
141,93,37,51
129,97,37,51
119,96,37,51
113,95,37,51
109,92,37,51
105,92,37,51
103,90,37,51
102,90,37,51
105,94,37,51
105,95,37,51
112,96,37,51
118,95,37,51
126,94,37,51
135,94,37,51
142,93,37,51
153,94,37,51
163,96,37,51
175,94,37,51
186,93,37,51
195,97,37,51
200,97,37,51
202,99,37,51
203,101,37,51
200,101,37,51
193,103,37,51
183,101,37,51
172,100,37,51
158,100,37,51
143,95,37,51
127,97,37,51
116,97,37,51
105,100,37,51
98,100,37,51
90,105,37,51
85,107,37,51
82,108,37,51
81,109,37,51
79,107,37,51
77,108,37,51
76,107,37,51
77,108,37,51
76,109,37,51
79,111,37,51
82,111,37,51
89,109,37,51
96,106,37,51
105,105,37,51
118,98,37,51
130,94,37,51
136,104,37,51
138,108,37,51
179,102,37,51
195,100,37,51
204,106,37,51
208,110,37,51
208,112,37,51
207,111,37,51
205,110,37,51
202,109,37,51
200,111,37,51
196,110,37,51
189,113,37,51
182,118,37,51
174,118,37,51
162,114,37,51
149,107,37,51
132,101,37,51
113,97,37,51
93,103,37,51
81,111,37,51
68,115,37,51
61,115,37,51
55,114,37,51
48,115,37,51
40,114,37,51
34,116,37,51
25,118,37,51
17,117,37,51
7,109,37,51
2,100,37,51
-2,97,37,51
-2,101,37,51
1,116,37,51
8,126,37,51
14,136,37,51
23,139,37,51
29,139,37,51
36,139,37,51
39,140,37,51
42,136,37,51
45,133,37,51
49,134,37,51
52,134,37,51
58,134,37,51
65,132,37,51
72,129,37,51
80,126,37,51
89,119,37,51
96,111,37,51
104,100,37,51
105,98,37,51
105,96,37,51
102,98,37,51
99,101,37,51
91,103,37,51
86,105,37,51
80,103,37,51
76,103,37,51
72,101,37,51
70,100,37,51
70,98,37,51
70,97,37,51
73,97,37,51
78,99,37,51
83,99,37,51
90,100,37,51
96,101,37,51
105,103,37,51
114,101,37,51
123,100,37,51
128,99,37,51
131,99,37,51
134,97,37,51
134,96,37,51
132,97,37,51
130,97,37,51
125,98,37,51
120,99,37,51
117,96,37,51
117,92,37,51
116,93,37,51
120,94,37,51
124,95,37,51
129,95,37,51
139,95,37,51
145,94,37,51
152,92,37,51
159,90,37,51
164,92,37,51
