NaN,NaN,NaN,-1
140,23,33,129
140,23,33,129
140,23,33,129
139,24,33,129
139,25,33,129
138,25,33,129
138,25,33,129
137,25,33,129
137,26,33,129
137,26,33,129
137,26,33,129
136,27,33,129
136,28,33,129
136,28,33,129
135,29,33,129
135,29,33,129
135,29,33,129
135,28,33,129
135,27,33,129
136,27,33,129
136,27,33,129
137,27,33,129
137,27,33,129
138,27,33,129
138,27,33,129
138,27,33,129
139,27,33,129
140,28,33,129
140,28,33,129
140,28,33,129
140,29,33,129
141,29,33,129
140,30,33,129
140,30,33,129
139,31,33,129
139,31,33,129
138,31,33,129
137,31,33,129
137,31,33,129
136,31,33,129
136,31,33,129
136,31,33,129
136,31,33,129
136,31,33,129
136,32,33,129
136,32,33,129
136,33,33,129
136,33,33,129
136,34,33,129
136,34,33,129
136,34,33,129
136,34,33,129
135,34,33,129
135,34,33,129
134,34,33,129
135,34,33,129
135,33,33,129
136,33,33,129
136,32,33,129
136,32,33,129
137,32,33,129
137,32,33,129
137,32,33,129
137,32,33,129
138,32,33,129
138,32,33,129
138,32,33,129
138,31,33,129
138,31,33,129
138,32,33,129
137,32,33,129
136,33,33,129
134,33,33,129
132,33,33,129
128,33,33,129
123,32,33,129
121,32,33,129
116,30,33,129
111,28,33,129
109,27,33,129
104,25,33,129
102,22,33,129
102,21,33,129
100,18,33,129
98,17,33,129
100,17,33,129
102,16,33,129
105,16,33,129
108,16,33,129
115,16,33,129
120,14,33,129
121,13,33,129
125,12,33,129
125,12,33,129
124,11,33,129
126,10,33,129
118,10,33,129
115,8,33,129
108,8,33,129
101,8,33,129
96,8,33,129
88,7,33,129
NaN,NaN,NaN,-2
NaN,NaN,NaN,0
NaN,NaN,NaN,0
NaN,NaN,NaN,0
NaN,NaN,NaN,0
NaN,NaN,NaN,-1
126,39,51,107
128,38,51,107
140,36,51,107
166,40,51,107
169,39,51,107
170,38,51,107
168,38,51,107
166,38,51,107
164,38,51,107
152,38,51,107
148,37,51,107
140,39,51,107
134,43,51,107
140,43,51,107
137,42,51,107
141,42,51,107
142,42,51,107
144,41,51,107
144,41,51,107
144,41,51,107
143,41,51,107
144,42,51,107
145,41,51,107
139,38,51,107
139,42,51,107
138,43,51,107
139,42,51,107
137,40,51,107
135,38,51,107
123,37,51,107
136,23,51,107
132,23,51,107
131,21,51,107
137,22,51,107
145,24,51,107
143,26,51,107
145,36,51,107
122,28,51,107
115,34,51,107
111,38,51,107
NaN,NaN,NaN,-2
NaN,NaN,NaN,0
NaN,NaN,NaN,0
NaN,NaN,NaN,0
NaN,NaN,NaN,0
NaN,NaN,NaN,-1
141,98,84,67
133,95,84,67
130,93,84,67
126,93,84,67
116,92,84,67
104,91,84,67
97,88,84,67
82,86,84,67
50,81,84,67
123,83,84,67
139,83,84,67
141,82,84,67
141,82,84,67
140,82,84,67
139,82,84,67
139,82,84,67
140,82,84,67
137,81,84,67
135,80,84,67
134,79,84,67
135,77,84,67
136,75,84,67
134,73,84,67
150,72,84,67
146,71,84,67
142,66,84,67
141,65,84,67
140,64,84,67
137,64,84,67
136,63,84,67
136,62,84,67
134,60,84,67
133,58,84,67
132,58,84,67
133,58,84,67
133,56,84,67
132,56,84,67
133,56,84,67
135,56,84,67
136,55,84,67
138,56,84,67
140,57,84,67
140,57,84,67
141,56,84,67
142,56,84,67
142,57,84,67
142,58,84,67
138,58,84,67
138,58,84,67
137,58,84,67
135,59,84,67
134,59,84,67
