NaN,NaN,NaN,-1
137,22,33,129
136,22,33,129
136,23,33,129
135,24,33,129
135,25,33,129
134,24,33,129
133,24,33,129
133,24,33,129
132,25,33,129
132,26,33,129
131,26,33,129
131,27,33,129
130,28,33,129
130,28,33,129
129,28,33,129
129,29,33,129
129,28,33,129
129,28,33,129
130,27,33,129
130,26,33,129
131,26,33,129
131,26,33,129
131,26,33,129
132,26,33,129
132,27,33,129
132,26,33,129
133,27,33,129
134,27,33,129
134,27,33,129
134,28,33,129
134,29,33,129
134,29,33,129
134,29,33,129
133,30,33,129
133,30,33,129
132,31,33,129
131,31,33,129
131,31,33,129
130,31,33,129
130,31,33,129
130,31,33,129
130,31,33,129
130,31,33,129
130,31,33,129
130,32,33,129
130,32,33,129
130,33,33,129
130,33,33,129
130,34,33,129
130,34,33,129
129,34,33,129
129,34,33,129
129,34,33,129
129,34,33,129
129,34,33,129
129,34,33,129
129,34,33,129
130,33,33,129
130,33,33,129
131,33,33,129
132,32,33,129
132,32,33,129
132,32,33,129
133,33,33,129
133,33,33,129
133,32,33,129
133,32,33,129
133,32,33,129
133,32,33,129
134,32,33,129
134,32,33,129
133,33,33,129
131,33,33,129
129,33,33,129
125,32,33,129
120,31,33,129
117,30,33,129
112,28,33,129
107,26,33,129
104,25,33,129
100,22,33,129
96,21,33,129
95,19,33,129
96,17,33,129
96,15,33,129
96,14,33,129
100,14,33,129
102,13,33,129
104,13,33,129
108,13,33,129
114,11,33,129
116,10,33,129
120,9,33,129
126,7,33,129
125,7,33,129
122,6,33,129
115,2,33,129
113,3,33,129
106,4,33,129
97,3,33,129
93,3,33,129
85,3,33,129
NaN,NaN,NaN,-2
NaN,NaN,NaN,0
NaN,NaN,NaN,0
NaN,NaN,NaN,0
NaN,NaN,NaN,0
NaN,NaN,NaN,-1
127,39,51,107
134,40,51,107
140,39,51,107
135,37,51,107
134,36,51,107
138,36,51,107
134,37,51,107
140,37,51,107
137,37,51,107
140,38,51,107
142,38,51,107
131,38,51,107
130,40,51,107
129,40,51,107
131,41,51,107
137,40,51,107
138,39,51,107
138,38,51,107
139,37,51,107
139,37,51,107
137,38,51,107
137,39,51,107
138,40,51,107
138,40,51,107
136,42,51,107
136,44,51,107
136,44,51,107
132,42,51,107
130,41,51,107
120,37,51,107
101,32,51,107
65,29,51,107
128,23,51,107
176,33,51,107
175,31,51,107
171,38,51,107
166,40,51,107
162,42,51,107
155,45,51,107
142,47,51,107
137,47,51,107
132,51,51,107
124,53,51,107
122,53,51,107
118,52,51,107
104,50,51,107
NaN,NaN,NaN,-2
NaN,NaN,NaN,0
NaN,NaN,NaN,0
NaN,NaN,NaN,0
NaN,NaN,NaN,0
NaN,NaN,NaN,-1
138,72,51,100
123,78,51,100
120,78,51,100
119,78,51,100
118,78,51,100
122,78,51,100
124,78,51,100
128,78,51,100
125,78,51,100
120,78,51,100
122,78,51,100
113,78,51,100
NaN,NaN,NaN,-2
NaN,NaN,NaN,0
NaN,NaN,NaN,0
NaN,NaN,NaN,0
NaN,NaN,NaN,0
NaN,NaN,NaN,-1
152,59,63,35
158,56,63,35
162,54,63,35
171,53,63,35
176,50,63,35
167,49,63,35
169,48,63,35
168,46,63,35
161,44,63,35
160,43,63,35
159,42,63,35
154,40,63,35
153,40,63,35
153,39,63,35
153,38,63,35
152,38,63,35
151,37,63,35
150,37,63,35
150,37,63,35
151,37,63,35
150,37,63,35
148,37,63,35
144,37,63,35
141,37,63,35
140,37,63,35
137,38,63,35
135,38,63,35
134,38,63,35
