NaN,NaN,NaN,-1
125.22,94.026,44.402,55.02
125.27,94.947,43.437,54.055
125.27,94.903,43.437,55.02
125.27,94.903,43.437,55.02
126.19,93.982,42.472,55.986
126.19,93.993,42.472,55.974
126.23,94.903,41.507,55.02
125.31,95.781,42.472,55.02
125.35,96.702,41.507,54.055
124.43,97.58,42.472,54.055
123.51,98.457,43.437,54.055
122.59,99.335,44.402,54.055
121.76,99.335,43.437,54.055
121.8,99.335,42.472,54.055
121.84,99.291,41.507,55.02
119.91,99.247,45.368,55.986
120,100.21,43.437,54.055
116.4,100.21,45.368,54.055
118.57,99.247,45.851,55.986
118.95,98.37,47.298,55.986
119.82,97.492,47.298,55.986
120.79,96.615,45.368,55.986
123.51,95.737,43.437,55.986
124.43,95.778,42.472,55.024
126.14,94.903,43.437,55.02
127.15,94.947,40.541,54.055
129.83,93.148,39.576,55.02
131.58,93.192,39.576,54.055
132.46,92.271,39.576,55.02
132.46,92.315,39.576,54.055
132.29,91.437,43.437,54.055
129.57,90.516,45.368,55.02
126.89,87.839,46.333,55.986
125.88,86.084,49.229,55.986
124.21,85.207,47.298,55.986
122.41,84.329,48.263,55.986
122.37,83.496,49.229,55.02
119.65,85.251,51.159,55.02
118.84,86.962,49.685,55.986
118.95,88.673,47.298,56.951
119.04,90.516,45.368,55.02
119.21,92.227,41.507,55.986
119.25,94.86,40.541,55.986
119.25,96.615,40.541,55.986
119.25,99.335,40.541,54.055
118.86,99.291,49.229,55.02
122.55,100.17,45.368,55.02
122.28,100.17,51.159,55.02
123.29,99.247,48.263,55.986
124.08,98.457,50.194,54.055
125.05,97.668,48.263,52.124
125.05,97.711,48.263,51.159
126.85,97.711,47.298,51.159
125.97,96.79,47.298,52.124
123.25,94.026,49.229,55.02
122.19,94.947,53.09,54.055
125.84,94.026,50.194,55.02
125.97,94.026,47.298,55.02
124.96,95.869,50.194,53.09
123.99,96.79,52.124,52.124
123.99,98.589,52.124,51.159
123.99,102.1,52.124,51.159
124.17,103.85,48.263,51.159
124.3,105.74,45.368,48.263
125.22,106.57,44.402,49.229
125.18,106.49,45.368,51.159
126.93,108.29,45.368,50.194
128.69,109.16,45.368,50.194
127.72,104.64,47.298,53.09
127.85,101.05,44.402,55.02
127.79,95.693,45.83,56.951
125.88,96.746,49.229,53.09
125.88,94.641,49.229,52.538
127.73,92.403,48.206,52.124
127.46,83.232,53.09,60.812
127.42,82.267,54.055,62.742
127.33,77.616,55.986,68.534
124.56,80.468,58.881,63.708
118.11,81.302,65.638,64.673
114.47,81.214,68.534,66.604
110.87,81.214,70.465,66.604
109.03,83.013,72.395,65.638
106.27,83.978,75.291,63.708
103.55,83.891,77.221,65.638
100.83,86.655,79.152,62.742
98.106,95.781,81.083,55.02
94.552,97.624,82.048,53.09
113.73,99.423,65.638,52.124
111.05,101.22,66.604,51.159
106.53,102.19,69.499,49.229
104.78,103.06,69.499,49.229
102.98,103.94,70.465,49.229
99.379,105.83,72.395,46.333
98.545,107.54,71.43,47.298
97.799,109.34,68.534,46.333
96,108.29,69.499,50.194
93.324,109.12,70.465,51.159
93.368,110.04,69.499,50.194
90.604,110.87,72.395,51.159
90.604,110.79,72.395,53.09
91.481,114.47,72.395,49.229
92.359,113.55,72.395,50.194
95.035,112.63,71.43,51.159
96.746,111.75,72.395,51.159
98.501,111.8,72.395,50.194
100.17,110.87,74.326,51.159
100.91,110.79,77.221,53.09
102.58,110.87,79.152,51.159
102.45,110.79,82.048,53.09
113.33,110.87,74.326,51.159
114.12,108.94,76.256,55.02
113.99,109.12,79.152,51.159
113.9,108.24,81.083,51.159
134.96,108.02,61.777,55.986
136.76,108.9,60.812,55.986
136.72,109.87,61.777,54.055
135.84,111.71,61.777,52.124
135.01,112.72,60.748,49.229
133.25,112.63,60.812,51.159
131.54,113.51,59.847,51.159
128.91,112.59,59.847,52.124
125.35,112.63,60.812,51.159
124.48,110.87,60.812,51.159
122.68,108.29,61.777,50.194
120.09,105.57,60.812,52.124
118.29,103.68,61.777,55.02
116.58,101.88,60.812,55.986
114.82,100.96,60.812,56.951
113.95,100.96,60.812,56.951
112.19,101.88,60.812,55.986
110.44,102.8,60.812,55.02
109.6,104.6,59.914,54.055
107.85,106.44,59.847,52.124
106.93,109.08,60.812,52.124
106.93,111.84,60.812,49.229
109.65,113.64,58.881,48.263
110.48,115.26,59.847,51.159
112.23,116.14,59.847,51.159
113.11,116.18,59.847,50.194
113.95,116.14,60.812,51.159
113.9,116.14,61.777,51.159
112.06,116.14,63.708,51.159
112.06,115.26,63.708,51.159
111.14,113.51,64.673,51.159
108.46,112.63,65.638,51.159
107.63,110.83,64.673,52.124
104.12,110.77,64.673,51.264
97.843,110,67.569,51.159
97.975,109.16,64.673,50.194
93.499,108.33,66.604,49.229
90.889,108.29,66.121,50.194
85.514,109.16,68.534,50.194
82.838,110.08,69.499,49.229
76.476,110.08,74.326,49.229
74.633,110.08,76.256,49.229
74.633,110.13,76.256,48.263
66.34,110.13,84.944,48.263
64.541,110.13,85.909,48.263
69.148,110.08,81.083,49.229
71.912,112.8,78.187,47.298
73.668,114.56,78.187,47.298
73.711,115.44,77.221,47.298
72.746,115.39,79.152,48.263
71.869,116.27,79.152,48.263
69.419,118.07,81.718,47.298
66.165,119.87,88.805,46.333
63.444,119.82,90.735,47.298
62.435,119.82,93.631,47.298
88.234,119.82,66.604,47.298
87.357,119.91,66.604,45.368
86.523,119.04,65.638,45.368
86.611,117.28,63.708,45.368
85.733,116.45,63.708,44.402
83.937,114.6,64.622,46.333
83.057,113.73,64.673,46.333
81.302,113.81,64.673,44.402
80.424,111.97,64.673,46.333
79.591,111.09,63.708,46.333
75.072,111.09,66.604,46.333
73.36,112.02,65.638,45.368
72.527,112.89,64.673,45.368
69.806,111.97,66.604,46.333
68.885,111.97,67.569,46.333
68.095,111.05,65.638,47.298
66.253,111.05,67.569,47.298
62.962,111.18,62.742,44.402
61.821,111.31,68.534,41.507
61.777,111.27,69.499,42.472
62.655,112.06,69.499,44.402
64.761,112.06,61.777,44.402
65.682,113.68,60.812,47.298
66.56,115.53,60.812,45.368
66.56,115.61,60.812,43.479
68.315,116.49,60.812,43.437
68.359,116.53,59.847,42.472
67.393,116.53,61.777,42.472
66.516,115.61,61.777,43.437
67.481,114.74,59.847,43.437
62.918,113.86,63.708,43.437
58.311,112.98,68.534,43.437
56.468,111.97,70.465,46.333
53.836,109.38,70.465,45.368
51.115,109.29,72.395,47.298
49.273,108.42,74.326,47.298
47.474,107.58,75.291,46.333
44.709,106.66,78.187,47.298
43.744,105.78,80.117,47.298
42.779,105.83,82.048,46.304
43.569,104.95,83.978,46.333
66.472,104.12,62.742,45.368
70.327,103.57,59.623,47.777
72.395,101.27,67.569,50.194
73.229,100.39,68.534,50.194
72.307,99.423,69.499,52.124
74.984,100.44,68.534,49.09
74.94,100.43,69.499,49.229
71.298,100.52,72.395,47.298
71.298,100.56,72.395,46.333
71.167,98.721,75.291,48.263
71.123,97.799,76.256,49.229
70.991,96.044,79.152,49.229
70.859,95.079,82.048,51.159
70.684,95.913,85.909,52.124
71.43,95.913,88.805,52.124
90.735,96.79,69.499,52.124
92.446,98.545,70.465,52.124
95.167,100.39,68.534,50.194
97.799,103.06,68.534,49.229
100.89,106.44,68.976,52.124
103.94,109.16,68.534,50.194
104.78,109.95,69.499,52.124
106.49,109.91,70.465,53.09
108.99,110.65,73.36,55.986
111.62,115,73.36,56.951
115.09,120.18,74.326,58.881
116.8,122.85,75.291,57.916
117.63,121.01,76.256,59.847
116.67,120.09,78.187,60.812
111.23,118.82,82.048,50.194
108.59,117.06,82.048,50.194
106.79,114.38,83.013,51.159
104.12,110.79,83.978,53.09
98.677,109.03,87.839,53.09
95.123,107.19,88.805,55.02
90.779,106.31,87.839,55.02
87.357,104.53,85.909,55.503
83.189,101.88,81.083,55.986
78.801,100.08,81.083,56.951
74.37,99.203,82.048,56.951
69.982,99.247,82.048,55.986
64.585,98.413,84.944,55.02
64.673,98.37,83.013,55.986
69.148,99.291,81.083,55.02
72.702,101.05,80.117,55.02
77.09,103.77,80.117,53.09
81.521,105.52,79.152,53.09
85.69,106.4,83.978,53.09
88.366,108.11,83.013,54.055
90.165,110.74,82.048,54.055
89.463,114.3,78.187,53.09
89.375,116.93,80.117,53.09
93.017,118.68,77.221,53.09
98.457,122.33,73.36,50.194
97.404,124.08,77.221,50.194
99.159,123.2,77.221,50.194
99.993,122.28,78.187,51.159
102.67,121.45,77.221,50.194
103.5,118.77,78.187,51.159
105.26,116.18,78.187,50.194
104.21,111.75,82.048,51.159
104.12,107.36,83.978,51.159
106.84,102.84,82.048,54.055
107.72,98.413,82.048,55.02
106.84,94.903,82.048,55.02
108.72,92.315,79.152,54.055
106,89.682,81.083,54.055
103.33,85.251,82.048,55.02
98.896,81.697,83.013,55.986
99.993,78.187,78.187,55.986
97.141,75.598,83.013,55.02
93.543,72.044,84.944,55.986
89.989,70.289,85.909,55.986
88.498,66.691,80.117,57.916
87.708,64.936,78.187,57.916
85.953,64.892,78.187,58.881
85.119,64.892,77.221,58.881
83.276,65.77,79.152,58.881
80.556,66.516,81.083,61.777
78.757,68.315,82.048,60.812
76.958,70.07,83.013,60.812
75.115,71.825,84.944,60.812
73.36,73.624,84.944,59.847
70.64,74.413,86.874,61.777
67.964,76.168,87.839,61.777
67.086,79.722,87.839,60.812
64.322,82.399,90.735,59.847
63.357,84.11,92.666,60.812
62.391,86.699,94.596,61.777
79.854,88.454,77.221,61.777
81.565,90.209,78.187,61.777
84.198,91.042,78.187,62.742
86.786,92.841,79.152,61.777
