NaN,NaN,NaN,-1
151,96,22,46
148,97,25,48
143,94,29,48
145,92,25,48
146,92,27,47
146,91,26,48
142,90,32,46
147,89,29,45
151,88,26,47
154,87,24,46
153,87,26,47
152,86,26,47
147,86,31,48
149,86,26,47
149,86,26,48
143,86,28,48
139,85,27,48
136,86,28,48
130,85,30,48
128,85,25,48
128,84,25,45
126,84,27,48
127,83,26,46
129,85,26,43
130,84,22,44
131,81,28,47
133,81,24,47
124,81,35,47
129,81,33,48
138,81,25,48
136,81,31,48
134,81,34,48
145,83,27,46
142,83,32,45
141,83,34,46
135,83,40,46
140,81,36,48
143,81,34,48
148,81,27,48
149,81,29,46
148,82,33,47
150,82,31,48
144,82,36,48
152,83,27,48
153,83,29,47
153,83,31,48
151,83,35,45
156,83,31,48
157,83,32,48
152,83,38,48
157,83,32,48
155,83,33,48
150,83,36,48
152,83,35,48
151,83,32,48
145,84,37,48
141,84,33,48
133,84,34,48
128,84,31,47
122,82,34,47
115,81,36,47
117,79,35,47
112,78,40,48
120,78,39,47
126,77,38,47
130,77,42,47
135,77,41,47
140,76,38,46
147,76,34,47
153,76,41,47
158,77,35,46
162,77,40,48
165,78,40,46
168,78,43,47
168,79,42,46
168,79,40,47
167,80,38,48
167,81,39,47
167,83,39,47
168,84,41,47
169,85,38,46
170,86,38,48
172,86,39,47
172,87,37,46
174,87,39,48
175,88,37,48
179,88,36,48
182,89,35,48
184,89,35,48
186,89,35,47
187,89,35,48
186,87,35,48
186,86,34,47
185,84,40,48
185,82,39,47
181,80,40,47
177,79,42,47
175,78,41,47
174,77,38,47
173,76,42,47
172,75,37,47
172,75,37,47
172,74,35,47
172,74,36,47
169,74,45,47
171,73,39,48
174,74,38,47
171,74,37,47
167,74,35,45
161,74,38,47
160,74,38,47
162,74,40,47
160,74,39,47
156,74,34,47
153,74,35,48
151,75,35,47
148,76,36,47
146,77,33,47
145,78,35,47
144,80,33,48
142,82,33,47
140,83,35,45
139,85,38,48
138,86,34,46
141,87,32,47
147,88,42,47
155,88,36,45
162,88,38,45
161,86,42,46
170,85,33,47
173,83,36,48
178,81,38,45
181,80,39,45
183,79,38,47
183,77,41,45
191,76,36,45
193,75,37,45
193,75,38,47
194,75,36,48
192,77,35,46
185,79,34,48
177,82,38,47
169,86,36,47
162,90,35,45
156,94,36,43
150,94,35,47
147,96,34,42
144,97,35,46
141,96,35,47
141,95,35,46
144,94,33,48
146,91,34,48
149,88,34,45
147,87,36,45
150,86,32,48
148,84,36,48
148,83,32,47
148,84,38,43
147,83,33,47
144,82,36,47
141,82,36,48
138,82,33,46
133,82,35,45
127,80,37,47
124,82,34,47
123,83,40,45
123,83,37,44
125,81,34,46
122,83,33,41
121,85,37,39
119,84,37,41
118,81,36,40
116,78,33,44
115,78,44,42
117,78,38,43
123,77,31,43
120,79,35,41
119,78,45,43
115,82,44,38
110,83,48,42
107,88,43,39
102,91,43,40
100,91,39,41
101,91,39,42
105,90,38,44
110,90,37,45
112,94,38,41
116,93,42,42
120,94,38,42
119,92,40,45
123,92,44,45
124,92,38,46
126,94,40,45
130,94,38,45
130,94,39,45
127,95,42,44
131,90,42,48
133,90,36,48
133,90,34,48
132,92,36,43
132,90,35,45
127,89,46,48
126,89,45,47
121,89,41,46
121,89,48,47
127,88,41,47
127,87,45,48
128,86,42,47
131,85,41,46
126,85,42,47
126,85,37,46
122,85,38,47
125,85,37,46
123,84,39,45
124,84,37,46
119,83,46,45
120,83,40,48
118,84,41,45
115,84,41,48
114,86,38,44
112,87,47,43
117,87,47,45
122,87,45,45
127,88,41,43
127,87,47,46
129,85,46,48
135,86,37,46
136,86,40,45
139,86,41,43
145,86,43,42
147,86,42,41
146,86,44,41
145,86,44,40
152,86,35,40
154,86,35,40
153,85,35,43
152,86,37,41
150,86,42,41
147,86,48,41
146,86,48,41
147,86,45,41
152,83,42,44
156,83,39,42
158,82,35,43
157,82,39,42
162,82,39,41
162,82,38,41
161,83,39,40
163,84,41,39
161,82,41,39
166,84,36,38
167,83,35,40
168,84,41,40
166,86,37,40
163,87,41,42
167,89,36,40
164,90,36,42
160,91,40,41
157,91,41,42
157,92,41,39
155,93,41,42
158,93,38,42
155,93,37,42
154,93,40,43
151,94,41,42
149,93,43,42
153,95,39,40
155,98,42,36
155,94,38,40
154,94,43,41
