NaN,NaN,NaN,-1
154,61,76,98
152,64,76,98
149,68,76,98
145,68,76,98
143,67,76,98
141,62,76,98
139,57,76,98
138,54,76,98
137,53,76,98
134,53,76,98
128,54,76,98
122,56,76,98
116,59,76,98
112,58,76,98
112,57,76,98
112,54,76,98
114,54,76,98
116,55,76,98
119,56,76,98
121,59,76,98
122,62,76,98
121,63,76,98
123,64,76,98
124,66,76,98
124,66,76,98
124,64,76,98
126,60,76,98
128,54,76,98
134,50,76,98
139,47,76,98
142,46,76,98
146,45,76,98
150,45,76,98
152,47,76,98
153,50,76,98
152,50,76,98
151,49,76,98
149,46,76,98
145,43,76,98
142,42,76,98
138,43,76,98
132,48,76,98
126,52,76,98
122,55,76,98
119,55,76,98
116,55,76,98
115,56,76,98
112,56,76,98
111,54,76,98
112,49,76,98
114,45,76,98
117,44,76,98
121,45,76,98
122,49,76,98
124,54,76,98
129,58,76,98
133,62,76,98
136,64,76,98
139,62,76,98
143,57,76,98
147,51,76,98
150,48,76,98
151,46,76,98
152,46,76,98
152,51,76,98
148,55,76,98
147,56,76,98
144,57,76,98
144,58,76,98
142,57,76,98
142,54,76,98
143,50,76,98
143,50,76,98
143,54,76,98
141,58,76,98
140,59,76,98
140,60,76,98
139,61,76,98
138,63,76,98
135,62,76,98
131,59,76,98
127,56,76,98
126,53,76,98
127,51,76,98
125,55,76,98
125,60,76,98
126,64,76,98
127,68,76,98
130,71,76,98
134,71,76,98
135,66,76,98
138,58,76,98
142,52,76,98
146,49,76,98
150,47,76,98
151,49,76,98
153,52,76,98
154,53,76,98
156,53,76,98
157,53,76,98
157,52,76,98
156,51,76,98
156,50,76,98
153,49,76,98
152,47,76,98
152,49,76,98
148,54,76,98
144,56,76,98
140,56,76,98
137,59,76,98
133,62,76,98
129,60,76,98
129,56,76,98
130,54,76,98
131,53,76,98
131,53,76,98
131,53,76,98
130,54,76,98
132,55,76,98
134,59,76,98
135,61,76,98
136,60,76,98
138,56,76,98
140,53,76,98
142,51,76,98
144,48,76,98
148,46,76,98
152,46,76,98
154,46,76,98
155,48,76,98
157,49,76,98
157,49,76,98
158,48,76,98
156,47,76,98
154,45,76,98
153,43,76,98
154,39,76,98
155,37,76,98
154,36,76,98
151,35,76,98
147,35,76,98
145,36,76,98
142,39,76,98
139,41,76,98
138,42,76,98
136,41,76,98
135,39,76,98
130,64,76,98
129,60,76,98
131,59,76,98
130,59,76,98
131,60,76,98
129,33,76,98
130,38,76,98
132,43,76,98
133,46,76,98
135,45,76,98
137,42,76,98
136,39,76,98
135,35,76,98
135,31,76,98
135,27,76,98
134,26,76,98
133,27,76,98
130,29,76,98
129,31,76,98
130,35,76,98
130,38,76,98
127,42,76,98
128,44,76,98
129,42,76,98
131,39,76,98
129,34,76,98
130,31,76,98
129,29,76,98
129,28,76,98
128,28,76,98
130,31,76,98
132,34,76,98
134,36,76,98
133,38,76,98
132,41,76,98
129,43,76,98
126,45,76,98
122,46,76,98
119,44,76,98
118,42,76,98
115,40,76,98
112,39,76,98
109,39,76,98
109,39,76,98
110,39,76,98
112,39,76,98
114,37,76,98
119,33,76,98
123,29,76,98
123,27,76,98
124,21,76,98
130,22,76,98
136,27,76,98
137,30,76,98
142,31,76,98
146,34,76,98
149,34,76,98
151,33,76,98
153,34,76,98
153,37,76,98
157,43,76,98
158,45,76,98
160,46,76,98
161,46,76,98
161,47,76,98
159,47,76,98
154,44,76,98
149,46,76,98
144,45,76,98
138,44,76,98
132,43,76,98
130,42,76,98
128,41,76,98
125,41,76,98
125,42,76,98
127,46,76,98
128,49,76,98
133,51,76,98
137,52,76,98
142,53,76,98
147,52,76,98
152,52,76,98
155,52,76,98
159,51,76,98
162,50,76,98
164,50,76,98
165,53,76,98
163,55,76,98
163,58,76,98
162,60,76,98
161,60,76,98
162,61,76,98
163,61,76,98
164,61,76,98
164,59,76,98
167,58,76,98
169,58,76,98
170,59,76,98
173,61,76,98
173,63,76,98
173,64,76,98
172,64,76,98
170,63,76,98
165,60,76,98
162,56,76,98
160,53,76,98
157,50,76,98
157,47,76,98
155,43,76,98
154,41,76,98
155,42,76,98
155,46,76,98
154,53,76,98
155,59,76,98
157,62,76,98
159,62,76,98
160,58,76,98
162,52,76,98
163,47,76,98
165,44,76,98
165,42,76,98
165,40,76,98
165,39,76,98
165,43,76,98
164,46,76,98
164,49,76,98
162,50,76,98
156,49,76,98
151,48,76,98
146,46,76,98
141,44,76,98
135,39,76,98
126,34,76,98
121,32,76,98
117,32,76,98
115,34,76,98
113,38,76,98
113,44,76,98
112,49,76,98
113,51,76,98
115,50,76,98
121,52,76,98
126,51,76,98
132,49,76,98
140,48,76,98
141,47,76,98
141,46,76,98
138,45,76,98
133,46,76,98
127,46,76,98
120,47,76,98
112,47,76,98
104,44,76,98
96,41,76,98
89,35,76,98
83,29,76,98
78,26,76,98
77,26,76,98
76,27,76,98
76,34,76,98
74,41,76,98
72,46,76,98
69,50,76,98
63,51,76,98
56,50,76,98
51,49,76,98
45,45,76,98
46,41,76,98
46,37,76,98
49,37,76,98
54,38,76,98
59,42,76,98
61,46,76,98
63,49,76,98
67,50,76,98
72,53,76,98
76,53,76,98
81,50,76,98
86,45,76,98
90,36,76,98
98,29,76,98
107,24,76,98
115,25,76,98
121,30,76,98
122,33,76,98
125,35,76,98
126,36,76,98
128,38,76,98
127,39,76,98
125,37,76,98
126,35,76,98
126,33,76,98
125,31,76,98
125,31,76,98
123,33,76,98
123,34,76,98
122,35,76,98
121,36,76,98
121,36,76,98
121,37,76,98
123,36,76,98
126,32,76,98
129,27,76,98
134,24,76,98
137,24,76,98
140,30,76,98
139,38,76,98
138,44,76,98
140,49,76,98
139,50,76,98
136,47,76,98
134,41,76,98
139,36,76,98
145,33,76,98
149,35,76,98
149,37,76,98
148,42,76,98
144,44,76,98
137,47,76,98
138,50,76,98
131,50,76,98
124,45,76,98
120,41,76,98
118,35,76,98
114,30,76,98
123,35,76,98
122,38,76,98
122,41,76,98
122,43,76,98
121,44,76,98
118,45,76,98
115,46,76,98
113,43,76,98
109,36,76,98
120,37,76,98
124,36,76,98
133,40,76,98
138,43,76,98
144,43,76,98
152,40,76,98
156,38,76,98
159,36,76,98
160,35,76,98
162,34,76,98
161,30,76,98
163,27,76,98
164,26,76,98
163,27,76,98
163,29,76,98
166,36,76,98
163,43,76,98
160,47,76,98
155,49,76,98
148,47,76,98
143,44,76,98
143,39,76,98
148,34,76,98
151,33,76,98
152,35,76,98
151,38,76,98
153,41,76,98
135,47,76,98
134,48,76,98
145,52,76,98
146,54,76,98
149,54,76,98
158,51,76,98
156,47,76,98
157,47,76,98
161,50,76,98
160,54,76,98
157,57,76,98
153,60,76,98
149,61,76,98
147,60,76,98
146,59,76,98
143,56,76,98
139,54,76,98
134,52,76,98
130,51,76,98
127,47,76,98
124,39,76,98
123,39,76,98
120,43,76,98
121,46,76,98
121,45,76,98
118,48,76,98
117,51,76,98
116,51,76,98
114,51,76,98
117,50,76,98
123,51,76,98
129,52,76,98
137,53,76,98
142,53,76,98
147,54,76,98
148,55,76,98
146,57,76,98
147,56,76,98
150,53,76,98
158,25,76,98
157,17,76,98
150,14,76,98
145,8,76,98
148,10,76,98
126,28,76,98
134,34,76,98
133,37,76,98
131,37,76,98
135,38,76,98
136,38,76,98
139,38,76,98
160,32,76,98
162,33,76,98
141,37,76,98
141,37,76,98
139,37,76,98
137,38,76,98
132,38,76,98
128,37,76,98
126,36,76,98
122,41,76,98
116,41,76,98
114,42,76,98
110,41,76,98
125,39,76,98
123,38,76,98
123,38,76,98
123,35,76,98
121,64,76,98
125,74,76,98
126,75,76,98
128,75,76,98
130,74,76,98
138,77,76,98
133,76,76,98
130,75,76,98
128,74,76,98
128,74,76,98
129,74,76,98
137,49,76,98
132,20,76,98
135,16,76,98
135,14,76,98
135,12,76,98
128,9,76,98
129,9,76,98
126,10,76,98
121,11,76,98
119,13,76,98
115,11,76,98
118,12,76,98
117,10,76,98
121,7,76,98
123,2,76,98
134,27,76,98
139,27,76,98
144,29,76,98
145,31,76,98
150,31,76,98
152,30,76,98
152,26,76,98
153,23,76,98
155,21,76,98
159,21,76,98
157,25,76,98
156,31,76,98
153,35,76,98
146,38,76,98
139,41,76,98
132,42,76,98
125,40,76,98
124,40,76,98
121,37,76,98
120,33,76,98
123,34,76,98
125,35,76,98
127,36,76,98
131,38,76,98
133,41,76,98
135,44,76,98
139,45,76,98
142,46,76,98
143,43,76,98
144,37,76,98
144,32,76,98
145,31,76,98
146,32,76,98
148,35,76,98
147,35,76,98
147,34,76,98
145,31,76,98
143,27,76,98
141,22,76,98
138,17,76,98
133,11,76,98
132,14,76,98
127,18,76,98
122,20,76,98
120,20,76,98
122,22,76,98
123,22,76,98
121,23,76,98
119,23,76,98
118,22,76,98
120,20,76,98
122,21,76,98
124,25,76,98
129,31,76,98
130,37,76,98
129,40,76,98
130,42,76,98
127,41,76,98
128,35,76,98
130,25,76,98
132,18,76,98
135,22,76,98
136,26,76,98
136,31,76,98
135,33,76,98
134,35,76,98
133,36,76,98
135,41,76,98
135,38,76,98
140,39,76,98
141,40,76,98
137,39,76,98
133,40,76,98
130,41,76,98
124,41,76,98
118,40,76,98
113,39,76,98
108,38,76,98
104,38,76,98
107,37,76,98
109,35,76,98
110,29,76,98
115,30,76,98
117,35,76,98
120,41,76,98
123,45,76,98
130,46,76,98
137,44,76,98
141,39,76,98
144,34,76,98
147,31,76,98
149,28,76,98
151,27,76,98
152,28,76,98
151,29,76,98
151,31,76,98
151,33,76,98
147,35,76,98
143,36,76,98
143,37,76,98
139,37,76,98
139,35,76,98
138,33,76,98
138,33,76,98
138,34,76,98
137,34,76,98
137,35,76,98
140,36,76,98
142,37,76,98
142,37,76,98
141,38,76,98
143,40,76,98
142,43,76,98
137,48,76,98
137,52,76,98
139,56,76,98
139,60,76,98
136,61,76,98
132,59,76,98
131,56,76,98
133,55,76,98
131,53,76,98
132,49,76,98
135,48,76,98
138,48,76,98
142,49,76,98
146,50,76,98
148,51,76,98
150,51,76,98
156,50,76,98
156,46,76,98
156,44,76,98
152,42,76,98
145,39,76,98
140,39,76,98
134,42,76,98
129,44,76,98
125,46,76,98
121,48,76,98
116,49,76,98
111,49,76,98
110,49,76,98
107,46,76,98
106,41,76,98
110,40,76,98
112,41,76,98
116,49,76,98
120,53,76,98
126,58,76,98
131,62,76,98
137,62,76,98
141,60,76,98
147,57,76,98
155,55,76,98
158,56,76,98
161,58,76,98
185,40,76,98
185,43,76,98
180,43,76,98
204,25,76,98
198,22,76,98
195,19,76,98
194,19,76,98
190,18,76,98
189,16,76,98
190,15,76,98
189,17,76,98
188,19,76,98
188,22,76,98
188,25,76,98
188,26,76,98
189,26,76,98
191,25,76,98
193,24,76,98
195,22,76,98
197,22,76,98
197,21,76,98
200,22,76,98
205,24,76,98
205,23,76,98
204,24,76,98
175,27,76,98
153,42,76,98
155,40,76,98
156,37,76,98
156,34,76,98
157,35,76,98
157,34,76,98
157,32,76,98
167,52,76,98
167,22,76,98
170,21,76,98
172,23,76,98
174,23,76,98
182,21,76,98
157,37,76,98
154,37,76,98
171,35,76,98
185,30,76,98
181,29,76,98
174,28,76,98
172,28,76,98
174,29,76,98
173,29,76,98
172,30,76,98
171,29,76,98
168,26,76,98
165,22,76,98
152,49,76,98
151,47,76,98
147,45,76,98
154,45,76,98
157,45,76,98
161,48,76,98
165,52,76,98
165,53,76,98
169,54,76,98
171,53,76,98
170,52,76,98
167,52,76,98
165,49,76,98
166,47,76,98
163,48,76,98
160,50,76,98
160,54,76,98
157,57,76,98
153,55,76,98
148,54,76,98
143,51,76,98
142,49,76,98
138,46,76,98
135,45,76,98
135,45,76,98
132,46,76,98
131,46,76,98
132,49,76,98
133,50,76,98
126,21,76,98
129,20,76,98
133,20,76,98
139,20,76,98
143,18,76,98
145,18,76,98
148,16,76,98
148,16,76,98
145,17,76,98
142,21,76,98
139,26,76,98
135,30,76,98
130,32,76,98
126,33,76,98
121,33,76,98
114,30,76,98
111,26,76,98
106,25,76,98
104,25,76,98
101,29,76,98
101,30,76,98
104,30,76,98
106,27,76,98
109,25,76,98
115,26,76,98
116,27,76,98
113,25,76,98
113,25,76,98
121,53,76,98
119,52,76,98
