NaN,NaN,NaN,-1
208,105,30,99
206,104,30,99
204,103,30,99
203,101,30,99
202,100,30,99
203,99,30,99
204,98,30,99
205,97,30,99
207,97,30,99
209,96,30,99
211,96,30,99
214,96,30,99
215,96,30,99
214,96,30,99
213,97,30,99
212,96,30,99
212,95,30,99
210,95,30,99
209,94,30,99
210,97,30,99
211,98,30,99
212,97,30,99
212,97,30,99
213,90,30,99
214,90,30,99
214,90,30,99
214,89,30,99
214,88,30,99
214,87,30,99
215,86,30,99
216,85,30,99
217,86,30,99
218,86,30,99
219,86,30,99
219,86,30,99
219,86,30,99
219,85,30,99
219,85,30,99
220,84,30,99
220,86,30,99
219,89,30,99
219,92,30,99
220,94,30,99
221,96,30,99
220,98,30,99
219,99,30,99
219,100,30,99
218,100,30,99
216,101,30,99
212,100,30,99
208,99,30,99
204,98,30,99
200,96,30,99
197,95,30,99
196,93,30,99
195,92,30,99
194,92,30,99
195,94,30,99
196,96,30,99
197,97,30,99
198,99,30,99
200,101,30,99
201,101,30,99
202,101,30,99
200,101,30,99
198,100,30,99
200,99,30,99
202,99,30,99
204,98,30,99
211,97,30,99
219,96,30,99
222,92,30,99
222,90,30,99
218,90,30,99
212,89,30,99
206,89,30,99
200,90,30,99
195,90,30,99
193,87,30,99
192,81,30,99
192,74,30,99
195,67,30,99
198,64,30,99
198,61,30,99
199,60,30,99
201,59,30,99
202,59,30,99
202,61,30,99
201,67,30,99
200,73,30,99
200,80,30,99
201,84,30,99
202,86,30,99
203,89,30,99
205,93,30,99
207,96,30,99
207,101,30,99
205,107,30,99
204,111,30,99
203,114,30,99
202,117,30,99
203,119,30,99
202,120,30,99
202,120,30,99
201,120,30,99
201,120,30,99
202,119,30,99
203,116,30,99
203,114,30,99
204,112,30,99
204,110,30,99
203,107,30,99
203,106,30,99
204,104,30,99
204,103,30,99
205,103,30,99
206,103,30,99
207,104,30,99
207,105,30,99
208,106,30,99
208,107,30,99
209,108,30,99
209,109,30,99
211,110,30,99
212,110,30,99
213,111,30,99
214,111,30,99
216,111,30,99
217,112,30,99
219,114,30,99
221,114,30,99
222,115,30,99
223,117,30,99
224,117,30,99
225,117,30,99
225,118,30,99
226,118,30,99
228,116,30,99
230,116,30,99
231,115,30,99
231,114,30,99
232,113,30,99
232,111,30,99
232,110,30,99
232,110,30,99
232,109,30,99
231,108,30,99
231,107,30,99
NaN,NaN,NaN,-2
NaN,NaN,NaN,0
NaN,NaN,NaN,0
NaN,NaN,NaN,0
NaN,NaN,NaN,0
NaN,NaN,NaN,-1
232,100,30,89
232,100,30,89
232,99,30,89
232,99,30,89
232,98,30,89
232,98,30,89
234,97,30,89
234,96,30,89
236,95,30,89
236,95,30,89
236,95,30,89
236,95,30,89
237,95,30,89
237,95,30,89
235,96,30,89
234,95,30,89
232,95,30,89
231,95,30,89
229,95,30,89
226,95,30,89
225,94,30,89
223,94,30,89
221,94,30,89
220,93,30,89
220,93,30,89
219,92,30,89
218,92,30,89
217,92,30,89
216,92,30,89
216,92,30,89
216,92,30,89
216,92,30,89
217,92,30,89
217,93,30,89
217,93,30,89
217,94,30,89
217,95,30,89
217,96,30,89
217,96,30,89
217,96,30,89
216,96,30,89
216,96,30,89
217,95,30,89
217,94,30,89
217,94,30,89
216,94,30,89
215,95,30,89
214,95,30,89
213,96,30,89
212,96,30,89
211,96,30,89
211,95,30,89
210,95,30,89
211,95,30,89
209,96,30,89
209,98,30,89
210,100,30,89
211,103,30,89
212,107,30,89
212,110,30,89
213,113,30,89
212,116,30,89
212,118,30,89
211,119,30,89
211,120,30,89
211,121,30,89
210,122,30,89
211,122,30,89
211,122,30,89
211,123,30,89
211,123,30,89
211,123,30,89
211,123,30,89
211,123,30,89
210,123,30,89
209,123,30,89
207,123,30,89
205,123,30,89
203,122,30,89
201,122,30,89
200,121,30,89
199,121,30,89
197,122,30,89
196,122,30,89
196,123,30,89
196,123,30,89
197,122,30,89
197,122,30,89
198,123,30,89
200,123,30,89
203,122,30,89
207,121,30,89
210,122,30,89
212,122,30,89
214,122,30,89
215,122,30,89
215,121,30,89
216,120,30,89
216,118,30,89
216,115,30,89
216,113,30,89
217,110,30,89
217,108,30,89
217,107,30,89
216,107,30,89
216,107,30,89
215,107,30,89
215,106,30,89
214,107,30,89
213,107,30,89
211,107,30,89
210,108,30,89
209,109,30,89
209,109,30,89
208,109,30,89
208,109,30,89
207,109,30,89
207,109,30,89
205,109,30,89
204,109,30,89
201,109,30,89
199,108,30,89
197,107,30,89
195,106,30,89
193,105,30,89
191,104,30,89
190,103,30,89
189,102,30,89
187,101,30,89
186,99,30,89
184,97,30,89
184,95,30,89
183,93,30,89
181,92,30,89
178,92,30,89
175,91,30,89
174,89,30,89
175,86,30,89
175,83,30,89
174,81,30,89
174,80,30,89
173,79,30,89
172,79,30,89
170,78,30,89
168,78,30,89
166,77,30,89
164,77,30,89
162,76,30,89
161,75,30,89
160,74,30,89
160,74,30,89
159,73,30,89
158,74,30,89
157,75,30,89
155,76,30,89
154,78,30,89
152,79,30,89
149,80,30,89
148,80,30,89
148,79,30,89
147,78,30,89
147,77,30,89
146,77,30,89
146,77,30,89
145,77,30,89
144,77,30,89
143,77,30,89
142,77,30,89
141,77,30,89
140,77,30,89
140,76,30,89
139,76,30,89
139,76,30,89
139,76,30,89
140,76,30,89
141,77,30,89
142,79,30,89
143,82,30,89
145,85,30,89
146,89,30,89
147,92,30,89
148,93,30,89
150,94,30,89
156,93,30,89
166,92,30,89
174,91,30,89
176,90,30,89
176,89,30,89
177,89,30,89
176,90,30,89
174,90,30,89
170,91,30,89
166,91,30,89
163,91,30,89
160,90,30,89
157,90,30,89
155,89,30,89
153,88,30,89
152,88,30,89
151,88,30,89
151,88,30,89
152,88,30,89
151,88,30,89
151,88,30,89
150,88,30,89
148,89,30,89
146,87,30,89
146,84,30,89
147,80,30,89
147,79,30,89
148,78,30,89
151,78,30,89
159,79,30,89
164,80,30,89
166,83,30,89
168,87,30,89
170,91,30,89
169,94,30,89
170,97,30,89
170,100,30,89
170,102,30,89
170,104,30,89
171,105,30,89
171,106,30,89
170,107,30,89
168,108,30,89
167,109,30,89
165,110,30,89
162,110,30,89
160,109,30,89
160,106,30,89
160,101,30,89
160,96,30,89
161,91,30,89
163,87,30,89
166,81,30,89
169,77,30,89
173,73,30,89
176,71,30,89
177,70,30,89
178,71,30,89
178,72,30,89
178,73,30,89
176,76,30,89
174,80,30,89
170,85,30,89
167,89,30,89
163,92,30,89
159,96,30,89
154,99,30,89
151,103,30,89
148,105,30,89
146,106,30,89
146,106,30,89
146,106,30,89
148,106,30,89
150,104,30,89
153,102,30,89
155,100,30,89
156,97,30,89
158,95,30,89
161,92,30,89
162,90,30,89
163,89,30,89
165,87,30,89
166,84,30,89
166,82,30,89
167,80,30,89
168,78,30,89
168,77,30,89
167,77,30,89
166,77,30,89
165,76,30,89
163,77,30,89
161,77,30,89
160,77,30,89
158,77,30,89
155,77,30,89
153,77,30,89
151,76,30,89
149,75,30,89
148,75,30,89
148,74,30,89
149,74,30,89
149,72,30,89
150,69,30,89
151,67,30,89
152,65,30,89
153,64,30,89
154,63,30,89
155,63,30,89
157,62,30,89
159,61,30,89
163,62,30,89
168,63,30,89
170,66,30,89
170,72,30,89
171,77,30,89
172,80,30,89
171,85,30,89
171,87,30,89
171,87,30,89
171,88,30,89
171,89,30,89
170,90,30,89
170,90,30,89
171,91,30,89
170,93,30,89
168,96,30,89
166,99,30,89
164,102,30,89
162,104,30,89
160,105,30,89
159,106,30,89
158,107,30,89
157,107,30,89
157,107,30,89
157,106,30,89
157,106,30,89
158,106,30,89
159,106,30,89
159,107,30,89
159,106,30,89
159,106,30,89
159,106,30,89
159,104,30,89
159,101,30,89
158,100,30,89
158,98,30,89
158,95,30,89
159,93,30,89
159,92,30,89
161,89,30,89
165,86,30,89
167,84,30,89
168,82,30,89
169,80,30,89
170,79,30,89
170,78,30,89
170,77,30,89
170,76,30,89
170,76,30,89
170,76,30,89
170,76,30,89
170,76,30,89
171,76,30,89
171,76,30,89
172,76,30,89
172,76,30,89
172,75,30,89
172,74,30,89
172,73,30,89
172,72,30,89
171,71,30,89
170,71,30,89
168,71,30,89
166,72,30,89
163,72,30,89
161,72,30,89
159,72,30,89
156,73,30,89
154,73,30,89
151,72,30,89
148,71,30,89
146,70,30,89
144,69,30,89
142,68,30,89
141,68,30,89
141,68,30,89
139,68,30,89
138,68,30,89
138,68,30,89
137,68,30,89
136,68,30,89
135,68,30,89
135,68,30,89
136,69,30,89
136,72,30,89
137,76,30,89
140,82,30,89
143,87,30,89
145,92,30,89
151,97,30,89
157,100,30,89
160,102,30,89
159,103,30,89
160,102,30,89
158,99,30,89
156,94,30,89
156,91,30,89
156,88,30,89
156,82,30,89
156,78,30,89
156,76,30,89
155,74,30,89
154,72,30,89
154,71,30,89
153,71,30,89
151,69,30,89
143,68,30,89
138,65,30,89
134,62,30,89
130,57,30,89
126,51,30,89
132,42,30,89
155,30,30,89
163,35,30,89
154,34,30,89
NaN,NaN,NaN,-2
NaN,NaN,NaN,0
NaN,NaN,NaN,0
NaN,NaN,NaN,0
NaN,NaN,NaN,0
NaN,NaN,NaN,-1
251,10,42,142
249,13,42,142
247,16,42,142
241,23,42,142
245,38,42,142
250,44,42,142
249,49,42,142
240,63,42,142
227,76,42,142
210,85,42,142
199,88,42,142
191,88,42,142
184,89,42,142
178,89,42,142
173,88,42,142
175,84,42,142
179,81,42,142
181,76,42,142
185,72,42,142
191,70,42,142
195,70,42,142
195,69,42,142
195,69,42,142
194,73,42,142
190,77,42,142
190,79,42,142
191,82,42,142
187,85,42,142
