NaN,NaN,NaN,-1
208,111,32,96
206,110,32,96
204,109,32,96
203,107,32,96
203,106,32,96
203,105,32,96
204,104,32,96
205,103,32,96
207,102,32,96
209,102,32,96
211,105,32,96
214,102,32,96
216,102,32,96
215,102,32,96
214,103,32,96
213,103,32,96
212,102,32,96
210,101,32,96
210,102,32,96
211,103,32,96
211,104,32,96
212,104,32,96
213,104,32,96
214,102,32,96
215,100,32,96
215,99,32,96
214,97,32,96
214,96,32,96
214,95,32,96
215,95,32,96
217,95,32,96
218,95,32,96
218,96,32,96
219,96,32,96
219,94,32,96
219,94,32,96
220,93,32,96
220,92,32,96
221,91,32,96
220,93,32,96
220,96,32,96
219,100,32,96
220,103,32,96
221,105,32,96
220,107,32,96
219,108,32,96
219,109,32,96
218,109,32,96
216,109,32,96
212,108,32,96
208,107,32,96
204,106,32,96
200,104,32,96
197,102,32,96
196,101,32,96
195,100,32,96
194,100,32,96
195,102,32,96
196,104,32,96
197,105,32,96
198,107,32,96
200,109,32,96
201,109,32,96
202,109,32,96
200,108,32,96
198,108,32,96
200,107,32,96
202,107,32,96
205,107,32,96
211,106,32,96
219,104,32,96
222,101,32,96
222,99,32,96
218,99,32,96
213,97,32,96
206,98,32,96
200,99,32,96
195,98,32,96
193,95,32,96
192,89,32,96
192,82,32,96
195,76,32,96
198,72,32,96
198,70,32,96
199,69,32,96
201,67,32,96
202,68,32,96
202,70,32,96
201,76,32,96
200,82,32,96
200,88,32,96
201,93,32,96
202,95,32,96
203,98,32,96
206,101,32,96
208,104,32,96
207,109,32,96
206,115,32,96
204,119,32,96
203,123,32,96
203,126,32,96
203,128,32,96
202,129,32,96
202,129,32,96
201,129,32,96
201,128,32,96
202,127,32,96
203,124,32,96
204,122,32,96
204,120,32,96
204,118,32,96
204,115,32,96
203,114,32,96
205,112,32,96
205,111,32,96
206,110,32,96
207,111,32,96
208,112,32,96
208,113,32,96
208,114,32,96
209,115,32,96
209,116,32,96
210,117,32,96
211,117,32,96
213,118,32,96
214,118,32,96
215,119,32,96
216,119,32,96
218,120,32,96
220,121,32,96
222,122,32,96
223,123,32,96
224,124,32,96
225,125,32,96
225,125,32,96
226,125,32,96
227,125,32,96
229,124,32,96
230,123,32,96
231,122,32,96
232,122,32,96
233,120,32,96
233,119,32,96
233,118,32,96
233,118,32,96
233,117,32,96
232,116,32,96
231,115,32,96
231,114,32,96
231,112,32,96
231,111,32,96
231,110,32,96
231,110,32,96
231,109,32,96
231,108,32,96
232,108,32,96
231,108,32,96
231,107,32,96
232,107,32,96
232,106,32,96
234,105,32,96
234,104,32,96
235,104,32,96
236,103,32,96
236,103,32,96
236,103,32,96
237,103,32,96
237,103,32,96
235,104,32,96
234,104,32,96
232,104,32,96
230,104,32,96
228,103,32,96
227,102,32,96
225,102,32,96
223,101,32,96
221,101,32,96
220,101,32,96
220,101,32,96
219,100,32,96
218,100,32,96
217,100,32,96
216,100,32,96
216,100,32,96
216,100,32,96
216,99,32,96
217,99,32,96
217,100,32,96
217,101,32,96
217,102,32,96
217,103,32,96
217,104,32,96
217,104,32,96
217,104,32,96
216,104,32,96
216,104,32,96
217,103,32,96
217,102,32,96
217,102,32,96
233,124,32,96
234,125,32,96
236,126,32,96
237,127,32,96
NaN,NaN,NaN,-2
NaN,NaN,NaN,0
NaN,NaN,NaN,0
NaN,NaN,NaN,0
NaN,NaN,NaN,0
NaN,NaN,NaN,-1
208,106,32,83
207,109,32,83
207,112,32,83
208,116,32,83
208,119,32,83
209,122,32,83
209,125,32,83
209,127,32,83
208,128,32,83
208,129,32,83
208,130,32,83
208,130,32,83
208,130,32,83
208,131,32,83
208,131,32,83
208,131,32,83
208,131,32,83
208,131,32,83
207,131,32,83
207,131,32,83
205,132,32,83
204,131,32,83
202,131,32,83
201,130,32,83
198,130,32,83
197,129,32,83
196,129,32,83
194,130,32,83
193,130,32,83
193,131,32,83
193,131,32,83
194,130,32,83
194,130,32,83
195,131,32,83
197,130,32,83
201,130,32,83
204,129,32,83
207,129,32,83
209,130,32,83
211,130,32,83
212,129,32,83
212,129,32,83
213,127,32,83
213,125,32,83
213,123,32,83
214,121,32,83
214,118,32,83
214,116,32,83
214,115,32,83
213,114,32,83
213,114,32,83
212,114,32,83
212,114,32,83
211,114,32,83
210,115,32,83
208,115,32,83
207,116,32,83
207,116,32,83
206,116,32,83
205,117,32,83
205,116,32,83
204,116,32,83
204,116,32,83
203,116,32,83
201,116,32,83
198,116,32,83
196,115,32,83
194,115,32,83
192,114,32,83
190,113,32,83
188,112,32,83
187,111,32,83
186,110,32,83
184,109,32,83
182,107,32,83
181,105,32,83
180,103,32,83
179,101,32,83
178,100,32,83
175,100,32,83
172,99,32,83
171,97,32,83
172,94,32,83
172,91,32,83
171,89,32,83
171,88,32,83
170,87,32,83
169,87,32,83
167,86,32,83
165,85,32,83
163,85,32,83
161,84,32,83
159,83,32,83
158,83,32,83
157,82,32,83
156,81,32,83
156,81,32,83
154,81,32,83
153,82,32,83
152,84,32,83
150,85,32,83
148,87,32,83
146,88,32,83
145,88,32,83
144,87,32,83
144,86,32,83
144,85,32,83
143,85,32,83
143,84,32,83
142,84,32,83
141,84,32,83
140,85,32,83
139,85,32,83
138,85,32,83
137,85,32,83
137,84,32,83
136,84,32,83
136,84,32,83
136,84,32,83
137,84,32,83
138,85,32,83
139,87,32,83
140,90,32,83
142,92,32,83
143,96,32,83
144,100,32,83
145,101,32,83
147,102,32,83
153,101,32,83
163,100,32,83
171,99,32,83
173,98,32,83
173,97,32,83
173,97,32,83
173,97,32,83
170,98,32,83
167,98,32,83
163,98,32,83
160,98,32,83
156,98,32,83
153,97,32,83
152,97,32,83
150,96,32,83
149,96,32,83
148,95,32,83
148,95,32,83
149,95,32,83
148,95,32,83
147,96,32,83
147,96,32,83
145,96,32,83
143,94,32,83
143,91,32,83
145,87,32,83
144,86,32,83
145,86,32,83
148,85,32,83
156,86,32,83
161,88,32,83
163,90,32,83
166,94,32,83
167,98,32,83
166,101,32,83
167,104,32,83
167,107,32,83
167,109,32,83
167,111,32,83
168,112,32,83
168,113,32,83
167,114,32,83
165,115,32,83
164,116,32,83
162,117,32,83
159,117,32,83
158,116,32,83
158,113,32,83
158,108,32,83
158,103,32,83
158,98,32,83
160,94,32,83
163,88,32,83
166,84,32,83
170,80,32,83
173,78,32,83
174,78,32,83
175,79,32,83
175,80,32,83
175,81,32,83
173,83,32,83
171,87,32,83
167,92,32,83
163,96,32,83
160,99,32,83
156,103,32,83
151,107,32,83
148,110,32,83
145,112,32,83
143,113,32,83
143,114,32,83
144,114,32,83
145,113,32,83
148,111,32,83
151,109,32,83
153,107,32,83
153,105,32,83
155,102,32,83
158,99,32,83
160,97,32,83
161,96,32,83
162,94,32,83
163,91,32,83
163,89,32,83
164,87,32,83
165,85,32,83
165,84,32,83
164,84,32,83
163,84,32,83
162,83,32,83
160,84,32,83
159,84,32,83
157,84,32,83
155,84,32,83
152,84,32,83
150,84,32,83
148,83,32,83
146,82,32,83
145,82,32,83
145,81,32,83
146,80,32,83
146,79,32,83
147,76,32,83
148,74,32,83
149,72,32,83
150,71,32,83
151,70,32,83
152,69,32,83
154,68,32,83
156,68,32,83
160,69,32,83
138,48,32,83
NaN,NaN,NaN,-2
NaN,NaN,NaN,0
NaN,NaN,NaN,0
NaN,NaN,NaN,0
NaN,NaN,NaN,0
NaN,NaN,NaN,-1
166,96,36,82
166,97,36,82
165,97,36,82
165,98,36,82
165,99,36,82
166,99,36,82
165,101,36,82
164,104,36,82
164,107,36,82
163,109,36,82
161,110,36,82
159,112,36,82
158,113,36,82
157,114,36,82
155,114,36,82
154,115,36,82
154,114,36,82
153,114,36,82
154,114,36,82
154,114,36,82
154,115,36,82
154,114,36,82
154,115,36,82
154,114,36,82
154,112,36,82
154,110,36,82
153,108,36,82
153,107,36,82
154,104,36,82
154,102,36,82
155,100,36,82
157,97,36,82
161,95,36,82
164,92,36,82
165,90,36,82
166,88,36,82
166,87,36,82
166,86,36,82
166,85,36,82
166,85,36,82
166,85,36,82
165,84,36,82
165,84,36,82
165,84,36,82
166,84,36,82
166,84,36,82
167,84,36,82
167,84,36,82
168,83,36,82
167,82,36,82
168,81,36,82
167,80,36,82
167,79,36,82
166,79,36,82
164,79,36,82
161,80,36,82
159,80,36,82
157,80,36,82
155,80,36,82
153,81,36,82
150,81,36,82
147,80,36,82
144,79,36,82
142,78,36,82
139,77,36,82
138,76,36,82
137,76,36,82
136,76,36,82
135,76,36,82
134,76,36,82
133,76,36,82
132,76,36,82
131,76,36,82
131,76,36,82
131,76,36,82
131,77,36,82
132,80,36,82
133,84,36,82
136,90,36,82
139,95,36,82
141,100,36,82
147,105,36,82
153,108,36,82
156,110,36,82
155,111,36,82
156,110,36,82
154,107,36,82
152,102,36,82
151,99,36,82
152,96,36,82
152,91,36,82
152,86,36,82
152,84,36,82
151,82,36,82
150,80,36,82
150,79,36,82
149,79,36,82
146,78,36,82
139,76,36,82
134,73,36,82
130,70,36,82
126,65,36,82
122,59,36,82
127,49,36,82
151,37,36,82
176,31,36,82
202,25,36,82
238,23,36,82
261,22,36,82
NaN,NaN,NaN,-2
NaN,NaN,NaN,0
NaN,NaN,NaN,0
NaN,NaN,NaN,0
NaN,NaN,NaN,0
NaN,NaN,NaN,-1
239,26,57,139
232,32,57,139
234,47,57,139
239,52,57,139
238,58,57,139
229,72,57,139
218,85,57,139
202,95,57,139
192,99,57,139
184,99,57,139
179,99,57,139
185,97,57,139
181,95,57,139
184,91,57,139
187,89,57,139
188,84,57,139
192,80,57,139
197,78,57,139
201,78,57,139
201,77,57,139
201,77,57,139
195,82,57,139
185,87,57,139
182,89,57,139
183,92,57,139
178,95,57,139
