NaN,NaN,NaN,-1
206,119,28,110
203,118,28,110
202,117,28,110
201,115,28,110
200,114,28,110
201,113,28,110
202,112,28,110
203,111,28,110
205,110,28,110
206,109,28,110
209,109,28,110
212,109,28,110
213,109,28,110
212,110,28,110
211,110,28,110
210,110,28,110
209,109,28,110
208,108,28,110
207,108,28,110
208,107,28,110
209,106,28,110
210,105,28,110
211,104,28,110
211,103,28,110
212,103,28,110
212,103,28,110
212,102,28,110
212,101,28,110
212,100,28,110
213,98,28,110
214,97,28,110
215,98,28,110
216,98,28,110
217,98,28,110
217,98,28,110
217,98,28,110
217,98,28,110
218,97,28,110
218,97,28,110
218,98,28,110
217,102,28,110
217,104,28,110
218,107,28,110
219,109,28,110
218,110,28,110
218,111,28,110
218,112,28,110
217,113,28,110
214,113,28,110
210,113,28,110
206,112,28,110
202,110,28,110
198,108,28,110
195,106,28,110
194,104,28,110
193,103,28,110
192,104,28,110
193,106,28,110
194,108,28,110
195,108,28,110
196,110,28,110
197,112,28,110
199,113,28,110
200,112,28,110
198,112,28,110
196,111,28,110
198,111,28,110
200,110,28,110
203,109,28,110
210,109,28,110
217,107,28,110
220,104,28,110
220,102,28,110
216,102,28,110
211,101,28,110
205,101,28,110
199,102,28,110
194,101,28,110
191,98,28,110
190,93,28,110
190,86,28,110
192,80,28,110
195,76,28,110
196,74,28,110
197,72,28,110
199,71,28,110
200,72,28,110
200,75,28,110
200,81,28,110
199,90,28,110
199,96,28,110
200,102,28,110
201,104,28,110
202,105,28,110
204,107,28,110
206,109,28,110
205,114,28,110
204,120,28,110
202,124,28,110
201,128,28,110
201,131,28,110
202,134,28,110
202,135,28,110
201,135,28,110
200,134,28,110
200,134,28,110
201,132,28,110
202,130,28,110
203,127,28,110
203,125,28,110
203,123,28,110
203,120,28,110
203,118,28,110
204,116,28,110
204,115,28,110
205,115,28,110
206,115,28,110
207,116,28,110
208,117,28,110
208,118,28,110
208,120,28,110
208,120,28,110
209,121,28,110
210,122,28,110
212,123,28,110
213,123,28,110
214,124,28,110
215,124,28,110
217,125,28,110
219,126,28,110
221,127,28,110
222,128,28,110
223,129,28,110
224,129,28,110
224,130,28,110
225,130,28,110
226,130,28,110
228,129,28,110
229,129,28,110
230,128,28,110
231,127,28,110
232,126,28,110
232,125,28,110
232,124,28,110
232,123,28,110
232,122,28,110
231,121,28,110
230,121,28,110
230,120,28,110
230,118,28,110
230,116,28,110
230,115,28,110
230,115,28,110
230,114,28,110
231,113,28,110
231,113,28,110
231,113,28,110
231,112,28,110
231,112,28,110
231,112,28,110
233,111,28,110
234,110,28,110
235,109,28,110
235,109,28,110
235,109,28,110
236,108,28,110
236,109,28,110
236,109,28,110
235,109,28,110
233,109,28,110
231,109,28,110
230,109,28,110
228,109,28,110
226,108,28,110
224,107,28,110
222,107,28,110
220,107,28,110
219,107,28,110
219,106,28,110
218,105,28,110
217,105,28,110
216,105,28,110
216,105,28,110
216,105,28,110
216,105,28,110
216,105,28,110
216,105,28,110
216,106,28,110
216,106,28,110
216,107,28,110
216,109,28,110
216,109,28,110
216,109,28,110
216,109,28,110
215,109,28,110
216,109,28,110
216,108,28,110
217,107,28,110
216,107,28,110
216,107,28,110
215,107,28,110
214,108,28,110
213,109,28,110
212,109,28,110
211,109,28,110
211,108,28,110
211,107,28,110
212,106,28,110
211,106,28,110
210,108,28,110
211,110,28,110
212,113,28,110
213,117,28,110
214,120,28,110
215,123,28,110
214,125,28,110
214,127,28,110
213,128,28,110
213,130,28,110
212,131,28,110
212,131,28,110
212,132,28,110
213,132,28,110
213,133,28,110
213,133,28,110
212,133,28,110
213,132,28,110
213,132,28,110
212,133,28,110
211,133,28,110
209,133,28,110
207,133,28,110
205,133,28,110
203,132,28,110
201,132,28,110
201,132,28,110
199,132,28,110
198,132,28,110
198,133,28,110
199,133,28,110
199,132,28,110
199,133,28,110
200,133,28,110
202,133,28,110
205,133,28,110
209,132,28,110
211,132,28,110
214,132,28,110
216,132,28,110
217,132,28,110
217,132,28,110
218,130,28,110
218,128,28,110
218,126,28,110
218,124,28,110
219,121,28,110
219,119,28,110
219,118,28,110
218,117,28,110
218,117,28,110
218,117,28,110
217,117,28,110
216,117,28,110
215,117,28,110
213,118,28,110
212,119,28,110
211,119,28,110
211,119,28,110
210,119,28,110
210,119,28,110
209,119,28,110
209,119,28,110
208,119,28,110
206,119,28,110
203,119,28,110
201,118,28,110
199,118,28,110
197,117,28,110
195,116,28,110
193,115,28,110
192,113,28,110
191,113,28,110
189,112,28,110
188,110,28,110
187,107,28,110
186,105,28,110
185,103,28,110
183,103,28,110
180,103,28,110
177,102,28,110
176,100,28,110
177,97,28,110
177,94,28,110
176,92,28,110
176,90,28,110
176,90,28,110
174,89,28,110
172,89,28,110
170,88,28,110
168,88,28,110
166,87,28,110
164,86,28,110
163,85,28,110
162,85,28,110
162,84,28,110
161,84,28,110
160,84,28,110
159,85,28,110
158,87,28,110
156,88,28,110
154,89,28,110
152,90,28,110
151,90,28,110
150,90,28,110
150,89,28,110
149,88,28,110
148,88,28,110
148,88,28,110
147,88,28,110
146,88,28,110
145,88,28,110
145,88,28,110
143,88,28,110
143,88,28,110
142,87,28,110
142,87,28,110
142,87,28,110
141,87,28,110
142,87,28,110
143,88,28,110
145,90,28,110
146,93,28,110
148,95,28,110
149,99,28,110
150,103,28,110
152,104,28,110
154,105,28,110
159,104,28,110
168,103,28,110
176,102,28,110
178,102,28,110
178,101,28,110
179,101,28,110
178,101,28,110
176,102,28,110
172,102,28,110
168,102,28,110
165,102,28,110
162,102,28,110
159,101,28,110
157,101,28,110
156,100,28,110
154,100,28,110
154,100,28,110
154,99,28,110
155,99,28,110
154,99,28,110
155,99,28,110
154,99,28,110
152,99,28,110
150,97,28,110
150,95,28,110
151,91,28,110
149,90,28,110
150,90,28,110
154,89,28,110
161,90,28,110
166,92,28,110
168,95,28,110
171,98,28,110
172,102,28,110
172,105,28,110
172,108,28,110
173,111,28,110
173,113,28,110
173,115,28,110
175,116,28,110
176,117,28,110
176,118,28,110
176,119,28,110
175,120,28,110
173,121,28,110
170,120,28,110
168,119,28,110
167,116,28,110
167,112,28,110
166,106,28,110
165,102,28,110
167,98,28,110
169,92,28,110
173,87,28,110
176,84,28,110
179,82,28,110
181,81,28,110
181,82,28,110
181,83,28,110
181,84,28,110
180,87,28,110
177,91,28,110
174,96,28,110
171,100,28,110
167,103,28,110
163,107,28,110
160,111,28,110
157,114,28,110
154,116,28,110
153,117,28,110
152,117,28,110
152,117,28,110
153,117,28,110
154,115,28,110
157,113,28,110
159,111,28,110
159,109,28,110
161,106,28,110
164,103,28,110
166,101,28,110
167,100,28,110
168,98,28,110
169,95,28,110
169,93,28,110
170,91,28,110
171,89,28,110
172,88,28,110
172,88,28,110
171,88,28,110
170,88,28,110
169,88,28,110
167,88,28,110
166,88,28,110
164,88,28,110
161,88,28,110
158,88,28,110
156,87,28,110
154,86,28,110
152,86,28,110
152,85,28,110
153,85,28,110
153,83,28,110
154,81,28,110
155,78,28,110
156,76,28,110
157,75,28,110
158,74,28,110
159,74,28,110
161,73,28,110
163,73,28,110
167,74,28,110
174,76,28,110
177,80,28,110
178,86,28,110
179,90,28,110
180,93,28,110
180,98,28,110
178,98,28,110
179,99,28,110
178,99,28,110
177,100,28,110
176,101,28,110
175,102,28,110
175,103,28,110
174,105,28,110
172,108,28,110
170,111,28,110
168,113,28,110
166,115,28,110
164,117,28,110
163,118,28,110
162,119,28,110
161,119,28,110
161,119,28,110
161,118,28,110
162,118,28,110
163,118,28,110
164,118,28,110
164,118,28,110
165,118,28,110
166,118,28,110
165,117,28,110
165,115,28,110
165,113,28,110
164,111,28,110
163,110,28,110
163,107,28,110
164,105,28,110
164,103,28,110
166,101,28,110
169,98,28,110
172,96,28,110
173,94,28,110
174,92,28,110
174,90,28,110
174,89,28,110
174,89,28,110
175,89,28,110
174,88,28,110
175,89,28,110
175,89,28,110
176,89,28,110
176,89,28,110
177,89,28,110
178,89,28,110
178,88,28,110
178,87,28,110
178,86,28,110
178,85,28,110
177,84,28,110
176,84,28,110
175,84,28,110
173,84,28,110
170,84,28,110
168,85,28,110
166,85,28,110
164,85,28,110
161,85,28,110
158,85,28,110
155,84,28,110
153,83,28,110
151,83,28,110
148,81,28,110
147,81,28,110
147,81,28,110
146,81,28,110
145,81,28,110
144,81,28,110
144,81,28,110
143,81,28,110
142,81,28,110
141,81,28,110
141,81,28,110
141,82,28,110
141,84,28,110
142,89,28,110
145,94,28,110
148,99,28,110
150,104,28,110
156,110,28,110
162,112,28,110
164,114,28,110
164,115,28,110
164,114,28,110
163,111,28,110
161,107,28,110
161,104,28,110
161,100,28,110
161,95,28,110
161,90,28,110
161,89,28,110
161,87,28,110
161,85,28,110
160,84,28,110
159,83,28,110
156,82,28,110
149,81,28,110
144,79,28,110
141,76,28,110
143,71,28,110
142,67,28,110
146,66,28,110
169,59,28,110
NaN,NaN,NaN,-2
NaN,NaN,NaN,0
NaN,NaN,NaN,0
NaN,NaN,NaN,0
NaN,NaN,NaN,0
NaN,NaN,NaN,-1
233,33,46,155
248,31,46,155
248,32,46,155
246,34,46,155
245,36,46,155
239,42,46,155
244,56,46,155
252,61,46,155
251,66,46,155
241,79,46,155
227,93,46,155
211,103,46,155
200,107,46,155
189,109,46,155
183,110,46,155
176,110,46,155
171,109,46,155
174,105,46,155
178,102,46,155
180,96,46,155
184,92,46,155
189,90,46,155
193,90,46,155
192,89,46,155
192,89,46,155
191,94,46,155
187,98,46,155
188,99,46,155
191,102,46,155
187,105,46,155
