NaN,NaN,NaN,-1
61.88,77.499,78.54,258.53
58.608,74.375,85.085,261.8
55.552,77.35,86.857,261.8
49.236,61.88,94.903,274.89
52.211,52.657,94.903,281.44
42.542,49.534,111.27,284.71
30.047,46.41,124.36,287.98
82.705,84.044,78.54,245.44
85.68,83.895,78.54,248.71
92.076,84.044,68.723,245.44
95.2,84.044,65.45,245.44
98.026,84.044,68.722,245.44
100.7,84.044,75.267,245.44
103.83,87.168,71.995,242.17
106.8,84.192,71.995,242.17
109.63,84.192,75.268,242.17
112.45,84.341,78.54,238.89
115.43,87.316,78.54,238.89
118.41,87.465,78.54,235.62
121.38,87.465,78.54,235.62
124.5,90.589,75.268,232.35
127.48,90.589,75.268,232.35
130.45,90.589,75.268,232.35
124.06,90.589,85.085,232.35
127.18,90.589,81.812,232.35
120.64,93.861,94.903,225.8
123.61,94.01,94.903,222.53
123.76,94.01,91.63,222.53
126.88,94.01,88.358,222.53
132.98,94.01,85.085,222.53
135.96,96.241,85.085,238.89
135.96,96.093,85.085,242.16
138.93,93.118,85.085,242.17
141.91,93.118,85.085,242.17
144.59,96.241,91.63,238.89
147.56,93.266,91.63,238.89
147.41,96.539,94.903,232.35
147.56,96.539,91.63,232.35
150.39,96.539,94.903,232.35
150.24,93.564,98.175,232.35
156.34,99.96,94.903,222.53
156.49,99.662,91.63,229.08
156.49,106.21,91.63,215.99
159.61,106.21,88.358,215.99
159.61,99.96,88.358,222.53
162.73,103.08,85.085,219.26
156.19,99.365,98.175,235.62
156.04,102.49,101.45,232.35
162.44,99.514,91.63,232.35
159.01,107.47,101.45,224.01
165.26,108.74,94.903,225.8
168.24,108.89,94.903,222.53
161.99,108.89,101.45,222.53
164.96,109.03,101.45,219.26
171.06,106.21,98.175,215.99
161.84,102.94,104.72,222.53
165.11,106.06,98.175,219.26
171.06,109.33,98.175,212.71
161.39,112.45,114.54,209.44
167.19,99.96,117.81,222.53
157.67,103.38,130.9,212.71
160.95,109.63,124.36,206.17
160.8,109.33,127.63,212.71
154.4,112.31,137.45,212.71
151.43,112.31,137.44,212.71
151.58,124.65,134.17,202.9
142.2,117.66,143.99,225.8
142.06,130.01,147.26,215.99
141.61,123.31,157.08,232.35
144.59,123.46,157.08,229.08
144.14,123.91,166.9,219.26
150.09,123.61,166.9,225.8
152.77,123.61,173.44,225.8
143.25,123.61,186.53,225.8
143.54,123.76,179.99,222.53
146.67,120.64,176.72,225.8
147.41,123.76,160.35,222.53
172.55,123.76,130.9,222.53
175.53,126.88,130.9,219.26
175.53,111.41,130.9,232.35
175.53,117.66,130.9,225.8
178.5,120.78,130.9,222.53
156.63,120.78,153.81,222.53
156.48,124.06,157.08,215.99
156.34,117.81,160.35,222.53
159.46,121.08,157.08,215.99
159.46,120.93,157.08,219.26
168.68,121.08,150.53,215.99
164.67,118.11,173.44,215.99
164.67,121.23,173.44,212.71
164.67,121.23,173.44,212.71
164.67,121.53,173.44,206.17
167.49,121.68,176.72,202.9
167.49,121.68,176.72,202.9
173.74,121.38,170.17,209.44
173.89,124.5,166.9,206.17
176.86,124.8,166.9,199.62
179.99,121.83,163.62,199.62
179.99,121.68,163.62,202.9
173.89,124.65,166.9,202.9
157.53,118.11,199.62,215.99
154.4,118.41,202.9,209.44
151.28,118.55,206.17,206.17
147.86,118.55,215.99,206.17
150.39,118.55,225.8,206.17
150.09,124.8,232.35,199.62
187.43,121.97,196.35,196.35
184.15,124.95,202.9,196.35
180.58,124.95,215.99,196.35
188.76,121.83,232.35,199.62
195.41,125.1,217.06,193.08
198.28,121.97,219.26,196.35
201.56,121.97,212.71,196.35
202.15,121.97,199.62,196.35
192.63,122.12,212.71,193.08
186.09,118.85,225.8,199.62
195.46,119,215.99,196.35
179.84,115.88,232.35,199.62
173.29,97.282,245.44,215.99
163.92,112.9,255.26,199.62
151.28,116.03,271.62,196.35
182.22,112.9,245.44,199.62
182.37,113.2,242.17,193.08
178.65,109.93,258.53,199.62
181.77,106.8,255.25,202.9
184.9,106.95,251.98,199.62
181.77,106.95,255.25,199.62
184.9,103.98,251.98,199.62
184.9,100.7,251.98,206.17
185.19,100.7,245.44,206.17
185.28,97.58,243.55,209.44
185.34,94.456,242.17,212.71
185.64,88.358,235.62,215.99
185.64,85.234,235.62,219.26
231.75,85.382,202.9,215.99
231.01,85.382,219.26,215.99
230.41,79.135,232.35,222.53
235.77,79.135,179.99,222.53
233.39,76.011,166.9,225.8
242.91,72.888,153.81,229.08
242.91,66.491,153.81,238.89
242.76,66.491,157.08,238.89
242.76,53.847,157.08,255.26
245.29,50.862,166.9,255.48
242.02,38.377,173.44,268.35
233.84,38.377,157.08,268.35
236.96,38.377,153.81,268.35
236.96,38.526,153.81,265.07
239.93,38.675,153.81,261.8
240.38,38.824,143.99,258.53
240.23,41.947,147.26,255.26
243.06,41.947,150.54,255.26
243.06,45.071,150.54,251.98
243.5,48.195,140.72,248.71
242.91,48.344,153.81,245.44
242.91,48.195,153.81,248.71
240.38,45.22,143.99,248.71
237.72,45.22,137.09,248.71
234.28,48.195,147.26,248.71
233.54,45.22,163.62,248.71
233.54,45.22,163.62,248.71
239.93,48.492,153.81,242.17
239.93,48.195,153.81,248.71
236.66,48.492,160.35,242.17
236.66,48.492,160.35,242.17
237.11,48.492,150.53,242.17
237.11,48.641,150.53,238.89
239.78,48.492,157.08,242.17
239.78,48.492,157.08,242.17
243.2,51.765,153.5,235.62
239.93,48.641,153.81,238.89
239.93,48.79,153.81,235.62
246.03,48.79,150.53,235.62
246.33,51.914,143.99,232.35
239.49,58.161,163.62,225.8
239.64,58.31,160.35,222.53
239.78,58.31,157.08,222.53
243.21,55.037,147.26,229.08
236.81,58.161,157.08,225.8
239.93,58.31,153.81,222.53
236.81,55.186,157.08,225.8
236.81,55.335,157.08,222.53
227.44,55.186,166.9,225.8
221.04,52.062,176.72,229.08
221.04,52.062,176.72,229.08
221.04,52.062,176.72,229.08
224.17,52.211,173.44,225.8
233.54,52.36,163.62,222.53
239.64,55.484,160.35,219.26
239.78,58.459,157.08,219.26
230.41,58.459,166.9,219.26
230.27,61.582,170.17,215.99
230.27,61.731,170.17,212.71
233.09,61.731,173.44,212.71
236.51,61.731,163.63,212.71
236.51,61.731,163.63,212.71
236.36,61.731,166.9,212.71
239.19,61.731,170.17,212.71
239.49,61.731,163.62,212.71
242.84,64.855,155.42,209.44
239.49,65.004,163.62,206.17
245.59,68.127,160.35,202.9
242.76,67.979,157.08,206.17
236.07,67.979,173.44,206.17
236.22,70.954,170.17,206.17
236.07,67.681,173.44,212.71
239.19,64.409,170.17,219.26
239.19,64.26,170.17,222.53
239.34,64.409,166.9,219.26
239.04,67.83,173.44,209.44
239.49,70.805,163.62,209.44
232.94,67.681,176.72,212.71
232.87,67.235,178.38,222.53
232.94,70.507,176.72,215.99
226.99,70.656,176.72,212.71
223.57,64.26,186.53,222.53
237.29,64.26,175.28,222.53
235.92,67.235,176.72,222.53
241.32,61.136,177.29,225.8
241.87,61.582,176.72,215.99
241.99,58.433,174.01,219.82
238.74,61.582,179.99,215.99
241.57,61.582,183.26,215.99
248.12,65.152,170.17,202.9
244.99,64.855,173.44,209.44
244.99,61.731,173.44,212.71
244.84,62.029,176.72,206.17
244.84,62.029,176.72,206.17
244.69,65.152,179.99,202.9
241.27,65.004,189.81,206.17
244.55,61.731,183.26,212.71
244.55,64.855,183.26,209.44
244.69,65.004,179.99,206.17
244.4,64.706,186.53,212.71
244.25,64.855,189.81,209.44
244.25,64.855,189.81,209.44
244.25,64.855,189.81,209.44
247.22,65.004,189.81,206.17
246.93,68.127,196.35,202.9
240.83,68.276,199.62,199.62
237.85,68.574,199.62,193.08
237.7,71.549,202.9,193.08
240.98,68.574,196.35,193.08
244.25,74.97,189.81,183.26
240.98,74.672,196.35,189.81
244.55,77.796,183.26,186.53
244.99,77.945,173.44,183.26
244.84,77.796,176.72,186.53
247.82,77.945,176.72,183.26
247.82,81.069,176.72,179.99
241.57,77.945,183.26,183.26
238,77.945,196.35,183.26
241.12,77.945,193.08,183.26
240.98,77.945,196.35,183.26
240.98,77.945,196.35,183.26
238.3,81.218,189.81,176.72
235.17,81.218,193.08,176.72
235.17,81.366,193.08,173.44
235.17,81.366,193.08,173.44
235.32,81.515,189.81,170.17
244.69,81.515,179.99,170.17
243.95,75.119,196.35,179.99
243.8,81.515,199.62,170.17
246.93,83.895,196.35,183.26
246.93,80.771,196.35,186.53
244.25,80.771,189.81,186.53
247.52,84.044,183.26,179.99
247.37,77.796,186.53,186.53
243.65,77.796,202.9,186.53
243.8,80.92,199.62,183.26
243.95,81.069,196.35,179.99
243.8,81.069,199.62,179.99
240.83,81.069,199.62,179.99
240.98,81.218,196.35,176.72
247.37,84.341,186.53,173.44
247.22,84.49,189.81,170.17
247.37,87.614,186.53,166.9
247.37,84.49,186.53,170.17
247.37,81.069,186.53,179.99
247.37,84.341,186.53,173.44
247.52,81.366,183.26,173.44
246.92,81.069,190.12,179.99
225.36,78.094,212.71,179.99
225.36,81.218,212.71,176.72
225.8,81.218,203.05,176.72
219.56,81.366,209.44,173.44
213.31,81.218,215.99,176.72
213.16,84.49,219.26,170.17
210.33,84.639,215.99,166.9
213.16,84.639,219.26,166.9
213.83,84.639,204.49,166.9
213.75,84.639,206.17,166.9
217.34,84.639,199.3,166.9
217.03,84.639,199.62,166.9
204.09,84.639,222.53,166.9
203.79,84.639,229.08,166.9
197.54,87.763,235.62,163.62
194.56,87.763,235.62,163.62
197.54,87.763,235.62,163.62
191.44,78.54,238.89,170.17
191.44,78.54,238.89,170.17
188.32,75.416,242.17,173.44
188.32,72.441,242.17,173.44
200.96,68.574,225.8,193.08
201.11,52.806,222.53,212.71
198.14,56.079,222.53,206.17
201.41,56.227,215.99,202.9
204.53,56.227,212.71,202.9
215.45,56.227,201.27,202.9
220.15,68.722,196.35,189.81
210.78,68.722,206.17,189.81
211.08,68.871,199.62,186.53
217.18,72.144,196.35,179.99
217.18,78.391,196.35,173.44
210.48,84.639,212.71,166.9
210.48,90.738,212.71,163.62
213.75,90.886,206.17,160.35
213.75,90.968,206.17,158.56
216.73,87.911,206.17,160.35
216.73,87.763,206.17,163.62
215.99,87.763,222.53,163.62
219.11,90.886,219.26,160.35
228.48,87.763,209.44,163.62
228.18,87.763,215.99,163.62
228.33,90.886,212.71,160.35
222.38,87.763,212.71,163.62
219.26,90.886,215.99,160.35
219.41,90.886,212.71,160.35
219.56,90.738,209.44,163.62
222.08,90.886,219.26,160.35
222.23,90.738,215.99,163.62
222.23,90.738,215.99,163.62
221.79,90.886,225.8,160.35
221.79,90.738,225.8,163.62
221.34,90.738,235.62,163.62
218.22,90.886,238.89,160.35
218.07,97.134,242.17,153.81
221.34,97.134,235.62,153.81
228.03,94.01,219.26,157.08
227.44,94.159,232.35,153.81
230.56,94.01,229.08,157.08
208.7,94.01,251.98,157.08
211.97,94.159,245.44,153.81
215.09,94.159,242.17,153.81
215.09,97.283,242.17,150.54
215.09,97.283,242.17,150.54
215.09,94.159,242.17,153.81
205.72,97.283,251.98,150.53
208.99,97.283,245.44,150.54
193.52,94.159,258.53,153.81
