NaN,NaN,NaN,-1
336.78,165.18,24.154,59.217
336.6,162.18,28.05,62.882
331.5,161.46,31.167,63.113
328.49,161.18,35.062,69.346
330.69,160.01,33.504,63.892
324.88,157.04,36.621,67.008
321.19,156.83,39.738,71.683
320.41,156.83,41.296,71.683
315.21,153.21,46.75,73.242
319.71,159.8,41.296,68.567
318.25,160.44,42.075,54.542
311.7,158.95,45.971,56.1
313.23,158.95,43.633,56.1
314.75,160.4,41.296,55.321
312.55,154.17,42.854,67.788
308.9,159.09,45.192,68.567
313.3,160.54,42.075,67.788
311.06,163.24,44.413,55.321
313.15,160.19,45.192,59.996
307.31,157.89,49.088,63.892
305.65,159.98,54.542,64.671
310.18,160.97,48.308,58.438
313.93,153.71,43.633,62.333
311.67,153.67,46.75,63.113
310.71,152.15,52.204,65.45
310.82,158.21,49.867,56.879
309.26,158.31,52.983,54.542
312.59,157.6,57.658,54.542
313.23,157.46,59.217,57.658
307.31,157.73,64.671,61.83
308.13,157.21,62.333,63.113
311.06,158.38,60.182,52.983
310.32,158.67,60.775,46.75
309.68,158.67,59.217,46.75
311.06,157.36,59.996,44.413
312.27,158.7,64.671,45.971
310.07,159.45,66.229,45.192
312.3,159.48,63.892,44.413
319.95,157.16,51.425,40.903
314.57,156.08,60.775,41.296
309.54,158.6,62.333,48.308
299.8,154.77,74.021,54.542
320.34,154.35,58.438,48.308
324.56,154.38,59.217,47.529
325.3,155.9,58.438,45.192
323.81,155.27,59.996,43.633
321.73,155.23,59.217,44.413
328.53,158.99,49.867,39.738
331.54,154.77,45.971,38.958
324.06,151.9,54.542,39.738
329.41,152.58,45.971,40.517
326.29,152.4,52.204,44.413
329.94,152.42,49.867,43.967
332.78,151.67,49.867,44.798
332.78,152.61,49.867,39.738
335.01,155.48,47.529,38.958
333.52,156.93,49.088,38.308
332.7,159.2,51.425,35.062
332.56,156.9,54.542,38.958
329.62,154.03,56.879,39.738
327.82,154.81,49.867,38.179
326.13,155.73,47.923,33.504
325.13,155.51,46.75,38.179
325.9,151.9,45.192,39.738
325.27,150.72,43.633,42.46
323.85,151.8,43.633,42.075
321.76,152.47,42.854,42.854
319,155.59,41.296,36.621
318.96,154.35,42.075,32.725
320.41,159.84,41.296,36.621
320.45,157.6,40.517,38.958
321.19,153.04,39.738,45.971
318.18,153.07,43.633,45.192
318.15,152.43,44.413,43.633
318.32,151.65,40.517,45.192
317.58,152.4,41.296,44.413
318.36,151.69,39.738,44.413
322.19,152.58,33.504,40.517
322.29,153.96,31.167,41.296
322.82,153.99,35.062,40.517
319.53,153.11,45.192,44.413
318.86,153.92,44.413,42.075
316.16,154.74,41.296,39.738
316.94,154.7,39.738,40.517
317.48,155.35,43.633,41.701
322.86,150.88,49.867,46.75
322.15,150.91,49.867,45.971
322.96,153.07,47.529,45.192
319.32,153.67,49.867,47.529
320.84,153.67,47.529,47.529
323.67,152.22,47.529,48.308
325.09,151.44,47.529,49.867
324.95,150.7,50.646,50.646
324.13,149.95,52.983,51.425
324.74,148.25,55.321,57.658
327.68,148.18,52.983,59.217
332.07,149.74,49.867,56.1
332.7,148.93,51.425,58.438
330.44,148.93,54.542,58.438
333.7,149.88,45.192,52.983
334.44,149.18,44.413,52.983
333.52,146.13,49.088,57.658
331.25,145.53,52.204,55.321
329.73,147.86,54.542,50.646
342.34,147.86,42.075,50.646
341.63,148.47,42.075,52.983
341.63,147.69,42.075,54.542
344.6,146.09,38.958,58.438
345.91,147.33,41.296,62.333
344.21,148.82,47.529,60.775
346.3,148.96,48.308,57.658
353.46,146.62,46.75,62.333
356.29,146.73,46.75,59.996
359.43,149.71,44.944,56.879
357.67,149.81,47.529,54.542
362.99,151.34,39.738,52.204
365,148.61,42.075,49.867
365.18,145.1,38.179,49.088
364.37,145,40.517,51.425
366.56,144.25,38.958,52.204
366.6,150.34,38.179,42.854
365,154.52,42.075,44.413
368.09,155.3,36.621,42.854
365.22,154.49,37.4,45.192
360.82,151.55,40.517,47.529
360.19,154.7,38.92,40.517
357.78,154.74,45.192,39.738
356.15,153.78,49.867,45.192
357.5,155.23,51.425,44.413
362.56,156.61,49.088,45.192
367.73,161.15,44.413,38.958
370.71,159.69,41.296,39.738
369.01,159.41,47.529,45.971
377.22,159.48,38.179,44.413
379.24,161.04,40.517,41.296
384.52,161.78,33.504,40.517
385.09,162.49,36.621,40.517
388.06,160.22,33.504,43.633
387.21,160.83,36.621,45.971
385.83,161.61,35.842,44.413
388.06,163.06,33.504,43.633
394.08,164.58,25.713,41.296
398.51,165.25,21.817,42.075
401.75,166.03,19.91,40.517
405.41,165.93,25.713,42.854
406.65,166.78,29.608,39.738
406.35,166.71,31.414,41.296
407.86,166.71,34.283,41.296
411.09,165.04,32.381,46.75
412.96,163.59,31.167,47.529
412.25,165.86,31.167,44.413
413.1,166.67,28.037,42.075
418.27,166.76,23.375,40.142
417.67,161.75,21.038,41.296
415.47,161.82,22.596,39.738
413.35,160.26,22.596,42.854
417,159.66,20.258,40.517
417.82,159.66,17.695,40.517
415.51,162.53,21.817,39.738
417,161.48,20.258,40.088
415.51,161.18,21.817,38.179
413.28,163.36,24.154,37.014
415.37,164.86,24.933,35.062
415.97,165.54,27.271,35.842
423.16,164.94,24.933,33.504
426.59,164.14,27.271,35.449
431.48,166.53,28.829,29.608
444.55,164.16,21.817,35.062
447.38,165.64,21.817,33.504
445.01,165.61,27.271,34.283
443.38,164.76,31.946,37.4
455.03,164.09,24.933,36.621
459.39,164.86,22.596,35.062
460.74,163.34,24.154,37.4
463.64,161.89,22.596,38.179
468.63,160.26,21.817,42.854
470.83,157.5,20.258,41.296
470.09,156.79,21.038,41.296
470.12,155.44,20.258,39.738
469.31,156.26,22.596,37.4
467.15,156.93,23.375,38.179
465.62,156.45,25.713,39.423
467.15,156.83,23.375,40.517
468.49,159.69,24.933,39.738
471.54,161.78,20.258,40.517
470.76,165.47,21.817,37.4
473.7,164.79,19.479,36.621
476.57,164.12,18.7,35.842
475.72,163.38,21.817,36.621
475.38,164.09,20.687,36.621
471.79,166.21,21.48,36.621
465.66,166.21,24.933,36.621
463.5,166.32,25.713,34.283
460.63,166.99,26.492,35.062
460.84,172.8,21.817,31.946
461.66,174.39,19.479,28.05
460.95,175.21,19.479,25.713
458.82,172.94,19.469,28.829
458.11,170.89,19.479,27.271
461.8,164.97,16.333,32.725
460.31,164.16,17.921,35.062
463.96,164.83,15.583,35.842
460.24,166.42,19.479,31.946
459.88,161.96,19.851,36.621
458.72,161.22,21.817,37.4
457.97,161.96,22.596,36.621
455.71,160.58,25.713,35.842
452.02,161.43,28.829,32.725
455.85,159.98,22.596,33.504
453.01,158.49,22.596,35.062
452.34,157.04,21.817,35.842
452.34,155.55,21.817,37.4
454.57,160.03,19.461,31.964
453.16,159.27,19.479,33.504
455.88,160.83,15.137,30.388
450.96,158.67,21.038,31.167
450.89,157.99,22.596,30.388
452.38,157.96,21.038,31.167
453.86,157.96,19.479,31.167
461.2,157.21,14.025,31.946
462.58,156.47,14.804,32.725
462.51,156.4,16.363,34.283
459.57,154.2,18.7,35.842
459.74,154.95,14.804,35.062
458.68,157.11,15.179,34.283
453.83,154.98,20.258,34.283
452.31,152.89,22.596,33.504
453.72,151.48,22.596,33.504
456.7,150.84,19.479,31.946
460.49,150.17,14.025,31.167
461.87,150.06,14.804,33.504
461.62,150.06,20.258,33.504
465.76,148.75,22.596,31.167
469.2,148.01,24.933,31.946
473.49,146.52,24.154,33.504
478.76,145.74,23.827,35.062
483.54,146.38,21.038,36.621
488.47,145.6,21.817,38.179
488.04,142.52,31.167,28.05
498.88,137.45,26.492,30.388
500.23,132.99,28.05,35.062
511.84,115.92,21.817,52.204
518.85,112.7,23.375,60.775
523.1,109.19,23.375,59.996
528.1,104.94,22.596,59.996
530.05,102.74,26.492,61.554
532.7,129.59,30.388,31.946
533.55,129.66,27.271,30.388
534.23,129.73,28.05,28.829
532.74,128.17,29.608,31.946
534.97,127.54,27.271,30.388
534.33,129.06,25.713,28.05
531.5,126.08,25.713,31.167
533.16,126.72,20.258,32.725
530.4,128,18.7,35.842
528.27,126.65,18.7,34.283
524.59,124.56,21.817,33.504
521.58,123.89,25.713,32.725
520.2,121.66,24.933,35.063
518.11,120.17,24.154,36.621
515.21,117.87,25.713,40.517
511.84,114.22,21.817,42.854
510.57,112.13,18.7,42.075
507.59,109.97,21.817,42.854
503.31,107.14,22.596,42.854
495.98,100.44,28.05,49.867
492.4,97.467,28.829,52.983
490.2,95.979,30.388,54.542
482.8,92.331,37.4,56.879
479.83,86.594,40.517,58.437
483.01,79.298,32.725,63.113
481.63,76.394,31.946,64.671
479.54,101.82,31.167,35.063
477.45,100.37,30.388,35.842
475.22,97.538,32.725,35.842
475.36,93.96,29.608,36.621
474.58,92.579,31.167,35.842
476.81,85.237,28.829,41.541
474.48,82.202,33.504,45.971
467.82,80.662,39.738,48.694
488.64,88.931,17.921,38.179
487.9,89.073,18.7,35.062
489.35,88.4,17.921,34.283
489.25,87.763,20.258,32.725
492.22,89.215,17.146,31.946
490.03,91.446,18.7,29.608
491.52,90.667,18.62,31.167
493.64,89.994,17.142,30.388
494.35,86.488,17.142,29.608
494.28,87.267,18.7,28.05
494.28,87.231,18.7,28.829
493.54,88.613,19.298,29.608
494.88,86.204,21.038,35.842
494.17,86.948,21.037,35.062
491.97,83.725,22.596,43.633
488.33,84.54,24.933,41.296
485.49,86.771,24.933,38.958
482.66,89.142,24.933,33.537
481.14,90.631,27.271,31.946
479.01,87.656,27.271,35.062
474.94,84.752,23.375,36.621
469.24,85.567,24.154,34.283
466.51,86.342,21.817,32.814
461.55,88.502,21.817,32.048
458.4,91.977,28.829,33.504
451.78,92.579,34.283,35.842
447.91,92.402,41.296,39.738
439.34,93.854,42.854,38.958
437.32,96.227,40.517,33.504
436.62,97.679,40.517,32.725
435.2,97.608,40.517,34.283
435.02,101.43,28.829,28.05
432.26,100.82,27.271,27.209
432.37,100.8,24.933,26.492
430.31,100.09,23.375,26.492
429.68,100.83,21.817,25.718
429.57,101.5,24.154,26.492
429.53,102.96,24.933,25.713
430.31,104.3,23.375,27.271
428.83,102.81,24.933,28.829
428.08,102.81,25.713,28.829
428.83,102.81,24.933,28.829
428.9,103.56,23.375,28.05
426.74,105.08,24.154,25.712
425.96,99.946,25.713,29.608
425.25,100.05,25.713,27.271
421.56,100.12,28.829,25.713
422.34,100.12,27.271,25.713
421.78,97.077,24.154,30.388
417.42,101.5,26.492,26.492
411.75,100.12,26.533,25.713
409.59,100.16,27.271,24.933
408.92,100.16,26.492,24.933
406.76,102.35,27.271,23.375
404.56,100.83,28.829,25.713
402.4,100.83,29.608,25.713
400.24,100.8,30.388,26.492
393.9,99.238,29.608,29.608
390.22,99.238,32.725,29.608
383.67,101.29,36.621,31.167
378.6,99.981,38.958,28.829
373.4,99.273,44.413,28.829
372.9,99.202,39.738,30.388
365.68,100.65,42.854,29.608
359.2,101.36,45.192,29.608
357.07,99.84,45.192,31.946
351.3,99.131,47.529,31.946
351.33,99.096,46.75,32.725
349.85,99.096,48.308,32.725
