NaN,NaN,NaN,-1
336.74,162.21,24.933,62.333
336.07,162.21,24.154,62.333
331.61,162.81,28.829,64.671
325.51,159.76,38.179,69.346
329.87,163.02,35.842,59.996
324.74,160.79,39.738,62.333
322.61,160.79,39.738,62.333
321.87,160.83,40.517,61.554
325.69,163.66,34.283,61.554
329.38,165.96,31.167,57.658
327.11,163.2,34.283,56.1
325.62,164.76,35.842,52.983
321.16,163.02,40.517,59.996
318.29,164.44,41.296,59.996
316.2,159.91,40.517,66.229
306.6,158.31,49.088,70.125
298.46,154.84,72.463,68.567
308.66,151.87,50.646,71.683
309.29,155.66,52.204,66.229
312.27,156.29,49.088,67.788
310.68,153.21,52.983,73.242
310.57,156.22,55.321,69.346
313.44,155.98,54.542,59.217
314.15,155.87,54.542,61.554
313.61,156.68,50.646,59.217
313.72,159.94,48.308,49.867
319.6,157.75,43.633,51.425
318.71,153.64,47.529,48.308
312.84,153.04,52.204,45.971
309.97,154.49,52.983,45.192
310,153.71,52.204,46.75
310.53,149.92,56.1,52.204
314.29,149.18,51.425,52.983
310.75,148.32,51.425,56.1
316.7,148.89,45.192,59.217
313.61,149.64,50.646,58.438
311.45,149.56,51.425,59.996
331.57,151.16,29.608,56.1
328.14,150.31,42.854,59.217
324.52,150.41,44.413,56.879
326.15,150.31,39.738,59.217
326.05,149.53,42.075,60.775
332.63,147.23,37.4,64.671
333.87,144.39,41.296,64.671
333.98,145.92,38.958,62.333
334.01,148.11,38.179,60.775
332.6,148.86,38.179,59.996
326.72,148.15,42.854,59.996
334.97,155.51,32.725,53.763
331.15,156.97,38.958,52.983
328.21,155.76,41.296,48.308
331.18,157.96,38.179,46.75
333.34,157.99,37.4,45.971
336.74,155.51,40.517,53.763
336.78,156.29,39.738,52.204
338.34,154.17,36.621,52.204
339.04,154.24,36.621,50.646
339.01,153.35,37.4,54.643
339.54,157,41.296,52.204
339.68,156.22,38.179,53.763
337.59,156.26,37.4,52.983
332.74,157.21,35.062,47.529
333.91,157.21,32.348,47.529
332.85,157.43,32.725,42.854
332.78,149.21,34.283,52.204
332.17,148.93,31.946,58.438
328.53,148.36,34.283,55.321
327.36,156.72,28.829,42.854
328.88,157.57,26.492,39.738
329.66,162.07,24.933,34.283
329.69,160.51,24.154,37.4
327.43,154.59,27.271,42.854
326.75,153.71,26.492,46.75
327.04,148.08,35.842,45.971
326.05,149.81,42.075,38.958
326.79,146.84,41.296,42.075
327.5,146.87,41.296,41.296
326.79,149.85,41.296,38.179
323.96,151.37,41.296,35.842
324.66,150.52,41.296,38.958
331.68,151.72,42.854,43.633
328.14,147.4,42.854,45.192
326.61,144.5,45.192,46.75
323.64,144.43,48.308,48.308
325.98,142.38,43.633,46.75
325.87,137.17,45.971,52.204
325.16,138.62,45.971,51.425
327.5,145.92,41.296,46.75
329.73,147.3,38.958,47.529
331.07,147.97,40.517,48.308
333.98,148.01,38.958,47.529
336.85,148.11,38.179,45.192
336.71,146.73,41.296,44.413
335.89,146.73,43.633,44.413
335.11,146.91,45.192,40.517
336.98,149.85,43.976,38.179
337.27,148.25,44.413,42.075
338.12,148.29,41.296,41.296
338.9,147.79,39.738,45.529
340.39,149.74,38.179,40.517
339.57,148.82,40.517,45.192
339.47,145.88,42.854,47.529
340.25,145.14,41.296,48.308
338.16,143.65,40.517,49.867
339.01,146.73,37.4,44.413
341.84,147.44,37.4,44.413
343.26,145.21,37.4,46.75
341.77,144.5,38.958,46.75
345.49,145.95,35.062,45.971
348.43,145.31,32.725,44.413
350.62,145.92,31.167,46.75
352.64,145.1,33.504,49.088
354.8,143.58,32.725,51.425
355.41,146.52,35.062,49.088
359.16,148.04,30.388,46.75
359.02,146.24,33.504,55.321
364.41,144.71,31.563,57.658
363.41,141.14,30.388,58.438
362.63,138.16,31.946,61.554
362.63,138.8,31.946,63.113
363.48,137.98,28.829,65.45
366.03,138.09,35.062,63.113
366.03,139.72,35.062,58.438
365.29,139.68,35.842,59.217
363.84,141.95,36.621,56.1
363.09,141.49,37.4,66.229
363.87,143.05,35.842,63.113
361.6,142.41,38.958,61.554
358.56,143.23,43.633,59.217
365.29,144.75,35.842,56.879
370.46,146.98,31.167,54.542
374.96,148.5,25.713,52.204
377.54,149.78,31.167,55.321
378.96,157.96,31.167,46.75
377.47,149.21,32.725,52.204
378.92,144.04,31.946,56.879
379.77,143.93,28.829,59.217
379.53,145.42,34.283,57.658
379.45,144.71,35.842,57.658
380.13,143.19,36.621,59.996
380.09,144.64,37.4,59.217
381.3,150.95,42.075,60.775
386.5,154.59,36.621,58.438
391.71,151.09,31.167,57.658
400.28,154.03,29.608,55.321
397.02,152.29,38.958,62.333
396.31,154.98,38.958,65.45
397.62,154.35,41.296,63.892
395.25,146.55,46.75,63.892
398.29,160.76,42.826,47.529
401.94,161.43,39.738,48.308
402.72,163.55,38.179,48.308
408,166.62,31.167,42.876
412.36,166.74,28.829,40.517
412.99,164.47,30.388,43.633
416.22,162.28,21.756,45.192
418.41,161.68,20.258,42.854
417.78,161.7,18.7,42.44
415.47,165.22,22.596,42.854
414.59,161.46,26.492,47.529
411.65,162.21,28.829,46.75
412.99,163.63,30.388,46.75
415.93,165.11,28.05,45.192
420.4,166.64,23.375,42.854
425.42,166.78,23.306,39.738
431.02,167.49,23.375,39.738
433.89,166.81,22.596,38.958
442.32,166.27,24.154,42.49
448.02,165.22,23.375,42.854
451.3,165.18,21.426,43.633
453.65,161.43,24.154,48.308
457.87,160.83,24.933,45.971
462.19,163.98,23.375,38.958
462.26,164.76,21.817,37.4
466.47,164.01,22.596,38.179
470.12,160.51,20.258,37.4
469.41,158.24,20.258,40.517
470.01,157.53,22.596,40.517
473.21,158.7,14.709,30.388
470.97,157.75,17.142,35.842
466.58,158.42,20.258,36.621
462.12,159.13,24.933,36.621
462.79,159.8,25.713,37.4
464.91,160.51,25.713,37.4
467.75,164.83,25.713,35.842
469.2,162.78,24.933,34.283
472.85,163.48,22.596,34.283
475.89,164.19,17.921,34.283
476.46,164.94,21.038,33.504
473.45,163.27,24.933,38.958
467,165.54,26.492,35.842
460.98,165.54,34.283,35.881
458.68,165.47,38.179,37.4
455.18,164.69,37.4,38.958
453.86,172.76,35.062,32.804
460.19,174.36,20.577,28.829
460.95,175.14,19.479,27.271
458.68,172.05,22.596,32.725
457.76,170.74,27.271,30.388
460.03,168.44,24.122,34.283
459.18,166.99,27.271,35.062
459.96,163.24,25.713,39.738
457.34,162.49,36.621,40.517
459.6,159.59,33.504,42.075
458.79,160.37,35.842,40.517
458.93,160.37,32.725,40.517
456.32,159.59,36.197,42.075
455.85,160.33,38.179,41.296
457.44,158.24,34.283,40.517
455.42,157.64,31.946,38.179
453.26,156.86,32.725,39.738
452.41,156.12,35.842,40.517
453.16,155.97,35.062,43.633
454.71,155.94,31.946,44.413
457.02,154.45,28.05,45.971
453.33,153.18,31.167,42.854
452.73,152.33,28.829,45.971
451.17,152.26,31.946,47.529
451.78,152.86,34.283,49.867
453.09,151.44,36.621,49.867
451.67,151.41,36.621,50.646
452.41,150.7,35.842,50.646
456.06,151.51,33.504,48.308
455.28,153.89,35.062,42.854
456.06,156.19,33.504,38.958
455.14,154.03,38.179,39.738
455.85,151.97,38.179,38.179
455.81,151.23,38.958,38.958
457.26,148.96,38.179,42.075
458.04,148.96,36.621,42.075
458.57,148.89,40.517,43.633
458.82,149.56,50.646,44.413
461.34,144.43,26.492,48.308
462.58,143.97,30.388,42.854
466.15,142.59,29.608,42.075
471.75,141.88,31.167,42.075
476.74,143.3,30.388,42.075
484.61,145.6,28.829,38.179
489.42,144.18,31.946,38.179
493.5,139.97,35.842,37.4
497.82,138.57,34.283,37.068
502.74,137.1,35.062,38.179
515.63,132.87,31.946,37.803
522.08,133.63,30.388,36.621
522.75,131.43,31.167,38.179
526.89,128.56,33.504,38.958
529.76,126.44,32.725,38.958
533.45,122.68,29.608,43.633
535.78,121.98,24.933,43.633
534.99,120.59,26.505,42.854
535.78,116.24,24.933,45.192
535.08,114.08,24.933,45.971
533.69,113.26,24.154,48.308
531.57,116.13,24.154,47.529
530.26,118.36,21.817,45.192
527.32,119.64,24.154,48.308
523.53,118.75,29.608,52.204
521.37,117.26,30.388,53.763
516.16,115.03,35.842,56.1
510.46,118.08,36.621,51.425
508.48,119.64,33.504,48.308
506.39,117.26,32.725,53.763
502.85,111.6,32.725,53.763
499.94,108.62,34.283,56.879
492.68,105.58,38.179,61.554
503.91,109.45,40.517,54.193
502.63,105.51,21.817,63.113
503.45,103.24,19.479,66.229
502.03,98.104,19.479,70.125
498.53,91.127,18.7,67.788
496.36,84.61,19.479,70.904
495.8,104.05,16.363,48.308
492.26,104.3,16.363,42.854
490.88,100.69,15.583,44.413
491.71,96.404,13.968,45.192
490.98,93.606,13.246,44.412
490.17,92.119,15.583,45.971
485.81,91.517,17.921,43.633
486.48,91.375,18.7,46.75
487.9,92.083,18.7,46.75
487.05,91.588,21.817,42.075
488.47,88.79,21.817,41.296
488.5,88.152,21.038,39.738
490.03,87.444,18.7,39.738
492.95,88.223,16.379,38.179
490.77,88.188,17.921,38.958
494.35,87.408,17.142,40.517
496.58,88.435,14.804,33.504
496.54,83.406,15.583,35.062
496.54,82.663,15.583,35.842
494.28,82.627,18.7,36.621
495.04,84.681,17.459,38.179
496.54,85.248,15.583,41.296
495.05,84.469,17.142,42.854
494.31,84.362,17.921,45.192
491.44,85.071,18.7,45.192
490.06,85.779,17.921,45.192
487.16,87.302,19.479,42.854
486.38,88.825,21.038,40.517
482.8,86.665,21.817,41.296
479.97,85.142,21.817,43.633
475.01,85.106,21.817,44.413
470.65,87.001,24.154,41.685
466.54,89.498,21.038,41.296
462.33,93.571,20.258,45.192
457.44,93.465,18.7,47.529
454.43,92.367,22.596,56.1
445.22,96.298,22.596,47.529
441.65,94.881,23.375,47.529
438,96.369,25.713,45.971
435.09,95.696,27.271,45.192
439.63,95.554,21.038,48.308
438.25,96.263,20.258,48.308
437.5,94.067,21.038,49.867
435.38,94.208,21.038,46.75
431.06,94.138,22.596,48.308
427.41,94.775,24.933,49.867
425.18,97.042,27.271,46.75
422.17,97.785,31.167,45.971
422.88,96.298,31.167,47.529
423.62,97.785,30.388,45.971
424.4,96.263,28.829,48.308
425.14,96.9,28.05,49.867
423.73,101.33,28.05,45.971
419.3,96.298,31.946,47.529
414.2,94.987,35.062,45.192
411.22,94.138,38.179,48.308
408.32,94.917,39.803,46.75
403.86,94.81,44.413,49.088
403.18,95.448,43.633,50.646
396.88,96.192,42.075,49.867
392.49,95.413,45.192,51.425
391.78,95.342,45.192,52.983
407.61,95.979,24.154,54.542
406.16,96.015,24.933,53.763
405.49,94.492,24.154,56.1
401.94,93.783,24.154,56.1
396.14,93.288,27.271,51.425
393.9,93.217,29.608,52.983
391.74,96.508,30.388,51.019
389.73,95.377,28.036,52.204
384.62,96.829,31.167,51.425
381.05,96.085,31.946,52.204
376.73,95.944,33.504,55.321
370.28,95.838,35.062,57.658
368.05,95.802,37.4,58.438
362.81,95.818,43.633,58.081
361.32,95.767,45.192,59.217
361.32,95.767,45.192,59.217
