NaN,NaN,NaN,-1
332.31,165.18,28.829,59.217
330.05,163.7,31.946,60.775
326.22,163.06,38.179,59.217
321.87,159.98,40.517,64.671
313.83,158.31,45.971,70.125
310.85,153.85,49.088,74.8
309.44,154.63,49.088,73.242
313.16,160.47,45.166,69.346
305.61,167.66,55.321,67.008
296.69,164.48,64.671,74.8
295.91,163.31,66.229,69.346
308.48,164.48,54.542,74.8
310.21,167.98,47.529,59.996
305.86,168.05,49.867,58.438
301.36,166.6,55.321,59.217
294.28,165.22,55.321,58.438
289.96,162.92,56.879,62.333
306.14,164.65,43.633,55.321
306.11,163.8,44.413,58.438
311.1,166.03,43.633,56.1
309.54,165.93,46.75,58.438
310.14,170.71,49.088,46.75
303.49,164.58,55.245,56.879
304.12,165.29,56.879,56.879
304.3,160.33,52.983,56.879
308.9,159.62,45.192,56.879
307.52,165.75,44.413,46.75
305.08,160.65,51.425,49.867
307.24,158.35,50.646,53.763
307.95,159.02,50.646,54.542
311.6,159.69,48.308,55.321
311.67,158.17,46.75,57.658
312.27,157.36,49.088,59.996
308.51,157.32,53.763,60.775
304.02,154.91,59.217,67.008
311.03,157.39,45.192,43.633
312.38,157.29,46.75,45.971
313.19,156.58,44.413,45.971
314.5,155.76,46.75,48.308
315.21,154.31,46.75,49.088
311.38,156.29,52.983,52.204
314.43,152.68,48.308,53.763
315.17,152.51,47.529,50.232
317.94,153.74,49.088,45.971
318.82,153.71,45.192,46.75
315.1,155.09,49.088,47.529
316.89,153.57,40.92,49.867
320.66,155.87,35.842,45.971
321.23,156.52,38.958,47.162
318.86,151.37,44.413,51.425
326.36,152.26,35.062,47.529
326.82,151.51,40.517,48.308
328.38,152.13,37.4,49.884
330.44,151.37,38.958,51.425
331.07,152.39,40.517,51.84
329.06,155.02,38.179,49.088
326.01,155.73,42.854,49.088
328.31,158.84,38.958,42.854
326.44,160.76,33.504,47.529
324.98,160.83,34.283,45.971
322.72,160.05,37.4,47.529
322.11,160.69,35.062,49.088
319.81,158.45,38.958,51.425
319.74,159.06,40.517,53.763
316.77,156.61,43.633,60.775
315.35,157.36,43.633,59.996
315.39,158.21,42.854,56.879
315.31,157.57,44.413,55.321
314.85,158.45,38.958,51.425
313.76,155.62,47.529,51.425
314.43,153.43,48.308,52.983
310.82,148.89,49.867,59.217
309.26,147.23,52.983,64.671
316.63,144.85,46.75,70.125
319.6,140.5,43.633,72.463
322.57,139.08,40.517,72.463
321.12,143.54,41.296,67.788
323.35,145.39,38.958,58.438
323.25,146.24,41.296,55.321
322.47,145.56,42.854,54.542
320.84,146.31,47.529,53.763
317.16,145.63,50.646,52.983
312.72,144.07,54.634,56.1
312.02,142.52,54.542,59.217
314.96,138.73,52.204,64.671
318.43,135.47,53.763,74.021
317.72,134.02,53.763,74.8
315.49,136.25,56.1,72.463
325.87,144.46,45.971,63.113
326.51,143.79,47.529,62.333
327.85,140.85,49.088,64.671
328.53,140.78,49.867,66.229
329.23,140.85,49.867,64.671
329.98,143.08,49.096,62.333
329.98,145.99,49.088,60.775
333.66,146.09,45.971,58.438
337.24,144,45.192,57.658
336.53,144.04,45.192,56.879
338.02,143.33,43.633,56.879
338.87,147.16,40.517,50.646
346.34,147.26,31.946,48.308
346.23,145.14,34.283,48.308
345.38,144.29,37.4,51.425
343.97,143.65,37.4,49.867
344.71,142.38,36.621,46.75
342.41,141.63,40.517,46.788
340.96,141.03,41.296,45.192
339.43,141.95,43.633,40.517
338.48,143.19,49.088,44.413
341.33,143.22,48.645,43.633
343.33,143.22,51.425,43.633
345.38,143.97,52.983,42.854
349.78,144.85,49.867,38.958
354.24,143.3,45.192,42.075
358.56,147.65,43.633,39.738
361.57,149.81,39.738,38.958
360.51,145.17,47.529,47.529
360.61,141.45,45.192,51.425
362.91,142.3,41.296,48.308
365.11,140.75,39.738,51.425
366.63,144.68,37.4,42.854
371.1,142.2,32.725,50.646
373.4,141.49,28.829,50.665
371.77,140.75,33.504,51.425
373.34,140.07,32.599,50.646
371.1,138.55,32.725,52.983
372.62,137.81,30.388,53.763
373.4,136.25,28.829,56.879
370.56,134.73,28.829,59.217
372.73,136.85,28.05,59.217
375.66,139.93,25.713,53.763
374.85,143.01,28.05,48.308
378.29,141.21,30.388,56.879
377.61,136.71,29.608,62.333
375.28,135.33,34.283,61.554
373.61,133.88,39.738,62.333
371.38,134.55,42.075,63.113
366.95,138.16,45.971,61.554
359.37,137.38,56.879,63.113
359.98,138.05,59.217,63.892
373.36,140.96,45.192,62.333
378.5,148.25,41.296,57.658
379.21,148.25,41.296,57.658
378.39,144.36,43.633,65.45
381.9,144.78,44.413,71.683
379.56,144.75,49.088,72.463
377.29,160.19,52.204,59.996
383.07,161.75,49.867,56.879
384.38,156.83,52.204,56.1
382.11,150.91,55.321,61.554
380.66,151.65,56.1,60.775
396.91,153.85,41.296,59.217
402.94,154.31,33.504,49.088
402.16,157.32,35.062,45.192
405.88,157.25,31.167,46.75
409.7,154.35,24.933,48.308
405.95,149.21,29.608,52.204
408.14,150.66,28.05,51.425
402.86,147.62,35.062,56.1
404.92,148.32,36.621,56.1
407.96,147.51,31.946,58.438
407.79,148.22,35.842,58.438
407.54,145.19,41.296,62.726
410.51,156.36,38.179,50.646
417.07,157.11,34.283,49.867
426.52,157.04,28.829,51.425
432.58,157.85,20.258,49.088
436.48,159.45,28.05,45.192
441.54,160.05,25.713,47.529
438.35,160.01,33.504,48.308
435.94,159.27,39.738,49.088
440.94,160.86,38.958,45.192
442.99,163.77,40.517,43.633
442.18,163.1,42.854,43.592
448.02,162.49,38.958,40.517
451.63,159.52,37.4,43.633
455.21,158.06,36.621,44.413
456.7,156.61,35.062,45.192
457.35,156.05,36.279,42.075
458.72,155.87,37.4,45.971
455.18,155.8,37.4,47.529
460.35,157.43,32.725,42.854
459.57,158.17,34.283,42.075
460.95,158.67,35.062,46.75
466.86,161.71,29.608,42.075
469.13,164.69,26.492,38.958
466.19,164.65,28.829,39.738
468.31,163.84,28.829,42.075
466.75,165.25,32.027,42.075
464.53,165.15,34.283,44.413
461.16,166.67,30.388,42.075
455.28,167.52,35.062,38.958
450.82,166.81,39.738,38.958
447.91,166.74,41.296,40.517
448.91,171.06,35.062,38.958
449.72,170.96,32.725,41.296
449.01,171.66,32.725,41.296
451.28,171.31,29.608,33.504
451.24,168.48,30.388,33.504
453.44,166.21,28.829,36.621
455.6,167.06,28.05,33.504
456.31,164.83,28.05,35.842
451.88,164.16,31.946,35.062
452.62,161.22,31.167,37.4
451.1,159.06,33.504,38.179
451.14,158.35,32.725,38.179
453.37,159.09,30.388,37.4
453.4,156.97,29.608,37.4
458.79,155.51,20.258,38.179
459.6,155.59,17.921,36.621
455.81,155.59,23.375,36.621
453.65,156.29,24.154,36.621
454.36,157.04,24.154,35.842
451.49,161.97,24.933,30.674
450.18,157.89,22.596,32.725
452.55,149.88,17.142,37.4
451,146.13,20.258,42.075
452.41,146.13,20.258,42.075
450.96,147.65,21.038,39.738
456.73,150.72,18.7,40.971
458.36,152.75,14.025,36.621
459.07,152.75,14.025,36.621
457.58,149,15.583,41.296
458.43,147.47,12.467,43.633
457.58,147.94,15.583,49.088
458.89,145.92,17.921,46.75
457.9,144.61,24.154,44.413
456.38,143.9,26.492,44.413
457.37,147.62,20.258,40.517
457.37,146.77,20.258,43.633
455.81,145.99,23.375,45.192
457.87,145.42,24.933,42.075
459.81,140.96,28.829,46.75
465.41,140.18,30.388,48.308
466.79,138.02,31.167,49.088
470.26,133.63,32.725,52.204
476.11,132.92,28.829,52.204
481.03,141.06,29.608,44.413
491.65,140,29.608,36.621
497.18,135.68,32.725,38.179
502.35,134.23,28.05,38.958
510.97,135.89,25.695,33.504
521.58,133,25.713,34.888
528.77,131.61,23.375,34.283
530.86,129.14,24.154,36.128
531.32,128.1,29.608,33.504
535.68,129.7,27.271,29.608
537.98,129.55,23.375,32.725
538.01,129.59,22.596,31.946
538.05,129.28,21.817,30.047
538.01,129.09,22.596,27.271
538.26,129.13,17.142,26.492
536.17,126.97,16.363,27.271
533.3,126.15,17.142,29.608
530.44,126.83,17.921,30.388
528.27,126.72,18.7,32.725
525.26,124.49,22.596,35.062
523.07,122.42,24.154,33.848
520.24,121.66,24.154,35.063
518.93,120.91,21.817,35.842
516.98,120.1,17.921,38.179
514.18,115.67,17.142,42.075
511.38,112.87,16.363,41.296
509.79,112.98,20.258,38.958
509.86,109.33,18.7,41.296
505.47,103.98,21.817,49.867
503.41,99.556,20.258,53.762
502.74,98.175,19.479,52.983
500.54,94.669,21.037,52.204
497.75,88.223,20.258,53.763
494.95,80.113,19.479,60.775
495.05,79.404,17.142,60.775
491.51,99.556,17.142,38.179
490.88,96.617,15.583,40.517
490.2,93.819,14.804,39.737
489.42,93.217,16.363,37.4
488.64,91.092,17.921,37.4
487.79,91.906,21.038,35.062
489.18,94.81,21.817,33.504
489.85,94.031,22.596,35.058
489.1,87.373,23.375,41.296
489.85,86.806,22.596,38.179
490.59,86.133,21.817,37.4
489.74,86.169,24.933,36.621
492.58,91.446,24.933,29.608
494.28,90.739,18.7,29.575
495.09,91.517,16.363,28.05
495.09,91.658,16.363,24.933
497.29,89.533,14.804,24.933
497.96,88.719,15.583,27.271
497.14,88.719,17.921,27.271
497.18,90.153,17.142,26.881
495.66,89.747,19.479,27.677
493.55,90.879,18.983,26.492
492.04,90.738,21.037,29.608
489.92,89.958,21.038,31.167
488.61,90.702,18.7,30.388
487.23,92.225,17.921,28.05
485.21,92.19,15.583,28.829
482.45,91.446,14.025,29.608
479.01,91.623,11.688,25.713
473.98,91.729,13.246,23.375
468.21,91.694,15.583,24.154
466.23,93.288,12.467,20.258
461.05,94.598,17.142,22.596
456.77,96.829,17.921,20.258
452.5,96.865,18.343,19.479
444.62,97.608,20.258,18.7
442.61,98.919,17.915,21.038
441.15,99.592,18.7,21.817
439.03,101.79,18.7,20.258
439.84,100.97,14.132,22.596
438.56,101.11,13.246,19.479
437.04,100.37,15.583,20.258
436.44,100.37,13.246,20.258
433.46,100.26,16.363,22.596
433.39,100.94,17.921,23.375
433.36,100.87,18.7,24.933
433.36,102.96,18.7,25.713
431.27,102.21,17.921,26.492
428.26,100.76,21.817,27.316
429.07,101.54,19.479,25.713
428.29,102.18,21.038,27.271
430.58,103.65,17.9,26.128
429.92,102.96,16.363,25.713
428.51,102.39,16.363,22.596
427.8,101.68,16.363,22.596
426.42,100.94,15.519,23.375
423.51,103.06,17.142,23.375
420.43,102.3,22.596,24.539
416.85,102.39,23.375,22.596
415.47,100.9,22.596,24.154
414.76,101.68,22.596,22.596
410.48,102.28,23.375,24.933
411.4,103.03,18.7,24.154
409.88,100.83,21.038,25.713
408.6,100.19,17.921,24.154
405.06,100.41,17.921,19.479
402.94,99.627,17.921,21.038
400.1,101.65,17.921,23.375
398.01,100.12,17.142,25.713
395.89,100.94,17.151,23.375
392.31,101.01,17.921,21.817
388.06,102.46,17.921,21.038
382.36,102.39,18.7,22.596
379.6,100.16,17.142,24.933
376.09,99.556,16.363,22.596
376.09,98.069,16.363,24.154
376.82,96.581,15.594,25.713
