NaN,NaN,NaN,-1
138.54,25.343,35.001,130.48
136.78,25.574,36.912,129.35
137.12,25.177,36.037,130.34
136.96,25.906,36.168,130.37
136.9,27.737,32.867,127.12
137.04,27.357,33.269,129.93
134.94,28.435,34.601,128.49
134.5,29.326,36.992,126.94
134.11,28.931,34.802,128.53
134.12,29.008,33.147,130.93
132.91,30.956,35.842,128.26
131.96,30.92,36.461,127.7
132.41,30.663,35.019,130.94
132.76,31.209,33.854,130.03
129.84,30.587,37.407,131.65
131.97,32.061,32.448,126.59
132.39,33.016,32.915,126.62
131.19,30.129,34.821,129.82
131.32,29.289,35.561,129.99
131.28,31.129,36.84,126.35
131.92,29.033,37.363,129.3
132.7,28.928,35.835,131.45
131.07,30.411,36.824,126.48
131.99,30.175,38.575,129.69
133.83,28.804,32.904,130
134.13,30.368,35.485,127.77
135.36,29.278,35.126,128.06
135.75,31.582,34.409,126.28
134.29,29.058,36.442,130.92
136.22,29.314,34.712,132.04
137.04,32.195,33.81,128.7
135.67,30.378,36.161,132.33
135.42,33.074,35.272,127.33
134.14,33.277,37.447,126.45
134.3,32.734,36.462,130.16
132.96,33.639,36.846,128.79
132.12,33.514,35.103,128.1
134.24,33.985,33.252,129.25
132.81,33.196,33.759,131.07
131.42,34.886,35.375,125.58
131,33.48,35.609,126.69
130.14,34.029,38.225,126.22
131.14,35.118,37.115,128.87
132.24,32.683,35.237,130.93
131.44,34.719,37.087,126.94
131.13,34.921,36.041,129.62
132.42,34.958,34.417,130.19
133.31,35.645,32.317,130.74
132.96,35.751,32.969,128.87
133.03,36.16,32.558,130.97
133.4,35.041,31.321,130.14
131.54,35.469,33.302,128.75
132.59,36.125,32.618,128.48
130.61,35.424,35.252,130
132.34,36.382,32.779,130.45
130.38,33.386,34.9,133.2
130.89,36.644,34.938,125.65
132.81,35.102,33.301,126.02
133.18,33.97,34.467,128.43
133.3,34.206,35.361,128.95
135.18,34.187,33.637,128.42
134.18,33.203,34.325,129.66
133.93,34.374,35.136,127.53
135.11,33.614,34.63,128.58
136.34,33.578,32.721,128.22
135.78,35.414,34.842,127.85
136,35.363,34.168,125.88
135.5,35.274,33.413,126.78
136.98,31.642,31.672,130.91
136.56,31.353,31.624,132.74
137.67,33.197,31.178,130.12
135.29,33.029,31.419,129.71
130.41,34.342,34.67,131.5
128.86,37.068,36.125,124.72
124.65,36.556,37.465,124.57
117.98,34.234,39.79,126.5
121.01,36.625,29.958,123.09
114.34,33.479,29.19,124.08
110.08,31.718,32.459,124.57
105.53,29.611,35.564,125.53
99.379,28.728,40.75,123.32
90.194,26.929,49.184,124.15
91.339,24.188,45.908,125.39
87.951,20.186,40.492,124.45
85.243,17.427,41.167,127.42
84.865,15.869,38.482,131.91
NaN,NaN,NaN,-2
NaN,NaN,NaN,0
NaN,NaN,NaN,0
NaN,NaN,NaN,0
NaN,NaN,NaN,0
NaN,NaN,NaN,-1
98.944,45.373,61.236,91.347
92.568,48.205,75.308,82.401
94.666,48.931,72.702,82.402
83.904,47.47,75.193,83.472
74.432,44.801,80.582,83.852
68.132,45.083,84.03,81.029
56.238,44.742,87.681,83.649
51.645,48.318,82.885,80.864
45.462,50.455,87.261,77.713
35.742,46.298,85.236,84.746
NaN,NaN,NaN,-2
NaN,NaN,NaN,0
NaN,NaN,NaN,0
NaN,NaN,NaN,0
NaN,NaN,NaN,0
NaN,NaN,NaN,-1
124.67,37.96,55.124,113.76
123.3,38.436,55.39,113.13
123.35,36.668,59.957,113.4
131.12,31.478,51.748,124.93
127.97,30.664,55.196,126.04
119.59,30.067,53.393,129.92
110.51,29.728,53.594,129.18
103.5,29.648,60.066,128.67
119.86,30.748,58.758,131.47
119.24,28.257,59.27,140.22
110.77,30.131,64.811,132.68
114.79,32.436,60.787,128.31
113.29,35.578,62.682,126.34
114.42,33.552,63.625,125.59
114.82,35.255,70.937,130.18
117.77,36.127,71.259,125.38
107.68,28.5,80.579,140.21
84.366,28.315,81.202,131.12
82.895,32.145,80.117,121.54
91.565,32.099,85.66,125.79
89.745,34.423,89.339,121.72
88.133,31.275,97.046,126.58
86.752,30.901,107.05,127.03
71.55,24.721,111.89,121.92
66.411,29.502,109.4,126.98
50.712,22.483,126.09,140.33
50.624,20.572,132.54,141.54
51.794,23.841,132.62,134.93
39.47,20.865,143.11,131.85
43.385,19.242,132.19,129.3
38.016,18.755,117.55,117.55
29.982,18.008,113.93,127.01
19.263,22.077,108.34,106.12
22.41,28.358,120.54,108.78
31.26,25.429,117.58,111.25
39.071,19.128,104.46,111.79
NaN,NaN,NaN,-2
NaN,NaN,NaN,0
NaN,NaN,NaN,0
NaN,NaN,NaN,0
NaN,NaN,NaN,0
NaN,NaN,NaN,-1
141.87,66.51,75.165,84.047
137.62,69.068,79.326,85.694
127.77,69.385,70.568,91.211
117.46,66,73.165,95.001
118.76,66.002,70.576,95.284
111.44,64.684,62.714,95.2
106.82,62.769,68.194,95.152
97.964,62.336,68.092,94.154
88.025,61.205,74.919,91.684
NaN,NaN,NaN,-2
NaN,NaN,NaN,0
NaN,NaN,NaN,0
NaN,NaN,NaN,0
NaN,NaN,NaN,0
NaN,NaN,NaN,-1
93.873,51.207,97.909,47.172
100.86,53.322,89.11,43.8
101.33,54.575,82.086,42.957
103.82,55.112,86.594,45.321
108.2,56.664,82.462,43.487
107.38,56.686,82.534,42.893
107.37,57.923,86.701,40.407
104.19,57.588,87.138,40.233
108.4,56.938,84.386,39.102
110.38,55.237,82.553,38.592
107.16,54.635,89.474,36.184
102.75,51.99,86.864,37.778
98.709,49.673,84.39,36.993
99.338,48.614,95.921,37.068
101.96,46.791,97.173,37.237
96.754,45.592,112.82,35.708
96.979,45.005,113.92,36.156
92.959,42.99,118.36,36.242
91.673,41.369,124.34,36.223
90.028,41.225,124.85,35.547
82.144,39.799,132.2,35.358
82.031,38.118,111.05,35.259
80.575,36.747,101.11,36.205
72.447,36.05,96.918,34.969
NaN,NaN,NaN,-2
NaN,NaN,NaN,0
NaN,NaN,NaN,0
NaN,NaN,NaN,0
NaN,NaN,NaN,0
NaN,NaN,NaN,-1
175.59,62.465,28.978,67.996
176.16,63.745,29.422,64.974
177.46,63.119,29.01,65.812
178.17,63.545,28.331,65.214
179.14,64.514,26.651,64.323
177.25,63.573,27.821,65.242
173.62,65.051,28.734,62.733
173.62,64.789,27.031,64.219
171.14,67.483,28.051,61.563
169.63,68.735,27.155,60.15
169.17,69.447,26.213,58.539
