NaN,NaN,NaN,-1
257.14,165.19,54.56,31.543
257.18,164.38,53.707,32.395
257.18,164.38,53.707,32.395
256.37,165.19,54.56,31.543
256.33,165.23,55.413,30.69
256.37,164.38,54.56,32.395
256.29,161.16,56.265,34.953
255.52,163.56,56.265,33.247
254.74,162.75,56.265,34.1
254.7,160.39,57.118,34.953
253.08,160.35,58.822,35.805
252.3,158.72,58.822,37.51
252.3,160.35,58.822,35.805
251.49,159.49,59.675,37.51
251.49,159.49,59.675,37.51
251.49,160.31,59.675,36.658
250.63,160.31,61.38,36.658
248.97,160.31,63.937,36.658
248.15,160.27,64.79,37.51
251.45,161.12,60.528,35.805
251.37,161.01,62.233,38.363
248.12,160.23,65.643,38.363
248.93,159.46,64.79,38.362
249.82,157.79,62.232,40.92
247.34,157.87,65.642,39.215
248.15,158.64,64.79,39.215
248.89,160.35,65.642,35.805
247.38,159.46,64.79,38.362
248.19,158.64,63.938,39.215
247.38,157.91,64.79,38.363
247.38,157.91,64.79,38.363
247.42,157.91,63.937,38.363
245.79,156.28,65.642,40.068
245.79,156.28,65.642,40.068
245.75,156.32,66.495,39.215
246.6,156.24,64.79,40.92
246.6,155.43,64.79,41.772
246.6,155.43,64.79,41.772
244.94,154.65,67.347,41.772
244.9,154.65,68.2,41.772
243.31,155.46,69.053,40.92
243.27,155.46,69.905,40.92
244.63,155.5,57.118,40.067
244.55,155.46,58.822,40.92
243.81,155.46,57.97,40.92
243.78,154.69,58.822,40.92
243.89,154.69,56.265,40.92
243.89,153.88,56.265,41.772
243.97,153.02,54.556,43.478
243.97,153.02,54.56,43.478
243.97,152.25,54.56,43.478
244.05,151.51,52.855,42.625
244.05,151.51,52.855,42.625
243.27,151.4,52.855,45.182
244.12,151.43,51.15,44.33
243.27,151.47,52.855,43.477
244.05,153.84,52.855,42.625
244.09,151.4,52.003,45.182
244.16,151.36,50.297,46.035
243.31,151.4,52.002,45.182
244.16,152.21,50.297,44.33
243.27,152.98,52.855,44.33
244.09,149.77,52.003,46.888
244.86,149.77,52.002,46.888
244.86,151.47,52.002,45.108
244.09,151.36,52.003,46.035
244.16,151.4,50.297,45.182
243.43,149.77,49.445,46.888
243.39,148.92,50.298,48.593
243.43,149.77,49.445,46.888
244.24,150.58,48.592,46.035
243.43,150.58,49.445,46.035
243.39,150.54,50.298,46.888
243.39,150.54,50.298,46.888
243.39,150.54,50.298,46.888
243.43,151.36,49.445,46.035
243.39,151.36,50.298,46.035
243.39,150.54,50.298,46.888
243.43,150.58,49.445,46.035
242.61,149.73,50.297,47.74
242.65,150.58,49.445,46.035
242.54,149.73,52.002,47.74
242.57,149.73,51.15,47.74
241.76,149.73,52.003,47.74
242.54,149.73,52.002,47.74
241.76,149.77,52.003,46.888
241.76,149.73,52.003,47.74
242.57,149.77,51.15,46.888
240.91,149.77,53.707,46.888
242.54,149.77,52.002,46.888
241.72,149.73,52.855,47.74
240.95,148.92,52.855,48.593
240.95,148.92,52.855,48.593
240.95,148.92,52.855,48.593
240.87,148.92,54.56,48.593
240.95,148.92,52.855,48.593
240.91,148.95,53.707,47.74
240.83,148.95,55.413,47.74
240.02,147.33,56.265,49.445
240.02,148.14,56.265,48.593
239.98,147.33,57.117,49.445
240.02,147.29,56.265,50.297
240.83,147.33,55.413,49.445
240.02,148.1,56.265,49.445
240.79,147.29,56.265,50.297
241.61,147.33,55.412,49.445
240.83,147.33,55.413,49.445
241.64,146.47,54.56,51.15
240.91,146.51,53.707,50.297
240.91,146.47,53.707,51.15
240.91,146.47,53.707,51.15
240.87,146.51,54.56,50.297
240.79,147.29,56.265,50.297
243.34,148.92,51.972,48.593
242.46,148.06,53.707,50.297
242.54,148.92,52.002,48.593
242.54,148.95,52.002,47.74
242.54,148.95,52.002,47.74
242.5,148.06,52.855,50.297
242.54,148.95,52.002,47.74
242.5,148.1,52.855,49.445
240.87,148.1,54.56,49.445
240.83,148.88,55.413,49.445
240.83,148.84,55.413,50.297
240.83,148.02,55.413,51.15
240.87,148.02,54.56,51.15
240.79,148.02,56.265,51.15
240.83,148.06,55.413,50.297
240.91,148.1,53.707,49.445
240.06,148.1,55.412,49.445
240.87,148.14,54.56,48.593
240.83,148.14,55.413,48.593
240.06,148.14,55.412,48.593
240.95,148.88,52.855,49.445
241.02,148.1,51.15,49.445
240.95,148.1,52.855,49.445
240.95,148.92,52.855,48.593
240.13,148.02,53.708,51.15
240.13,148.84,53.708,50.297
240.13,148.88,53.708,49.445
240.09,148.84,54.56,50.297
240.09,148.1,54.56,49.445
240.13,148.14,53.708,48.593
240.06,148.1,55.412,49.445
240.83,148.92,55.413,48.593
241.64,148.92,54.56,48.593
240.83,148.92,55.413,48.593
240.02,148.88,56.265,49.445
239.98,148.92,57.117,48.593
240.06,148.95,55.412,47.74
239.98,148.14,57.117,48.593
240.83,148.14,55.413,48.593
239.98,148.1,57.117,49.445
239.94,148.92,57.97,48.593
240.71,148.1,57.97,49.445
240.75,148.1,57.118,49.445
239.94,148.1,57.97,49.445
239.9,148.1,58.822,49.445
239.9,148.92,58.822,48.593
239.98,148.95,57.117,47.74
239.98,148.92,57.117,48.593
240.79,148.92,56.265,48.593
240.79,148.92,56.265,48.593
240.06,148.95,55.412,47.74
240.09,148.95,54.56,47.74
239.24,148.95,56.265,47.74
239.98,148.92,57.117,48.593
239.94,148.1,57.97,49.445
239.2,148.14,57.118,48.593
239.98,148.1,57.117,49.445
239.2,148.88,57.118,49.445
238.39,148.06,57.97,50.297
238.39,148.88,57.97,49.445
238.39,148.92,57.97,48.593
238.39,148.92,57.97,48.593
237.54,148.06,59.675,50.297
237.5,148.02,60.528,51.15
237.15,148.06,68.2,50.297
236.3,147.29,69.905,50.297
236.26,147.25,70.757,51.15
236.26,148.06,53.708,50.297
237.11,148.1,52.002,49.445
236.26,148.1,53.708,49.445
235.44,148.06,54.56,50.297
235.44,147.21,54.56,52.002
234.67,148.88,54.56,49.445
233.78,148.88,57.117,49.445
233.78,148.88,57.117,49.445
233.74,148.88,57.97,49.445
232.11,149.65,59.675,49.445
232.07,148.88,60.528,49.445
231.26,148.88,61.38,49.445
230.45,148.84,62.232,50.297
231.29,148.84,60.534,50.297
230.48,148.84,61.38,50.297
229.63,148.84,63.085,50.297
229.63,148.84,63.085,50.297
229.67,150.5,62.232,47.74
227.35,149.69,62.232,48.592
226.49,150.47,63.938,48.592
225.6,148.84,66.495,50.297
224.83,148.92,66.495,48.593
224.36,148.02,67.8,51.15
222.35,148.84,69.905,50.297
221.49,148.84,71.61,50.297
222.15,148.88,57.117,49.445
221.38,148.92,57.118,48.593
220.53,148.88,58.822,49.445
219.75,149.65,58.823,49.445
218.98,149.69,58.822,48.592
218.12,149.69,60.528,48.592
216.5,149.65,62.233,49.445
215.68,150.47,63.085,48.592
214.09,151.24,63.937,48.592
213.32,152.09,63.938,46.888
211.61,152.09,67.347,46.888
209.99,152.09,69.053,46.888
208.32,152.02,71.61,31.542
207.54,151.2,71.61,32.395
206.69,151.2,73.315,32.395
204.29,151.16,75.02,33.247
203.44,151.16,76.725,33.247
203.48,151.98,75.873,32.395
203.94,152.79,65.642,31.543
203.9,152.79,66.495,31.543
200.69,153.57,69.053,31.543
197.43,153.6,72.463,30.69
195.8,151.98,74.167,32.395
194.21,152.79,76.648,31.541
192.51,153.6,78.43,30.69
190.11,153.6,80.135,30.69
189.29,153.63,80.988,30.245
188.52,153.64,80.988,29.838
187.7,154.42,81.84,29.838
187.01,154.38,80.135,30.69
183.71,153.6,84.397,30.69
181.23,154.5,87.807,28.132
180.88,158.53,78.43,24.722
179.26,156.9,80.135,26.428
177.59,156.98,82.693,24.722
176.78,156.94,83.545,25.575
175.96,156.94,84.397,25.575
175.46,158.53,78.43,24.722
173.02,159.34,80.987,23.87
170.58,159.38,83.545,23.017
168.95,159.42,85.25,22.165
168.99,159.38,67.347,23.017
166.59,160.19,69.053,22.165
165,161.04,69.905,20.46
164.3,160.27,68.2,20.46
163.78,159.46,67.933,21.312
162.79,158.68,67.347,21.312
159.65,158.68,68.2,21.312
158.87,157.87,68.2,22.165
155.7,152.98,69.905,27.28
153.33,152.98,70.757,27.28
154.22,152.95,68.2,28.133
151.05,150.5,69.905,30.69
151.16,150.5,67.347,30.69
147.99,150.5,69.053,30.69
148.06,149.69,67.347,31.543
146.51,149.69,67.347,31.543
144.15,149.71,68.2,31.105
140.16,149.81,70.757,28.985
140.97,149.81,69.905,28.985
141.13,149.77,66.495,29.838
138.84,149.77,65.642,29.838
137.25,148.1,66.495,32.395
136.48,147.33,66.495,32.395
137.41,144.07,63.085,35.805
136.73,144.07,62.979,35.805
135.12,144.07,62.232,35.805
133.49,144.11,63.938,34.952
130.24,144.13,67.347,34.498
128.69,142.48,67.347,36.657
127.84,143.3,69.052,35.805
125.36,144.19,72.463,33.247
125.32,144.23,73.315,32.395
131.87,144.23,65.642,32.395
131.05,144.23,66.495,32.395
129.42,144.23,68.2,32.395
127.87,142.64,68.247,33.247
122.18,142.6,74.167,34.1
121.4,142.64,74.167,33.247
120.55,142.64,75.872,33.247
120.55,142.68,75.872,32.395
121.17,141.9,79.282,32.395
121.21,141.86,78.43,33.247
118.61,141.09,84.397,33.248
117.8,142.72,85.25,31.543
116.13,141.9,87.807,32.395
114.85,141.17,81.84,31.543
113.07,141.13,86.955,32.395
112.3,141.17,86.955,31.543
110.63,141.17,89.513,31.543
105.75,140.39,94.627,31.542
104.93,141.17,95.48,31.543
102.49,141.17,98.037,31.543
103.46,140.35,93.775,32.395
100.21,140.35,97.185,32.395
98.58,141.28,98.89,28.985
95.635,140.51,95.48,28.985
95.635,141.28,95.48,28.985
93.194,140.47,98.037,29.838
92.729,140.55,91.218,28.132
90.442,140.51,90.365,28.985
89.319,140.55,80.987,28.132
87.652,140.55,83.545,28.132
86.064,140.62,84.397,26.427
82.809,140.62,87.807,26.427
81.491,140.62,82.693,26.427
79.941,140.66,82.692,25.575
84.824,140.64,77.577,25.974
84.01,140.66,78.43,25.575
83.196,140.66,79.282,25.575
81.607,141.51,80.135,23.87
75.059,140.74,87.807,23.87
73.392,140.78,90.365,23.017
71.106,140.78,89.513,23.017
71.067,140.82,90.365,22.165
69.44,140.82,92.07,22.165
67.231,138.38,89.513,24.722
66.456,138.41,89.512,23.87
63.976,138.41,92.922,23.87
64.286,138.45,86.102,23.018
61.031,136.01,89.512,25.575
59.404,136.01,91.217,25.575
59.636,135.24,86.103,25.575
58.822,136.09,86.955,23.87
55.529,136.09,91.217,23.87
55.645,136.13,88.66,23.017
55.59,136.13,89.53,23.017
52.467,136.17,90.365,22.165
54.134,134.54,87.807,23.87
53.359,135.39,87.807,22.165
51.305,132.14,81.84,25.575
49.871,132.14,79.282,25.575
49.832,132.14,80.135,25.575
47.84,132.18,81.41,24.722
46.979,132.18,82.312,24.722
44.989,132.21,84.397,23.87
43.477,132.21,83.545,23.87
41.889,132.21,84.397,23.87
41.85,132.27,85.25,22.592
40.765,132.25,75.02,23.017
39.137,132.29,76.725,22.165
37.51,132.29,78.43,22.165
35.882,132.29,80.135,22.165
34.41,132.33,78.43,21.312
34.449,132.33,77.578,21.312
33.596,129.11,79.282,23.87
32.007,129.04,80.135,25.575
31.31,129.08,78.43,24.722
30.632,129.11,76.305,23.87
28.21,129.11,78.43,23.87
27.512,129.15,76.725,23.017
25.202,129.15,76.409,23.017
25.226,129.19,75.873,22.165
23.715,129.19,75.02,22.165
22.94,129.15,75.02,23.017
22.087,129.23,76.725,21.312
20.537,129.23,76.725,21.312
18.871,129.27,79.282,20.46
14.88,129.27,81.84,20.46
14.842,129.27,81.88,20.46
13.02,129.31,88.66,19.607
12.594,127.72,80.988,20.46
11.935,127.72,78.43,20.46
10.385,127.72,78.43,20.46
9.61,127.72,78.43,20.46
8.1762,127.76,75.873,19.607
8.1762,127.79,75.873,18.812
6.5487,127.8,77.578,18.755
