NaN,NaN,NaN,-1
207,117,29,103
203,113,29,103
200,111,29,103
200,112,29,103
201,110,29,103
199,109,29,103
202,106,29,103
203,107,29,103
202,102,29,103
204,105,29,103
209,106,29,103
213,103,29,103
215,108,29,103
213,106,29,103
212,110,29,103
211,108,29,103
208,107,29,103
207,106,29,103
205,104,29,103
209,101,29,103
206,100,29,103
207,101,29,103
211,99,29,103
211,99,29,103
213,100,29,103
212,100,29,103
212,101,29,103
212,97,29,103
211,98,29,103
212,94,29,103
213,91,29,103
214,94,29,103
217,94,29,103
216,93,29,103
216,94,29,103
219,98,29,103
217,104,29,103
219,103,29,103
219,101,29,103
218,96,29,103
217,100,29,103
219,100,29,103
217,103,29,103
218,104,29,103
216,106,29,103
218,109,29,103
218,110,29,103
216,108,29,103
212,54,29,103
210,44,29,103
206,43,29,103
204,28,29,103
211,13,29,103
210,19,29,103
209,13,29,103
211,16,29,103
217,41,29,103
223,46,29,103
NaN,NaN,NaN,-2
NaN,NaN,NaN,0
NaN,NaN,NaN,0
NaN,NaN,NaN,0
NaN,NaN,NaN,0
NaN,NaN,NaN,-1
196,109,29,102
194,109,29,102
196,106,29,102
197,105,29,102
200,104,29,102
205,111,29,102
213,101,29,102
216,98,29,102
215,84,29,102
209,21,29,102
203,15,29,102
203,93,29,102
197,19,29,102
184,12,29,102
185,10,29,102
180,5,29,102
183,1,29,102
182,-1,29,102
184,-2,29,102
197,65,29,102
195,66,29,102
197,64,29,102
200,66,29,102
200,66,29,102
196,71,29,102
196,78,29,102
177,91,29,102
178,97,29,102
178,96,29,102
177,51,29,102
179,41,29,102
181,40,29,102
NaN,NaN,NaN,-2
NaN,NaN,NaN,0
NaN,NaN,NaN,0
NaN,NaN,NaN,0
NaN,NaN,NaN,0
NaN,NaN,NaN,-1
202,125,29,93
203,126,29,93
184,54,29,93
190,54,29,93
188,52,29,93
189,48,29,93
188,39,29,93
NaN,NaN,NaN,-2
NaN,NaN,NaN,0
NaN,NaN,NaN,0
NaN,NaN,NaN,0
NaN,NaN,NaN,0
NaN,NaN,NaN,-1
206,122,29,93
210,120,29,93
213,125,29,93
218,124,29,93
220,125,29,93
224,128,29,93
230,126,29,93
233,131,29,93
238,129,29,93
NaN,NaN,NaN,-2
NaN,NaN,NaN,0
NaN,NaN,NaN,0
NaN,NaN,NaN,0
NaN,NaN,NaN,0
NaN,NaN,NaN,-1
222,124,29,93
223,125,29,93
226,127,29,93
224,126,29,93
226,126,29,93
227,129,29,93
227,127,29,93
228,130,29,93
230,128,29,93
231,124,29,93
232,125,29,93
222,183,29,93
221,185,29,93
224,185,29,93
225,187,29,93
229,184,29,93
234,186,29,93
236,185,29,93
239,186,29,93
242,185,29,93
246,183,29,93
249,181,29,93
253,183,29,93
254,184,29,93
NaN,NaN,NaN,-2
NaN,NaN,NaN,0
NaN,NaN,NaN,0
NaN,NaN,NaN,0
NaN,NaN,NaN,0
NaN,NaN,NaN,-1
232,109,29,93
233,107,29,93
233,107,29,93
236,102,29,93
233,105,29,93
NaN,NaN,NaN,-2
NaN,NaN,NaN,0
NaN,NaN,NaN,0
NaN,NaN,NaN,0
NaN,NaN,NaN,0
NaN,NaN,NaN,-1
230,106,29,93
228,106,29,93
226,105,29,93
228,101,29,93
224,108,29,93
221,104,29,93
219,107,29,93
219,106,29,93
218,105,29,93
219,106,29,93
216,109,29,93
217,106,29,93
216,106,29,93
217,104,29,93
229,71,29,93
235,70,29,93
240,73,29,93
NaN,NaN,NaN,-2
NaN,NaN,NaN,0
NaN,NaN,NaN,0
NaN,NaN,NaN,0
NaN,NaN,NaN,0
NaN,NaN,NaN,-1
213,103,29,93
210,103,29,93
211,105,29,93
214,102,29,93
216,78,29,93
224,76,29,93
224,48,29,93
224,24,29,93
225,25,29,93
228,28,29,93
NaN,NaN,NaN,-2
NaN,NaN,NaN,0
NaN,NaN,NaN,0
NaN,NaN,NaN,0
NaN,NaN,NaN,0
NaN,NaN,NaN,-1
206,112,29,88
207,112,29,88
207,119,29,88
205,123,29,88
206,128,29,88
205,130,29,88
205,130,29,88
205,136,29,88
207,133,29,88
205,136,29,88
207,138,29,88
211,138,29,88
217,138,29,88
218,137,29,88
219,138,29,88
227,139,29,88
NaN,NaN,NaN,-2
NaN,NaN,NaN,0
NaN,NaN,NaN,0
NaN,NaN,NaN,0
NaN,NaN,NaN,0
NaN,NaN,NaN,-1
196,134,29,93
195,132,29,93
194,135,29,93
191,134,29,93
188,134,29,93
187,138,29,93
187,143,29,93
187,145,29,93
187,143,29,93
187,139,29,93
189,139,29,93
193,137,29,93
196,136,29,93
200,136,29,93
200,134,29,93
203,139,29,93
203,143,29,93
205,140,29,93
207,143,29,93
207,141,29,93
206,137,29,93
206,135,29,93
208,133,29,93
209,121,29,93
209,123,29,93
209,130,29,93
210,131,29,93
212,130,29,93
201,154,29,93
199,154,29,93
198,152,29,93
194,151,29,93
232,138,29,93
231,138,29,93
NaN,NaN,NaN,-2
NaN,NaN,NaN,0
NaN,NaN,NaN,0
NaN,NaN,NaN,0
NaN,NaN,NaN,0
NaN,NaN,NaN,-1
198,123,29,89
196,124,29,89
192,125,29,89
190,123,29,89
187,121,29,89
187,119,29,89
185,120,29,89
183,118,29,89
182,115,29,89
180,106,29,89
176,107,29,89
171,102,29,89
173,104,29,89
172,99,29,89
NaN,NaN,NaN,-2
NaN,NaN,NaN,0
NaN,NaN,NaN,0
NaN,NaN,NaN,0
NaN,NaN,NaN,0
NaN,NaN,NaN,-1
171,102,29,93
170,99,29,93
170,98,29,93
172,97,29,93
177,97,29,93
178,98,29,93
180,92,29,93
184,93,29,93
185,98,29,93
NaN,NaN,NaN,-2
NaN,NaN,NaN,0
NaN,NaN,NaN,0
NaN,NaN,NaN,0
NaN,NaN,NaN,0
NaN,NaN,NaN,-1
150,95,28,71
150,96,28,71
149,98,28,71
144,99,28,71
142,100,28,71
140,107,28,71
140,105,28,71
141,103,28,71
141,105,28,71
139,108,28,71
139,112,28,71
136,110,28,71
137,113,28,71
134,111,28,71
135,113,28,71
132,112,28,71
131,112,28,71
130,112,28,71
130,112,28,71
130,113,28,71
144,115,28,71
139,117,28,71
133,113,28,71
136,112,28,71
136,119,28,71
127,130,28,71
125,138,28,71
127,78,28,71
131,74,28,71
136,65,28,71
143,50,28,71
156,63,28,71
NaN,NaN,NaN,-2
NaN,NaN,NaN,0
NaN,NaN,NaN,0
NaN,NaN,NaN,0
NaN,NaN,NaN,0
NaN,NaN,NaN,-1
159,109,33,83
156,108,33,83
153,111,33,83
150,111,33,83
147,109,33,83
147,110,33,83
144,111,33,83
142,108,33,83
142,103,33,83
142,103,33,83
143,100,33,83
156,84,33,83
172,69,33,83
NaN,NaN,NaN,-2
NaN,NaN,NaN,0
NaN,NaN,NaN,0
NaN,NaN,NaN,0
NaN,NaN,NaN,0
NaN,NaN,NaN,-1
139,92,33,96
142,91,33,96
148,93,33,96
153,92,33,96
155,95,33,96
157,99,33,96
160,100,33,96
159,105,33,96
161,108,33,96
160,111,33,96
160,110,33,96
160,113,33,96
161,115,33,96
161,114,33,96
161,114,33,96
165,114,33,96
171,113,33,96
NaN,NaN,NaN,-2
NaN,NaN,NaN,0
NaN,NaN,NaN,0
NaN,NaN,NaN,0
NaN,NaN,NaN,0
NaN,NaN,NaN,-1
151,110,33,95
153,108,33,95
155,102,33,95
163,99,33,95
165,95,33,95
180,93,33,95
182,92,33,95
192,93,33,95
195,94,33,95
194,95,33,95
NaN,NaN,NaN,-2
NaN,NaN,NaN,0
NaN,NaN,NaN,0
NaN,NaN,NaN,0
NaN,NaN,NaN,0
NaN,NaN,NaN,-1
145,114,33,90
141,122,33,90
141,124,33,90
138,125,33,90
139,126,33,90
139,127,33,90
139,131,33,90
142,130,33,90
142,132,33,90
144,137,33,90
144,133,33,90
147,134,33,90
149,133,33,90
152,130,33,90
153,132,33,90
156,131,33,90
157,124,33,90
158,125,33,90
156,123,33,90
158,122,33,90
156,122,33,90
158,122,33,90
157,107,33,90
157,104,33,90
154,95,33,90
152,95,33,90
151,94,33,90
149,97,33,90
147,97,33,90
143,99,33,90
142,98,33,90
140,132,33,90
143,138,33,90
149,135,33,90
152,135,33,90
153,132,33,90
154,130,33,90
157,129,33,90
155,126,33,90
146,99,33,90
140,95,33,90
128,96,33,90
138,37,33,90
138,37,33,90
143,34,33,90
147,24,33,90
149,26,33,90
148,32,33,90
151,37,33,90
152,39,33,90
NaN,NaN,NaN,-2
NaN,NaN,NaN,0
NaN,NaN,NaN,0
NaN,NaN,NaN,0
NaN,NaN,NaN,0
NaN,NaN,NaN,-1
161,107,33,88
163,108,33,88
163,110,33,88
162,112,33,88
159,116,33,88
158,120,33,88
156,121,33,88
154,121,33,88
152,120,33,88
152,123,33,88
152,124,33,88
149,127,33,88
148,125,33,88
148,125,33,88
150,120,33,88
150,123,33,88
150,122,33,88
151,124,33,88
151,123,33,88
150,118,33,88
150,117,33,88
150,117,33,88
150,115,33,88
151,115,33,88
150,112,33,88
150,109,33,88
150,109,33,88
152,102,33,88
155,102,33,88
159,102,33,88
160,100,33,88
163,101,33,88
163,92,33,88
163,91,33,88
162,90,33,88
161,93,33,88
160,91,33,88
160,91,33,88
160,93,33,88
163,94,33,88
162,95,33,88
163,94,33,88
164,92,33,88
164,95,33,88
164,92,33,88
163,90,33,88
164,88,33,88
163,86,33,88
164,88,33,88
161,88,33,88
159,91,33,88
157,92,33,88
154,93,33,88
152,91,33,88
151,92,33,88
147,91,33,88
143,90,33,88
140,88,33,88
139,87,33,88
136,83,33,88
134,84,33,88
134,87,33,88
133,84,33,88
132,89,33,88
131,84,33,88
130,90,33,88
129,85,33,88
128,89,33,88
126,83,33,88
127,83,33,88
127,86,33,88
127,84,33,88
127,89,33,88
128,92,33,88
131,100,33,88
134,104,33,88
137,109,33,88
144,115,33,88
148,117,33,88
151,118,33,88
149,118,33,88
149,117,33,88
148,117,33,88
147,112,33,88
146,104,33,88
148,104,33,88
147,102,33,88
148,99,33,88
147,97,33,88
147,94,33,88
145,90,33,88
145,88,33,88
144,85,33,88
140,84,33,88
133,84,33,88
127,85,33,88
123,84,33,88
118,86,33,88
113,76,33,88
113,78,33,88
110,100,33,88
NaN,NaN,NaN,-2
NaN,NaN,NaN,0
NaN,NaN,NaN,0
NaN,NaN,NaN,0
NaN,NaN,NaN,0
NaN,NaN,NaN,-1
231,33,48,145
249,32,48,145
251,29,48,145
244,33,48,145
249,38,48,145
246,47,48,145
248,61,48,145
258,72,48,145
260,83,48,145
257,97,48,145
248,115,48,145
210,85,48,145
201,106,48,145
190,103,48,145
182,109,48,145
177,112,48,145
170,110,48,145
175,90,48,145
177,91,48,145
177,87,48,145
183,86,48,145
187,78,48,145
192,80,48,145
192,82,48,145
191,87,48,145
190,87,48,145
183,90,48,145
174,94,48,145
186,96,48,145
186,90,48,145
