NaN,NaN,NaN,-1
223.3,91.35,39.15,45.675
223.3,90.625,39.15,47.125
223.3,89.9,39.15,47.85
223.3,89.175,39.15,48.575
223.3,90.625,37.7,47.125
222.57,89.9,39.15,48.575
222.57,89.9,39.15,48.575
222.57,89.9,38.425,48.575
221.85,89.175,39.875,50.75
221.12,89.9,40.6,50.025
218.22,89.9,43.5,51.475
216.05,89.9,44.95,52.2
214.6,89.175,46.4,56.55
209.52,88.45,51.475,57.275
205.17,89.175,37.7,55.1
203,86.275,37.7,57.275
200.1,84.825,38.425,59.45
195.75,81.925,39.15,62.35
189.95,81.925,42.05,61.625
184.88,86.275,47.125,55.825
180.52,85.55,51.475,57.275
176.17,91.35,52.2,52.925
170.38,92.8,60.175,51.475
163.85,93.525,50.75,50.75
156.6,93.525,46.4,52.2
147.17,94.25,47.85,52.92
137.02,97.15,44.95,52.2
126.15,100.77,45.675,50.75
114.55,104.4,45.675,49.3
103.68,108.75,42.05,47.85
90.625,112.37,43.5,47.125
79.75,113.1,41.325,47.85
67.425,115.27,42.05,46.4
59.45,115.27,39.875,47.125
52.925,118.9,36.975,43.5
44.95,123.25,39.15,41.325
42.05,119.62,37.7,44.95
42.775,123.25,39.15,41.325
44.95,129.05,38.425,41.325
47.125,132.67,39.15,41.325
49.3,131.95,38.425,48.575
53.65,136.3,39.875,47.85
61.625,136.3,43.5,57.275
63.075,135.57,51.475,58
70.325,131.22,60.175,60.175
84.1,128.32,60.9,60.175
100.05,122.52,45.675,68.15
118.9,129.77,36.975,56.55
118.18,123.25,43.5,51.475
124.7,112.37,42.05,50.75
128.32,107.3,42.05,52.2
131.22,103.68,42.775,54.375
134.13,100.77,47.125,55.825
137.02,92.8,50.75,62.35
143.55,87.725,52.925,64.525
167.47,82.65,37.7,65.975
168.92,79.75,44.225,63.075
174.72,76.85,42.05,60.9
177.63,74.675,39.15,45.675
181.97,71.05,39.875,47.125
183.42,65.975,35.525,45.675
188.5,58.725,35.132,47.125
199.38,54.375,31.175,45.675
208.07,54.375,29.725,42.775
215.32,52.2,33.35,42.775
223.3,54.375,29.725,39.875
231.27,58,29,37.7
238.52,60.175,26.1,41.325
241.42,61.625,27.55,40.6
243.6,62.35,28.275,39.15
245.77,63.8,26.1,39.15
245.05,64.525,28.275,40.6
242.87,65.975,29,42.05
237.8,68.15,31.9,42.775
236.35,71.775,34.075,41.325
236.35,76.125,35.525,39.875
234.9,79.75,36.25,40.6
236.35,82.65,34.075,41.325
239.91,86.275,34.137,39.15
238.52,90.625,36.25,38.425
239.97,94.975,35.525,38.425
242.87,99.325,34.8,37.7
243.6,102.95,36.25,37.7
247.22,105.13,35.525,39.15
249.4,109.47,34.075,39.15
251.57,117.45,33.35,37.7
255.2,126.15,34.075,39.875
260.27,134.13,32.625,39.15
263.17,139.2,31.9,36.765
263.17,144.27,31.175,36.975
258.82,148.63,31.9,41.325
253.75,145.72,34.075,46.4
253.02,144.27,34.075,47.125
249.4,138.47,34.8,48.575
245.05,132.67,36.25,50.75
239.25,126.15,37.7,52.925
234.9,123.25,39.15,51.475
231.27,118.9,40.6,50.75
226.92,116,33.35,45.675
221.85,111.65,35.525,49.3
214.6,110.93,36.648,49.3
205.17,113.1,34.075,50.75
194.3,113.82,36.25,38.425
184.15,119.62,34.8,34.8
178.42,121.8,29.652,34.075
169.65,126.15,34.8,31.9
162.11,130.11,36.537,30.839
151.52,133.4,37.7,34.075
140.65,133.4,38.425,31.175
133.79,126.87,34.778,38.425
131.95,130.5,34.8,34.8
131.56,118.9,30.838,35.525
125.43,106.57,34.8,36.975
123.25,94.25,35.525,38.425
122.52,86.275,35.525,36.25
123.97,79.75,34.8,34.8
127.6,72.5,32.625,34.075
130.5,68.875,31.175,31.175
128.32,66.7,33.35,30.45
129.77,64.525,32.625,29.725
134.85,62.35,29.725,30.45
139.2,61.625,29,32.625
141.38,62.35,30.45,32.625
142.1,63.075,31.175,32.625
142.82,63.8,31.9,32.625
144.27,64.525,32.625,32.625
147.17,63.075,32.625,33.35
149.35,63.075,33.35,34.075
152.97,63.094,34.8,34.056
158.05,64.525,34.075,32.625
160.95,65.25,35.525,33.35
163.13,65.975,34.8,34.075
165.3,67.425,33.35,31.9
167.47,65.975,32.625,32.625
171.82,64.525,31.175,30.45
175.45,63.075,31.175,29.725
176.9,62.35,32.625,31.175
178.35,61.625,32.625,31.9
177.63,58.725,36.975,36.25
178.35,58,38.425,37.7
180.52,60.9,39.15,36.25
181.97,57.275,40.6,41.325
182.7,58.725,41.325,42.05
183.42,58.725,40.6,41.861
182.7,59.45,39.875,47.85
181.25,68.875,39.875,42.05
180.52,75.4,38.425,42.05
181.97,84.1,36.25,38.425
178.35,89.175,36.25,38.425
172.55,96.431,36.975,38.419
165.3,104.4,36.975,41.325
154.42,113.82,39.875,40.6
141.38,123.25,41.325,42.775
126.87,130.33,46.4,42.943
120.35,136.3,48.575,43.5
117.45,141.38,47.85,43.5
111.65,145,50.75,44.95
106.57,150.07,50.75,42.775
101.5,155.88,50.75,39.875
97.875,160.22,49.3,36.975
93.525,163.85,42.775,36.975
89.9,166.75,42.05,36.25
84.825,168.92,43.5,36.25
80.475,170.38,44.95,35.525
73.225,171.82,47.125,34.8
67.425,173.27,45.675,32.625
63.8,171.82,46.4,34.8
60.9,171.1,45.675,34.075
57.275,169.65,47.125,34.8
53.65,171.03,48.575,33.42
49.3,169.65,49.3,34.8
46.4,169.65,48.575,34.075
42.775,168.92,50.025,35.525
39.15,166.75,51.475,36.25
36.975,161.67,52.2,36.25
35.525,147.17,54.375,41.325
40.6,139.2,50.75,39.875
41.325,129.77,52.925,42.775
42.775,121.07,54.375,47.125
43.971,116,55.354,50.75
44.225,110.2,52.925,52.925
44.95,103.68,52.925,54.375
45.675,98.6,54.375,54.375
53.65,93.525,47.85,40.6
55.1,89.175,49.3,41.325
56.55,82.65,50.75,44.95
60.175,79.025,50.025,46.4
64.525,77.575,49.3,45.675
68.15,76.125,49.3,45.675
73.225,73.225,49.3,50.75
76.85,70.325,50.025,54.375
81.925,68.15,48.575,50.025
83.375,68.15,50.025,51.475
85.55,69.6,50.025,51.475
87.725,71.775,49.3,50.75
88.45,75.4,47.85,49.3
89.175,79.025,47.125,46.4
89.9,81.925,47.85,44.95
92.075,84.825,48.575,44.225
94.25,88.45,48.575,42.775
97.15,91.35,48.575,42.05
100.05,95.7,48.575,39.875
102.95,100.05,47.85,38.425
107.3,105.13,47.125,36.975
111.65,112.01,46.4,35.168
116,113.82,46.4,34.48
122.52,116.72,44.95,34.075
126.15,121.07,47.125,31.9
131.95,122.52,47.85,33.35
136.3,124.7,48.575,34.075
143.55,125.43,44.95,32.625
152.25,123.97,42.775,33.35
158.77,122.52,43.5,34.8
167.47,119.62,41.325,36.25
172.55,116.72,41.325,38.425
177.63,114.55,40.6,38.425
182.7,113.1,39.15,38.425
185.6,110.93,40.6,39.875
191.4,108.75,39.15,39.15
198.65,103.68,36.25,42.775
206.63,100.77,34.8,42.775
213.15,97.875,33.35,41.325
216.41,94.25,34.438,43.5
218.22,97.15,35.525,40.6
219.67,97.875,37.7,39.15
222.57,94.975,36.975,42.775
222.57,94.975,39.15,42.775
222.57,94.975,40.6,44.95
222.57,102.95,40.6,45.675
222.57,105.13,39.875,45.675
222.57,104.4,39.875,45.675
222.57,104.4,42.05,50.025
223.3,111.65,40.6,44.225
223.3,112.37,41.325,46.4
223.3,111.65,41.009,48.575
223.3,111.65,40.6,50.75
225.47,126.87,37.7,37.7
225.47,130.5,37.7,36.25
224.75,134.85,37.7,35.525
225.47,140.65,36.975,34.8
227.65,145,36.25,39.875
229.1,150.07,37.7,39.15
230.55,152.97,39.875,39.19
