NaN,NaN,NaN,-1
326.38,190.12,51.929,47.208
322.6,188.36,59.483,48.153
320.63,187.5,65.147,48.152
317.03,183.9,68.924,51.929
316.42,182.14,63.259,52.873
314.58,176.77,66.092,57.594
310.8,172.22,73.645,63.259
308.14,171.37,75.533,63.259
306.3,173.25,78.366,59.483
304.58,171.54,78.366,59.483
304.59,168.79,78.36,63.259
302.78,167.03,80.254,64.203
303.72,164.41,78.366,65.148
302.31,164.46,71.757,64.203
301.23,161.75,76.477,67.036
297.46,160.04,84.031,67.036
294.97,159.26,82.142,65.147
294.24,158.41,60.427,65.147
293.38,155.79,60.427,66.092
290.76,153.94,61.371,68.924
291.7,147.68,59.482,74.589
286.38,147.85,63.259,70.813
283.81,146.09,63.259,71.757
284.75,142.57,61.371,73.645
286.55,139.95,59.483,74.589
286.55,141.84,59.483,70.812
285.7,141.97,59.482,67.98
284.75,137.46,61.371,72.701
283.64,133.99,67.036,73.645
274.28,130.51,65.148,74.589
275.14,127.81,65.148,77.422
277.8,123.39,63.259,80.254
278.74,123.51,61.371,77.422
275.14,125.4,65.148,73.645
274.32,125.53,64.203,70.812
278.87,121.07,58.538,74.589
279.77,123.04,57.594,68.924
277.97,123.17,59.482,66.092
277.97,121.33,59.482,68.924
278.83,119.57,59.482,69.868
277.93,117.76,60.427,71.757
277.84,114.93,62.315,77.422
276.9,114.03,64.203,78.366
277.8,112.14,63.259,82.142
277.8,110.34,63.259,84.031
278.66,109.57,63.259,63.259
278.66,108.75,63.259,62.315
278.62,107.03,64.203,62.315
281.28,105.27,62.315,63.259
283.08,104.37,60.427,64.203
283.08,100.81,60.427,67.036
282.13,102.61,62.315,65.148
275.83,103.47,68.924,65.147
277.63,102.53,67.036,67.036
279.39,101.54,66.092,69.868
282.95,101.45,63.259,71.757
285.61,97.807,61.371,76.477
284.8,97.764,60.427,77.422
288.34,96.949,55.815,57.594
291.02,96.09,55.706,57.594
291.02,96.992,55.706,56.65
290.07,96.906,57.594,58.538
290.93,96.133,57.594,56.65
290.89,96.176,58.538,55.706
294.54,95.232,53.818,57.594
295.35,94.417,54.762,56.65
295.35,96.262,54.762,53.818
294.41,96.262,56.679,53.818
296.21,95.318,54.762,55.706
295.27,94.374,56.65,57.594
297.07,95.318,54.762,55.706
300.59,94.545,52.873,53.818
299.69,93.687,53.818,53.818
299.52,93.644,57.594,54.762
299.47,93.644,58.538,54.762
301.15,92.829,59.482,53.818
301.96,91.069,60.427,54.762
303.64,91.842,61.371,56.65
302.73,91.885,62.315,55.706
304.49,89.181,61.371,58.538
303.51,89.181,64.203,58.538
305.27,87.765,63.259,51.929
305.4,85.919,60.427,54.762
307.97,84.16,60.427,55.706
307.76,82.443,65.147,55.706
309.47,83.387,65.148,53.818
309.51,83.387,64.203,53.818
311.49,84.331,58.538,51.929
310.33,81.585,65.148,55.706
313.76,83.43,65.148,52.873
309.86,80.769,75.533,54.762
310.63,82.572,77.422,52.873
310.55,82.572,79.31,52.873
316.38,82.615,45.32,51.929
315.44,81.713,47.208,52.873
314.41,79.911,50.985,54.762
318.79,79.997,49.097,52.873
321.36,79.095,49.097,53.818
321.62,79.997,43.432,52.873
321.45,79.997,47.208,52.873
321.57,81.799,44.376,50.985
321.53,80.855,45.32,52.873
320.67,80.04,45.32,51.929
320.76,79.954,43.432,53.818
319.86,80.812,44.376,53.818
318.83,80.898,48.152,51.929
318.7,80.898,50.985,51.929
319.26,80.898,57.594,51.929
318.18,79.911,62.315,54.762
313.46,79.01,71.757,55.706
317.11,79.954,67.036,53.818
316.38,80.855,64.203,52.873
317.07,79.954,67.98,53.818
316.34,79.911,65.148,54.762
316.3,77.207,66.092,57.594
318.1,78.065,64.203,57.594
316.85,78.838,72.701,59.483
318.89,79.739,74.167,58.538
319.94,81.585,42.488,55.706
320.07,81.585,39.655,55.706
319.13,76.992,41.543,62.315
319.04,72.4,43.432,68.924
319.73,71.542,47.208,68.924
320.37,69.74,51.929,70.812
321.06,69.697,55.706,71.757
318.31,69.654,59.482,72.701
313.59,70.512,68.924,72.701
313.38,69.568,73.645,74.589
312.22,69.439,80.254,77.422
314.36,70.298,51.929,77.422
315.63,86.477,43.017,61.371
312.91,85.619,46.264,61.371
313.85,86.477,44.376,61.371
313.85,87.335,44.376,61.371
312.99,87.25,44.376,63.259
311.23,91.315,45.32,58.101
311.32,89.953,43.432,60.427
311.32,89.953,43.432,60.427
312.22,91.67,42.488,60.427
314.02,89.782,40.599,64.203
314.92,90.726,39.655,62.315
314.02,91.541,40.599,63.259
314.02,91.498,40.599,64.203
313.16,92.4,40.599,63.259
310.42,95.044,44.376,62.287
312.26,94.202,41.543,61.371
311.45,94.975,40.599,63.259
304.97,94.932,50.985,64.203
307.8,94.03,45.32,65.147
306.9,95.018,46.264,62.315
309.6,97.721,43.432,59.482
308.7,95.919,44.376,61.371
309.64,96.863,42.488,59.483
308.7,96.82,44.376,60.427
307.71,96.82,47.208,60.427
306.77,96.82,49.097,60.427
306.64,98.623,51.929,58.538
309.3,99.309,50.041,62.315
307.63,99.268,49.097,63.213
304.79,99.996,54.762,66.092
302.18,101.67,55.706,67.036
303.76,103.52,58.538,64.203
304.45,103.47,62.315,65.147
305.22,105.19,64.203,65.147
304.32,106.05,65.148,65.148
305.31,108.06,43.432,58.538
305.09,108.97,48.152,57.594
304.08,109.87,51.502,56.65
302.99,110.68,56.65,57.594
302.82,111.5,60.427,58.538
302.65,112.4,64.203,57.594
303.59,114.16,62.315,56.65
302,114.24,59.482,54.762
300.33,114.97,58.538,57.594
300.67,117.15,50.985,56.21
299.77,117.63,51.929,55.706
298.74,116.69,55.706,57.594
296.08,118.87,57.594,55.31
297.11,118.54,53.818,54.762
295.35,120.3,54.762,53.818
292.43,120.21,62.315,55.706
293.08,121.11,67.036,54.762
289.3,121.93,74.589,55.706
288.53,122.87,72.701,53.818
286.51,121.93,79.31,55.706
289.43,120.08,52.873,58.538
289.43,120.9,52.873,59.483
289.52,123.3,50.985,63.259
288.66,124.97,50.985,64.203
287.8,124.84,50.985,67.036
287.03,127.59,49.097,63.259
286.17,127.51,49.097,65.148
286.13,131.88,50.041,63.259
286.04,133.69,51.929,61.371
285.18,135.4,51.929,61.371
286.13,137.12,50.041,61.371
285.31,138.84,49.097,61.371
282.86,140.47,46.264,63.259
282.95,143.21,44.376,59.482
282.05,144.84,45.32,61.371
282.05,146.65,45.32,59.482
281.19,148.36,45.32,59.483
280.29,150.12,46.264,58.538
279.3,152.87,49.097,54.762
280.2,153.64,48.152,56.65
281.1,156.26,47.208,55.706
279.39,158.02,47.208,54.762
280.16,160.55,49.097,55.706
277.41,161.32,52.873,57.594
277.5,163.98,50.985,55.706
279.3,164.8,49.097,56.65
278.44,165.72,49.097,55.267
278.53,167.46,47.208,54.762
277.67,170.16,47.208,51.929
275.91,172.7,48.152,52.873
277.71,173.6,46.264,51.929
276.86,174.5,46.264,50.985
275.87,175.31,49.097,51.929
275.87,174.41,49.097,52.873
275.87,175.23,49.097,53.818
274.97,176.17,50.041,51.929
274.02,177.07,51.929,50.985
274.07,177.16,50.985,49.097
274.15,177.89,49.097,51.929
274.11,177.85,50.041,52.873
273.29,177.85,49.097,52.873
269.77,177.85,50.985,52.873
