NaN,NaN,NaN,-1
207,114,29,103
208,113,29,103
208,111,29,103
207,109,29,103
206,107,29,103
205,107,29,103
204,107,29,103
203,107,29,103
201,108,29,103
204,110,29,103
210,110,29,103
214,108,29,103
218,107,29,103
217,107,29,103
219,106,29,103
217,106,29,103
220,106,29,103
218,106,29,103
213,105,29,103
212,105,29,103
211,104,29,103
212,104,29,103
210,105,29,103
213,103,29,103
215,101,29,103
215,100,29,103
214,98,29,103
214,97,29,103
214,96,29,103
214,97,29,103
214,98,29,103
217,100,29,103
219,100,29,103
221,98,29,103
220,95,29,103
221,95,29,103
222,94,29,103
225,95,29,103
228,94,29,103
229,95,29,103
226,98,29,103
220,102,29,103
220,108,29,103
219,110,29,103
219,113,29,103
214,112,29,103
222,113,29,103
226,116,29,103
225,114,29,103
222,114,29,103
218,113,29,103
211,110,29,103
204,109,29,103
198,107,29,103
196,107,29,103
196,106,29,103
195,103,29,103
197,104,29,103
198,105,29,103
199,106,29,103
202,108,29,103
203,112,29,103
204,110,29,103
204,111,29,103
201,111,29,103
198,110,29,103
200,109,29,103
204,108,29,103
209,109,29,103
217,110,29,103
227,108,29,103
229,104,29,103
235,105,29,103
233,104,29,103
228,103,29,103
220,102,29,103
203,103,29,103
197,101,29,103
195,99,29,103
194,94,29,103
195,88,29,103
199,82,29,103
202,79,29,103
203,76,29,103
205,76,29,103
206,76,29,103
206,76,29,103
205,79,29,103
203,84,29,103
202,90,29,103
202,96,29,103
204,101,29,103
204,103,29,103
207,105,29,103
210,110,29,103
213,113,29,103
210,118,29,103
208,123,29,103
207,128,29,103
204,131,29,103
205,134,29,103
203,139,29,103
203,138,29,103
203,136,29,103
205,135,29,103
206,134,29,103
208,133,29,103
209,129,29,103
210,126,29,103
211,125,29,103
206,124,29,103
205,121,29,103
206,118,29,103
207,117,29,103
209,115,29,103
211,115,29,103
213,116,29,103
217,116,29,103
220,115,29,103
223,118,29,103
228,120,29,103
232,121,29,103
235,122,29,103
NaN,NaN,NaN,-2
NaN,NaN,NaN,0
NaN,NaN,NaN,0
NaN,NaN,NaN,0
NaN,NaN,NaN,0
NaN,NaN,NaN,-1
219,124,29,93
223,125,29,93
225,126,29,93
227,127,29,93
226,128,29,93
228,129,29,93
229,130,29,93
229,129,29,93
230,128,29,93
231,128,29,93
233,128,29,93
235,127,29,93
238,126,29,93
240,125,29,93
242,124,29,93
244,124,29,93
248,123,29,93
249,123,29,93
257,124,29,93
257,124,29,93
NaN,NaN,NaN,-2
NaN,NaN,NaN,0
NaN,NaN,NaN,0
NaN,NaN,NaN,0
NaN,NaN,NaN,0
NaN,NaN,NaN,-1
229,108,29,93
229,108,29,93
229,107,29,93
229,107,29,93
230,107,29,93
231,107,29,93
231,108,29,93
232,108,29,93
234,108,29,93
235,108,29,93
236,108,29,93
236,108,29,93
235,107,29,93
234,107,29,93
232,108,29,93
231,108,29,93
230,110,29,93
227,110,29,93
224,109,29,93
220,108,29,93
218,104,29,93
218,104,29,93
217,104,29,93
217,104,29,93
216,104,29,93
215,103,29,93
215,102,29,93
215,102,29,93
214,103,29,93
214,107,29,93
213,105,29,93
212,104,29,93
214,105,29,93
215,106,29,93
215,108,29,93
216,109,29,93
217,109,29,93
216,109,29,93
216,109,29,93
216,110,29,93
215,110,29,93
213,112,29,93
214,111,29,93
217,109,29,93
215,107,29,93
215,107,29,93
214,107,29,93
215,108,29,93
215,109,29,93
214,108,29,93
214,109,29,93
213,108,29,93
213,107,29,93
211,106,29,93
212,107,29,93
213,110,29,93
210,115,29,93
209,120,29,93
209,125,29,93
210,127,29,93
210,129,29,93
209,132,29,93
209,132,29,93
210,132,29,93
211,131,29,93
212,132,29,93
213,132,29,93
215,131,29,93
217,132,29,93
220,132,29,93
223,130,29,93
229,132,29,93
NaN,NaN,NaN,-2
NaN,NaN,NaN,0
NaN,NaN,NaN,0
NaN,NaN,NaN,0
NaN,NaN,NaN,0
NaN,NaN,NaN,-1
196,133,29,93
197,131,29,93
197,133,29,93
195,134,29,93
196,135,29,93
197,134,29,93
196,133,29,93
196,133,29,93
196,134,29,93
197,135,29,93
198,136,29,93
199,135,29,93
200,133,29,93
203,132,29,93
206,132,29,93
208,132,29,93
210,131,29,93
210,131,29,93
210,129,29,93
210,127,29,93
210,125,29,93
210,125,29,93
210,122,29,93
210,119,29,93
211,118,29,93
211,117,29,93
213,118,29,93
213,117,29,93
213,116,29,93
211,116,29,93
211,117,29,93
209,117,29,93
207,119,29,93
204,120,29,93
203,121,29,93
203,122,29,93
201,120,29,93
201,120,29,93
199,119,29,93
199,119,29,93
198,119,29,93
195,118,29,93
193,117,29,93
191,116,29,93
188,115,29,93
185,114,29,93
183,113,29,93
183,110,29,93
181,111,29,93
180,109,29,93
180,107,29,93
178,103,29,93
178,101,29,93
177,98,29,93
174,96,29,93
172,96,29,93
170,95,29,93
170,91,29,93
170,89,29,93
170,84,29,93
170,82,29,93
170,81,29,93
170,81,29,93
169,80,29,93
167,80,29,93
166,78,29,93
162,77,29,93
160,77,29,93
158,76,29,93
157,76,29,93
156,76,29,93
156,77,29,93
156,77,29,93
153,78,29,93
153,79,29,93
149,82,29,93
149,84,29,93
146,87,29,93
145,89,29,93
144,90,29,93
144,91,29,93
144,91,29,93
143,91,29,93
144,90,29,93
143,92,29,93
143,94,29,93
142,95,29,93
142,94,29,93
142,95,29,93
141,96,29,93
140,95,29,93
140,96,29,93
139,96,29,93
137,95,29,93
136,93,29,93
137,94,29,93
137,96,29,93
140,97,29,93
133,101,29,93
141,106,29,93
142,109,29,93
144,113,29,93
146,114,29,93
148,114,29,93
153,112,29,93
163,110,29,93
171,108,29,93
174,108,29,93
175,107,29,93
177,106,29,93
178,107,29,93
178,107,29,93
172,108,29,93
168,108,29,93
163,107,29,93
158,108,29,93
155,108,29,93
153,107,29,93
151,104,29,93
148,105,29,93
148,106,29,93
148,107,29,93
149,107,29,93
149,107,29,93
149,107,29,93
149,107,29,93
147,107,29,93
144,105,29,93
143,102,29,93
144,98,29,93
143,97,29,93
143,96,29,93
146,96,29,93
154,96,29,93
159,97,29,93
161,100,29,93
164,103,29,93
166,107,29,93
165,110,29,93
166,113,29,93
166,115,29,93
166,117,29,93
165,118,29,93
166,118,29,93
167,120,29,93
167,122,29,93
165,122,29,93
165,122,29,93
164,124,29,93
162,124,29,93
160,121,29,93
161,118,29,93
159,114,29,93
157,107,29,93
158,103,29,93
159,99,29,93
161,93,29,93
164,88,29,93
168,85,29,93
171,84,29,93
171,84,29,93
172,84,29,93
172,86,29,93
172,87,29,93
171,90,29,93
168,95,29,93
164,100,29,93
162,105,29,93
158,109,29,93
155,113,29,93
150,119,29,93
147,124,29,93
144,127,29,93
142,129,29,93
142,130,29,93
141,133,29,93
144,132,29,93
145,132,29,93
149,132,29,93
150,129,29,93
150,127,29,93
152,127,29,93
155,121,29,93
158,120,29,93
160,120,29,93
162,118,29,93
162,116,29,93
162,112,29,93
163,109,29,93
163,106,29,93
164,104,29,93
164,103,29,93
164,104,29,93
164,103,29,93
161,106,29,93
160,105,29,93
159,106,29,93
157,106,29,93
154,105,29,93
151,103,29,93
149,100,29,93
147,98,29,93
147,100,29,93
144,98,29,93
145,100,29,93
146,98,29,93
146,95,29,93
147,93,29,93
148,90,29,93
149,89,29,93
149,87,29,93
151,87,29,93
151,86,29,93
154,85,29,93
159,86,29,93
167,88,29,93
169,92,29,93
170,98,29,93
171,102,29,93
172,105,29,93
172,109,29,93
172,110,29,93
173,110,29,93
173,109,29,93
172,110,29,93
170,111,29,93
171,111,29,93
171,112,29,93
170,114,29,93
168,116,29,93
167,119,29,93
166,121,29,93
164,123,29,93
162,123,29,93
159,126,29,93
157,127,29,93
156,127,29,93
155,127,29,93
155,126,29,93
157,126,29,93
156,126,29,93
157,127,29,93
158,127,29,93
158,127,29,93
159,127,29,93
159,125,29,93
159,123,29,93
159,120,29,93
158,119,29,93
157,117,29,93
156,114,29,93
156,112,29,93
155,111,29,93
157,108,29,93
160,105,29,93
163,103,29,93
164,100,29,93
165,98,29,93
165,97,29,93
166,97,29,93
165,95,29,93
165,95,29,93
165,96,29,93
166,96,29,93
167,96,29,93
168,97,29,93
169,98,29,93
169,98,29,93
170,97,29,93
171,96,29,93
171,96,29,93
170,94,29,93
170,93,29,93
168,93,29,93
167,94,29,93
165,93,29,93
163,92,29,93
161,93,29,93
159,94,29,93
157,94,29,93
154,94,29,93
152,95,29,93
149,96,29,93
146,94,29,93
143,94,29,93
141,93,29,93
140,91,29,93
138,91,29,93
137,91,29,93
137,89,29,93
136,89,29,93
135,90,29,93
135,90,29,93
135,90,29,93
135,89,29,93
132,91,29,93
131,92,29,93
132,93,29,93
133,94,29,93
133,98,29,93
136,102,29,93
140,108,29,93
142,114,29,93
147,120,29,93
153,123,29,93
155,124,29,93
155,125,29,93
155,124,29,93
153,120,29,93
151,116,29,93
152,113,29,93
152,110,29,93
152,105,29,93
153,100,29,93
153,98,29,93
153,96,29,93
151,93,29,93
151,92,29,93
150,91,29,93
147,91,29,93
141,91,29,93
135,90,29,93
134,87,29,93
131,81,29,93
129,78,29,93
134,75,29,93
157,69,29,93
181,66,29,93
205,60,29,93
190,53,29,93
214,53,29,93
207,54,29,93
201,58,29,93
217,63,29,93
230,61,29,93
229,68,29,93
225,76,29,93
218,72,29,93
207,79,29,93
213,90,29,93
219,90,29,93
218,99,29,93
211,115,29,93
199,131,29,93
185,146,29,93
179,151,29,93
173,143,29,93
169,135,29,93
163,133,29,93
160,129,29,93
162,124,29,93
167,122,29,93
169,119,29,93
174,115,29,93
179,115,29,93
182,114,29,93
181,115,29,93
179,116,29,93
178,125,29,93
171,132,29,93
169,146,29,93
167,152,29,93
162,152,29,93
