NaN,NaN,NaN,-1
NaN,NaN,NaN,-2
NaN,NaN,NaN,0
NaN,NaN,NaN,0
NaN,NaN,NaN,0
NaN,NaN,NaN,0
NaN,NaN,NaN,-1
NaN,NaN,NaN,-2
NaN,NaN,NaN,0
NaN,NaN,NaN,0
NaN,NaN,NaN,0
NaN,NaN,NaN,0
NaN,NaN,NaN,-1
NaN,NaN,NaN,-2
NaN,NaN,NaN,0
NaN,NaN,NaN,0
NaN,NaN,NaN,0
NaN,NaN,NaN,0
NaN,NaN,NaN,-1
NaN,NaN,NaN,-2
NaN,NaN,NaN,0
NaN,NaN,NaN,0
NaN,NaN,NaN,0
NaN,NaN,NaN,0
NaN,NaN,NaN,-1
NaN,NaN,NaN,-2
NaN,NaN,NaN,0
NaN,NaN,NaN,0
NaN,NaN,NaN,0
NaN,NaN,NaN,0
NaN,NaN,NaN,-1
NaN,NaN,NaN,-2
NaN,NaN,NaN,0
NaN,NaN,NaN,0
NaN,NaN,NaN,0
NaN,NaN,NaN,0
NaN,NaN,NaN,-1
NaN,NaN,NaN,-2
NaN,NaN,NaN,0
NaN,NaN,NaN,0
NaN,NaN,NaN,0
NaN,NaN,NaN,0
NaN,NaN,NaN,-1
NaN,NaN,NaN,-2
NaN,NaN,NaN,0
NaN,NaN,NaN,0
NaN,NaN,NaN,0
NaN,NaN,NaN,0
NaN,NaN,NaN,-1
NaN,NaN,NaN,-2
NaN,NaN,NaN,0
NaN,NaN,NaN,0
NaN,NaN,NaN,0
NaN,NaN,NaN,0
NaN,NaN,NaN,-1
NaN,NaN,NaN,-2
NaN,NaN,NaN,0
NaN,NaN,NaN,0
NaN,NaN,NaN,0
NaN,NaN,NaN,0
NaN,NaN,NaN,-1
97,28,91,116
96,23,116,116
99,17,113,114
99,15,109,114
100,6,109,116
102,6,104,107
99,6,112,101
98,6,116,98
98,6,116,97
97,6,116,97
97,6,116,97
96,6,116,96
94,6,116,96
92,6,116,96
88,6,115,95
83,6,116,92
79,6,116,92
73,6,116,90
65,6,116,86
61,6,116,56
54,6,116,57
47,6,116,75
45,6,116,62
41,6,116,40
38,6,116,61
37,6,116,37
35,6,116,37
33,6,116,36
33,6,116,35
NaN,NaN,NaN,-2
NaN,NaN,NaN,0
NaN,NaN,NaN,0
NaN,NaN,NaN,0
NaN,NaN,NaN,0
NaN,NaN,NaN,-1
100,38,80,89
94,37,89,90
105,41,81,85
113,38,76,86
112,38,84,84
108,35,86,84
112,36,81,83
112,36,78,81
106,36,86,82
104,38,81,86
110,40,72,83
108,43,73,79
123,42,67,81
123,41,77,77
123,39,78,78
129,37,66,78
131,35,61,82
120,35,76,82
120,35,90,79
130,37,52,89
126,37,65,86
114,36,88,82
109,36,88,81
108,36,84,75
132,38,59,77
106,39,76,79
103,38,86,79
101,37,72,81
104,25,86,90
110,24,84,80
111,21,82,81
115,26,69,75
127,29,55,73
141,43,43,61
143,51,62,64
135,55,74,70
136,63,75,76
124,69,90,68
125,71,90,65
138,71,74,69
146,68,77,63
152,64,79,55
155,68,71,53
152,68,74,47
159,71,74,31
148,73,88,29
148,79,70,31
147,80,77,29
138,83,90,36
156,78,68,38
151,73,70,53
148,77,81,48
147,64,84,63
151,70,82,57
145,89,75,53
135,90,55,43
137,94,65,33
138,95,68,35
141,91,64,40
140,86,73,46
146,83,80,52
138,82,85,42
153,78,50,45
126,77,90,43
109,73,69,43
108,68,73,43
93,64,90,48
102,57,78,49
112,50,76,50
118,51,68,48
115,49,75,51
124,50,66,50
131,53,61,50
141,56,51,50
141,55,53,52
142,61,59,46
127,63,90,42
129,62,90,42
126,62,90,37
130,59,90,39
133,64,86,32
129,62,81,29
127,60,90,32
129,59,90,30
127,56,90,31
135,55,90,29
141,54,90,35
151,53,89,26
146,51,90,26
145,51,89,25
NaN,NaN,NaN,-2
NaN,NaN,NaN,0
NaN,NaN,NaN,0
NaN,NaN,NaN,0
NaN,NaN,NaN,0
NaN,NaN,NaN,-1
157,62,45,63
155,59,48,61
153,60,50,58
154,58,49,59
156,61,54,56
157,60,55,58
158,60,54,57
158,61,54,56
158,61,54,55
157,61,52,55
155,59,53,57
153,61,62,55
151,62,56,52
149,62,52,52
148,63,60,52
