NaN,NaN,NaN,-1
138.91,28.282,32.67,120.28
138.71,28.282,37.125,120.28
137.23,28.282,40.095,120.28
137.23,33.953,40.095,114.34
134.39,35.302,43.065,114.35
134.39,35.302,43.065,114.35
134.46,33.885,41.58,115.83
134.46,33.851,41.58,116.58
134.53,35.235,40.095,115.83
133.11,35.235,41.58,115.83
133.18,38.002,40.095,114.35
131.76,36.585,41.58,115.83
131.76,37.935,41.58,115.83
131.83,39.352,40.095,114.34
131.83,39.285,40.095,115.83
130.41,33.615,41.58,121.77
130.41,33.683,41.58,120.28
130.41,33.75,41.58,118.8
131.9,32.332,38.61,120.28
131.9,32.4,38.61,118.8
133.25,30.915,38.61,121.77
133.25,30.982,38.61,120.29
133.18,30.982,40.095,120.29
133.18,32.332,40.095,120.28
134.59,32.332,38.61,120.28
133.18,32.4,40.095,118.8
134.53,32.332,40.095,120.28
135.88,32.4,40.095,118.8
134.53,32.4,40.095,118.8
135.88,33.75,40.095,118.8
135.88,33.75,40.095,118.8
134.46,32.265,41.58,121.77
133.11,35.032,41.58,120.28
134.59,35.032,38.61,120.28
134.59,36.45,38.61,118.8
134.59,36.382,38.61,120.29
133.25,36.382,38.61,120.29
131.83,34.965,40.095,121.77
131.83,34.965,40.095,121.77
131.76,36.382,41.58,120.29
131.83,36.382,40.095,120.29
131.83,36.45,40.095,118.8
131.83,36.382,40.095,120.29
131.83,36.382,40.095,120.29
131.76,36.382,41.58,120.29
131.69,36.315,43.065,121.77
131.69,37.732,43.065,120.29
128.93,41.985,44.55,115.83
127.51,39.15,46.035,118.8
127.44,39.082,47.52,120.28
127.44,36.247,47.52,123.26
124.67,36.247,49.005,123.26
126.02,36.247,49.005,123.26
126.12,37.665,46.807,121.77
129.06,37.665,41.58,121.77
128.99,36.315,43.065,121.77
128.93,36.315,44.55,121.77
130.34,36.315,43.065,121.77
130.28,36.382,44.55,120.29
131.69,36.382,43.065,120.29
131.62,34.965,44.55,121.77
131.69,34.965,43.065,121.77
130.28,36.45,44.55,118.8
128.79,37.8,47.52,118.8
130.21,37.8,46.035,118.8
130.21,37.8,46.035,118.8
130.14,36.382,47.52,120.29
131.42,39.285,49.005,115.83
132.84,40.703,47.52,114.34
130.07,40.568,49.005,117.32
131.49,40.635,47.52,115.83
128.66,42.052,50.49,114.35
124.47,37.8,53.46,118.8
123.05,37.8,54.945,118.8
117.52,36.382,57.915,120.29
112.05,35.032,59.4,120.28
106.52,35.032,62.37,120.28
99.63,32.332,65.34,120.28
92.812,31.05,66.825,118.8
90.112,29.7,66.825,118.8
83.295,29.767,68.31,117.32
73.507,27.067,75.735,117.32
70.672,25.717,78.705,117.32
68.04,23.017,77.22,117.32
66.623,18.832,78.705,120.29
65.205,20.317,80.19,117.32
63.72,18.967,83.16,117.32
63.652,17.617,84.645,117.31
72.023,17.617,78.705,117.31
71.955,16.2,80.19,118.8
75.802,16.335,84.645,115.83
72.9,16.402,89.1,114.35
72.765,15.12,92.07,112.86
69.727,13.807,99.495,112.05
65.34,15.255,106.92,109.89
58.252,17.887,114.35,111.38
49.882,30.577,120.29,99.495
44.685,30.577,115.83,99.495
36.382,30.577,120.29,99.495
28.215,54.675,121.77,74.25
22.612,54.608,126.23,75.735
6.75,54.608,148.5,75.735
-3.0375,54.608,155.93,75.735
9.72,55.958,142.56,75.735
0.0675,57.375,147.02,74.25
-6.615,50.22,145.53,83.16
-7.8975,47.318,144.04,87.615
NaN,NaN,NaN,-2
NaN,NaN,NaN,0
NaN,NaN,NaN,0
NaN,NaN,NaN,0
NaN,NaN,NaN,0
NaN,NaN,NaN,-1
113.3,40.808,63.91,106.52
98.978,35.413,74.562,103.47
91.853,35.275,79.127,106.52
76.498,36.658,82.17,106.52
63.702,38.18,89.778,103.47
57.823,38.249,97.387,101.95
45.235,38.18,100.43,103.47
NaN,NaN,NaN,-2
NaN,NaN,NaN,0
NaN,NaN,NaN,0
NaN,NaN,NaN,0
NaN,NaN,NaN,0
NaN,NaN,NaN,-1
140.37,43.979,40.141,112.12
139.11,49.327,40.141,105.2
136.53,51.592,41.525,110.73
119.35,54.486,59.519,102.43
119.23,54.297,62.287,106.58
118.72,59.456,73.361,103.81
115.83,62.98,81.666,109.35
114.45,64.1,84.434,112.13
109.35,65.496,85.818,109.35
101.3,63.294,96.892,102.43
90.537,60.966,112.12,98.276
88.02,63.482,112.12,70.603
99.844,72.606,102.37,35.988
98.402,72.732,105.2,33.22
111.49,49.075,94.123,55.367
116.71,29.067,89.971,80.282
121.87,26.425,87.203,83.05
136.59,20.637,67.824,99.66
150.06,29.256,48.446,103.81
149.62,34.227,58.135,105.2
153.14,47.062,63.672,99.66
152.57,66.864,76.129,77.597
153.16,72.417,76.833,67.824
151.5,85.848,71.977,49.115
149.24,96.262,66.44,41.525
146.78,100.98,65.056,48.446
145.59,105.32,63.672,35.988
150.75,107.78,60.903,65.056
154.71,104.44,56.751,83.05
151,99.22,55.367,87.203
152.76,84.937,44.293,96.892
156.66,68.453,41.525,99.66
149.99,53.479,49.83,96.892
139.07,62.225,48.094,70.593
133.76,61.47,47.062,59.519
121.81,59.456,60.903,48.446
105.76,57.254,81.666,41.525
95.256,53.416,91.355,42.909
97.898,50.774,88.587,45.677
103.06,46.936,85.818,47.062
104.32,46.81,85.818,49.83
113.63,46.81,74.745,49.83
117.47,42.846,73.361,53.982
129.29,49.452,62.287,47.062
129.42,55.703,59.519,49.741
145.21,62.287,44.293,41.525
147.73,61.029,44.293,41.525
154.21,61.344,40.141,34.604
162.76,65.37,33.823,29.067
161.88,64.175,37.372,27.683
158.05,70.907,38.757,17.994
162.2,73.298,30.452,20.763
162.2,70.592,30.452,24.915
161.55,61.658,23.225,27.683
171.45,66.88,20.763,23.531
173.78,62.791,24.915,30.452
178.68,62.225,27.683,42.909
173.46,67.132,31.836,45.677
173.59,65.874,29.067,45.678
172.14,64.615,33.22,45.677
172.14,63.42,33.22,44.293
172.01,63.515,35.988,42.201
171.83,62.225,40.141,42.909
169.12,61.029,44.293,41.525
170.5,58.512,41.525,41.525
170.63,55.681,38.757,48.446
172.01,54.549,35.988,45.678
173.34,54.549,34.604,45.678
176.04,51.78,30.452,51.214
178.62,51.78,29.067,51.214
178.62,51.717,29.067,52.598
181.45,54.234,22.147,52.598
181.51,54.234,20.763,52.598
181.51,54.234,20.763,52.598
178.81,52.85,24.915,55.367
177.61,51.529,23.531,56.751
176.36,50.207,23.531,58.135
175.16,46.181,22.147,63.672
173.84,52.787,23.531,56.751
172.52,52.787,24.915,56.751
