NaN,NaN,NaN,-1
135,14,33,131
133,12,33,131
133,11,33,131
133,11,33,131
133,11,33,131
132,12,33,131
131,12,33,131
131,12,33,131
130,13,33,131
130,13,33,131
130,13,33,131
129,14,33,131
129,15,33,131
128,15,33,131
127,15,33,131
127,16,33,131
127,16,33,131
127,15,33,131
128,14,33,131
128,13,33,131
129,13,33,131
129,13,33,131
129,13,33,131
130,13,33,131
130,13,33,131
131,13,33,131
131,13,33,131
132,14,33,131
132,14,33,131
132,14,33,131
133,15,33,131
133,16,33,131
132,16,33,131
132,17,33,131
132,17,33,131
131,18,33,131
130,18,33,131
130,18,33,131
129,18,33,131
129,18,33,131
128,18,33,131
128,18,33,131
128,18,33,131
128,18,33,131
128,19,33,131
128,19,33,131
128,20,33,131
128,20,33,131
129,21,33,131
129,21,33,131
128,21,33,131
128,21,33,131
128,21,33,131
128,21,33,131
127,21,33,131
127,21,33,131
128,21,33,131
128,21,33,131
129,21,33,131
129,20,33,131
130,20,33,131
130,20,33,131
131,21,33,131
132,21,33,131
132,21,33,131
133,21,33,131
133,21,33,131
133,21,33,131
133,22,33,131
133,22,33,131
133,23,33,131
133,23,33,131
131,23,33,131
130,23,33,131
126,22,33,131
122,21,33,131
120,20,33,131
115,18,33,131
111,17,33,131
109,16,33,131
105,14,33,131
101,12,33,131
101,11,33,131
99,8,33,131
97,6,33,131
97,6,33,131
94,6,33,131
92,6,33,131
92,7,33,131
85,6,33,131
84,5,33,131
84,4,33,131
81,2,33,131
77,1,33,131
75,1,33,131
NaN,NaN,NaN,-2
NaN,NaN,NaN,0
NaN,NaN,NaN,0
NaN,NaN,NaN,0
NaN,NaN,NaN,0
NaN,NaN,NaN,-1
118,29,50,104
116,31,50,104
115,28,50,104
115,30,50,104
120,29,50,104
123,29,50,104
127,27,50,104
129,25,50,104
131,24,50,104
139,25,50,104
135,23,50,104
134,22,50,104
137,21,50,104
137,22,50,104
136,22,50,104
135,22,50,104
142,22,50,104
143,22,50,104
129,23,50,104
129,23,50,104
129,23,50,104
134,24,50,104
137,23,50,104
137,22,50,104
138,22,50,104
137,22,50,104
136,23,50,104
134,25,50,104
134,27,50,104
137,26,50,104
145,26,50,104
145,27,50,104
146,27,50,104
148,27,50,104
150,25,50,104
151,24,50,104
156,22,50,104
156,21,50,104
154,21,50,104
156,20,50,104
156,20,50,104
158,20,50,104
164,26,50,104
157,17,50,104
155,15,50,104
154,17,50,104
162,22,50,104
172,25,50,104
182,27,50,104
187,41,50,104
179,43,50,104
165,46,50,104
151,43,50,104
146,41,50,104
139,38,50,104
134,36,50,104
131,35,50,104
121,35,50,104
110,30,50,104
102,28,50,104
88,26,50,104
80,19,50,104
77,16,50,104
79,19,50,104
84,20,50,104
84,20,50,104
86,20,50,104
89,21,50,104
91,21,50,104
94,21,50,104
NaN,NaN,NaN,-2
NaN,NaN,NaN,0
NaN,NaN,NaN,0
NaN,NaN,NaN,0
NaN,NaN,NaN,0
NaN,NaN,NaN,-1
149,77,67,26
140,75,67,26
135,73,67,26
135,71,67,26
137,69,67,26
140,67,67,26
138,65,67,26
138,65,67,26
139,63,67,26
125,60,67,26
122,60,67,26
123,58,67,26
120,57,67,26
119,56,67,26
117,55,67,26
116,55,67,26
115,54,67,26
114,54,67,26
114,54,67,26
113,54,67,26
113,53,67,26
112,53,67,26
111,53,67,26
109,53,67,26
106,53,67,26
105,53,67,26
102,54,67,26
100,54,67,26
99,54,67,26
