NaN,NaN,NaN,-1
244,45,79,176
242,52,79,176
242,52,79,176
239,50,79,176
236,49,79,176
230,50,79,176
226,49,79,176
225,51,79,176
224,53,79,176
221,54,79,176
220,54,79,176
218,53,79,176
216,54,79,176
209,52,79,176
206,51,79,176
203,50,79,176
199,49,79,176
198,45,79,176
198,43,79,176
198,41,79,176
198,39,79,176
200,34,79,176
201,34,79,176
201,34,79,176
199,39,79,176
199,39,79,176
203,37,79,176
204,43,79,176
205,44,79,176
204,52,79,176
201,57,79,176
199,58,79,176
196,60,79,176
195,62,79,176
195,62,79,176
196,61,79,176
198,60,79,176
204,56,79,176
207,54,79,176
210,51,79,176
213,49,79,176
216,44,79,176
220,41,79,176
222,38,79,176
223,35,79,176
226,30,79,176
228,26,79,176
230,25,79,176
232,23,79,176
237,18,79,176
239,17,79,176
241,15,79,176
243,14,79,176
246,13,79,176
247,12,79,176
248,11,79,176
249,11,79,176
250,11,79,176
250,11,79,176
251,12,79,176
251,12,79,176
250,13,79,176
250,14,79,176
250,14,79,176
251,14,79,176
254,16,79,176
255,17,79,176
256,18,79,176
258,20,79,176
261,25,79,176
263,26,79,176
265,29,79,176
265,30,79,176
268,32,79,176
269,33,79,176
269,33,79,176
268,31,79,176
268,27,79,176
266,23,79,176
264,20,79,176
263,16,79,176
257,7,79,176
254,6,79,176
250,3,79,176
246,1,79,176
238,1,79,176
235,2,79,176
232,3,79,176
230,4,79,176
227,5,79,176
226,5,79,176
226,6,79,176
226,6,79,176
228,7,79,176
228,7,79,176
228,6,79,176
228,5,79,176
228,4,79,176
228,2,79,176
228,2,79,176
228,2,79,176
227,1,79,176
225,2,79,176
224,2,79,176
222,2,79,176
219,4,79,176
218,4,79,176
217,5,79,176
217,7,79,176
218,12,79,176
220,16,79,176
222,18,79,176
225,21,79,176
230,27,79,176
233,28,79,176
234,28,79,176
236,29,79,176
239,31,79,176
240,30,79,176
240,31,79,176
239,29,79,176
239,31,79,176
239,30,79,176
239,27,79,176
239,26,79,176
238,25,79,176
238,25,79,176
237,25,79,176
237,25,79,176
236,24,79,176
234,24,79,176
233,24,79,176
232,24,79,176
230,25,79,176
229,25,79,176
229,26,79,176
229,27,79,176
228,29,79,176
227,30,79,176
227,30,79,176
227,31,79,176
226,32,79,176
226,31,79,176
226,32,79,176
225,33,79,176
224,35,79,176
223,36,79,176
222,36,79,176
221,37,79,176
219,38,79,176
219,39,79,176
218,40,79,176
217,41,79,176
217,42,79,176
215,44,79,176
214,46,79,176
212,46,79,176
212,51,79,176
212,49,79,176
213,47,79,176
213,47,79,176
211,50,79,176
209,50,79,176
208,50,79,176
205,50,79,176
202,47,79,176
199,45,79,176
196,44,79,176
191,43,79,176
183,43,79,176
180,45,79,176
177,45,79,176
175,46,79,176
174,47,79,176
178,47,79,176
181,50,79,176
184,53,79,176
186,56,79,176
190,59,79,176
190,61,79,176
191,63,79,176
190,63,79,176
191,65,79,176
193,65,79,176
197,66,79,176
202,67,79,176
211,69,79,176
216,72,79,176
219,72,79,176
221,70,79,176
221,65,79,176
221,64,79,176
222,63,79,176
222,63,79,176
224,65,79,176
226,66,79,176
226,67,79,176
228,68,79,176
230,71,79,176
231,72,79,176
232,73,79,176
233,73,79,176
235,73,79,176
235,73,79,176
235,74,79,176
236,74,79,176
236,74,79,176
236,74,79,176
236,75,79,176
235,76,79,176
234,77,79,176
235,77,79,176
235,77,79,176
235,78,79,176
237,81,79,176
239,82,79,176
240,83,79,176
241,84,79,176
239,87,79,176
237,89,79,176
232,91,79,176
230,90,79,176
239,92,79,176
244,91,79,176
245,92,79,176
245,92,79,176
246,92,79,176
252,92,79,176
254,92,79,176
255,92,79,176
252,92,79,176
252,92,79,176
248,92,79,176
243,92,79,176
235,92,79,176
238,92,79,176
238,92,79,176
237,92,79,176
237,92,79,176
236,92,79,176
236,92,79,176
240,92,79,176
245,91,79,176
247,92,79,176
248,91,79,176
246,92,79,176
234,87,79,176
233,89,79,176
234,90,79,176
235,91,79,176
237,92,79,176
238,92,79,176
238,91,79,176
241,92,79,176
249,89,79,176
252,90,79,176
254,89,79,176
254,88,79,176
250,86,79,176
242,85,79,176
241,83,79,176
242,82,79,176
249,85,79,176
255,83,79,176
255,81,79,176
257,79,79,176
260,74,79,176
257,71,79,176
260,70,79,176
263,68,79,176
268,65,79,176
269,65,79,176
271,63,79,176
270,59,79,176
264,53,79,176
257,51,79,176
253,49,79,176
248,46,79,176
241,42,79,176
240,40,79,176
238,38,79,176
237,36,79,176
234,33,79,176
233,32,79,176
232,31,79,176
231,30,79,176
230,26,79,176
231,26,79,176
231,24,79,176
231,23,79,176
233,20,79,176
234,18,79,176
234,16,79,176
234,15,79,176
235,13,79,176
234,12,79,176
233,11,79,176
231,10,79,176
227,7,79,176
227,5,79,176
227,4,79,176
229,4,79,176
227,2,79,176
228,3,79,176
228,1,79,176
229,1,79,176
228,1,79,176
228,1,79,176
227,1,79,176
227,1,79,176
224,1,79,176
223,1,79,176
221,1,79,176
219,1,79,176
213,1,79,176
210,1,79,176
208,1,79,176
206,1,79,176
202,1,79,176
202,1,79,176
201,1,79,176
200,1,79,176
198,1,79,176
197,1,79,176
197,1,79,176
197,1,79,176
197,1,79,176
197,1,79,176
197,1,79,176
197,1,79,176
197,1,79,176
197,1,79,176
198,1,79,176
199,1,79,176
200,1,79,176
200,1,79,176
200,1,79,176
199,1,79,176
197,1,79,176
194,1,79,176
192,1,79,176
188,1,79,176
180,2,79,176
176,2,79,176
172,3,79,176
169,3,79,176
162,7,79,176
159,8,79,176
156,9,79,176
153,10,79,176
149,11,79,176
147,13,79,176
145,12,79,176
143,12,79,176
140,13,79,176
139,14,79,176
139,15,79,176
139,15,79,176
138,15,79,176
137,15,79,176
136,16,79,176
136,16,79,176
135,18,79,176
136,19,79,176
138,20,79,176
141,20,79,176
149,21,79,176
153,21,79,176
158,24,79,176
162,27,79,176
176,29,79,176
185,28,79,176
193,27,79,176
201,28,79,176
215,33,79,176
221,36,79,176
223,39,79,176
225,42,79,176
225,46,79,176
221,51,79,176
217,55,79,176
215,59,79,176
211,62,79,176
204,68,79,176
201,70,79,176
197,74,79,176
193,76,79,176
190,84,79,176
187,85,79,176
183,88,79,176
182,89,79,176
170,88,79,176
166,87,79,176
164,90,79,176
162,91,79,176
161,92,79,176
163,92,79,176
163,92,79,176
160,92,79,176
160,92,79,176
156,92,79,176
155,90,79,176
155,87,79,176
151,82,79,176
153,80,79,176
154,77,79,176
154,77,79,176
151,71,79,176
150,69,79,176
146,67,79,176
144,67,79,176
142,66,79,176
143,66,79,176
144,67,79,176
142,68,79,176
125,58,79,176
NaN,NaN,NaN,-2
NaN,NaN,NaN,0
NaN,NaN,NaN,0
NaN,NaN,NaN,0
NaN,NaN,NaN,0
NaN,NaN,NaN,-1
123,94,173,129
113,98,173,129
108,97,173,129
106,96,173,129
105,98,173,129
104,96,173,129
107,96,173,129
108,93,173,129
112,89,173,129
121,88,173,129
126,81,173,129
131,78,173,129
135,71,173,129
143,62,173,129
144,60,173,129
145,55,173,129
148,54,173,129
144,54,173,129
143,50,173,129
142,51,173,129
143,50,173,129
145,49,173,129
143,49,173,129
144,50,173,129
144,53,173,129
143,56,173,129
144,58,173,129
142,58,173,129
145,59,173,129
146,64,173,129
146,61,173,129
147,63,173,129
146,60,173,129
146,55,173,129
145,56,173,129
144,56,173,129
144,57,173,129
143,61,173,129
143,61,173,129
141,64,173,129
140,66,173,129
139,69,173,129
138,71,173,129
139,74,173,129
139,74,173,129
140,78,173,129
139,78,173,129
138,77,173,129
135,75,173,129
133,74,173,129
134,71,173,129
133,72,173,129
133,72,173,129
135,74,173,129
135,74,173,129
136,75,173,129
137,76,173,129
139,78,173,129
138,79,173,129
139,81,173,129
140,83,173,129
142,84,173,129
143,86,173,129
143,87,173,129
144,87,173,129
144,88,173,129
143,88,173,129
141,89,173,129
141,88,173,129
140,93,173,129
137,92,173,129
138,95,173,129
137,97,173,129
135,98,173,129
135,100,173,129
133,100,173,129
131,99,173,129
