NaN,NaN,NaN,-1
245,51,79,176
241,48,79,176
239,48,79,176
237,47,79,176
233,45,79,176
225,46,79,176
225,47,79,176
223,49,79,176
221,50,79,176
218,51,79,176
216,53,79,176
216,53,79,176
213,51,79,176
206,50,79,176
202,50,79,176
199,52,79,176
197,51,79,176
194,51,79,176
193,51,79,176
192,50,79,176
193,49,79,176
196,46,79,176
196,46,79,176
195,49,79,176
195,58,79,176
194,53,79,176
197,55,79,176
199,57,79,176
200,60,79,176
199,64,79,176
196,66,79,176
194,68,79,176
191,69,79,176
188,69,79,176
187,71,79,176
188,70,79,176
191,68,79,176
197,64,79,176
200,61,79,176
203,59,79,176
206,57,79,176
210,55,79,176
212,52,79,176
214,52,79,176
216,50,79,176
219,43,79,176
221,39,79,176
224,37,79,176
226,33,79,176
231,30,79,176
233,29,79,176
235,28,79,176
237,27,79,176
240,26,79,176
242,24,79,176
243,23,79,176
243,25,79,176
245,26,79,176
245,28,79,176
246,28,79,176
246,29,79,176
246,30,79,176
246,30,79,176
247,31,79,176
248,30,79,176
252,32,79,176
254,34,79,176
255,35,79,176
256,36,79,176
259,42,79,176
261,47,79,176
262,49,79,176
263,52,79,176
265,53,79,176
266,53,79,176
267,53,79,176
266,52,79,176
265,47,79,176
265,43,79,176
264,40,79,176
261,36,79,176
256,29,79,176
252,26,79,176
249,23,79,176
245,21,79,176
236,20,79,176
233,22,79,176
230,22,79,176
228,22,79,176
225,23,79,176
224,23,79,176
224,24,79,176
224,25,79,176
224,25,79,176
225,25,79,176
225,24,79,176
225,23,79,176
225,21,79,176
225,20,79,176
224,18,79,176
224,18,79,176
223,18,79,176
221,17,79,176
219,17,79,176
218,18,79,176
216,20,79,176
215,21,79,176
215,22,79,176
214,24,79,176
215,28,79,176
217,30,79,176
219,33,79,176
221,37,79,176
227,41,79,176
230,42,79,176
233,43,79,176
236,44,79,176
238,43,79,176
238,44,79,176
237,42,79,176
236,41,79,176
236,45,79,176
237,43,79,176
237,39,79,176
237,38,79,176
236,38,79,176
236,38,79,176
235,37,79,176
235,39,79,176
232,40,79,176
230,39,79,176
229,38,79,176
228,38,79,176
226,38,79,176
225,38,79,176
225,39,79,176
224,40,79,176
223,42,79,176
222,43,79,176
222,44,79,176
221,44,79,176
220,46,79,176
220,47,79,176
220,47,79,176
220,48,79,176
219,49,79,176
218,50,79,176
218,50,79,176
217,50,79,176
215,50,79,176
215,51,79,176
215,52,79,176
214,53,79,176
212,54,79,176
211,56,79,176
209,59,79,176
209,59,79,176
208,57,79,176
209,58,79,176
210,59,79,176
210,60,79,176
208,62,79,176
207,63,79,176
205,62,79,176
202,62,79,176
199,60,79,176
196,58,79,176
192,56,79,176
188,58,79,176
180,58,79,176
177,57,79,176
174,60,79,176
174,63,79,176
170,59,79,176
172,64,79,176
174,66,79,176
176,69,79,176
178,71,79,176
182,74,79,176
183,76,79,176
184,76,79,176
183,76,79,176
185,79,79,176
188,80,79,176
192,81,79,176
196,81,79,176
206,84,79,176
210,87,79,176
213,86,79,176
215,86,79,176
217,86,79,176
217,87,79,176
216,89,79,176
216,89,79,176
217,92,79,176
219,92,79,176
220,92,79,176
222,92,79,176
224,92,79,176
226,92,79,176
227,92,79,176
228,92,79,176
230,92,79,176
231,91,79,176
231,91,79,176
232,91,79,176
232,91,79,176
232,90,79,176
232,90,79,176
232,90,79,176
232,89,79,176
232,89,79,176
232,89,79,176
234,91,79,176
236,92,79,176
236,92,79,176
237,92,79,176
237,92,79,176
237,92,79,176
234,92,79,176
232,92,79,176
226,92,79,176
222,92,79,176
220,92,79,176
219,92,79,176
216,91,79,176
214,91,79,176
211,91,79,176
210,90,79,176
208,91,79,176
206,92,79,176
206,92,79,176
205,92,79,176
204,92,79,176
201,92,79,176
197,92,79,176
194,92,79,176
192,91,79,176
190,91,79,176
191,92,79,176
194,92,79,176
197,92,79,176
206,92,79,176
209,91,79,176
209,90,79,176
209,90,79,176
211,91,79,176
210,90,79,176
211,90,79,176
213,90,79,176
216,92,79,176
217,92,79,176
217,91,79,176
214,90,79,176
205,88,79,176
204,88,79,176
203,87,79,176
205,86,79,176
212,84,79,176
215,82,79,176
219,80,79,176
224,80,79,176
229,73,79,176
228,71,79,176
229,71,79,176
232,70,79,176
240,66,79,176
242,64,79,176
246,62,79,176
248,59,79,176
248,54,79,176
249,51,79,176
250,50,79,176
251,49,79,176
250,48,79,176
247,47,79,176
243,46,79,176
238,44,79,176
234,40,79,176
233,38,79,176
234,36,79,176
224,36,79,176
220,34,79,176
220,33,79,176
220,32,79,176
218,31,79,176
219,28,79,176
218,27,79,176
219,26,79,176
220,24,79,176
223,21,79,176
225,19,79,176
227,18,79,176
228,17,79,176
229,15,79,176
228,13,79,176
228,12,79,176
225,11,79,176
220,8,79,176
219,7,79,176
221,6,79,176
221,6,79,176
219,7,79,176
219,7,79,176
220,8,79,176
221,7,79,176
221,6,79,176
221,5,79,176
219,3,79,176
219,2,79,176
217,1,79,176
214,1,79,176
213,1,79,176
210,1,79,176
205,1,79,176
203,1,79,176
200,1,79,176
197,1,79,176
195,1,79,176
194,1,79,176
193,1,79,176
192,1,79,176
190,1,79,176
189,1,79,176
189,1,79,176
189,1,79,176
189,1,79,176
189,1,79,176
190,1,79,176
190,1,79,176
192,1,79,176
192,1,79,176
192,1,79,176
193,1,79,176
194,1,79,176
195,1,79,176
195,1,79,176
195,1,79,176
193,1,79,176
190,2,79,176
187,2,79,176
183,2,79,176
176,3,79,176
172,4,79,176
168,4,79,176
165,5,79,176
159,8,79,176
156,8,79,176
153,9,79,176
151,9,79,176
147,9,79,176
144,10,79,176
142,11,79,176
141,11,79,176
138,12,79,176
137,13,79,176
137,14,79,176
137,14,79,176
135,14,79,176
135,15,79,176
134,15,79,176
134,16,79,176
133,19,79,176
133,22,79,176
136,22,79,176
139,24,79,176
146,26,79,176
151,26,79,176
156,26,79,176
161,29,79,176
175,32,79,176
181,31,79,176
189,32,79,176
198,32,79,176
212,36,79,176
216,43,79,176
221,44,79,176
223,47,79,176
224,51,79,176
222,56,79,176
219,60,79,176
216,62,79,176
213,67,79,176
206,72,79,176
202,76,79,176
198,80,79,176
195,82,79,176
191,88,79,176
187,90,79,176
184,91,79,176
183,92,79,176
177,92,79,176
170,92,79,176
168,92,79,176
165,91,79,176
164,92,79,176
167,92,79,176
167,92,79,176
162,92,79,176
162,92,79,176
159,92,79,176
159,91,79,176
158,87,79,176
155,82,79,176
154,83,79,176
158,84,79,176
158,84,79,176
158,89,79,176
156,90,79,176
152,90,79,176
149,90,79,176
148,91,79,176
148,92,79,176
149,92,79,176
146,92,79,176
147,92,79,176
147,92,79,176
147,92,79,176
147,92,79,176
144,92,79,176
141,90,79,176
138,90,79,176
133,89,79,176
121,90,79,176
113,91,79,176
107,92,79,176
101,92,79,176
102,92,79,176
105,92,79,176
110,92,79,176
116,92,79,176
127,90,79,176
133,88,79,176
140,85,79,176
146,81,79,176
154,74,79,176
156,73,79,176
156,68,79,176
158,64,79,176
156,59,79,176
155,59,79,176
156,56,79,176
156,55,79,176
156,54,79,176
156,54,79,176
155,54,79,176
153,57,79,176
152,60,79,176
153,63,79,176
157,63,79,176
161,64,79,176
164,67,79,176
162,66,79,176
162,66,79,176
163,66,79,176
165,67,79,176
165,66,79,176
166,67,79,176
166,69,79,176
167,75,79,176
166,75,79,176
165,77,79,176
164,78,79,176
164,80,79,176
164,81,79,176
163,83,79,176
160,86,79,176
156,87,79,176
157,88,79,176
156,88,79,176
156,90,79,176
157,91,79,176
156,92,79,176
156,92,79,176
157,92,79,176
159,92,79,176
159,92,79,176
162,92,79,176
161,92,79,176
163,92,79,176
163,92,79,176
164,92,79,176
165,92,79,176
168,92,79,176
169,92,79,176
169,92,79,176
168,92,79,176
167,92,79,176
167,92,79,176
167,92,79,176
166,92,79,176
163,92,79,176
162,92,79,176
161,92,79,176
160,92,79,176
158,92,79,176
157,92,79,176
157,92,79,176
157,92,79,176
