NaN,NaN,NaN,-1
139,26,33,129
138,26,33,129
138,26,33,129
138,27,33,129
137,27,33,129
137,28,33,129
136,28,33,129
135,29,33,129
135,29,33,129
134,30,33,129
134,30,33,129
133,31,33,129
133,32,33,129
132,32,33,129
132,32,33,129
131,32,33,129
131,32,33,129
131,31,33,129
132,31,33,129
132,30,33,129
133,30,33,129
133,30,33,129
133,30,33,129
134,30,33,129
135,30,33,129
135,30,33,129
135,30,33,129
136,31,33,129
136,31,33,129
136,31,33,129
137,32,33,129
137,32,33,129
136,33,33,129
136,33,33,129
136,33,33,129
135,34,33,129
134,34,33,129
134,34,33,129
133,34,33,129
132,34,33,129
132,34,33,129
132,34,33,129
132,34,33,129
132,34,33,129
132,35,33,129
132,35,33,129
132,36,33,129
132,36,33,129
133,37,33,129
132,37,33,129
132,37,33,129
132,37,33,129
132,37,33,129
131,37,33,129
131,37,33,129
131,36,33,129
132,36,33,129
132,36,33,129
133,36,33,129
133,35,33,129
134,35,33,129
134,35,33,129
135,35,33,129
135,35,33,129
136,36,33,129
136,36,33,129
136,35,33,129
136,35,33,129
137,35,33,129
137,36,33,129
137,36,33,129
137,37,33,129
135,37,33,129
133,37,33,129
129,36,33,129
124,35,33,129
121,34,33,129
115,32,33,129
108,30,33,129
105,29,33,129
102,27,33,129
99,24,33,129
98,23,33,129
97,20,33,129
97,19,33,129
97,18,33,129
97,16,33,129
110,15,33,129
113,15,33,129
117,14,33,129
122,13,33,129
124,13,33,129
127,12,33,129
135,10,33,129
134,10,33,129
136,9,33,129
142,7,33,129
123,8,33,129
115,8,33,129
121,8,33,129
125,9,33,129
125,9,33,129
124,10,33,129
124,11,33,129
125,12,33,129
131,12,33,129
133,11,33,129
133,11,33,129
136,9,33,129
132,8,33,129
123,7,33,129
143,5,33,129
143,5,33,129
126,2,33,129
125,1,33,129
140,6,33,129
138,5,33,129
135,6,33,129
159,6,33,129
169,1,33,129
133,8,33,129
NaN,NaN,NaN,-2
NaN,NaN,NaN,0
NaN,NaN,NaN,0
NaN,NaN,NaN,0
NaN,NaN,NaN,0
NaN,NaN,NaN,-1
141,49,41,107
139,52,41,107
140,59,41,107
140,61,41,107
138,68,41,107
138,73,41,107
138,73,41,107
138,73,41,107
138,73,41,107
138,73,41,107
138,73,41,107
138,73,41,107
138,73,41,107
138,73,41,107
138,73,41,107
138,73,41,107
138,73,41,107
138,73,41,107
138,73,41,107
138,73,41,107
138,73,41,107
138,73,41,107
138,73,41,107
138,73,41,107
138,73,41,107
138,73,41,107
138,73,41,107
138,73,41,107
138,73,41,107
138,73,41,107
138,73,41,107
138,73,41,107
138,73,41,107
138,73,41,107
138,73,41,107
138,73,41,107
138,73,41,107
138,73,41,107
138,73,41,107
138,73,41,107
138,73,41,107
138,73,41,107
138,73,41,107
138,73,41,107
138,73,41,107
138,73,41,107
138,73,41,107
138,73,41,107
138,73,41,107
138,73,41,107
138,73,41,107
138,73,41,107
138,73,41,107
138,73,41,107
138,73,41,107
138,73,41,107
138,73,41,107
138,73,41,107
138,73,41,107
138,73,41,107
138,73,41,107
138,73,41,107
138,73,41,107
138,73,41,107
138,73,41,107
138,73,41,107
138,73,41,107
138,73,41,107
138,73,41,107
138,73,41,107
138,73,41,107
138,73,41,107
138,73,41,107
138,73,41,107
138,73,41,107
138,73,41,107
138,73,41,107
138,73,41,107
138,73,41,107
