NaN,NaN,NaN,-1
243,48,80,176
240,45,82,179
238,44,82,180
235,42,83,181
231,42,83,181
225,41,82,182
222,42,83,182
219,43,83,182
217,44,83,182
214,46,82,181
212,46,83,181
210,45,86,182
206,45,89,182
201,46,89,180
200,47,85,180
200,47,81,179
195,44,88,184
187,41,101,191
185,40,106,195
184,39,109,197
184,39,110,197
186,40,108,195
188,41,107,193
190,43,105,190
192,44,104,189
195,45,102,187
198,46,101,186
200,47,101,186
200,48,102,186
197,49,106,187
193,49,112,190
189,49,117,193
186,48,122,196
182,45,130,203
181,44,132,204
182,42,134,206
183,41,135,207
189,37,133,206
193,36,130,204
197,35,127,202
200,34,123,200
207,32,117,196
212,32,113,194
215,31,109,192
219,30,106,190
225,28,98,185
229,28,95,182
233,27,91,179
237,26,88,176
244,25,84,173
248,25,82,172
251,25,80,170
253,25,78,169
257,25,77,167
257,25,79,167
257,25,81,167
256,25,84,167
254,26,89,167
253,27,92,167
251,27,95,168
249,28,98,168
245,29,104,170
244,29,107,171
243,29,109,171
242,29,110,172
242,29,114,174
242,29,116,176
242,29,118,179
242,29,121,183
241,27,127,191
241,26,130,195
240,26,133,198
240,25,137,202
239,22,142,209
238,19,145,212
236,17,148,215
234,14,151,218
230,7,156,221
227,3,158,223
225,-2,160,224
222,-6,161,224
217,-14,162,224
214,-16,161,224
212,-17,159,223
210,-18,157,222
206,-16,151,219
205,-15,148,217
205,-13,145,215
205,-11,142,213
206,-7,135,208
208,-5,132,205
211,-3,128,202
213,-0,125,200
217,3,120,196
220,5,117,194
222,6,115,192
224,7,112,190
226,8,110,187
227,9,108,185
228,10,106,184
228,11,105,182
228,13,102,178
227,14,100,176
227,16,99,174
226,17,97,171
225,21,93,165
224,24,91,162
224,25,91,161
224,27,89,160
226,33,88,159
227,37,89,159
228,40,90,160
230,42,92,161
233,46,97,161
234,48,98,161
235,49,100,161
236,49,100,160
237,50,100,159
237,50,100,160
237,50,100,161
237,50,100,161
236,49,103,165
235,49,105,166
235,48,106,166
235,48,107,167
234,47,109,169
234,46,108,170
233,46,107,170
233,45,106,171
232,44,107,173
232,44,106,173
233,44,105,173
233,44,103,172
235,45,98,170
236,46,95,169
237,47,92,168
239,48,89,168
242,51,83,165
243,53,80,165
244,54,78,164
245,55,76,163
245,55,75,165
244,55,75,165
244,55,76,167
244,55,76,167
242,55,77,170
241,55,78,171
240,55,79,172
239,55,80,174
237,55,81,175
236,55,82,176
234,56,82,177
233,56,83,177
231,58,85,178
228,59,86,179
226,60,88,180
224,61,88,180
225,64,86,178
225,65,86,178
224,66,86,179
225,66,85,179
223,66,87,180
220,66,91,182
216,65,94,183
213,64,97,185
211,64,96,184
210,64,94,183
208,65,92,182
205,65,92,181
195,65,95,183
189,65,100,185
185,65,103,186
182,66,105,187
181,69,106,185
182,71,107,185
184,73,106,184
187,76,104,184
192,79,100,181
195,83,98,179
195,84,99,177
195,86,99,176
194,87,100,175
193,90,104,174
194,91,106,174
197,92,107,173
201,93,107,173
209,94,108,173
213,95,108,173
215,95,108,173
217,95,109,174
217,96,112,176
215,95,115,177
213,96,118,177
211,97,121,178
211,100,122,177
212,102,122,176
213,104,122,175
214,106,123,175
216,109,124,174
217,111,124,173
217,112,124,173
218,113,125,172
218,114,126,171
218,115,127,170
218,116,126,169
219,117,125,168
221,118,122,164
221,119,122,164
220,119,123,163
219,120,123,163
220,121,122,161
222,123,121,159
224,124,119,158
226,126,116,156
230,129,113,152
231,130,112,150
232,132,112,148
232,133,111,146
230,135,111,144
230,136,109,141
231,138,106,137
232,140,104,134
231,142,104,132
228,141,109,134
224,140,115,136
220,139,121,138
213,138,128,140
209,137,132,141
207,137,134,142
205,137,135,141
206,138,131,137
207,140,127,132
209,142,122,127
211,145,115,121
213,150,102,110
212,152,97,106
210,153,95,103
208,153,96,103
203,151,102,104
204,151,101,103
209,152,97,100
215,153,93,97
228,156,84,91
234,156,82,89
238,156,81,87
239,155,82,87
242,155,81,85
243,155,80,84
245,155,78,83
248,156,75,82
253,156,73,79
255,157,70,77
257,158,67,76
262,158,65,74
263,158,63,73
267,157,62,73
270,157,62,73
272,155,62,72
271,153,61,73
268,150,62,74
267,148,62,75
269,148,58,76
270,147,56,78
267,143,61,83
267,141,64,88
269,138,68,93
267,137,70,95
275,137,66,93
282,136,63,92
288,136,60,89
288,132,62,89
292,132,59,88
296,131,58,88
300,130,56,88
299,126,60,89
303,126,57,86
306,125,55,83
308,124,54,80
309,123,54,77
308,122,55,76
307,121,55,75
306,120,56,75
305,119,55,72
304,118,54,71
305,117,52,70
305,116,51,69
304,114,49,67
301,112,50,67
299,111,50,66
299,109,49,67
299,108,47,67
300,108,45,66
301,108,42,64
301,107,43,64
301,107,44,65
301,106,44,66
301,105,45,66
302,105,44,65
307,108,38,60
309,109,35,59
311,110,33,59
311,111,31,57
312,112,29,56
311,113,29,57
312,114,29,56
312,115,29,56
311,118,29,55
310,119,29,55
310,121,29,56
308,122,29,56
306,125,29,56
304,127,29,56
301,128,29,56
298,130,29,54
292,133,29,55
288,135,30,56
285,136,30,56
282,138,30,57
277,140,30,57
275,141,30,57
274,141,31,57
272,142,31,57
270,141,31,60
270,141,32,60
270,140,32,60
271,139,32,61
272,138,33,62
273,137,33,64
274,135,34,65
275,135,34,65
277,133,34,66
278,132,35,66
279,131,36,67
280,130,36,68
281,129,38,70
281,128,39,72
282,128,39,73
281,127,40,74
279,126,41,76
277,126,42,76
275,125,43,78
272,124,44,79
264,123,46,81
261,123,47,82
256,123,48,82
252,124,49,83
246,126,50,84
243,127,50,84
240,128,51,84
237,129,51,85
232,130,52,84
229,131,52,84
227,131,53,84
225,132,53,83
219,132,57,86
217,132,57,87
216,132,56,87
215,133,56,86
212,134,57,85
210,134,57,84
208,133,57,84
206,133,57,83
203,132,58,83
202,131,58,83
202,131,59,82
204,132,59,81
206,134,57,78
209,133,57,77
210,133,56,76
214,133,56,76
211,134,61,82
208,146,53,66
201,150,63,56
229,166,27,25
243,170,41,39
264,172,24,31
244,49,79,175
244,49,79,175
244,52,80,173
244,52,81,175
241,55,81,173
238,58,82,173
235,62,82,172
234,62,82,173
232,65,82,172
229,68,81,171
227,72,80,169
222,77,80,169
218,79,81,168
214,80,83,169
212,82,84,169
213,83,85,172
213,84,85,172
213,84,85,173
213,84,86,173
210,84,89,175
210,84,90,177
207,85,91,179
206,86,90,179
205,85,93,183
203,83,95,187
203,81,94,188
204,78,93,190
204,78,92,189
205,77,91,191
207,74,91,195
209,70,93,202
208,69,95,203
207,67,98,209
206,64,98,212
206,62,98,215
205,60,102,221
205,59,105,225
206,58,107,229
208,57,108,232
209,56,110,238
210,55,114,244
210,54,117,249
210,52,121,254
206,50,127,261
203,48,131,264
200,46,133,267
197,45,134,270
192,42,137,275
190,40,138,277
189,39,139,280
188,37,140,282
190,35,139,284
191,33,140,285
194,32,139,286
198,30,139,285
207,25,136,283
211,22,135,281
216,19,131,279
221,15,128,275
227,8,124,275
227,3,127,275
227,-1,128,277
225,-5,130,278
222,-11,135,285
219,-14,139,288
218,-16,141,291
216,-19,144,294
214,-23,149,301
213,-24,151,306
212,-25,153,309
212,-26,154,312
211,-25,156,313
210,-24,157,312
211,-23,157,311
211,-21,155,309
213,-18,153,305
214,-15,149,300
215,-13,146,295
217,-10,141,288
219,-6,137,281
221,-3,131,275
222,0,126,269
222,3,122,263
222,10,114,253
222,13,113,250
220,15,113,248
219,16,113,248
219,19,114,248
219,21,113,247
220,23,112,246
220,25,111,245
221,27,111,244
220,27,111,244
220,28,111,243
219,28,111,242
218,30,109,238
218,31,108,236
217,33,107,234
217,34,107,232
217,37,105,229
217,39,105,227
218,41,104,226
218,43,103,224
220,48,100,220
220,49,100,220
221,51,100,219
222,53,100,218
225,57,99,215
226,59,98,214
227,60,97,213
227,62,96,212
225,62,99,214
223,62,101,215
221,62,103,217
219,63,105,219
216,63,109,222
214,64,111,224
213,65,112,225
211,65,114,227
207,65,120,232
205,65,123,234
203,65,125,236
200,65,128,238
