NaN,NaN,NaN,-1
131.4,54.664,35.742,80.944
131.4,54.664,37.844,81.996
131.4,54.664,36.793,81.996
131.4,54.664,36.793,81.996
131.4,55.715,36.793,80.944
131.4,56.766,36.793,81.996
131.4,57.817,37.844,80.944
130.35,57.817,37.844,81.996
130.35,60.971,36.793,80.944
130.35,62.022,37.844,80.944
129.3,64.105,37.844,82.015
129.3,66.227,37.844,81.996
130.35,69.381,35.742,81.996
132.45,72.535,36.793,81.996
134.56,76.739,38.895,81.996
136.66,81.996,40.998,81.996
140.86,86.2,38.895,81.996
146.12,90.405,38.895,81.996
150.33,94.61,40.998,83.047
157.68,98.815,40.998,79.893
162.94,100.92,42.049,81.996
169.25,105.12,43.1,80.944
180.81,107.22,36.793,80.944
188.17,108.28,38.895,81.996
196.58,109.33,37.844,81.996
203.94,110.38,39.947,81.996
210.68,111.43,42.66,81.341
216.55,110.38,42.049,81.996
220.76,111.43,43.1,81.996
223.91,111.43,42.049,81.996
226.01,112.48,42.049,80.944
227.06,109.33,39.947,82.205
223.91,108.28,36.793,84.098
217.6,108.28,37.844,81.996
211.3,108.28,35.742,81.996
203.94,107.22,35.742,83.047
194.48,108.28,35.742,83.047
182.91,108.28,36.793,83.047
173.45,110.38,35.742,79.893
162.94,110.38,35.742,80.944
152.43,111.43,35.742,79.893
144.02,113.53,35.742,78.842
135.61,112.48,37.844,81.996
127.2,113.53,36.793,80.944
116.69,114.58,38.895,81.996
108.28,115.63,38.895,81.996
101.97,118.79,37.844,78.842
95.661,117.74,37.844,79.893
90.405,117.74,37.844,79.893
89.354,117.74,33.639,79.893
84.098,116.69,32.607,80.944
80.944,115.63,32.588,78.842
79.893,110.38,32.588,80.944
79.893,105.12,31.537,80.944
78.842,100.92,33.639,79.893
79.893,94.61,33.639,80.944
81.996,87.252,34.69,80.944
83.047,79.893,37.844,80.944
86.2,74.637,37.844,78.842
90.405,67.278,36.793,80.944
97.764,63.074,32.588,79.893
101.97,58.869,34.69,80.944
109.33,54.664,32.588,79.893
116.69,52.561,33.639,78.842
125.1,50.459,34.69,79.893
133.51,49.408,34.69,79.893
142.97,49.408,33.639,78.842
149.27,49.408,34.714,79.893
156.63,52.561,33.639,79.893
166.09,54.664,33.639,78.842
174.5,56.766,34.69,81.996
181.86,58.869,34.69,80.944
190.27,60.971,34.69,84.098
198.68,62.022,35.742,85.149
207.09,63.074,34.69,84.098
214.45,64.125,32.588,84.098
219.71,64.125,33.639,85.149
223.91,65.176,33.639,84.098
226.01,65.176,33.639,84.098
223.91,64.125,34.69,83.047
218.65,62.022,34.69,83.047
211.3,59.92,34.69,83.047
202.89,57.817,33.639,83.047
192.37,55.715,34.69,81.996
182.91,51.51,34.69,84.098
172.4,49.408,35.742,84.098
161.89,47.305,35.742,84.098
152.43,45.203,35.742,84.098
145.07,44.151,33.639,84.098
133.51,43.1,35.742,84.098
124.04,44.151,34.69,84.098
113.53,45.203,34.69,84.098
105.12,48.356,33.639,85.149
95.661,51.51,34.69,85.149
87.252,55.715,34.69,83.047
79.893,58.869,35.742,83.047
75.688,60.971,35.742,84.098
74.637,65.176,34.69,84.098
74.637,69.381,35.742,85.149
77.791,75.688,34.69,84.098
79.893,80.944,34.69,84.098
83.047,87.252,35.742,81.996
88.303,92.508,34.69,83.047
93.559,105.12,32.588,74.637
95.661,111.43,32.588,74.637
98.815,117.74,31.537,74.637
101.97,124.04,31.537,72.535
104.07,129.3,31.537,73.586
107.22,134.56,32.588,70.432
109.33,138.76,34.69,70.432
114.58,140.86,33.639,69.381
119.84,140.86,34.69,70.432
124.04,140.86,33.639,68.33
130.35,137.71,34.69,69.381
138.76,147.17,33.639,55.715
145.07,141.92,33.639,57.817
151.38,139.81,35.742,56.766
158.73,134.56,34.69,56.766
165.04,130.35,35.742,58.869
172.4,128.25,34.69,56.766
177.66,125.1,35.742,57.817
183.96,120.89,35.742,57.817
189.22,117.74,35.742,57.817
195.53,113.53,35.742,59.92
200.78,110.38,36.793,58.869
207.09,106.17,34.69,59.92
211.3,104.07,36.793,59.92
215.5,100.92,36.793,59.92
218.65,98.815,37.844,59.92
221.81,93.559,37.844,62.022
223.91,93.559,36.793,59.92
221.81,91.457,37.844,58.869
219.71,90.405,37.844,56.766
215.5,89.354,35.742,54.664
210.25,88.303,35.742,54.664
201.84,87.252,37.844,52.561
194.48,86.2,37.844,51.51
187.12,84.098,35.742,51.51
177.66,83.047,35.742,50.459
168.2,80.944,35.742,50.459
158.73,78.842,35.742,50.459
149.27,77.791,35.742,49.408
139.81,75.688,36.793,52.561
131.4,73.586,35.742,53.612
121.94,71.483,37.844,53.612
113.53,69.381,36.793,54.664
106.17,69.381,36.793,52.561
100.92,69.381,35.742,51.51
94.61,70.432,35.742,52.561
89.354,70.432,36.298,53.612
87.252,72.535,36.793,51.51
86.2,71.483,36.793,53.612
88.303,72.535,36.793,54.664
91.457,75.688,36.793,53.612
95.661,76.739,36.793,53.612
99.866,78.842,37.844,54.664
104.07,84.098,35.742,52.561
106.17,86.2,35.742,53.612
108.28,90.405,36.793,52.561
111.43,94.61,34.69,51.51
113.53,95.661,35.742,52.561
114.58,97.764,35.742,53.612
115.63,98.815,35.742,51.51
117.74,98.815,35.742,51.51
120.89,99.866,33.639,50.459
122.99,98.815,33.639,50.459
126.15,98.815,32.588,49.408
130.35,97.764,32.588,48.356
136.66,95.661,32.588,49.408
141.92,96.713,32.588,47.305
147.17,96.713,32.588,46.317
153.48,95.661,31.537,46.254
159.79,94.61,30.486,45.203
163.99,92.508,30.486,45.203
168.2,92.508,28.383,43.1
171.16,91.285,28.008,43.568
173.23,89.211,28.008,45.643
176.35,91.285,28.008,43.568
179.46,92.323,28.008,43.568
184.65,95.435,26.971,42.531
189.83,95.435,26.971,42.531
195.02,97.509,26.971,42.531
200.21,97.509,26.971,43.568
204.35,99.584,26.971,40.456
208.5,97.509,25.933,42.531
211.62,96.472,25.933,41.493
213.69,95.435,25.933,40.456
215.77,93.36,24.896,40.456
218.88,92.323,21.784,38.381
220.95,92.323,22.821,36.307
224.06,92.323,20.747,38.381
227.18,97.509,20.747,37.344
229.25,103.73,20.747,37.344
231.33,114.11,21.784,37.344
232.36,122.41,21.784,40.456
228.21,126.55,24.896,42.531
229.25,133.82,24.896,43.568
226.14,141.08,25.933,43.568
223.03,144.19,25.933,44.605
219.91,147.3,25.933,43.568
216.8,149.38,24.896,44.605
211.62,151.45,25.933,43.568
205.39,151.45,25.933,43.568
199.17,150.41,25.933,43.568
191.91,148.34,24.896,42.531
181.53,146.26,24.896,43.568
172.2,145.23,23.859,43.568
159.75,143.15,24.896,43.568
149.38,141.08,24.896,43.568
137.97,140.04,24.896,41.404
126.55,136.93,23.859,41.493
116.18,133.82,23.859,41.493
105.64,130.7,24.029,41.493
95.435,128.63,22.821,42.531
85.061,126.55,24.896,42.531
77.8,122.41,24.896,44.605
71.576,119.29,23.859,45.643
66.389,118.26,24.896,41.493
64.315,114.11,24.896,41.493
64.315,119.29,24.896,32.157
67.427,107.88,28.008,36.307
71.576,99.584,29.045,41.493
77.8,91.285,28.008,42.531
85.061,84.024,26.971,41.493
90.248,76.763,28.008,40.456
95.435,68.464,28.008,41.493
100.42,59.844,28.4,42.601
106.5,53.758,26.372,40.572
108.53,44.629,27.386,42.601
113.6,39.508,25.358,41.636
117.66,34.486,24.281,41.586
122.73,29.415,24.343,42.601
126.79,29.415,25.358,41.586
131.86,30.429,26.372,41.586
137.95,33.472,27.386,42.601
144.03,38.543,27.386,42.601
149.1,43.615,25.358,43.615
155.19,59.844,25.358,33.472
161.27,67.958,26.372,31.443
168.37,72.015,25.358,33.472
175.47,78.101,25.358,33.472
182.57,82.158,26.372,35.501
191.7,87.23,27.386,35.501
199.82,91.287,28.4,36.515
209.96,97.373,27.386,35.501
218.07,100.42,28.4,36.515
226.19,104.47,28.4,36.515
233.29,108.53,28.4,37.529
240.39,112.59,28.4,37.529
246.48,118.67,27.386,35.501
252.65,121.72,27.299,37.529
256.62,126.79,27.386,36.515
260.68,127.8,27.386,38.543
262.7,132.87,27.386,35.501
260.68,133.89,27.386,36.515
257.63,135.92,26.372,35.501
252.56,135.92,27.386,36.515
245.46,135.92,27.386,36.515
236.33,135.92,27.386,36.515
227.2,135.92,26.372,36.515
219.09,136.93,26.372,35.501
208.95,137.95,26.372,34.486
199.82,138.96,25.428,34.486
185.62,139.97,29.415,34.486
176.49,140.99,29.415,34.486
167.36,140.99,28.4,35.501
157.22,142,29.415,35.501
148.09,143.02,28.4,34.486
137.95,143.02,28.4,34.486
125.77,142,32.458,35.501
121.71,140.99,27.39,35.501
113.6,139.97,28.4,34.486
105.49,138.96,28.4,34.486
100.42,136.93,26.372,35.501
93.316,134.9,27.386,35.501
88.244,132.87,28.4,35.501
84.187,128.82,27.386,36.515
80.348,124.99,28.767,35.71
77.372,118.04,26.783,37.694
73.404,112.09,28.767,38.686
71.42,107.13,26.783,38.686
69.437,103.16,27.775,36.702
68.445,97.211,26.783,36.702
67.453,89.276,26.783,38.686
66.461,83.324,28.767,36.702
67.453,76.38,27.775,38.686
68.445,68.445,26.783,39.678
68.445,63.485,27.775,37.694
69.437,58.525,26.783,37.694
69.437,53.565,26.783,37.694
67.453,50.589,26.783,37.694
65.469,48.606,26.783,37.694
64.477,50.589,26.783,34.718
62.493,53.565,27.775,34.718
60.509,58.525,26.783,34.718
57.533,63.485,26.783,33.726
55.549,67.453,26.783,33.726
54.557,71.42,25.791,33.726
53.565,74.396,25.791,33.726
53.565,76.38,25.791,33.726
54.557,78.364,27.775,33.726
57.533,80.348,26.783,32.734
59.517,83.324,27.775,31.742
63.485,87.292,26.783,32.734
67.453,92.251,26.783,32.734
70.428,99.195,26.783,32.734
74.396,105.15,25.791,32.734
80.348,112.09,27.775,32.734
86.3,119.03,26.783,31.742
93.243,123.99,27.775,31.762
101.18,129.95,27.775,30.75
110.11,131.93,28.767,31.742
121.02,133.91,33.726,32.734
132.92,135.9,39.678,32.734
143.83,135.9,39.678,33.726
152.76,134.91,30.75,32.734
165.66,129.95,27.775,35.71
175.58,128.95,28.767,32.734
183.51,123,29.759,33.726
190.45,119.03,29.759,33.726
196.41,117.05,28.767,32.734
199.38,115.07,30.75,32.734
203.35,111.1,29.759,34.718
202.36,110.12,30.75,33.714
201.37,107.13,29.759,34.718
194.42,104.15,31.876,34.718
189.46,101.18,31.742,33.726
181.53,97.211,34.718,33.726
173.59,93.243,36.702,31.742
168.63,90.267,34.718,34.718
162.68,86.3,34.718,34.718
156.73,84.316,34.718,32.734
149.78,82.332,35.71,34.718
143.83,82.332,33.726,34.718
136.89,83.324,33.726,34.718
129.95,84.316,33.726,32.734
124.99,88.284,31.742,35.71
118.04,95.227,32.734,34.718
114.07,101.18,32.734,36.702
109.11,107.13,33.726,36.702
109.11,112.09,32.734,36.702
110.11,116.06,31.742,37.694
113.08,120.03,32.734,36.702
119.03,122.01,31.742,36.702
126.97,123,31.742,36.702
135.9,122.01,30.75,38.686
141.85,123.99,34.718,36.702
154.74,123,31.742,37.221
163.67,122.01,32.734,37.694
173.59,122.01,31.742,37.694
182.52,122.01,32.734,37.694
189.46,123,32.734,37.694
196.41,124.99,32.734,37.694
202.36,126.97,32.734,37.694
206.33,123.99,32.734,42.654
209.3,126.97,31.742,43.646
210.29,130.94,32.734,42.654
205.33,135.9,35.71,41.662
203.35,139.86,34.718,41.662
198.39,143.83,33.726,41.662
189.46,145.82,35.71,42.654
185.49,145.82,32.734,43.646
178.55,147.8,32.734,42.654
171.61,147.8,32.734,42.654
163.67,148.79,32.734,41.662
153.75,145.82,33.726,42.654
144.82,142.84,31.742,43.646
134.91,139.86,32.734,43.646
125.98,135.9,32.734,43.646
117.05,131.93,30.75,42.654
107.13,128.95,31.742,40.67
96.219,123.99,32.734,39.678
86.3,117.05,34.718,40.67
79.356,110.11,33.726,40.67
72.412,104.15,33.726,40.67
66.461,98.203,34.718,39.678
62.493,91.259,34.718,39.678
61.501,81.34,33.726,43.646
62.493,74.396,34.718,43.646
67.453,68.445,32.734,44.638
72.412,62.493,31.742,45.63
76.38,57.533,33.726,45.63
82.332,53.565,32.734,45.63
89.276,48.606,30.75,46.622
94.235,45.63,31.742,46.622
99.195,42.654,29.759,47.614
103.16,41.662,30.75,46.622
107.13,42.654,30.75,45.63
111.1,41.662,30.75,47.614
115.07,44.638,30.75,46.622
118.04,46.622,30.75,48.606
123,51.581,30.75,48.606
125.98,54.557,31.742,49.598
130.94,56.541,30.75,52.573
133.91,64.477,30.75,48.606
135.9,67.453,32.734,49.598
140.86,71.42,30.75,48.606
142.84,73.404,31.742,48.606
144.82,73.404,33.726,50.589
147.8,75.388,32.734,49.598
151.77,76.38,31.742,50.589
153.75,75.388,31.742,52.573
155.74,78.364,30.75,50.589
