NaN,NaN,NaN,-1
131.4,54.664,35.742,80.944
130.35,54.664,37.844,80.944
130.35,54.664,36.793,81.996
130.35,54.664,36.793,81.996
130.35,55.715,36.793,81.996
130.35,56.766,36.793,81.996
130.35,57.817,35.742,81.996
129.3,58.869,37.844,80.944
129.3,60.971,37.844,80.944
129.3,62.022,38.895,80.944
129.3,63.074,37.844,83.047
130.35,66.227,36.793,81.996
130.35,68.33,35.742,83.047
132.45,72.535,36.793,80.944
134.56,76.739,38.895,66.227
136.66,81.996,38.895,66.227
140.86,85.149,36.793,68.33
146.12,89.354,37.844,68.33
150.33,93.559,37.844,71.483
157.68,98.815,38.895,69.381
165.04,101.97,36.793,69.381
172.4,105.12,37.844,69.381
180.81,107.22,36.793,70.432
188.17,108.28,38.895,71.483
196.58,110.38,37.844,73.586
203.94,110.38,36.793,76.739
210.25,111.43,43.1,76.739
216.55,110.38,42.049,78.842
220.76,111.43,43.1,78.842
224.96,110.38,40.998,80.944
227.06,111.43,40.998,78.842
227.06,109.33,42.049,80.944
223.91,109.33,40.998,80.944
218.65,108.28,39.947,81.996
212.35,108.28,39.947,80.944
203.94,107.22,38.895,81.996
195.53,108.28,38.895,80.944
183.96,108.28,38.895,80.944
173.45,109.33,38.895,79.893
163.99,109.33,36.793,80.944
153.48,110.38,36.793,79.893
146.12,111.43,33.639,79.893
137.71,112.48,36.793,79.893
130.35,113.53,34.69,79.893
118.79,114.58,35.742,79.893
110.38,115.63,35.742,79.893
103.02,118.79,34.69,77.791
96.713,117.74,35.742,78.842
91.457,117.74,35.742,79.893
86.2,118.79,34.69,78.842
81.996,117.74,34.69,79.893
77.791,114.58,35.742,80.944
76.739,110.38,36.793,79.893
76.739,105.12,35.742,80.944
77.791,100.92,35.742,79.893
79.893,94.61,34.69,79.893
83.047,88.303,34.69,78.842
86.2,80.944,34.69,78.842
89.354,74.637,34.69,77.791
94.61,68.33,33.639,76.739
96.713,63.074,35.742,76.739
100.92,58.869,34.69,76.739
109.33,54.664,34.69,77.791
116.69,52.561,33.639,77.791
124.04,49.408,35.742,80.944
132.45,49.408,34.69,78.842
140.86,49.408,36.793,79.893
150.23,50.459,35.833,77.791
156.63,52.561,36.793,78.842
166.09,54.664,37.844,78.842
173.45,55.715,36.793,80.944
180.81,58.869,38.895,79.893
190.27,60.971,37.844,78.842
199.73,62.022,37.844,78.842
206.04,63.074,38.895,79.893
212.35,64.125,37.844,78.842
217.6,64.125,38.895,79.893
221.81,65.176,37.844,78.842
223.91,65.176,37.844,78.842
221.81,64.125,39.947,78.842
217.6,62.022,38.895,79.893
210.25,59.92,39.947,79.893
201.84,57.817,38.895,78.842
192.37,54.664,38.895,78.842
181.86,51.51,37.844,79.893
172.4,49.408,36.793,79.893
163.99,47.305,34.69,79.893
153.48,45.203,35.742,79.893
145.07,44.151,34.69,79.893
134.56,44.151,34.69,78.842
124.04,44.151,35.742,79.893
114.58,45.203,34.69,80.944
105.12,71.483,34.69,60.971
95.661,75.688,34.69,59.92
88.303,78.842,34.69,58.869
80.944,79.893,34.69,62.022
76.739,88.337,34.69,56.732
74.637,92.508,35.742,55.715
75.688,96.713,34.69,56.766
77.791,101.97,34.69,57.817
80.944,106.17,33.639,58.869
84.098,112.48,34.69,56.766
88.303,114.58,35.742,59.92
92.508,113.53,33.639,66.227
94.61,118.79,33.639,66.227
96.713,125.1,35.742,66.227
98.815,130.35,35.742,66.227
101.97,135.61,34.69,67.278
106.14,139.81,32.621,66.227
110.38,142.97,32.588,66.227
114.58,145.07,33.639,67.278
120.89,146.12,31.537,66.227
126.15,144.02,31.537,67.278
133.51,142.97,31.537,65.176
141.92,141.92,31.537,60.971
147.17,135.61,32.588,64.125
153.48,133.51,32.588,63.073
160.84,130.35,32.588,63.074
168.2,124.04,33.639,64.125
175.55,120.89,32.588,66.227
181.86,120.89,31.434,63.074
188.17,116.69,30.486,64.125
193.43,113.53,31.537,63.074
197.63,112.48,32.588,62.022
204.99,109.33,31.537,64.125
210.25,108.28,30.486,60.971
215.5,105.12,30.486,59.92
219.71,104.07,30.486,58.869
224.96,99.866,29.434,59.92
226.01,97.764,31.537,60.971
228.12,95.661,30.486,59.92
226.01,91.457,31.537,60.971
222.86,86.2,32.588,63.074
218.65,85.149,32.588,60.971
212.35,80.944,32.588,63.074
206.04,76.739,32.588,63.073
197.63,74.637,32.588,64.125
189.22,72.535,32.588,64.125
179.76,70.432,32.588,63.074
170.3,71.483,32.588,60.971
160.84,70.432,32.588,59.92
151.38,69.381,33.639,59.92
141.92,67.278,33.639,59.92
132.45,65.176,35.742,60.971
124.04,64.125,35.742,60.971
115.63,62.022,34.69,62.022
108.28,60.971,35.742,63.074
100.92,60.971,35.742,62.022
95.661,60.971,34.69,62.022
90.405,63.074,34.69,60.971
87.252,62.022,34.69,60.971
86.2,63.074,34.69,59.92
88.303,65.176,35.742,59.92
91.457,67.278,34.69,60.971
95.661,67.278,34.69,62.022
99.866,72.535,34.69,58.869
103.02,76.739,34.69,58.869
105.12,83.047,35.742,56.766
108.28,83.047,34.69,59.92
110.38,85.149,34.69,60.971
112.48,86.2,34.69,62.022
114.58,88.303,33.639,60.971
115.63,90.405,33.639,59.92
118.79,90.405,32.588,58.869
120.89,89.354,32.588,59.92
122.99,88.303,32.588,60.971
127.2,87.252,30.486,58.869
130.35,86.2,31.537,58.869
137.71,84.098,29.434,59.92
144.08,83.047,29.373,60.971
147.17,83.047,31.537,60.971
153.48,84.098,29.434,57.817
158.73,81.996,30.486,58.869
162.94,79.893,30.486,57.817
166.09,79.893,29.434,55.453
168.2,78.842,30.486,56.766
171.35,77.791,29.434,56.766
174.5,77.791,29.434,57.817
177.66,78.842,29.434,56.766
182.91,81.996,28.383,55.715
187.12,81.996,29.434,56.766
193.43,85.149,28.383,53.612
200.78,86.2,26.281,53.612
203.94,84.098,27.332,55.715
209.19,84.098,25.229,53.549
211.3,84.098,26.281,51.51
213.4,81.996,26.281,52.561
215.5,80.944,26.281,51.51
216.55,79.893,26.281,50.459
218.65,79.893,26.281,48.356
222,81.954,25.935,46.682
224.08,87.141,25.935,46.682
227.19,94.402,24.897,45.645
229.26,104.78,25.935,45.645
230.3,116.19,24.897,45.645
230.3,122.41,23.798,47.72
231.34,130.71,23.86,46.682
228.23,139.01,23.86,44.608
225.11,141.08,22.823,48.757
222,143.16,22.823,48.757
218.89,144.2,22.823,47.72
214.74,146.27,22.823,47.72
209.55,146.27,21.785,46.682
202.29,145.23,22.823,46.682
195.03,143.16,22.823,46.682
184.66,140.05,22.823,47.72
174.28,139.01,22.823,47.72
162.87,137.97,22.823,46.682
153.53,135.9,21.785,48.757
141.08,134.86,22.823,47.72
128.64,130.71,23.86,48.757
118.26,128.64,22.823,46.682
107.89,126.56,22.823,45.645
95.44,124.49,24.897,47.72
86.103,121.37,24.897,48.757
78.842,119.3,24.897,49.795
72.617,118.26,24.897,48.757
67.43,115.15,25.935,48.757
65.355,111,24.897,48.757
65.355,106.85,24.897,47.72
68.468,99.589,24.897,48.757
72.617,92.328,24.897,48.757
78.842,85.066,24.897,48.757
85.066,76.767,24.897,47.72
91.29,69.505,24.897,47.72
97.515,62.243,23.86,46.682
101.66,53.944,24.897,47.72
104.78,45.645,25.935,47.275
107.89,39.421,26.972,46.682
112.04,32.159,25.935,47.72
117.22,25.935,24.897,48.757
121.37,23.86,23.86,47.72
126.56,21.785,24.897,48.757
130.71,23.86,26.972,48.757
136.94,28.009,25.935,47.72
143.16,46.682,24.897,35.271
148.35,52.907,24.897,35.271
154.57,59.131,25.935,34.234
160.8,65.355,25.935,33.196
167.02,71.58,26.972,34.234
174.28,76.767,25.935,33.196
181.24,84.511,28.51,31.564
190.4,89.602,28.51,31.564
198.55,93.675,28.51,32.582
207.71,98.766,29.528,32.582
216.88,102.84,28.51,32.582
224,106.91,30.546,32.582
231.13,112,29.528,31.564
238.26,116.08,29.528,32.582
243.35,120.15,30.546,32.582
248.44,124.22,31.564,32.582
253.53,128.29,31.564,32.582
256.59,131.35,31.564,32.582
258.62,134.4,32.582,32.582
257.61,136.44,31.564,32.582
254.55,137.46,29.528,32.582
249.46,138.48,29.528,32.582
242.33,138.48,29.528,32.582
231.13,139.49,31.564,31.564
221.97,139.49,31.564,31.564
212.8,139.49,31.564,31.564
203.64,138.48,31.564,30.546
194.48,140.51,31.564,30.546
184.29,140.51,31.564,31.564
175.13,141.53,31.564,31.564
165.97,142.55,31.564,31.564
155.78,142.55,31.564,31.564
147.65,143.57,29.515,31.564
137.46,143.57,30.073,31.564
129.31,142.55,30.546,31.564
121.17,138.48,29.528,34.619
113.02,138.48,30.546,33.601
106.91,139.49,29.528,31.564
98.766,137.46,30.546,32.582
93.675,136.44,29.528,30.546
88.584,131.35,29.528,33.601
84.511,128.29,29.528,35.637
80.438,124.22,30.546,34.619
76.365,119.13,30.546,34.619
73.311,113.02,30.546,34.619
71.274,108.95,30.546,33.601
69.238,97.747,30.546,40.728
67.201,90.62,30.546,41.746
66.183,84.511,30.546,42.764
66.183,78.402,30.546,42.764
67.201,70.256,29.528,43.783
68.22,64.147,29.528,43.783
68.22,57.019,29.528,43.783
70.256,50.91,27.491,43.783
68.22,45.819,28.51,44.801
67.201,41.746,27.491,45.819
65.165,40.728,27.491,43.783
65.079,50.061,26.032,35.043
63.077,53.065,26.032,34.041
59.072,58.071,26.032,34.041
57.069,63.077,26.032,35.043
55.067,67.082,27.033,34.041
54.066,72.088,26.032,33.04
53.065,74.09,26.032,34.041
53.065,78.095,26.032,32.039
54.066,79.096,25.587,33.04
58.071,80.097,25.03,33.04
61.074,82.1,24.029,34.041
65.079,86.105,24.029,34.041
69.084,91.111,23.028,34.041
72.088,98.119,24.029,33.04
76.093,105.13,25.03,33.04
82.1,112.14,26.032,33.04
88.107,117.14,26.032,34.041
95.116,124.15,27.033,32.039
101.12,127.15,27.033,35.043
111.14,135.16,28.034,30.037
121.15,136.17,28.034,32.039
132.16,134.16,30.037,35.043
143.17,134.16,30.037,36.044
153.19,133.16,31.038,36.044
164.2,131.16,32.039,36.044
174.21,127.15,32.039,36.044
183.22,122.15,35.043,37.045
189.23,115.14,39.048,40.049
194.24,113.14,39.048,40.049
198.24,110.13,40.049,41.05
201.24,107.13,40.049,42.051
201.24,105.13,41.05,42.051
200.24,103.13,39.048,41.05
197.24,99.121,39.048,42.051
193.24,95.116,38.046,43.052
187.23,92.112,40.049,42.051
181.22,88.107,40.049,43.052
174.21,84.102,40.049,41.05
168.2,78.095,41.05,46.056
162.2,77.094,40.049,44.054
156.19,76.093,40.049,43.052
149.18,76.093,40.049,43.052
141.17,76.093,40.049,44.054
134.16,78.095,41.05,44.054
128.16,82.1,41.05,44.054
122.15,90.11,41.05,42.051
117.14,95.116,41.05,43.052
114.14,100.12,40.049,44.054
112.14,106.13,40.049,43.052
113.14,110.13,40.049,43.052
116.14,116.14,40.049,40.049
122.15,120.15,39.048,38.046
130.16,121.22,39.048,38.978
138.17,122.15,39.048,38.046
147.18,122.15,39.048,39.048
157.63,122.15,38.606,39.048
167.2,121.15,39.048,39.048
176.21,120.15,39.048,40.049
184.22,120.15,39.048,40.049
191.8,121.61,40.535,39.546
198.72,123.58,40.535,39.546
204.65,125.56,38.097,39.546
207.62,127.54,39.546,39.546
211.57,131.99,39.546,38.064
213.55,135.45,38.558,39.546
212.56,136.44,38.558,42.512
208.61,140.39,38.558,42.512
202.68,144.34,38.558,42.512
195.75,145.33,37.569,43.501
189.82,147.31,38.558,42.512
182.9,148.3,37.569,42.512
175.98,147.31,38.558,43.501
168.07,148.3,37.569,41.524
158.19,147.31,38.558,41.524
148.3,144.34,39.546,42.512
139.4,141.38,38.558,42.512
130.5,137.42,38.558,41.524
120.62,133.47,30.649,40.535
110.73,129.51,29.66,39.546
100.84,125.56,30.649,37.569
90.957,118.64,32.626,38.558
84.036,112.71,31.637,37.569
77.116,105.79,31.637,38.558
72.172,98.866,31.637,38.558
68.218,91.946,31.637,38.558
66.24,83.048,31.637,41.524
68.218,75.138,30.649,43.501
71.184,70.195,31.637,42.512
76.127,65.252,30.649,43.501
81.07,61.297,31.637,42.512
87.002,56.354,30.649,42.512
91.946,51.41,31.637,44.49
97.877,48.444,30.649,44.49
101.83,45.478,33.614,44.49
106.78,43.501,31.637,44.49
109.74,47.456,33.614,40.535
113.7,49.433,33.614,40.535
117.65,52.399,33.614,40.535
121.61,56.354,30.649,40.535
125.56,60.308,29.66,40.535
129.51,65.252,28.671,39.969
133.47,69.206,28.671,39.546
137.42,73.161,27.683,40.535
140.39,77.116,27.683,40.535
143.36,79.093,28.801,40.535
146.32,79.093,28.671,42.512
150.28,82.059,27.683,41.524
153.24,84.036,28.671,40.535
155.22,85.025,28.671,40.535
156.21,86.014,28.671,41.524
157.2,87.002,29.66,41.524
