NaN,NaN,NaN,-1
138.35,25.801,33.704,129.57
137.94,25.943,33.915,129.32
137.47,25.963,34.044,129.89
137.47,26.697,33.96,130.06
136.22,26.577,34.553,130.33
136.05,27.884,34.645,130.03
134.75,28.053,34.994,129.78
134.79,28.4,35.169,129.35
133.97,29.337,35.456,129.78
133.44,29.586,35.468,129.77
133.72,29.879,34.83,129.27
132.94,31.007,34.869,128.72
131.71,31.38,37.216,130.94
130.41,31.506,37.232,130.26
131.84,31.959,33.016,128.93
131.57,32.027,33.851,130.03
131.19,32.032,34.51,129.28
131.27,31.134,34.607,129.68
131.72,29.756,34.319,129.98
131.58,29.434,34.183,131.28
132.65,28.374,34.194,130.69
133.62,29.242,34.512,130.08
133.13,27.961,35.667,131.92
133.55,28.963,35.079,131.23
134.1,29.187,36.144,131.23
134.15,29.314,36.361,131.27
133.7,29.484,36.665,131.13
134.57,29.757,36.952,131.13
134.51,29.746,36.994,131.1
134.75,30.244,36.794,130.8
134.75,30.645,37.119,130.99
135.01,30.972,36.814,131.02
136.15,32.453,33.649,129.4
135.76,32.825,33.465,129.11
134.93,33.168,34.84,128.63
134.52,34.058,34.43,128.59
133.34,34.122,34.673,128.68
133.88,34.497,33.183,128.25
132.92,34.693,33.768,127.7
131.9,34.773,34.205,127.56
131.97,34.96,34.096,127.48
131.19,33.727,35.737,128.9
130.82,33.439,36.349,129.46
130.62,33.388,36.684,129.66
131.3,34.336,36.1,129.38
130.98,35.41,36.682,128.84
131.17,35.54,36.44,128.65
130.77,35.371,37.49,129.94
130.49,35.988,37.956,129.56
130.08,35.643,38.798,129.92
132.35,36.93,32.755,127.92
131.49,37.948,33.794,127.01
131.21,36.79,34.709,128.39
130.74,36.682,35.695,128.97
131.2,37.129,34.722,128.58
131.39,37.457,34.37,127.26
131.71,37.422,34.475,127
131.17,36.782,36.432,127.68
130.78,36.744,36.623,127.74
131.37,35.702,37.616,127.68
132.39,36.108,37.435,126.24
132.22,35.938,37.84,126.36
134.45,36.259,35.989,126.59
134.62,37.683,35.888,126.48
132.57,36.371,39.648,127.92
132.58,36.418,39.195,127.89
132.81,36.254,39.175,128.2
132.62,35.924,39.659,128.7
132.91,36.394,39.971,128.21
131.84,36.917,42.264,128.16
126.82,38.444,50.332,131.68
124.59,39.421,54.205,134.8
121.52,39.515,56.614,135.67
119.31,39.853,58.243,135.14
115.12,38.206,59.784,136.38
108.4,38.581,63.246,136.56
107.53,37.985,61.166,135.16
100.82,36.235,64.171,135.86
94.241,35.143,65.757,134.65
92.483,34.257,65.347,133.86
84.767,32.477,69.23,133.81
79.39,34.306,72.892,127.83
83.392,36.211,64.908,124.14
74.402,35.832,69.308,119.4
78.708,34.636,63.585,116.09
78.266,35.129,63.649,114.93
78.819,20.814,72.15,114.11
80.916,33.93,72.322,108.2
81.066,34.19,74.92,108.5
69.222,45.138,89.544,99.979
66.393,50.843,92.391,95.036
64.035,51.942,95.099,94.017
85.694,42.091,81.474,95.18
96.874,37.091,78.91,96.435
100.41,36.034,76.843,97.295
105.24,34.48,73.525,96.904
107.21,29.667,67.173,95.945
109.5,31.599,60.371,95.043
112.96,32.207,52.445,93.256
112.02,42.512,55.931,95.156
111.37,42.064,57.28,94.132
105.7,40.144,64.376,82.919
105.31,40.142,63.801,84.532
106.29,42.586,61.314,82.58
108.65,46.546,62.63,76.468
110.01,49.888,60.398,75.528
109.27,49.744,62.506,75.961
112.87,57.277,61.972,71.12
114.72,53.947,64.517,72.896
113.8,54.528,59.267,76.027
116.98,58.605,51.236,76.276
125.26,63.922,38.452,77.137
134.51,67.362,23.764,75.233
129.35,60.712,31.026,76.688
136.24,64.885,20.839,76.531
134.14,63.745,25.049,76.773
127.55,63.297,38.692,77.118
126.25,63.956,43.123,78.549
126.95,66.474,40.246,79.482
129.75,58.209,42.485,85.315
126.52,51.869,51.788,79.867
127.67,52.287,50.47,80.784
131.71,53.732,47.719,77.763
136.77,48.506,44.684,79.982
137.73,46.459,46.147,80.922
136.06,47.226,48.03,79.032
135.49,49.437,47.136,76.744
133.9,51.748,46.48,74.029
133.48,55.12,44.162,72.022
138.77,60.752,37.105,70.217
141.02,63.826,34.182,69.585
141.54,67.761,31.929,73.053
144.96,73.318,26.673,75.73
147.43,73.872,23.97,82.132
141.7,72.543,35.154,87.422
131.49,75.041,42.126,83.844
125.88,72.312,51.136,80.026
114.8,68.324,66.525,71.712
111.7,75.399,78.133,57.747
112.07,77.217,77.609,54.767
113.4,74.151,78.382,56.72
112.23,77.525,77.799,41.152
110.12,77.852,75.818,40.326
105.62,76.862,77.956,41.845
103.88,78.112,76.749,41.629
97.505,75.49,92.564,50.486
85.385,73.7,100.67,57.075
84.731,80.985,86.049,45.072
78.509,80.66,93.774,47.618
78.833,82.273,81.093,46.429
73.285,80.974,83.031,47.736
NaN,NaN,NaN,-2
NaN,NaN,NaN,0
NaN,NaN,NaN,0
NaN,NaN,NaN,0
NaN,NaN,NaN,0
NaN,NaN,NaN,-1
150.61,86.07,54.564,89.873
135.09,77.735,64.843,90.27
118.27,79.634,69.152,87.088
115.97,83.456,62.586,85.638
107.11,77.371,58.475,84.12
110.11,75.442,56.789,82.065
110.78,73.482,57,82.072
110.72,73.213,51.45,76.069
111.69,75.667,47.713,69.954
114.4,75.215,49.502,70.421
108.44,68.599,67.896,99.863
106.47,59.813,87.432,143.42
109.57,60.487,86.494,142.24
119.9,62.682,77.712,134.43
119.47,62.313,75.162,132.02
126.1,68.353,68.834,120.53
118.03,64.768,72.913,127.38
115.84,52.227,88.165,151.95
107.27,50.03,84.232,152.26
125.56,46.554,88.177,156.89
101.14,43.084,152.66,182.37
95.503,40.952,153.88,183.98
93.257,39.53,152.73,181.48
108.83,46.251,130.9,149.98
100.92,40.619,145.28,160.39
105.41,44.258,136.72,152.42
110.06,43.66,125.88,144.28
111.9,42.976,122.24,143.36
110.3,42.332,120.75,142.83
108.61,40.11,121.15,142.67
106.58,40.527,112.98,139.48
89.994,37.79,115.98,140.77
124.69,39.725,93.146,148.23
124.88,38.987,93.053,148.28
123.88,37.575,95.473,151.15
126.06,37.933,93.844,149.25
126.55,37.998,92.485,147.95
129.81,37.649,93.269,148.7
124.98,37.194,91.353,148.83
124.36,37.339,90.224,147.59
124.27,37.111,90.411,147.27
124.69,37.242,89.626,146.22
139.45,37.251,91.657,146.86
136.54,37.229,91.991,147.06
136.01,37.217,90.917,146.77
160.75,43.703,83.43,138.07
158.06,42.503,88.205,140.5
136.35,13.338,125.26,140.04
136.89,14.219,125.19,140.14
