NaN,NaN,NaN,-1
328.65,185.37,54.945,52.91
325.83,184.45,55.963,52.91
319.13,184.49,61.05,51.893
318.06,182.6,64.103,52.91
316.26,181.67,63.085,52.91
315.68,179.82,65.63,52.91
313.02,178.9,73.26,52.91
312.93,178.9,75.295,52.91
310.15,177.97,75.295,52.91
307.33,175.89,76.312,57.997
305.44,173.99,77.33,59.015
304.56,170.15,76.312,62.068
302.8,172.14,74.277,59.015
298.87,170.25,79.365,60.033
299.01,168.4,76.313,60.033
298.08,165.48,76.312,63.085
295.35,163.61,75.295,63.586
293.55,162.66,74.277,64.103
291.51,160.77,78.348,65.12
291.56,158.87,77.33,66.138
291.79,156,72.243,68.173
286.57,154.2,65.12,67.155
285.69,152.44,64.103,65.12
284.81,151.61,63.085,63.085
285.83,150.59,61.05,65.12
276.16,148.74,70.208,65.12
274.26,146.8,71.225,67.155
272.32,143.93,73.26,69.19
271.35,141.99,74.278,71.225
271.35,140.14,74.278,71.225
275.33,140.18,68.172,70.207
275.42,137.36,66.138,71.225
270.56,133.57,71.225,73.26
268.67,132.55,72.243,75.295
270.75,128.71,67.155,78.348
271.63,126.82,68.173,79.365
273.71,126.31,63.085,70.207
272.74,126.4,64.103,68.172
278.52,124.55,59.015,68.173
283.42,121.64,52.846,71.225
282.26,118.72,57.998,74.278
279.17,116.78,65.12,76.313
281.43,114.98,55.963,75.295
285.32,113.91,51.892,78.347
287.17,111.97,51.893,80.383
285.18,110.03,54.945,82.418
285.13,109.01,55.963,84.453
287.95,108.18,54.945,82.418
290.77,107.95,53.928,67.155
291,104.85,48.84,74.278
291.88,106.79,49.857,72.243
294.8,104.9,46.805,73.26
295.72,105.87,46.805,72.243
296.65,104.8,46.805,75.295
297.53,103.79,47.823,77.33
295.54,103.65,50.875,60.033
291.61,102.63,55.963,62.068
290.73,102.72,54.945,60.033
292.62,101.7,53.928,62.068
292.58,100.83,54.945,61.05
294.47,102.07,53.927,53.927
294.43,100.04,54.945,57.998
293.36,100.09,57.998,56.98
294.2,99.114,60.032,57.998
295.91,98.143,63.085,59.015
297.48,97.264,69.19,57.998
298.08,95.136,76.312,64.103
294.98,94.674,83.435,74.278
297.48,93.656,69.19,76.313
301.64,94.628,59.015,54.945
298.45,94.201,68.172,54.423
299.84,94.581,57.998,55.963
300.63,92.639,61.05,57.998
302.61,92.731,57.998,55.963
301.41,91.668,64.103,59.015
302.11,92.593,69.19,59.015
303.12,90.326,67.155,68.173
305.62,91.205,52.91,48.84
305.57,91.159,53.928,49.858
306.5,91.251,53.928,47.823
307.24,89.309,57.998,49.858
308.12,89.17,59.015,52.91
308.81,87.32,64.103,52.91
309.78,88.384,63.085,49.858
310.71,86.488,63.085,50.875
310.62,85.516,65.12,51.892
311.31,86.488,70.207,50.875
313.44,85.516,64.103,51.892
314.64,82.603,57.998,54.945
313.62,82.649,60.033,53.928
312.51,82.741,64.102,51.892
314.55,80.845,60.033,52.91
314.32,80.799,65.12,53.927
310.15,79.874,75.295,53.928
309.92,79.874,80.382,53.928
311.68,75.064,82.418,57.997
308.4,73.121,93.61,60.033
311.68,83.759,62.068,49.858
312.42,82.788,66.138,50.875
311.17,82.408,73.26,50.303
310.99,82.88,77.33,48.84
308.81,81.863,84.453,50.875
306.64,81.816,91.575,51.893
306.31,82.741,98.697,51.892
311.4,82.88,47.823,48.84
314.31,81.77,44.77,52.91
314.22,81.724,46.805,53.928
315.19,81.724,45.788,53.928
313.34,82.695,45.788,52.91
314.31,82.649,44.77,53.928
316.17,82.129,44.77,54.472
318.99,81.839,43.753,51.4
320.88,82.788,42.735,50.875
323.89,83.805,37.639,48.84
327.73,83.805,34.595,48.84
327.73,83.713,34.595,50.875
327.73,84.73,34.595,48.84
325.83,84.638,35.613,50.875
326.8,85.652,34.595,48.915
326.8,84.684,34.595,49.857
325.92,86.58,33.578,48.84
322.09,85.563,36.63,50.875
323.01,87.181,36.63,55.963
322.09,83.343,36.63,59.015
322.09,87.135,36.63,56.98
321.99,86.164,38.665,57.998
321.99,86.071,38.665,60.033
321.11,88.123,37.648,56.914
321.11,87.043,37.648,59.015
320.1,88.939,39.683,57.997
320.14,89.864,38.668,57.998
320.19,89.818,37.648,59.015
319.26,90.743,37.648,59.015
318.25,91.76,39.682,56.98
318.25,91.714,39.682,57.998
315.43,92.639,40.7,57.998
316.35,92.639,40.7,57.998
313.48,94.674,42.735,53.928
313.53,93.564,41.718,57.997
313.58,90.511,40.7,64.103
313.58,91.39,40.7,65.12
314.55,90.326,39.683,68.173
316.54,91.344,36.63,66.138
314.69,91.297,36.63,67.155
310.89,95.136,38.624,64.103
310.8,95.183,40.7,63.085
309.88,93.194,40.7,66.138
310.89,92.13,38.665,69.19
311.91,97.033,36.63,63.085
311.86,97.033,37.648,63.085
310.06,97.819,36.63,66.138
310.06,98.744,36.63,66.138
312.88,97.773,35.613,67.155
313.39,98.651,35.077,68.173
308.86,100.45,42.735,69.19
306.73,103.28,48.84,68.173
305.06,102.31,44.77,69.19
301.09,103.18,50.875,70.208
297.99,102.4,57.998,67.155
297.76,103.42,63.085,65.12
297.76,104.29,63.085,66.138
296.65,106.33,67.155,62.068
294.34,104.43,77.33,63.085
294.01,106.42,84.453,60.033
292.9,107.35,88.522,60.053
295.86,108.27,84.453,60.033
293.69,110.29,91.575,57.921
293.41,110.17,97.68,59.015
295.45,111.05,73.26,60.033
295.26,111,77.33,61.05
296.14,111.97,78.348,60.033
294.84,111.88,86.488,62.068
292.67,114.93,93.61,58.874
290.64,115.72,97.68,59.015
290.54,115.58,99.715,62.068
292.21,116.55,63.085,61.05
292.16,119.42,64.103,59.015
292.16,120.39,64.103,57.998
292.3,121.27,61.05,59.015
291.14,122.19,66.138,59.015
290.96,123.16,70.208,57.998
289.71,123.07,77.33,60.033
288.51,122.98,83.435,62.068
287.26,122.93,90.557,63.085
288.05,123.77,73.26,65.12
289.76,124.74,76.313,64.103
287.58,125.75,83.435,62.068
287.49,126.77,65.12,60.032
287.58,129.59,63.085,59.015
286.66,131.44,63.085,59.015
286.61,132.37,64.103,59.015
285.73,131.3,63.085,62.068
284.85,132.23,62.068,62.068
283.79,133.06,65.12,64.103
274.17,135.74,73.26,66.138
275.05,137.5,74.277,68.172
278.84,142.31,72.243,64.103
281.52,144.25,74.278,62.068
281.48,148.05,75.295,60.032
281.71,146.98,70.208,63.085
281.89,150.82,66.138,60.033
276.07,153.5,72.243,62.068
278.93,155.31,70.207,63.085
279.26,158.13,63.085,62.068
278.47,160.16,60.032,57.998
277.55,163.03,60.032,55.963
276.62,164,60.033,54.945
275.7,163.91,60.032,56.98
274.73,161.92,61.05,60.032
272.74,165.85,64.103,54.945
272.83,165.71,62.068,57.998
270.89,166.73,64.102,55.963
271.77,170.62,65.12,51.893
269.87,171.54,66.138,51.893
269.82,174.39,67.155,49.872
269.92,175.43,65.12,47.823
268.99,177.32,65.12,46.805
267.97,176.35,67.155,47.822
266.03,176.26,69.19,49.857
265.11,178.25,69.19,46.805
265.2,179.17,67.155,46.805
265.11,180.14,69.19,45.788
265.11,179.03,69.19,49.857
265.15,178.9,68.172,52.91
265.2,179.96,67.155,49.858
263.3,179.91,68.173,50.875
263.35,178.9,67.155,52.91
