NaN,NaN,NaN,-1
327.53,192.36,52.773,45.366
324.76,189.75,58.327,47.218
322.86,182.68,62.957,54.624
321.73,178.27,69.438,59.253
319.75,175.7,75.918,60.179
314.45,174.81,62.957,61.105
312.93,172.2,59.253,62.957
311.21,172.29,60.179,61.105
309.44,169.68,62.031,62.957
310.32,168.88,61.105,62.031
305.82,168.08,67.586,61.105
302.37,166.36,69.438,62.031
302.37,164.67,69.438,62.031
297.91,162.9,74.993,63.883
296.14,162.1,76.844,62.957
293.57,156.8,77.77,68.512
291.85,154.19,78.696,70.363
290.12,151.58,79.622,72.215
290.08,151.67,80.548,70.363
291.05,156.13,77.77,64.808
292.06,154.4,74.067,65.734
284.15,152.72,81.473,65.734
283.35,151.88,80.548,65.734
282.46,151.04,81.473,65.734
273.5,149.35,93.509,65.734
269.8,149.52,100.92,62.031
271.94,145.19,72.215,64.808
286.17,144.43,55.55,63.019
286.38,141.82,50.921,64.808
284.57,141.02,53.698,63.882
281.96,140.22,55.55,62.957
284.61,137.61,52.773,64.808
283.81,135.89,51.847,65.734
281.16,134.37,54.624,62.031
279.43,133.66,55.55,59.253
276.82,131.13,57.402,59.253
276.78,129.32,58.328,62.031
277.62,126.71,58.327,63.882
278.51,124.15,57.402,64.808
282.04,123.3,53.698,64.808
280.23,121.49,56.476,67.586
279.31,118.89,58.327,69.438
279.22,118.84,60.179,70.363
276.57,117.03,62.957,73.141
279.31,115.01,58.3,62.031
281.07,113.41,56.476,60.179
280.15,113.41,58.327,60.179
282.8,110.85,55.55,61.105
281.87,109.21,57.402,60.179
285.41,107.52,53.698,60.179
289.79,107.52,49.995,60.179
290.63,104.96,49.995,61.105
291.43,104.03,50.921,62.957
292.31,103.23,49.995,62.031
293.24,101.51,48.143,62.957
295.85,102.39,46.292,62.031
296.65,100.71,47.218,62.031
295.76,100.66,48.143,62.957
294.84,101.55,49.995,62.031
297.4,98.938,49.069,63.883
292.86,98.938,56.476,63.883
291.6,98.222,65.734,61.105
293.95,96.539,69.438,61.105
296.56,96.497,49.069,62.031
300.05,97.381,46.292,61.105
300.05,95.613,46.292,62.957
301.7,95.698,47.218,61.105
301.65,94.772,48.143,62.957
302.28,94.014,52.773,61.105
303.76,93.088,57.402,62.957
304.39,92.036,62.031,67.586
303.17,92.862,70.363,66.72
305.57,91.994,73.141,68.512
305.9,91.068,47.218,70.363
305.86,91.026,48.143,71.289
307.55,90.185,48.143,71.289
308.34,90.058,49.069,55.55
309.23,89.217,48.143,55.55
310.87,91.11,49.069,50.921
309.99,87.618,49.995,53.698
309.27,87.618,47.218,53.698
312.81,86.734,43.514,54.624
312.68,86.86,46.292,51.847
313.56,86.902,45.366,50.921
312.64,85.219,47.218,50.921
314.36,84.377,46.292,50.921
314.36,87.029,46.292,48.129
313.44,86.145,48.143,49.069
313.39,86.145,49.069,49.069
312.51,85.261,49.995,49.995
314.24,85.177,49.069,51.847
314.24,83.409,49.069,53.698
316.94,81.768,45.158,52.773
317.79,83.578,43.58,49.995
317.81,82.778,44.44,49.069
319.62,82.82,41.663,48.143
308.89,81.81,55.55,51.847
309.86,81.726,52.773,53.698
309.86,82.652,52.773,51.847
308.11,81.936,54.276,49.069
308.09,81.894,54.624,49.995
311.67,81.936,49.995,49.069
312.55,82.02,49.069,47.218
313.48,81.978,47.218,48.143
313.48,82.02,47.218,47.218
309.94,79.327,50.921,50.921
311.67,79.327,49.995,50.921
313.39,78.443,49.069,51.847
312.55,78.443,49.069,51.847
316.09,77.538,45.366,53.238
316.93,78.443,45.366,51.847
318.69,78.401,44.408,52.773
318.66,79.243,44.44,52.773
320.46,80.211,41.663,49.995
318.7,78.359,43.514,53.698
316.85,81.052,47.218,49.995
317.77,81.01,45.366,50.921
318.44,80,49.069,54.624
315.54,81.684,57.402,54.624
315.46,81.684,59.253,54.624
314.57,78.948,60.179,59.253
313.65,79.79,62.031,59.253
312.68,81.684,64.808,54.612
314.53,82.525,61.105,54.624
316.17,80.632,62.031,59.253
317.01,79.748,62.031,60.179
316.68,80.632,69.438,59.253
314.91,77.055,71.289,63.882
314.24,88.501,67.586,52.773
314.36,88.459,64.808,53.698
313.31,86.65,69.438,56.476
313.9,89.259,56.476,54.624
313.9,90.1,56.476,54.624
313.35,90.058,58.81,55.55
311.04,90.942,63.883,54.624
310.11,91.784,65.734,54.624
310.03,92.583,67.586,55.55
308.93,92.583,73.141,55.55
310.49,92.415,75.918,59.253
313.86,93.046,38.885,63.883
312.13,93.13,39.811,62.031
312.74,93.088,40.934,62.957
310.32,93.888,42.588,63.883
308.6,94.688,43.514,64.808
306.87,94.73,44.44,63.883
308.68,94.688,41.663,64.808
308.68,95.529,41.663,64.808
307.76,95.571,43.514,63.883
307,94.645,41.663,65.734
307.04,95.277,40.737,70.363
305.23,96.118,43.514,70.363
308.8,95.908,38.896,74.993
309.73,96.623,37.033,77.77
313.27,99.359,33.33,73.141
313.23,95.782,34.256,77.77
312.43,97.297,33.33,81.473
312.47,99.106,32.404,78.696
310.66,100.71,35.182,62.031
312.47,103.36,32.404,59.253
311.59,104.2,33.33,59.253
312.51,101.51,31.478,62.957
308.18,105.17,34.256,56.476
308.18,107.78,34.256,54.624
306.41,108.66,36.107,53.698
305.53,108.62,37.033,54.624
305.53,110.22,37.033,53.823
306.41,112.19,36.107,49.999
305.53,112.95,37.033,51.847
304.68,113.75,37.033,52.773
303.76,114.59,38.885,52.773
305.57,112.83,36.107,54.624
302.92,113.71,38.885,53.698
301.15,114.51,40.737,54.624
301.19,115.43,39.811,52.773
301.19,116.28,39.811,52.773
298.58,116.32,41.663,51.847
297.7,113.58,42.588,56.476
296.81,114.51,43.514,54.624
295.97,117.12,43.514,52.773
295.97,117.88,43.514,54.624
295.13,121.37,43.514,51.847
291.6,119.6,47.218,53.698
288.99,121.28,49.069,53.698
289.11,120.4,46.292,54.624
289.03,120.36,48.143,55.55
290.04,119.39,44.44,58.327
289.2,121.16,44.44,56.476
285.62,121.96,49.069,57.402
287.56,124.4,43.514,59.253
287.47,125.24,45.366,59.253
287.6,128.82,42.588,54.624
287.68,129.66,40.737,54.655
286.76,132.31,42.588,52.729
285.7,133.91,47.218,53.698
283.09,134.67,49.069,55.55
281.96,137.32,55.55,52.773
282.84,140.56,54.624,55.55
281.79,143.13,59.253,54.624
280.7,143.93,64.808,55.55
279.6,145.61,70.363,55.55
280.78,148.18,62.957,54.624
280.11,149.86,40.737,54.624
280.19,151.5,38.885,55.55
277.54,152.26,41.663,57.402
280.15,153.1,39.811,57.402
280.15,153.9,39.811,58.328
279.26,152.89,40.737,62.031
278.38,151.04,41.663,65.734
278.42,160.63,40.737,58.328
278.34,161.43,42.588,59.253
279.31,162.23,39.811,60.179
277.62,161.33,39.811,61.576
276.02,160.42,37.959,62.957
275.14,160.38,38.885,63.883
274.21,160.34,40.737,64.808
272.49,159.5,41.663,64.808
272.49,156.8,41.663,68.512
273.46,157.69,38.885,67.586
273.42,157.64,39.811,68.512
273.46,160.34,38.885,64.808
271.69,159.37,40.737,67.586
270.81,159.33,41.663,68.512
270.85,160.21,40.737,67.586
269.96,166.36,41.663,62.031
270.01,167.18,40.737,62.493
269.12,168.08,41.663,61.105
267.4,165.39,42.588,64.808
