NaN,NaN,NaN,-1
323.43,184.04,55.385,51.498
320.52,183.2,61.215,50.527
320.69,183.2,57.328,50.527
317.07,181.39,59.272,51.498
314.47,180.33,58.3,55.385
310.8,179.45,61.215,55.385
307.97,176.62,65.102,59.272
307,173.93,67.045,60.243
305.28,171.19,66.073,62.187
304.35,167.52,67.045,65.102
302.41,163.86,70.932,68.017
300.64,163.9,70.932,67.045
299.63,156.53,73.847,73.847
296.62,155.69,81.62,72.875
296.4,165.89,85.561,62.187
296.93,165.01,74.818,62.187
293.27,162.27,77.733,64.13
290.53,161.43,79.677,63.158
289.69,159.62,78.705,64.13
288.76,157.85,79.677,64.13
284.92,156.09,86.478,64.13
283.66,154.36,85.023,63.158
277.46,152.55,95.223,64.13
273.7,151.58,100.08,66.073
272.64,148.84,103.97,68.017
279.09,148,98.138,67.045
281.65,145.26,61.215,68.988
279.88,144.6,61.215,64.13
282.71,142.57,57.328,69.96
281.83,140.01,57.328,68.017
282.8,138.24,55.385,68.017
283.73,135.46,54.413,70.932
283.73,134.62,54.413,69.96
280.94,133.74,57.328,69.96
282.8,132.9,55.385,68.988
284.7,129.23,52.47,71.903
283.77,128.44,53.442,69.96
285.63,126.8,51.498,67.045
282.84,124.02,54.413,69.96
281.92,122.3,55.385,68.988
282.84,118.63,54.413,71.903
281.87,117.66,56.357,73.847
281.83,115.8,57.328,75.79
282.71,112.98,57.328,79.677
281.74,112.93,59.272,80.648
281.69,111.39,60.243,75.79
282.62,109.44,59.272,79.677
284.43,108.34,58.3,65.102
285.32,105.74,58.3,64.13
282.53,104.67,61.215,68.017
286.33,104.59,55.385,69.96
286.24,102.91,57.328,68.017
283.55,103.92,58.3,65.102
284.43,103.08,58.3,64.13
293.58,103.92,51.498,65.102
296.09,101.05,54.413,69.96
295.08,102.73,57.328,71.903
294.9,100.88,61.215,73.847
295.42,99.949,68.077,74.818
289.64,98.448,79.677,68.988
291.46,99.456,78.705,68.857
287.48,98.271,68.988,72.875
289.03,97.873,73.847,62.187
292.47,96.902,75.79,64.13
290.04,96.946,70.932,63.158
292.56,94.119,73.847,67.045
294.19,93.412,57.328,63.158
295.08,93.412,57.328,63.158
296.89,93.457,56.357,62.187
295.96,92.573,57.328,62.187
296.89,91.646,56.357,63.158
298.7,90.63,55.385,66.073
299.58,90.63,55.385,66.073
302.32,88.863,53.442,66.073
303.2,89.968,53.442,61.215
304.13,90.983,52.47,58.3
307.74,90.983,49.611,58.3
308.73,90.012,48.583,60.243
309.65,88.157,47.612,62.187
309.61,86.39,48.583,62.187
311.42,83.607,47.612,65.102
313.98,84.403,49.555,67.045
310.01,83.475,59.272,68.017
311.11,84.049,54.413,55.385
312.79,84.093,56.357,54.413
313.36,84.137,63.158,53.442
313.1,83.337,68.988,51.616
313.8,83.387,72.875,50.527
313.45,82.459,80.648,51.498
314.47,82.459,58.3,51.498
314.25,82.503,63.158,50.527
313.01,82.459,70.932,51.498
308.15,81.962,80.648,52.944
310.09,79.633,76.762,55.385
308.95,78.749,82.592,55.385
307.36,79.633,59.272,55.385
309.21,78.661,57.328,57.328
313.67,78.749,56.357,55.385
314.73,79.644,60.8,54.448
312.17,79.721,69.96,53.442
311.91,79.633,75.79,55.385
310.71,80.56,82.592,54.413
311.33,80.56,49.555,54.413
312.26,80.383,48.583,58.3
315.08,80.472,44.697,56.357
317.82,80.427,42.753,57.328
315,80.472,46.64,56.357
314.07,80.383,47.612,58.3
314.91,78.484,48.583,61.215
316.76,80.472,46.64,56.357
316.85,80.427,44.697,57.328
318.75,79.544,41.782,57.328
318.71,80.472,42.753,56.357
315.04,79.633,45.741,55.385
318.66,79.633,43.725,55.385
318.71,81.532,42.753,52.47
318.71,82.415,42.753,52.47
317.65,81.487,46.64,53.442
315.89,82.371,46.482,53.442
315.92,82.415,45.668,52.47
315.92,81.487,45.668,53.442
317.78,82.327,43.725,54.413
319.59,83.254,42.753,53.442
321.53,84.137,38.867,53.442
321.53,84.093,38.867,54.413
321.58,84.977,37.895,54.413
320.65,85.904,38.867,53.442
318,86.699,38.867,55.385
317.87,85.772,41.782,56.357
315.88,87.583,46.64,55.385
314.73,87.583,52.47,55.385
313.8,87.494,53.442,57.328
314.69,88.422,53.442,56.357
315.66,91.16,51.498,54.413
312.83,91.072,55.385,56.357
312.04,91.867,53.442,58.3
310.27,91.778,53.442,60.243
310.31,91.734,52.47,61.215
312.13,90.718,51.498,64.13
313.19,92.618,47.612,61.215
314.11,91.646,46.64,63.158
313.23,90.718,46.64,64.13
312.17,91.646,50.527,63.158
310.31,92.529,52.47,63.158
312.08,92.485,52.47,64.13
311.2,93.368,52.47,64.13
313.1,93.147,49.555,68.988
310.27,93.147,53.442,68.988
312.26,95.047,48.583,66.073
310.25,95.047,53.464,66.073
310.27,94.958,53.442,68.017
308.42,95.842,55.385,68.017
312.26,95.886,48.583,67.045
308.59,95.842,51.498,68.017
308.42,96.902,55.385,64.13
307.36,96.681,59.272,68.988
309.25,97.432,56.357,71.903
307.36,98.271,59.272,72.875
305.37,101.14,64.13,68.017
305.19,101.01,68.017,70.932
303.16,100.74,73.847,76.762
303.91,101.67,57.328,75.79
301.79,103.53,65.102,73.847
303.42,105.47,68.017,69.96
303.22,106.4,71.93,68.988
304.09,105.43,72.875,70.932
300.95,106.18,83.563,73.847
303.25,107.94,52.47,73.847
303.03,108.87,57.328,72.875
300.91,110.73,65.102,70.932
303.47,111.61,67.045,70.932
302.28,112.49,73.847,70.932
301.17,113.86,78.705,60.243
299.8,114.75,69.96,60.243
299.1,115.76,66.073,57.328
297.24,117.53,48.583,57.328
297.15,118.37,50.527,58.3
296.18,118.37,52.47,58.3
295.25,119.29,53.442,57.328
294.37,119.25,53.442,58.3
295.3,120.18,52.47,57.328
294.5,121.15,50.527,55.385
291.77,119.21,52.47,59.272
290.93,120.09,51.498,59.272
290.93,120.93,51.498,60.243
290,122.74,52.47,59.272
288.23,124.55,52.47,58.3
283.59,126.32,57.328,58.3
282.71,128.26,57.328,54.413
278.96,129.1,62.187,55.385
279,130.87,61.215,55.385
282.71,131.66,57.328,57.328
279.88,131.57,61.215,59.272
280.81,132.37,60.243,61.215
279.88,135.11,61.215,59.272
279.66,137.89,66.073,56.357
281.25,138.68,69.96,58.3
280.06,141.33,76.762,58.3
278.03,143.19,82.592,56.357
278.16,144.96,60.243,56.357
278.34,146.68,56.357,57.328
278.38,148.49,55.385,56.357
279.48,150.25,53.312,56.357
278.43,152.86,54.413,57.328
279.35,154.67,53.442,56.357
278.47,157.37,53.442,55.385
277.63,158.21,52.47,56.357
277.59,161.85,53.442,53.868
276.7,162.71,53.442,54.413
275.87,164.34,52.47,57.328
276.84,167.13,50.527,54.413
277.75,168.05,49.575,53.442
277.85,170.79,47.612,51.498
276.97,171.72,47.612,50.527
272.38,172.65,51.498,49.555
273.35,172.6,49.555,50.527
273.35,175.25,49.555,50.527
271.49,176.14,51.498,50.527
271.54,177.06,50.527,49.555
271.54,179.89,50.527,45.668
271.58,176.09,49.555,51.498
271.58,176.98,49.555,51.498
272.51,177.9,48.583,50.527
270.7,177.86,49.555,51.498
269.77,178.79,50.527,50.527
268.89,178.74,50.527,51.498
267.96,177.82,51.498,52.47
