NaN,NaN,NaN,-1
206.87,121.18,31.551,112.87
205.27,121.77,30.683,106.53
203.9,122.24,31.299,100.17
203.82,121.02,31.444,98.534
203.86,120.57,31.351,97.114
202.3,121.15,32.919,93.649
204.35,117.73,30.041,97.15
207.12,113.35,27.995,104.25
203.43,116.27,29.453,93.957
208.53,115.14,30.63,102.05
207,113.52,29.94,111.1
212.46,107.68,31.473,118.26
216.68,104.81,33.223,125.96
212.2,109.33,34.233,116.6
210.52,114.04,35.857,105.53
208.82,113.57,34.667,104.48
209.78,114.48,36.061,104.83
209.16,111.12,34.783,109.58
208.46,113.9,30.65,104.35
209.59,106.93,29.55,107.91
211.09,107.72,31.744,118.33
213.33,102.26,28.003,130.16
211.21,104.81,27.34,112.19
213.77,105.04,27.374,111.28
215.61,107.01,26.406,104.22
215.9,108.58,28.478,102.43
214.81,109.47,28.579,93.213
215.67,109,29.023,94.028
216.4,107.95,28.024,92.082
213.89,104.27,29.095,97.11
214.34,100.65,29.988,97.305
202.9,104.67,32.46,96.351
213.56,100.94,33.311,98.744
207.48,110.21,37.363,102.49
210.46,100.13,39.033,109.73
214.54,97.235,37.993,115.77
214.95,99.988,38.077,113.06
214.55,104.79,36.917,99.734
215.34,99.951,38.104,107.11
215.88,99.933,37.762,111.66
216.63,105.48,33.954,103.65
218.81,107.87,32.577,103.63
217.96,110.4,32.109,104.69
217.46,110.78,31.64,104.78
222.2,112.03,30.095,113.43
220.85,113.24,29.551,111.77
220.18,112.09,30.358,114.19
217.56,116.68,30.635,102.85
215.28,117.41,29.081,98.563
211.96,118.35,30.587,93.434
209.5,117.96,33.294,96.109
203.26,114.29,33.311,95.911
200.15,113.45,31.907,96.023
197.99,111.05,29.003,98.803
196.21,108.65,28.404,102.08
194.58,106.67,30.047,98.676
193.15,107.39,30.42,104.31
191.96,107.41,31.082,110.56
195.97,110.38,28.615,105.76
196.57,108.1,32.304,117.14
193.28,108.28,35.701,115.63
194.68,111.26,36.589,114.16
202.84,114.03,30.593,105.52
204.02,113.27,30.152,106.39
200.75,112.01,28.428,109.81
199.04,110.51,26.542,115.71
202.53,113.39,24.841,123.92
203.46,110.18,26.005,116.33
205.69,104.83,28.753,117.62
214.21,111.4,28.826,106.91
219.46,108.56,32.015,110.32
215.59,101.89,31.929,117.43
218.78,102.42,27.635,112.63
217.75,105.13,26.297,108.43
213.09,101.34,22.154,115.1
214.33,92.409,19.956,106.32
210.1,92.89,21.057,109.24
200.37,98.958,23.235,99.434
196.98,98.251,24.187,94.11
199.27,99.027,27.648,89.401
191.67,104.34,27.63,86.714
196.68,94.461,29.422,75.757
196.55,89.643,30.52,78.538
182.52,90.329,29.825,78.727
182.62,91.159,28.862,75.974
203.12,92.806,30.519,75.491
205.27,83.297,27.166,83.82
193.55,79.956,27.152,96.995
197.48,81.927,27.31,102.99
197.85,85.487,28.875,112.05
198.96,88.488,28.126,120.56
198.07,96.784,29.823,115.91
195.63,95.642,26.153,125.67
209.22,91.669,24.621,124.3
211.2,90.514,26.372,126.58
205.74,107.39,28.118,121.07
206.91,110.72,26.484,121.88
207.01,111.15,24.063,130.78
206.91,115.03,21.642,129.78
205.75,121.79,18.634,123.83
206.1,119.15,17.151,135.58
207.12,118.87,14.782,133.2
215.52,118.63,15.41,138.39
214.22,115.57,15.183,144.63
213.81,119.71,15.194,131.58
212.35,124.81,15.22,120.8
214.29,123.21,14.855,114.02
217.16,119.8,14.482,118.04
215.84,117.09,15.895,112.47
217.43,119.96,16.774,105.56
213.97,125.07,14.685,96.942
215.36,119.03,15.264,92.146
215.95,112.85,15.084,103.94
209.19,115.65,14.823,107.99
211.78,110.91,15.76,117.23
215.68,107.68,15.456,124.98
219.23,105.35,15.903,129.56
218.87,103.22,16.295,132.13
228.29,108.5,15.808,128.73
227.54,109.63,16.992,123.84
230.22,112.08,17.887,122.45
233.16,116.34,19.543,113.75
NaN,NaN,NaN,-2
NaN,NaN,NaN,0
NaN,NaN,NaN,0
NaN,NaN,NaN,0
NaN,NaN,NaN,0
NaN,NaN,NaN,-1
219.19,126.29,30.31,102.93
217.63,126.71,31.527,106
222.2,128.42,30.763,104.62
225.8,127.72,33.458,107.45
227.82,127.39,33.428,104.15
224.9,132.39,30.355,98.9
228.75,133.72,30.933,97.417
230.11,134.73,29.17,97.139
227.2,132.54,29.663,100.49
231.98,130.6,32.352,101.32
235.08,130.89,32.888,101.1
232.27,127.56,32.756,105.65
233.55,126.89,29.427,102.94
237.23,129.91,26.262,98.567
238.61,126.6,20.402,100.57
248.08,130.51,20.141,97.383
238.89,131.8,21.523,86.304
236.73,124.36,22.318,87.527
233.93,122.92,25.477,97.97
235.39,120.41,23.454,104.77
234.03,115.57,25.034,113.9
233.68,117.87,23.816,105.54
233.34,116.64,25.704,110.2
234.95,110.92,24.625,120
234.7,111.21,24.292,129.03
234.62,110.79,25.094,124.05
219.66,130.14,25.765,124.13
217.24,129.56,22.937,135.79
222.86,126.27,18.806,137.89
227.86,115.94,19.549,153.19
232.81,107.68,17.831,162.93
232.3,106.02,18.802,161.61
243.07,102.8,19.081,167.26
245.91,100.79,17.286,169.24
245.34,104.28,16.413,163.66
239.54,107.27,18.012,157.81
245.14,101.8,16.895,173.42
246.08,103.38,16.526,167.27
239.93,100.32,17.329,168.99
243.96,101.83,16.944,169.23
244.99,95.448,16.177,175.42
243.69,100.76,15.679,165.13
258.13,110.66,15.123,166.87
256.53,115.75,14.758,152.36
256.07,116.27,14.239,152.8
NaN,NaN,NaN,-2
NaN,NaN,NaN,0
NaN,NaN,NaN,0
NaN,NaN,NaN,0
NaN,NaN,NaN,0
NaN,NaN,NaN,-1
218.8,106.42,30.47,102.3
216.78,106,30.64,102.6
215.97,106.04,30.828,101.19
215.97,105.03,29.997,104.02
214.84,106.97,31.87,100.53
215.5,108.4,29.4,97.961
216.95,107.36,29.22,92.899
218.21,107.17,27.432,100.51
218.64,110.2,28.156,95.402
220.37,111.73,31.291,93.965
213.55,109.65,33.916,96.2
213.54,113.59,35.05,90.446
215.8,113.21,35.337,97.92
215.18,114.64,39.545,94.213
212.04,116.11,40.221,88.783
214.29,116.67,37.448,85.743
214.55,116.56,32.476,83.815
218.2,112.57,27.288,91.203
221.55,113.46,24.386,92.036
217.8,110.93,23.596,91.091
220.8,109.08,21.138,94.518
221.24,114.76,20.958,87.312
216.69,114.32,23.191,88.449
211.82,114.78,24.444,87.849
211.26,117.47,25.886,87.119
210.21,114.59,26.923,86.955
205.96,114.81,27.664,97.835
209.68,112.92,26.42,100.09
206.85,110.85,29.611,100.78
206.85,112.41,27.463,100.53
207.01,114.58,29.183,101.13
210.71,116.78,25.686,101.4
209,121.5,27.559,102.78
208.62,125.78,29.444,102.14
209.74,131.12,27.128,98.787
216.44,129.44,24.911,94.684
215.95,136.25,23.596,90.256
210.78,141.66,23.124,93.637
209.72,142.33,22.792,91.883
211.16,142.08,23.586,97.933
209.44,141.1,21.765,96.352
208.7,142.91,24.346,93.579
206.52,145.11,26.47,92.499
206.89,140.92,30.049,96.683
206.03,143.17,31.507,92.743
206.65,144.96,31.22,85.289
208.67,144.07,30,91.813
207.84,141.92,28.924,93.631
207.28,142.82,30.537,95.748
205.98,144.06,30.723,95.528
204.1,143.47,32.325,92.763
201.92,139.3,31.209,101.18
202.74,141.56,29.629,97.485
200.95,141.61,28.268,97.426
199,141.39,26.961,93.095
198.47,142.05,27.011,94.861
196.05,139.37,29.005,98.368
193.18,143.35,30.344,88.81
193.95,142.57,27.972,89.076
192.64,143.01,29.11,88.029
194.11,145.02,28.35,82.935
195.97,139.92,26.677,87.303
197.34,142.99,26.958,88
196.66,142.93,26.881,87.927
199.5,141.98,27.072,90.147
200.82,142.48,28.212,91.008
204.13,137.31,28.473,103.17
207.17,137.47,27.031,107.61
210.76,138.95,27.218,105.88
212.61,134.85,28.12,115.36
213.23,134.57,27.058,110.36
214.51,133.26,27.508,110.77
212.1,133.27,31.706,111.36
212.18,133.97,32.197,96.092
213.59,131.54,29.816,97.958
213.35,131.05,28.137,95.125
216.38,130.44,25.615,91.753
217.87,130.36,25.376,85.813
218.08,127.55,22.844,92.94
214.75,124.14,26.269,96.259
223.52,122.64,24.042,93.656
210.88,124.52,23.192,102.75
211.85,120.11,22.724,106.79
212.73,124.02,22.527,100.28
215.01,124.39,20.084,91.132
215.65,124.75,18.4,85.743
210.65,130.13,17.97,76.194
208.66,132.65,18.514,78.514
213.28,134.66,16.203,78.904
212.48,129.45,16.656,84.357
210.99,132.63,14.153,83.196
211.54,130.06,14.981,85.072
210.04,131.6,14.939,85.355
207.21,132.11,14.944,82.32
205.76,131.28,15.267,84.366
200.23,126.71,17.558,87.307
197.68,129.34,19.535,83.443
196.17,125.52,20.202,88.864
194.58,126.77,22.882,90.352
192.03,125.67,20.741,94.946
190.37,123.45,21.151,97.855
190.97,119.44,20.475,104.4
191.29,116.6,20.774,108.53
187.07,119.92,21.192,113.59
181.68,121.96,21.755,109.16
182.56,113.98,23.59,113.99
182.23,108.19,22.942,120.96
183.18,105.62,21.395,121.87
180.63,105.88,20.148,128.44
187.09,100.52,20.195,130.75
173.72,102.38,18.817,123.71
175.09,105.33,19.867,103.66
174.09,97.436,22.429,117.44
174.12,90.562,23.433,121.98
171.82,93.472,24.839,112.7
173.18,94.367,22.746,104.61
175.25,88.713,21.881,110.23
170.9,88.586,26.245,111.09
166.74,93.843,29.438,103.01
163.4,96.367,31.628,91.556
161.09,94.932,30.865,90.581
158.44,94.629,30.998,91.79
158.2,95.22,28.731,89.206
157.03,92.046,28.261,99.922
158.39,90.272,25.289,95.959
158.17,93.111,25.768,94.691
156.42,90.25,26.453,84.972
155.16,94.738,27.029,79.687
154.41,94.846,26.262,81.991
153.9,98.529,20.081,78.434
153.14,101.1,19.318,74.055
150.42,103.56,20.896,71.828
147.98,102.84,22.873,75.225
146.89,101.32,22.818,78.978
146.3,97.187,23.336,89.79
145.17,97.049,26.872,91.646
144.74,94.677,27.448,96.346
146.75,91.134,24.691,100.13
144.02,94.553,24.604,97.484
145.92,94.171,24.189,98.121
144.19,95.995,24.321,101.38
141.72,92.891,24.676,104
138.69,92.079,27.941,106.69
141.38,89.546,25.367,108.55
137.47,94.883,26.558,94.254
137.65,93.525,26.004,96.662
137.85,94.35,23.745,94.255
140.83,95.062,22.281,94.683
143.72,94.494,20.48,98.517
141.4,92.445,21.409,99.05
142.43,92.73,20.739,100.09
148.75,84.975,19.213,112.93
141.66,96.898,20.04,114.79
142.03,98.272,17.58,116.65
144.9,107.97,17.31,105.36
148.63,106.41,18.796,99.971
153.37,106.19,16.47,101.59
154.33,116.64,16.771,87.218
162.86,107.94,16.316,82.608
173.04,112.61,16.661,87.71
177.61,110.18,18.886,88.61
171.04,108.48,20.741,99.501
171.84,106.21,18.515,101.62
170.71,106.1,19.342,104.68
171.66,104.76,22.445,107.43
172.61,103.86,21.757,112.26
167.92,98.322,22.765,123.21
167.71,97.46,21.03,126.86
162.59,96.278,22.906,127.72
157.89,97.483,26.785,122.76
155.58,101.06,26.599,114.16
152.63,101.61,28.234,109.04
150.39,100.21,28.243,106.71
148.73,99.029,28.79,117.87
148.27,98.727,29.1,119.13
143.3,104.63,33.286,112.63
141.14,103.44,33.274,112.93
141.9,107.05,34.486,108.83
141.7,106.3,32.254,101.81
140.85,109.5,33.35,90.917
139.95,109.06,32.199,94.564
137.67,108.48,32.42,96.831
138,104.7,34.772,97.72
143.05,97.234,31.298,107.08
141.44,98.887,28.296,99.462
140.6,94.839,28.117,110.07
142.62,96.532,28.873,109.52
150.12,96.088,28.877,108.63
152.69,96.509,30.509,108.95
155.61,98.564,32.841,110.07
156.5,101.55,35.079,117.35
162.08,101.26,35.206,120.16
159.08,106.14,35.985,115.35
159,114.51,36.688,103.56
160.44,120.11,34.588,96.628
159.8,124.89,35.223,86.391
160.9,122.89,36.795,99.632
159.68,126.57,36.716,93.35
158.66,123.03,41.007,104.85
163.8,120.39,42.007,114.29
160.7,117.9,46.397,121.47
155,117.53,48.03,118.32
150.34,122.62,55.512,112.34
148.74,120.27,58.798,112.16
149.82,123.6,53.28,100.56
148.04,123.41,57.887,96.353
146.75,117.27,60.721,100.42
147.18,110.84,53.677,113.4
148.89,102.16,56.374,114
148.6,99.462,63.763,111.37
158.6,93.203,64.93,109.44
150.8,85.917,73.509,112.06
150.26,89.684,75.309,101.09
154.47,84.392,75.316,103.39
154.15,84.175,78.788,103.56
154.44,86.775,84.096,99.19
159.18,93.152,78.63,85.278
161.77,89.174,75.339,93.458
160.72,89.259,75.275,104.51
156.87,94.79,76.064,101.73
155.06,99.831,77.08,103.69
147.64,102.13,67.22,106.14
149.64,102.59,68.615,111.08
143.62,109.75,68.714,108.4
135.91,114.46,67.366,99.071
132.91,119.14,66.974,106.76
131.51,123.67,64.159,103.01
133.03,122.84,60.029,93.903
133.03,127.7,58.533,91.393
132.92,121.75,57.992,106.54
135.93,128.3,52.137,97.688
139.03,115.87,51.969,111.01
133.18,121.83,48.978,110.66
135.86,116.52,46.648,114.09
141.87,114.97,43.205,108.3
143.24,117.16,42.112,91.997
147.45,114.12,38.136,96.019
148.38,114.31,39.092,83.806
148.94,109.03,41.285,94.863
148.16,108.33,42.734,99.626
147.75,105.51,44.439,101.26
149.45,100.56,42.95,107.65
149.03,102.17,43.219,95.428
155.29,98.489,40.977,104.52
151.96,93.386,43.242,111.06
154.63,94.502,43.612,93.733
155.59,95.295,42.257,105.81
153.7,90.779,43.84,110.3
152.32,91.454,43.96,113.97
148.77,95.971,47.848,95.001
145.25,92.427,50.956,108.47
146.31,89.716,50.836,110.03
143.82,93.33,49.532,106.96
139.05,90.253,46.927,111.52
144.45,89.599,42.977,111.98
141.06,85.494,40.617,118.55
136.04,91.733,40.48,110.07
136.86,90.914,38.788,101.56
136.35,89.441,39.083,100.71
137.27,89.49,37.362,95.039
134.16,89.152,42.492,101.19
133.89,84.795,43.163,106.7
133.51,80.945,45.642,107.87
132.97,80.077,49.417,106.78
134.84,80.551,47.092,107.7
137.33,81.004,47.001,99.863
134.55,84.11,52.157,85.503
136.23,84.248,52.682,90.392
143.19,81.521,47.873,92.296
149.02,83.699,48.356,89.898
155.69,83.535,51.534,91.427
155.71,89.604,46.426,103.84
159.41,88.476,46.506,113.85
161.59,94.367,47.404,111.98
159.62,100.43,49.232,106.58
159.16,100.78,46.85,101.76
160.01,99.805,49.009,113.16
161.84,101.35,46.558,111.65
164.22,99.667,40.777,115.72
163.54,95.635,36.183,120.66
166.61,100.9,26.938,108.27
170.15,104.53,25.362,104.43
170.68,105.37,25.204,94.207
168.84,112.45,26.815,85.824
168.18,114.25,26.658,87.144
169.4,113.58,24.623,89.035
166.38,115.47,25.106,89.924
159.1,119.47,23.52,100.92
161.89,113.96,20.567,113.2
158.74,113.02,22.559,114.99
154.54,115.28,26.179,117.01
153.52,120.9,28.504,115.09
152.25,125.04,26.249,93.142
152.04,123.67,29.616,95.012
151.33,123.52,31.607,96.37
152.88,124.91,30.615,96.584
152.18,118.55,31.707,108.34
150.91,119.87,32.096,109.23
152.31,122.31,31.419,103.27
151.31,124.43,31.06,89.14
152.34,123.59,30.25,95.071
151.74,120.23,31.049,88.217
153.6,120.72,30.45,86.237
150.31,118.83,32.92,78.932
151.91,118.05,31.355,75.993
154.11,114.27,27.813,82.26
154.11,109.21,29.809,96.362
157.38,107.08,28.681,84.883
160.84,104.19,27.399,85.428
165.92,102.3,25.591,85.943
167.91,101.51,23.69,89.009
165.93,100.87,26.499,88.567
167.28,99.344,26.408,89.093
165.08,97.313,30.083,90.494
165.77,97.159,28.472,87.463
164.03,95.635,31.282,91.236
163.51,95.223,31.064,90.97
165.38,93.061,28.072,92.64
165.35,92.496,29.604,90.09
165.79,96.128,27.794,86.967
162.73,95.213,30.874,92.911
166.42,95.622,27.355,91.171
164.32,95.762,30.541,87.578
165.27,95.625,30.834,91.287
166.58,93.186,27.855,95.427
167.13,90.897,29.139,92.1
169.18,91.518,27.504,100.64
169.37,85.195,25.468,102.22
166.13,90.693,27.41,86.163
168.17,91.319,25.148,89.195
168.63,90.077,22.067,95.084
165.64,92.322,22.625,85.714
164.28,89.403,21.291,92.727
161.5,87.953,22.712,99.745
159.11,89.609,23.59,94.513
154.25,91.947,24.669,94.43
151.31,89.409,24.877,99.605
149.05,88.305,25.348,103.07
148.72,88.405,22.826,94.841
146.73,81.417,21.503,101.4
141.78,85.269,23.763,96.72
140.47,85.799,23.952,96.569
142.4,84.387,20.962,92.127
144.12,86.492,18.935,83.832
140.92,88.56,19.03,81.35
139.2,86.726,19.347,89.765
138.35,88.089,20.38,90.235
137.33,87.113,19.616,91.221
137.02,89.511,18.941,84.812
137.27,87.536,18.484,92.638
134.25,88.459,19.547,87.51
136.81,83.511,20.216,94.322
137.69,90.241,19.688,98.401
138.55,89.411,19.597,98.458
141.77,96.577,19.694,92.703
143.8,100.63,21.481,99.555
145.04,103.75,22.919,106.88
149.23,108.9,25.328,114.38
153.69,112.57,26.958,103.78
156.14,122.98,27.655,91.455
157.05,121.17,24.574,92.027
159.69,119.58,21.965,93.127
158.85,113.87,21.525,97.702
157.55,114.1,20.628,89.428
155.81,106.81,20.654,94.846
157.35,102.92,20.397,96.645
156.3,97.81,20.974,93.1
154.02,94.938,23.885,96.888
156.97,93.306,24.709,94.2
151.26,91.02,26.077,95.064
150.96,85.923,27.772,102.63
150.65,87.755,29.458,93.366
148.52,91.524,29.208,89.052
146.98,88.081,26.933,91.107
138.08,87.059,26.861,91.084
132.12,83.564,26.431,95.971
128.42,77.294,26.896,105.77
123.91,74.649,27.495,96.323
120.11,72.278,29.813,93.963
110.89,64.727,33.364,106.53
130.61,53.646,32.143,111.85
158.15,45.603,31.397,109.57
152.05,51.893,29.505,91.222
NaN,NaN,NaN,-2
NaN,NaN,NaN,0
NaN,NaN,NaN,0
NaN,NaN,NaN,0
NaN,NaN,NaN,0
NaN,NaN,NaN,-1
246.62,29.999,41.792,165.15
243.49,31.667,42.22,173.17
238.86,34.328,43.757,172.93
228.45,37.549,51.202,183.73
231.5,52.337,49.262,176.31
237.91,55.415,48.741,181.12
237.53,61.24,49.15,180.4
233.46,73.67,42.947,182.91
221.48,83.278,43.268,181.57
210.46,93.731,38.732,189.34
205,102.4,35.628,180.65
196.81,96.514,36.531,188.46
191.34,97.96,38.539,154.34
186.02,99.638,37.074,143.07
183.79,98.972,36.471,169.6
184,93.234,36.1,167.24
190.14,87.133,34.832,181.58
191.17,83.493,33.29,175.8
193.93,81.027,35.238,171.38
197.22,82.76,37.165,166.04
205.12,73.58,32.19,183.13
206.76,74.367,28.54,170.62
206.99,74.866,25.761,179.24
203.91,83.757,25.181,175.83
192.68,84.457,27.935,184.54
188.15,89.695,30.651,175.83
188.62,98.256,33.138,175.88
181.73,100.33,34.42,169.95
