NaN,NaN,NaN,-1
138,29,33,135
139,29,33,135
139,29,33,135
139,30,33,135
138,30,33,135
137,31,33,135
136,31,33,135
136,31,33,135
136,32,33,135
136,32,33,135
136,32,33,135
135,33,33,135
135,34,33,135
135,34,33,135
132,35,33,135
132,35,33,135
132,35,33,135
132,34,33,135
132,34,33,135
132,33,33,135
132,33,33,135
135,32,33,135
135,32,33,135
135,32,33,135
137,32,33,135
136,32,33,135
136,33,33,135
138,33,33,135
137,33,33,135
137,33,33,135
138,34,33,135
138,34,33,135
138,35,33,135
137,35,33,135
137,36,33,135
136,36,33,135
135,37,33,135
135,37,33,135
135,37,33,135
132,36,33,135
132,37,33,135
133,36,33,135
133,36,33,135
132,36,33,135
133,37,33,135
133,38,33,135
132,38,33,135
133,39,33,135
133,39,33,135
133,39,33,135
132,39,33,135
132,39,33,135
132,39,33,135
132,39,33,134
131,39,33,135
131,39,33,135
131,38,33,135
131,38,33,135
131,38,33,135
132,37,33,135
132,37,33,135
137,37,33,135
137,37,33,135
138,38,33,135
138,38,33,135
139,38,33,135
138,38,33,135
137,38,33,135
139,38,33,135
138,38,33,135
139,38,33,135
137,39,33,135
137,39,33,135
136,39,33,135
129,39,33,135
125,38,33,135
124,38,33,135
122,38,33,135
108,34,33,135
106,34,33,135
95,27,33,135
92,27,33,135
88,26,33,135
89,24,33,135
85,22,33,135
84,21,33,135
77,19,33,135
76,18,33,135
76,18,33,135
75,17,33,135
72,15,33,135
71,15,33,135
70,14,33,135
NaN,NaN,NaN,-2
NaN,NaN,NaN,0
NaN,NaN,NaN,0
NaN,NaN,NaN,0
NaN,NaN,NaN,0
NaN,NaN,NaN,-1
112,45,52,106
112,45,52,106
112,46,52,106
112,47,52,106
112,48,52,106
110,49,52,106
112,50,52,106
113,50,52,106
113,48,52,106
116,46,52,106
115,46,52,106
116,46,52,106
118,43,52,106
114,43,52,106
110,43,52,106
115,43,52,106
116,44,52,106
118,45,52,106
116,46,52,106
116,46,52,106
116,47,52,106
115,46,52,106
116,48,52,106
118,48,52,106
116,48,52,106
117,47,52,106
119,47,52,106
118,46,52,106
119,47,52,106
117,45,52,106
118,47,52,106
119,49,52,106
119,47,52,106
121,51,52,106
122,54,52,106
123,52,52,106
124,47,52,106
123,46,52,106
118,45,52,106
119,43,52,106
119,43,52,106
119,43,52,106
190,28,52,106
188,28,52,106
184,28,52,106
183,29,52,106
181,29,52,106
179,31,52,106
157,35,52,106
156,34,52,106
148,35,52,106
148,35,52,106
123,41,52,106
120,42,52,106
123,45,52,106
126,46,52,106
121,45,52,106
121,45,52,106
142,48,52,106
141,48,52,106
142,47,52,106
142,45,52,106
142,47,52,106
145,47,52,106
143,47,52,106
144,47,52,106
145,48,52,106
146,48,52,106
149,52,52,106
149,52,52,106
149,52,52,106
149,52,52,106
NaN,NaN,NaN,-2
NaN,NaN,NaN,0
NaN,NaN,NaN,0
NaN,NaN,NaN,0
NaN,NaN,NaN,0
NaN,NaN,NaN,-1
155,64,66,27
155,64,66,27
155,64,66,27
155,64,66,27
155,64,66,27
155,64,66,27
155,64,66,27
155,64,66,27
155,64,66,27
155,64,66,27
155,64,66,27
NaN,NaN,NaN,-2
NaN,NaN,NaN,0
NaN,NaN,NaN,0
NaN,NaN,NaN,0
NaN,NaN,NaN,0
NaN,NaN,NaN,-1
176,64,28,71
179,64,28,71
180,65,28,71
181,64,28,71
181,64,28,71
181,64,28,71
179,64,28,71
178,64,28,71
177,65,28,71
176,65,28,71
174,65,28,71
174,65,28,71
