NaN,NaN,NaN,-1
129,118,85,99
130,115,85,99
131,110,85,99
128,113,85,99
129,114,85,99
128,115,85,99
128,111,85,99
129,110,85,99
128,114,85,99
129,114,85,99
127,114,85,99
126,118,85,99
125,117,85,99
123,115,85,99
120,115,85,99
119,117,85,99
116,117,85,99
111,122,85,99
108,119,85,99
107,120,85,99
103,118,85,99
100,115,85,99
99,119,85,99
101,115,85,99
99,117,85,99
101,116,85,99
100,113,85,99
99,113,85,99
100,119,85,99
100,116,85,99
98,116,85,99
96,116,85,99
87,135,85,99
89,117,85,99
75,145,85,99
74,163,85,99
75,157,85,99
76,152,85,99
78,164,85,99
80,160,85,99
81,153,85,99
85,159,85,99
85,164,85,99
87,164,85,99
88,156,85,99
91,162,85,99
93,165,85,99
95,157,85,99
97,158,85,99
99,166,85,99
99,163,85,99
100,158,85,99
102,167,85,99
104,168,85,99
105,164,85,99
103,161,85,99
103,174,85,99
100,174,85,99
98,185,85,99
93,191,85,99
87,197,85,99
87,201,85,99
82,201,85,99
82,198,85,99
82,195,85,99
82,196,85,99
86,200,85,99
82,199,85,99
84,208,85,99
81,205,85,99
82,202,85,99
152,130,85,99
149,124,85,99
148,123,85,99
147,122,85,99
147,123,85,99
145,125,85,99
146,123,85,99
144,121,85,99
142,125,85,99
142,116,85,99
142,121,85,99
119,108,85,99
114,123,85,99
NaN,NaN,NaN,-2
NaN,NaN,NaN,0
NaN,NaN,NaN,0
NaN,NaN,NaN,0
NaN,NaN,NaN,0
NaN,NaN,NaN,-1
134,120,85,99
130,124,85,99
130,120,85,99
128,121,85,99
128,123,85,99
126,122,85,99
124,122,85,99
126,121,85,99
125,123,85,99
125,122,85,99
123,123,85,99
124,123,85,99
124,122,85,99
124,124,85,99
123,120,85,99
122,124,85,99
123,122,85,99
125,121,85,99
123,124,85,99
124,125,85,99
122,127,85,99
123,122,85,99
123,125,85,99
122,129,85,99
123,123,85,99
122,126,85,99
123,126,85,99
122,124,85,99
122,125,85,99
123,129,85,99
123,127,85,99
121,124,85,99
123,122,85,99
123,125,85,99
122,124,85,99
123,125,85,99
123,129,85,99
119,126,85,99
122,126,85,99
123,127,85,99
122,127,85,99
122,124,85,99
122,124,85,99
120,127,85,99
119,125,85,99
118,125,85,99
117,127,85,99
114,146,85,99
110,158,85,99
108,166,85,99
111,167,85,99
111,190,85,99
115,198,85,99
119,197,85,99
123,207,85,99
132,194,85,99
104,189,85,99
99,144,85,99
125,126,85,99
122,124,85,99
122,124,85,99
124,126,85,99
122,125,85,99
124,124,85,99
122,123,85,99
122,122,85,99
120,121,85,99
123,123,85,99
121,121,85,99
123,125,85,99
121,121,85,99
120,125,85,99
120,123,85,99
122,124,85,99
120,123,85,99
121,120,85,99
123,132,85,99
125,138,85,99
127,152,85,99
133,159,85,99
137,154,85,99
138,145,85,99
136,133,85,99
136,126,85,99
136,125,85,99
134,139,85,99
135,135,85,99
134,135,85,99
131,122,85,99
135,134,85,99
136,131,85,99
132,131,85,99
133,131,85,99
133,129,85,99
136,124,85,99
132,127,85,99
134,126,85,99
134,124,85,99
133,131,85,99
131,129,85,99
133,126,85,99
133,127,85,99
134,129,85,99
134,129,85,99
134,126,85,99
136,120,85,99
136,129,85,99
134,130,85,99
130,127,85,99
135,129,85,99
130,128,85,99
134,126,85,99
132,129,85,99
133,128,85,99
132,128,85,99
130,127,85,99
133,127,85,99
132,128,85,99
133,131,85,99
130,136,85,99
133,134,85,99
131,128,85,99
132,134,85,99
131,135,85,99
134,135,85,99
134,140,85,99
132,138,85,99
133,138,85,99
131,140,85,99
132,135,85,99
131,133,85,99
134,121,85,99
134,119,85,99
131,120,85,99
132,121,85,99
137,126,85,99
131,126,85,99
136,132,85,99
134,141,85,99
132,149,85,99
132,161,85,99
126,166,85,99
122,176,85,99
113,184,85,99
108,192,85,99
108,190,85,99
108,197,85,99
110,189,85,99
123,198,85,99
112,186,85,99
95,186,85,99
93,142,85,99
98,124,85,99
123,110,85,99
129,112,85,99
129,111,85,99
128,112,85,99
129,111,85,99
130,111,85,99
130,112,85,99
130,113,85,99
131,115,85,99
128,115,85,99
129,114,85,99
132,118,85,99
129,116,85,99
129,117,85,99
130,118,85,99
128,121,85,99
129,120,85,99
127,121,85,99
128,122,85,99
128,120,85,99
129,124,85,99
128,125,85,99
129,125,85,99
129,125,85,99
130,123,85,99
127,124,85,99
129,117,85,99
127,116,85,99
98,151,85,99
90,167,85,99
85,165,85,99
89,190,85,99
85,188,85,99
61,188,85,99
85,183,85,99
63,184,85,99
84,185,85,99
63,182,85,99
63,183,85,99
62,183,85,99
60,182,85,99
58,184,85,99
59,189,85,99
58,183,85,99
58,181,85,99
60,184,85,99
57,184,85,99
59,185,85,99
55,183,85,99
59,175,85,99
59,181,85,99
61,186,85,99
56,177,85,99
57,179,85,99
58,185,85,99
59,186,85,99
56,186,85,99
53,189,85,99
56,181,85,99
52,187,85,99
57,186,85,99
58,186,85,99
59,187,85,99
58,182,85,99
56,178,85,99
58,186,85,99
58,184,85,99
57,186,85,99
84,163,85,99
81,187,85,99
59,183,85,99
82,192,85,99
78,188,85,99
77,193,85,99
56,189,85,99
74,183,85,99
77,180,85,99
69,191,85,99
65,198,85,99
76,188,85,99
94,149,85,99
118,132,85,99
117,126,85,99
114,125,85,99
115,127,85,99
115,127,85,99
114,124,85,99
112,126,85,99
111,125,85,99
110,125,85,99
111,125,85,99
108,126,85,99
110,126,85,99
111,124,85,99
109,130,85,99
108,127,85,99
105,126,85,99
102,127,85,99
103,130,85,99
100,127,85,99
98,128,85,99
96,129,85,99
92,128,85,99
88,123,85,99
87,125,85,99
84,126,85,99
73,130,85,99
75,128,85,99
78,129,85,99
80,122,85,99
82,124,85,99
82,125,85,99
82,124,85,99
82,128,85,99
81,123,85,99
82,125,85,99
81,125,85,99
82,126,85,99
81,125,85,99
82,128,85,99
81,126,85,99
80,122,85,99
80,125,85,99
82,125,85,99
83,127,85,99
85,124,85,99
85,126,85,99
89,126,85,99
90,122,85,99
91,126,85,99
91,123,85,99
91,126,85,99
92,122,85,99
92,124,85,99
94,123,85,99
93,122,85,99
94,122,85,99
96,124,85,99
95,124,85,99
97,123,85,99
97,119,85,99
99,119,85,99
97,119,85,99
99,119,85,99
98,117,85,99
99,115,85,99
97,117,85,99
101,116,85,99
100,118,85,99
100,118,85,99
99,120,85,99
98,117,85,99
97,119,85,99
99,116,85,99
98,117,85,99
98,117,85,99
98,120,85,99
99,119,85,99
93,126,85,99
91,131,85,99
94,129,85,99
93,147,85,99
100,156,85,99
102,177,85,99
111,116,85,99
113,123,85,99
116,117,85,99
115,118,85,99
113,121,85,99
113,120,85,99
112,119,85,99
