NaN,NaN,NaN,-1
131.9,115,77,102
131.9,115,77,102
131.9,113.8,77,102
131.9,113.8,77,102
131.9,113.8,77,102
131.9,112.6,77,102
130.8,112.6,77,102
130.8,113.8,77,102
129.7,113.8,77,102
129.7,115,77,102
128.6,115,77,102
127.5,116.2,77,102
125.3,116.2,77,102
124.2,117.4,77,102
122,118.6,77,102
118.7,118.6,77,102
116.5,119.8,77,102
113.2,121,77,102
109.9,121,77,102
107.7,121,77,102
105.5,119.8,77,102
103.3,119.8,77,102
101.1,117.4,77,102
101.1,117.4,77,102
101.1,117.4,77,102
101.1,116.2,77,102
101.1,115,77,102
102.2,112.6,77,102
101.1,112.6,77,102
101.1,110.2,77,102
101.1,109,77,102
101.1,107.8,77,102
101.1,107.8,77,102
102.2,107.8,77,102
102.2,107.8,77,102
103.3,107.8,77,102
104.4,107.8,77,102
105.5,107.8,77,102
106.6,107.8,77,102
107.7,107.8,77,102
109.9,107.8,77,102
112.1,107.8,77,102
113.2,107.8,77,102
115.4,107.8,77,102
118.7,107.8,77,102
120.9,107.8,77,102
122,107.8,77,102
124.2,107.8,77,102
126.4,107.8,77,102
128.6,107.8,77,102
129.7,109,77,102
131.9,110.2,77,102
133,111.4,77,102
135.2,112.6,77,102
136.3,113.8,77,102
138.5,112.6,77,102
139.6,113.8,77,102
138.5,116.2,77,102
140.7,119.8,77,102
141.8,122.2,77,102
141.8,122.2,77,102
142.9,122.2,77,102
142.9,122.2,77,102
144,121,77,102
144,121,77,102
144,122.2,77,102
145.1,122.2,77,102
146.2,123.4,77,102
146.2,123.4,77,102
147.3,123.4,77,102
147.3,122.2,77,102
147.3,122.2,77,102
147.3,122.2,77,102
147.3,121,77,102
147.3,121,77,102
147.3,121,77,102
146.2,121,77,102
145.1,121,77,102
144,121,77,102
142.9,121,77,102
142.9,121,77,102
141.8,119.8,77,102
140.7,111.4,77,102
140.7,121,77,102
138.5,110.2,77,102
137.4,98.2,77,102
135.2,86.2,77,102
129.7,76.6,77,102
125.3,68.2,77,102
122,63.4,77,102
118.7,57.4,77,102
115.4,55,77,102
112.1,52.6,77,102
111,50.2,77,102
109.9,49,77,102
108.8,47.8,77,102
108.8,47.8,77,102
109.9,46.6,77,102
109.9,46.6,77,102
109.9,47.8,77,102
109.9,47.8,77,102
109.9,47.8,77,102
109.9,47.8,77,102
109.9,47.8,77,102
109.9,47.8,77,102
108.8,47.8,77,102
108.8,47.8,77,102
109.9,47.8,77,102
109.9,49,77,102
109.9,49,77,102
109.9,49,77,102
108.8,49,77,102
108.8,49,77,102
108.8,49,77,102
108.8,50.2,77,102
108.8,50.2,77,102
107.7,50.2,77,102
107.7,50.2,77,102
107.7,50.2,77,102
106.6,50.2,77,102
106.6,51.4,77,102
106.6,50.2,77,102
106.6,50.2,77,102
106.6,50.2,77,102
106.6,50.2,77,102
105.5,50.2,77,102
105.5,50.2,77,102
105.5,50.2,77,102
105.5,51.4,77,102
105.5,51.4,77,102
104.4,51.4,77,102
104.4,51.4,77,102
103.3,52.6,77,102
102.2,56.2,77,102
101.1,62.2,77,102
101.1,70.6,77,102
98.9,80.2,77,102
97.8,91,77,102
96.7,103,77,102
96.7,113.8,77,102
98.9,125.8,77,102
100,137.8,77,102
103.3,152.2,77,102
118.7,121,77,102
119.8,119.8,77,102
118.7,119.8,77,102
118.7,119.8,77,102
117.6,119.8,77,102
117.6,119.8,77,102
116.5,119.8,77,102
116.5,119.8,77,102
116.5,118.6,77,102
115.4,118.6,77,102
115.4,118.6,77,102
115.4,118.6,77,102
114.3,118.6,77,102
114.3,118.6,77,102
114.3,118.6,77,102
114.3,117.4,77,102
114.3,117.4,77,102
114.3,117.4,77,102
114.3,117.4,77,102
114.3,118.6,77,102
114.3,118.6,77,102
114.3,118.6,77,102
114.3,118.6,77,102
114.3,118.6,77,102
114.3,118.6,77,102
114.3,119.8,77,102
114.3,118.6,77,102
115.4,119.8,77,102
115.4,118.6,77,102
115.4,119.8,77,102
115.4,119.8,77,102
115.4,121,77,102
114.3,122.2,77,102
114.3,123.4,77,102
114.3,124.6,77,102
114.3,124.6,77,102
114.3,125.8,77,102
113.2,127,77,102
113.2,128.2,77,102
113.2,129.4,77,102
113.2,129.4,77,102
113.2,130.6,77,102
113.2,130.6,77,102
113.2,130.6,77,102
114.3,130.6,77,102
114.3,130.6,77,102
114.3,130.6,77,102
115.4,130.6,77,102
115.4,131.8,77,102
115.4,131.8,77,102
115.4,131.8,77,102
115.4,131.8,77,102
114.3,131.8,77,102
114.3,131.8,77,102
115.4,131.8,77,102
115.4,131.8,77,102
115.4,131.8,77,102
115.4,131.8,77,102
115.4,131.8,77,102
115.4,131.8,77,102
114.3,131.8,77,102
114.3,131.8,77,102
114.3,133,77,102
114.3,133,77,102
114.3,134.2,77,102
113.2,134.2,77,102
113.2,135.4,77,102
113.2,136.6,77,102
113.2,137.8,77,102
113.2,139,77,102
113.2,139,77,102
113.2,139,77,102
113.2,139,77,102
112.1,137.8,77,102
112.1,137.8,77,102
112.1,135.4,77,102
112.1,134.2,77,102
112.1,130.6,77,102
112.1,127,77,102
112.1,122.2,77,102
113.2,117.4,77,102
113.2,112.6,77,102
114.3,109,77,102
114.3,105.4,77,102
114.3,104.2,77,102
114.3,101.8,77,102
115.4,99.4,77,102
114.3,98.2,77,102
115.4,97,77,102
115.4,97,77,102
115.4,97,77,102
115.4,97,77,102
115.4,97,77,102
115.4,97,77,102
115.4,98.2,77,102
115.4,99.4,77,102
116.5,100.6,77,102
116.5,100.6,77,102
117.6,101.8,77,102
117.6,101.8,77,102
118.7,101.8,77,102
119.8,103,77,102
119.8,104.2,77,102
120.9,104.2,77,102
122,105.4,77,102
122,106.6,77,102
122,106.6,77,102
123.1,107.8,77,102
123.1,109,77,102
123.1,110.2,77,102
123.1,111.4,77,102
123.1,111.4,77,102
123.1,112.6,77,102
122,113.8,77,102
122,115,77,102
120.9,115,77,102
120.9,116.2,77,102
120.9,117.4,77,102
120.9,117.4,77,102
120.9,118.6,77,102
120.9,118.6,77,102
120.9,118.6,77,102
120.9,118.6,77,102
120.9,118.6,77,102
120.9,119.8,77,102
120.9,119.8,77,102
120.9,119.8,77,102
120.9,119.8,77,102
119.8,121,77,102
119.8,121,77,102
118.7,121,77,102
118.7,122.2,77,102
117.6,122.2,77,102
117.6,122.2,77,102
116.5,122.2,77,102
115.4,122.2,77,102
115.4,123.4,77,102
114.3,124.6,77,102
114.3,124.6,77,102
113.2,125.8,77,102
112.1,125.8,77,102
112.1,125.8,77,102
112.1,127,77,102
112.1,125.8,77,102
108.8,127,77,102
108.8,125.8,77,102
107.7,127,77,102
107.7,127,77,102
107.7,127,77,102
106.6,128.2,77,102
106.6,128.2,77,102
106.6,128.2,77,102
106.6,128.2,77,102
106.6,128.2,77,102
106.6,128.2,77,102
106.6,128.2,77,102
106.6,128.2,77,102
105.5,128.2,77,102
105.5,129.4,77,102
105.5,129.4,77,102
105.5,129.4,77,102
105.5,129.4,77,102
105.5,129.4,77,102
105.5,128.2,77,102
108.8,127,77,102
108.8,127,77,102
108.8,125.8,77,102
108.8,127,77,102
108.8,127,77,102
108.8,127,77,102
107.7,128.2,77,102
107.7,128.2,77,102
108.8,125.8,77,102
108.8,125.8,77,102
108.8,127,77,102
108.8,125.8,77,102
109.9,125.8,77,102
109.9,124.6,77,102
109.9,123.4,77,102
109.9,123.4,77,102
109.9,123.4,77,102
109.9,122.2,77,102
108.8,122.2,77,102
107.7,121,77,102
107.7,121,77,102
106.6,121,77,102
105.5,121,77,102
104.4,121,77,102
104.4,121,77,102
103.3,121,77,102
103.3,121,77,102
102.2,121,77,102
101.1,121,77,102
101.1,119.8,77,102
100,121,77,102
98.9,121,77,102
97.8,121,77,102
95.6,122.2,77,102
93.4,122.2,77,102
91.2,123.4,77,102
89,123.4,77,102
86.8,124.6,77,102
84.6,123.4,77,102
82.4,124.6,77,102
83.5,123.4,77,102
82.4,123.4,77,102
84.6,123.4,77,102
85.7,122.2,77,102
87.9,121,77,102
90.1,121,77,102
92.3,121,77,102
93.4,122.2,77,102
93.4,122.2,77,102
93.4,123.4,77,102
93.4,123.4,77,102
92.3,123.4,77,102
91.2,123.4,77,102
90.1,123.4,77,102
90.1,123.4,77,102
90.1,123.4,77,102
90.1,123.4,77,102
91.2,123.4,77,102
91.2,123.4,77,102
92.3,123.4,77,102
93.4,123.4,77,102
94.5,123.4,77,102
96.7,123.4,77,102
97.8,123.4,77,102
98.9,123.4,77,102
100,123.4,77,102
100,122.2,77,102
101.1,122.2,77,102
102.2,122.2,77,102
102.2,122.2,77,102
103.3,122.2,77,102
104.4,122.2,77,102
104.4,121,77,102
104.4,121,77,102
105.5,119.8,77,102
106.6,118.6,77,102
106.6,117.4,77,102
106.6,117.4,77,102
107.7,116.2,77,102
107.7,116.2,77,102
108.8,116.2,77,102
108.8,116.2,77,102
108.8,115,77,102
108.8,115,77,102
108.8,115,77,102
108.8,113.8,77,102
107.7,113.8,77,102
107.7,115,77,102
106.6,113.8,77,102
105.5,115,77,102
104.4,113.8,77,102
104.4,113.8,77,102
103.3,113.8,77,102
103.3,113.8,77,102
103.3,113.8,77,102
79.1,92.2,77,102
80.2,103,77,102
83.5,113.8,77,102
86.8,128.2,77,102
106.6,115,77,102
106.6,113.8,77,102
106.6,115,77,102
106.6,115,77,102
105.5,116.2,77,102
105.5,116.2,77,102
104.4,116.2,77,102
104.4,116.2,77,102
