NaN,NaN,NaN,-1
141,37,19,98
141,31,18,97
141,38,18,97
140,41,20,97
140,38,20,94
140,41,20,98
139,37,20,98
139,37,20,97
140,41,18,98
140,42,18,98
140,34,19,94
138,36,20,97
138,41,20,96
138,35,20,96
139,38,18,98
138,38,20,95
139,37,18,98
138,41,20,96
139,35,18,97
140,33,16,98
138,34,19,98
138,35,19,97
138,37,17,96
138,40,17,98
137,37,17,98
137,39,17,96
137,39,16,94
137,39,16,95
137,42,17,97
136,42,17,95
135,42,16,95
136,45,17,95
133,42,19,95
133,43,16,94
134,47,17,95
135,49,17,95
133,45,17,95
134,44,16,95
133,43,16,97
132,40,16,96
130,39,20,96
130,38,19,96
132,39,18,96
133,38,16,98
130,41,16,95
131,44,20,97
135,46,17,95
138,47,18,95
141,45,17,96
142,44,17,94
128,34,16,98
128,36,16,98
128,38,18,98
128,43,20,97
129,46,17,98
130,48,20,97
132,56,18,98
130,61,17,96
132,64,17,95
133,67,17,94
131,69,16,94
132,70,17,96
133,72,17,95
133,70,16,95
133,73,17,94
133,70,17,95
134,70,16,96
135,71,17,95
135,70,17,94
134,70,16,94
134,69,17,94
134,67,17,94
134,65,17,95
135,61,17,96
133,63,17,94
132,62,17,95
131,63,17,95
131,62,17,95
130,57,16,97
129,58,16,95
131,54,17,94
130,50,18,96
125,41,19,94
128,42,16,94
127,40,16,95
129,36,17,94
130,33,20,96
132,33,18,94
132,31,20,95
132,28,20,95
135,25,19,94
140,27,18,95
138,22,18,95
140,20,20,94
132,19,18,95
138,21,20,96
137,16,20,95
134,17,18,95
137,19,17,95
137,16,17,95
138,14,19,94
134,11,20,95
138,15,19,95
141,14,20,97
144,14,18,95
144,17,20,96
145,14,20,95
133,10,17,96
138,16,20,96
140,17,18,94
139,20,20,95
142,21,20,97
129,13,17,96
143,22,19,97
143,24,18,94
128,13,16,95
142,21,20,97
130,19,18,94
132,20,18,94
130,24,20,94
133,22,20,95
136,24,20,95
133,22,20,97
134,22,17,98
132,22,19,95
132,26,20,95
127,22,18,95
133,23,20,96
134,22,20,97
136,21,19,95
132,22,20,94
134,22,18,95
130,23,20,96
128,15,20,97
126,12,20,95
125,11,20,97
129,10,16,95
132,10,16,95
136,12,20,98
137,12,20,96
141,14,19,96
143,14,20,96
141,17,20,97
141,19,19,97
144,21,20,94
131,15,18,96
130,17,19,97
125,19,18,98
125,19,20,95
123,23,20,96
122,26,20,96
127,20,19,95
132,22,20,94
133,21,18,95
133,19,18,95
136,21,20,94
138,24,20,96
135,25,20,98
135,27,18,98
138,29,20,96
138,33,18,94
135,37,20,95
134,38,20,94
132,38,20,94
129,38,20,97
128,36,20,95
132,39,20,95
131,35,19,94
130,33,17,94
129,30,16,95
132,32,20,97
135,30,20,94
139,32,20,97
143,32,18,94
141,30,20,95
137,31,20,94
135,29,20,97
130,29,19,96
133,30,20,96
135,32,20,94
125,26,16,98
126,30,16,94
125,25,16,94
127,29,17,95
129,26,16,96
128,32,17,96
126,27,18,98
130,35,17,97
127,37,17,96
128,39,17,94
127,41,16,94
128,43,17,96
126,47,19,95
127,47,19,95
128,44,16,94
126,43,19,94
123,44,20,95
124,39,20,95
132,41,20,94
125,41,16,95
128,40,20,94
127,38,17,95
133,37,20,96
126,41,18,95
126,43,19,94
129,41,18,95
129,42,16,94
133,41,20,95
134,40,19,95
137,43,18,95
134,44,20,94
134,44,20,95
139,49,18,94
139,52,19,94
138,49,19,95
138,49,18,96
137,48,19,94
139,47,18,94
140,52,19,95
141,48,16,94
141,48,19,96
142,55,16,95
144,58,17,95
142,44,18,96
140,56,20,96
138,54,18,94
133,55,17,96
130,57,19,96
126,54,20,97
124,52,20,97
