NaN,NaN,NaN,-1
141,38,18,102
141,37,18,102
141,37,19,102
140,39,20,102
141,38,18,102
140,36,21,102
139,35,20,102
139,36,21,102
140,38,19,102
140,40,20,102
138,38,20,101
138,38,20,102
138,36,20,100
138,33,21,101
139,36,19,103
139,34,18,101
138,35,20,102
137,36,20,102
139,34,19,102
140,34,17,103
139,34,19,102
138,33,19,102
137,32,18,102
137,36,19,101
136,36,18,102
137,37,17,100
137,34,17,102
137,37,17,100
137,40,17,103
137,38,17,102
136,37,17,103
136,40,17,101
134,41,17,101
134,40,17,99
135,43,17,101
134,45,18,102
133,44,19,99
132,41,18,99
133,41,17,99
132,39,17,101
130,40,20,102
129,38,20,100
132,37,19,102
132,37,18,101
130,40,20,99
131,43,21,102
134,44,18,100
136,44,20,99
137,40,21,100
141,39,19,102
128,33,17,102
128,34,17,102
128,33,19,102
127,36,21,102
127,37,20,102
129,39,20,102
129,41,20,102
132,47,17,102
133,50,19,102
132,54,19,100
132,56,18,102
133,58,17,101
132,62,19,100
134,64,17,100
134,66,17,101
133,65,17,101
134,64,17,100
135,64,17,99
136,64,17,99
134,65,17,99
135,64,17,99
134,64,17,99
133,61,17,100
134,59,18,99
133,60,17,100
132,59,17,101
131,59,17,100
131,49,17,101
130,48,17,100
129,43,17,100
129,41,18,99
129,39,19,101
128,37,17,99
128,37,17,99
128,33,17,100
127,30,19,99
130,28,21,101
132,28,19,99
132,26,21,100
135,24,18,101
134,18,20,99
138,20,21,101
142,19,19,100
144,19,21,99
129,13,20,101
139,16,20,100
136,15,20,99
134,13,18,99
137,15,17,99
136,12,17,101
138,10,18,99
133,9,20,99
137,14,18,99
141,13,20,100
145,12,19,100
148,12,18,102
145,15,20,100
133,9,18,101
145,18,21,101
141,16,20,99
139,16,21,101
142,17,21,103
143,20,21,102
143,21,19,101
144,24,19,99
129,10,17,100
143,22,20,100
130,15,18,99
146,24,20,100
131,16,19,99
139,24,20,102
137,23,21,99
134,20,21,100
134,23,17,101
132,20,19,99
132,24,19,99
128,20,20,101
137,21,20,102
134,19,20,101
134,21,18,99
131,19,20,99
135,20,17,99
129,22,20,102
128,18,21,100
125,14,21,100
125,14,21,100
128,13,21,99
131,10,21,100
136,15,21,103
139,13,20,99
143,14,20,100
145,12,20,101
140,15,21,101
140,19,19,99
144,20,21,99
130,12,21,101
130,16,21,101
126,16,18,102
125,18,18,101
123,21,21,101
122,23,20,99
127,19,20,100
131,22,21,99
132,18,18,99
133,17,20,99
135,17,20,100
137,22,20,100
136,25,19,102
135,28,18,102
137,29,20,101
137,32,19,99
135,35,21,100
134,36,21,99
132,37,21,99
129,39,18,99
129,36,20,99
133,38,20,99
131,37,17,99
130,35,17,99
128,28,18,99
132,30,20,101
137,30,21,99
140,32,21,102
143,32,19,99
141,28,21,99
135,27,20,103
134,29,20,99
130,26,20,102
134,26,20,101
135,27,21,99
125,24,17,102
126,25,17,99
125,25,17,101
127,25,17,101
129,24,19,101
126,30,19,102
126,24,19,102
127,31,18,102
127,27,17,102
128,30,17,102
127,38,19,101
128,39,17,100
127,45,17,99
127,45,19,101
127,42,18,99
127,40,17,101
125,39,18,99
126,39,19,99
132,38,20,101
124,40,19,99
126,36,18,99
125,36,17,99
136,38,19,99
126,39,19,99
126,37,19,99
129,36,17,99
128,37,17,99
134,39,19,99
134,41,20,99
135,44,20,101
134,42,19,99
135,39,20,99
138,50,19,99
139,47,20,99
136,47,21,101
136,48,21,100
138,48,21,101
141,48,18,102
143,47,17,99
140,44,17,101
140,50,18,101
140,47,18,99
142,42,21,100
143,48,18,101
138,45,21,102
132,52,18,102
132,52,17,101
129,51,20,102
128,52,20,103
134,53,19,100
