NaN,NaN,NaN,-1
257,163,57,36
256,163,57,36
256,163,57,36
255,162,57,36
255,162,56,36
254,162,56,37
253,162,56,37
253,161,56,37
252,161,56,37
252,161,56,37
251,161,56,37
251,161,56,37
251,161,55,37
250,160,55,37
250,160,55,37
249,160,55,37
249,160,55,37
249,160,54,37
248,160,54,37
248,159,54,37
247,159,54,37
247,159,54,37
247,159,54,37
246,159,53,37
246,159,53,37
246,158,53,37
245,158,53,37
245,158,53,37
245,158,52,37
245,158,52,37
244,157,52,37
244,157,52,37
244,157,52,37
243,157,52,37
243,157,51,37
243,157,51,37
243,156,51,37
242,156,51,37
242,156,51,37
242,156,51,37
242,156,50,37
241,155,50,37
241,155,50,37
241,155,50,36
241,155,50,36
241,155,50,36
241,155,49,36
240,154,49,36
240,154,49,36
240,154,49,36
240,154,49,36
240,154,49,36
240,154,49,36
239,154,49,36
239,153,48,36
239,153,48,36
239,153,48,36
239,153,48,36
239,153,48,36
238,153,48,36
238,153,48,36
238,152,48,36
238,152,48,36
238,152,47,36
238,152,47,36
238,152,47,36
238,152,47,36
237,152,47,36
237,152,47,36
237,151,47,36
237,151,47,36
237,151,47,36
237,151,47,36
237,151,47,36
236,151,46,35
236,151,46,35
236,150,46,35
236,150,46,35
236,150,46,35
236,150,46,35
236,150,46,35
236,150,46,35
236,150,46,35
236,149,46,35
235,149,45,35
235,149,45,35
235,149,45,35
235,149,45,35
235,149,45,35
235,149,45,35
235,149,45,35
235,148,45,35
235,148,45,35
235,148,45,35
235,148,45,35
235,148,45,35
235,148,44,35
235,148,44,35
235,148,44,35
235,148,44,35
235,147,44,35
235,147,44,35
235,147,44,35
235,147,44,35
235,147,44,35
235,147,44,35
235,147,44,35
235,147,44,35
235,147,44,35
235,147,44,35
235,147,44,35
235,147,44,35
235,146,44,35
235,146,44,35
235,146,44,35
235,146,44,35
235,146,44,35
235,146,44,35
235,146,44,35
235,146,44,35
235,146,44,35
235,146,44,35
235,146,44,35
235,146,44,35
235,146,44,35
235,146,44,35
235,146,44,35
235,146,44,35
235,146,44,35
235,146,44,35
235,146,44,35
235,146,44,35
235,146,44,35
235,146,44,35
235,146,44,35
235,146,44,35
235,146,44,35
235,146,44,35
235,146,44,35
235,146,44,35
235,146,44,35
235,146,44,35
235,146,44,35
235,146,44,35
235,146,44,35
235,146,44,35
235,146,44,35
235,146,44,35
235,146,44,35
235,146,44,35
235,146,44,35
235,146,44,35
235,146,44,35
235,146,44,35
235,146,44,35
235,146,44,35
235,146,44,35
235,146,44,35
235,146,44,35
235,146,44,35
234,146,44,35
234,146,44,35
234,146,44,35
234,146,44,35
234,146,44,35
234,146,44,35
234,146,44,35
234,146,44,35
234,146,44,35
234,146,44,35
234,146,44,35
234,146,44,35
234,146,44,35
234,146,44,35
234,146,44,35
234,146,44,35
234,146,44,35
233,146,44,35
233,146,44,35
233,146,44,35
233,146,44,35
233,146,44,35
232,147,44,35
232,147,44,35
232,147,45,35
231,147,45,35
231,147,45,35
231,147,45,35
230,147,45,35
230,147,45,36
229,147,45,36
229,147,45,36
228,147,45,36
228,147,45,36
227,147,45,36
227,147,46,36
226,147,46,37
225,147,46,37
224,147,47,38
224,147,47,38
223,147,47,38
222,147,47,39
221,147,48,39
220,147,48,39
219,147,48,40
218,147,48,40
218,147,48,40
217,147,48,40
216,147,48,40
215,147,48,41
214,147,48,41
213,147,48,41
212,148,48,41
211,148,48,41
209,148,48,41
208,148,48,41
207,148,47,41
206,148,47,42
205,148,47,42
204,149,47,42
202,149,47,42
201,149,47,42
200,149,47,42
198,149,47,42
197,149,46,42
196,149,46,42
195,149,46,42
193,149,46,42
192,150,45,42
191,150,45,42
190,150,45,42
189,150,44,42
188,150,44,41
187,150,43,41
186,150,43,41
185,150,43,41
185,150,43,40
184,150,43,40
183,150,43,40
183,150,43,40
182,149,44,40
182,149,44,41
181,149,44,41
181,149,45,41
180,149,45,41
179,148,45,41
179,148,46,42
178,148,46,42
177,148,46,42
176,148,46,42
175,147,47,43
174,147,47,43
173,147,47,44
172,146,48,44
171,146,48,45
170,146,48,45
169,145,49,45
168,145,49,46
167,145,49,46
166,144,49,46
165,144,49,47
164,144,49,47
163,144,50,47
162,144,49,47
161,144,49,47
161,143,49,47
159,143,49,47
158,143,49,47
157,143,48,47
156,143,48,47
155,143,47,47
154,143,47,47
153,143,46,47
151,143,46,46
150,143,45,46
149,142,45,46
148,142,45,46
147,142,44,45
145,142,44,45
144,142,43,45
143,142,43,44
142,142,43,44
141,142,42,44
139,142,42,43
138,142,41,43
137,142,41,43
135,142,41,43
134,142,40,42
133,142,40,42
132,142,39,42
130,142,39,41
129,142,38,41
128,142,38,40
127,141,38,40
125,141,37,40
124,141,37,39
123,141,36,39
122,141,36,39
121,141,35,38
120,141,35,38
119,141,34,37
118,141,33,36
117,141,32,35
116,142,31,35
115,142,30,34
114,142,29,34
113,142,29,33
111,142,28,33
110,142,28,32
109,141,28,32
107,141,27,32
106,141,27,32
104,141,27,31
103,141,26,31
101,141,26,31
100,140,26,31
98,140,27,31
96,139,27,31
95,139,26,31
93,139,26,30
92,139,26,30
90,139,26,30
88,138,26,30
87,138,25,29
86,138,25,29
84,138,25,29
82,137,25,29
81,137,25,29
79,137,25,29
78,137,25,29
77,137,25,29
75,136,24,28
74,136,24,28
73,136,23,28
71,136,23,27
70,136,23,27
69,136,23,27
67,136,22,26
66,136,22,26
65,135,22,26
63,135,22,26
62,135,22,26
60,135,22,26
59,134,22,26
58,134,22,26
56,134,22,26
55,134,22,26
54,134,21,25
53,133,21,25
51,133,22,25
50,133,22,25
49,133,21,25
47,133,21,25
46,133,21,25
45,133,21,24
44,132,20,24
43,132,20,24
42,132,20,24
40,132,20,24
39,132,20,24
38,132,20,24
36,131,20,24
35,131,20,24
34,131,20,24
32,130,20,24
31,130,20,24
30,130,20,24
29,130,20,24
27,129,20,24
26,129,20,24
25,129,20,23
24,129,19,23
22,129,19,23
