NaN,NaN,NaN,-1
224.66,92.657,42.753,42.753
225.43,92.583,41.947,44.367
226.93,92.583,41.14,44.367
226.97,91.08,40.333,45.173
223.96,92.583,41.947,44.367
224.66,93.28,42.753,45.173
223.92,90.273,42.753,46.787
223.89,88.733,43.56,48.4
222.31,88.587,45.98,51.627
221.5,88.55,47.593,52.433
220,89.907,48.4,54.853
216.92,88.367,51.627,56.467
213.14,89.063,54.047,57.273
208.49,88.22,59.693,59.693
204.6,88.147,64.533,61.307
199.28,87.413,68.567,61.307
196.61,89.723,62.92,58.887
191.18,89.063,69.373,57.273
185.79,88.293,75.02,58.08
185.5,88.99,49.207,58.887
177.03,88.917,58.08,60.5
171.64,88.917,63.727,60.5
164.23,90.457,65.34,58.887
157.85,89.577,60.5,62.113
149.42,92.62,68.567,59.693
140.76,96.397,65.34,57.273
129.84,100.06,63.727,57.273
117.3,99.953,65.34,59.693
105.67,102.19,62.92,58.887
91.667,105.93,64.533,57.273
80.777,108.9,62.113,56.467
72.16,110.44,58.08,54.853
61.893,113.45,58.08,53.24
55.477,116.56,54.047,49.207
49.683,119.64,52.433,45.98
40.737,123.49,55.66,41.947
38.06,125.88,50.013,37.913
36.52,128.88,51.627,36.3
42.753,128,43.56,39.527
44.99,129.98,42.753,44.367
48.583,132.77,44.367,47.593
52.91,136.91,45.98,53.24
59.253,135.85,51.627,60.5
67.98,136.55,53.24,61.307
78.137,139.7,55.66,56.467
92.143,137.46,54.047,57.273
108.42,135.34,50.82,55.66
119.39,124.04,51.627,62.113
133.17,116.86,54.853,58.887
135.23,111.65,58.08,60.5
140.43,108.02,56.467,59.693
145.05,105.01,51.627,61.307
150.41,102.04,46.787,62.113
157.78,96.873,45.98,62.92
164.56,91.589,41.947,66.247
172.11,86.277,37.107,70.18
178.37,83.893,34.396,74.213
182.49,81.29,34.687,66.953
185.46,79.09,33.88,66.953
187.64,76.157,34.264,66.953
189.13,71.757,33.88,66.953
192.76,66.477,34.687,70.18
200.86,63.543,33.88,70.18
209.7,62.48,33.073,61.307
215.45,62.48,35.493,61.307
222.82,59.4,34.687,64.533
230.19,61.82,33.88,59.693
236.83,58.703,33.073,63.727
240.53,60.207,32.267,62.92
242.66,63.323,33.88,58.887
244.05,65.56,35.493,58.08
244.05,63.03,35.493,65.34
240.39,63.69,35.493,66.953
236.76,65.927,34.687,66.147
235.25,68.97,35.493,63.727
235.25,72.673,35.493,62.92
234.52,74.763,35.493,65.34
235.29,76.193,34.687,66.147
238.22,79.2,34.687,64.533
238.96,84.37,34.687,63.727
239.69,89.65,34.687,60.5
241.89,96.295,34.687,57.38
243.32,102.37,35.493,54.853
247.06,99.953,33.88,59.693
249.33,105.2,32.305,57.273
250.76,111.87,33.073,55.66
253.62,121.55,34.687,52.433
256.52,122.83,35.493,56.467
257.14,129.47,37.913,55.66
256.41,135.37,37.913,54.853
254.25,140.51,37.107,54.853
251.31,141.24,37.107,54.853
249.08,139.77,37.913,54.853
246.27,133.03,35.036,58.08
243.36,126.17,34.687,63.727
240.24,120.27,38.72,64.533
236.61,108.09,37.913,74.213
232.83,101.24,40.333,79.86
229.57,94.453,31.46,83.893
225.21,89.577,30.653,78.247
217.76,89.54,33.073,79.053
208.34,98.597,30.653,73.407
197.27,99.55,32.267,68.567
187.84,101.02,29.847,68.567
178.27,103.29,30.653,66.953
170.24,108.64,29.847,62.113
162.76,113.81,33.073,61.307
153.23,111.43,32.965,65.34
141.46,112.24,33.88,63.727
135.7,110.95,31.46,59.693
128.96,114.03,34.687,56.467
126.83,106.22,33.073,50.82
125.29,97.313,34.687,53.24
126.1,93.243,33.073,45.98
126.13,85.213,32.267,45.173
128.44,78.613,29.847,45.173
132.99,73.59,26.62,42.753
132.88,67.687,29.04,43.56
135.15,65.377,27.427,45.98
134.35,63.873,29.04,46.787
138.12,62.517,26.62,44.367
141.86,62.48,25.007,45.173
144.03,61.563,25.813,49.207
144.65,63.042,28.233,48.426
145.35,63.763,29.04,49.207
148.32,65.267,28.233,48.4
150.48,65.646,29.04,48.002
153.45,65.267,28.233,48.4
156.16,64.571,33.073,47.571
160.64,65.377,31.46,45.98
160.49,65.377,34.687,45.98
161.94,66.807,35.063,46.787
164.23,66.697,33.073,49.207
167.2,65.157,32.267,50.82
172.52,62.92,28.233,51.627
176.11,59.95,29.847,52.433
177.5,59.767,31.46,56.467
178.24,57.383,31.46,60.5
177.32,57.273,35.493,62.92
178.77,53.827,37.047,58.08
180.88,56.833,37.913,56.467
182.31,58.373,38.673,54.853
186.05,59.107,37.107,54.853
187.45,62.847,36.402,53.24
186.93,66.587,33.88,51.627
181.68,72.49,36.3,50.82
180.91,79.75,37.107,52.433
180.88,84.003,37.913,55.66
178.79,89.907,35.493,54.853
173.31,93.427,35.082,58.08
165.55,101.53,36.3,57.273
153.67,113.45,39.527,53.24
140.43,121.59,40.333,51.627
127.75,129.65,45.173,51.627
119.53,135.7,48.4,47.577
115.21,137.79,46.716,50.013
111.61,143.04,45.173,47.593
105.67,149.05,46.787,45.134
99.807,154.99,46.787,42.753
94.637,159.85,47.593,40.734
93.28,163.94,45.173,39.527
88.77,168.45,47.593,37.107
84.407,170.76,46.787,34.687
80.813,171.49,45.173,34.687
74.983,173.07,44.367,32.267
68.31,174.61,45.98,30.653
64.643,173.87,45.98,30.653
61.673,172.33,46.787,32.267
58.74,171.6,46.787,32.267
54.377,171.66,45.98,30.986
50.71,170.98,45.98,29.847
46.787,170.24,51.627,29.847
43.083,170.21,52.433,30.653
39.38,167.93,53.24,32.267
38.72,161.44,51.627,29.847
36.263,149.56,57.273,33.073
43.157,139.37,50.82,31.46
45.283,129.8,52.433,32.267
47.447,120.82,53.24,36.3
45.1,115.65,56.467,37.107
45.137,108.9,55.66,40.333
45.027,102.08,58.08,45.173
44.183,96.983,60.5,44.367
44.037,92.547,63.727,45.173
43.963,88.917,65.34,44.367
43.817,83.637,68.567,47.593
45.98,80.043,69.373,45.98
56.577,77.037,62.113,47.593
68.713,74.8,53.24,48.4
73.883,72.417,52.433,52.433
78.283,69.3,52.433,56.467
83.49,67.723,50.82,58.887
86.46,67.21,50.013,54.047
87.89,69.447,50.82,53.24
89.357,71.683,50.82,52.433
89.357,76.23,50.82,49.207
89.357,79.163,50.82,49.207
91.593,82.17,50.013,47.593
93.757,85.873,50.82,46.787
95.187,89.65,51.627,44.367
96.58,93.5,53.24,40.333
98.743,97.167,54.047,40.333
101.71,100.8,53.24,41.14
104.61,105.89,54.047,41.947
108.24,112.53,54.853,41.14
113.34,114.66,55.66,42.753
119.2,114.47,55.66,46.787
124.3,118.91,56.467,45.98
132.51,122.03,53.24,41.947
135.26,125,57.273,41.14
141.13,124.92,57.273,42.753
149.27,122.54,55.66,46.787
157.48,121.07,52.433,46.787
165.7,117.26,49.207,50.013
172.41,114.95,46.787,52.433
177.65,112.75,44.367,52.433
184.29,111.28,43.56,52.433
188.91,108.31,38.72,53.24
194.88,104.5,36.3,56.467
201.56,103.11,34.687,54.853
209,97.973,32.267,54.853
214.87,96.433,32.267,56.467
220.18,95.7,28.233,56.467
224.66,96.433,26.62,56.467
228.4,97.203,25.007,55.66
230.6,97.13,25.007,57.273
232.76,100.17,25.813,54.853
235.73,102.48,25.007,52.433
234.92,106,26.62,55.66
233.53,107.4,25.007,57.273
231.95,109.56,27.427,58.08
231.88,111.8,29.04,57.273
232.65,114.03,28.233,56.467
233.38,115.46,28.233,57.273
233.27,119.17,30.653,56.467
234.08,120.67,29.04,55.66
233.35,124.41,29.04,54.047
233.31,126.57,29.847,54.853
232.61,131.05,29.04,53.24
232.61,136.25,29.04,51.627
233.35,142.96,29.04,49.207
233.93,147.33,32.267,50.013
236.1,148.72,33.073,51.627
