NaN,NaN,NaN,-1
257,163,57,36
256,163,57,36
256,163,57,36
254,162,57,36
254,162,57,36
253,162,57,36
253,162,57,36
253,162,57,36
251,161,57,36
251,161,57,36
251,161,57,36
250,161,57,36
250,161,57,36
250,161,57,36
249,161,57,36
248,160,57,36
248,160,57,36
247,160,57,36
247,160,57,36
247,160,57,36
246,159,57,36
246,159,57,36
245,159,57,36
245,159,57,36
245,159,57,36
245,159,57,36
244,158,57,36
244,158,57,36
243,158,57,36
243,158,57,36
243,158,57,36
243,158,57,36
242,157,57,36
242,157,57,36
242,157,57,36
242,157,57,36
242,157,57,36
241,157,57,36
241,156,57,36
240,156,57,36
240,156,57,36
240,156,57,36
240,156,57,36
240,156,57,36
239,155,57,36
239,155,57,36
239,155,57,36
239,155,57,36
239,155,57,36
239,155,57,36
238,154,57,36
238,154,57,36
238,154,57,36
238,154,57,36
238,154,57,36
238,154,57,36
238,154,57,36
237,153,57,36
237,153,57,36
237,153,57,36
237,153,57,36
237,153,57,36
237,153,57,36
236,152,57,36
236,152,57,36
236,152,57,36
236,152,57,36
236,152,57,36
236,152,57,36
236,152,57,36
235,151,57,36
235,151,57,36
235,151,57,36
235,151,57,36
235,151,57,36
235,151,57,36
235,151,57,36
234,150,57,36
234,150,57,36
234,150,57,36
234,150,57,36
234,150,57,36
234,150,57,36
234,150,57,36
234,150,57,36
233,149,57,36
233,149,57,36
233,149,57,36
233,149,57,36
233,149,57,36
233,149,57,36
233,149,57,36
233,149,57,36
233,149,57,36
233,148,57,36
233,148,57,36
233,148,57,36
233,148,57,36
233,148,57,36
233,148,57,36
233,148,57,36
233,148,57,36
233,148,57,36
233,148,57,36
233,148,57,36
233,148,57,36
233,148,57,36
233,148,57,36
233,148,57,36
233,148,57,36
233,148,57,36
233,148,57,36
233,148,57,36
233,148,57,36
233,148,57,36
233,148,57,36
233,148,57,36
233,148,57,36
233,148,57,36
233,148,57,36
233,148,57,36
233,148,57,36
233,148,57,36
233,148,57,36
233,148,57,36
233,148,57,36
233,148,57,36
233,148,57,36
233,148,57,36
233,148,57,36
233,148,57,36
233,148,57,36
233,148,57,36
233,148,57,36
233,148,57,36
233,148,57,36
233,148,57,36
233,148,57,36
233,148,57,36
233,148,57,36
233,148,57,36
233,148,57,36
233,148,57,36
233,148,57,36
233,148,57,36
233,148,57,36
233,148,57,36
233,148,57,36
233,148,57,36
233,148,57,36
233,148,57,36
233,148,57,36
233,148,57,36
233,148,57,36
233,148,57,36
233,148,57,36
233,148,57,36
233,148,57,36
233,148,57,36
233,148,57,36
233,148,57,36
233,148,57,36
233,148,57,36
233,148,57,36
233,148,57,36
233,148,57,36
233,148,57,36
233,148,57,36
233,148,57,36
233,148,57,36
233,148,57,36
233,148,57,36
233,148,57,36
233,148,57,36
233,148,57,36
233,148,57,36
233,148,57,36
233,148,57,36
233,148,57,36
233,148,57,36
233,148,57,36
233,148,57,36
233,148,57,36
233,148,57,36
233,148,57,36
233,148,57,36
233,148,57,36
233,148,57,36
233,148,57,36
233,148,57,36
233,148,57,36
233,148,57,36
233,148,57,36
233,148,57,36
233,148,57,36
233,148,57,36
233,148,57,36
233,148,57,36
233,148,57,36
233,148,57,36
233,148,57,36
233,148,57,36
233,148,57,36
233,148,57,36
233,148,57,36
233,148,57,36
233,148,57,36
233,148,57,36
233,148,57,36
233,148,57,36
233,148,57,36
233,148,57,36
233,148,57,36
233,148,57,36
233,148,57,36
233,148,57,36
233,148,57,36
233,148,57,36
233,148,57,36
233,148,57,36
233,148,57,36
233,148,57,36
233,148,57,36
233,148,57,36
233,148,57,36
233,148,57,36
233,148,57,36
233,148,57,36
233,148,57,36
233,148,57,36
233,148,57,36
233,148,57,36
233,148,57,36
233,148,57,36
233,148,57,36
233,148,57,36
233,148,57,36
233,148,57,36
233,148,57,36
233,148,57,36
233,148,57,36
233,148,57,36
233,148,57,36
233,148,57,36
233,148,57,36
233,148,57,36
NaN,NaN,NaN,-2
NaN,NaN,NaN,0
NaN,NaN,NaN,0
NaN,NaN,NaN,0
NaN,NaN,NaN,0
NaN,NaN,NaN,-1
161,158,63,22
159,158,63,22
157,158,63,22
156,157,63,22
154,157,63,22
153,157,63,22
151,157,63,22
149,157,63,22
148,156,63,22
146,156,63,22
144,156,63,22
143,156,63,22
141,156,63,22
140,156,63,22
139,155,63,22
137,155,63,22
136,155,63,22
134,155,63,22
133,155,63,22
131,154,63,22
130,154,63,22
128,154,63,22
127,154,63,22
125,153,63,22
124,153,63,22
122,153,63,22
121,153,63,22
119,152,63,22
118,152,63,22
116,152,63,22
115,151,63,22
113,151,63,22
112,151,63,22
110,151,63,22
109,150,63,22
107,150,63,22
106,150,63,22
104,149,63,22
103,149,63,22
101,149,63,22
100,149,63,22
98,148,63,22
97,148,63,22
95,148,63,22
94,148,63,22
92,147,63,22
91,147,63,22
89,147,63,22
88,146,63,22
86,146,63,22
85,146,63,22
83,145,63,22
81,145,63,22
80,145,63,22
78,145,63,22
77,144,63,22
75,144,63,22
74,144,63,22
72,143,63,22
70,143,63,22
69,143,63,22
67,142,63,22
66,142,63,22
64,142,63,22
62,141,63,22
61,141,63,22
59,141,63,22
57,140,63,22
56,140,63,22
55,140,63,22
53,140,63,22
51,139,63,22
50,139,63,22
48,139,63,22
46,138,63,22
45,138,63,22
43,138,63,22
41,137,63,22
40,137,63,22
39,137,63,22
37,136,63,22
36,136,63,22
34,136,63,22
33,136,63,22
31,135,63,22
30,135,63,22
29,135,63,22
27,135,63,22
26,134,63,22
24,134,63,22
23,134,63,22
22,134,63,22
20,133,63,22
19,133,63,22
18,133,63,22
17,133,63,22
15,132,63,22
14,132,63,22
13,132,63,22
11,132,63,22
1,132,63,22
1,132,63,22
1,132,63,22
1,132,63,22
1,132,63,22
1,132,63,22
1,132,63,22
1,132,63,22
1,132,63,22
1,132,63,22
1,132,63,22
1,132,63,22
1,132,63,22
1,132,63,22
1,132,63,22
1,132,63,22
1,132,63,22
1,132,63,22
1,132,63,22
1,132,63,22
1,132,63,22
