NaN,NaN,NaN,-1
338,165,25,60
338,164,25,60
337,168,25,60
347,173,25,60
340,172,25,60
335,173,25,60
330,173,25,60
324,170,25,60
330,173,25,60
332,166,25,60
331,166,25,60
331,164,25,60
328,164,25,60
328,168,25,60
333,168,25,60
333,174,25,60
331,168,25,60
323,172,25,60
321,170,25,60
329,165,25,60
329,164,25,60
331,164,25,60
331,159,25,60
331,159,25,60
329,159,25,60
330,158,25,60
328,164,25,60
329,162,25,60
330,157,25,60
329,157,25,60
331,158,25,60
331,157,25,60
333,155,25,60
333,153,25,60
333,154,25,60
334,155,25,60
332,159,25,60
332,161,25,60
331,165,25,60
330,162,25,60
328,164,25,60
334,158,25,60
334,157,25,60
335,153,25,60
335,153,25,60
333,153,25,60
335,155,25,60
333,156,25,60
334,163,25,60
334,159,25,60
330,161,25,60
335,159,25,60
337,158,25,60
338,159,25,60
338,157,25,60
338,158,25,60
339,158,25,60
340,162,25,60
337,163,25,60
337,160,25,60
333,161,25,60
334,161,25,60
335,163,25,60
332,160,25,60
331,155,25,60
329,157,25,60
327,158,25,60
327,159,25,60
325,162,25,60
323,163,25,60
320,164,25,60
321,163,25,60
318,164,25,60
325,158,25,60
327,155,25,60
326,156,25,60
326,158,25,60
326,159,25,60
323,163,25,60
323,163,25,60
320,164,25,60
320,162,25,60
322,164,25,60
324,160,25,60
325,161,25,60
326,155,25,60
325,158,25,60
325,161,25,60
326,162,25,60
327,166,25,60
328,164,25,60
328,166,25,60
329,162,25,60
330,164,25,60
334,165,25,60
337,162,25,60
331,161,25,60
335,165,25,60
336,164,25,60
336,164,25,60
336,164,25,60
335,164,25,60
335,166,25,60
335,164,25,60
335,164,25,60
339,162,25,60
342,173,25,60
337,163,25,60
340,161,25,60
346,164,25,60
352,167,25,60
350,171,25,60
349,169,25,60
351,166,25,60
353,167,25,60
364,169,25,60
368,169,25,60
375,168,25,60
377,170,25,60
370,169,25,60
371,172,25,60
369,173,25,60
368,171,25,60
367,174,25,60
365,172,25,60
370,173,25,60
374,174,25,60
374,176,25,60
381,170,25,60
376,170,25,60
377,177,25,60
380,177,25,60
377,178,25,60
378,178,25,60
378,176,25,60
379,179,25,60
386,180,25,60
386,183,25,60
388,176,25,60
389,176,25,60
396,178,25,60
397,182,25,60
394,184,25,60
396,185,25,60
399,182,25,60
401,182,25,60
401,184,25,60
407,189,25,60
410,180,25,60
411,179,25,60
411,178,25,60
415,181,25,60
418,183,25,60
412,184,25,60
411,182,25,60
412,179,25,60
410,180,25,60
411,182,25,60
416,181,25,60
426,179,25,60
416,176,25,60
415,178,25,60
418,182,25,60
423,186,25,60
423,186,25,60
426,187,25,60
431,184,25,60
438,188,25,60
446,183,25,60
449,185,25,60
451,177,25,60
454,178,25,60
458,181,25,60
461,178,25,60
464,181,25,60
463,179,25,60
465,177,25,60
465,174,25,60
466,174,25,60
468,173,25,60
469,173,25,60
468,167,25,60
469,172,25,60
469,174,25,60
474,175,25,60
474,181,25,60
470,182,25,60
471,182,25,60
470,184,25,60
469,182,25,60
468,182,25,60
465,185,25,60
463,177,25,60
461,179,25,60
459,179,25,60
459,180,25,60
457,181,25,60
455,182,25,60
455,181,25,60
454,180,25,60
454,180,25,60
457,179,25,60
458,176,25,60
457,171,25,60
457,172,25,60
456,171,25,60
458,171,25,60
456,169,25,60
453,169,25,60
451,172,25,60
450,170,25,60
449,169,25,60
449,171,25,60
451,170,25,60
452,169,25,60
449,166,25,60
451,166,25,60
448,168,25,60
452,168,25,60
454,169,25,60
453,168,25,60
451,165,25,60
453,165,25,60
455,166,25,60
456,165,25,60
454,165,25,60
452,166,25,60
454,160,25,60
454,160,25,60
456,160,25,60
459,159,25,60
461,159,25,60
465,159,25,60
465,158,25,60
471,155,25,60
476,155,25,60
481,156,25,60
487,155,25,60
496,154,25,60
503,147,25,60
506,146,25,60
511,147,25,60
523,141,25,60
529,144,25,60
532,142,25,60
534,139,25,60
538,137,25,60
540,135,25,60
540,136,25,60
539,134,25,60
536,133,25,60
534,130,25,60
533,130,25,60
531,130,25,60
530,128,25,60
528,134,25,60
528,134,25,60
522,132,25,60
523,133,25,60
521,132,25,60
519,132,25,60
514,133,25,60
510,128,25,60
510,127,25,60
508,127,25,60
506,123,25,60
504,121,25,60
504,125,25,60
501,123,25,60
497,117,25,60
496,112,25,60
495,113,25,60
493,111,25,60
491,107,25,60
488,106,25,60
488,103,25,60
488,101,25,60
488,101,25,60
489,103,25,60
491,103,25,60
492,104,25,60
493,104,25,60
492,101,25,60
492,99,25,60
494,99,25,60
495,97,25,60
495,98,25,60
495,98,25,60
494,95,25,60
494,92,25,60
495,91,25,60
495,90,25,60
496,92,25,60
496,96,25,60
496,96,25,60
493,97,25,60
491,96,25,60
491,99,25,60
487,101,25,60
484,98,25,60
478,95,25,60
472,94,25,60
468,94,25,60
464,91,25,60
460,93,25,60
458,97,25,60
455,95,25,60
450,101,25,60
447,103,25,60
446,102,25,60
445,106,25,60
441,105,25,60
438,104,25,60
437,106,25,60
435,105,25,60
434,101,25,60
430,101,25,60
430,102,25,60
431,104,25,60
433,98,25,60
433,97,25,60
434,99,25,60
434,100,25,60
432,99,25,60
431,100,25,60
430,100,25,60
430,102,25,60
429,101,25,60
427,102,25,60
427,104,25,60
422,106,25,60
422,105,25,60
420,104,25,60
419,105,25,60
417,106,25,60
415,102,25,60
413,105,25,60
410,104,25,60
403,104,25,60
403,102,25,60
400,101,25,60
399,102,25,60
398,102,25,60
393,102,25,60
386,104,25,60
387,105,25,60
386,108,25,60
384,105,25,60
384,105,25,60
