NaN,NaN,NaN,-1
337,165,25,60
337,165,25,60
338,168,25,60
348,170,25,60
340,172,25,60
335,173,25,60
331,172,25,60
323,171,25,60
331,173,25,60
331,167,25,60
332,163,25,60
331,163,25,60
329,165,25,60
328,169,25,60
332,169,25,60
333,173,25,60
331,168,25,60
323,176,25,60
321,172,25,60
328,164,25,60
328,164,25,60
333,163,25,60
332,160,25,60
332,159,25,60
331,160,25,60
330,160,25,60
328,164,25,60
330,159,25,60
330,158,25,60
330,156,25,60
330,157,25,60
331,157,25,60
333,155,25,60
333,153,25,60
333,155,25,60
334,156,25,60
333,159,25,60
332,163,25,60
332,164,25,60
330,163,25,60
327,165,25,60
334,155,25,60
335,156,25,60
335,152,25,60
335,153,25,60
334,154,25,60
334,154,25,60
332,157,25,60
333,163,25,60
333,159,25,60
330,164,25,60
336,159,25,60
337,160,25,60
337,160,25,60
339,157,25,60
337,158,25,60
339,159,25,60
340,161,25,60
337,164,25,60
336,160,25,60
333,159,25,60
332,161,25,60
333,162,25,60
333,158,25,60
331,154,25,60
330,155,25,60
326,159,25,60
327,158,25,60
323,162,25,60
322,162,25,60
321,163,25,60
320,162,25,60
322,161,25,60
325,159,25,60
326,155,25,60
326,156,25,60
325,158,25,60
325,160,25,60
324,164,25,60
322,161,25,60
320,164,25,60
320,162,25,60
322,162,25,60
323,160,25,60
324,161,25,60
326,155,25,60
326,157,25,60
325,161,25,60
326,162,25,60
327,166,25,60
328,165,25,60
328,165,25,60
330,163,25,60
330,163,25,60
335,163,25,60
336,162,25,60
332,161,25,60
334,165,25,60
336,165,25,60
335,163,25,60
336,164,25,60
335,166,25,60
335,168,25,60
336,164,25,60
334,163,25,60
340,162,25,60
341,173,25,60
338,161,25,60
341,162,25,60
348,167,25,60
352,166,25,60
350,170,25,60
349,169,25,60
351,166,25,60
354,166,25,60
364,172,25,60
367,170,25,60
377,165,25,60
377,170,25,60
370,170,25,60
370,174,25,60
370,171,25,60
367,172,25,60
368,173,25,60
366,170,25,60
369,174,25,60
373,173,25,60
374,177,25,60
376,171,25,60
376,170,25,60
377,177,25,60
381,180,25,60
376,178,25,60
379,177,25,60
379,175,25,60
379,176,25,60
387,179,25,60
386,182,25,60
388,175,25,60
388,177,25,60
394,179,25,60
396,182,25,60
395,184,25,60
395,185,25,60
400,181,25,60
401,183,25,60
401,184,25,60
410,184,25,60
411,180,25,60
412,178,25,60
411,180,25,60
415,182,25,60
419,183,25,60
413,184,25,60
410,181,25,60
413,179,25,60
411,178,25,60
411,184,25,60
416,183,25,60
426,180,25,60
414,176,25,60
415,178,25,60
417,182,25,60
424,184,25,60
423,185,25,60
424,185,25,60
428,191,25,60
440,183,25,60
446,185,25,60
449,183,25,60
451,177,25,60
454,179,25,60
457,178,25,60
461,178,25,60
464,180,25,60
463,180,25,60
465,177,25,60
466,174,25,60
467,172,25,60
467,172,25,60
469,172,25,60
469,167,25,60
469,170,25,60
469,175,25,60
473,174,25,60
474,179,25,60
470,184,25,60
471,182,25,60
471,183,25,60
470,181,25,60
467,182,25,60
465,184,25,60
463,178,25,60
461,179,25,60
460,180,25,60
460,180,25,60
457,183,25,60
455,182,25,60
456,181,25,60
455,180,25,60
454,180,25,60
457,180,25,60
458,175,25,60
458,175,25,60
457,172,25,60
457,172,25,60
458,171,25,60
456,169,25,60
453,170,25,60
451,173,25,60
450,170,25,60
450,170,25,60
450,169,25,60
451,170,25,60
451,168,25,60
450,166,25,60
450,167,25,60
449,165,25,60
451,168,25,60
453,169,25,60
452,170,25,60
451,167,25,60
453,165,25,60
456,165,25,60
456,165,25,60
455,165,25,60
453,167,25,60
454,161,25,60
454,159,25,60
455,161,25,60
458,159,25,60
462,160,25,60
465,158,25,60
465,158,25,60
471,155,25,60
477,154,25,60
481,155,25,60
487,156,25,60
495,152,25,60
502,150,25,60
506,146,25,60
511,146,25,60
521,144,25,60
530,141,25,60
533,142,25,60
534,139,25,60
539,136,25,60
540,136,25,60
538,133,25,60
539,134,25,60
536,135,25,60
535,130,25,60
533,129,25,60
530,128,25,60
530,130,25,60
529,134,25,60
526,134,25,60
522,131,25,60
522,132,25,60
521,131,25,60
517,130,25,60
514,133,25,60
510,126,25,60
509,127,25,60
509,126,25,60
507,124,25,60
505,122,25,60
504,123,25,60
502,124,25,60
499,117,25,60
496,114,25,60
495,111,25,60
493,110,25,60
491,109,25,60
488,107,25,60
488,104,25,60
488,101,25,60
487,101,25,60
489,101,25,60
492,105,25,60
492,103,25,60
492,104,25,60
492,102,25,60
492,99,25,60
493,98,25,60
495,98,25,60
496,97,25,60
494,98,25,60
494,96,25,60
494,91,25,60
494,90,25,60
495,90,25,60
496,92,25,60
497,94,25,60
496,96,25,60
494,96,25,60
492,95,25,60
491,100,25,60
487,101,25,60
484,98,25,60
477,96,25,60
472,94,25,60
468,94,25,60
464,92,25,60
460,92,25,60
460,101,25,60
455,95,25,60
450,103,25,60
448,104,25,60
446,103,25,60
445,106,25,60
441,104,25,60
437,105,25,60
437,106,25,60
436,105,25,60
434,102,25,60
431,102,25,60
430,102,25,60
430,105,25,60
432,99,25,60
432,97,25,60
434,99,25,60
434,100,25,60
432,98,25,60
431,101,25,60
430,98,25,60
429,102,25,60
429,101,25,60
426,102,25,60
426,104,25,60
422,104,25,60
422,106,25,60
421,104,25,60
419,107,25,60
418,107,25,60
415,104,25,60
413,105,25,60
407,102,25,60
405,103,25,60
403,100,25,60
400,102,25,60
394,100,25,60
395,103,25,60
386,102,25,60
385,102,25,60
385,102,25,60
383,105,25,60
384,106,25,60
383,105,25,60
