NaN,NaN,NaN,-1
165.87,76.114,46.456,49.407
164.31,74.867,48.404,51.335
163.57,74.383,49.308,52.171
162.93,73.321,49.866,52.698
162.19,73.722,49.915,52.757
162.5,74.351,48.577,51.533
161.56,75.119,46.216,49.184
160.39,74.475,46.737,49.634
158.76,74.11,47.341,50.247
156.29,72.521,48.339,51.321
152.49,70.26,50.528,53.574
151.43,68.805,50.227,53.554
147.6,69.319,46.736,49.729
142.57,65.724,51.463,54.181
141.29,66.379,47.946,50.891
135.7,65.227,49.344,52.189
132.06,63.842,49.596,52.49
119.9,57.979,61.868,63.141
114.34,57.652,63.268,64.101
110.11,58.33,63.608,64.103
105.45,57.167,63.965,64.209
104.53,56.376,63.318,63.708
100.07,55.385,61.682,62.156
116.87,64.269,47.981,50.287
113.12,59.398,52.405,54.967
109.93,59.279,52.348,54.716
105,59.291,52.254,54.475
92.441,56.727,46.204,49.09
88.504,56.334,49.84,52.555
85.944,57.403,50.82,53.41
82.951,64.076,43.873,46.358
82.634,67.228,40.408,42.905
82.782,70.147,37.623,40.147
82.162,71.695,35.998,38.422
82.344,72.383,35.385,37.712
82.023,73.164,35.429,37.657
82.794,74.294,34.796,37.038
84,75.586,34.333,36.599
84.498,76.927,33.827,36.043
84.685,78.714,34.639,36.888
85.207,81.344,35.1,37.39
85.949,84.278,35.173,37.516
86.017,88.399,34.708,37.074
86.334,91.499,33.749,36.029
87.491,93.402,35.554,37.803
90.248,95.618,37.275,39.54
92.914,97.983,38.382,40.769
95.868,99.548,38.961,41.417
97.823,97.128,45.432,48.018
99.742,97.75,48.115,50.458
103.44,103.03,40.923,43.367
106.05,103.97,37.114,39.207
109.77,108.88,38.975,40.876
118.95,109.68,36.259,38.677
119.04,109.24,37.568,39.469
127.08,105.94,37.852,39.792
131.98,105.4,39.255,41.69
134.82,107.09,38.235,40.542
138.27,108.15,37.399,39.437
141.5,108.58,35.905,37.82
148.43,108.53,35.731,37.842
152.41,109.19,32.995,34.843
156.32,109.93,33.504,35.355
163.18,107.78,36.887,39.21
167.86,107.01,37.663,39.753
171.26,104.83,39.922,41.865
172.76,107.74,42.962,45.064
175.56,106.91,47.026,48.998
185.21,112.56,36.792,39.052
188.57,114.05,36.177,38.494
192.15,115.97,34.966,37.34
192.49,116.64,37.078,39.217
195.03,117.36,36.44,38.662
197.81,118.34,35.731,37.943
201.81,120.79,32.561,34.72
207.23,124.71,37.88,40.098
204.42,127.67,43.996,46.161
204,129.14,44.65,46.939
203.47,131.4,44.618,46.944
204.07,134.02,42.967,45.407
203.95,135.56,41.209,43.732
202.91,136.27,40.779,43.463
200.24,135.74,43.756,46.4
197.26,135.31,47.997,50.492
194.95,134.54,50.891,53.383
192.32,141.93,46.327,48.552
186.73,140.95,49.591,51.43
183.73,139.47,52.22,53.785
179.76,139.17,54.671,56.028
176.72,139.54,53.376,54.619
174.22,137.96,52.737,53.915
171.69,138.01,52.341,53.649
170.62,137.92,49.988,51.593
170.46,133.88,50.558,52.249
169.28,130.07,50.763,52.383
169.83,125.48,49.877,51.511
170.51,122.9,46.667,48.488
170.56,120.46,44.101,46.045
171.66,118.05,41.169,43.164
171.21,115.44,39.068,41.103
170.78,115.62,33.669,35.644
171.01,113.24,36.931,39.107
169.87,102.32,41.806,44.213
169.46,96.21,48.847,51.088
167.93,91.036,52.297,54.508
167.96,88.37,51.9,54.082
167.45,86.473,52.644,54.645
167.53,83.78,53.061,55.084
167.07,84.807,52.447,54.603
165.46,84.918,53.126,55.276
164.84,85.875,53.137,55.367
165.55,87.964,49.533,52
165.26,90.104,47.756,50.248
165.05,90.779,47.832,50.216
165.45,91.337,46.922,49.311
165.9,92.223,46.091,48.454
167.33,92.736,44.529,46.84
168.49,94.049,42.776,45.033
169.54,95.012,41.404,43.656
170.42,95.85,39.602,41.809
170.99,96.064,39.147,41.278
172.39,96.061,39.13,41.201
174.44,96.604,37.659,39.721
175.82,96.98,36.822,38.853
176.32,97.426,35.196,37.263
176.07,96.87,35.133,37.186
175.56,92.01,44.77,45.844
175.24,90.708,45.607,46.586
176.09,87.75,44.836,45.825
182.13,87.328,36.678,38.148
183.59,84.582,34.177,35.734
188.95,81.758,29.307,30.654
188.49,77.126,30.138,31.44
190.05,74.133,29.511,30.58
191,74.664,23.814,25.398
188.74,69.973,23.699,25.114
187.02,66.733,23.59,24.914
185.34,62.299,25.136,26.337
187.72,58.987,22.819,24.18
188.6,50.346,26.63,27.725
190.19,46.5,27.04,28.08
193.43,42.479,24.494,25.406
192.18,43.213,26.906,27.556
198.49,48.677,20.474,21.524
199.78,49.367,18.435,19.409
196.43,50.847,19.479,20.175
198.53,56.607,14.362,15.228
197.8,58.727,15.82,16.386
197.18,60.463,14.336,15.131
194.84,61.918,14.621,15.437
191.07,63.708,16.115,16.833
188.38,64.721,14.546,15.332
NaN,NaN,NaN,-2
NaN,NaN,NaN,0
NaN,NaN,NaN,0
NaN,NaN,NaN,0
NaN,NaN,NaN,0
NaN,NaN,NaN,-1
173.88,56.741,25.107,48.517
173.87,53.773,27.517,51.605
173.65,53.287,31.849,59.326
166.89,65.952,39.866,59.181
165.94,68.521,43.169,60.205
162.39,70.849,49.342,62.463
159.92,73.562,53.627,65.057
157.9,76.369,59.766,65.181
160.83,78.297,61.465,65.37
163.36,80.492,61.295,65.408
160.05,90.865,59.77,62.16
158.56,89.1,64.589,65.998
158.4,89.256,65.318,66.718
158.84,90.058,64.912,66.315
157.36,88.905,66.448,67.851
152.54,86.244,70.406,70.744
146.82,85.507,70.123,70.522
141.19,82.838,71.417,71.212
134.74,82.266,72.339,71.277
128.81,81.74,70.743,69.696
121.46,79.125,68.9,69.451
112.74,77.55,70.723,69.583
104.12,74.719,70.76,70.83
99.691,76.962,65.848,64.67
93.311,75.618,63.795,63.418
86.724,75.886,62.14,60.183
96.154,74.731,52.867,72.58
109.87,87.761,37.335,62.767
102.51,83.614,45.038,69.675
100.06,89.304,48.411,71.192
101.52,97.118,44.52,67.605
101.29,95.415,45.136,68.038
NaN,NaN,NaN,-2
NaN,NaN,NaN,0
NaN,NaN,NaN,0
NaN,NaN,NaN,0
NaN,NaN,NaN,0
NaN,NaN,NaN,-1
35.698,81.853,42.944,48.545
37.856,83.899,43.644,48.903
40.733,86.353,43.792,48.844
44.925,89.95,43.13,48.241
49.084,94.261,43.643,48.675
53.099,100.1,42.416,47.585
54.922,105.2,41.579,46.952
56.438,109.73,43.463,48.69
58.342,115.49,43.992,49.214
60.745,120.64,46.509,51.519
63.411,126.06,47.461,52.328
66.647,130.16,47.574,52.451
68.737,132.76,50.212,54.922
71.446,134.97,51.525,56.317
76.748,137.67,46.077,50.573
79.357,139.26,45.175,49.356
82.215,138.81,48.511,52.691
88.12,143.59,42.591,46.995
90.899,144.41,42.744,46.991
93.506,145.92,42.043,47.052
96.968,148.34,40.568,46.233
105.27,153.02,41.315,45.305
111.46,164.19,29.256,33.444
116.57,170.08,28.406,32.407
120.92,173.9,30.114,33.986
124.43,177.23,32.494,36.017
129.97,181.22,33.768,37.226
134.28,184.03,34.737,38.075
138.18,185.63,34.612,37.773
143.73,185.24,34.604,37.862
148.83,184.26,34.198,37.63
152.51,182.22,36.824,39.762
156.63,180.42,38.534,41.274
160.27,178.73,40.609,42.58
164.04,177.03,40.551,42.166
166.7,175.97,38.884,40.517
169.9,173.31,39.569,40.856
170.58,170.42,40.1,40.871
172.78,168.87,38.598,39.184
173.95,165.09,39.176,39.777
175.19,163.99,38.594,38.913
178.06,162.48,37.954,37.807
180.83,161.44,35.708,35.609
183.26,160.91,34.236,34.163
184.02,159.17,34.111,33.874
184.32,157.34,34.837,34.445
184.98,157.99,33.061,32.532
185.18,157.32,32.962,31.99
185.89,156.84,31.918,30.913
187.41,156.71,29.874,28.581
190.17,156.31,26.963,25.208
188.77,152.84,26.253,24.505
188.18,149.51,25.406,23.829
185.08,143.99,26.813,25.328
184.84,138.85,26.846,25.488
183.57,136.17,25.972,24.763
183.4,132.36,25.552,24.018
182.85,129.56,25.879,24.119
176.26,124.21,28.188,27.969
173.99,121.01,24.247,25.398
171.35,120.79,24.591,25.912
171.95,121.35,25.746,26.138
171.94,121.54,25.45,25.545
168.43,117.1,23.82,24.874
168.26,117.08,23.573,24.752
171.79,122.84,20.472,21.557
171.24,122.13,21.511,22.758
