NaN,NaN,NaN,-1
167.2,84.355,53.628,48.714
166.31,83.378,55.138,50.268
165.17,82.465,54.543,49.69
164.36,82.142,55.547,50.721
164.03,82.093,55.447,50.543
163.77,81.768,55.747,50.818
163.91,81.81,56.07,51.128
163.12,81.241,56.392,51.473
161.77,80.47,56.17,51.305
158.38,79.975,57.052,52.281
151.29,76.202,61.476,57.362
148.5,75.737,60.666,56.502
144.32,73.805,62.12,58.112
140.7,71.878,63.975,59.957
142.71,75.25,53.485,48.504
139.35,73.421,53.758,48.847
135.79,72.899,54.271,49.183
127.42,66.932,63.106,59.071
122.05,59.112,69.738,65.816
120.42,59.68,70.797,66.509
118.78,57.827,72.153,67.65
115.95,54.553,75.258,70.842
104.55,57.92,68.989,65.87
101.67,57.612,67.623,64.483
97.446,57.241,66.904,64.008
94.146,58.877,65.316,62.146
90.076,59.113,65.216,62.156
86.17,59.589,65.318,62.53
81.914,60.471,65.652,63.079
80.008,62.506,64.195,61.718
84.777,72.278,48.741,44.406
82.484,74.026,47.675,43.528
81.588,74.804,47.662,43.723
81.129,76.577,45.788,41.855
82.016,77.822,44.172,40.224
82.159,78.925,43.559,39.533
82.348,79.498,43.069,39.136
83.782,80.683,42.915,38.991
84.448,82.134,42.214,38.315
84.562,83.398,43.547,39.714
85.322,85.679,44.412,40.672
85.816,89.249,44.118,40.339
86.158,92.886,43.789,39.94
86.065,95.23,45.168,41.305
87.92,97.984,46.907,42.947
89.564,99.712,48.998,45.288
92.522,102.05,48.911,45.248
95.321,103.69,56.607,53.399
94.367,101.24,59.587,56.238
95.102,102.12,63.068,60.667
104.8,108.59,53.291,48.621
107.8,111.76,51.187,46.462
113.66,112.5,53.148,48.563
119.57,111.35,52.838,47.901
119.61,106.56,60.233,56.294
128.8,108.36,56.811,52.238
130.89,107.78,58.032,53.314
133.02,106,60.238,55.681
137.02,107.1,58.347,53.457
141.39,107.22,58.249,53.389
144.8,107.24,58.42,53.787
149.85,108,56.972,52.26
158.69,108.18,57.201,52.564
164.79,107.95,56.358,51.443
166.97,106.28,59.146,54.538
173.2,108.61,56.533,51.654
174.55,107.51,59.1,54.058
173.6,103.39,68.626,65.067
179.62,106.46,65.863,61.976
184.81,109.02,63.81,59.649
187.63,111.21,63.281,58.997
189.27,113.2,63.461,59.205
191.43,114.5,63.772,59.494
193.18,115.34,64.575,60.372
194.53,115.82,66,61.915
194.86,115.83,68.353,64.255
194.7,115.92,70.717,66.755
210.48,126.18,62.842,58.122
206.96,138.74,50.691,46.548
203.41,138.91,56.492,53.379
202.12,140.53,57.379,54.358
200.14,142.03,57.728,54.514
196.13,144.43,58.601,55.494
193.48,146.23,59.782,56.938
192.44,147.57,58.793,56.193
189.24,147.37,60.443,58.226
186.5,147.74,60.469,58.218
183.3,148.23,61.129,59.01
180.59,148.9,60.902,59.129
178.11,150.76,58.412,56.775
174.94,149.11,59.227,58.004
172.78,148.81,59.464,58.488
172.66,147.52,58.036,57.105
171.97,144.44,57.984,57.107
172.02,140.77,57.663,56.815
172.27,137.34,57.138,56.221
171.36,131.67,57.461,56.509
171.01,126.16,57.977,57.191
171.68,122.75,56.869,56.215
170.94,120.09,56.365,55.686
171.52,116.04,56.245,55.598
171.16,111.58,56.708,56.243
170.08,102.85,60.962,57.157
171.35,98.95,59.455,55.213
172.7,95.215,57.985,53.476
174.01,92.517,56.644,51.857
174.1,90.716,56.427,51.55
173.92,90.152,56.592,51.885
171.74,89.847,57.161,52.668
171.15,91.291,56.266,51.814
169.43,91.436,57.468,53.268
168.98,92.94,56.613,52.428
168.25,94.125,56.314,52.14
167.31,96.787,54.283,49.317
167.46,97.324,54.415,49.484
168.04,97.446,53.88,49.026
168.61,97.679,53.435,48.661
169.02,98.185,53.003,48.384
169.69,98.636,52.24,47.711
170.17,98.754,51.863,47.43
170.83,99.084,51.204,46.801
171.01,94.7,56.102,53.175
172.82,96.251,54.849,51.895
173.43,96.877,52.572,49.463
173.45,95.625,53.714,50.742
174.93,95.596,53.42,50.499
178.77,95.799,50.672,48.284
179.77,93.187,48.206,45.787
185.13,96.921,36.998,33.51
185.75,93.303,34.842,31.762
182.96,84.753,45.446,43.23
183.01,80.72,44.627,42.029
183.62,78.526,45.555,42.762
183.13,75.124,45.517,42.705
191.26,77.817,37.069,33.689
189.54,74.569,37.465,34.01
185.98,69.025,40.054,36.833
185.86,66.544,39.77,36.485
185.42,60.996,40.226,36.874
188.58,61.731,45.661,44.792
189.9,57.223,45.565,44.771
191.39,52.914,45.904,45.197
193.08,50.625,44.744,44.049
198.19,46.864,38.59,35.963
199.07,44.301,38.801,36.307
198.28,44.653,37.504,35.064
196.92,44.535,37.885,35.487
188.01,47.291,45.058,43.003
185.02,46.789,46.11,44.102
182.72,47.417,45.166,42.942
185.92,52.093,38.506,35.268
181.03,53.757,38.836,35.715
184.23,50.251,46.835,44.763
179.7,48.958,48.908,47.047
175.49,50.46,52.029,50.027
173.82,52.46,53.489,51.591
173.23,56.786,52.316,50.367
173.35,59.952,52.901,50.973
174.87,65.201,51.01,49.164
177.41,68.19,48.192,46.43
178.82,71.072,45.869,44.695
179.84,72.862,45.447,44.45
180.24,75.017,44.054,43.272
179.73,75.54,44.303,43.635
178.02,76.027,45.879,45.631
179.5,78.71,45.855,45.708
180.26,78.304,46.838,46.858
182.63,79.685,46.278,46.325
187.61,81.398,46.623,47.043
191.46,83.106,49.219,49.731
192.31,83.37,48.247,48.918
192.68,84.788,47.422,48.088
191.29,84.633,47.221,47.56
187.42,83.613,49.401,49.519
183.19,83.439,49.231,49.104
179.75,83.288,46.657,46.618
178.22,85.496,42.178,42.382
166.76,91.42,46.283,45.389
169.61,94.686,42.797,41.099
168.23,94.023,44.211,42.469
167.19,92.582,45.712,43.903
NaN,NaN,NaN,-2
NaN,NaN,NaN,0
NaN,NaN,NaN,0
NaN,NaN,NaN,0
NaN,NaN,NaN,0
NaN,NaN,NaN,-1
67.114,71.446,50.586,50.586
60.474,70.002,51.506,51.506
54.383,69.327,52.694,52.694
48.282,70.258,53.167,53.167
42.624,71.912,54.004,54.004
37.763,73.972,54.126,54.126
34.172,76.689,53.808,53.808
32.644,81.179,52.874,52.874
31.833,84.461,53.634,53.634
33.525,87.611,53.697,53.697
36.172,89.852,53.259,53.259
39.621,92.418,52.864,52.864
43.83,95.843,51.11,51.11
48.444,100.59,50.321,50.321
52.174,105.84,48.887,48.887
55.486,111.62,48.358,48.358
58.073,117.57,47.287,47.287
59.451,122.18,48.207,48.207
60.659,128.11,45.118,45.118
60.645,132.15,48.74,48.74
66.615,138.93,45.179,45.179
69.759,144.09,42.924,42.924
74.076,145.95,42.042,42.042
76.753,147.58,42.489,42.489
86.466,142.19,41.593,41.593
86.644,141.68,44.205,44.205
98.573,147.81,37.93,37.93
101.26,148.2,39.419,39.419
102.91,147.77,41.744,41.744
106.71,148.59,43.736,43.736
110.67,150.36,43.343,43.343
116.65,158.24,37.181,37.181
122.45,162.73,34.673,34.673
125.69,165.45,38.971,38.971
130.86,169.62,38.708,38.708
136.24,173.14,40.168,40.168
141.55,175.62,40.893,40.893
147.32,177.55,41.103,41.103
150.05,176.06,42.114,42.114
154.64,175.18,42.092,42.092
159.85,173.81,42.733,42.733
164.51,172.32,41.669,41.669
169.41,170.69,41.74,41.74
172.57,167.44,43.075,43.075
174.2,163.12,44.464,44.464
175.66,158.5,46.558,46.558
175.35,155.07,48.033,48.033
175.96,151.08,48.883,48.883
175.85,147.91,49.449,49.449
177.34,145.05,49.173,49.173
179.5,142.31,49.272,49.272
181.57,140.55,48.671,48.671
182.03,138.39,48.654,48.654
183.33,136.71,48.868,48.868
183.9,134.9,48.545,48.545
184.3,133.29,48.689,48.689
189.51,145.33,37.27,37.27
188.37,141.33,41.72,41.72
193.38,142.5,35.907,35.907
191.98,138.96,36.514,36.514
190.91,135.27,36.673,36.673
186.26,127.13,42.335,42.335
181.12,121.8,45.343,45.343
180.69,119.31,45.537,45.537
178.2,125.51,40.199,40.199
178.78,123.92,39.217,39.217
180.73,122.81,36.824,36.824
182.31,122.38,33.378,33.378
180.6,122.13,26.82,26.82
176.73,118.85,30.374,30.374
168.69,115.01,33.469,33.469
168.11,114.86,33.434,33.434
168.39,113.95,34.351,34.351
167.78,113.4,34.925,34.925
167.76,112.63,36.357,36.357
166.9,112.19,36.883,36.883
