NaN,NaN,NaN,-1
257,164,53,38
256,164,53,38
256,164,53,38
254,163,53,38
254,163,53,38
253,163,53,38
253,163,53,38
253,163,53,38
252,163,53,38
252,163,53,38
251,162,53,38
250,162,53,38
250,162,53,38
250,162,53,38
250,162,53,38
249,162,53,38
248,161,53,38
248,161,53,38
247,161,53,38
247,161,53,38
247,161,53,38
246,160,53,38
245,160,53,38
245,160,53,38
245,160,53,38
245,160,53,38
244,159,53,38
244,159,53,38
243,159,53,38
243,159,53,38
243,159,53,38
243,159,53,38
242,158,53,38
242,158,53,38
241,158,53,38
241,158,53,38
241,158,53,38
240,157,53,38
240,157,53,38
240,157,53,38
240,157,53,38
240,157,53,38
240,157,53,38
239,156,53,38
239,156,53,38
239,156,53,38
239,156,53,38
239,156,53,38
238,156,53,38
238,155,53,38
238,155,53,38
237,155,53,38
237,155,53,38
237,155,53,38
237,155,53,38
237,155,53,38
236,154,53,38
236,154,53,38
236,154,53,38
236,154,53,38
236,154,53,38
236,154,53,38
235,153,53,38
235,153,53,38
235,153,53,38
235,153,53,38
235,153,53,38
235,153,53,38
235,153,53,38
234,152,53,38
234,152,53,38
234,152,53,38
234,152,53,38
234,152,53,38
234,152,53,38
233,151,53,38
233,151,53,38
233,151,53,38
233,151,53,38
233,151,53,38
233,151,53,38
232,150,53,38
232,150,53,38
232,150,53,38
232,150,53,38
232,150,53,38
232,150,53,38
231,149,53,38
231,149,53,38
231,149,53,38
231,149,53,38
231,149,53,38
231,149,53,38
231,149,53,38
231,149,53,38
231,149,53,38
231,149,53,38
231,148,53,38
231,148,53,38
231,148,53,38
231,148,53,38
231,148,53,38
231,148,53,38
231,148,53,38
231,148,53,38
231,148,53,38
231,148,53,38
231,148,53,38
231,148,53,38
231,148,53,38
231,148,53,38
231,148,53,38
231,148,53,38
231,148,53,38
231,148,53,38
231,148,53,38
231,148,53,38
231,148,53,38
231,148,53,38
231,148,53,38
231,148,53,38
231,148,53,38
231,148,53,38
231,148,53,38
231,148,53,38
231,148,53,38
231,148,53,38
231,148,53,38
231,148,53,38
231,148,53,38
231,148,53,38
231,148,53,38
231,148,53,38
231,148,53,38
231,148,53,38
231,148,53,38
231,148,53,38
231,148,53,38
231,148,53,38
231,148,53,38
231,148,53,38
231,148,53,38
231,148,53,38
231,148,53,38
231,148,53,38
231,148,53,38
231,148,53,38
231,148,53,38
231,148,53,38
231,148,53,38
231,148,53,38
231,148,53,38
231,148,53,38
231,148,53,38
231,148,53,38
231,148,53,38
231,148,53,38
231,148,53,38
231,148,53,38
231,148,53,38
231,148,53,38
231,148,53,38
231,148,53,38
231,148,53,38
231,148,53,38
231,148,53,38
231,148,53,38
231,148,53,38
231,148,53,38
231,148,53,38
231,148,53,38
231,148,53,38
231,148,53,38
231,148,53,38
231,148,53,38
231,148,53,38
231,148,53,38
231,148,53,38
231,148,53,38
231,148,53,38
231,148,53,38
231,148,53,38
231,148,53,38
231,148,53,38
231,148,53,38
230,149,53,38
230,149,53,38
230,149,53,38
230,149,53,38
230,149,53,38
230,149,53,38
230,149,53,38
230,149,53,38
230,149,53,38
230,149,53,38
230,149,53,38
230,149,53,38
230,149,53,38
230,149,53,38
230,149,53,38
230,149,53,38
230,149,53,38
230,149,53,38
230,149,53,38
230,149,53,38
230,149,53,38
230,149,53,38
230,149,53,38
230,149,53,38
230,149,53,38
230,149,53,38
230,149,53,38
230,149,53,38
230,149,53,38
230,149,53,38
230,149,53,38
230,149,53,38
230,149,53,38
230,149,53,38
230,149,53,38
230,149,53,38
230,149,53,38
230,149,53,38
230,149,53,38
230,149,53,38
230,149,53,38
230,149,53,38
230,149,53,38
230,149,53,38
230,149,53,38
230,149,53,38
230,149,53,38
230,149,53,38
230,149,53,38
230,149,53,38
230,149,53,38
230,149,53,38
230,149,53,38
230,149,53,38
230,149,53,38
230,149,53,38
230,149,53,38
230,149,53,38
230,149,53,38
230,149,53,38
230,149,53,38
230,149,53,38
230,149,53,38
NaN,NaN,NaN,-2
NaN,NaN,NaN,0
NaN,NaN,NaN,0
NaN,NaN,NaN,0
NaN,NaN,NaN,0
NaN,NaN,NaN,-1
158,158,59,23
156,158,59,23
154,158,59,23
153,157,59,23
151,157,59,23
149,157,59,23
147,157,59,23
146,157,59,23
144,156,59,23
143,156,59,23
141,156,59,23
140,156,59,23
138,156,59,23
137,155,59,23
136,155,59,23
135,155,59,23
133,155,59,23
132,155,59,23
131,154,59,23
129,154,59,23
128,154,59,23
127,154,59,23
125,153,59,23
124,153,59,23
123,153,59,23
121,152,59,23
120,152,59,23
119,152,59,23
117,151,59,23
116,151,59,23
115,151,59,23
113,151,59,23
112,150,59,23
111,150,59,23
109,150,59,23
108,150,59,23
106,149,59,23
105,149,59,23
103,149,59,23
102,148,59,23
100,148,59,23
99,148,59,23
97,147,59,23
96,147,59,23
94,147,59,23
93,147,59,23
91,146,59,23
89,146,59,23
88,146,59,23
86,145,59,23
85,145,59,23
83,145,59,23
82,145,59,23
80,144,59,23
78,144,59,23
77,144,59,23
75,143,59,23
74,143,59,23
72,143,59,23
70,142,59,23
69,142,59,23
67,142,59,23
65,141,59,23
64,141,59,23
63,141,59,23
61,140,59,23
59,140,59,23
58,140,59,23
56,139,59,23
55,139,59,23
53,139,59,23
52,139,59,23
50,138,59,23
48,138,59,23
47,138,59,23
45,137,59,23
44,137,59,23
42,137,59,23
41,136,59,23
39,136,59,23
38,136,59,23
36,135,59,23
35,135,59,23
34,135,59,23
32,135,59,23
30,134,59,23
29,134,59,23
28,134,59,23
27,134,59,23
25,133,59,23
24,133,59,23
23,133,59,23
21,133,59,23
20,132,59,23
19,132,59,23
17,132,59,23
16,132,59,23
15,131,59,23
13,131,59,23
12,131,59,23
11,131,59,23
10,130,59,23
8,130,59,23
1,132,59,23
1,132,59,23
1,132,59,23
1,132,59,23
1,132,59,23
1,132,59,23
1,132,59,23
1,132,59,23
1,132,59,23
1,132,59,23
1,132,59,23
1,132,59,23
1,132,59,23
1,132,59,23
1,132,59,23
1,132,59,23
