NaN,NaN,NaN,-1
131.18,50.316,36.543,89.696
131.06,50.385,36.793,89.839
131.11,50.482,36.689,89.838
130.76,51.55,36.743,89.676
130.41,51.672,37.877,90.579
130.38,52.26,37.526,90.255
130.48,53.096,37.013,90.434
129.92,54.128,36.876,90.434
129.46,56.216,37.814,90.076
129.22,58.006,38.252,90.027
129.34,60.245,38.149,89.59
129.64,62.324,37.983,89.072
130.66,65.619,36.923,88.468
132.81,69.403,36.282,88.437
135.01,73.381,36.359,88.869
137.29,78.234,36.754,89.392
140.17,81.889,38.342,89.997
144.91,86.225,39.227,90.432
150.04,90.858,38.756,89.426
158.57,95.073,38.274,88.993
163.78,98.213,40.064,89.947
170.97,100.16,41.066,90.065
178.11,103.43,41.12,90.237
185.35,104.21,42.621,90.618
193.73,104.95,43.801,90.792
201.68,104.97,41.932,92.219
208.02,105.88,42.914,92.141
214.44,106.05,43.107,92.487
218.58,106.2,44.041,92.353
221.7,106.75,43.828,92.733
224.17,106.51,43.112,92.481
224.4,105.86,42.675,92.17
221.72,105.15,42.173,91.758
216.17,105.21,41.906,91.367
209.72,104.68,41.481,91.3
201.67,104.85,41.401,90.692
193.89,105.16,39.472,90.11
182.9,104.89,39.137,90.024
172.5,105.96,38.753,90.288
162.37,106.93,37.985,89.483
152.06,108.44,37.205,88.969
144.36,109.87,36.163,88.098
136.67,110.38,37.695,89.095
126.73,110.73,39.266,90.151
117.7,111.72,39.239,90.367
109.23,113.02,39.057,90.149
101.1,113.58,40.721,90.844
94.516,114.06,41.567,91.553
89.014,114.4,41.191,91.299
83.609,113.88,41.505,92.084
78.763,112.91,41.15,92.127
75.154,110.54,42.251,92.736
74.186,106.49,42.28,92.809
74.303,101.51,42.047,92.811
76.29,97.203,40.296,91.508
77.711,91.072,39.433,91.424
80.513,83.478,39.959,92.21
83.814,76.818,40.07,91.691
87.152,69.696,39.676,91.306
91.291,63.041,39.506,90.994
95.067,58.287,39.213,91.252
99.646,53.815,38.369,90.741
107.49,51.188,37.686,90.515
114.7,47.55,37.469,89.934
123.12,46.922,38.205,89.257
131.36,45.291,37.137,88.821
141.33,45.751,36.313,88.565
149.96,46.053,36.8,88.946
156.38,48.36,39.037,90.067
165.11,50.474,39.507,90.353
173.35,52.911,38.886,89.955
180.59,54.715,40.077,90.256
188.39,56.824,41.052,90.675
197.7,57.854,40.963,90.766
204.93,58.695,41.819,90.955
212.13,59.736,41.187,90.92
217.29,60.803,41.726,91.175
221.16,61.829,41.895,89.962
223.8,61.43,40.027,89.379
219.07,58.211,44.729,92.211
214.19,56.427,44.233,91.564
206.94,54.706,44.689,91.771
197.66,51.836,45.26,92.116
188.34,48.897,45.314,92.145
178.62,47.299,45.135,91.931
168.6,44.716,44.8,91.078
159.47,42.706,43.767,90.605
149.92,41.085,43.189,89.96
141.5,40.016,40.931,89.852
132.01,39.496,39.704,89.336
122.37,40.031,38.643,89.291
112.56,42.088,37.975,89.244
102.85,45.33,37.541,88.162
94.113,48.408,37.153,87.873
86.649,51.211,36.723,88.129
80.297,54.691,36.429,87.8
75.798,58.434,35.288,86.601
73.932,62.084,36.148,87.019
75.404,67.775,35.26,85.977
77.565,74.23,34.836,85.149
79.812,79.181,36.229,86.542
82.292,83.784,36.465,86.73
88.175,89.167,35.105,85.867
91.01,94.795,34.823,85.415
92.862,100.88,35.059,85.089
95.931,107.84,34.789,83.872
98.962,113.38,34.298,83.886
99.982,118.7,35.76,85.714
102.76,122.59,36.011,86.211
107.25,126.08,34.871,84.804
112.09,127.64,34.967,85.722
117.51,128.56,35.141,85.69
123.37,127.58,35.234,85.475
129.76,125.2,36.48,85.722
137.68,121.49,36.612,85.723
144.84,116.76,35.673,85.994
151.22,112.69,36.968,87.136
157.79,108.13,37.899,88.048
164.37,104.6,38.706,88.596
170.39,99.867,40.32,90.857
176.1,96.469,41.195,91.397
181.5,91.982,42.441,92.191
186.78,88.555,43.037,93.171
192.72,84.963,43.452,94.184
197.56,81.878,45.074,94.331
203.8,79.098,43.84,93.831
210.25,78.863,39.833,89.084
214.42,75.965,40.309,89.508
218.32,72.997,40.603,89.739
220.9,71.006,41.096,89.463
221.75,68.262,41.453,88.925
220.95,65.184,41.443,88.958
219,62.428,40.891,88.439
214.08,59.75,40.714,87.714
208.16,56.833,40.637,87.204
201.94,53.302,40.404,90.404
193.91,51.453,40.493,90.27
185.05,49.651,40.567,89.761
175.95,47.566,41.159,90.035
165.68,45.694,41.49,89.933
157.45,44.042,40.66,89.201
147.63,42.37,40.518,88.806
138.8,41.01,39.188,88.246
130.5,39.949,38.452,88.2
121.53,37.477,38.711,89.054
113.84,36.945,37.48,88.279
106.91,36.567,37.113,87.24
100.34,36.891,36.921,86.744
94.427,37.33,36.233,86.484
89.355,38.414,36.509,85.976
86.439,39.858,36.445,85.19
85.706,41.202,36.004,84.364
87.336,42.438,36.359,84.831
91.255,45.159,35.019,83.533
95.765,46.468,34.432,82.907
98.294,47.193,37.302,85.977
100.98,50.668,37.621,87.251
103.55,53.503,38.424,87.007
107.13,58.559,36.065,84.952
109.31,61.663,35.864,84.694
112.85,65.562,34.482,83.221
115.32,68.161,33.455,82.024
116.42,69.587,33.253,81.277
118.61,69.731,32.706,79.697
121.21,70.286,32.148,78.948
123.22,70.634,32.194,78.245
126.35,70.827,31.33,76.727
130.26,69.448,31.535,76.044
135.78,68.738,31.956,75.944
142.14,68.584,31.205,75.144
147.78,68.556,31.057,74.716
153.9,68.071,30.551,74.259
159.66,67.456,30.087,72.792
163.82,65.998,29.823,72.114
166.39,64.964,30.705,72.252
168.53,64.951,30.518,71.178
171.57,65.851,29.438,69.741
174.67,66.323,28.962,69.2
179.23,67.878,27.879,68.163
183,69.592,28.506,68.225
187.98,71.219,28.731,68.075
193.36,72.181,28.997,67.624
197.9,72.704,29.939,68.577
201.76,72.998,30.302,67.743
205.69,72.427,30.751,67.808
208.39,71.353,31.451,67.503
210.99,69.528,31.021,67.023
212.12,68.01,30.912,66.817
214.19,66.618,30.853,65.784
216.36,65.165,30.38,64.943
219.27,66.812,29.442,64.42
221.93,72.115,29.643,63.066
224,78.429,30.19,63.347
226.81,87.865,28.53,62.9
228.41,100.13,27.599,62.533
228.19,108.45,27.879,62.599
230.18,115.31,25.812,61.077
227.15,123.43,26.521,61.073
223.04,128.29,27.054,61.301
219.3,130.32,28.35,61.988
216.23,132.62,27.879,61.817
211.38,133.77,27.629,61.917
206.98,134.2,25.912,61.311
200.22,133.53,25.678,60.62
193.25,131.01,26.189,61.495
182.36,129.18,25.947,61.667
172.24,128.41,26.391,61.461
160.39,126.79,26.366,61.217
149.66,123.56,25.411,61.427
138.54,121.1,25.785,62.489
126.66,118.28,25.827,62.763
115.87,114.62,25.622,62.734
104.6,111.86,27.168,64.879
93.665,109.5,26.788,64.689
84.071,108.17,27.987,65.633
76.279,105.84,28.577,65.993
69.179,103.23,30.696,67.292
64.31,100.72,30.528,67.238
61.563,96.712,30.138,67.579
61.456,91.759,30.483,67.708
65.171,85.885,30.022,67.475
69.555,78.775,29.382,66.657
75.87,71.287,28.536,66.475
82.236,63.554,28.947,66.378
88.652,56.113,28.073,65.577
94.829,48.194,27.912,65.669
99.797,40.056,27.207,65.48
104.08,33.562,26.714,65.239
108.27,25.777,25.505,61.28
112.67,19.723,25.205,61.081
116.98,15.011,24.84,60.997
121.43,12.677,24.017,58.786
125.75,10.944,24.623,60.364
129.84,11.194,26.084,60.531
135.63,14.445,26.344,61.037
141.9,20.805,26.121,60.455
146.67,27.132,26.575,60.651
153.1,32.427,27.783,61.711
158.34,38.444,29.175,62.223
165.19,44.134,29.394,62.596
172.11,49.165,29.887,62.685
181.58,54.891,25.979,60.205
190.31,60.116,26.491,61.076
198.7,65.514,26.477,61.254
206.9,69.657,29.45,62.452
215.63,73.73,29.725,62.442
223.62,77.595,29.277,63.162
230.46,82.089,30.039,64.111
237.54,86.327,30.026,63.768
243.43,90.221,30.684,63.953
248.9,94.701,30.569,63.7
253.38,98.157,31.819,64.34
256.68,102.14,31.773,64.469
258.46,104.51,31.911,64.404
256.39,106.86,31.928,64.931
253.22,107.92,32.116,64.753
246.64,108.61,33.332,65.201
239.17,108.75,34.611,64.847
229.93,108.96,34.923,64.565
223.86,110.14,27.402,61.218
215.02,110.44,27.87,61.603
205.59,110.4,27.533,61.595
197.28,111.68,25.438,61.084
187.31,112.09,26.256,62.091
178.02,113.42,26.259,61.437
168.47,113.95,27.236,61.928
158.64,115.49,26.876,60.363
148.45,115.15,26.053,60.637
138.95,115.39,25.941,60.557
130.89,115.42,25.848,60.697
122.19,114.69,25.6,59.996
114.51,113.79,25.18,59.907
108.42,113.26,23.88,58.62
100.89,112.18,24.818,58.837
95.67,110.54,24.904,59.033
89.825,107.39,25.237,59.3
86.262,104.49,24.672,59.122
82.305,99.163,25.973,60.136
78.264,94.96,26.348,60.885
75.859,90.331,24.531,59.819
73.491,83.646,25.641,61.5
70.801,78.465,27.003,62.134
68.792,72.232,27.328,62.521
67.834,66.523,27.225,62.621
67.804,59.78,27.387,62.847
68.219,53.122,26.848,62.55
69.639,47.134,24.417,58.599
69.667,40.307,25.137,59.428
69.85,35.527,25.21,59.88
69.385,30.651,24.824,59.705
67.647,27.8,24.464,59.458
65.763,26.159,24.435,58.818
64.761,25.365,24.455,58.683
62.83,28.444,24.139,58.96
59.595,33.389,24.624,59.238
57.741,38.825,24.394,58.105
55.849,43.123,24.667,58.48
53.631,44.018,24.731,60.352
52.121,47.058,24.679,59.534
52.307,48.744,25.078,59.923
52.259,49.884,27.333,61.702
54.756,51.896,28.321,62.694
58.889,54.977,26.202,61.43
61.556,58.377,26.632,62.565
65.655,63.624,26.489,62.024
68.738,70.347,26.278,62.022
73.203,77.898,25.363,60.739
79.764,84.301,24.404,59.919
85.66,90.536,24.624,60.246
92.63,95.357,25.566,60.832
101.06,101.16,25.005,58.959
109.41,105.17,26.351,60.117
120.43,108.11,24.774,59.118
128.98,107.87,29.916,61.397
139.55,108.12,30.57,61.33
153.3,107.99,26.536,60.309
164.37,104.29,28.165,63.518
175.08,100.51,26.824,62.926
183.91,94.875,27.292,64.361
191.13,91.707,26.774,64.916
196.74,90.085,26.374,64.762
200.19,87.248,26.997,64.555
203.65,85.874,26.968,64.276
203.74,84.268,26.454,63.454
202.14,81.471,26.612,63.614
198.93,78.632,26.728,63.679
194.09,75.458,26.401,64.256
188.51,70.939,27.398,65.287
181.57,66.772,29.385,66.023
174.77,64.183,28.463,65.328
168.14,60.943,30.293,65.866
161.49,57.202,31.659,68.072
154.45,54.768,32.044,68.049
147.17,54.977,32.905,67.533
139.47,56.304,32.408,66.677
131.79,58.182,34.088,67.493
124.85,61.99,34.313,67.82
119.1,67.9,34.056,67.818
118.85,76.964,24.615,59.791
114.88,82.617,26.237,60.773
113.14,87.734,26.007,60.54
112.36,91.187,28.796,61.996
116.48,94.725,27.542,61.746
121.69,96.248,27.696,62.928
130.17,97.27,27.414,62.806
138.7,98.659,26.531,61.42
148.23,98.734,26.674,61.879
157.58,98.302,28.009,62.75
167.47,97.243,27.86,63.152
178.1,97.3,25.605,60.237
186.12,97.44,26.477,61.029
194.54,98.726,26.177,61.206
200.06,100.22,27.29,62.298
206.51,102.05,27.313,62.365
210.98,104.72,25.545,61.388
213.99,107.77,25.524,61.054
214.81,111.29,27.06,62.172
212.45,115.22,28.218,61.219
207.89,120.29,29.212,62.133
201.65,123.51,29.58,62.242
194.53,125.73,29.894,62.6
189.99,127.71,27.667,60.736
183.77,127.78,26.414,60.366
176.44,128.95,27.143,60.329
168.45,128.27,26.48,60.987
159.63,127.71,25.591,60.192
149.11,124.05,26.226,62.144
139.78,121.95,25.648,59.661
129.55,117,26.812,62.59
120.28,111.03,26.187,62.415
109.97,106.94,26.835,62.89
99.709,100.91,27.511,63.287
92.668,95.706,25.532,61.218
85.082,89.298,24.801,59.451
78.9,82.171,25.051,60.799
72.899,75.233,25.427,61.422
68.931,68.344,25.401,61.594
66.31,61.774,26.932,62.454
68.012,55.507,27.645,62.886
70.857,50.026,27.676,63.475
75.124,43.699,29.101,65.543
80.652,40.443,28.263,64.958
86.384,36.304,27.107,63.881
92.12,32.628,27.325,64.089
97.088,29.025,27.934,64.775
101.33,27.373,27.812,64.694
106.95,25.781,25.337,60.399
108.55,25.074,28.634,62.737
112.16,25.655,29.413,63.822
115.76,28.348,29.029,64.152
119.06,32.406,30.171,63.782
123.74,36.617,29.525,63.041
127.65,41.672,29.722,62.894
131.51,46.957,30.056,63.067
137.95,50.992,24.738,60.041
140.34,55.898,25.958,60.693
144.38,58.498,25.16,59.533
147.43,59.99,25.183,60.212
150.58,61.858,24.811,60.33
153.57,63.284,24.731,58.945
156.07,64.747,24.343,59.072
157.91,66.564,24.619,59.188
159.13,66.744,25.099,60.228
