NaN,NaN,NaN,-1
131.03,50.082,36.896,90.072
131.09,50.041,36.808,90.238
131.01,50.586,36.884,89.948
131.16,50.953,36.886,89.43
130.83,51.69,37.102,89.781
130.11,51.662,38.571,90.906
130.02,52.856,37.974,90.511
129.29,54.362,37.865,90.353
130.07,56.296,36.488,89.447
130.24,58.678,36.387,88.669
129.33,60.281,37.621,89.183
129.52,62.489,37.558,89.089
131.07,65.458,36.472,88.646
132.19,69.169,36.345,89.243
134.98,73.66,36.253,88.837
136.96,78.72,36.701,89.064
140.7,82.853,37.218,88.824
145.66,86.96,37.343,88.778
150.44,91.682,38.328,89.583
157.49,95.652,38.141,89.615
164.05,98.618,39.035,89.675
171.1,101.37,40.147,90.412
178.12,103.15,40.578,90.834
185.68,103.51,41.381,92.427
194.14,105.04,42.19,92.318
202.15,105.2,42.22,93.422
207.43,104.59,44.346,95.629
213.73,105.14,44.462,95.533
219.01,106.25,42.866,92.653
221.7,106.03,43.544,93.062
223.3,105.98,44.465,93.568
223.53,105.19,44.205,93.622
220.47,104.52,44.364,93.669
215.84,104.26,44.319,93.677
207.82,103.4,44.334,93.39
200.13,103.05,42.943,93.014
191.35,103.56,41.82,92.562
180.53,103.38,40.989,92.812
170.43,103.48,39.823,92.341
159.92,104.36,39.499,91.566
149.67,105.24,38.712,91.406
141.99,106.32,36.968,90.663
134.55,107.08,37.75,91.308
124.66,108.04,39.047,91.792
115.66,109.25,39.116,91.736
109.58,113.45,37.558,88.397
101.71,114.34,38.777,89.31
94.907,114.39,40.127,89.999
89.202,115.2,39.515,89.367
83.003,114.34,41.787,91.724
77.656,113.02,42.7,92.27
74.779,110.73,43.085,92.672
73.089,106.13,44.42,93.893
73.072,101.07,44.4,94.071
76.116,97.829,38.692,89.33
77.842,91.788,38.351,89.315
81.016,84.821,38.051,89.248
84.041,78.017,37.973,89.433
87.388,70.011,38.111,89.186
91.841,63.848,37.675,89.251
94.553,58.245,38.301,90.341
99.374,53.702,38.816,90.912
106.97,50.505,37.434,89.629
114.53,47.751,37.219,89.3
123.06,46.295,36.611,88.745
131.16,44.585,37.054,89.023
140.5,44.021,37.802,89.884
147.93,44.591,40.687,90.88
154.37,46.394,42.939,91.93
162.88,49.014,43.958,91.974
170.36,50.778,44.993,92.247
178.16,52.824,45.456,92.107
186.06,55.82,45.896,92.071
195.38,56.204,45.355,92.208
203.59,57.191,45.708,92.616
209.83,58.588,46.493,92.1
215.1,58.881,46.848,92.82
219.65,59.079,45.662,92.527
221.05,60.263,45.978,90.899
219.38,58.157,43.927,91.685
214.86,56.31,43.547,91.656
207.72,53.862,43.656,93.221
198.85,50.908,43.194,92.387
190.33,49.099,42.082,91.542
180.31,46.498,41.673,91.569
170.87,44.686,41.16,91.441
161.51,42.199,40.41,91.066
151.95,40.818,39.631,90.377
141.6,39.87,39.803,90.141
133.27,39.02,38.97,89.777
122.53,40.352,38.794,89.725
113.27,41.47,38.078,89.241
102.84,43.944,38.92,89.797
93.934,47.391,38.564,89.269
86.749,50.865,37.549,88.746
80.3,53.885,37.289,88.453
75.583,56.796,37.181,89.478
74.431,61.68,36.757,88.742
75.173,65.794,36.825,88.848
76.658,71.488,37.793,89.544
79.927,77.529,36.566,88.778
83.515,83.019,36.361,88.475
86.449,87.481,37.562,87.751
89.317,93.372,38.136,87.706
91.855,98.877,37.839,87.31
95.155,105.3,37.151,87.357
97.606,111.38,37.194,87.387
99.707,117.47,37.093,87.595
103.08,121.25,36.734,87.148
106.39,124.35,38.06,87.725
111.77,126.86,37.279,85.802
117.09,127.75,37.421,85.91
122.93,126.8,37.73,86.515
130.02,123.77,38.037,87.385
137.84,119.91,38.342,87.124
145.28,117.44,36.731,85.9
151.86,113.24,37.094,87.078
158.9,109.7,36.998,87.04
166.55,105.87,35.88,86.363
171.42,101.81,37.662,87.396
177.41,98.848,37.856,87.508
183.21,94.947,38.131,87.917
188.2,91.27,39.371,89.665
193.71,87.674,40.318,90.583
200.34,84.831,38.6,90.389
206.51,81.61,37.902,89.942
211.72,78.672,37.245,89.534
215.81,75.888,37.322,89.613
220.18,73.324,37.512,89.78
223.08,70.635,37.739,89.986
223.24,67.34,38.737,90.288
222.58,65.681,38.493,90.2
220.28,61.254,39.341,90.459
215.74,59.27,38.983,90.392
209.92,56.621,38.514,90.214
203.11,54.062,38.614,90.194
195.81,51.987,37.976,90.166
187.15,50.383,37.686,89.415
177.6,47.737,38.793,90.585
167.66,45.906,38.672,89.646
159.01,44.441,37.317,88.555
149.84,42.78,36.642,88.167
140.53,41.959,36.005,87.733
131.67,40.327,35.626,87.153
123.88,39.753,35.601,86.295
115.09,39.011,35.292,85.776
107.06,37.525,37.274,87.406
100.38,37.036,37.141,86.996
92.782,35.435,38.448,88.803
87.584,36.332,39.016,89.353
84.706,37.56,38.924,88.743
84.125,39.165,38.1,87.835
86.375,40.899,38.176,87.179
89.923,43.519,36.733,86.052
94.28,44.794,36.537,85.715
99.597,47.758,35.92,85.61
102.56,52.02,35.824,84.5
105.97,55.749,34.348,83.448
108.23,60.064,34.164,82.959
111.21,63.396,34.061,82.119
113.43,66.503,34.097,81.696
115.31,68.326,34.265,81.89
116.71,69.502,33.453,80.292
118.83,69.842,34.079,80.242
120.59,69.596,34.64,80.573
123.27,70.503,33.529,79.443
126.38,70.205,32.893,77.643
130.31,69.631,32.794,76.172
136.05,68.482,33.285,76.189
142,68.697,33.61,75.904
147.15,68.564,33.505,75.109
153.58,67.828,32.659,74.486
159.64,67.045,30.327,72.866
163.74,65.369,30.172,72.59
166.69,64.941,30.245,72.328
168.44,64.479,30.309,71.979
171.66,64.99,29.369,71.072
174.57,66.225,29.384,69.645
178.22,67.108,29.993,69.665
182.38,69.675,28.912,68.621
188.81,71.188,28.385,67.959
194,72.492,27.529,67.414
198.99,73.729,27.52,66.544
202.82,73.796,27.704,66.97
207.14,73.165,28.019,66.506
210.48,72.073,28.112,66.587
212.3,70.247,28.458,66.66
213.15,68.791,28.582,66.191
214.26,66.249,30.139,66.745
216.09,64.19,29.726,66.542
218.71,66.25,29.583,66.238
220.95,70.032,30.08,66.199
224.61,77.728,28.081,63.837
227.02,89.041,28.346,63.203
227.96,100.2,28.337,63.346
228.35,108.6,27.718,62.804
229.72,114.64,27.029,63.02
226.67,122.23,27.53,63.65
223.38,127.96,26.233,62.315
219.44,130.2,27.897,63.217
216.43,131.93,27.883,62.648
212.11,133.23,27.097,61.87
205.87,134.47,26.813,61.74
200.65,132.93,25.625,61.721
192.46,131.1,26.259,61.991
182.65,128.68,25.381,61.605
172.32,127.72,25.982,61.801
161.1,126.05,24.848,60.73
150.44,123.96,24.928,60.703
138.29,121.22,27.118,62.601
127.16,118.57,24.258,58.871
116.05,116.3,26.097,59.858
105.19,113.41,26.501,59.986
94.236,111.79,26.235,59.541
84.563,110.01,27.788,61.044
76.677,108.16,28.113,61.327
70.928,105.8,28.064,61.854
65.852,102.81,28.144,61.894
63.217,98.827,27.714,61.737
64.168,93.68,28.073,62.428
66.771,87.547,28.806,62.771
70.878,80.339,28.708,62.928
76.909,72.573,28.71,63.028
82.795,64.369,29.284,63.809
88.64,56.509,29.16,64.079
94.957,48.7,29.208,64.058
100.43,41.274,25.982,60.865
104.94,34.458,25.267,60.987
107,26.32,27.966,61.753
112.1,20.219,25.4,60.647
116.86,16.632,24.619,60.333
120.84,12.537,25.754,61.208
125.53,11.653,24.815,60.629
130.1,12.573,25.546,61.237
135.92,15.349,25.782,61.33
141.4,21.635,25.982,59.703
147.41,28.011,25.739,59.938
153.08,34.02,26.485,59.926
158.86,40.326,26.429,59.703
165.3,46.35,27.168,60.214
173.38,49.537,25.948,60.946
180.12,53.905,27.759,62.102
188.95,59.931,28.176,62.353
197.73,65.358,28.559,61.842
207.25,69.551,29.47,62.335
214.91,74.691,30.332,62.714
223.09,78.248,30.36,62.675
229.86,82.032,30.915,62.964
236.41,87.131,31.311,63.036
243.88,90.595,29.42,63.656
248.56,95.056,29.701,64.272
253.07,98.527,30.772,64.358
256.22,101.35,30.859,64.549
258.59,104.58,30.492,63.801
256.41,106.7,30.703,64.406
253,107.53,30.607,64.671
247.69,108.76,31.212,64.05
240.81,109.02,30.76,63.7
232.07,109.15,30.723,63.702
222.65,109.59,30.343,63.727
214.13,109.98,29.979,63.376
204.06,109.44,30.36,63.633
195.55,109.78,28,62.384
185.7,110.78,28.216,62.627
177.4,111.92,25.402,61.129
167.38,112.65,26.357,61.499
157.86,113.18,25.72,61.18
148.47,113.95,24.97,60.678
139.99,116.54,24.579,59.772
130.78,115.7,25.082,59.705
122.57,114.36,25.462,60.647
114.3,113.52,25.812,61.049
106.99,111.91,26.4,62.225
99.626,110.67,27.198,62.912
93.673,108.5,27.563,63.231
89.13,106.38,26.55,62.372
84.554,103.56,26.952,62.038
80.921,99.011,27.806,61.497
76.739,95.209,27.752,61.094
74.38,89.991,26.169,60.839
72.422,83.503,25.817,61.751
70.487,78.327,25.085,60.509
68.57,72.779,24.829,60.505
67.641,66.78,24.756,60.494
67.731,59.954,24.736,60.547
66.747,52.139,27.338,62.112
68.364,46.245,26.055,60.985
69.093,39.825,26.553,61.402
68.9,34.011,27.012,61.829
68.351,29.772,26.392,62.379
66.214,26.227,26.789,63.17
64.504,23.382,26.183,62.343
63.358,22.987,26.252,63.227
60.926,25.485,27.219,63.894
58.275,30.599,26.764,63.087
56.78,35.924,25.886,62.933
54.858,39.889,25.671,62.96
53.534,44.256,25.059,59.921
52.336,47.489,24.894,60.38
52.427,49.387,25.339,60.869
53.649,51.175,26.807,61.541
56.443,53.505,27.113,60.693
58.499,55.669,26.695,60.154
61.133,58.897,28.902,61.736
64.811,64.405,28.503,62.012
67.691,70.947,28.863,62.965
72.486,77.117,27.858,62.309
78.556,83.87,27.544,61.688
85.076,90.174,27.522,61.69
92.187,95.786,27.607,62.515
100.53,100.48,27.093,63.272
109.69,103.36,26.5,62.693
120.75,106.51,25.01,60.677
130.51,108.53,27.922,61.48
143.84,109.08,24.988,60.735
153.14,107.49,26.608,61.183
164.72,105.77,26.654,60.673
174.29,99.611,27.923,62.491
181.62,95.143,30.138,62.671
187.75,90.816,30.972,64.685
192.5,87.588,31.481,64.986
199.54,88.094,28.568,62.445
202.51,85.992,28.482,62.991
202.61,83.718,28.343,62.983
200.27,80.878,29.075,63.384
197.51,77.957,28.297,63.231
192.9,75.329,27.276,62.665
187.68,70.769,27.653,64.309
181.9,66.458,27.174,64.876
174.33,63.767,28.436,65.133
168.62,60.319,28.15,65.663
163.37,57.379,26.605,64.825
157.08,55.44,26.383,64.567
149.96,55.18,26.51,64.507
142.07,56.615,26.172,63.613
134.79,58.864,26.769,63.617
127.67,62.722,27.284,64.081
121.76,68.536,27.252,64.249
118.48,76.168,25.355,60.003
115.03,82.366,25.419,60.411
113.18,87.213,25.891,60.86
114.04,91.774,25.176,60.973
117.6,94.602,25.82,61.19
122.93,96.778,24.937,60.84
130.91,97.613,25.067,60.968
138.93,98.382,25.194,61.168
148.12,97.829,26.752,61.902
158.25,98.265,26.167,61.623
168.05,97.451,26.305,61.763
177.16,96.527,27.489,62.234
185.61,96.68,27.08,62.38
192.9,97.425,27.559,62.522
199.62,99.539,28.273,63.299
204.81,101.41,28.216,62.885
208.54,104.6,28.944,63.049
211.5,106.92,29.123,63.604
214.62,110.58,26.652,62.942
213.71,115.32,26.702,61.913
209.94,119.57,26.704,62.044
203.89,123.41,27.109,61.909
197.07,125.73,26.755,61.65
190,126.39,28.027,62.027
182.78,126.93,28.683,63.597
175.97,127.14,28.301,63.45
167.43,127.03,29.383,63.691
157.45,125.56,29.807,63.773
148.56,123.37,26.986,63.153
140.07,121.88,25.519,60.929
131.2,117.24,25.235,61.185
121.14,112.05,25.543,61.349
111.18,107.13,25.332,61.616
101.33,101.23,25.222,61.75
93.398,95.369,25.14,61.679
85.101,88.316,25.994,62.277
77.968,81.613,27.389,63.732
72.176,74.36,27.167,63.347
68.792,67.282,26.667,62.933
66.715,60.693,27.276,64.654
68.362,54.217,27.907,65.748
71.486,48.842,27.884,65.591
75.612,43.577,29.412,66.524
81.05,39.919,28.554,65.695
86.464,36.408,27.968,64.943
92.252,32.609,28.304,64.914
97.366,29.451,28.334,65.132
101.86,27.212,26.021,63.039
106.34,25.413,25.573,62.63
110.37,25.358,25.659,62.523
113.11,25.853,27.062,62.227
115.9,27.364,27.608,62.333
121.26,32.77,25.573,62.773
125.19,37.171,26.134,62.993
129.2,41.748,26.385,62.543
133.19,46.776,26.296,62.614
136.76,50.383,26.78,63.002
139.7,54.212,26.932,63.207
143.08,57.559,26.785,63.102
146.83,58.907,26.861,62.633
149.71,61.289,26.112,62.176
152.23,60.999,27.194,63.568
154.59,62.95,27.038,63.758
157.34,65.294,24.9,60.814
158.93,66.722,25.169,60.132
