NaN,NaN,NaN,-1
257.07,164.77,53,35
257.49,165.11,53,35
255.84,164.55,53,35
255.88,164.51,53,35
254.81,164.13,53,35
254.95,164.38,53,35
254.23,164.07,53,35
254.29,164.03,53,35
254.25,164.29,53,35
253.96,164.05,53,35
253.31,164.09,53,35
253.16,164.13,53,35
252.07,163.65,53,35
251.91,163.48,53,35
251.33,163.35,53,35
251.61,163.34,53,35
250.81,163.01,53,35
250.01,162.74,53,35
249.94,162.94,53,35
249.82,162.66,53,35
249,162.43,53,35
249.01,162.32,53,35
249.13,162.38,53,35
248.21,162.19,53,35
248.1,161.73,53,35
247.62,161.63,53,35
247.16,161.25,53,35
246.69,161.12,53,35
246.55,160.99,53,35
246.78,161.36,53,35
245.73,160.65,53,35
245.77,160.73,53,35
245.51,160.89,53,35
244.99,160.77,53,35
244.92,160.34,53,35
244.34,159.79,53,35
244.55,160.13,53,35
244.35,160.35,53,35
243.16,159.41,53,35
243.17,159.34,53,35
243.23,158.9,53,35
242.86,158.54,53,35
242.35,158.63,53,35
242.45,159.14,53,35
242.29,156.25,53,35
241.54,158.23,53,35
241.16,157.96,53,35
241.24,157.71,53,35
241.05,155.62,53,35
240.84,157.5,53,35
240.81,155.02,53,35
240.68,155.03,53,35
240.6,154.72,53,35
240.31,157.91,53,35
240.15,155.03,53,35
239.33,154.01,53,35
239.74,154.39,53,35
239.37,154.22,53,35
239.1,154.28,53,35
239.12,153.86,53,35
238.56,153.82,53,35
238.42,153.78,53,35
238.86,153.63,53,35
238.71,153.97,53,35
238.33,153.2,53,35
238.5,153.15,53,35
238.09,152.94,53,35
237.84,152.68,53,35
237.82,152.96,53,35
237.64,152.84,53,35
237.35,152.01,53,35
237,152.16,53,35
237,151.97,53,35
236.49,151.99,53,35
237.14,152.15,53,35
236.78,151.68,53,35
236.28,151.73,53,35
236.35,151.64,53,35
236.04,151.1,53,35
236.1,151.49,53,35
236.16,150.82,53,35
235.72,150.51,53,35
235.68,150.54,53,35
235.06,150.42,53,35
234.94,150.45,53,35
235.41,149.96,53,35
235.03,149.8,53,35
234.8,150.01,53,35
234.68,150,53,35
234.42,149.76,53,35
234.11,149.53,53,35
234.66,149.5,53,35
234.41,149.31,53,35
233.95,149.31,53,35
234.13,149.32,53,35
234.04,148.67,53,35
233.81,148.85,53,35
234,148.65,53,35
234.31,148.41,53,35
234.15,148.62,53,35
233.87,148.56,53,35
233.58,148.48,53,35
233.48,148.4,53,35
233.99,148.15,53,35
233.97,147.72,53,35
233.53,148.08,53,35
233.78,147.76,53,35
233.71,148.01,53,35
233.72,147.26,53,35
234,147.02,53,35
233.27,147.07,53,35
233.51,146.71,53,35
233.48,147.04,53,35
233.3,146.37,53,35
233.56,146.39,53,35
233.2,146.74,53,35
233.43,147.2,53,35
232.87,146.48,53,35
233.08,146.55,53,35
233.5,146.53,53,35
233.55,146.02,53,35
234.1,146.27,53,35
233.89,146.17,53,35
233.9,146.21,53,35
233.98,146.04,53,35
233.91,145.94,53,35
233.92,145.86,53,35
233.69,145.99,53,35
233.89,146.19,53,35
233.76,145.67,53,35
233.92,146.02,53,35
234.11,145.92,53,35
233.91,145.69,53,35
234.02,145.76,53,35
233.25,145.72,53,35
233.75,146.05,53,35
233.74,145.62,53,35
233.91,146.27,53,35
233.76,145.68,53,35
234.06,145.9,53,35
233.87,146.06,53,35
234.12,145.89,53,35
233.43,145.63,53,35
233.59,146.17,53,35
233.7,145.97,53,35
233.43,146.37,53,35
234.01,145.66,53,35
233.62,146.23,53,35
233.39,146.14,53,35
233.8,146.38,53,35
233.65,146.26,53,35
233.34,145.84,53,35
233.23,146,53,35
233.69,146.58,53,35
233.19,146.09,53,35
233.29,146.66,53,35
232.95,146.36,53,35
233.06,146.56,53,35
232.97,146.59,53,35
233.35,146.5,53,35
233.37,146.71,53,35
232.92,146.71,53,35
233.19,146.65,53,35
233.04,146.48,53,35
232.91,146.6,53,35
232.9,146.3,53,35
233.09,146.66,53,35
233.15,146.56,53,35
233.01,146.47,53,35
233.1,146.88,53,35
232.78,146.76,53,35
233.01,146.92,53,35
232.66,146.73,53,35
232.88,146.74,53,35
232.92,146.7,53,35
232.85,146.43,53,35
232.99,147.1,53,35
231.96,146.95,53,35
232.49,147.05,53,35
231.7,147.13,53,35
231.23,147.08,53,35
231.3,147.35,53,35
230.7,147.44,53,35
230.18,147.88,53,35
230.28,147.4,53,35
230.13,148.09,53,35
229.7,148.01,53,35
229.35,148.41,53,35
228.89,148.34,53,35
228.17,148.22,53,35
228.19,148.21,53,35
227.48,148.3,53,35
226.86,148.33,53,35
226.83,148.79,53,35
226.12,148.95,53,35
225.58,149.05,53,35
225.53,148.81,53,35
224.88,149.01,53,35
224.52,148.49,53,35
223.83,149,53,35
223.2,149.35,53,35
223.09,149.39,53,35
222.54,149.08,53,35
221.68,149.29,53,35
220.65,149.38,53,35
219.97,149.2,53,35
219.33,149.21,53,35
218.62,149.58,53,35
218.61,149.65,53,35
217.59,149.6,53,35
216.02,150.39,53,35
215.47,150.01,53,35
215.08,150.23,53,35
214.04,150.45,53,35
212.68,150.62,53,35
211.99,150.4,53,35
211.15,150.52,53,35
210.35,150.78,53,35
209.48,150.8,53,35
207.42,151.39,53,35
205.81,151.56,53,35
205.32,151.21,53,35
204.48,151.66,53,35
202.93,151.94,53,35
201.29,152.16,53,35
201.29,152.02,53,35
199.53,152.3,53,35
197.78,152.36,53,35
197.34,152.46,53,35
197.03,152.48,53,35
195.81,152.68,53,35
195.37,152.53,53,35
193.46,152.6,53,35
193.24,152.82,53,35
193.32,152.78,53,35
193.22,152.64,53,35
189.94,152.83,53,35
187.57,153.21,53,35
186.08,153.34,53,35
182.95,153.38,53,35
181.87,153.23,53,35
181.85,152.92,53,35
179.93,152.84,53,35
177.25,152.34,53,35
176,152.18,53,35
173.78,151.74,53,35
174.16,151.17,53,35
171.89,150.9,53,35
172.2,150.58,53,35
169.69,149.82,53,35
167.91,148.61,53,35
167.64,148.6,53,35
167.56,148.74,53,35
163.65,144.69,53,35
163.52,145.22,53,35
160.85,144.37,53,35
160.66,143.52,53,35
158.41,142.1,53,35
156.76,141.35,53,35
157.24,141.69,53,35
156.85,140.92,53,35
156.26,140.93,53,35
156.8,141.51,53,35
156.64,140.59,53,35
154.52,140.95,53,35
154.87,139.62,53,35
154.29,137.88,53,35
154.32,136.44,53,35
154.11,136.5,53,35
153.6,136.05,53,35
153.32,135.91,53,35
152.38,133.62,53,35
151.58,134.36,53,35
151.73,133.86,53,35
151.32,134.16,53,35
147.56,133.2,53,35
125.69,132.12,53,35
114.94,130.31,53,35
114.65,130.37,53,35
114.83,130.46,53,35
113.4,129.96,53,35
113.6,130.2,53,35
113.85,130.02,53,35
113.5,130.35,53,35
113.39,130.96,53,35
114.53,131.8,53,35
114.13,131.48,53,35
113.88,132.2,53,35
113.69,131.77,53,35
113.72,132.02,53,35
113.8,131.95,53,35
113.06,132.28,53,35
111.44,131.91,53,35
111.65,132.14,53,35
111.36,132.91,53,35
110.61,132.43,53,35
110.69,132.4,53,35
110.43,132.23,53,35
109.7,131.95,53,35
108.18,131.91,53,35
108.55,132.16,53,35
107.6,131.92,53,35
107.35,131.95,53,35
106.97,131.68,53,35
106.8,131.71,53,35
105.93,131.33,53,35
104.34,131.18,53,35
105.15,131.2,53,35
105.36,130.72,53,35
105.13,130.65,53,35
105.82,129.7,53,35
105.28,130.11,53,35
104.78,129.7,53,35
105.56,129.26,53,35
104.98,129.3,53,35
104.93,129.03,53,35
105.69,128.64,53,35
104.64,128.64,53,35
103.8,128.43,53,35
105.84,127.88,53,35
105.28,127.82,53,35
105.3,127.66,53,35
105.45,127.48,53,35
107.83,126.95,53,35
NaN,NaN,NaN,-2
NaN,NaN,NaN,0
NaN,NaN,NaN,0
NaN,NaN,NaN,0
NaN,NaN,NaN,0
NaN,NaN,NaN,-1
62.368,144.03,39,15
61.652,144.04,39,15
58.896,143.4,39,15
59.45,143.54,39,15
56.776,143.18,39,15
56.244,142.78,39,15
55.939,142.48,39,15
53.121,142.3,39,15
52.104,141.92,39,15
49.974,141.32,39,15
48.477,141.07,39,15
48.394,140.88,39,15
47.72,140.27,39,15
46.704,140.57,39,15
45.215,140.4,39,15
43.017,139.4,39,15
42.655,139.37,39,15
40.44,139.4,39,15
39.948,139.14,39,15
39.072,138.64,39,15
36.736,138.72,39,15
35.437,139.07,39,15
34.971,138.25,39,15
34.086,138.19,39,15
32.353,137.88,39,15
31.099,137.81,39,15
28.928,133.15,39,15
27.836,134.75,39,15
26.368,133.99,39,15
26.431,134.11,39,15
27.112,133.72,39,15
24.748,134.91,39,15
22.563,134.33,39,15
18.024,133.81,39,15
18.296,133.83,39,15
17.156,133.27,39,15
18.241,133.04,39,15
20.664,130.88,39,15
16.401,130.9,39,15
16.645,131.31,39,15
17.251,130.6,39,15
18.78,129.74,39,15
15.9,129.56,39,15
