NaN,NaN,NaN,-1
139.84,14.275,36,142
139.84,14.275,36,142
139.74,13.65,36,142
139.69,14.522,36,142
139.6,14.678,36,142
139.52,16.276,36,142
139.35,15.775,36,142
137.54,15.886,36,142
137.54,15.886,36,142
137.48,16.832,36,142
136.71,18.339,36,142
136.47,18.63,36,142
134.7,19.05,36,142
134.69,19.728,36,142
134.53,20.117,36,142
134.42,19.914,36,142
133.62,20.238,36,142
133.62,20.238,36,142
133.78,18.694,36,142
133.78,18.694,36,142
133.87,18.253,36,142
133.91,17.822,36,142
134.02,17.323,36,142
134.24,17.055,36,142
134.26,17.12,36,142
134.26,17.12,36,142
134.42,17.091,36,142
134.49,17.008,36,142
134.49,17.008,36,142
134.73,17.118,36,142
136.25,15.051,36.36,143.42
136.25,15.051,36.36,143.42
135.92,15.789,36.36,143.42
135.93,16.532,36.36,143.42
135.75,17.288,36.36,143.42
135.8,17.504,36.36,143.42
135.63,18.423,36.36,143.42
135.58,18.173,36.36,143.42
135.49,18.802,36.36,143.42
133.66,20.329,36.36,143.42
133.66,20.329,36.36,143.42
133.66,20.329,36.36,143.42
133.66,20.329,36.36,143.42
133.66,20.329,36.36,143.42
133.61,20.416,36.36,143.42
133.61,20.416,36.36,143.42
133.56,20.27,36.36,143.42
133.66,20.576,36.36,143.42
133.65,21.023,36.36,143.42
133.6,21.181,36.36,143.42
133.47,21.235,36.36,143.42
132.68,21.082,36.36,143.42
132.58,21.094,36.36,143.42
132.58,21.094,36.36,143.42
132.52,21.078,36.36,143.42
132.54,21.79,36.36,143.42
132.54,21.79,36.36,143.42
132.54,21.79,36.36,143.42
132.83,22.023,36.36,143.42
132.9,21.316,36.36,143.42
133.08,20.709,36.36,143.42
133.22,20.656,36.36,143.42
133.36,20.672,36.36,143.42
133.67,20.898,36.36,143.42
134.57,20.811,36.36,143.42
134.9,20.558,36.36,143.42
135.19,20.296,36.36,143.42
135.23,19.835,36.36,143.42
135.26,19.664,36.36,143.42
135.61,20.239,36.36,143.42
136.19,20.224,36.36,143.42
136.03,20.549,36.36,143.42
135.92,21.038,36.36,143.42
135.57,21.882,36.36,143.42
135.27,21.54,36.36,143.42
130.96,17.237,36.724,144.85
128.7,16.266,37.091,146.3
125.05,10.561,37.462,147.77
NaN,NaN,NaN,-2
NaN,NaN,NaN,0
NaN,NaN,NaN,0
NaN,NaN,NaN,0
NaN,NaN,NaN,0
NaN,NaN,NaN,-1
105.87,26.267,49,123
105.78,25.411,49,123
105.88,23.7,49,123
105.95,23.464,49,123
105.37,19.843,49.49,124.23
105.3,17.218,49.985,125.47
105.59,16.549,50.485,126.73
106.24,17.234,50.485,126.73
109.47,15.783,50.99,127.99
109.57,16.447,50.99,127.99
109.61,16.493,50.99,127.99
109.62,16.5,50.99,127.99
109.62,16.5,50.99,127.99
107.07,20.739,50.48,126.71
107.15,14.484,50.984,127.98
106.91,14.174,51.494,129.26
106.7,14.025,52.009,130.55
123.59,23.371,51.489,129.25
122.71,22.197,52.004,130.54
125.71,25.578,51.484,129.24
127.29,28.939,50.969,127.94
129.67,28.917,50.46,126.66
130.44,29.307,49.955,125.4
131.09,29.608,49.455,124.14
137.52,27.461,48.961,122.9
137.68,28.955,48.471,121.67
134.27,31.525,48.471,121.67
135.3,30.322,47.986,120.46
135.55,24.767,48.466,121.66
143.17,25.497,47.982,120.44
142.13,24.963,47.502,119.24
142.36,25.559,47.027,118.05
141.91,26.221,46.557,116.87
140.46,29.026,46.091,115.7
139.09,30.214,45.63,114.54
135.09,31.95,45.174,113.4
136.63,33.74,44.722,112.26
140.58,32.348,44.275,111.14
151.63,20.201,44.718,112.25
151.97,16.687,44.718,112.25
151.97,16.571,44.718,112.25
147.92,16.495,45.165,113.37
144.01,20.872,45.616,114.51
143.99,21.367,45.616,114.51
143.99,21.449,45.616,114.51
143.98,21.477,45.616,114.51
144.17,22.287,45.16,113.36
143.77,22.449,45.612,114.5
140.26,36.178,45.156,113.35
140.31,37.162,44.704,112.22
140.5,37.453,44.257,111.09
140.75,37.546,43.815,109.98
141.43,32.742,43.815,109.98
144.26,19.605,44.253,111.08
150.41,19.814,43.81,109.97
162.29,11.62,44.248,111.07
165.31,6.7536,44.691,112.18
165.04,7.2809,44.691,112.18
165.02,7.4606,44.691,112.18
164.75,7.2548,45.138,113.3
163.78,10.499,45.138,113.3
160.15,13.22,45.589,114.44
156.3,18.477,45.133,113.29
149.75,30.388,44.682,112.16
141.55,35.285,44.235,111.04
138.75,38.444,43.793,109.93
128.2,34.495,43.793,109.93
128.19,34.498,43.793,109.93
127.99,34.225,44.231,111.03
166.46,55.541,44.673,112.14
166.35,54.635,45.12,113.26
161.09,37.85,45.12,113.26
160.19,35.427,44.668,112.13
159.66,33.581,44.222,111.01
152.37,24.433,44.664,112.12
152.27,9.3862,45.111,113.24
NaN,NaN,NaN,-2
NaN,NaN,NaN,0
NaN,NaN,NaN,0
NaN,NaN,NaN,0
NaN,NaN,NaN,0
NaN,NaN,NaN,-1
99.853,35.029,98,65
100.3,34.985,98,65
102.09,35.287,98,65
104.27,35.3,98,65
110.15,35.302,98,65
111.22,36.291,97.02,64.35
115.91,37.112,96.05,63.706
118.33,37.153,95.089,63.069
120.87,37.391,94.138,62.439
121.12,35.428,94.138,62.439
120.93,33.469,94.138,62.439
123.29,30.898,94.138,62.439
123.15,29.122,94.138,62.439
123.1,26.905,94.138,62.439
124.7,22.644,95.08,63.063
125.53,20.403,96.031,63.694
125.2,17.488,96.991,64.331
122.03,15.626,96.991,64.331
118.15,13.731,96.991,64.331
116.54,12.58,96.991,64.331
115.21,10.751,96.991,64.331
114.82,10.507,96.991,64.331
114.17,9.7623,96.991,64.331
111.92,7.6013,96.991,64.331
111.86,7.5149,96.991,64.331
111.65,6.9324,96.991,64.331
111.54,6.6963,96.991,64.331
111.62,6.5181,96.991,64.331
111.63,6.5048,96.991,64.331
109.01,4.8237,96.021,63.687
105.75,5.0619,96.021,63.687
105.91,4.9959,95.061,63.051
106.05,5.0716,94.11,62.42
104.19,5.1274,94.11,62.42
101.77,5.0206,94.11,62.42
98.509,5.2302,94.11,62.42
98.543,4.783,95.051,63.044
98.145,5.4001,95.051,63.044
97.224,5.2265,96.002,63.675
96.416,5.1283,96.962,64.311
