NaN,NaN,NaN,-1
128,47,37,97
128,47,37,97
128,48,37,97
128,48,37,97
128,49,37,97
128,49,37,97
128,50,37,97
127,51,37,97
127,53,37,97
127,54,37,97
127,57,37,97
127,59,37,97
128,62,37,97
129,65,37,97
132,70,37,97
134,75,37,97
138,79,37,97
143,83,37,97
148,88,37,97
155,92,37,97
162,95,37,97
170,98,37,97
178,100,37,97
186,101,37,97
194,102,37,97
202,103,37,97
209,104,37,97
216,104,37,97
221,105,37,97
224,105,37,97
226,105,37,97
226,104,37,97
223,103,37,97
218,103,37,97
211,102,37,97
203,102,37,97
194,102,37,97
183,102,37,97
172,103,37,97
162,104,37,97
151,105,37,97
143,105,37,97
136,106,37,97
127,107,37,97
118,108,37,97
109,110,37,97
102,110,37,97
96,111,37,97
90,111,37,97
85,111,37,97
80,111,37,97
77,108,37,97
76,104,37,97
76,100,37,97
77,94,37,97
78,88,37,97
81,81,37,97
84,74,37,97
87,66,37,97
91,60,37,97
95,55,37,97
99,51,37,97
106,47,37,97
113,44,37,97
121,42,37,97
129,41,37,97
139,41,37,97
147,42,37,97
155,44,37,97
164,47,37,97
171,49,37,97
179,51,37,97
187,53,37,97
196,54,37,97
204,55,37,97
211,56,37,97
216,57,37,97
220,57,37,97
222,57,37,97
220,56,37,97
216,54,37,97
208,52,37,97
199,50,37,97
190,47,37,97
180,44,37,97
170,42,37,97
160,40,37,97
150,38,37,97
141,36,37,97
131,36,37,97
120,36,37,97
110,38,37,97
101,41,37,97
92,44,37,97
84,47,37,97
77,49,37,97
72,53,37,97
71,57,37,97
72,62,37,97
74,68,37,97
77,73,37,97
80,78,37,97
85,83,37,97
88,89,37,97
91,94,37,97
93,101,37,97
96,107,37,97
98,112,37,97
101,117,37,97
105,120,37,97
110,121,37,97
116,122,37,97
122,121,37,97
129,119,37,97
137,115,37,97
144,112,37,97
150,108,37,97
158,104,37,97
164,100,37,97
171,97,37,97
177,94,37,97
183,91,37,97
189,87,37,97
195,84,37,97
200,81,37,97
206,78,37,97
211,75,37,97
215,72,37,97
219,70,37,97
222,67,37,97
223,65,37,97
222,62,37,97
219,59,37,97
215,56,37,97
209,53,37,97
202,51,37,97
194,48,37,97
186,46,37,97
176,44,37,97
166,42,37,97
157,40,37,97
147,38,37,97
138,37,37,97
129,35,37,97
120,34,37,97
112,33,37,97
104,32,37,97
97,31,37,97
91,32,37,97
86,33,37,97
83,34,37,97
83,35,37,97
84,36,37,97
87,38,37,97
92,39,37,97
96,42,37,97
99,46,37,97
102,49,37,97
104,53,37,97
107,56,37,97
109,58,37,97
111,60,37,97
113,61,37,97
115,60,37,97
117,61,37,97
119,60,37,97
122,59,37,97
126,58,37,97
132,57,37,97
138,56,37,97
143,56,37,97
149,55,37,97
155,53,37,97
159,51,37,97
162,50,37,97
165,50,37,97
167,50,37,97
170,50,37,97
174,51,37,97
179,53,37,97
184,55,37,97
189,56,37,97
195,57,37,97
199,57,37,97
203,57,37,97
206,56,37,97
208,55,37,97
210,53,37,97
211,52,37,97
213,50,37,97
216,51,37,97
218,56,37,97
221,62,37,97
224,73,37,97
225,84,37,97
225,92,37,97
226,98,37,97
223,106,37,97
219,111,37,97
216,113,37,97
213,115,37,97
208,116,37,97
202,117,37,97
196,115,37,97
188,113,37,97
178,111,37,97
168,110,37,97
156,109,37,97
145,107,37,97
134,105,37,97
122,102,37,97
111,99,37,97
101,96,37,97
90,94,37,97
81,93,37,97
73,91,37,97
67,89,37,97
62,86,37,97
59,82,37,97
60,77,37,97
63,71,37,97
67,64,37,97
73,56,37,97
79,48,37,97
85,40,37,97
91,32,37,97
96,25,37,97
100,17,37,97
104,10,37,97
107,4,37,97
102,1,37,97
102,1,37,97
102,1,37,97
102,1,37,97
102,1,37,97
NaN,NaN,NaN,-2
NaN,NaN,NaN,0
NaN,NaN,NaN,0
NaN,NaN,NaN,0
NaN,NaN,NaN,0
NaN,NaN,NaN,-1
180,56,25,63
189,61,25,63
197,66,25,63
207,71,25,63
216,75,25,63
224,79,25,63
230,84,25,63
237,88,25,63
244,92,25,63
249,97,25,63
254,100,25,63
257,104,25,63
259,106,25,63
257,109,25,63
254,110,25,63
248,110,25,63
241,111,25,63
232,111,25,63
223,111,25,63
214,111,25,63
204,111,25,63
195,112,25,63
185,113,25,63
176,114,25,63
167,115,25,63
157,116,25,63
147,116,25,63
137,116,25,63
128,116,25,63
120,115,25,63
112,114,25,63
105,113,25,63
98,111,25,63
92,110,25,63
87,107,25,63
83,104,25,63
79,99,25,63
75,95,25,63
72,90,25,63
70,84,25,63
68,79,25,63
66,73,25,63
65,67,25,63
65,60,25,63
66,53,25,63
66,47,25,63
67,41,25,63
67,35,25,63
66,31,25,63
65,27,25,63
63,25,25,63
62,24,25,63
60,27,25,63
57,32,25,63
55,37,25,63
53,41,25,63
52,45,25,63
50,48,25,63
51,50,25,63
52,52,25,63
55,54,25,63
58,56,25,63
61,60,25,63
64,65,25,63
68,72,25,63
72,79,25,63
78,85,25,63
84,91,25,63
91,97,25,63
99,101,25,63
108,105,25,63
118,107,25,63
130,109,25,63
141,109,25,63
152,108,25,63
163,106,25,63
174,102,25,63
182,97,25,63
189,94,25,63
194,91,25,63
199,89,25,63
201,87,25,63
202,85,25,63
200,83,25,63
197,80,25,63
192,76,25,63
187,73,25,63
NaN,NaN,NaN,-2
NaN,NaN,NaN,0
NaN,NaN,NaN,0
NaN,NaN,NaN,0
NaN,NaN,NaN,0
NaN,NaN,NaN,-1
141,58,24,64
134,60,24,64
127,64,24,64
121,70,24,64
117,76,24,64
114,82,24,64
112,87,24,64
112,92,24,64
116,95,24,64
121,97,24,64
129,98,24,64
138,99,24,64
147,99,24,64
157,98,24,64
167,98,24,64
177,97,24,64
185,97,24,64
193,98,24,64
200,100,24,64
205,102,24,64
209,105,24,64
212,108,24,64
214,112,24,64
212,116,24,64
209,120,24,64
203,124,24,64
196,126,24,64
190,127,24,64
182,128,24,64
175,129,24,64
167,128,24,64
158,127,24,64
148,125,24,64
138,121,24,64
129,117,24,64
119,112,24,64
109,107,24,64
99,101,24,64
91,95,24,64
83,88,24,64
77,82,24,64
71,75,24,64
67,68,24,64
66,62,24,64
67,56,24,64
71,51,24,64
75,46,24,64
81,41,24,64
86,37,24,64
92,34,24,64
97,30,24,64
101,28,24,64
105,26,24,64
109,26,24,64
113,27,24,64
117,30,24,64
120,34,24,64
125,38,24,64
129,43,24,64
133,47,24,64
136,51,24,64
139,55,24,64
143,58,24,64
146,60,24,64
149,61,24,64
151,62,24,64
154,64,24,64
156,65,24,64
157,66,24,64
