NaN,NaN,NaN,-1
62.333,76.5,79.333,201.17
68,72.253,76.5,208.25
68,73.667,79.333,204
70.833,73.667,79.333,198.33
76.5,76.5,76.5,195.5
79.333,79.333,76.5,192.67
82.167,76.5,76.5,195.5
87.833,70.833,73.667,199.77
87.833,70.833,76.5,201.17
90.667,76.5,76.5,195.5
73.667,76.5,96.333,192.67
79.333,79.333,96.333,189.83
82.167,79.333,93.5,192.67
85,79.333,93.5,192.67
85,79.333,96.333,192.67
82.167,82.167,104.83,195.5
113.33,82.167,73.667,195.5
110.5,79.333,79.333,198.33
113.33,85,79.333,187
113.33,85,82.167,187
116.17,79.333,87.833,195.5
119,82.167,85,192.67
124.67,84.834,82.167,190
127.5,85,85,192.67
130.33,85,82.167,192.67
130.33,93.5,85,178.5
133.17,90.667,85,178.5
136,93.5,82.167,175.67
138.83,99.167,82.167,170
141.67,96.333,82.167,170
144.5,96.333,82.167,172.83
147.33,93.5,79.333,175.67
144.5,96.333,85,170
144.5,99.167,93.5,170
144.5,104.83,93.5,161.5
144.5,93.5,99.167,175.67
141.67,93.5,104.83,172.83
141.67,87.833,104.83,181.33
144.5,87.833,107.67,178.5
144.5,90.667,107.67,172.83
144.5,99.167,110.5,161.5
147.33,99.167,104.83,164.33
136,107.67,119,153
127.5,90.667,124.67,175.67
161.5,110.5,85,164.33
164.33,102,85,164.33
164.33,102,90.667,158.67
164.33,113.33,90.667,147.33
161.5,102,99.167,161.5
158.67,110.5,102,147.33
164.33,110.5,99.167,153
164.33,113.33,99.167,150.17
167.17,113.33,102,150.17
167.17,113.33,102,150.17
167.17,113.33,107.67,155.83
172.83,113.33,121.83,155.83
178.5,113.33,119,155.83
172.83,110.5,124.67,158.67
172.83,113.33,104.83,144.5
170,113.33,107.67,147.33
170,113.33,109.03,153
175.67,110.5,102,155.83
178.5,113.33,99.167,153
184.17,110.5,96.333,155.83
187,113.33,93.5,158.67
184.17,110.5,99.167,166.13
184.17,116.17,107.67,155.83
181.33,116.17,119,150.17
181.33,119,116.17,147.33
181.33,119,119,147.33
178.5,116.17,121.83,155.83
206.83,110.5,90.667,167.17
209.67,104.83,90.667,178.5
212.5,99.167,87.833,141.67
215.33,102,87.833,138.83
218.17,107.67,79.333,138.83
221,113.33,79.333,133.17
215.33,130.33,85,116.17
212.5,127.5,93.5,113.33
198.33,116.17,104.83,127.5
229.5,121.83,79.333,121.83
235.17,127.5,76.5,116.17
235.17,124.67,73.667,119
232.33,126.13,82.167,117.54
229.5,127.5,79.333,119
229.5,130.33,82.167,116.17
221,130.33,93.5,116.17
221,121.83,96.333,124.67
221,121.83,99.167,124.67
221,121.83,99.167,124.67
218.17,121.83,104.83,124.67
198.33,124.67,124.67,119
238,121.83,85,121.83
240.83,124.67,82.167,119
240.83,124.67,85,119
243.67,121.83,82.167,121.83
246.5,121.83,76.5,119
246.5,121.83,76.5,121.83
249.33,119,76.5,121.83
249.33,121.83,76.5,119
249.33,119,76.5,121.83
255,121.83,73.667,119
252.17,121.83,73.667,116.17
255,121.83,79.333,116.17
255,121.83,76.5,119
260.67,121.83,70.833,116.17
260.67,130.33,70.833,110.5
263.5,124.67,73.667,116.17
263.5,121.83,73.667,119
263.5,121.83,76.5,116.17
263.5,124.67,73.667,113.33
263.5,124.67,76.5,113.33
266.33,124.67,73.667,113.33
266.33,121.83,73.667,116.17
266.33,119,73.667,116.17
266.33,119,70.833,116.17
266.33,116.17,70.833,116.17
269.17,119,68,113.33
272,116.17,70.833,116.17
269.17,113.33,76.5,116.17
269.17,110.5,79.333,119
266.33,104.83,82.167,124.67
269.17,104.83,79.333,121.83
269.17,104.83,82.167,121.83
269.17,102,82.167,124.67
269.17,102,85,124.67
272,99.167,82.167,127.5
269.17,99.167,90.667,127.5
272,96.333,85,127.5
272,99.167,87.833,124.67
272,99.167,90.667,124.67
272,127.25,68,93.745
274.83,127.5,65.167,93.5
272,127.5,70.833,90.667
277.67,130.33,65.167,87.833
274.83,127.5,65.167,90.667
277.67,127.5,65.167,90.667
276.32,127.5,77.845,90.667
277.67,127.5,82.167,90.667
277.67,127.5,82.167,90.667
277.67,130.33,79.333,87.833
281.57,135.26,74.533,82.815
284.33,129.74,71.773,82.815
284.33,129.74,63.491,85.575
276.05,129.74,71.773,88.336
276.05,124.22,74.533,93.857
278.81,121.46,74.533,96.617
276.05,127.11,74.533,88.209
278.81,126.98,74.533,88.336
281.57,129.74,71.773,85.575
287.15,132.5,68.953,82.815
287.09,129.74,69.012,85.575
289.85,132.5,66.252,82.815
289.85,138.02,66.252,77.294
289.85,136.5,69.012,78.816
292.61,129.74,66.252,85.575
292.61,132.5,66.252,82.815
295.37,135.26,63.491,80.054
295.37,138.02,66.252,77.294
289.85,132.5,69.012,80.054
287.09,129.74,74.533,82.815
287.09,132.5,74.533,80.054
289.85,132.5,71.773,80.054
287.09,135.26,74.533,74.533
295.37,138.02,66.252,74.533
300.89,129.74,63.491,82.815
300.99,129.74,63.396,80.149
306.41,129.74,57.97,82.815
303.65,129.74,60.731,82.815
300.89,132.5,63.491,77.294
303.65,129.74,63.491,80.054
306.41,129.74,60.731,74.533
303.65,129.74,63.491,80.054
306.41,129.74,60.731,82.815
303.65,129.74,63.491,82.815
306.41,129.74,57.97,77.294
306.41,135.26,63.491,71.773
306.41,138.02,63.491,69.012
309.17,124.22,60.731,80.054
311.94,124.22,60.731,82.815
311.94,126.98,60.731,80.054
311.94,126.98,60.731,82.815
311.94,124.22,60.731,82.815
309.17,124.22,66.252,80.054
311.94,124.22,63.491,80.054
314.7,126.98,60.731,74.533
311.94,121.46,63.491,85.575
311.94,121.46,63.491,85.575
314.7,121.46,63.491,82.815
311.94,121.46,66.252,82.815
314.7,121.46,63.491,82.815
314.7,121.46,63.491,85.575
318.08,122.96,61.478,80.046
318.08,125.63,61.478,74.93
318.08,122.96,64.151,80.189
318.08,120.28,64.151,80.189
320.76,120.28,61.478,80.189
320.76,122.96,56.132,74.843
324.74,125.63,54.819,74.843
326.1,122.96,48.113,74.843
326.1,125.63,50.786,72.17
326.1,122.96,58.805,77.516
326.1,122.96,56.132,77.516
326.1,122.96,50.786,77.516
328.77,109.59,50.786,90.881
326.1,109.59,56.132,90.881
326.1,109.59,58.805,90.881
328.77,123.54,53.459,76.937
331.45,125.63,50.786,74.843
328.77,125.63,53.459,74.843
328.77,122.96,50.786,77.516
328.77,122.96,50.786,77.516
328.77,122.96,50.786,77.516
328.77,122.96,50.786,77.516
334.12,109.59,45.44,85.535
334.12,106.92,48.113,93.554
331.45,109.59,50.786,88.208
334.12,109.59,48.113,88.208
334.12,106.92,48.113,90.881
339.47,106.92,42.767,90.881
336.79,106.92,45.44,93.554
336.79,106.92,45.44,90.881
331.45,101.57,50.786,98.9
339.47,98.9,42.767,98.9
339.47,128.3,45.44,69.497
339.47,125.63,45.44,72.17
339.47,122.96,42.767,74.843
339.47,122.96,42.767,74.843
339.47,122.96,42.767,74.843
339.47,122.96,45.44,74.843
336.79,122.96,44.145,74.843
339.47,122.96,42.767,72.17
339.47,122.96,42.767,72.17
342.14,122.96,40.095,69.497
342.14,122.96,40.095,72.17
342.14,122.96,42.767,72.17
342.14,124.33,42.767,68.122
342.14,117.61,42.767,74.843
344.81,117.61,40.095,74.843
342.14,120.25,37.191,72.207
342.14,120.28,37.422,72.17
342.14,120.28,37.422,74.843
342.14,120.28,37.422,74.843
342.5,115.02,35.784,79.235
342.5,115.02,38.34,79.235
342.5,115.02,35.784,79.235
342.5,112.46,38.34,81.791
345.06,104.79,43.452,89.459
339.94,102.24,48.564,94.571
339.94,102.24,51.12,94.571
339.94,102.24,48.564,92.015
339.94,104.79,48.564,89.459
339.94,89.459,51.12,104.79
339.94,125.24,38.34,69.011
339.94,125.24,38.34,69.011
339.94,125.24,38.34,69.011
339.94,125.24,38.34,67.729
339.94,125.24,38.34,66.455
339.94,127.8,38.34,63.899
339.94,127.8,38.34,63.899
339.94,132.91,38.34,58.787
339.94,130.35,38.34,58.787
339.94,127.8,38.34,63.899
339.94,130.35,40.896,61.343
339.94,127.8,40.896,61.343
339.94,130.35,38.34,58.787
339.94,127.8,38.34,63.899
339.94,127.8,40.896,63.899
339.94,130.35,40.896,61.343
339.94,130.35,40.896,61.343
334.83,125.24,43.452,66.455
332.28,132.91,46.008,58.787
339.94,127.8,40.896,63.899
339.94,127.8,40.896,60.077
339.94,127.8,48.564,61.343
339.94,127.8,48.564,61.343
339.94,130.35,48.564,58.787
339.94,130.35,48.564,58.787
339.94,127.8,43.452,61.343
342.5,127.8,40.896,61.343
342.5,130.35,38.34,56.231
342.5,130.35,38.34,56.231
342.5,127.8,38.34,58.787
342.5,127.8,38.34,58.787
342.5,127.8,43.452,58.787
342.5,132.91,43.452,53.675
342.5,132.91,43.452,53.675
342.5,130.35,43.452,56.231
342.5,130.35,43.452,56.231
342.5,130.35,43.452,56.231
337.39,130.35,48.564,56.231
337.39,127.8,48.564,58.787
337.39,127.8,48.564,58.787
332.28,127.8,53.675,58.787
342.38,133.55,38.851,55.849
339.95,133.55,41.28,55.849
342.38,128.7,38.851,60.705
339.95,128.7,41.28,58.277
339.95,133.55,41.28,53.421
342.38,128.7,38.851,60.705
337.52,133.55,43.708,55.849
337.52,133.55,43.708,53.086
337.52,133.55,43.708,53.421
337.52,131.12,43.708,55.849
335.09,126.27,46.136,60.705
337.52,126.27,46.136,60.705
339.95,131.12,43.708,55.849
335.09,133.55,48.564,53.421
337.52,131.12,43.708,55.849
335.09,131.12,46.136,55.849
335.09,131.12,43.708,55.849
332.67,130.96,50.993,48.728
330.24,128.7,50.993,58.277
335.09,131.12,46.136,53.421
332.67,131.12,48.564,50.993
327.81,128.7,48.564,55.849
327.81,128.7,48.564,58.277
327.81,128.7,48.564,58.277
327.81,131.12,50.993,50.993
325.38,133.55,50.993,50.993
322.95,133.55,53.421,50.993
344.81,133.55,31.567,50.993
344.81,133.55,33.995,50.993
344.81,131.12,31.567,53.421
344.81,133.55,31.567,50.993
344.81,133.55,29.139,50.993
344.81,133.55,29.139,50.993
344.81,131.12,29.139,53.421
342.38,131.12,29.139,53.421
344.81,131.12,26.71,53.421
347.23,131.12,24.282,53.421
349.66,131.12,26.71,53.421
349.66,131.12,26.71,50.993
349.66,131.12,29.139,50.993
349.66,133.55,26.71,48.564
349.66,133.55,26.71,48.564
349.66,133.55,26.71,48.564
349.66,133.55,29.139,46.136
349.66,133.55,29.139,48.564
352.09,133.55,21.854,48.564
352.09,138.84,24.282,43.277
352.09,138.41,21.854,43.708
352.09,138.41,21.854,43.708
354.52,138.41,21.854,43.708
356.95,138.41,21.854,43.708
355.5,138.12,20.379,43.022
353.23,138.12,20.379,43.022
353.23,140.39,22.643,40.758
353.23,142.65,22.643,38.493
355.5,140.39,22.643,36.229
