NaN,NaN,NaN,-1
65.167,76.5,76.5,201.17
65.167,73.667,76.5,201.17
68,73.667,76.5,198.33
73.667,73.667,73.667,198.33
76.5,73.667,76.5,198.33
79.333,73.667,79.333,198.33
82.167,76.5,79.333,195.5
85,76.5,79.333,195.5
87.833,76.5,79.333,192.67
90.667,79.333,82.167,192.67
82.167,87.833,90.667,181.33
79.333,87.833,99.167,184.17
82.167,87.833,99.167,184.17
82.167,124.67,102,147.33
85,124.67,107.67,147.33
82.167,124.67,110.5,147.33
87.833,124.67,107.67,144.5
87.833,124.67,110.5,144.5
90.667,124.67,110.5,147.33
99.167,124.67,104.83,147.33
102,127.5,102,147.33
90.667,124.67,116.17,150.17
90.667,127.5,113.33,147.33
87.833,127.5,121.83,147.33
85,127.5,130.33,150.17
119,127.5,93.5,141.67
116.17,127.5,102,141.67
119,127.5,102,138.83
121.74,119,102.09,147.33
121.83,119,104.83,153
124.67,119,102,150.17
127.5,119,102,153
130.33,121.83,102,150.17
133.17,119,104.83,150.17
133.17,121.83,104.83,147.33
136,116.17,104.83,153
138.83,116.17,104.83,150.17
141.67,116.17,102,150.17
144.5,119,102,144.5
147.33,119,102,144.5
147.33,119,102,141.67
150.17,116.17,102,144.5
144.5,116.17,110.5,147.33
141.67,119,113.33,147.33
138.83,119,116.17,155.83
138.83,116.17,119,158.67
138.83,116.17,121.83,158.67
133.17,119,124.67,153
172.83,119,85,153
172.83,116.17,90.667,150.17
172.83,116.17,93.5,147.33
164.33,113.33,102,144.5
164.33,113.33,102,150.17
167.17,113.33,102,144.5
170,113.33,104.83,150.17
170,116.17,127.5,158.67
170,119,130.33,164.33
172.83,119,130.33,158.67
172.83,116.17,127.5,164.33
172.83,124.67,127.5,155.83
175.67,124.67,124.67,161.5
175.67,124.67,121.83,161.5
175.67,124.67,119,133.17
178.5,124.67,119,122.19
181.33,121.83,107.67,124.67
172.83,127.5,119,119
161.5,121.83,136,127.5
206.83,121.83,87.833,127.5
201.17,119,93.5,130.33
206.83,121.83,90.667,127.5
209.67,119,87.833,127.5
209.67,124.67,87.833,121.83
212.5,119,87.833,127.5
204,116.17,96.333,133.17
198.33,110.5,104.83,136
184.17,107.67,121.83,138.83
226.67,99.167,82.167,150.17
232.33,116.17,76.5,133.17
235.17,119,73.667,130.25
235.17,124.67,76.5,124.67
232.33,119,79.333,130.33
231.86,129.82,71.309,119.51
235.17,124.67,76.5,124.67
232.33,124.67,85,124.67
235.17,124.67,76.5,130.33
235.17,124.67,82.167,133.17
235.17,120.36,82.167,140.31
238,119,76.5,144.5
240.83,116.17,79.333,155.83
240.83,113.33,79.333,158.67
240.83,110.5,79.333,167.17
243.67,110.5,79.333,127.5
243.67,110.5,79.333,127.5
243.67,113.33,82.167,124.67
243.67,116.17,82.167,121.83
249.33,119,73.667,119
249.33,119,76.5,119
252.17,119,73.667,116.17
252.17,119,76.5,119
252.17,119,76.5,116.17
252.17,121.83,73.667,113.33
252.17,119,76.5,116.17
255,119,73.667,113.33
255,119,76.5,116.17
255,116.17,72.267,116.17
249.33,116.17,82.167,116.17
252.17,121.83,85,110.5
252.17,121.83,82.167,110.5
252.17,121.83,85,113.33
257.83,121.83,79.333,113.33
257.83,121.83,79.333,113.33
257.83,121.83,79.333,113.33
260.67,121.83,79.333,110.5
257.83,127.5,82.167,104.83
257.83,127.5,80.787,104.83
257.83,127.5,82.167,102
260.67,127.5,76.5,102
263.5,127.5,73.667,99.167
263.5,127.5,70.833,99.167
263.5,124.67,70.833,102
263.5,124.67,70.833,102
260.67,127.5,70.833,99.167
260.67,124.67,70.833,102
260.67,127.5,73.667,96.333
263.5,136,70.833,86.437
266.33,133.17,67.875,87.833
266.33,130.33,70.833,93.5
266.33,119,68,104.83
263.5,119,73.667,102
266.33,119,70.833,102
262.53,121.59,77.378,96.723
265.3,118.83,74.615,99.487
265.3,121.59,71.851,96.723
265.3,116.07,74.615,102.25
268.06,124.36,71.851,93.959
265.3,124.36,74.615,93.959
265.3,124.36,77.378,93.959
243.19,124.36,99.487,91.196
248.72,127.12,93.959,91.196
276.35,127.12,69.088,91.196
276.35,127.12,69.088,93.959
279.11,124.36,66.324,93.959
281.88,127.12,63.561,91.196
279.11,130.62,69.088,87.696
279.11,132.65,69.088,85.669
281.88,132.65,69.088,85.669
284.64,132.65,66.324,85.669
284.64,132.65,66.324,82.905
287.41,132.65,63.561,82.905
295.7,135.41,60.797,80.142
295.7,135.41,58.034,80.142
297.16,121.59,57.785,93.959
287.41,118.83,69.088,96.723
287.41,118.83,69.088,93.959
287.41,121.59,69.088,91.196
290.17,121.59,66.324,91.196
292.93,121.59,69.088,88.432
290.17,118.83,74.615,93.959
290.17,118.83,71.851,96.723
292.93,121.59,69.088,91.196
292.93,129.89,71.851,82.905
292.93,132.65,69.088,80.142
292.93,132.65,69.088,80.142
298.46,132.65,66.324,80.142
304.18,132.65,57.837,77.378
303.99,129.89,60.797,82.905
303.99,129.89,60.797,80.142
303.99,129.89,60.797,77.378
306.75,129.89,60.797,77.429
309.51,124.36,55.27,80.142
301.22,129.89,66.324,74.615
301.22,129.89,66.324,74.615
303.99,129.89,63.561,74.615
303.99,129.89,63.561,74.615
303.99,129.89,63.561,74.615
306.75,132.65,63.561,69.088
306.75,132.65,63.561,69.088
306.75,129.89,63.561,71.851
306.75,129.89,66.324,71.851
309.51,129.89,60.797,71.851
309.51,129.89,63.561,74.615
309.72,128.16,64.08,74.76
312.39,128.16,61.41,74.76
315.06,128.16,58.74,74.76
315.06,128.16,58.74,77.43
315.06,130.83,58.74,74.76
315.06,130.83,61.41,74.76
315.06,128.16,61.41,77.43
317.73,133.5,58.74,74.76
320.4,122.82,56.07,85.44
323.07,122.82,56.07,82.77
323.07,122.82,53.4,82.77
320.4,122.82,57.427,85.44
320.4,122.82,58.74,82.77
320.4,120.15,58.74,85.44
320.4,122.82,58.74,77.43
323.07,125.49,53.4,77.43
323.07,125.49,56.07,74.76
328.41,125.49,48.06,77.43
328.41,128.16,48.06,74.76
328.41,128.16,48.06,77.43
328.41,128.16,53.4,77.43
331.08,125.49,50.73,80.1
328.41,125.49,53.4,74.76
325.74,125.49,56.07,74.76
328.41,125.49,48.06,72.09
328.41,128.16,50.73,72.09
328.41,125.49,53.4,77.324
328.41,136.17,61.41,64.08
328.41,136.17,61.41,64.08
328.41,136.17,58.74,64.08
328.41,136.17,58.74,61.867
328.41,128.16,56.07,69.42
328.41,128.16,58.74,72.09
328.41,130.83,50.73,72.09
331.08,136.17,50.73,66.75
336.55,138.84,47.926,64.08
336.42,130.83,48.06,72.09
339.09,130.83,45.39,72.09
328.41,130.83,53.4,69.42
328.41,130.83,50.73,72.09
328.41,130.83,53.4,69.42
328.41,128.16,53.4,72.09
325.74,130.83,56.07,66.75
328.41,130.83,50.73,66.75
328.41,130.83,56.07,69.42
328.41,133.69,56.07,66.555
328.41,130.83,56.07,66.75
328.41,128.16,56.07,69.42
328.41,133.5,53.433,64.08
328.41,130.83,53.4,66.75
328.41,125.49,53.4,72.09
328.53,128.33,51.333,69.3
328.53,130.9,51.333,66.733
328.53,130.9,51.333,66.733
333.66,128.33,48.766,74.433
333.66,128.33,48.766,71.866
333.66,128.33,46.2,71.866
331.1,128.33,48.766,71.866
331.1,128.33,48.766,71.866
331.1,123.2,59.033,74.433
331.1,118.07,61.6,79.566
331.1,118.07,59.033,79.566
331.1,115.5,61.6,82.133
331.1,118.07,59.033,79.566
331.1,118.07,59.033,79.566
331.1,118.07,59.033,79.566
323.4,120.63,66.733,76.999
320.83,125.77,59.033,74.433
320.83,128.33,59.033,71.868
320.83,128.33,56.466,71.866
320.83,128.33,59.033,71.866
320.83,130.9,59.033,69.3
320.83,125.77,59.033,74.433
320.83,125.77,61.6,74.433
343.93,123.2,38.5,76.999
336.23,125.77,43.633,64.166
341.77,125.77,38.095,66.328
341.36,125.77,38.5,66.733
341.36,128.33,41.066,61.6
341.36,128.33,38.273,64.166
343.93,128.33,35.933,64.166
346.5,128.33,33.366,64.166
346.5,128.33,33.366,64.166
346.5,128.33,33.366,64.166
343.93,128.33,35.933,64.166
343.93,125.77,35.933,66.733
346.5,125.77,30.736,64.166
349.06,125.77,28.233,64.166
346.5,125.77,30.8,64.166
346.5,125.77,30.8,64.166
349.06,125.77,30.8,64.166
346.5,125.77,33.366,64.166
349.06,125.77,30.8,64.166
346.5,128.33,33.366,61.6
349.06,125.77,30.8,64.166
349.06,130.9,33.366,56.466
349.06,125.77,30.8,64.166
349.06,125.77,30.8,64.166
349.06,125.77,30.8,64.166
349.06,123.2,30.8,66.733
346.5,125.77,33.366,64.166
346.5,125.77,30.8,64.166
349.83,126.33,29.153,60.735
349.83,128.76,29.153,58.305
349.83,128.76,29.153,60.735
347.4,128.76,31.582,58.305
349.83,133.62,31.582,55.876
347.4,128.76,31.582,58.305
347.4,128.76,31.582,58.305
347.4,126.33,31.582,58.305
349.83,128.76,29.153,53.447
352.26,126.33,29.153,58.305
352.26,128.76,29.153,55.876
349.83,126.33,31.582,60.735
349.83,128.76,31.582,58.305
349.83,128.76,31.582,58.305
349.83,128.76,31.582,58.305
349.83,128.76,31.582,58.305
349.83,128.76,31.582,58.305
349.83,128.76,31.582,58.305
352.26,131.19,29.153,53.447
349.83,131.19,31.582,53.447
349.83,131.19,31.582,53.447
352.26,131.19,29.153,53.447
347.4,136.04,29.156,48.591
347.4,136.05,29.153,51.017
347.4,136.05,29.153,48.588
349.83,136.05,26.723,48.588
349.83,136.05,26.723,48.588
352.26,136.05,26.723,48.588
347.4,136.05,29.153,46.158
349.83,136.05,26.723,46.158
347.4,133.62,31.582,48.588
347.4,133.62,31.582,48.588
347.4,138.48,31.582,43.729
347.4,138.48,31.582,43.729
347.4,138.48,31.582,43.729
347.4,138.48,31.582,46.158
347.4,138.48,31.582,46.158
347.4,138.48,26.405,43.729
347.4,128.76,26.723,53.447
347.4,128.76,24.294,53.447
349.83,128.76,21.865,53.447
349.83,128.76,21.865,53.447
349.83,128.76,24.294,53.447
349.83,128.76,24.294,53.447
349.83,128.76,21.865,53.447
347.4,128.76,26.723,51.017
347.4,131.19,29.153,48.588
352.32,131.19,24.24,51.017
352.26,131.19,21.865,51.017
352.26,131.19,24.294,51.017
352.26,133.62,24.294,48.588
351.84,133.92,24.969,47.668
351.84,136.19,24.969,45.398
351.84,136.19,24.969,45.398
354.11,136.19,24.969,45.398
354.11,136.19,22.699,45.398
354.11,136.19,24.969,45.398
354.11,136.19,24.969,45.398
354.11,136.19,24.969,45.398
351.84,131.65,27.239,43.128
354.11,136.19,24.969,45.398
354.11,136.19,22.699,39.54
349.57,136.19,27.239,40.858
349.57,136.19,27.239,43.128
351.84,136.19,24.969,43.128
349.57,136.19,27.239,40.858
349.57,133.92,27.239,45.398
