NaN,NaN,NaN,-1
225,92,43,45
225,92,43,45
225,92,43,45
225,92,43,45
224,92,43,45
222,92,42,44
221,92,42,44
221,93,42,44
220,93,42,44
219,93,42,44
217,93,42,44
215,93,42,44
212,92,43,45
208,92,44,46
204,92,44,46
201,91,45,47
198,90,46,48
194,89,47,49
189,88,47,49
184,87,48,50
179,86,49,51
174,86,49,51
168,86,50,52
161,86,50,53
154,86,51,54
145,88,52,55
135,90,53,56
123,92,54,57
111,93,55,58
98,96,55,57
83,98,55,58
69,98,58,61
55,98,62,65
48,102,59,61
39,105,58,61
33,109,57,60
27,111,60,63
28,112,59,62
28,112,59,62
28,112,59,62
28,112,59,62
28,112,59,62
28,112,59,62
28,112,59,62
28,112,59,62
28,112,59,62
NaN,NaN,NaN,-2
NaN,NaN,NaN,0
NaN,NaN,NaN,0
NaN,NaN,NaN,0
NaN,NaN,NaN,0
NaN,NaN,NaN,-1
133,92,53,58
139,88,52,57
148,83,51,56
157,79,49,54
165,76,47,51
170,73,45,49
174,71,44,48
178,69,42,46
179,65,41,44
184,59,41,45
192,55,40,44
200,55,39,43
209,55,37,40
217,57,35,38
225,59,33,37
232,62,32,35
236,63,31,34
239,63,31,34
241,64,30,33
241,65,30,33
237,66,31,34
233,66,33,36
233,69,33,36
233,73,33,36
232,76,33,36
233,79,33,36
236,83,32,35
236,87,32,35
237,92,32,35
239,96,32,35
241,100,31,34
244,103,31,34
245,107,31,34
247,114,31,34
252,123,30,32
256,131,29,32
259,137,28,31
259,143,28,31
255,148,29,32
251,149,31,34
246,145,35,38
241,139,37,41
237,132,39,42
232,126,41,44
227,118,43,47
221,111,45,49
214,105,46,50
206,97,52,57
202,98,50,55
198,100,47,51
187,100,47,51
187,100,46,51
187,100,46,51
187,100,46,50
187,100,47,51
NaN,NaN,NaN,-2
NaN,NaN,NaN,0
NaN,NaN,NaN,0
NaN,NaN,NaN,0
NaN,NaN,NaN,0
NaN,NaN,NaN,-1
114,88,45,51
115,81,44,50
117,74,42,48
120,69,41,46
123,65,40,46
125,63,39,45
126,61,38,44
128,60,38,43
131,60,37,43
133,60,38,43
134,60,37,43
135,61,36,41
137,61,36,41
140,60,36,41
142,60,36,42
147,60,36,41
152,60,37,42
156,60,38,43
158,61,37,42
161,63,37,42
163,62,37,43
164,60,39,45
167,60,40,45
167,59,42,48
168,58,42,48
168,58,43,49
168,57,44,50
169,57,46,52
169,56,47,54
169,55,49,56
169,56,49,56
169,60,47,54
168,66,46,53
167,72,45,52
168,78,45,52
164,83,46,52
158,90,47,53
150,97,48,54
136,105,50,57
122,115,49,56
109,122,52,59
103,127,51,58
98,132,50,57
94,135,52,59
90,141,49,56
86,147,47,53
82,152,45,52
79,155,45,51
76,159,43,49
71,162,42,48
66,163,41,47
60,164,40,46
54,165,39,45
51,165,40,45
47,163,41,46
44,162,40,46
40,162,40,46
37,161,40,46
33,161,40,46
30,161,40,46
26,159,41,47
24,154,39,45
25,150,38,43
27,144,37,43
27,135,40,45
24,126,46,53
23,120,49,56
23,116,50,57
22,110,51,59
22,104,53,61
24,99,55,62
27,95,54,62
28,90,57,65
32,86,56,64
33,82,60,68
33,82,60,69
33,82,60,69
33,82,60,69
32,82,60,69
33,82,60,69
33,82,61,69
32,82,61,70
32,82,61,70
32,82,61,70
32,82,61,70
32,81,62,71
32,81,62,71
NaN,NaN,NaN,-2
NaN,NaN,NaN,0
NaN,NaN,NaN,0
NaN,NaN,NaN,0
NaN,NaN,NaN,0
NaN,NaN,NaN,-1
118,113,57,57
125,116,56,56
130,118,55,55
135,121,55,55
141,121,54,54
148,121,54,54
156,120,54,54
164,117,52,52
170,115,51,51
174,113,51,51
179,112,51,51
184,111,48,48
189,108,48,48
195,106,47,47
201,102,45,45
207,102,45,45
211,101,45,45
214,102,44,44
216,102,44,44
218,102,43,43
221,104,42,42
223,107,42,42
223,111,42,42
222,114,42,42
221,114,42,42
221,114,43,43
221,114,43,43
222,114,43,43
222,114,43,43
222,114,44,44
222,114,44,44
221,114,45,45
221,114,45,45
221,114,45,45
221,114,45,45
221,114,45,45
221,114,45,45
