NaN,NaN,NaN,-1
38,90,178,241
41,88,176,243
44,87,176,258
47,90,173,254
50,94,171,250
54,90,168,254
57,92,167,251
60,93,166,250
63,90,164,252
67,91,159,251
70,93,160,252
73,94,153,251
77,95,158,250
80,94,155,251
83,95,153,250
86,96,151,249
89,95,174,250
92,96,164,249
95,88,172,257
98,90,173,255
101,97,171,248
104,94,170,251
107,98,168,247
109,74,168,244
112,98,171,245
114,102,170,229
115,102,170,239
118,103,168,212
122,100,165,237
124,73,164,270
125,73,164,262
127,74,163,269
128,72,163,270
134,72,159,270
137,72,157,270
127,73,177,269
142,73,154,267
144,73,153,231
148,73,150,265
150,71,149,249
153,79,147,258
155,72,113,255
157,72,98,240
159,72,143,248
161,78,97,235
163,78,96,237
165,78,96,236
168,75,146,257
169,75,95,257
171,78,130,258
173,79,127,257
175,81,132,254
177,80,132,254
179,95,130,239
181,76,129,257
183,77,158,255
185,96,92,235
186,99,125,231
189,101,91,215
189,101,159,228
191,101,91,209
192,78,157,231
196,96,90,231
198,82,153,225
199,83,89,223
201,83,88,221
203,102,87,202
197,84,95,220
198,81,95,221
207,80,87,221
209,81,86,219
209,81,87,218
212,79,86,239
202,81,96,236
214,82,85,235
216,82,84,214
217,82,85,214
219,82,84,233
220,82,84,214
223,99,82,194
222,94,84,199
224,95,84,197
226,100,84,190
228,100,82,190
229,101,82,188
229,102,83,188
231,102,82,185
232,102,82,186
234,102,81,186
235,102,81,185
236,102,81,185
237,103,136,222
238,101,137,226
240,103,135,221
241,101,136,222
241,105,137,218
243,123,136,199
245,123,136,198
245,124,136,197
247,124,136,196
248,124,135,200
250,124,136,195
252,124,136,194
254,124,136,193
255,124,144,194
256,124,135,195
257,124,162,195
259,125,156,191
260,125,139,189
261,124,138,193
262,125,137,189
263,125,161,187
264,125,161,187
265,124,161,186
265,127,166,218
266,127,165,183
265,125,167,193
260,126,172,184
261,126,173,180
266,126,166,189
266,125,169,181
266,125,169,184
266,126,169,178
266,125,170,177
267,124,169,221
245,124,192,221
261,123,177,187
267,125,169,176
261,125,175,174
268,121,168,178
269,124,168,173
269,125,168,171
270,124,168,174
271,124,168,177
268,124,171,221
272,123,166,222
273,123,168,222
238,125,207,219
269,117,174,226
269,125,178,218
269,125,178,217
270,125,180,217
270,125,181,216
270,125,182,215
270,125,183,215
271,126,183,214
271,126,184,213
271,127,186,212
270,127,188,210
272,127,187,211
272,127,188,209
272,128,190,208
273,128,189,207
273,128,191,207
274,129,192,205
274,129,194,204
274,130,195,203
274,130,196,200
274,130,197,200
274,130,197,198
275,130,196,200
275,129,198,197
275,129,199,197
276,129,197,195
276,129,200,196
274,128,203,194
276,128,202,196
277,128,186,192
277,127,202,194
277,128,187,191
277,129,187,189
278,128,166,189
277,127,184,189
250,127,229,192
251,128,213,191
251,127,213,191
252,128,211,189
231,128,228,188
231,128,229,187
233,128,227,186
234,128,227,185
235,128,226,187
239,128,222,186
232,128,229,184
233,128,229,184
234,128,229,183
229,128,228,183
229,128,229,182
229,129,229,180
226,129,229,185
226,129,229,180
227,129,228,179
228,130,227,178
231,119,224,188
228,126,228,181
231,130,225,178
231,131,224,175
230,131,225,174
240,126,214,179
240,121,215,183
227,121,228,182
239,123,219,179
232,122,227,180
232,131,226,170
229,131,229,169
229,131,229,168
228,131,229,167
228,131,229,168
227,119,229,179
228,131,229,167
228,117,229,180
228,118,229,179
226,120,229,176
229,122,226,173
226,118,229,177
227,122,229,172
227,120,229,173
227,120,229,173
219,121,229,171
220,115,229,188
220,115,229,175
198,117,229,172
199,117,229,174
189,122,218,169
191,121,224,169
192,87,219,202
189,87,222,200
189,87,221,202
189,119,229,170
186,88,229,200
186,120,229,168
186,88,222,199
186,88,221,199
187,88,219,199
188,122,219,203
187,122,220,163
188,121,212,164
188,121,227,164
188,119,229,165
188,119,229,165
188,119,224,164
188,90,229,193
189,123,229,195
189,120,219,161
190,124,217,157
190,112,217,204
191,112,218,168
192,114,224,166
191,92,218,222
192,121,218,158
192,119,219,160
192,119,219,182
192,84,223,194
192,122,223,156
192,123,222,154
192,113,222,198
192,108,221,168
192,108,220,192
192,108,223,192
192,108,221,201
193,109,221,165
193,109,220,165
194,123,221,150
194,124,222,149
194,109,223,163
194,124,225,151
194,125,225,150
194,107,224,167
194,106,223,168
194,121,219,152
188,107,229,165
189,107,225,164
183,98,228,174
181,107,229,165
181,98,227,173
181,107,229,162
181,107,228,165
181,107,229,182
180,107,229,164
180,107,228,164
181,98,224,172
181,108,229,162
181,108,228,161
181,107,227,162
181,107,221,162
181,108,219,160
181,108,229,173
181,108,229,159
181,108,221,159
181,108,229,172
181,108,222,159
183,108,220,177
181,108,221,176
181,109,226,157
182,109,221,156
182,109,226,156
183,109,219,156
182,109,221,156
182,110,221,154
183,110,220,154
182,110,229,153
182,110,229,153
183,110,226,169
183,109,225,153
183,110,228,152
183,110,220,152
184,110,219,152
183,109,229,152
183,54,228,220
183,111,222,149
182,53,229,207
182,58,229,214
182,66,224,205
183,90,220,181
181,83,222,176
182,53,222,217
181,55,229,203
181,56,229,213
172,57,229,212
172,58,228,211
170,61,229,195
170,62,229,194
169,62,229,206
169,63,228,192
169,64,229,203
170,65,229,200
170,67,229,187
170,68,229,186
170,70,229,193
170,71,229,192
176,74,224,178
171,73,229,189
171,74,229,181
177,75,223,176
173,76,228,175
172,78,229,176
175,80,226,174
176,80,225,180
177,81,224,172
176,82,226,170
176,82,226,170
173,80,229,172
173,79,229,173
173,79,229,175
174,80,228,171
174,80,229,179
174,80,229,171
174,80,215,171
174,80,217,171
174,80,225,174
