NaN,NaN,NaN,-1
38,90,178,242
41,88,176,243
44,87,176,243
47,90,173,254
50,94,171,250
54,90,168,253
57,92,167,251
60,93,166,250
63,90,164,252
67,91,159,251
70,93,160,247
73,94,153,250
77,95,158,249
80,94,155,250
82,95,154,249
85,96,152,247
89,95,174,250
92,88,164,257
95,88,172,257
98,90,173,255
101,97,171,248
103,94,171,251
107,98,168,247
108,99,169,246
111,98,172,247
114,102,170,243
117,102,168,243
118,103,168,242
122,100,165,245
124,103,164,242
126,103,163,242
127,76,163,269
128,75,163,270
135,75,158,270
137,75,157,270
127,75,177,270
143,75,153,265
144,76,153,264
148,73,150,266
150,71,149,267
153,79,147,258
155,72,113,255
157,72,98,240
159,77,143,243
158,72,100,241
163,78,140,237
156,72,142,242
168,75,146,257
170,75,130,257
172,78,129,258
173,79,94,257
175,81,132,254
177,80,132,254
179,79,130,255
181,76,129,257
183,77,158,255
185,96,92,235
186,99,125,231
189,101,91,215
189,101,159,228
191,101,92,209
192,78,157,231
196,96,89,231
198,82,153,225
199,83,152,223
201,83,150,221
203,101,87,203
197,101,95,203
198,102,95,200
207,104,87,197
209,81,86,221
210,81,86,218
212,79,85,239
202,81,97,236
214,82,86,235
216,82,86,214
217,82,85,214
219,82,84,233
220,82,85,213
223,87,82,206
224,94,82,199
225,95,83,197
226,98,83,193
228,101,82,189
229,99,83,190
231,99,81,190
231,102,82,187
233,103,81,185
234,103,81,185
235,101,80,186
237,103,80,183
238,103,135,222
239,107,136,217
239,101,136,223
241,107,136,216
239,107,139,216
243,124,136,198
245,124,136,197
247,125,134,197
248,127,135,199
248,128,135,197
250,128,136,191
252,128,136,191
253,128,162,191
254,128,142,190
255,127,137,191
257,127,162,190
257,128,158,189
260,128,139,187
261,128,162,185
263,127,160,187
264,128,165,188
264,129,166,185
265,128,166,183
265,126,167,185
266,128,166,183
265,128,168,180
266,128,168,182
266,127,168,179
266,126,169,179
266,126,169,180
266,125,170,184
266,125,170,179
266,124,170,178
267,125,169,179
267,123,169,180
267,125,169,176
268,124,168,176
268,123,168,176
268,124,168,177
269,122,167,175
269,124,168,176
270,124,167,174
271,125,167,171
268,124,170,172
272,124,166,221
273,124,167,170
274,124,155,169
269,124,172,170
269,124,173,172
269,124,174,168
270,125,174,170
270,123,174,218
270,125,176,179
271,125,175,166
271,126,174,167
271,126,166,164
269,127,177,162
269,127,178,160
272,127,176,160
272,127,176,159
272,128,177,160
273,128,176,158
273,128,177,158
274,129,168,155
274,129,160,156
274,129,161,156
274,130,161,199
274,130,178,155
275,130,178,153
275,130,179,152
275,129,180,153
275,129,181,154
276,129,180,152
276,129,180,194
262,128,182,194
276,128,165,193
263,108,180,212
277,127,167,193
278,128,166,191
278,129,166,189
278,128,166,189
277,127,168,189
277,127,170,188
250,128,200,191
250,127,203,191
251,128,213,189
252,128,207,188
232,128,229,187
233,128,228,186
232,128,228,186
236,128,224,187
231,128,229,186
232,128,229,184
233,128,229,184
227,128,229,183
229,128,228,182
225,128,228,184
224,129,229,181
223,129,229,183
223,129,229,180
224,129,228,179
223,130,229,178
223,119,229,188
224,126,229,181
231,130,223,176
231,131,223,175
230,131,223,174
240,126,214,179
239,121,215,182
227,121,228,185
239,123,216,180
232,122,225,181
227,131,229,171
227,131,229,169
226,131,229,170
227,131,229,170
227,131,229,168
227,119,229,179
227,119,229,179
228,117,229,180
228,118,229,179
227,120,229,177
229,122,226,173
227,121,229,174
227,122,229,172
227,120,229,173
228,120,229,173
221,121,229,171
221,115,229,176
197,115,229,175
198,118,229,171
188,112,219,180
188,118,219,173
191,121,224,169
203,87,208,202
188,87,223,200
189,87,221,202
188,119,229,170
187,88,229,200
187,120,229,168
186,88,222,199
186,88,221,199
187,88,219,199
188,122,219,203
187,122,220,163
188,121,212,164
188,121,227,164
188,119,229,165
188,119,229,165
188,119,224,164
189,90,229,193
189,122,229,196
191,120,217,161
190,121,217,160
190,112,217,204
191,112,218,168
192,114,224,166
191,92,218,222
192,121,222,159
192,119,219,160
191,119,220,182
191,84,224,194
191,122,222,156
191,123,223,154
191,119,223,192
191,108,222,169
191,108,221,168
192,108,223,167
192,108,221,201
192,109,222,165
193,109,220,165
193,111,222,163
194,121,222,152
193,111,224,161
193,124,226,151
193,124,226,151
193,107,225,167
193,106,224,168
193,121,220,152
188,107,229,165
189,107,225,164
183,98,228,174
181,106,229,166
181,98,227,173
181,100,228,169
181,107,228,165
180,107,228,182
180,107,229,164
180,107,228,164
180,98,228,172
180,108,229,162
181,108,228,162
181,108,227,161
181,108,229,161
181,108,219,160
181,108,229,173
181,108,229,159
181,108,221,159
181,108,229,172
181,109,222,158
181,109,222,176
181,109,221,175
181,108,226,158
182,108,221,157
182,109,226,156
183,109,219,156
182,110,221,155
182,110,221,154
183,110,220,154
182,110,229,171
182,64,229,199
182,110,227,153
183,110,225,152
183,111,228,151
183,111,229,151
184,110,219,152
183,110,229,151
183,109,228,165
183,111,229,149
183,54,229,206
183,58,229,214
183,66,229,205
183,86,220,185
183,83,228,176
183,53,221,217
183,55,229,203
174,56,228,213
172,57,229,212
170,58,229,211
169,61,229,195
170,62,228,194
168,62,229,206
168,63,229,192
168,64,229,203
169,65,229,200
169,67,229,187
169,68,229,186
169,67,229,196
169,72,229,191
169,74,229,178
170,75,229,187
170,76,229,179
177,75,222,176
174,76,225,175
171,80,229,174
175,80,225,174
176,82,224,178
177,83,223,170
171,82,229,171
171,83,229,169
171,80,229,172
173,79,228,173
172,79,229,175
172,80,229,172
172,80,229,179
172,80,229,171
172,80,217,171
172,80,219,171
172,80,226,171
