NaN,NaN,NaN,-1
144,65,85,105
142,66,85,105
137,70,85,105
135,72,85,105
132,72,85,105
131,67,85,105
129,62,85,105
127,61,85,105
128,64,85,105
123,58,85,105
118,59,85,105
112,69,85,105
106,64,85,105
101,66,85,105
100,61,85,105
103,58,85,105
103,60,85,105
107,60,85,105
107,62,85,105
109,64,85,105
108,69,85,105
109,67,85,105
112,69,85,105
113,68,85,105
109,68,85,105
110,66,85,105
117,68,85,105
117,66,85,105
124,53,85,105
127,53,85,105
132,54,85,105
133,50,85,105
139,53,85,105
142,54,85,105
143,56,85,105
142,55,85,105
142,53,85,105
138,50,85,105
136,48,85,105
132,44,85,105
130,48,85,105
120,53,85,105
115,57,85,105
111,63,85,105
106,58,85,105
103,64,85,105
105,59,85,105
99,60,85,105
101,62,85,105
103,53,85,105
104,51,85,105
106,51,85,105
109,51,85,105
109,56,85,105
116,59,85,105
118,65,85,105
121,68,85,105
124,68,85,105
131,63,85,105
133,60,85,105
138,56,85,105
139,52,85,105
141,50,85,105
142,47,85,105
143,57,85,105
136,61,85,105
135,58,85,105
136,59,85,105
134,63,85,105
130,62,85,105
131,57,85,105
133,58,85,105
131,60,85,105
133,62,85,105
131,67,85,105
129,69,85,105
127,70,85,105
129,65,85,105
127,69,85,105
125,67,85,105
120,66,85,105
118,64,85,105
118,59,85,105
117,60,85,105
113,63,85,105
112,69,85,105
116,69,85,105
117,74,85,105
120,76,85,105
121,82,85,105
123,73,85,105
128,64,85,105
132,55,85,105
136,55,85,105
140,50,85,105
140,52,85,105
141,53,85,105
142,57,85,105
145,59,85,105
147,59,85,105
145,57,85,105
145,57,85,105
146,56,85,105
142,54,85,105
144,54,85,105
142,57,85,105
137,62,85,105
135,65,85,105
130,64,85,105
127,70,85,105
123,71,85,105
119,72,85,105
117,63,85,105
121,60,85,105
122,61,85,105
121,57,85,105
120,61,85,105
121,62,85,105
123,61,85,105
122,66,85,105
123,67,85,105
127,67,85,105
129,59,85,105
130,61,85,105
129,58,85,105
132,55,85,105
138,51,85,105
142,50,85,105
143,50,85,105
142,53,85,105
144,52,85,105
144,58,85,105
145,56,85,105
143,57,85,105
141,52,85,105
139,58,85,105
139,45,85,105
143,42,85,105
139,45,85,105
137,42,85,105
132,43,85,105
131,41,85,105
129,42,85,105
131,48,85,105
128,48,85,105
122,49,85,105
122,47,85,105
122,41,85,105
117,37,85,105
118,36,85,105
118,33,85,105
118,32,85,105
119,37,85,105
121,44,85,105
122,47,85,105
126,46,85,105
126,47,85,105
128,48,85,105
128,45,85,105
127,38,85,105
129,33,85,105
130,34,85,105
129,34,85,105
127,36,85,105
126,36,85,105
123,38,85,105
127,44,85,105
127,49,85,105
127,50,85,105
126,51,85,105
123,48,85,105
123,42,85,105
123,37,85,105
124,35,85,105
123,29,85,105
124,30,85,105
120,32,85,105
121,33,85,105
127,36,85,105
127,40,85,105
125,41,85,105
126,43,85,105
121,47,85,105
118,49,85,105
116,49,85,105
110,49,85,105
111,46,85,105
106,46,85,105
102,43,85,105
102,40,85,105
100,44,85,105
99,42,85,105
102,44,85,105
103,42,85,105
107,41,85,105
111,31,85,105
112,28,85,105
110,23,85,105
116,25,85,105
123,30,85,105
124,30,85,105
130,36,85,105
135,38,85,105
138,41,85,105
138,39,85,105
144,38,85,105
142,43,85,105
145,45,85,105
149,48,85,105
151,50,85,105
151,50,85,105
150,46,85,105
149,51,85,105
140,47,85,105
138,49,85,105
135,46,85,105
128,46,85,105
124,47,85,105
121,46,85,105
120,41,85,105
119,49,85,105
118,48,85,105
122,53,85,105
121,54,85,105
124,62,85,105
127,60,85,105
133,58,85,105
139,61,85,105
144,63,85,105
146,60,85,105
152,58,85,105
150,55,85,105
152,53,85,105
155,55,85,105
152,58,85,105
152,63,85,105
153,66,85,105
151,64,85,105
150,62,85,105
150,62,85,105
151,60,85,105
150,63,85,105
153,62,85,105
157,59,85,105
157,59,85,105
161,65,85,105
158,66,85,105
159,65,85,105
161,64,85,105
160,66,85,105
159,61,85,105
151,64,85,105
152,60,85,105
147,56,85,105
148,52,85,105
146,46,85,105
148,47,85,105
144,48,85,105
148,49,85,105
145,58,85,105
147,59,85,105
149,68,85,105
150,68,85,105
152,63,85,105
154,59,85,105
153,56,85,105
155,55,85,105
156,48,85,105
156,46,85,105
156,47,85,105
155,46,85,105
151,52,85,105
150,54,85,105
150,53,85,105
147,55,85,105
141,52,85,105
134,51,85,105
132,47,85,105
126,45,85,105
117,37,85,105
112,35,85,105
109,35,85,105
107,38,85,105
103,41,85,105
102,47,85,105
102,54,85,105
102,57,85,105
103,56,85,105
110,60,85,105
114,55,85,105
122,52,85,105
128,50,85,105
132,49,85,105
128,51,85,105
126,50,85,105
122,46,85,105
117,50,85,105
110,51,85,105
102,55,85,105
95,60,85,105
88,63,85,105
76,79,85,105
72,64,85,105
68,35,85,105
65,33,85,105
64,33,85,105
64,39,85,105
65,47,85,105
63,53,85,105
59,60,85,105
52,65,85,105
45,65,85,105
38,49,85,105
32,50,85,105
32,45,85,105
35,40,85,105
34,39,85,105
42,47,85,105
46,44,85,105
49,50,85,105
50,51,85,105
52,52,85,105
54,52,85,105
61,56,85,105
63,52,85,105
70,52,85,105
75,45,85,105
81,37,85,105
89,30,85,105
96,26,85,105
98,30,85,105
99,37,85,105
103,34,85,105
101,31,85,105
100,26,85,105
106,42,85,105
98,36,85,105
97,33,85,105
99,30,85,105
97,19,85,105
93,20,85,105
94,24,85,105
93,33,85,105
94,29,85,105
89,28,85,105
91,33,85,105
94,37,85,105
94,32,85,105
97,29,85,105
101,23,85,105
112,26,85,105
119,29,85,105
123,31,85,105
118,36,85,105
113,40,85,105
114,46,85,105
120,55,85,105
118,53,85,105
113,45,85,105
113,35,85,105
116,31,85,105
121,34,85,105
126,37,85,105
127,39,85,105
126,41,85,105
120,43,85,105
115,45,85,105
107,41,85,105
101,39,85,105
98,36,85,105
95,28,85,105
95,28,85,105
99,29,85,105
98,36,85,105
100,35,85,105
98,37,85,105
95,37,85,105
95,39,85,105
92,40,85,105
89,35,85,105
92,32,85,105
97,30,85,105
101,26,85,105
109,32,85,105
111,34,85,105
115,35,85,105
119,32,85,105
128,28,85,105
131,29,85,105
133,26,85,105
136,26,85,105
137,22,85,105
136,18,85,105
139,16,85,105
139,18,85,105
138,16,85,105
144,27,85,105
138,32,85,105
133,34,85,105
131,41,85,105
124,39,85,105
120,29,85,105
118,28,85,105
124,22,85,105
127,23,85,105
131,25,85,105
129,24,85,105
129,30,85,105
131,31,85,105
134,36,85,105
138,41,85,105
140,46,85,105
145,47,85,105
148,50,85,105
149,56,85,105
148,48,85,105
151,52,85,105
151,58,85,105
151,63,85,105
150,66,85,105
145,69,85,105
141,72,85,105
138,66,85,105
136,65,85,105
135,66,85,105
132,60,85,105
129,58,85,105
126,54,85,105
123,44,85,105
122,39,85,105
116,39,85,105
121,41,85,105
120,45,85,105
117,51,85,105
114,56,85,105
112,50,85,105
111,53,85,105
111,52,85,105
116,61,85,105
121,56,85,105
127,64,85,105
133,55,85,105
134,45,85,105
137,40,85,105
135,43,85,105
133,40,85,105
136,51,85,105
136,51,85,105
136,41,85,105
134,31,85,105
129,20,85,105
135,10,85,105
136,17,85,105
139,16,85,105
138,23,85,105
136,16,85,105
141,17,85,105
145,17,85,105
149,23,85,105
150,25,85,105
159,8,85,105
NaN,NaN,NaN,-2
NaN,NaN,NaN,0
NaN,NaN,NaN,0
NaN,NaN,NaN,0
NaN,NaN,NaN,0
NaN,NaN,NaN,-1
148,69,46,59
144,70,46,59
139,69,46,59
137,68,46,59
135,72,46,59
136,70,46,59
134,71,46,59
131,72,46,59
135,69,46,59
139,69,46,59
142,66,46,59
142,66,46,59
145,67,46,59
144,67,46,59
145,68,46,59
139,68,46,59
140,67,46,59
137,65,46,59
135,63,46,59
138,67,46,59
137,60,46,59
135,61,46,59
138,61,46,59
141,62,46,59
143,62,46,59
137,59,46,59
135,59,46,59
135,60,46,59
128,63,46,59
128,66,46,59
122,62,46,59
126,65,46,59
126,67,46,59
132,63,46,59
134,59,46,59
139,58,46,59
142,59,46,59
145,60,46,59
147,63,46,59
152,60,46,59
154,62,46,59
154,58,46,59
155,58,46,59
159,53,46,59
161,55,46,59
158,57,46,59
158,58,46,59
154,65,46,59
150,68,46,59
142,74,46,59
137,76,46,59
128,74,46,59
128,73,46,59
123,71,46,59
121,67,46,59
124,68,46,59
126,69,46,59
128,71,46,59
130,74,46,59
132,73,46,59
131,76,46,59
140,81,46,59
143,84,46,59
145,81,46,59
148,72,46,59
146,67,46,59
149,69,46,59
149,70,46,59
153,69,46,59
152,64,46,59
148,73,46,59
148,68,46,59
133,59,46,59
126,52,46,59
129,50,46,59
127,51,46,59
150,55,46,59
149,66,46,59
142,64,46,59
138,66,46,59
137,67,46,59
140,61,46,59
139,46,46,59
139,46,46,59
138,44,46,59
141,41,46,59
141,44,46,59
144,44,46,59
145,47,46,59
144,56,46,59
144,62,46,59
144,65,46,59
142,63,46,59
144,54,46,59
146,47,46,59
149,49,46,59
154,43,46,59
153,53,46,59
155,57,46,59
154,58,46,59
152,60,46,59
153,58,46,59
152,59,46,59
153,57,46,59
152,57,46,59
156,59,46,59
152,57,46,59
147,52,46,59
144,55,46,59
141,55,46,59
135,54,46,59
128,54,46,59
125,53,46,59
120,54,46,59
118,56,46,59
122,51,46,59
121,51,46,59
125,48,46,59
125,54,46,59
128,61,46,59
132,63,46,59
142,66,46,59
146,65,46,59
150,64,46,59
153,57,46,59
156,52,46,59
161,50,46,59
154,49,46,59
154,49,46,59
158,46,46,59
159,49,46,59
161,53,46,59
157,55,46,59
156,55,46,59
154,57,46,59
153,57,46,59
154,55,46,59
154,54,46,59
155,50,46,59
154,52,46,59
154,51,46,59
154,53,46,59
154,54,46,59
157,54,46,59
158,55,46,59
157,57,46,59
158,60,46,59
157,61,46,59
156,62,46,59
154,65,46,59
153,73,46,59
155,74,46,59
154,75,46,59
151,73,46,59
150,70,46,59
149,67,46,59
150,63,46,59
151,61,46,59
154,58,46,59
156,58,46,59
162,60,46,59
164,61,46,59
167,59,46,59
169,61,46,59
172,60,46,59
171,57,46,59
170,54,46,59
167,51,46,59
162,47,46,59
158,50,46,59
154,52,46,59
149,54,46,59
143,58,46,59
141,60,46,59
138,60,46,59
131,60,46,59
130,63,46,59
127,58,46,59
127,56,46,59
130,51,46,59
133,51,46,59
134,57,46,59
139,58,46,59
144,63,46,59
148,69,46,59
154,67,46,59
159,68,46,59
165,67,46,59
170,69,46,59
174,65,46,59
177,69,46,59
179,72,46,59
180,74,46,59
177,76,46,59
174,78,46,59
170,75,46,59
168,72,46,59
166,71,46,59
164,71,46,59
161,70,46,59
159,73,46,59
156,75,46,59
155,79,46,59
154,76,46,59
151,74,46,59
150,68,46,59
150,65,46,59
152,62,46,59
149,63,46,59
150,61,46,59
151,60,46,59
153,62,46,59
157,64,46,59
155,73,46,59
164,76,46,59
168,77,46,59
150,82,46,59
150,81,46,59
153,80,46,59
154,77,46,59
153,76,46,59
154,78,46,59
154,78,46,59
166,92,46,59
167,85,46,59
166,95,46,59
160,97,46,59
163,98,46,59
170,100,46,59
165,91,46,59
163,82,46,59
161,74,46,59
160,78,46,59
157,73,46,59
153,76,46,59
149,76,46,59
149,79,46,59
153,80,46,59
159,79,46,59
157,78,46,59
155,78,46,59
153,75,46,59
150,72,46,59
147,68,46,59
149,66,46,59
146,66,46,59
150,64,46,59
153,67,46,59
155,70,46,59
159,70,46,59
161,72,46,59
164,79,46,59
165,79,46,59
165,74,46,59
163,68,46,59
160,65,46,59
159,65,46,59
156,63,46,59
154,65,46,59
152,66,46,59
146,68,46,59
143,72,46,59
140,73,46,59
136,74,46,59
137,74,46,59
134,71,46,59
129,69,46,59
131,71,46,59
128,71,46,59
126,71,46,59
125,71,46,59
127,72,46,59
130,72,46,59
135,72,46,59
137,72,46,59
141,71,46,59
146,70,46,59
147,69,46,59
149,64,46,59
155,66,46,59
159,69,46,59
160,74,46,59
159,77,46,59
157,81,46,59
155,81,46,59
153,83,46,59
149,84,46,59
144,81,46,59
144,79,46,59
138,75,46,59
136,74,46,59
133,79,46,59
130,83,46,59
129,80,46,59
131,80,46,59
127,78,46,59
122,77,46,59
119,76,46,59
118,78,46,59
119,79,46,59
120,79,46,59
118,75,46,59
