NaN,NaN,NaN,-1
195,49,176,176
200,48,167,176
194,51,133,175
237,54,87,173
235,56,86,167
228,58,89,167
226,60,89,167
224,63,89,163
221,64,89,163
218,66,91,165
217,67,94,164
214,67,99,163
210,66,108,164
188,51,144,175
205,47,77,165
200,45,79,164
147,37,176,151
149,6,176,168
164,6,176,147
159,6,176,131
165,6,175,130
209,6,176,128
232,6,164,131
266,6,172,92
283,6,176,97
NaN,NaN,NaN,-2
NaN,NaN,NaN,0
NaN,NaN,NaN,0
NaN,NaN,NaN,0
NaN,NaN,NaN,0
NaN,NaN,NaN,-1
NaN,NaN,NaN,-2
NaN,NaN,NaN,0
NaN,NaN,NaN,0
NaN,NaN,NaN,0
NaN,NaN,NaN,0
NaN,NaN,NaN,-1
160,53,159,182
152,41,183,176
158,30,183,159
161,6,183,178
187,6,183,147
191,6,183,140
182,6,183,140
184,6,183,138
180,6,183,138
181,6,183,135
179,6,182,134
180,6,183,132
184,6,182,129
183,6,181,134
186,6,178,133
188,6,175,133
191,6,179,137
193,6,179,147
190,6,183,150
193,6,181,164
201,6,174,173
217,6,161,171
210,6,170,168
197,6,171,162
184,6,168,146
175,6,171,92
165,6,172,83
156,6,174,64
139,6,174,77
NaN,NaN,NaN,-2
NaN,NaN,NaN,0
NaN,NaN,NaN,0
NaN,NaN,NaN,0
NaN,NaN,NaN,0
NaN,NaN,NaN,-1
243,82,101,155
242,104,98,133
242,109,94,127
241,111,93,124
240,107,93,126
239,82,93,146
238,77,93,147
237,73,92,148
235,68,92,149
231,62,90,148
229,62,89,144
226,57,88,147
223,55,86,148
217,59,83,144
214,60,83,143
215,59,81,144
214,60,76,145
214,70,75,135
215,68,73,138
217,68,71,139
219,68,69,143
223,68,67,140
183,66,109,143
182,64,110,145
186,67,106,142
189,78,105,131
224,73,70,135
228,71,67,139
206,72,89,137
224,67,69,142
226,68,65,141
228,67,60,142
224,67,61,142
226,59,51,153
228,57,47,156
230,57,46,154
229,56,45,158
226,60,48,160
227,52,47,160
178,49,160,158
182,47,160,158
208,32,76,159
208,44,138,159
217,47,131,156
191,45,160,160
194,44,160,160
194,35,160,157
193,28,160,155
186,26,160,145
197,6,160,144
201,6,158,128
199,6,160,121
200,6,160,120
201,6,160,116
202,6,160,107
205,6,160,88
207,6,160,67
210,6,160,63
214,6,158,62
213,6,160,53
219,6,160,53
230,6,157,54
232,6,159,55
239,6,160,56
245,6,160,56
254,6,157,53
259,6,160,61
264,6,160,62
268,6,160,60
276,6,160,60
280,6,160,60
284,6,160,60
287,6,160,60
NaN,NaN,NaN,-2
NaN,NaN,NaN,0
NaN,NaN,NaN,0
NaN,NaN,NaN,0
NaN,NaN,NaN,0
NaN,NaN,NaN,-1
177,68,118,149
168,56,154,149
168,71,118,116
205,50,78,137
205,51,114,143
207,73,73,124
184,77,106,116
178,76,104,113
208,79,65,109
192,69,127,94
168,78,151,91
166,79,114,89
166,80,106,89
164,80,104,96
192,80,70,92
198,75,62,95
199,70,62,100
176,65,78,100
149,59,98,104
144,58,103,102
188,58,59,101
177,59,81,126
176,66,63,112
183,70,64,100
180,74,63,101
178,80,65,98
180,83,68,122
182,80,67,106
184,82,65,106
144,83,107,111
141,66,106,128
152,74,101,117
195,70,58,116
180,50,127,134
174,50,138,123
178,51,141,120
176,52,145,119
181,52,146,119
181,52,144,119
179,50,151,121
178,47,151,124
181,51,153,119
184,47,150,123
184,50,150,122
186,51,148,123
187,52,148,123
188,55,147,122
189,58,154,122
188,59,147,123
189,60,154,122
195,61,154,122
197,63,153,121
198,64,145,123
198,64,151,120
194,65,154,119
185,65,154,118
181,66,154,113
177,52,154,140
173,56,154,120
164,66,154,95
160,62,151,107
155,71,154,103
148,67,144,86
140,77,146,78
135,77,151,85
130,80,153,77
127,81,153,77
115,82,145,79
109,82,154,80
101,83,154,80
NaN,NaN,NaN,-2
NaN,NaN,NaN,0
NaN,NaN,NaN,0
NaN,NaN,NaN,0
NaN,NaN,NaN,0
NaN,NaN,NaN,-1
200,62,174,167
204,63,174,165
198,67,174,159
195,69,174,154
197,62,174,161
196,83,174,138
196,76,174,144
196,71,174,151
194,84,174,137
191,84,174,135
188,86,174,132
185,89,174,127
178,89,174,124
169,89,174,124
141,88,172,119
84,67,170,117
NaN,NaN,NaN,-2
NaN,NaN,NaN,0
NaN,NaN,NaN,0
NaN,NaN,NaN,0
NaN,NaN,NaN,0
NaN,NaN,NaN,-1
204,63,134,143
207,68,128,141
199,67,147,136
200,71,147,136
198,73,147,134
196,73,147,128
198,74,147,132
198,74,147,126
197,75,147,118
195,73,147,123
189,62,146,109
183,57,147,111
178,73,147,100
149,72,136,85
130,68,147,87
119,66,147,87
111,65,147,86
NaN,NaN,NaN,-2
NaN,NaN,NaN,0
NaN,NaN,NaN,0
NaN,NaN,NaN,0
NaN,NaN,NaN,0
NaN,NaN,NaN,-1
249,53,122,118
252,50,122,111
239,43,122,107
231,43,121,87
230,52,122,93
229,48,122,83
232,56,118,71
233,56,122,71
234,56,122,70
231,55,122,70
230,55,122,66
231,55,121,66
231,54,122,66
231,55,122,65
232,54,122,69
233,54,121,70
235,54,122,70
238,52,121,71
243,52,122,68
245,51,122,65
246,49,122,68
249,48,122,63
256,46,122,65
260,43,122,68
264,45,122,66
268,46,122,63
277,47,122,57
282,45,122,47
291,45,122,45
297,44,122,45
312,46,122,42
320,45,122,43
328,45,121,42
337,44,122,43
NaN,NaN,NaN,-2
NaN,NaN,NaN,0
NaN,NaN,NaN,0
NaN,NaN,NaN,0
NaN,NaN,NaN,0
NaN,NaN,NaN,-1
235,60,112,129
256,67,89,127
255,81,85,118
240,90,97,123
236,95,99,110
232,98,101,109
227,100,102,110
224,100,104,112
222,101,105,114
221,101,107,114
218,100,109,112
216,99,111,115
215,97,113,118
215,96,114,117
214,93,117,119
214,92,119,120
214,89,121,124
213,89,124,123
215,86,125,123
215,84,126,123
221,81,114,122
224,79,108,119
226,77,101,119
226,72,102,121
227,72,104,119
228,72,99,117
224,69,98,115
222,66,100,118
220,66,102,121
217,63,105,125
211,59,102,129
207,59,101,129
204,60,99,129
201,61,99,129
196,64,97,127
194,64,95,128
190,64,97,129
189,64,95,129
186,65,92,129
182,65,93,129
182,65,90,129
179,65,91,129
179,67,87,129
178,67,86,129
177,67,85,129
175,68,86,129
172,68,89,129
171,68,84,129
170,64,84,129
169,64,82,128
170,63,78,129
170,64,78,127
174,62,75,129
180,62,72,129
188,62,71,129
194,62,71,129
200,62,71,129
205,62,72,129
220,65,72,129
229,66,71,128
236,67,72,129
247,69,68,127
259,73,66,127
267,76,61,125
269,80,61,122
268,82,60,125
260,86,65,122
256,91,62,119
251,93,64,123
247,96,67,118
242,90,108,124
246,100,63,117
247,105,59,116
248,107,63,115
246,107,70,116
240,113,60,113
199,108,88,120
197,109,129,116
193,91,117,121
187,77,129,114
201,60,126,107
211,41,127,107
224,46,126,62
248,43,126,66
259,52,127,59
NaN,NaN,NaN,-2
NaN,NaN,NaN,0
NaN,NaN,NaN,0
NaN,NaN,NaN,0
NaN,NaN,NaN,0
NaN,NaN,NaN,-1
151,86,149,133
156,64,149,146
165,40,149,137
175,24,122,143
200,48,129,111
226,24,115,91
238,23,117,95
NaN,NaN,NaN,-2
NaN,NaN,NaN,0
NaN,NaN,NaN,0
NaN,NaN,NaN,0
NaN,NaN,NaN,0
NaN,NaN,NaN,-1
179,89,109,129
184,94,108,119
192,85,105,127
194,98,94,107
199,98,88,110
197,99,89,108
185,99,97,107
186,99,90,108
180,100,96,107
165,99,107,108
164,100,107,110
164,99,107,111
161,98,111,112
164,96,107,115
170,90,103,119
173,88,103,116
183,80,96,119
194,76,86,119
207,76,85,117
218,66,73,121
221,63,70,120
221,56,80,124
221,51,88,126
219,50,100,124
220,47,100,124
219,46,103,123
215,45,110,122
215,43,103,124
218,43,101,125
214,42,105,126
216,42,104,128
215,44,97,129
215,46,90,129
214,48,103,129
215,50,104,129
215,51,103,129
216,53,100,128
216,52,97,129
218,51,92,129
220,49,83,129
222,46,97,129
221,41,81,129
213,41,77,129
208,43,76,127
188,43,94,129
186,45,94,129
185,46,95,129
194,51,83,128
207,53,73,128
212,57,70,127
218,59,59,126
217,63,63,126
216,64,61,128
216,64,60,127
217,64,57,127
217,59,55,127
222,60,52,125
219,58,91,126
221,58,52,123
180,54,129,125
180,53,129,127
182,49,129,117
182,39,129,123
184,35,102,128
181,37,104,115
178,32,107,117
177,40,108,107
179,37,107,113
180,44,107,107
180,45,108,107
181,47,107,105
180,48,109,105
180,49,109,105
179,45,111,109
179,50,111,105
178,47,114,109
177,48,116,107
177,48,118,106
177,50,119,105
176,51,124,105
177,52,125,104
178,51,126,105
175,52,129,103
