NaN,NaN,NaN,-1
326.23,187.59,50.378,51.334
323.37,186.37,51.149,52.111
322.2,184.89,51.436,52.329
319.31,183.2,53.23,54.151
317.67,182.54,52.825,53.862
315.18,181.23,53.594,54.611
313.57,180.11,53.878,54.948
311.65,178.7,54.308,55.484
310.28,178.13,53.578,54.424
308.56,176.54,54.437,55.354
306.3,174.99,55.294,56.295
303.9,173.16,56.134,57.153
302.32,171.71,56.969,57.997
301.16,170.57,56.661,57.599
299.34,168.12,57.907,58.83
297.88,166.91,58.276,59.233
296.09,164.63,59.315,60.245
294.41,162.96,59.851,60.563
292.86,161.97,60.054,60.842
291.57,159.81,60.398,61.11
290.34,158.4,59.947,60.521
288.37,156.05,61.692,62.379
285.67,154.18,62.027,62.72
285.09,151.87,63.042,63.828
283.41,149.96,63.385,64.076
282.21,148.05,63.769,64.33
279.91,145.57,64.742,65.415
279.56,143.14,65.966,66.63
278.58,140.29,66.811,67.54
277.65,138.13,67.04,67.854
277.09,136.17,66.961,67.919
276.5,133.64,67.468,68.326
275.76,130.98,67.404,68.41
275.88,129.21,67.282,68.246
275.41,126.7,67.604,68.582
275.29,125.04,67.464,68.398
275.02,122.53,67.902,68.788
274.7,120.31,68.013,68.935
274.56,117.63,69.239,70.205
274.8,115.65,68.895,69.874
275.44,114.42,68.029,69.001
275.22,112.6,68.44,69.318
274.98,110.23,69.111,69.945
274.79,108.89,69.368,70.35
275.53,108.02,68.208,69.09
275.77,106.83,68.066,68.912
276.26,105.66,67.717,68.523
275.79,103.98,69.183,69.99
275.15,102.58,70.074,70.893
275.47,101.6,69.991,70.718
275.4,100.68,70.556,71.257
275.77,99.562,70.647,71.231
276.18,99.254,70.571,71.215
276.68,98.995,70.225,70.984
276.86,97.808,70.953,71.818
277.32,97.828,70.673,71.513
278.01,97.04,70.688,71.482
278.63,96.822,70.111,70.935
279.45,96.276,69.805,70.683
279.49,96.544,69.853,70.668
280.05,95.795,70.207,71.106
280.93,95.795,69.158,69.945
281.01,95.47,69.72,70.536
282.47,95.196,68.796,69.577
283.06,94.614,68.777,69.603
284.12,94.281,68.456,69.26
284.75,94.267,68.335,69.083
285.34,93.954,68.657,69.38
285.59,93.507,68.878,69.636
287.17,92.684,68.777,69.65
287.97,92.292,69.142,70.011
289.05,92.181,68.52,69.437
290.71,91.742,67.934,68.79
291.61,91.91,67.84,68.807
292.51,90.964,67.642,68.625
293.89,91.205,66.8,67.697
294.43,90.33,66.84,67.637
295.97,90.163,66.652,67.493
297.25,89.441,66.048,66.918
297.33,89.02,66.112,67.106
299.3,88.506,64.776,65.549
299.94,88.178,64.466,65.255
300.17,87.282,65.118,65.71
301.09,86.782,65.671,66.318
301.38,86.1,64.898,65.558
302.18,85.344,64.876,65.575
303.08,85.108,64.162,64.912
303.59,84.913,63.791,64.605
304.24,84.099,63.921,64.807
304.09,83.55,64.308,65.24
304.31,82.86,64.624,65.513
305.49,83.269,63.503,64.506
305.54,82.286,63.299,64.362
304.98,82.039,63.48,64.749
305.99,81.833,63.17,64.516
306.64,81.581,62.452,63.861
307.03,81.715,61.666,63.084
307.14,81.834,60.778,62.131
306.28,80.452,62.643,64.094
307.41,81.51,60.236,61.779
307.2,80.863,60.474,61.998
306.77,80.817,60.302,61.83
307.64,81.161,59.056,60.722
307.32,81.246,58.862,60.512
307.91,82.063,58.211,59.8
308.55,81.993,58.037,59.591
308.29,81.529,58.658,60.31
308.22,81.355,58.898,60.538
308.61,82.483,57.767,59.254
308.61,81.676,58.39,59.936
309.33,82.148,57.787,59.43
309.19,82.726,58.194,59.585
309,83.542,57.623,58.98
309.38,83.815,58.174,59.53
308.62,83.693,57.987,59.39
308.45,83.412,58.76,60.196
308.79,84.186,58.372,59.918
308.74,84.401,58.127,59.735
308.73,84.915,58.372,59.909
308.28,85.383,58.836,60.282
308.17,85.616,58.993,60.465
307.58,86.318,58.992,60.38
307.23,86.629,59.49,60.906
307.67,87.912,58.149,59.476
307.46,88.873,57.868,59.145
306.02,88.667,59.426,60.796
306.17,89.634,59.2,60.65
305.71,90.171,59.145,60.578
305.61,90.748,59.412,60.983
305.41,91.788,58.692,60.107
304.91,92.586,58.694,60.147
304.33,93.083,59.152,60.558
303.66,93.94,59.244,60.602
304.09,94.912,58.153,59.548
302.84,94.597,59.72,61.022
302.54,96.157,58.237,59.712
301.58,95.875,59.608,61.182
301.65,95.92,59.628,61.169
302.01,97.152,58.287,59.955
301.84,97.789,57.78,59.602
301.5,98.015,58.283,59.87
301.5,99.003,57.588,59.273
300.92,99.346,57.565,59.305
300.2,99.585,57.064,58.62
299.95,100.16,57.27,58.92
299.6,100.47,56.837,58.487
298.36,100.55,57.524,59.111
297.9,100.77,57.451,58.995
297.06,101.38,58.034,59.459
296.42,101.67,57.87,59.144
296.02,101.99,58.15,59.498
295.5,102.67,57.978,59.301
294.98,102.69,58.477,59.803
294.3,102.94,58.936,60.176
292.32,102.92,60.635,61.796
292.18,103.88,60.04,61.221
291.45,104.72,60.139,61.309
290.98,105.01,60.278,61.461
290.47,105.79,59.883,61.066
289.55,106.2,60.784,61.914
289.01,106.59,61.123,62.319
288.71,107.46,60.617,61.955
288.72,108.84,60.303,61.605
288.24,109.3,59.96,61.187
288.06,110.37,60.547,61.6
287.14,111.1,60.681,61.827
286.57,111.92,60.755,62.103
285.94,112.6,61.029,62.304
285.63,113.25,61.886,63.009
285.12,114.4,61.519,62.682
284.59,114.77,61.829,63.305
283.87,115.6,62.405,63.937
283.28,116.47,62.409,63.867
282.7,117.11,62.632,64.018
281.9,118.03,63.24,64.587
281.84,119.14,62.579,63.943
281.04,119.75,63.023,64.253
280.02,119.53,63.762,64.975
279.22,120.54,64.756,65.998
277.83,121.21,65.698,66.819
277.71,122.29,65.038,66.089
276.74,123.15,65.309,66.34
276.09,123.83,65.387,66.648
275.57,124.84,65.508,66.673
274.59,125.25,66.507,67.486
273.44,125.62,67.385,68.342
273.07,127.09,67.139,68.011
271.57,127.75,67.694,68.444
270.99,129.36,67.304,68.079
270.75,130.18,67.524,68.287
270.28,131.45,67.175,67.929
269.16,133.04,67.21,68.023
268.24,134.13,67.214,68.097
267.61,135.8,67.721,68.455
265.95,137.5,68.147,68.931
266.19,139.8,66.926,67.543
264.87,141.85,67.581,68.119
264.98,143.44,67.708,68.663
263.57,145.4,68.248,69.114
263.04,147.14,68.242,69.153
262.28,149.06,68.281,69.152
261.62,151.7,67.858,68.565
260.97,153.22,68.531,69.315
260.84,155.26,69.049,69.732
261.28,158.24,67.771,68.382
261.3,159.52,67.716,68.301
261.19,161.89,67.013,67.669
260.63,163.68,67.121,67.742
260.34,166.07,66.368,66.965
260.85,167.93,65.545,66.138
260.89,169.4,64.892,65.471
260.27,171.14,64.579,65.035
260,172.75,63.292,63.667
259.67,172.38,62.474,62.941
260,173.29,61.952,62.235
259.24,174.45,61.621,61.816
258.67,174.22,61.658,61.741
258.78,175.14,60.702,60.699
258.29,176.13,59.361,59.394
258.2,176.6,59.429,59.404
258.01,177.15,59.148,59.028
257.48,177.62,59.622,59.497
257.37,177.91,59.504,59.456
256,177.73,60.605,60.622
255.61,178.04,60.635,60.817
254.27,177.64,61.174,61.352
252.94,178.68,61.708,61.966
