NaN,NaN,NaN,-1
324.22,190.58,58.382,51.344
321.7,189.44,59.213,52.226
320.4,188.56,58.379,51.649
317.22,186.11,59.992,53.551
315.95,185.08,60.251,53.726
313.48,183.73,60.987,54.542
311.89,182.56,61.232,54.974
309.8,180.58,61.886,55.727
307.92,179.76,61.97,55.719
306.2,178.66,62.922,56.881
303.96,177.09,63.751,57.858
301.58,175.2,64.549,58.841
300.02,173.66,65.343,59.86
297.63,171.9,66.387,60.968
296.34,169.6,67.088,61.956
294.88,168.39,67.455,62.358
292.67,166.04,68.674,63.695
291.01,164.39,69.168,63.982
290.26,163.05,69.277,64.16
288.29,161.78,68.856,64.005
287.02,159.52,69.555,64.759
284.96,157.52,70.982,65.856
283.31,156.59,70.337,65.297
281.73,153.26,72.22,67.467
279.39,151.96,72.348,67.541
278.22,150.03,72.686,67.826
277.39,148.29,72.883,67.92
276.57,145.64,73.253,68.6
275.3,143.45,73.728,69.173
274.18,140.9,74.766,70.146
273.61,138.92,74.706,70.238
273.13,136.77,74.899,70.615
272.39,134.05,74.844,70.803
271.72,130.65,75.639,71.725
271.78,128.84,75.86,71.813
271.43,126.76,75.887,71.972
271.44,124.81,75.651,71.554
271.12,122.63,75.759,71.629
271,119.9,76.927,72.98
271.23,117.95,76.606,72.606
271.25,115.73,77.071,73.131
271.05,113.88,77.432,73.503
271.26,112.95,76.9,72.722
271.28,111.33,76.76,72.526
271.6,108.96,77.402,73.449
271.8,107.91,77.63,73.63
271.15,106.09,78.433,74.433
270.88,105.02,78.662,74.766
270.87,103.13,79.627,76.118
270.9,101.79,80.173,76.9
271.9,101.59,79.171,75.891
272.02,100.84,79.438,76.12
271.92,99.956,79.893,76.568
272.22,98.913,80.313,76.919
272.2,98.149,80.761,77.176
272.79,97.541,81.194,77.466
273.49,96.734,81.187,77.473
274.09,96.472,80.643,77.014
274.32,96.351,80.514,76.763
275.34,95.941,79.75,75.881
275.98,96.044,79.292,75.56
276.94,95.918,79.025,75.173
276.52,95.211,79.704,75.848
278.82,95.493,78.47,74.539
279.32,94.692,78.365,74.392
280.37,94.261,78.057,74.245
280.61,94.485,78.383,74.569
281.88,94.178,77.801,73.805
283.65,94.466,76.632,72.772
283.61,93.893,76.993,73.182
285.07,94.246,76.141,72.353
286.37,93.9,75.452,71.645
287.99,93.462,75.004,70.952
288.9,93.716,74.814,70.842
290.09,92.506,75.109,71.193
291.45,92.743,74.302,70.274
291.99,91.917,74.341,70.117
293.54,91.821,74.136,69.831
294.8,91.121,73.568,69.212
294.89,90.765,73.61,69.27
296,89.993,73.92,69.56
297.54,89.701,72.755,68.209
297.79,88.905,73.348,68.463
298.74,88.537,72.5,67.612
300.6,88.052,71.238,66.088
301.4,87.339,71.198,66.019
302.3,87.13,70.489,65.3
302.33,86.554,70.911,65.57
303.88,87.419,69.174,63.504
303.48,86.957,69.401,63.687
304,86.327,69.779,63.916
304.91,86.467,68.665,62.981
304.97,85.484,68.454,62.838
304.75,85.061,69.091,63.548
304.54,84.434,69.589,64.133
305.71,84.414,68.209,62.911
306.07,84.469,67.463,62.293
305.64,83.818,67.792,62.652
305.35,83.22,68.401,63.275
306.75,83.986,66.033,60.711
306.04,83.692,66.625,61.307
305.72,83.311,66.626,61.271
306.59,83.689,65.364,60.093
306.28,83.802,65.153,59.828
306.86,84.364,64.885,59.299
307.52,84.343,64.692,58.993
307.45,84.597,64.403,58.638
307.37,84.353,64.677,59.008
307.64,84.953,64.111,58.328
307.77,84.755,64.149,58.243
308.49,85.222,63.539,57.746
308.47,86.066,63.675,57.694
307.46,85.39,65.009,59.474
308.81,86.772,62.876,57.137
308.59,86.544,63.243,57.558
308.83,86.478,63.747,58.113
308.19,86.773,63.713,58.116
308.83,87.573,63.424,57.602
308.98,89.029,62.583,56.699
308.03,88.225,63.954,58.318
308.62,89.082,62.951,57.241
308.03,89.813,62.941,57.098
307.7,90.196,63.407,57.481
307.43,91.239,62.904,56.911
307.06,91.678,63.33,57.523
306.68,92.496,63.287,57.334
306.86,93.506,63.013,57.102
306.39,94.051,62.963,57.014
306.3,94.577,63.226,57.521
306.15,95.434,62.502,56.621
305.72,96.013,62.895,57.231
305.06,96.736,62.974,57.058
304.39,97.584,63.073,57.121
304.42,98.155,62.784,56.87
303.52,98.724,62.664,56.683
302.9,99.387,63.3,57.57
302.35,99.632,63.352,57.474
302,100.43,63.191,57.244
301.6,100.43,63.498,57.555
301.47,100.96,63.59,57.713
300.92,101.12,64.022,58.121
300.14,101.33,64.703,58.788
300.09,101.62,64.479,58.609
298.69,101.29,66.01,59.91
297.8,101.37,66.213,59.84
296.7,101.12,68.081,61.79
297.05,101.87,66.07,60.059
296.49,102.84,65.836,59.925
294.98,101.78,67.978,61.961
293.64,102.14,69.035,63.017
293.11,102.64,69.259,63.184
293.71,102.66,68.084,62.323
292.64,103.04,68.932,63.433
292.42,104.23,67.866,62.288
291.7,104.05,68.407,62.703
291.04,104.56,68.674,63.29
290.63,105.24,68.182,62.802
289.63,105.61,68.793,63.45
288.89,106.12,69.159,64.019
288.28,107.03,68.984,63.737
287.75,107.4,69.291,64.203
287.08,107.79,70.343,65.334
285.84,108.09,70.84,66.139
285.61,108.92,70.415,65.954
285.42,109.27,70.552,66.064
284.45,110.27,70.962,66.756
284.24,110.88,70.787,66.805
283.58,111.93,71.214,67.367
282.91,112.44,71.692,67.819
282.12,113.09,72.65,68.981
281.57,113.45,72.984,69.634
281.09,114.9,72.276,68.787
280.79,115.78,72.498,68.896
280.09,116.11,72.936,69.33
279.19,116.8,73.553,69.884
279.13,117.91,72.9,69.256
278.61,118.31,73.192,69.438
277.59,119.16,73.682,69.883
276.86,119.94,74.306,70.602
275.83,120.33,75.41,71.711
275.41,121.3,74.738,71.195
274.39,121.29,75.49,71.984
273.72,121.96,75.616,72.29
273.16,123.27,76.179,72.788
271.96,123.75,76.585,73.227
270.69,124.59,77.17,73.915
270,124.76,77.5,74.248
269.4,126.06,78.171,75.165
268.82,126.79,77.604,74.792
268.45,129.05,76.86,73.956
268.11,129.44,76.932,74.081
267.51,130.71,76.863,73.88
265.73,131.93,78.544,75.833
264.97,133.64,78.217,75.508
264.24,135.65,78.785,76.17
263.57,137.57,78.281,75.651
263.13,138.36,79.362,76.941
261.75,140.28,79.75,77.4
261.07,141.8,80.014,77.654
260.08,144.46,80.52,78.107
259.44,145.94,80.641,78.15
258.78,148.6,80.201,77.534
258.15,150.1,80.847,78.309
258.27,151.57,80.96,78.519
257.44,153.86,80.611,77.935
257.44,155.17,80.596,77.794
257.78,157.43,80.049,77.249
257.78,160.8,79.367,76.656
257.86,162.41,78.58,76.002
256.84,164.65,78.346,75.496
257.66,165.52,78.018,75.218
257.2,167.2,77.739,74.6
256.48,169.07,76.245,73.141
257.76,169.94,75.047,71.839
256.2,170.49,74.512,71.207
255.85,170.47,74.904,71.532
255.34,171.25,74.503,71.14
254.48,171.35,74.752,71.279
254.71,172.87,73.823,70.201
254.47,173.12,74.163,70.458
253.99,173.42,73.91,70.173
253.47,173.74,73.936,70.183
253.35,174.12,74.278,70.719
251.95,173.86,75.412,72.035
250.77,173.39,75.995,72.75
250.34,174.45,75.652,72.216
249.67,174.53,75.698,72.611
