NaN,NaN,NaN,-1
142,36,19,104
141,34,19,104
141,34,19,104
141,34,19,104
141,35,19,104
141,34,19,104
141,35,19,104
141,36,19,104
141,32,19,104
139,38,19,104
139,33,19,104
139,37,19,104
139,35,19,104
139,39,19,104
139,38,19,104
137,37,19,104
138,36,19,104
137,38,19,104
137,40,19,104
137,39,19,104
137,43,19,104
136,39,19,104
136,42,19,104
135,43,19,104
135,45,19,104
135,40,19,104
134,41,19,104
135,41,19,104
135,42,19,104
132,41,19,104
132,36,19,104
131,32,19,104
131,36,19,104
130,28,19,104
129,23,19,104
129,25,19,104
127,19,19,104
128,27,19,104
128,31,19,104
127,30,19,104
126,28,19,104
126,5,19,104
125,-2,19,104
125,-4,19,104
125,0,19,104
124,-3,19,104
125,2,19,104
123,4,19,104
123,-8,19,104
124,2,19,104
124,1,19,104
123,2,19,104
123,-2,19,104
122,-1,19,104
122,-2,19,104
122,-1,19,104
122,-4,19,104
123,-3,19,104
123,-5,19,104
122,-6,19,104
121,-9,19,104
121,-7,19,104
121,-14,19,104
121,-5,19,104
120,-12,19,104
120,-10,19,104
120,-9,19,104
119,-10,19,104
121,-13,19,104
120,-8,19,104
119,-15,19,104
119,-15,19,104
119,-14,19,104
119,-14,19,104
119,-13,19,104
118,-12,19,104
119,-6,19,104
119,-5,19,104
116,-7,19,104
117,-6,19,104
117,-4,19,104
117,-3,19,104
116,-3,19,104
115,-2,19,104
115,-5,19,104
114,-3,19,104
119,7,19,104
118,9,19,104
112,-2,19,104
112,0,19,104
110,-3,19,104
110,3,19,104
109,3,19,104
108,6,19,104
107,9,19,104
106,-2,19,104
105,-1,19,104
104,2,19,104
103,0,19,104
NaN,NaN,NaN,-2
NaN,NaN,NaN,0
NaN,NaN,NaN,0
NaN,NaN,NaN,0
NaN,NaN,NaN,0
NaN,NaN,NaN,-1
130,40,46,48
133,41,46,48
108,48,46,48
103,49,46,48
101,48,46,48
99,50,46,48
97,50,46,48
93,50,46,48
90,51,46,48
89,53,46,48
88,54,46,48
90,55,46,48
92,57,46,48
90,56,46,48
92,55,46,48
92,58,46,48
96,56,46,48
98,54,46,48
96,56,46,48
93,58,46,48
90,58,46,48
92,57,46,48
87,57,46,48
90,56,46,48
84,57,46,48
87,80,46,48
83,59,46,48
85,54,46,48
88,53,46,48
86,54,46,48
82,55,46,48
86,53,46,48
85,52,46,48
88,54,46,48
94,51,46,48
98,49,46,48
98,49,46,48
98,47,46,48
98,46,46,48
95,47,46,48
96,47,46,48
92,46,46,48
88,46,46,48
NaN,NaN,NaN,-2
NaN,NaN,NaN,0
NaN,NaN,NaN,0
NaN,NaN,NaN,0
NaN,NaN,NaN,0
NaN,NaN,NaN,-1
133,57,44,40
135,55,44,40
135,54,44,40
138,54,44,40
138,54,44,40
133,49,44,40
132,50,44,40
NaN,NaN,NaN,-2
NaN,NaN,NaN,0
NaN,NaN,NaN,0
NaN,NaN,NaN,0
NaN,NaN,NaN,0
NaN,NaN,NaN,-1
117,73,56,29
111,70,56,29
88,69,56,29
83,66,56,29
NaN,NaN,NaN,-2
NaN,NaN,NaN,0
NaN,NaN,NaN,0
NaN,NaN,NaN,0
NaN,NaN,NaN,0
NaN,NaN,NaN,-1
131,66,41,47
135,67,41,47
145,73,41,47
150,56,41,47
145,46,41,47
149,41,41,47
150,37,41,47
NaN,NaN,NaN,-2
NaN,NaN,NaN,0
NaN,NaN,NaN,0
NaN,NaN,NaN,0
NaN,NaN,NaN,0
NaN,NaN,NaN,-1
129,82,49,62
130,83,49,62
132,82,49,62
133,85,49,62
134,86,49,62
136,85,49,62
135,87,49,62
137,88,49,62
139,90,49,62
138,93,49,62
141,94,49,62
140,94,49,62
139,96,49,62
141,96,49,62
140,100,49,62
139,96,49,62
140,100,49,62
139,101,49,62
139,106,49,62
137,109,49,62
130,131,49,62
130,129,49,62
129,127,49,62
128,127,49,62
129,125,49,62
127,121,49,62
126,118,49,62
134,122,49,62
135,118,49,62
137,112,49,62
136,109,49,62
129,106,49,62
137,104,49,62
139,104,49,62
139,103,49,62
135,101,49,62
133,100,49,62
131,93,49,62
130,91,49,62
126,94,49,62
