NaN,NaN,NaN,-1
141,33,19,104
141,35,19,104
142,38,19,104
141,34,19,104
141,34,19,104
141,33,19,104
141,32,19,104
141,36,19,104
141,35,19,104
140,36,19,104
140,34,19,104
140,36,19,104
139,38,19,104
138,38,19,104
139,38,19,104
138,37,19,104
138,43,19,104
138,41,19,104
137,35,19,104
137,40,19,104
136,41,19,104
136,41,19,104
136,40,19,104
135,42,19,104
135,42,19,104
135,41,19,104
134,44,19,104
136,45,19,104
136,40,19,104
135,42,19,104
134,37,19,104
131,38,19,104
130,37,19,104
129,34,19,104
129,26,19,104
128,28,19,104
128,7,19,104
127,22,19,104
128,26,19,104
128,30,19,104
127,25,19,104
125,2,19,104
124,-2,19,104
125,-3,19,104
125,-4,19,104
124,-3,19,104
124,-5,19,104
123,-6,19,104
123,-11,19,104
123,-5,19,104
124,3,19,104
123,-2,19,104
122,-1,19,104
122,-3,19,104
122,-1,19,104
121,-7,19,104
123,-3,19,104
123,-4,19,104
123,-4,19,104
123,-11,19,104
122,-7,19,104
121,-14,19,104
121,-8,19,104
121,-11,19,104
121,-9,19,104
121,-13,19,104
119,-16,19,104
119,-16,19,104
120,-11,19,104
119,-15,19,104
119,-10,19,104
119,-9,19,104
119,-15,19,104
118,-10,19,104
118,-12,19,104
118,-6,19,104
118,-8,19,104
118,-5,19,104
117,-3,19,104
118,-4,19,104
117,-1,19,104
117,-2,19,104
116,-1,19,104
115,1,19,104
114,1,19,104
129,6,19,104
128,7,19,104
113,9,19,104
112,-2,19,104
111,3,19,104
110,-1,19,104
110,-3,19,104
108,4,19,104
108,4,19,104
107,-1,19,104
106,1,19,104
105,-1,19,104
105,2,19,104
104,6,19,104
NaN,NaN,NaN,-2
NaN,NaN,NaN,0
NaN,NaN,NaN,0
NaN,NaN,NaN,0
NaN,NaN,NaN,0
NaN,NaN,NaN,-1
130,41,46,48
135,41,46,48
103,46,46,48
102,49,46,48
98,50,46,48
97,50,46,48
95,50,46,48
94,49,46,48
91,52,46,48
90,53,46,48
89,53,46,48
91,54,46,48
93,57,46,48
92,55,46,48
91,56,46,48
91,57,46,48
92,58,46,48
97,55,46,48
NaN,NaN,NaN,-2
NaN,NaN,NaN,0
NaN,NaN,NaN,0
NaN,NaN,NaN,0
NaN,NaN,NaN,0
NaN,NaN,NaN,-1
125,51,43,40
128,52,43,40
130,53,43,40
147,65,43,40
154,67,43,40
153,67,43,40
146,71,43,40
146,81,43,40
NaN,NaN,NaN,-2
NaN,NaN,NaN,0
NaN,NaN,NaN,0
NaN,NaN,NaN,0
NaN,NaN,NaN,0
NaN,NaN,NaN,-1
131,36,39,50
134,36,39,50
135,41,39,50
146,36,39,50
95,47,39,50
93,44,39,50
92,43,39,50
92,42,39,50
NaN,NaN,NaN,-2
NaN,NaN,NaN,0
NaN,NaN,NaN,0
NaN,NaN,NaN,0
NaN,NaN,NaN,0
NaN,NaN,NaN,-1
139,57,32,52
136,56,32,52
135,53,32,52
136,53,32,52
133,46,32,52
104,40,32,52
101,44,32,52
104,42,32,52
NaN,NaN,NaN,-2
NaN,NaN,NaN,0
NaN,NaN,NaN,0
NaN,NaN,NaN,0
NaN,NaN,NaN,0
NaN,NaN,NaN,-1
129,64,40,45
130,63,40,45
130,57,40,45
134,52,40,45
166,50,40,45
166,58,40,45
166,45,40,45
165,42,40,45
164,38,40,45
NaN,NaN,NaN,-2
NaN,NaN,NaN,0
NaN,NaN,NaN,0
NaN,NaN,NaN,0
NaN,NaN,NaN,0
NaN,NaN,NaN,-1
127,82,55,47
132,81,55,47
134,77,55,47
158,71,55,47
160,63,55,47
155,59,55,47
158,55,55,47
155,48,55,47
153,45,55,47
NaN,NaN,NaN,-2
NaN,NaN,NaN,0
NaN,NaN,NaN,0
NaN,NaN,NaN,0
NaN,NaN,NaN,0
NaN,NaN,NaN,-1
95,84,84,52
96,84,84,52
96,85,84,52
95,87,84,52
95,90,84,52
95,90,84,52
92,86,84,52
91,90,84,52
90,87,84,52
89,87,84,52
82,79,84,52
82,79,84,52
79,77,84,52
94,107,84,52
92,104,84,52
93,107,84,52
88,98,84,52
88,97,84,52
87,95,84,52
84,91,84,52
85,89,84,52
86,89,84,52
85,87,84,52
88,84,84,52
82,82,84,52
87,80,84,52
84,77,84,52
85,77,84,52
76,76,84,52
