NaN,NaN,NaN,-1
129.96,50.654,36.019,88.411
131.31,50.465,35.909,88.068
130.31,52.1,36.038,88.456
130.8,51.405,35.986,88.344
131.3,52.953,36.105,88.835
132.25,53.391,36.404,89.539
131.31,51.576,36.528,89.828
130.82,52.282,36.618,90.174
130.65,53.653,36.118,88.928
128.64,57.591,36.056,88.827
129.7,57.459,35.734,88.003
130.31,60.879,35.84,88.349
130.06,66.004,35.923,88.427
132.07,67.02,35.49,87.42
134.1,74.481,35.907,88.465
139.33,78.79,35.716,88.09
140.86,84.977,35.789,88.334
145.7,86.767,35.351,87.324
151.88,89.852,35.631,87.896
159.59,94.98,35.541,87.675
164.72,97.373,35.979,88.808
172.4,99.089,35.637,87.927
180.01,104.83,35.493,87.352
188.44,103.41,35.463,87.373
198.06,106.06,35.164,86.701
206.32,106.26,35.405,87.27
212.24,108.92,35.616,87.773
216.84,107.42,35.422,87.321
221.47,110.19,35.017,86.317
226.57,110.08,35.601,87.726
228.28,107.18,35.436,87.365
228.69,106,35.646,87.861
222.67,108.26,35.774,88.142
219.78,107.23,35.706,87.952
213.14,104.41,35.687,87.94
205.5,105.46,35.825,88.379
194.72,106.13,36.039,88.867
182.79,105,35.749,88.123
173.41,104.81,35.781,88.238
164.26,107.43,35.692,88.045
152.16,110.57,35.759,88.178
142.37,111.74,35.845,88.472
135.94,109.44,35.692,88.143
129.77,113.64,35.627,87.904
116.12,116.5,35.465,87.591
110.59,113.11,35.281,87.126
102.19,115.6,35.485,87.585
98.504,116.01,35.157,86.696
92.395,116.85,34.813,85.803
85.591,115.17,34.847,85.966
81.139,113.81,34.698,85.6
77.276,114.52,34.769,85.771
75.356,111.18,34.577,85.321
76.511,103.71,34.129,84.306
77.651,99.536,34.399,84.949
80.866,93.011,34.165,84.464
82.305,86.157,34.235,84.59
86.171,80.108,34.138,84.341
89.292,71.57,34.542,85.251
95.173,65.151,34.354,84.847
95.624,61.639,34.394,84.861
99.904,54.673,34.244,84.541
107.41,53.467,34.169,84.428
114.93,49.771,34.575,85.433
123.49,44.749,34.66,85.648
130.77,44.31,34.546,85.44
141.2,43.072,34.682,85.87
148.54,45.95,34.45,85.177
157.42,48.588,34.496,85.271
167.83,50.535,34.82,85.942
173.96,52.622,35.059,86.474
179.59,59.669,34.692,85.64
191.34,55.504,34.919,86.224
202.57,58.01,34.254,84.679
208.88,59.622,34.229,84.658
215.38,63.232,33.905,83.811
220.85,64.656,34.199,84.51
223.58,63.523,33.908,83.864
225.32,61.734,33.645,83.218
224.19,62.089,33.215,82.11
222.23,62.23,32.998,81.669
213.34,57.801,32.685,81.002
203.39,57.955,33.242,82.389
193.45,52.931,33.584,83.312
184.55,48.286,33.67,83.476
175.66,47.159,33.528,83.155
164.69,43.134,33.951,84.138
154.17,40.795,33.769,83.509
147.54,42.769,34.198,84.608
133.09,42.569,34.764,86.093
123.78,37.337,34.853,86.339
114.96,42.773,34.618,85.675
104.57,47.359,34.203,84.675
95.862,51.096,34.378,85.141
87.093,54.264,34.878,86.347
80.754,53.396,35.162,87.151
74.269,59.539,35.045,86.843
74.052,60.366,35.017,86.915
73.867,65.778,35.196,87.287
77.163,73.427,35.347,87.593
79.049,79.627,35.441,87.793
82.556,82.928,35.617,88.246
86.466,85.499,35.532,88.074
89.599,91.322,35.374,87.581
93.077,100.45,35.636,88.239
94.306,104.04,35.727,88.63
98.185,113.28,35.132,87.049
101.01,116.23,35.023,86.787
103.83,123.26,35.072,86.962
105.62,125.06,34.769,86.283
112.12,128.92,35.058,87.188
117.44,128.68,34.955,86.95
121.33,128.53,34.134,84.934
129.72,124.44,34.496,85.935
137.85,123.29,34.803,86.782
144.47,116.13,35.034,87.395
149.55,113.77,34.731,86.665
159.5,105.89,34.274,85.52
166.35,104.6,34.308,85.464
171.34,105.08,34.137,84.971
179.75,96.551,33.981,84.615
183.59,97.812,34.078,84.926
189.3,95.094,34.19,85.213
196.55,89.117,34.445,85.852
202.95,86.641,34.607,86.354
206.94,84.674,34.289,85.648
211.45,82.662,34.735,86.782
216.95,73.76,33.993,84.93
220.9,75.697,33.553,83.744
224.62,73.925,34.229,85.306
224.45,71.228,34.149,85.084
224.54,66.498,34.29,85.356
222.72,61.372,34.075,84.774
218.24,59.684,33.968,84.515
210.31,57.78,33.835,84.19
205.9,57.109,34.118,84.945
195.87,56.332,34.329,85.402
187.22,53.349,34.839,86.627
179.12,50.139,35.214,87.542
170.08,43.626,35.387,87.968
160.08,42.165,35.672,88.667
150.54,39.821,35.571,88.351
140.04,41.619,35.066,87.042
132.24,37.984,35.263,87.4
121.55,35.424,35.843,88.796
115.2,39.263,36.141,89.546
105.3,36.196,36.72,90.984
99.228,36.009,36.753,91.109
93.451,36.47,36.322,90.178
89.098,36.775,36.762,91.368
84.693,38.766,37.214,92.421
83.734,37.701,37.265,92.479
85.202,37.147,36.146,89.638
88.33,42.174,36.071,89.585
93.681,44.517,36.365,90.359
97.328,46.605,36.212,90.144
100.47,52.271,36.394,90.678
103.98,53.683,36.772,91.563
107.51,54.419,36.916,91.95
109.29,61.177,36.589,91.039
111.12,60.769,36.069,89.692
112.95,66.027,35.589,88.475
114.99,65.576,34.856,86.611
118.84,65.283,34.975,86.874
119.5,65.837,35.417,87.966
120.59,68.864,35.656,88.461
122.76,68.641,35.284,87.478
128.73,63.203,35.181,87.226
133.89,65.458,34.73,85.968
139.02,62.374,34.805,86.09
145.18,64.525,34.723,85.692
151.04,63.374,34.732,85.729
157.35,64.528,34.491,85.287
160.58,64.4,34.585,85.597
163.64,62.567,34.401,85.218
166.04,59.672,34.323,85.031
168.6,59.696,34.087,84.57
170.8,59.529,33.641,83.319
177.41,61.621,33.614,83.271
181.02,65.371,34.101,84.556
185.43,64.871,34.13,84.73
190.27,69.431,34.265,84.983
195.79,66.631,34.449,85.42
201.48,67.279,33.967,84.144
205,68.609,33.842,83.88
206.3,67.969,33.907,84.121
210.29,63.62,33.607,83.531
211.97,63.915,33.266,82.687
212.39,61.514,33.157,82.338
215.25,59.416,33.468,83.066
217.13,62.699,33.378,82.824
219.97,68.425,32.822,81.42
222.88,73.996,33.324,82.578
225.75,83.971,32.825,81.384
225.06,96.632,32.865,81.445
226.42,102.75,33.099,81.947
226.25,111.17,33.033,81.76
226.03,115.27,32.552,80.439
221.46,122.79,32.417,80.089
218.49,124.61,32.285,79.754
215.38,126.75,31.81,78.598
209.69,129.74,31.07,76.755
205.38,129.16,30.708,75.84
199.56,128.09,30.332,74.886
190.72,127.01,30.192,74.445
179.59,125.53,29.736,73.323
169.78,123.76,29.567,72.906
161.86,125.33,29.738,73.334
147.73,123.1,29.937,73.807
138.46,119.87,29.488,72.672
126.21,119.49,29.419,72.519
115.81,113.61,29.263,71.957
103.23,110.86,28.902,71.139
92.502,112.61,29.243,71.862
84.756,108.31,29.262,72.024
76.715,106.25,28.954,71.206
70.663,103.9,28.919,71.156
65.872,103.71,29.241,72.013
63.249,96.377,28.584,70.41
64.434,94.315,28.874,71.077
65.953,89.011,28.648,70.457
71.591,78.647,28.244,69.468
76.079,76.699,28.142,69.151
84.876,66.01,28.406,69.82
87.705,58.028,28.469,69.983
95.915,49.93,28.546,70.106
98.942,43.588,28.566,70.03
102.66,32.536,28.322,69.406
106.68,28.37,28.712,70.387
110.66,21.703,28.672,70.312
115.85,17.044,28.735,70.43
119.68,13.809,29.145,71.395
123.13,13.423,29.076,71.237
128.89,14.041,28.29,69.406
135.46,16.841,28.523,69.958
139.82,20.652,28.602,70.153
146.23,26.216,28.814,70.629
151.62,30.236,28.757,70.48
157.5,39.332,28.878,70.798
165.73,47.255,29.253,71.756
171.37,49.041,29.668,72.759
182.58,52.724,30.131,73.87
187.52,59.144,30.306,74.301
196.17,66.767,30.168,73.992
208.59,67.352,30.593,75.043
214.07,76.002,30.356,74.548
223.92,76.123,30.761,75.518
231.46,82.121,31.308,76.886
239.41,85.035,31.244,76.742
244.57,89.166,30.87,75.833
250.07,94.943,30.473,74.849
253.95,98.638,30.717,75.448
257.9,101.56,30.737,75.585
258.9,104.44,30.814,75.838
256.92,106.04,30.898,76.076
251.24,109.92,30.393,74.845
247.69,107.23,29.975,73.911
242.34,107.18,29.865,73.689
230.97,110.4,29.421,72.609
222.37,112.56,29.426,72.665
216.89,108.73,29.475,72.788
206.84,109.27,29.923,73.908
194.45,112.48,29.992,73.968
184.53,114.42,29.646,73.12
177.24,113.98,29.871,73.664
168.43,111.06,30.161,74.461
160.18,111.66,30.097,74.247
149.88,116.27,30.05,74.146
133.79,116.4,30.444,75.088
128.87,115.58,30.016,74.096
120.28,114.06,30.501,75.31
110.42,111.56,30.236,74.644
106.34,112.21,30.159,74.427
100.78,110.96,29.877,73.707
92.432,110.29,29.462,72.688
89.044,104.48,29.923,73.823
81.778,100.8,30.161,74.43
81.354,96.809,29.867,73.675
75.309,92.934,29.612,73.034
73.212,87.428,29.557,72.904
70.942,80.314,29.478,72.651
67.519,80.078,29.034,71.653
65.904,72.066,28.717,70.778
66.858,67.676,28.761,70.93
66.729,58.182,29.523,72.936
67.038,54.031,29.877,73.76
69.344,43.941,29.901,73.752
66.71,37.191,29.679,73.268
69.538,34.367,29.404,72.621
65.227,29.672,29.528,72.811
63.686,25.905,29.415,72.58
65.171,24.675,29.421,72.633
61.7,25.289,28.866,71.225
61.054,26.181,28.731,70.955
58.469,32.649,28.919,71.333
58.038,35.506,29.142,71.855
52.633,39.871,29.199,71.899
52.787,42.721,28.655,70.529
50.202,47.298,28.336,69.728
51.913,51.581,28.464,70.031
52.544,52.181,28.564,70.308
57.478,52.129,28.255,69.568
58.497,56.258,28.639,70.456
62.18,61.513,28.845,70.827
64.473,66.489,28.869,70.835
69.669,72.207,28.897,70.879
71.323,77.206,28.977,71.074
79.993,82.662,28.756,70.569
85.444,88.913,28.328,69.538
91.016,95.605,28.121,68.965
102.05,100.14,27.769,68.113
109.34,103.09,27.943,68.503
119.46,110.29,28.084,68.864
130.43,112.3,27.584,67.69
141.43,112.46,27.543,67.688
153.51,110.69,27.351,67.211
163.38,110.19,26.937,66.149
172.09,107.92,27.107,66.659
182.63,100.16,26.91,66.287
192.78,91.94,27.312,67.299
195.22,96.286,27.379,67.501
199.68,94.742,27.298,67.299
203.44,91.484,27.4,67.601
202.22,90.563,26.763,66.042
200.29,88.905,27.08,66.875
197.49,85.613,27.399,67.692
192.5,81.919,27.404,67.69
190.34,72.736,26.879,66.386
181.64,73.593,26.606,65.69
176.3,70.298,26.779,66.141
170.53,67.218,26.762,66.026
163.66,65.629,26.604,65.612
156.84,60.927,26.608,65.563
151.04,62.258,26.481,65.159
144.29,56.498,26.641,65.635
135.09,63.11,26.868,66.177
127.1,69.417,27.094,66.77
122.74,75.11,28.272,69.805
117.96,79.162,28.175,69.535
113.51,85.791,28.663,70.747
112.47,89.434,28.684,70.833
111.89,90.021,28.874,71.341
115.21,94.45,29.175,72.175
121.77,96.415,29.003,71.823
130.51,97.389,29,71.91
139.63,97.906,28.911,71.549
148.63,96.329,28.824,71.479
158.01,99.154,29.053,72.111
168.14,95.377,28.842,71.571
177.57,97.851,28.84,71.566
185.48,99.348,28.88,71.611
191.19,100.32,29.852,74.011
198.14,100.31,30.243,75.035
205.71,101.58,30.127,74.768
208.45,102.24,29.843,74.087
212.79,105.96,29.991,74.533
213.89,109.21,29.235,72.625
212.41,117.39,29.773,73.834
209.07,117.5,30.212,74.901
202.65,122.11,30.364,75.145
196.46,126.1,30.686,75.983
191.33,123.49,30.273,74.868
184.23,126.77,30.356,75.151
175.14,126.27,30.325,75.132
165.45,125.72,29.558,73.214
156.66,122.23,29.349,72.696
146.06,125.89,29.841,73.907
137.79,118.62,29.814,73.817
128.35,116.38,30.178,74.732
118.71,110.84,30.121,74.567
108.29,103.67,30.18,74.722
100.1,97.841,29.764,73.636
93.39,92.785,30.167,74.623
84.714,84.313,30.49,75.442
76.803,78.582,30.174,74.648
72.702,74.73,30.154,74.579
68.149,68.373,30.477,75.391
64.119,62.091,30.549,75.506
66.842,53.826,30.018,74.18
68.838,49.752,29.955,74.017
76.859,46.038,30.147,74.646
78.828,39.237,30.233,74.84
83.983,34.298,30.178,74.755
90.771,30.177,30.055,74.494
95.044,29.122,30.117,74.614
101,27.559,30.019,74.2
104,23.393,30.49,75.353
110.95,23.58,30.403,75.179
112.26,25.926,29.588,73.256
115.29,27.971,29.328,72.614
120.85,32.732,29.541,73.101
122.83,36.329,29.64,73.397
129.09,41.356,29.58,73.224
132.75,44.227,29.768,73.748
136.27,50.469,30.163,74.647
138.97,53.952,30.104,74.556
142.27,54.712,30.102,74.582
143.94,57.348,29.86,74.093
149.13,58.571,29.849,74.166
151.47,59.777,30.3,75.277
154.4,61.816,30.197,75.071
156.18,61.344,30.667,76.182
156.56,63.771,31.077,77.37
