NaN,NaN,NaN,-1
133,52,35,99
133,52,36,99
133,53,35,99
133,53,35,99
133,53,35,99
133,54,35,99
132,55,36,99
132,57,36,99
132,57,35,100
131,59,36,100
131,61,36,99
132,63,36,100
132,66,36,100
133,69,36,101
136,73,36,101
138,78,37,101
142,82,36,102
147,86,37,103
152,90,37,103
159,93,37,104
165,96,38,104
173,98,38,105
179,100,39,105
188,102,37,106
196,103,38,106
204,104,39,106
210,105,39,107
216,105,40,107
221,106,39,107
224,106,39,108
226,106,39,107
226,104,40,107
223,104,40,107
217,103,40,107
210,103,41,107
202,102,42,107
192,102,42,108
181,102,43,108
170,103,44,108
159,103,45,108
148,104,47,108
139,105,47,108
132,105,48,110
123,106,48,110
114,107,49,111
105,108,50,111
97,109,51,112
90,110,52,112
85,110,52,112
80,110,52,112
74,109,53,113
71,108,54,112
70,104,54,112
70,99,54,111
70,94,55,112
71,87,55,113
74,80,56,114
77,73,56,115
79,65,57,114
83,58,57,115
87,53,58,116
91,49,59,116
98,44,60,117
105,42,59,116
113,40,61,117
121,38,60,117
130,37,60,118
138,38,62,118
145,41,64,118
154,43,63,119
161,45,64,120
169,47,64,121
177,48,64,121
186,49,64,121
193,50,65,122
200,51,66,123
204,51,66,123
208,52,66,123
210,52,67,123
208,51,68,123
203,48,68,123
196,46,68,123
186,44,69,123
177,41,70,124
166,38,71,124
156,36,71,124
147,33,70,124
137,32,71,124
127,30,72,125
116,29,74,125
106,29,75,126
95,31,76,127
86,33,76,128
76,36,76,128
68,38,77,129
61,41,78,129
57,44,77,130
55,49,78,130
56,52,78,131
58,57,78,132
60,64,78,131
64,68,78,131
68,73,78,131
71,78,78,132
74,83,78,134
76,89,78,134
79,95,78,134
81,100,78,134
84,104,78,134
88,106,78,133
93,108,78,131
97,109,79,130
103,108,79,130
110,105,80,131
117,101,81,132
124,97,82,134
130,93,82,135
137,89,83,136
143,85,83,137
150,82,83,137
156,79,85,138
161,75,86,138
167,71,85,138
172,70,87,137
177,65,86,139
182,63,87,138
187,59,88,139
190,57,89,139
194,55,90,138
197,51,90,139
198,49,90,140
197,46,91,140
195,44,90,139
190,41,90,138
184,38,91,138
177,36,90,138
170,34,91,138
161,32,91,138
151,30,92,138
141,27,93,139
132,25,92,139
122,23,92,139
113,21,93,139
104,19,93,140
95,18,94,140
86,16,94,140
79,15,94,141
72,14,95,141
65,15,96,141
61,15,95,141
58,16,95,141
57,17,95,141
59,19,95,140
62,21,95,140
67,23,94,139
71,25,94,139
74,29,94,138
77,32,94,138
79,37,94,137
82,41,94,135
85,44,93,134
86,47,93,132
88,48,93,131
90,48,92,129
118,73,36,14
120,73,36,14
123,73,26,11
126,68,37,20
132,68,37,19
140,67,37,20
145,67,37,21
151,67,37,21
156,68,38,18
160,66,38,19
163,65,38,19
165,63,39,22
168,65,38,19
170,66,38,19
174,67,38,20
179,70,38,19
184,72,38,18
189,73,39,18
197,75,19,11
208,75,13,12
212,75,14,12
209,73,15,11
210,74,7,24
212,72,7,24
212,70,8,25
216,69,7,24
218,70,7,24
220,73,8,25
223,82,8,24
223,90,12,26
222,101,14,25
224,108,12,27
224,114,12,27
223,123,11,25
219,127,11,27
217,129,10,28
213,131,11,28
208,133,11,27
203,133,10,27
195,132,12,29
188,126,13,31
176,123,14,33
167,124,14,30
153,114,18,40
146,121,13,31
136,122,12,28
124,115,12,33
113,111,13,32
102,108,13,33
91,107,12,33
82,107,12,31
74,104,13,32
68,101,14,34
59,91,18,41
60,92,14,36
60,89,14,33
63,83,16,34
67,76,15,34
75,69,13,35
80,61,14,34
86,54,15,34
90,46,16,34
95,38,16,34
100,31,16,34
103,23,16,35
106,17,17,34
108,11,20,36
110,1,23,45
118,9,19,34
122,10,19,34
129,12,19,35
135,18,19,35
139,24,20,35
146,29,20,35
152,36,20,35
157,42,22,34
165,46,22,35
171,51,23,36
181,56,23,36
190,61,22,36
199,66,22,36
208,70,22,36
215,74,23,36
222,78,23,36
229,81,23,37
235,86,24,37
240,89,23,39
246,95,22,36
248,95,24,40
250,99,24,39
248,101,24,38
244,103,25,38
239,104,24,38
232,104,24,37
223,104,25,39
213,104,25,39
205,104,25,38
195,104,25,39
186,104,25,39
177,105,24,40
167,106,25,40
155,105,28,41
146,106,29,41
136,105,29,42
125,105,30,43
116,104,30,43
107,104,30,44
101,103,29,43
93,101,30,43
87,99,30,43
81,99,30,42
75,96,31,43
70,92,31,44
67,88,31,43
64,84,31,43
60,79,31,43
58,73,31,44
56,68,33,43
55,61,32,45
54,56,32,45
53,49,33,45
54,43,33,45
54,37,34,45
55,31,33,44
55,26,33,44
54,22,33,44
53,18,33,45
50,15,34,45
49,16,34,44
46,18,34,45
44,23,34,45
41,27,35,46
40,31,35,45
38,34,35,46
37,38,34,46
37,40,34,46
38,42,35,46
41,44,35,46
43,45,36,47
47,50,35,47
50,55,35,47
53,61,35,48
57,67,36,48
63,73,35,48
69,78,36,49
76,83,37,50
84,87,37,50
92,90,37,51
103,92,38,51
115,95,38,50
125,94,38,52
135,93,39,52
147,89,39,53
157,86,39,53
166,82,38,52
172,78,39,53
177,76,40,53
180,74,40,53
184,72,40,53
184,70,39,53
182,68,39,52
178,65,40,53
174,62,40,52
169,58,40,53
162,54,40,53
156,51,40,53
150,47,40,54
144,45,41,55
137,43,41,54
130,43,40,54
123,44,41,54
115,46,41,54
109,49,41,55
103,55,41,55
98,61,42,55
95,66,42,56
93,70,43,58
93,75,42,56
97,78,43,56
102,80,43,57
110,80,42,58
117,82,44,55
127,81,43,58
137,80,44,59
146,80,44,57
155,79,44,58
164,80,44,58
171,81,44,58
178,82,44,59
183,83,44,59
187,86,45,59
190,88,44,60
191,92,45,61
190,96,44,60
187,100,45,61
181,104,45,60
174,106,45,60
167,107,46,60
161,109,46,60
154,109,46,60
146,109,46,60
135,108,48,61
126,105,47,60
116,102,48,60
107,98,50,60
96,92,50,61
87,87,50,61
77,82,51,61
68,76,51,61
60,69,52,62
53,63,53,60
47,57,53,60
42,50,54,61
40,43,55,62
41,36,55,62
44,31,56,62
49,27,56,62
54,23,56,62
59,17,55,63
65,15,57,62
70,10,57,63
74,8,56,63
78,7,56,63
82,6,56,63
85,7,57,63
89,10,57,63
92,13,57,63
97,17,57,64
100,22,58,64
104,25,57,65
108,29,58,65
111,33,58,65
114,35,58,65
118,36,58,66
120,37,58,66
123,39,58,67
125,40,58,67
127,42,58,66
128,43,59,66
