NaN,NaN,NaN,-1
131,47,38,97
131,47,38,97
131,48,38,97
131,48,38,97
131,48,38,97
131,49,38,97
130,50,39,97
130,51,39,97
130,52,38,98
129,54,39,98
129,56,39,98
129,58,39,99
130,61,39,98
132,64,39,99
134,68,39,100
136,73,40,100
139,77,41,100
145,80,40,101
149,85,41,101
156,89,41,101
163,92,41,101
170,94,42,102
176,96,43,103
185,98,42,103
193,99,42,104
200,99,43,104
207,100,43,104
213,101,44,104
218,101,44,105
221,101,44,105
223,101,44,104
223,100,44,105
219,100,44,105
213,99,45,105
206,99,45,105
198,98,46,106
189,98,46,106
177,98,47,106
166,99,48,106
155,100,50,106
144,101,51,106
136,102,51,107
129,102,52,108
119,103,52,109
110,104,53,109
102,106,53,109
94,107,54,109
88,106,54,110
82,107,55,109
77,108,55,109
71,106,56,110
68,105,56,109
67,101,56,110
67,97,56,108
67,91,57,109
68,85,57,110
71,77,59,111
74,70,59,114
76,62,60,112
80,55,61,113
82,50,62,113
86,45,63,114
93,40,63,114
101,39,63,114
109,36,64,114
117,34,63,115
125,34,65,116
133,34,67,117
140,37,69,117
149,39,68,118
156,41,69,118
164,43,68,119
173,44,68,120
181,46,69,120
189,46,69,120
195,46,71,121
200,47,72,122
204,47,72,122
205,47,72,122
203,46,73,122
198,44,74,122
190,42,75,122
181,39,75,123
171,36,75,123
160,33,77,123
151,32,76,123
141,29,77,123
130,27,79,123
120,26,81,123
110,25,82,124
99,25,84,125
89,27,85,125
79,29,85,126
70,31,85,127
61,34,86,128
54,36,87,128
50,40,87,128
48,44,87,129
49,48,87,130
51,53,87,130
54,60,88,130
57,64,87,131
62,69,87,131
64,75,88,131
67,79,88,132
69,85,88,132
71,91,89,134
73,96,89,133
76,100,89,134
80,103,89,135
85,105,89,134
89,106,90,133
95,105,91,133
102,102,90,133
110,99,91,133
116,95,92,133
122,90,93,135
129,86,94,135
136,82,94,136
142,79,95,136
148,76,95,137
153,72,96,137
159,68,95,138
165,65,96,137
170,62,97,137
175,60,97,137
179,57,98,137
183,54,99,138
187,51,99,138
190,49,100,138
191,46,100,138
190,43,100,138
187,41,100,138
182,37,100,138
177,35,100,137
170,32,100,138
162,30,101,138
154,29,101,137
144,27,102,138
134,24,102,138
125,22,102,138
115,20,102,138
105,18,103,139
96,17,104,139
87,15,104,139
78,13,105,140
71,13,106,140
65,13,105,140
58,13,105,140
54,13,105,140
51,14,105,140
51,15,104,140
53,17,104,139
56,19,104,139
60,21,104,138
65,24,104,138
68,28,104,137
71,31,103,136
73,35,103,136
76,39,103,134
77,42,103,133
80,45,102,131
81,46,102,130
83,47,101,128
118,73,36,14
120,73,36,14
123,73,26,11
126,68,37,20
132,68,37,19
140,67,37,20
145,67,37,21
151,67,37,21
156,68,38,18
160,66,38,19
163,65,38,19
165,63,39,22
168,65,38,19
170,66,38,19
174,67,38,20
179,70,38,19
184,72,38,18
189,73,39,18
197,75,19,11
208,75,13,12
212,75,14,12
209,73,15,11
210,74,7,24
212,72,7,24
212,70,8,25
216,69,7,24
218,70,7,24
220,73,8,25
223,82,8,24
223,90,12,26
222,101,14,25
224,108,12,27
224,114,12,27
223,123,11,25
219,127,11,27
217,129,10,28
213,131,11,28
208,133,11,27
203,133,10,27
195,132,12,29
188,126,13,31
176,123,14,33
167,124,14,30
153,114,18,40
146,121,13,31
136,122,12,28
124,115,12,33
113,111,13,32
102,108,13,33
91,107,12,33
82,107,12,31
74,104,13,32
68,101,14,34
59,91,18,41
60,92,14,36
60,89,14,33
63,83,16,34
67,76,15,34
75,69,13,35
80,61,14,34
86,54,15,34
90,46,16,34
95,38,16,34
100,31,16,34
103,23,16,35
106,17,17,34
108,11,20,36
110,1,23,45
118,9,19,34
122,10,19,34
129,12,19,35
135,18,19,35
139,24,20,35
146,29,20,35
152,36,20,35
157,42,22,34
165,46,22,35
171,51,23,36
181,56,23,36
190,61,22,36
199,66,22,36
208,70,22,36
215,74,23,36
222,78,23,36
229,81,23,37
235,86,24,37
240,89,23,39
246,95,22,36
248,95,24,40
250,99,24,39
248,101,24,38
244,103,25,38
239,104,24,38
232,104,24,37
223,104,25,39
213,104,25,39
205,104,25,38
195,104,25,39
186,104,25,39
177,105,24,40
167,106,25,40
155,105,28,41
146,106,29,41
136,105,29,42
125,105,30,43
116,104,30,43
107,104,30,44
101,103,29,43
93,101,30,43
87,99,30,43
81,99,30,42
75,96,31,43
70,92,31,44
67,88,31,43
64,84,31,43
60,79,31,43
58,73,31,44
56,68,33,43
55,61,32,45
54,56,32,45
53,49,33,45
54,43,33,45
54,37,34,45
55,31,33,44
55,26,33,44
54,22,33,44
53,18,33,45
50,15,34,45
49,16,34,44
46,18,34,45
44,23,34,45
41,27,35,46
40,31,35,45
38,34,35,46
37,38,34,46
37,40,34,46
38,42,35,46
41,44,35,46
43,45,36,47
47,50,35,47
50,55,35,47
53,61,35,48
57,67,36,48
63,73,35,48
69,78,36,49
76,83,37,50
84,87,37,50
92,90,37,51
103,92,38,51
115,95,38,50
125,94,38,52
135,93,39,52
147,89,39,53
157,86,39,53
166,82,38,52
172,78,39,53
177,76,40,53
180,74,40,53
184,72,40,53
184,70,39,53
182,68,39,52
178,65,40,53
174,62,40,52
169,58,40,53
162,54,40,53
156,51,40,53
150,47,40,54
144,45,41,55
137,43,41,54
130,43,40,54
123,44,41,54
115,46,41,54
109,49,41,55
103,55,41,55
98,61,42,55
95,66,42,56
93,70,43,58
93,75,42,56
97,78,43,56
102,80,43,57
110,80,42,58
117,82,44,55
127,81,43,58
137,80,44,59
146,80,44,57
155,79,44,58
164,80,44,58
171,81,44,58
178,82,44,59
183,83,44,59
187,86,45,59
190,88,44,60
191,92,45,61
190,96,44,60
187,100,45,61
181,104,45,60
174,106,45,60
167,107,46,60
161,109,46,60
154,109,46,60
146,109,46,60
135,108,48,61
126,105,47,60
116,102,48,60
107,98,50,60
96,92,50,61
87,87,50,61
77,82,51,61
68,76,51,61
60,69,52,62
53,63,53,60
47,57,53,60
42,50,54,61
40,43,55,62
41,36,55,62
44,31,56,62
49,27,56,62
54,23,56,62
59,17,55,63
65,15,57,62
70,10,57,63
74,8,56,63
78,7,56,63
82,6,56,63
85,7,57,63
89,10,57,63
92,13,57,63
97,17,57,64
100,22,58,64
104,25,57,65
108,29,58,65
111,33,58,65
114,35,58,65
118,36,58,66
120,37,58,66
123,39,58,67
125,40,58,67
127,42,58,66
128,43,59,66
