NaN,NaN,NaN,-1
133,55,36,97
133,55,37,97
133,56,36,97
133,56,36,97
133,56,36,97
133,57,36,97
132,58,37,97
132,59,37,98
132,60,36,98
131,62,37,98
131,64,37,98
132,66,37,98
132,69,37,98
133,72,38,98
136,76,38,99
138,81,38,100
142,85,37,100
147,89,38,101
152,93,38,101
159,96,38,102
165,99,39,102
173,101,39,103
180,103,40,103
188,105,38,104
196,106,39,104
204,107,39,104
210,108,40,105
216,108,41,105
221,109,40,105
224,109,40,106
226,109,40,105
226,108,40,105
223,107,41,105
217,107,41,105
210,106,42,105
202,105,42,105
193,105,42,106
181,105,43,105
170,106,44,106
159,107,46,106
148,107,47,106
140,108,47,106
133,108,48,107
123,109,48,107
114,111,49,108
105,112,50,108
98,113,50,109
91,113,51,109
86,113,51,110
81,114,51,110
75,113,52,110
72,111,53,109
71,107,53,110
70,103,53,108
71,97,54,109
72,91,54,110
75,84,55,111
78,76,55,112
80,69,56,111
84,62,56,112
87,57,57,113
92,52,58,113
99,48,59,114
106,46,58,113
114,43,59,113
122,41,58,114
131,41,59,115
139,42,60,115
145,44,63,116
155,46,61,116
163,48,62,116
169,50,64,117
178,52,63,117
187,53,62,118
194,54,63,118
201,55,64,119
205,55,65,121
210,55,64,120
211,55,65,120
209,54,65,120
204,52,66,120
197,49,66,120
188,47,67,120
178,45,67,121
168,41,69,122
158,39,69,122
149,37,68,121
139,35,69,121
128,34,70,121
118,33,71,121
108,33,72,122
97,35,73,123
88,36,74,124
78,39,74,125
70,41,75,125
63,44,76,126
59,48,75,126
57,51,75,127
58,55,76,128
60,61,76,128
62,67,76,127
65,72,76,128
70,77,75,128
73,82,76,128
75,86,77,130
78,92,77,130
80,98,78,130
82,103,78,130
85,107,78,130
89,109,78,130
94,111,78,128
98,112,79,127
104,111,79,127
111,108,80,128
118,104,81,129
125,100,81,131
131,97,82,131
138,93,83,132
145,89,83,132
151,85,83,132
157,82,84,132
162,78,85,133
168,75,85,133
173,73,86,132
179,69,86,134
184,66,86,134
188,63,87,134
192,61,88,133
196,58,89,134
199,56,90,134
199,53,89,134
199,50,89,134
196,47,89,134
191,45,91,133
186,42,89,133
179,40,90,133
171,37,90,133
162,35,90,134
153,33,90,134
143,30,91,134
134,28,91,134
124,27,92,134
114,25,92,135
105,23,93,135
96,22,94,135
88,19,94,136
80,19,94,136
73,18,95,137
66,18,96,137
62,19,96,137
59,20,95,137
59,20,95,137
61,22,95,137
63,24,96,137
68,25,95,136
72,28,95,135
76,32,95,134
79,36,94,133
81,40,95,133
83,44,94,131
86,47,93,130
87,50,93,128
89,51,93,127
91,51,92,126
118,73,36,14
120,73,36,14
123,73,26,11
126,68,37,20
132,68,37,19
140,67,37,20
145,67,37,21
151,67,37,21
156,68,38,18
160,66,38,19
163,65,38,19
165,63,39,22
168,65,38,19
170,66,38,19
174,67,38,20
179,70,38,19
184,72,38,18
189,73,39,18
197,75,19,11
208,75,13,12
212,75,14,12
209,73,15,11
210,74,7,24
212,72,7,24
212,70,8,25
216,69,7,24
218,70,7,24
220,73,8,25
223,82,8,24
223,90,12,26
222,101,14,25
224,108,12,27
224,114,12,27
223,123,11,25
219,127,11,27
217,129,10,28
213,131,11,28
208,133,11,27
203,133,10,27
195,132,12,29
188,126,13,31
176,123,14,33
167,124,14,30
153,114,18,40
146,121,13,31
136,122,12,28
124,115,12,33
113,111,13,32
102,108,13,33
91,107,12,33
82,107,12,31
74,104,13,32
68,101,14,34
59,91,18,41
60,92,14,36
60,89,14,33
63,83,16,34
67,76,15,34
75,69,13,35
80,61,14,34
86,54,15,34
90,46,16,34
95,38,16,34
100,31,16,34
103,23,16,35
106,17,17,34
108,11,20,36
110,1,23,45
118,9,19,34
122,10,19,34
129,12,19,35
135,18,19,35
139,24,20,35
146,29,20,35
152,36,20,35
157,42,22,34
165,46,22,35
171,51,23,36
181,56,23,36
190,61,22,36
199,66,22,36
208,70,22,36
215,74,23,36
222,78,23,36
229,81,23,37
235,86,24,37
240,89,23,39
246,95,22,36
248,95,24,40
250,99,24,39
248,101,24,38
244,103,25,38
239,104,24,38
232,104,24,37
223,104,25,39
213,104,25,39
205,104,25,38
195,104,25,39
186,104,25,39
177,105,24,40
167,106,25,40
155,105,28,41
146,106,29,41
136,105,29,42
125,105,30,43
116,104,30,43
107,104,30,44
101,103,29,43
93,101,30,43
87,99,30,43
81,99,30,42
75,96,31,43
70,92,31,44
67,88,31,43
64,84,31,43
60,79,31,43
58,73,31,44
56,68,33,43
55,61,32,45
54,56,32,45
53,49,33,45
54,43,33,45
54,37,34,45
55,31,33,44
55,26,33,44
54,22,33,44
53,18,33,45
50,15,34,45
49,16,34,44
46,18,34,45
44,23,34,45
41,27,35,46
40,31,35,45
38,34,35,46
37,38,34,46
37,40,34,46
38,42,35,46
41,44,35,46
43,45,36,47
47,50,35,47
50,55,35,47
53,61,35,48
57,67,36,48
63,73,35,48
69,78,36,49
76,83,37,50
84,87,37,50
92,90,37,51
103,92,38,51
115,95,38,50
125,94,38,52
135,93,39,52
147,89,39,53
157,86,39,53
166,82,38,52
172,78,39,53
177,76,40,53
180,74,40,53
184,72,40,53
184,70,39,53
182,68,39,52
178,65,40,53
174,62,40,52
169,58,40,53
162,54,40,53
156,51,40,53
150,47,40,54
144,45,41,55
137,43,41,54
130,43,40,54
123,44,41,54
115,46,41,54
109,49,41,55
103,55,41,55
98,61,42,55
95,66,42,56
93,70,43,58
93,75,42,56
97,78,43,56
102,80,43,57
110,80,42,58
117,82,44,55
127,81,43,58
137,80,44,59
146,80,44,57
155,79,44,58
164,80,44,58
171,81,44,58
178,82,44,59
183,83,44,59
187,86,45,59
190,88,44,60
191,92,45,61
190,96,44,60
187,100,45,61
181,104,45,60
174,106,45,60
167,107,46,60
161,109,46,60
154,109,46,60
146,109,46,60
135,108,48,61
126,105,47,60
116,102,48,60
107,98,50,60
96,92,50,61
87,87,50,61
77,82,51,61
68,76,51,61
60,69,52,62
53,63,53,60
47,57,53,60
42,50,54,61
40,43,55,62
41,36,55,62
44,31,56,62
49,27,56,62
54,23,56,62
59,17,55,63
65,15,57,62
70,10,57,63
74,8,56,63
78,7,56,63
82,6,56,63
85,7,57,63
89,10,57,63
92,13,57,63
97,17,57,64
100,22,58,64
104,25,57,65
108,29,58,65
111,33,58,65
114,35,58,65
118,36,58,66
120,37,58,66
123,39,58,67
125,40,58,67
127,42,58,66
128,43,59,66
