NaN,NaN,NaN,-1
140.75,28.183,18.418,93.627
140.33,28.39,18.714,93.659
140.34,27.858,18.722,94.52
140.88,27.977,17.964,93.572
139.33,27.873,19.924,93.498
139.54,27.463,19.467,93.638
139.47,27.918,19.272,92.907
139.37,28.036,19.235,93.016
138.01,27.668,21.025,95.05
138.19,29.958,20.105,92.452
137.86,29.566,20.478,91.329
137.71,28.86,20.951,91.734
136.72,30.447,21.712,93.289
135.92,30.004,22.669,93.037
136.14,29.328,22.592,93.942
135.74,28.438,23.582,94.357
135.33,30.573,22.946,91.584
135.53,29.187,22.558,93.152
135.46,32.209,21.82,88.985
135.31,34.29,21.277,88.176
134.81,33.088,22.441,88.596
133.42,34.769,23.196,88.158
133.96,34.299,21.63,87.218
133.64,36.079,21.747,86.506
133.51,35.504,22.113,89.928
132.76,34.025,22.284,90.41
132.82,36.755,21.24,86.413
132.54,38.082,20.464,86.988
131.73,38.75,22.409,86.655
131.13,37.982,21.605,87.013
130.8,37.715,22.284,88.509
130.57,39.472,22.384,84.837
130.19,39.502,22.223,88.356
129.94,42.233,20.506,83.414
129.34,41.483,20.878,84.915
129.64,40.291,21.105,86.949
128.57,41.734,21.063,86.414
127.97,41.059,22.099,89.154
126.79,42.326,19.444,86.845
126.83,46.043,19.762,81.49
126.77,45.574,20.746,82.865
123.89,35.723,19.489,86.752
125.65,33.879,18.323,87.612
122.96,32.919,21.021,85.762
123.16,29.111,20.787,88.484
121.48,26.6,22.251,90.945
121.02,24.732,22.454,90.797
117.9,20.719,27.99,93.875
118.23,19.876,25.681,91.276
120.34,19.275,22.018,89.246
120.08,18.156,22.167,87.922
118.93,15.441,23.284,89.763
119.03,12.646,22.938,91.294
118.5,11.96,22.867,90.16
117.63,9.7536,24.471,91.142
117.93,9.2808,23.577,89.546
117.59,7.517,23.125,90.073
118.02,6.2551,22.154,89.949
118.69,4.2478,21.003,90.891
117.72,3.3129,21.092,90.828
117.12,1.453,21.899,92.214
118.49,1.3919,19.419,90.513
118.89,0.68865,20.002,90.447
117.35,0.37217,20.234,90.491
117.5,-0.62268,21.24,91.288
117.12,-1.0059,20.512,91.46
117.85,-0.60668,20.823,89.955
116.53,-0.71741,21.464,90.329
116.5,0.12982,22.042,89.079
115.79,-0.25501,21.851,90.279
116.57,0.45476,21.202,89.458
117.02,0.41208,20.829,90.205
115.24,0.70903,21.412,91.4
115.04,1.505,22.091,90.872
115.49,2.832,20.708,90.691
115.13,3.3934,20.65,91.599
114.6,5.0202,20.203,90.636
115.16,5.9097,21.064,90.882
114.57,6.9435,21.262,91.388
114.08,9.7049,21.157,89.572
113.21,10.627,21.704,91.135
112.57,12.869,21.604,90.82
111.87,14.165,21.789,91.641
112.62,16.556,20.796,90.737
111.12,19.557,20.919,89.297
111.38,21.143,21.427,89.953
110.18,22.709,22.215,90.848
109.27,25.046,22.216,90.752
108.01,27.386,22.481,90.91
107.65,29.279,22.123,91.544
107.72,31.479,21.132,91.18
107.65,33.972,21.723,90.818
106.18,36.984,20.962,89.357
105.92,39.489,21.829,89.356
104.99,41.763,21.258,89.569
104.41,43.917,20.726,88.741
103.64,46.962,21.052,87.463
103.42,48.761,21.039,87.597
101.91,50.957,21.987,87.458
101.01,53.516,21.721,86.759
99.843,54.455,22.28,87.857
NaN,NaN,NaN,-2
NaN,NaN,NaN,0
NaN,NaN,NaN,0
NaN,NaN,NaN,0
NaN,NaN,NaN,0
NaN,NaN,NaN,-1
134.71,36.683,42.472,44.594
135.21,35.522,43.071,45.075
143.07,40.852,42.585,44.571
145.04,43.666,41.774,43.606
158,40.042,41.904,43.948
157.91,41.967,41.793,43.888
157.23,46.68,42.468,44.46
157.87,50.438,41.969,43.919
156.8,54.568,43.418,45.441
167.97,56.813,44.201,46.192
166.94,57.651,44.235,46.274
166.8,58.401,43.334,45.432
166.45,58.677,42.837,45.03
165.37,59.711,42.852,45.064
164.92,59.958,42.244,44.483
164.07,60.049,42.733,44.935
163.57,59.973,42.426,44.717
162.39,60.392,42.193,44.442
161.92,60.066,42.735,44.87
161.38,60.486,41.747,43.826
160.71,60.333,42.116,44.276
160.08,59.705,42.278,44.479
159.62,60.464,41.392,43.607
158.87,59.42,42.057,44.242
157.67,59.268,42.307,44.51
157.72,59.118,41.847,43.832
156.33,58.962,42.374,44.36
156.06,58.996,41.345,43.283
156.14,59.166,40.763,42.861
155.32,58.789,40.401,42.438
154.95,58.943,39.839,41.898
154,58.718,39.733,41.796
153.41,57.483,40.418,42.365
152.15,56.37,41.532,43.444
152.32,55.182,41.176,43.372
151.19,55.002,41.376,43.491
150.68,54.618,40.952,43.109
149.67,54.507,41.096,42.856
149.99,54.08,39.996,42.292
155.47,43.197,41.076,43.358
158.12,45.992,39.708,41.835
157.84,50.424,40.922,43.512
160.38,55.294,40.169,42.299
162.15,56.82,40.025,42.186
169.4,54.849,40.294,42.398
169.12,53.897,40.655,42.676
168.3,53.125,40.367,42.42
167.61,52.17,39.656,41.536
167.04,50.682,39.793,41.995
165.8,49.716,39.914,41.895
165.34,48.469,40.265,42.228
164.72,46.699,40.311,42.181
164.62,46.599,38.728,40.784
163.41,44.721,39.734,41.729
162.71,42.779,39.881,41.865
162.04,41.465,39.134,41.156
161.33,39.839,39.431,41.407
160.32,38.102,39.704,41.614
159.62,36.306,38.971,40.938
158.79,35.417,38.782,40.781
158.3,32.834,38.645,40.712
156.7,30.855,39.536,41.382
155.78,28.974,39.142,41.163
155.34,26.404,39.147,41.173
154.21,24.82,38.492,40.467
153.32,22,39.136,41.104
152.19,18.99,39.1,41.371
NaN,NaN,NaN,-2
NaN,NaN,NaN,0
NaN,NaN,NaN,0
NaN,NaN,NaN,0
NaN,NaN,NaN,0
NaN,NaN,NaN,-1
127.32,73.801,51.463,34.901
127.92,72.534,51.873,35.594
127.99,72.647,51.904,35.586
131.27,71.247,52.18,36.299
129.29,70.172,53.015,38.13
130.51,69.682,53.877,39.33
130.79,68.857,54.497,39.865
132.79,69.723,54.626,40.558
133.18,68.416,55.935,42.4
132.91,67.917,57.61,44.386
134.04,68.448,57.882,44.539
136.12,68.946,57.518,45.087
137.71,70.145,57.619,45.369
138.01,70.913,57.678,45.854
139.24,71.668,57.84,46.569
140.32,72.559,58.011,46.332
140.93,73.55,58.496,47.045
141.27,74.092,58.683,48.219
142.06,75.533,58.686,48.407
142.94,76.663,58.439,48.356
142.9,77.63,59.5,49.092
143.83,79.625,58.155,48.229
144.16,80.56,58.151,48.287
143.81,82.069,58.491,48.88
144.2,83.18,58.284,48.782
143.7,84.368,59.148,50.079
143.98,85.908,58.859,49.9
143.36,88.036,59.25,50.56
143.1,89.052,59.014,50.932
142.83,90.273,59.358,51.902
142.19,91.702,59.542,52.428
142.56,94.801,59.63,52.801
141.6,96.286,59.432,53.117
141.7,98.571,58.964,53.119
142.8,100.76,60.509,54.318
142.98,101.89,59.671,54.489
162.87,81.974,59.383,54.162
NaN,NaN,NaN,-2
NaN,NaN,NaN,0
NaN,NaN,NaN,0
NaN,NaN,NaN,0
NaN,NaN,NaN,0
NaN,NaN,NaN,-1
141.89,59.046,21.528,65.93
143.89,57.752,21.037,65.325
143.72,54.62,22.19,68.142
143.16,50.405,24.041,72.052
143.95,48.547,22.892,69.879
142.77,45.084,24.946,72.984
142.39,43.75,26.353,74.105
