NaN,NaN,NaN,-1
140.73,37.184,19.455,100.62
140.3,37.394,19.772,100.65
140.59,37.008,19.745,101.21
140.42,36.44,19.584,101.9
140.43,36.683,19.181,100.94
140.09,35.999,19.829,101.63
139.97,36.484,19.728,100.84
140.05,36.766,18.602,99.198
139.53,37.629,19.702,98.214
139.66,37.95,19.042,97.363
139.39,38.279,18.977,95.881
139.02,38.373,19.53,95.863
138.82,38.747,18.726,95.265
138.56,39.001,19.291,96.435
138.01,38.293,19.261,99.122
137.57,37.617,20.312,99.111
137.24,39.808,19.955,96.556
137.46,39.357,19.86,94.693
136.9,40.594,19.552,92.155
136.03,40.642,20.456,95.792
136.08,40.363,19.534,94.199
135.32,41.011,20.581,93.32
135.38,40.938,20.133,91.907
134.92,41.456,21.023,94.207
133.96,43.569,21.269,92.53
133.51,43.11,21.5,90.373
133.7,43.725,20.416,92.137
132.76,44.556,21.392,91.862
132.47,43.423,21.686,92.117
131.44,44.556,22.111,92.675
131.18,45.272,22.677,90.309
130.86,47.655,22.11,87.05
130.95,48.214,21.084,86.447
130.56,46.731,21.206,86.91
130.12,48.686,21.379,88.439
129.28,49.252,21.214,84.694
129.73,50.813,20.44,82.537
129.31,51.519,19.628,82.705
129.05,53.273,17.724,80.311
133.73,60.102,17.48,81.264
133.78,61.868,17.378,77.531
133.87,63.877,17.708,74.186
132.96,64.94,17.509,72.05
133.39,67.584,19.207,68.446
137.33,72.684,18.123,69.105
137.92,73.163,18.374,67.589
138.78,75.382,17.808,64.12
139.64,75.96,19.676,68.138
137.88,83.157,20.029,62.699
139.25,86.582,19.293,59.315
139.55,85.669,19.355,58.613
140.69,83.229,19.352,59.796
140.02,82.402,19.477,59.56
149.2,81.126,20.079,61.28
153.51,82.212,17.059,57.006
152.36,80.138,17.876,57.855
152.76,77.6,16.723,58.774
150.42,76.483,16.998,58.886
149.08,73.682,17.19,61.43
150.35,73.733,15.933,59.626
150.49,73.636,15.155,58.175
150.78,72.362,15.899,59.078
151.42,71.783,15.075,58.663
152.57,72.061,14.464,57.185
153.06,71.575,13.293,57.009
152.18,71.588,14.698,57.161
152.22,70.399,14.755,58.253
152.81,70.975,14.577,57.25
151.66,72.16,15.445,56.142
151.55,71.297,15.954,57.132
151.87,70.9,15.755,58.293
150.96,70.943,16.524,59.453
150.88,72.795,16.062,57.613
149.84,74.205,15.856,56.637
150.33,74.324,15.693,57.576
149.68,75.454,14.468,57.783
147.53,76.543,16.738,58.011
147.75,78.731,16.718,56.3
149.15,80.128,14.511,57.098
147.89,80.358,15.477,58.217
148.1,82.118,14.877,58.387
146.38,83.498,15.919,59.511
145.19,85.33,16.483,59.383
145.72,88.368,15.564,57.973
144.32,88.966,16.757,60.172
143.37,91.246,17.221,59.435
143.71,94.339,16.973,58.717
142.8,96.673,16.965,58.626
141.95,98.282,17.191,59.12
142.67,100.84,15.506,58.59
NaN,NaN,NaN,-2
NaN,NaN,NaN,0
NaN,NaN,NaN,0
NaN,NaN,NaN,0
NaN,NaN,NaN,0
NaN,NaN,NaN,-1
119.61,59.911,54.613,43.408
119.04,61.972,55.318,44.753
117.29,65.004,54.39,43.619
116.65,65.778,55.166,44.523
116.24,67.444,55.333,44.7
115.97,69.213,54.846,44.145
114.75,71.306,54.825,44.262
113.43,72.972,55.08,44.535
113.46,75.135,53.999,43.523
111.59,76.705,54.191,43.698
110.44,77.989,53.786,43.629
110.16,79.474,53.758,43.809
109.71,81.444,53.285,42.926
108.66,82.462,53.24,42.994
107.44,83.462,53.571,43.287
106.3,84.028,54.11,43.859
NaN,NaN,NaN,-2
NaN,NaN,NaN,0
NaN,NaN,NaN,0
NaN,NaN,NaN,0
NaN,NaN,NaN,0
NaN,NaN,NaN,-1
131.29,49.806,51.52,37.891
130.86,49.754,52.299,38.877
131.99,47.84,52.757,39.667
129.14,45.969,54.76,41.301
129.03,43.975,56.326,42.89
128.77,44.131,56.641,43.399
129.07,44.303,56.5,43.468
129.78,44.522,56.535,43.389
133.01,46.027,55.112,41.985
132.59,44.92,56.01,43.15
132.35,44.268,56.573,43.903
131.73,44.25,56.684,44.054
133.6,47.215,56.544,43.835
132.92,46.455,56.686,44.018
135.42,48.694,55.486,42.486
134.61,48.788,55.905,42.932
133.97,48.295,55.663,42.776
133.79,53.742,55.803,43.133
132.15,55.233,55.964,43.378
130.77,55.642,56.284,43.438
130.26,55.643,55.98,43.481
129.68,55.517,55.869,43.261
127.87,62.113,56.107,43.549
129.15,63.114,54.762,42.31
127.03,65.938,53.642,41.146
126.07,64.469,54.114,41.913
125.69,64.184,53.903,41.789
124.57,63.879,53.61,41.722
124.36,62.749,53.735,41.971
129.09,65.202,52.714,41.01
129.18,64.577,52.566,41.326
127.49,64.266,52.53,40.692
127.12,64.17,52.017,40.038
133.06,58.751,52.025,39.695
133.23,57.181,50.831,38.499
133.4,57.921,50.935,38.837
133.99,58.231,49.991,37.637
133.42,59.253,50.385,38.325
133.27,59.816,50.821,38.502
133.76,60.431,50.777,39.012
134.18,59.989,50.741,39.163
135.29,64.362,49.776,38.427
135.94,65.023,49.233,37.859
136.23,78.19,48.333,36.951
152.36,60.483,50.453,38.422
152.04,62.529,50.748,38.644
150.88,67.673,50.379,38.37
155.29,67.376,50.041,38.064
149.31,75.55,51.121,39.591
NaN,NaN,NaN,-2
NaN,NaN,NaN,0
NaN,NaN,NaN,0
NaN,NaN,NaN,0
NaN,NaN,NaN,0
NaN,NaN,NaN,-1
130.44,62.109,33.042,51.979
135.35,63.18,34.362,52.931
138.8,63.472,33.915,51.765
150.21,61.353,33.929,51.993
149.67,60.327,33.493,51.274
149.43,58.984,32.448,51.003
159.74,67.724,31.576,49.802
161.25,75.13,32.339,50.13
161.43,75.769,32.931,50.97
161.94,73.464,30.696,48.529
160.8,70.041,30.707,48.324
159.93,66.253,30.822,48.844
158.64,61.038,30.626,48.692
157.45,57.072,31.469,49.495
156.64,52.666,31.094,49.46
155.8,49.071,31.518,49.13
155.06,43.397,30.773,47.926
154.76,39.784,30.855,48.388
153.7,35.382,30.758,48.638
NaN,NaN,NaN,-2
NaN,NaN,NaN,0
NaN,NaN,NaN,0
NaN,NaN,NaN,0
NaN,NaN,NaN,0
NaN,NaN,NaN,-1
95.594,92.902,86.896,38.241
95.947,94.244,87.324,38.915
96.159,95.915,87.302,38.845
95.987,95.336,88.101,40.17
95.174,96.954,88.64,40.887
95.168,98.672,88.755,41.053
94.591,99.474,89.207,41.644
94.092,99.011,90.04,43.489
93.39,99.672,90.339,44.718
92.538,100.5,90.953,45.468
92.829,102.29,90.036,45.442
91.552,102.79,91.144,46.576
89.412,104.41,91.522,47.607
89.216,104.19,92.1,49.317
88.498,106.27,92.435,50.119
88.097,107.6,92.624,51.039
83.48,99.42,90.807,48.819
81.155,94.948,90.5,48.295
75.284,87.911,89.957,47.364
63.048,79.749,89.893,47.268
62.439,74.98,90.306,49.168
61.033,69.805,90.971,51.115
55.267,69.173,88.734,46.711
54.811,69.801,88.385,42.506
60.759,51.133,90.536,50.558
51.28,59.284,89.692,48.345
48.41,58.72,91.046,46.001
NaN,NaN,NaN,-2
NaN,NaN,NaN,0
NaN,NaN,NaN,0
NaN,NaN,NaN,0
NaN,NaN,NaN,0
