NaN,NaN,NaN,-1
227.04,92.368,44.667,45.565
224.96,92.079,44.724,45.546
227.25,92.769,44.751,45.503
228.61,92.533,44.87,45.553
226.32,91.85,45.072,45.78
223.7,91.207,44.726,45.301
222.95,89.565,44.395,45.055
221.87,90.957,44.752,45.423
220.16,91.908,44.515,45.29
219.82,89.896,44.791,45.576
216.98,93.289,44.798,45.484
216.96,93.137,44.831,45.627
213.38,94.905,44.766,45.536
210.16,90.494,45.126,46.095
206.59,93.361,45.394,46.274
202.82,95.443,46.374,47.379
199.68,93.54,47.333,48.393
194.57,90.642,47.228,48.287
191.7,91.508,47.745,48.636
183.87,84.28,47.72,48.649
183.85,89.588,47.793,48.743
175.2,84.418,48.503,49.514
168.85,82.778,48.732,49.809
162.75,83.645,48.828,49.876
155.49,84.571,48.55,49.603
146.68,85.488,48.426,49.343
138.07,90.882,48.627,49.658
126.92,94.44,48.889,49.693
116.11,97.458,49.331,50.219
101.67,100.28,49.247,50.151
90.632,109,49.251,50.237
76.902,101.06,49.011,49.915
69.939,112.97,49.055,50.089
59.184,107.95,49.459,50.493
54.627,114.69,49.545,50.637
44.907,114.81,50.12,51.128
36.556,119.28,50.242,51.476
39.287,118.1,49.94,51.021
36.743,119.4,49.67,50.746
38.417,119.6,49.231,50.294
37.146,119.51,49.282,50.227
49.449,131.47,49.548,50.578
84.514,128.68,49.277,50.361
86.833,128.47,49.923,50.991
76.835,140.47,49.562,50.654
84.984,141.64,49.167,50.308
92.305,134.8,49.338,50.493
100.44,133.31,49.32,50.679
91.065,123.8,49.087,50.542
96.681,114.81,48.717,50.092
98.257,127.6,48.854,50.306
99.053,124.71,49.2,50.678
97.653,127.78,48.825,50.116
97.365,126.81,48.917,50.122
NaN,NaN,NaN,-2
NaN,NaN,NaN,0
NaN,NaN,NaN,0
NaN,NaN,NaN,0
NaN,NaN,NaN,0
NaN,NaN,NaN,-1
183.51,58.797,43.32,62.484
180.65,45.862,43.322,62.398
196.96,48.76,42.719,61.654
204.64,48.893,42.182,60.795
207.4,41.777,41.908,60.562
210.02,47.672,42.228,61.014
210.89,45.612,42.913,62.001
210.91,43.757,43.409,62.756
210.47,52.319,43.604,62.968
210.67,52.834,44.117,63.699
213.15,69.846,44.176,63.672
211.21,53.614,43.842,63.347
211.52,52.902,44.219,63.981
209.64,44.932,43.945,63.512
209.17,38.274,43.496,62.989
210.48,41.527,43.79,63.509
210.64,44.071,44.382,64.425
207.92,30.927,44.027,63.946
208.46,34.091,43.19,62.819
206.28,20.63,43.326,62.983
206.8,20.994,43.298,62.869
210.11,47.113,43.122,62.61
210.27,50.469,42.927,62.27
210.53,53.097,43.25,62.842
208.83,38.208,43.129,62.704
211.09,49.454,42.94,62.309
NaN,NaN,NaN,-2
NaN,NaN,NaN,0
NaN,NaN,NaN,0
NaN,NaN,NaN,0
NaN,NaN,NaN,0
NaN,NaN,NaN,-1
248.61,141.9,39.415,58.198
242.93,140.85,39.733,58.643
240.64,138.95,39.368,58.133
239.38,140.8,39.61,58.552
236.63,135.14,40.245,59.543
230.55,129.92,40.744,60.354
225.61,123.35,40.744,60.296
221.09,122.79,40.91,60.532
215.29,119.54,41.28,61.059
208.41,117.57,41.315,61.109
198.42,120.91,41.69,61.658
192.09,117.35,41.675,61.569
182.29,128.4,41.443,61.26
169.68,123.85,41.475,61.142
161.1,109.34,41.089,60.445
150.11,112.67,41.033,60.353
136.06,112.64,40.991,60.233
126.51,114.21,41.437,60.629
117.85,105.1,41.291,60.453
120.26,104.71,41.475,60.772
126.29,98.096,41.291,60.434
124.2,90.094,41.642,60.983
122.42,82.024,40.947,59.82
123,75.551,40.887,59.749
127.31,67.232,40.624,59.313
129.18,65.806,40.364,58.958
129.91,62.303,40.032,58.292
132.75,59.319,39.761,57.938
132.55,55.292,39.863,58.242
137.82,57.213,40.44,59.005
140.01,59.125,40.403,58.889
141.95,58.901,40.244,58.822
142.57,60.047,40.138,58.644
145.4,59.947,40.432,59.084
148.25,60.351,40.999,59.831
149.54,59.005,41.541,60.809
151.39,56.783,40.938,59.947
160.67,62.512,40.598,59.381
160.45,57.29,40.671,59.572
164.46,62.224,40.745,59.657
166.2,60.197,40.439,59.382
167.11,60.134,40.108,58.928
171.11,60.219,39.643,58.226
176.16,57.917,39.364,57.846
177.83,63.493,39.567,58.184
178.31,60.485,38.896,57.316
179.77,61.989,39.225,57.924
180.41,53.979,39.955,58.935
180.73,53.974,39.748,58.594
186.71,59.329,39.521,58.253
188.26,60.938,39.396,58.044
190.28,68.677,39.292,57.962
191.81,67.739,39.446,58.075
190.56,73.651,39.966,58.771
182.81,74.415,39.826,58.679
182.64,83.593,40.598,59.793
179.26,87.139,40.738,60.085
174.69,94.91,40.703,60.006
167.44,101.78,40.678,59.854
154.37,106.33,40.67,59.89
144.18,113.61,41.226,60.831
137.02,126.47,41.173,60.76
127.1,132.68,40.967,60.342
122.46,133.48,41.09,60.612
119.81,142.22,41.153,60.713
114.88,148.72,42.07,62.073
109.95,152.4,42.516,62.785
104.17,155.18,42.859,63.317
102.07,159.06,42.319,62.549
96.912,161.88,42.208,62.461
118.9,130.76,42.406,62.871
121.35,130.81,42.23,62.699
NaN,NaN,NaN,-2
NaN,NaN,NaN,0
NaN,NaN,NaN,0
NaN,NaN,NaN,0
NaN,NaN,NaN,0
NaN,NaN,NaN,-1
47.717,156.93,54.653,51.599
47.47,157.81,54.668,51.93
47.31,158.98,54.831,52.109
48.53,159.44,54.872,52.036
48.933,156.12,54.38,51.546
52.822,148.5,54.538,51.845
54.966,140.89,54.548,51.899
58.688,134.06,54.714,51.976
61.491,131.2,54.903,52.248
66.019,129.05,54.961,52.355
96.693,145.42,54.829,52.299
95.462,140.11,54.89,52.566
NaN,NaN,NaN,-2
NaN,NaN,NaN,0
NaN,NaN,NaN,0
NaN,NaN,NaN,0
NaN,NaN,NaN,0
NaN,NaN,NaN,-1
64.794,73.271,64.263,68.217
67.943,70.737,64.166,68.098
72.374,66.65,64.284,68.391
74.479,61.256,64.273,68.477
74.388,58.419,63.788,67.909
81.095,69.323,63.939,68.108
82.055,69.53,64.013,68.168
80.958,70.409,64.166,68.517
79.981,71.248,63.872,68.199
80.338,70.619,63.604,68.017
83.312,74.97,63.388,67.887
87.661,81.548,63.292,67.945
93.758,87.119,63.773,68.549
94.787,88.294,64.025,68.574
91.587,87.188,64.243,68.885
98.272,93.501,64.56,69.482
102.52,99.207,64.769,69.598
104.41,95.888,65.101,70.103
109.43,96.023,65.159,70.122
116.63,99.677,64.864,69.659
124.43,106.63,64.286,69.063
126.9,102.74,63.732,68.426
135.81,114.47,63.403,68.331
144.5,111.72,63.441,68.597
149.87,108.03,63.479,68.792
157.58,110.43,64.022,69.384
164,104.3,63.556,68.754
164.94,100.41,63.698,68.883
171.57,100.99,63.394,68.486
176.73,100.03,63.048,68.154
181.52,95.938,63.043,68.202
187.54,99.109,62.586,67.568
193.59,98.548,62.553,67.356
198.46,95.166,61.787,66.445
239.37,124.39,61.817,66.384
239.96,133.6,61.972,66.645
243.48,118.34,62.168,66.854
242.73,122.39,62.252,66.925
243.47,133.3,62.182,66.718
231.26,97.65,62.369,66.86
212.69,96.44,62.408,67.008
210.08,101.11,62.264,66.892
209.79,104.67,61.748,66.455
210.14,102.4,61.482,66.316
210.35,105.08,61.474,66.298
209.72,106.8,61.115,65.934
210.56,111.42,60.969,65.987
211.1,113.14,61.255,66.278
210.05,114.5,61.076,66.188
212.33,115.97,61.088,66.131
210.82,124.62,61.506,66.545
211.2,124.57,61.983,67.155
209.11,124.62,61.501,66.638
214.5,134.31,61.606,66.947
214.09,137.87,62.187,67.363
