NaN,NaN,NaN,-1
227.26,96.51,39.109,41.145
227.65,95.191,39.125,41.194
226.11,95.931,39.683,41.754
226.47,98.94,39.247,41.337
224.65,94.692,39.25,41.24
225,96.669,38.867,40.554
224.49,97.393,38.12,39.823
222.69,98.332,38.12,39.795
221.83,99.396,38.476,40.194
220.96,97.524,38.705,40.502
218.45,98.006,37.974,39.796
216.49,100.17,38.252,39.974
213.84,99.936,38.313,40.09
209.92,100.23,38.128,39.936
206.38,102.49,38.124,39.935
203.18,98.112,38.071,39.881
200.51,98.897,37.935,39.895
199.76,98.569,38.01,40.009
191.8,97.894,38.028,40.044
188.5,94.288,38.034,40.183
184.4,100.07,38.087,40.333
178.69,94.909,38.21,40.382
173.12,97.114,38.343,40.556
165.94,97.839,39.111,41.38
158.65,97.172,38.879,41.162
152.44,100.52,38.998,41.421
141.78,96.435,39.055,41.455
129.77,106.97,38.955,41.282
116.41,110.05,39.61,41.95
105.08,111.75,39.142,41.406
94.012,115.78,39.056,41.374
78.021,109.23,39.039,41.456
71.166,117.42,39.283,41.663
61.181,116.63,38.703,41.05
56.844,124.91,38.645,41.001
47.826,125.02,38.745,41.084
41.299,130.24,38.87,41.376
40.306,129.26,39.226,41.769
42.024,129.43,39.741,42.308
46.717,131.5,39.196,41.801
51.217,140.7,39.258,41.853
54.514,123.37,39.457,42.067
80.055,134.71,39.414,42.215
94.607,130.35,39.123,41.943
97.158,134.86,39.565,42.5
94.422,156.52,39.703,42.725
96.529,145.43,39.891,42.896
98.605,134.25,39.511,42.468
115.15,119.09,39.487,42.412
127.08,115.1,39.609,42.487
131.02,108.98,39.65,42.446
135.57,105.44,39.854,42.624
140.98,103.96,39.657,42.501
147.53,95.801,39.504,42.386
155.7,89.893,39.952,42.927
163.48,92.298,39.924,42.905
172.19,87.854,40.409,43.393
174.79,80.832,40.726,43.794
178.7,80.952,41.348,44.496
181.11,76.084,41.417,44.569
182.19,73.692,41.082,44.13
185.94,66.897,41.081,44.129
194.84,62.973,41.224,44.328
202.97,61.851,40.318,43.468
210.48,59.054,40.613,43.642
215.98,56.687,40.525,43.592
222.51,59.264,40.753,43.864
224.37,68.128,40.587,43.783
228.87,67.234,40.473,43.753
216.53,45.458,40.166,43.392
216.47,44.064,40.038,43.308
216.54,39.974,39.709,42.965
213.25,26.449,39.591,42.775
212.9,26.168,39.673,42.939
213.46,28.548,40.049,43.232
213.31,25.857,39.762,42.905
213.17,26.21,39.762,42.878
217.29,42.486,39.185,42.332
217,45.187,39.686,42.929
216.63,43.224,39.978,43.325
216.33,42.463,39.758,43.064
NaN,NaN,NaN,-2
NaN,NaN,NaN,0
NaN,NaN,NaN,0
NaN,NaN,NaN,0
NaN,NaN,NaN,0
NaN,NaN,NaN,-1
256.88,128.3,32.644,48.524
260.31,133.54,33.328,49.598
259.07,139.35,33.202,49.352
257.43,144.71,32.97,48.916
252.93,148.79,33.184,49.271
251.07,143.05,33.099,49.096
247.49,137.92,32.971,48.875
244.61,134.66,33.532,49.799
242.22,130.25,33.865,50.342
237.86,125.58,33.881,50.429
233.26,117.79,33.998,50.548
228.73,120.32,33.922,50.342
223.11,119.87,34.383,50.949
217.84,117.34,34.271,50.794
205.87,104.42,34.417,51.09
196.32,98.498,34.706,51.525
186.3,96.939,33.89,50.337
177.73,112.13,34.364,51.026
170.49,115.54,34.458,51.156
159.44,115.35,34.232,50.762
149.35,110.64,34.354,50.823
141.76,114.67,34.527,51.05
136.93,114.48,34.85,51.413
132.94,111.93,34.55,51.013
129.3,103.65,34.896,51.433
130.14,103.11,35.379,52.104
126.62,88.255,35.49,52.279
125.2,79.475,35.11,51.793
126.55,73.632,35.281,51.991
129.48,67.546,35.184,51.878
131.24,64.433,34.668,50.978
139.14,64.191,35.135,51.607
139.47,61.28,34.719,51.015
140.54,61.713,34.494,50.664
142.59,55.585,34.386,50.412
142.8,54.862,34.606,50.676
143.57,55.666,34.738,50.885
146.8,57.574,35.025,51.279
150.04,59.83,34.501,50.386
153.26,61.296,34.704,50.625
154.74,58.633,34.98,50.906
157.56,55.019,35.45,51.598
162.84,52.907,35.019,50.963
166.16,55.698,35.309,51.369
169.46,60.619,35.064,51.015
164.61,47.468,35.376,51.575
169.55,52.722,35.178,51.324
172.36,52.68,34.566,50.448
177.63,55.928,34.299,49.938
179.21,53.645,34.404,50.098
181.09,55.351,34.045,49.669
182.72,58.156,33.787,49.277
187.47,51.229,33.838,49.314
191.9,53.944,33.373,48.659
192.2,54.087,33.357,48.652
193.56,57.449,33.518,48.833
193.12,63.816,33.875,49.384
192.92,64.617,33.514,48.731
189.61,68.987,33.598,48.908
188.98,76.806,34.026,49.47
189.95,81.552,33.429,48.601
186.56,84.834,33.572,48.748
179.96,93.835,32.905,47.736
175.44,103.49,32.848,47.808
163.61,105.59,32.858,47.8
156.04,122.33,32.69,47.546
131.98,122.35,32.732,47.688
125.45,129.19,32.84,47.943
123.53,131.18,32.856,47.868
119.7,132.16,32.84,47.762
112.63,140.27,32.512,47.224
106.27,143.83,32.173,46.683
102.63,148.12,31.989,46.45
94.866,150.99,31.814,46.259
95.575,154.02,31.823,46.218
87.993,156.26,31.834,46.265
87.06,158.38,31.424,45.645
81.135,160.72,31.518,45.739
75.608,160.42,31.583,45.864
74.499,160.34,30.574,44.489
71.27,161.38,30.939,44.944
70.367,160.61,31.159,45.376
68.721,160.11,30.721,44.71
65.359,160.95,30.821,44.904
59.467,159.87,31.246,45.446
55.772,158.47,31.495,45.714
54.016,156.82,31.858,46.205
47.216,149.32,31.646,45.763
52.338,140.02,31.622,45.668
55.373,132.17,32.071,46.336
58.943,120.82,32.199,46.553
55.99,112.2,32.218,46.568
60.084,108.99,31.88,46.069
63.855,106.71,32,46.264
65.297,100.14,32.648,47.181
67.735,94.584,32.878,47.473
70.786,94.775,33.385,48.274
71.116,89.152,33.466,48.464
75.067,84.983,33.244,48.115
77.947,81.444,33.394,48.214
80.055,78.991,33.17,47.889
83.743,74.771,33.051,47.681
90.907,73.636,32.786,47.086
94.016,72.996,33.231,47.832
99.096,71.183,33.232,47.762
100.5,71.583,33.485,48.182
101.93,72.369,33.128,47.664
105.84,78.585,33.314,48.063
105.18,80.56,33.696,48.626
106.47,83.888,33.247,47.968
107.12,82.98,33.186,47.876
108.77,87.255,32.728,47.223
112.55,92.709,33.148,47.862
116.27,94.062,32.521,47.021
119.61,99.13,32.89,47.512
120.79,99.825,32.63,47.116
126.18,105.59,33.054,47.616
129.56,112.15,32.861,47.25
134.98,113.4,32.929,47.231
140.38,115.29,33.342,47.807
145.59,117.66,32.993,47.382
148.73,115.96,32.339,46.395
154.39,119.56,32.567,46.794
159.75,120.48,32.181,46.181
166.89,119.27,32.41,46.442
173.49,120.16,32.252,46.208
180.93,118.51,31.668,45.349
185.75,113.71,31.44,45.123
188.48,110.81,31.346,45.058
195.12,112.64,31.348,45.031
197.74,107.54,31.468,45.17
201.71,108.53,31.45,45.24
206.45,104.31,31.32,44.997
209.47,99.13,31.565,45.256
214.61,99.299,31.456,45.125
218.71,97.211,31.215,44.754
222.06,97.675,31.359,44.946
223.64,98.734,30.926,44.295
225.79,97.044,30.988,44.315
226.6,101.45,30.833,44.072
234.49,104.54,31.148,44.443
235.53,108.09,30.746,43.851
233.68,111.91,30.716,43.872
232.48,112.24,30.553,43.698
231.61,115.12,30.432,43.584
232.65,120.84,30.547,43.626
234.26,119.63,30.385,43.377
234.21,124.49,29.934,42.767
234.73,123.89,30.345,43.385
233.66,125.96,30.046,42.912
234.73,127.73,29.844,42.686
233.68,132.78,30.016,42.893
234.57,137.43,30.012,42.894
235.95,139.43,30.184,43.198
236.54,146.39,30.39,43.475
239.2,152.3,29.921,42.834
