NaN,NaN,NaN,-1
222.79,90.912,41.929,44.94
222.11,90.128,41.561,44.501
221.6,90.036,41.551,44.439
222.09,89.921,41.653,44.514
221.27,89.254,41.863,44.736
220.69,88.835,41.87,44.65
218.62,88.964,42.294,45.091
217.92,91.393,42.886,45.773
218.05,91.596,42.542,45.344
218.54,93.867,43.152,46.139
216.45,92.986,42.855,45.754
214.97,95.842,43.089,45.912
211.51,95.564,43.339,46.238
208.31,96.349,43.147,45.936
206.05,95.043,43.797,46.605
201.03,94.335,44.072,47.001
199.05,96.125,44.006,46.942
194.94,91.25,44.679,47.55
187.24,88.186,44.391,47.235
185.84,92.707,44.119,47.03
182.68,94.912,44.16,47.032
172.93,87.894,44.06,47.009
168.88,91.171,44.518,47.645
163.4,94.8,44.329,47.528
156.93,95.702,44.165,47.316
148.08,98.848,44.682,47.941
139.53,100.02,44.698,47.964
129.18,102.3,45.351,48.505
116.21,104.64,45.42,48.624
105.78,107.82,45.417,48.688
93.55,112.46,45.489,48.793
78.263,114.63,45.962,49.361
63.345,104.74,46.144,49.555
52.758,107.51,45.901,49.339
54.392,119.17,45.777,49.231
42.446,118.65,45.864,49.239
39.29,121.22,46.047,49.379
35.223,119.57,46.122,49.505
38.701,120.92,45.998,49.314
37.845,122.67,46.126,49.442
48.388,121.11,46.368,49.671
80.105,131.15,46.145,49.461
84.423,130.27,45.932,49.151
86.616,129.95,45.803,49.079
96.7,131.53,46.153,49.392
92.379,137.58,45.951,49.253
93.456,134.65,45.672,48.935
104.94,135.74,45.837,49.148
92.985,126.1,45.514,48.754
96.856,128.72,45.27,48.532
98.079,128.21,44.775,48.064
99.951,128.53,44.744,48.156
98.324,127.79,44.885,48.247
96.966,131.3,45.369,48.763
NaN,NaN,NaN,-2
NaN,NaN,NaN,0
NaN,NaN,NaN,0
NaN,NaN,NaN,0
NaN,NaN,NaN,0
NaN,NaN,NaN,-1
180.27,56.957,40.315,60.531
177.09,42.095,40.8,61.288
178.65,59.658,40.543,60.748
200.77,48.576,40.228,60.21
201.83,38.92,40.013,60.033
205.01,44.433,39.949,60.013
208.26,56.867,39.518,59.412
209.03,66.919,39.878,59.903
209.48,75.896,40.267,60.513
209,77.431,40.452,60.756
210.13,87.666,40.465,60.741
209.06,86.99,40.502,60.787
209.99,82.44,40.266,60.538
210.08,79.68,39.722,59.728
209.73,83.43,40.068,60.338
210.46,85.665,40.526,61.074
209.61,84.101,41.02,61.889
210.26,84.147,41.517,62.549
210.76,91.441,41.666,62.894
209.07,85.628,41.231,62.198
208.37,55.83,41.145,62.105
205.52,45.257,41.587,62.795
205.95,42.151,41.959,63.37
204.95,44.052,41.696,63.017
207.43,51.959,41.563,62.956
NaN,NaN,NaN,-2
NaN,NaN,NaN,0
NaN,NaN,NaN,0
NaN,NaN,NaN,0
NaN,NaN,NaN,0
NaN,NaN,NaN,-1
250.69,137.43,33.42,51.105
248.73,137.05,33.503,51.239
253.72,124.23,33.699,51.433
251.07,122.55,33.332,50.855
246.91,117.19,32.863,50.175
242.59,111.89,32.665,49.787
232.37,106.49,32.921,50.218
230.69,100.07,33.28,50.786
227.03,95.784,33.021,50.556
217.52,95.499,33.384,51.177
233.15,119.66,32.927,50.441
231.51,133.4,33.144,50.826
NaN,NaN,NaN,-2
NaN,NaN,NaN,0
NaN,NaN,NaN,0
NaN,NaN,NaN,0
NaN,NaN,NaN,0
NaN,NaN,NaN,-1
115.4,97.435,45.965,72.851
111.12,98.911,46.451,73.629
109.86,95.712,45.981,72.969
110.84,89.628,46.289,73.491
88.846,116.3,45.968,73.026
101.51,112.13,46.048,73.168
106.08,111.78,45.963,73.026
105.83,110.62,45.783,72.7
106.11,111.31,45.857,72.851
108.23,111.24,46.536,74.004
107.36,110.83,47.078,74.75
NaN,NaN,NaN,-2
NaN,NaN,NaN,0
NaN,NaN,NaN,0
NaN,NaN,NaN,0
NaN,NaN,NaN,0
NaN,NaN,NaN,-1
146.22,55.553,32.818,50.758
148.58,55.447,33.151,51.413
153.6,56.553,32.751,50.688
159.24,56.74,33.121,51.222
163.24,58.488,32.38,50.046
166,59.202,32.796,50.67
166.4,59.113,32.753,50.588
168.66,59.035,32.577,50.32
171.48,56.791,32.302,49.962
173.33,55.978,32.662,50.435
174.09,53.675,32.561,50.147
175.53,53.663,32.47,50.158
176.49,55.431,32.606,50.325
176.33,53.318,32.938,50.939
181.01,57.947,33.435,51.688
182.98,56.857,33.152,51.174
186.25,60.204,33.548,51.681
185.55,58.77,33.937,52.285
184.9,61.345,33.614,51.755
183.8,69.565,33.764,52.001
181.09,72.493,33.965,52.236
182.49,80.64,34.073,52.432
178.07,83.205,33.827,52.062
174.7,95.483,34.157,52.504
165.07,98.356,34.616,53.195
154.48,106.4,35.092,54.002
141.16,114.39,35.427,54.561
127.06,122.89,35.17,54.197
120.2,127.37,35.826,55.107
116.25,131.95,36.245,55.77
116.94,133.6,36.689,56.414
107.73,137.92,36.473,56.062
104.48,143.36,36.291,55.775
100.9,145.76,36.246,55.738
118.32,133.61,36.372,55.822
113.66,130.44,36.866,56.595
107.13,130.03,36.921,56.56
106.1,130.11,37.019,56.67
105.86,131.33,37.46,57.237
107.03,130.55,37.814,57.713
90.518,133.46,37.117,56.64
89.868,131.71,36.333,55.546
89.134,135.65,36.439,55.712
88.868,134.82,36.265,55.438
86.902,135.87,36.269,55.372
90.609,133.08,36.45,55.642
91.06,131.76,36.449,55.655
NaN,NaN,NaN,-2
NaN,NaN,NaN,0
NaN,NaN,NaN,0
NaN,NaN,NaN,0
NaN,NaN,NaN,0
NaN,NaN,NaN,-1
37.427,115.67,60.236,58.211
40.71,114.82,61.277,59.278
56.43,130.22,61.263,59.317
61.874,127.08,61,59.03
70.94,127.97,61.234,59.069
70.536,124.75,61.249,59.159
74.986,121.41,61.739,59.468
76.139,118.46,61.666,59.253
78.343,115.57,61.651,59.18
80.797,112.02,61.969,59.578
86.373,112.27,61.906,59.538
89.375,107.93,62.27,59.874
92.244,108.26,62.173,59.965
96.11,109.11,62.419,60.398
96.035,106.94,62.94,60.903
96.907,107.22,62.954,60.889
98.752,110.12,63.599,61.607
95.731,109.68,63.518,61.568
97.977,110.27,64.057,62.202
97.67,111.46,64.544,62.735
99.892,111.21,64.484,62.776
102.38,114.52,64.676,63.098
103.58,115.92,64.485,62.89
106.22,116.12,64.424,62.784
111.95,118.84,64.275,62.54
117.2,125.25,64.369,62.69
123.97,130.3,64.924,63.14
129.41,129.36,64.754,63.051
132.55,129.04,64.438,62.82
137.78,136.29,64.494,62.848
142.66,137.62,64.102,62.528
146.94,136.72,63.649,62.108
157.05,138.27,63.279,61.709
161.34,134.9,63.23,61.575
168,138.22,63.656,61.73
170.98,136.89,63.457,61.446
175.95,122.97,63.997,62.22
187.19,137.73,64.232,62.447
183.53,130.66,64.623,62.827
193.89,140.26,64.448,62.73
180.51,155.33,65.014,63.21
NaN,NaN,NaN,-2
NaN,NaN,NaN,0
NaN,NaN,NaN,0
NaN,NaN,NaN,0
NaN,NaN,NaN,0
NaN,NaN,NaN,-1
217.08,94.884,42.717,57.6
216.41,87.635,42.808,57.799
211.66,54.034,42.749,57.724
NaN,NaN,NaN,-2
NaN,NaN,NaN,0
NaN,NaN,NaN,0
NaN,NaN,NaN,0
NaN,NaN,NaN,0
NaN,NaN,NaN,-1
218.46,118.25,42.015,59.913
219.49,122.25,41.748,59.557
219.73,123.16,41.799,59.746
218.19,118.72,41.705,59.797
218.7,136.13,41.936,60.178
220.89,138.42,41.714,59.824
221.89,137.15,41.262,59.234
224.58,143.56,41.887,60.193
