NaN,NaN,NaN,-1
142,37,19,99
142,37,19,99
142,37,19,99
142,37,19,99
141,37,19,99
141,37,19,99
141,37,19,99
141,37,19,99
141,37,19,99
141,37,19,99
141,38,19,99
141,38,19,99
140,38,19,99
140,38,19,99
140,39,19,99
140,39,19,99
140,39,19,99
139,39,19,99
139,39,19,99
139,40,19,99
138,40,19,99
138,40,19,99
138,41,19,99
138,41,19,99
137,41,19,99
137,42,19,99
137,42,19,99
136,42,19,99
136,43,19,99
136,43,19,99
135,43,19,99
135,44,19,99
135,44,19,99
135,45,19,99
135,46,19,99
135,47,19,99
135,48,19,99
135,49,19,99
134,49,19,99
135,51,19,99
135,52,19,99
135,53,19,99
136,56,19,99
136,56,19,99
137,58,19,99
138,59,19,99
139,59,19,99
138,59,19,99
136,61,19,99
135,62,19,99
135,64,19,99
135,65,19,99
134,66,19,99
134,68,19,99
133,69,19,99
133,70,19,99
133,71,19,99
133,71,19,99
133,71,19,99
133,71,19,99
133,71,19,99
134,71,19,99
134,70,19,99
134,69,19,99
135,68,19,99
135,68,19,99
136,67,19,99
136,67,19,99
136,66,19,99
137,65,19,99
137,64,19,99
137,63,19,99
135,67,19,99
134,68,19,99
132,69,19,99
131,70,19,99
129,72,19,99
128,73,19,99
128,74,19,99
128,76,19,99
127,77,19,99
126,78,19,99
125,79,19,99
124,80,19,99
123,80,19,99
122,80,19,99
121,80,19,99
120,80,19,99
119,80,19,99
118,80,19,99
117,80,19,99
116,80,19,99
115,80,19,99
114,80,19,99
113,80,19,99
112,80,19,99
111,80,19,99
110,80,19,99
109,80,19,99
108,80,19,99
107,80,19,99
106,80,19,99
NaN,NaN,NaN,-2
NaN,NaN,NaN,0
NaN,NaN,NaN,0
NaN,NaN,NaN,0
NaN,NaN,NaN,0
NaN,NaN,NaN,-1
136,44,41,47
135,45,41,47
135,46,41,47
133,48,41,47
132,48,41,47
132,50,41,47
131,51,41,47
130,52,41,47
129,52,41,47
129,52,41,47
128,53,41,47
127,53,41,47
130,47,41,47
131,51,41,47
131,51,41,47
131,52,41,47
130,52,41,47
130,52,41,47
129,53,41,47
128,53,41,47
127,53,41,47
119,53,41,47
118,53,41,47
117,52,41,47
117,52,41,47
116,52,41,47
115,52,41,47
115,51,41,47
114,51,41,47
113,50,41,47
112,50,41,47
112,49,41,47
111,49,41,47
110,48,41,47
110,48,41,47
109,47,41,47
108,46,41,47
108,46,41,47
107,45,41,47
106,44,41,47
106,43,41,47
105,42,41,47
104,41,41,47
104,40,41,47
103,39,41,47
102,38,41,47
101,37,41,47
101,36,41,47
100,35,41,47
NaN,NaN,NaN,-2
NaN,NaN,NaN,0
NaN,NaN,NaN,0
NaN,NaN,NaN,0
NaN,NaN,NaN,0
NaN,NaN,NaN,-1
125,69,48,35
124,67,48,35
123,65,48,35
122,63,48,35
121,61,48,35
120,59,48,35
120,57,48,35
119,55,48,35
118,52,48,35
117,50,48,35
116,47,48,35
115,45,48,35
114,42,48,35
113,39,48,35
112,36,48,35
NaN,NaN,NaN,-2
NaN,NaN,NaN,0
NaN,NaN,NaN,0
NaN,NaN,NaN,0
NaN,NaN,NaN,0
NaN,NaN,NaN,-1
130,83,57,37
130,82,57,37
132,84,57,37
133,84,57,37
135,83,57,37
136,85,57,37
136,83,57,37
138,85,57,37
140,87,57,37
141,88,57,37
142,89,57,37
143,90,57,37
144,92,57,37
145,93,57,37
146,94,57,37
146,94,57,37
146,96,57,37
147,98,57,37
147,99,57,37
146,100,57,37
146,102,57,37
146,104,57,37
145,105,57,37
145,106,57,37
144,107,57,37
143,108,57,37
142,108,57,37
141,108,57,37
134,95,57,37
127,88,57,37
126,85,57,37
123,79,57,37
120,71,57,37
115,57,57,37
117,57,57,37
120,58,57,37
120,53,57,37
121,50,57,37
121,42,57,37
120,37,57,37
120,35,57,37
NaN,NaN,NaN,-2
NaN,NaN,NaN,0
NaN,NaN,NaN,0
NaN,NaN,NaN,0
NaN,NaN,NaN,0
