NaN,NaN,NaN,-1
259.62,161.2,52.7,37.975
258.85,161.97,52.7,36.425
258.07,161.2,54.25,37.2
254.97,160.42,55.8,37.2
255.75,159.65,55.025,37.975
255.75,159.65,55.025,37.2
254.97,158.87,55.8,37.975
252.65,159.65,58.125,37.2
252.65,158.87,58.125,37.975
252.65,158.87,59.675,38.75
251.87,158.87,60.45,38.75
252.65,159.65,58.9,37.975
251.1,158.87,60.45,37.975
250.32,158.87,61.225,38.75
250.32,158.87,60.45,38.75
251.87,158.87,58.9,38.75
251.1,158.87,59.675,38.75
251.1,158.87,60.45,38.75
248.77,158.1,62,39.525
248,158.1,64.325,37.975
248,158.1,62.775,37.975
247.22,157.32,65.1,40.3
248,158.1,64.325,38.75
246.45,159.65,65.875,36.425
246.45,159.65,65.875,36.425
245.67,159.65,65.875,36.425
245.67,159.65,65.875,36.425
245.67,158.87,65.1,37.2
245.67,158.87,65.1,37.975
245.67,159.65,65.875,37.975
245.67,159.65,64.325,37.975
241.8,159.65,68.975,37.975
244.12,159.65,65.875,37.2
244.12,158.87,66.65,37.975
244.12,159.65,66.65,37.2
243.35,159.65,66.65,36.425
243.35,159.65,57.35,36.425
243.35,158.87,58.9,37.2
243.35,158.87,59.675,37.2
243.35,158.1,58.125,37.975
242.57,159.65,58.9,35.65
242.57,160.42,55.8,35.65
242.57,159.65,55.8,36.425
242.57,159.65,55.025,35.65
242.57,159.65,55.025,35.65
242.57,158.87,55.025,36.425
242.57,157.32,55.025,38.75
242.57,157.32,53.475,39.525
242.57,157.32,52.7,39.525
242.57,158.1,53.475,39.525
241.8,158.1,54.25,37.975
241.02,158.1,55.025,37.2
242.57,158.1,53.475,37.2
242.57,158.1,52.7,36.425
241.8,156.55,52.7,38.75
241.8,155.77,52.7,37.975
241.8,154.22,51.925,39.525
241.8,155,51.925,38.75
240.25,154.22,51.925,39.525
241.8,154.22,50.375,39.525
241.8,155.77,50.375,37.2
241.8,155,50.375,37.975
241.8,154.22,51.15,38.75
241.8,154.22,51.15,38.75
241.8,154.22,51.925,37.975
241.8,152.67,36.425,39.525
241.8,152.67,36.425,39.525
241.8,153.45,35.65,37.975
241.8,154.22,35.65,37.2
241.8,151.9,35.65,39.525
241.8,150.35,34.875,41.075
241.8,151.12,35.65,40.3
241.8,151.12,35.65,39.525
241.8,148.8,34.875,41.85
241.8,148.8,37.2,41.85
241.8,148.8,37.975,41.85
241.8,148.8,37.975,41.85
241.8,148.8,38.75,41.075
241.8,148.02,38.75,41.85
241.8,148.02,38.75,41.075
241.8,148.8,38.75,40.3
241.8,148.02,38.75,41.075
239.47,148.02,41.075,40.3
241.02,148.8,38.75,39.525
240.25,148.8,39.525,39.525
241.8,148.8,37.975,39.525
241.8,148.8,37.975,38.75
241.8,148.8,38.75,38.75
241.8,148.02,37.975,39.525
241.02,148.02,38.75,39.525
241.02,148.02,38.75,39.525
240.25,148.8,39.525,37.975
240.25,148.8,39.525,37.975
239.47,148.8,31.775,37.975
239.47,148.8,32.55,37.975
239.47,149.57,31.775,36.425
239.47,149.57,31.775,36.425
240.25,149.57,31,36.425
240.25,147.25,31,38.75
238.7,147.25,33.325,38.75
239.47,147.25,31.775,37.975
239.47,147.25,31.775,37.975
240.25,147.25,31,37.975
239.47,147.25,31.775,37.975
239.47,147.25,31.775,37.975
239.47,147.25,32.55,37.2
240.25,147.25,31.775,37.2
240.25,148.02,30.988,36.425
239.47,146.47,31.775,37.975
239.47,146.47,31.775,37.975
239.47,148.02,31.775,36.425
239.47,146.47,31.775,37.2
239.47,146.47,31.775,37.2
239.47,146.47,31.775,37.2
240.25,146.47,31,37.2
240.25,147.23,31,36.442
240.25,147.25,31,36.425
240.25,147.25,31,36.425
239.47,147.25,31.775,36.425
240.25,146.47,31,37.2
240.25,146.47,31,37.2
240.25,146.47,31,36.425
239.47,146.47,31.775,36.425
239.47,146.47,32.55,36.425
239.47,146.47,31.775,36.425
240.25,146.47,31,36.425
240.25,146.47,31,36.425
239.47,146.85,31.775,36.054
240.25,146.47,31,36.425
239.47,146.47,31.775,36.425
239.47,146.47,31.775,36.425
239.47,146.47,31.775,36.425
240.25,146.47,31,36.425
239.47,146.47,32.55,36.425
239.47,146.47,31.775,36.425
240.25,146.47,31,36.425
239.47,147.25,31.775,35.65
240.25,146.47,31,36.425
239.47,146.47,31.775,36.425
239.47,146.47,32.55,36.425
239.47,146.47,31.775,36.425
239.47,146.47,31.775,36.425
239.47,146.47,31.775,36.425
240.25,146.47,31,36.425
240.25,146.47,31,36.425
239.47,146.47,31.775,36.425
239.47,146.47,31.775,36.425
240.25,146.47,31.775,36.425
240.25,146.47,31,36.425
240.25,146.47,31,36.425
239.47,146.47,31.775,36.425
239.47,146.47,31.775,36.425
239.47,146.47,31.775,36.425
240.25,146.47,31,36.425
240.25,146.47,31,36.425
240.25,146.47,31,36.425
240.25,146.47,31,36.425
240.25,146.47,31,36.425
239.47,146.47,31.775,36.425
239.47,146.47,31.775,36.425
239.47,146.47,31.775,37.2
239.47,146.47,31.775,37.2
239.47,146.47,31.775,36.425
239.47,146.47,32.55,36.425
239.47,146.47,31.775,37.2
239.47,146.47,31.775,37.2
240.25,146.47,31,37.2
239.47,146.87,31.775,36.802
239.47,147.25,31.775,36.425
239.47,147.25,31.775,36.425
238.7,147.25,32.55,36.425
238.7,147.25,32.55,36.425
238.7,147.25,33.325,36.425
238.7,147.25,33.325,36.425
238.7,147.25,32.55,36.425
238.7,147.25,32.55,36.425
237.92,147.25,34.1,36.425
237.92,147.25,34.1,37.2
237.92,147.25,34.1,37.2
237.92,147.64,34.1,36.807
237.15,148.02,34.875,36.425
237.15,147.25,34.875,37.2
236.37,148.02,34.875,37.2
236.37,147.25,34.875,37.975
235.6,147.25,35.65,37.975
234.82,147.25,36.425,37.975
234.82,147.25,36.425,37.975
234.82,147.25,37.2,38.75
234.82,148.02,36.425,37.975
234.05,148.02,37.2,37.975
233.27,148.02,37.975,37.975
232.5,148.02,38.75,37.975
231.72,147.25,40.3,38.75
231.72,148.02,39.525,37.975
230.95,148.02,41.075,37.2
230.95,148.02,40.3,37.975
230.17,148.02,41.85,37.975
228.62,148.02,43.4,37.975
227.85,148.02,43.4,37.975
227.85,148.02,43.4,37.975
226.3,148.02,44.95,37.975
225.52,148.02,45.725,37.975
224.75,148.02,46.5,37.975
223.2,148.02,48.05,38.75
222.42,147.25,48.825,39.525
221.65,147.25,49.6,39.525
220.1,147.25,51.15,38.75
219.32,147.25,51.925,38.75
217.77,147.25,52.7,37.975
217,147.25,53.475,38.75
216.22,147.25,54.25,39.525
214.67,147.25,55.8,39.525
213.9,147.25,55.8,39.525
213.12,147.25,56.575,39.525
210.8,145.7,59.675,40.3
210.02,146.47,61.225,39.525
210.02,146.47,60.45,40.3
208.47,146.47,61.225,40.3
207.7,146.47,62,41.075
205.37,146.47,65.1,41.075
205.37,146.47,65.1,41.85
203.82,147.25,66.65,41.075
203.05,150.35,66.65,37.975
200.72,150.35,68.2,37.975
199.95,150.35,60.45,37.975
197.62,150.35,62.775,38.75
196.07,151.12,65.1,34.875
194.52,154.22,68.2,31.775
192.97,153.45,69.75,31.775
191.42,153.45,72.075,31.775
188.32,158.1,63.55,27.125
187.55,158.1,63.55,27.125
187.55,158.1,62.775,27.125
185.22,157.32,62.775,27.9
183.67,157.32,65.1,26.397
182.9,156.55,65.1,27.9
181.35,158.1,65.875,26.35
179.02,159.86,67.425,23.04
178.25,157.32,66.65,26.35
177.47,156.55,66.65,27.9
175.15,156.55,67.425,27.125
173.6,156.55,67.425,27.125
172.82,157.32,66.65,26.35
171.27,156.55,65.1,27.125
168.95,156.55,66.65,26.35
168.17,157.32,67.425,25.575
165.85,156.55,68.2,24.8
170.5,153.45,61.225,28.675
168.95,151.9,62,30.225
166.62,151.12,62.775,31
165.85,150.35,61.225,31.775
163.52,149.57,62,31.775
162.75,149.57,61.225,31.775
162.75,151.9,59.675,29.45
159.65,151.9,62,30.225
157.32,151.9,62.775,30.225
155,151.9,63.55,30.225
155,153.45,62,27.9
155,150.35,60.45,30.603
153.45,150.35,60.45,29.45
152.67,150.35,59.675,31.775
150.35,150.35,60.45,31.775
148.8,149.57,61.225,32.55
147.25,150.35,62,31
141.05,150.35,65.875,31
139.5,150.35,62.775,31
138.72,150.35,62.775,29.45
137.95,150.35,62,30.225
136.4,149.57,63.55,31
135.62,149.57,61.225,30.225
133.3,150.35,64.325,29.45
132.52,149.57,63.55,28.719
131.75,150.35,62.775,27.9
131.46,148.8,61.517,28.675
130.97,148.8,62,28.675
129.42,149.57,63.55,27.9
127.87,149.57,65.1,27.125
127.1,149.57,65.875,26.35
126.32,150.35,66.65,25.575
124.77,149.57,68.2,26.35
123.22,149.57,69.75,26.35
122.45,149.57,70.525,27.125
120.9,149.57,72.075,27.125
120.12,149.57,72.85,27.125
120.9,149.57,72.85,26.35
120.12,148.02,72.85,28.675
117.02,148.02,75.95,27.918
115.47,147.25,77.5,27.9
113.92,147.25,78.275,27.125
113.15,144.92,79.05,30.225
112.37,144.92,74.4,29.45
110.82,145.7,75.175,28.675
109.27,145.7,54.25,27.9
108.5,146.47,53.475,27.125
107.72,145.7,55.025,27.9
106.95,146.47,55.025,25.575
103.07,146.47,58.9,26.35
100.75,141.82,62.775,31
99.975,140.27,63.55,31.775
98.425,140.27,65.1,31.775
96.875,141.05,65.875,30.225
95.325,141.82,68.975,29.45
94.55,141.82,69.75,28.675
93,143.37,70.525,27.125
92.225,141.82,72.075,28.675
90.675,141.82,73.625,27.9
89.125,141.82,75.95,27.9
88.35,141.82,78.275,27.125
87.575,141.82,76.725,27.125
85.628,141.82,78.672,27.125
83.7,141.82,81.375,27.125
82.15,141.05,81.375,25.575
81.375,141.05,82.15,26.35
79.825,141.05,83.7,25.575
78.275,141.05,81.375,25.575
85.25,141.05,79.05,24.8
82.925,141.05,81.375,24.025
82.15,141.82,82.15,24.025
80.6,140.27,79.825,24.8
79.05,141.05,80.6,24.025
79.825,141.05,79.825,23.25
78.211,140.27,84.539,24.025
77.5,140.27,85.25,23.25
79.05,140.27,82.15,23.25
71.3,142.6,88.35,19.375
69.75,144.15,89.9,18.6
65.875,143.37,93,17.825
64.325,143.37,86.025,19.375
62.775,142.6,88.35,19.375
61.225,142.6,78.275,18.6
60.45,143.37,65.875,17.825
59.675,144.15,65.875,17.05
58.125,144.15,67.425,16.275
55.8,142.6,68.975,17.825
54.25,142.6,55.8,17.825
51.15,142.6,58.9,17.05
50.375,142.6,41.85,17.05
48.825,141.82,40.3,17.825
48.05,141.82,40.3,15.5
46.5,140.27,45.725,17.825
44.175,139.5,48.825,18.6
43.4,139.5,48.825,18.6
42.625,140.27,49.6,17.05
42.625,140.27,50.375,17.05
41.075,140.27,51.925,17.05
37.975,139.5,55.025,17.05
37.975,140.27,54.25,16.275
35.65,139.5,56.575,17.05
34.875,140.27,57.35,15.5
34.1,140.27,58.9,15.5
34.875,140.27,58.9,13.95
32.55,140.27,60.45,13.175
29.45,137.95,62.775,15.5
28.675,137.95,63.55,15.5
27.125,137.95,65.1,15.5
26.35,138.72,65.875,15.5
24.8,138.72,68.975,15.5
24.8,138.72,68.2,14.725
24.8,138.72,68.975,14.725
23.25,135.62,69.75,17.825
21.7,135.62,71.3,17.825
18.6,135.62,72.85,17.05
18.6,134.85,72.85,17.05
17.05,134.85,74.4,15.5
15.5,134.85,74.4,15.5
13.95,134.85,75.175,15.5
13.175,134.85,74.4,14.725
13.175,134.85,72.85,14.725
11.625,134.85,60.45,14.725
10.85,134.85,61.225,13.95
9.3,134.85,62.775,13.175
9.3,134.85,62.775,13.175
7.75,134.85,64.325,13.95
