NaN,NaN,NaN,-1
68.297,65.338,69.763,269.01
70.875,65.161,70.341,268.17
74.425,65.548,69.496,266.37
77.799,66.124,68.996,265.51
80.251,66.241,69.553,264.73
83.684,67.012,68.719,262.59
86.791,67.659,67.844,260.87
90.095,69.048,67.681,258.43
93.404,69.568,67.058,257.52
96.501,69.869,66.83,257.15
99.538,70.204,66.885,256.34
102.96,70.558,66.646,255.63
105.56,71.116,66.617,254.77
108.49,71.255,66.252,253.88
111.54,72.24,65.779,252.61
114.16,72.482,66.592,252.72
115.82,72.549,68.277,252.43
118.32,72.735,68.898,252.07
120.08,73.816,69.394,250.73
124.72,75.034,67.265,248.53
128.95,77.434,64.328,244.72
131.33,77.848,63.475,244.33
133.93,78.895,64.3,241.91
137.49,80.161,63.32,239.87
139.99,80.75,62.812,238.6
142.02,81.027,62.712,238.02
144.67,81.312,62.477,237.53
147.22,81.634,62.074,236.38
149.88,82.238,61.591,235.22
152.05,82.587,61.455,234.78
154.96,82.729,61.335,233.69
157.43,82.172,60.629,233.48
160.59,83.487,60.661,232.31
162.97,83.186,60.537,230.79
165.81,83.744,59.747,229.67
168.43,83.898,59.548,229.16
170.59,83.993,60.236,228.4
173.03,84.322,59.844,228.01
174.73,83.936,60.408,227.34
176.95,84.605,61.004,226.25
178.64,84.856,61.173,225.15
181.22,85.639,60.707,223.47
183.61,86.197,60.333,222.39
185.85,87.763,58.838,218.76
187.13,86.885,60.172,219.82
189.57,87.527,59.641,218.7
190.95,87.804,60.032,217.22
193.5,88.457,58.581,215.42
195.9,89.072,57.777,214.07
198.44,89.686,56.471,212.84
201.59,91.356,54.666,209.08
203.18,92.737,54.66,206.86
205.16,93.048,54.699,205.18
206.95,94.389,55.032,203.09
208.97,95.431,55.097,201.75
211.46,96.202,54.188,199.46
212.57,96.208,54.183,199.65
215.14,96.615,53.527,198.45
216.82,97.965,53.871,196.43
218.36,98.517,53.398,194.16
214.44,84.18,60.119,215.83
215.03,84.612,61.015,213.34
216.57,84.799,61.951,213.49
218.3,84.561,61.552,213.16
219.8,86.283,60.529,210.15
221.51,86.758,60.787,208.44
222.66,88.196,60.498,206.59
224.76,88.662,60.248,204.46
226.09,89.158,59.808,203.66
227.78,89.626,59.081,201.11
229.18,89.986,58.897,200.65
230.15,91.149,58.811,199.02
231.96,88.239,58.736,203.45
233.39,87.945,57.541,201.83
235.54,93.018,57.71,193.71
237.46,93.617,56.155,191.48
239.38,98.082,54.902,185.69
241.39,97.42,53.91,185.09
242.44,98.03,54.133,184.03
244.59,98.355,53.892,184.22
245.98,98.542,53.368,182.85
247.04,98.13,53.144,181.81
248.67,98.714,52.837,180.98
249.95,100.15,52.254,178.9
250.95,100.42,52.058,177.44
252.13,100.68,52.043,176.22
252.94,100.72,52.539,176.93
254.29,100.54,52.272,175.69
255.16,101.08,52.676,174.73
256.41,101.74,52.304,173.23
257.82,102.26,51.677,171.9
259.35,102.87,50.496,170.78
260.63,103.39,49.928,169.39
262.06,103.82,50.083,168.41
263.51,104.54,49.598,167.23
264.48,105.72,49.533,165.13
265.93,106.15,48.753,162.63
267.28,106.69,47.979,161.55
268.57,107.08,47.733,161.09
270.13,107.48,47.512,159.54
271.35,107.56,47.425,159.39
272.69,107.72,47.305,159.26
273.98,108.21,47.163,158.51
275.96,109.63,46.173,156.27
277.23,109.16,45.601,155.82
278.78,109.32,45.124,154.89
280.38,110.64,44.791,152.59
281.61,111.03,44.717,152.54
283.05,111.36,44.028,152.28
283.39,110.48,44.738,151.89
285,112.36,43.464,148.82
287.01,114.97,41.637,145.07
288.53,116.32,40.479,141.98
289.09,117.9,40.66,139.44
290.25,117.36,41.032,139.56
291.03,118.9,40.263,135.83
292.45,121.81,38.731,131.49
293.95,123.17,37.668,128.36
294.5,124.26,36.66,125.14
294.47,122.76,38.725,127.66
293.41,118.73,38.784,123.21
293.71,120.56,38.442,121.6
299.23,126.09,35.504,114.7
300.77,127.27,33.842,111.44
300.2,133.05,30.619,102.4
307.33,127.15,23.739,86.86
305.23,137.04,23.565,83.513
306.16,137.96,22.883,80.29
307.5,140.14,22.122,77.358
308.3,141,22.316,74.013
309.71,142.28,21.522,71.018
310.96,144.36,20.643,67.769
312.47,145.96,19.217,64.597
314.15,148.03,17.862,61.019
315.39,149.31,17.355,58.62
316.93,149.34,15.695,59.095
315.76,147,16.85,58.406
315.06,145.58,17.797,61.404
316.25,146.05,17.434,60.4
316.83,146.04,18.555,60.622
316.99,146.08,19.85,61.466
317.38,144.44,21.277,64.514
318.45,142.88,20.928,66.845
316.54,142.75,25.092,70.76
317.1,142.44,25.913,72.406
318.23,143.09,25.64,71.12
319.05,141.49,25.43,73.952
320.36,140.97,25.697,74.855
322.02,140.62,24.645,75.22
323.28,140.81,23.936,74.542
325.62,141.6,21.582,72.717
326,141.45,21.738,73.436
327.64,141.23,20.604,73.514
328.18,145.92,20.791,76.225
327.62,132.21,23.524,76.674
328.87,134.6,21.518,72.837
321.88,134.49,30.042,73.696
331.43,143.25,17.784,66.319
332.78,142.91,17.31,65.221
332.98,144.37,17.136,64.159
333.92,143.37,17.619,66.877
333.74,143.78,17.631,66.689
334.65,143.95,17.587,65.248
335.46,144.81,16.484,61.218
335.69,145.19,17.716,60.691
336.44,145.51,16.865,59.94
337.82,146.6,16.225,57.726
338.19,147.19,15.685,56.623
339.55,147.77,14.983,54.843
340.6,146.36,14.976,57.325
340.39,144.54,15.732,60.186
341.23,142.94,16.433,62.738
341.5,143.06,17.431,62.231
342.36,144.3,16.775,59.98
342.38,143.45,17.396,61.193
343.27,143.6,17.634,61.893
344.76,142.18,17.494,61.907
344.68,142.18,17.989,63.304
346.02,141.97,17.23,62.955
346.43,142.01,18.115,62.253
346.31,142,18.479,62.148
347.12,141.86,19.216,62.887
348.73,142.86,18.043,60.297
349.19,143.95,17.218,58.691
350.81,143.95,16.682,58.838
350.53,142.9,18.858,60.443
350.45,143.64,18.775,59.088
352.14,144.76,17.539,57.915
351.36,143.68,18.949,58.949
352.67,143.59,14.883,53.855
333,130.99,38.845,84.206
334.56,131.48,36.923,81.769
335.3,132.61,38.01,82.432
336.1,132.76,38.262,81.003
336.38,133.09,38.133,80.893
337.03,133.67,39.128,80.657
337.02,134.1,39.2,79.801
338.71,135.44,37.866,77.796
340.28,135.1,36.109,77.008
340.69,136.38,36.181,75.931
340.91,137.22,35.472,74.729
342.04,137.67,35.53,73.858
342.4,137.87,34.732,73.174
342.76,137.32,35.037,73.488
342.59,138.42,35.402,72.39
344.89,137.72,33.089,71.712
345.09,138.79,32.638,70.933
345.31,137.9,32.855,71.462
345.51,137.62,33.559,71.942
345.59,138.09,33.558,71
345.82,138.17,33.171,69.512
346.76,139.84,33.242,67.273
346.61,139.68,33.948,67.671
347.17,139.13,33.047,67.024
347.39,138.72,32.613,67.084
347.91,138.66,32.204,67.488
348.96,138.24,32.156,67.381
348.37,137.42,32.902,68.879
348.21,137.63,33.324,69.208
348.54,136.65,33.6,69.828
348.44,136.61,33.835,70.423
348.6,136.88,33.719,69.184
349.08,136.79,33.036,69.194
349.02,138.42,34.908,67.123
349.18,140.21,34.693,64.67
348.91,140.56,35.087,64.791
348.88,139.99,35.581,64.542
349.07,139.46,35.754,64.349
349.43,140.16,35.287,63.352
359.66,132.22,20.267,56.942
360.68,130.93,17.859,58.164
360.95,129.25,15.908,54.918
361.21,131.43,17.574,53.458
359.24,131.55,20.9,60.024
359.21,130.75,20.892,60.764
359.39,130.32,21.081,61.418
359.44,130.32,20.767,61.323
359.53,129.02,20.514,62.789
359.83,126.1,19.278,65.021
359.26,123.46,20.361,68.29
359.03,124.14,20.073,67.763
359.46,124.16,19.332,67.433
359.84,124.48,19.055,67.075
360.39,124.14,17.583,67.391
359.85,123.83,18.588,67.972
359.95,125.36,18.176,65.978
360.22,126.76,17.76,64.171
359.04,125.28,19.677,65.894
358.01,125.63,21.281,65.351
358.87,126.6,20.309,63.873
359.41,127.01,19.802,63.445
359.66,128.44,19.51,61.983
359.14,128.48,20.401,61.891
358.79,127.45,20.983,63.518
358.96,126.52,21.139,64.774
357.93,125.04,22.508,66.835
356.97,123.08,24.19,69.801
356.41,121.65,25.34,71.887
355.8,121.03,26.601,72.86
355.81,120.51,26.616,73.224
355.69,120.56,26.901,73.71
356.34,120.21,25.726,74.47
356,120.17,26.357,74.888
356.42,121.02,25.614,73.727
357.34,121.1,24.273,73.241
357.62,121.81,23.595,72.671
357.67,121.79,23.166,71.625
357.75,122.29,22.756,70.96
358.05,122.77,22.063,70.065
358.51,127.51,24.639,67.867
358.82,128.29,24.128,66.76
359.02,128.95,23.715,65.25
361.32,129.79,18.275,57.542
361.94,132.23,17.634,57.295
358.39,125.32,23.038,59.926
358.58,125.14,22.855,60.42
358.65,125.47,22.865,60.374
359.03,125.82,22.639,59.845
359.42,126.39,22.276,59.288
359.55,126.86,22.213,58.349
359.96,126.87,21.814,57.821
360.39,127.26,21.274,56.936
360.41,127.2,21.253,55.696
360.41,126.84,21.482,56.577
360.63,126.73,20.812,56.599
360.65,127.07,20.798,56.689
360.72,127.23,20.803,56.86
361.92,128.47,18.983,56.617
361.72,128.31,19.155,57.596
357.97,121.9,23.264,57.916
357.76,122.15,23.539,56.744
359.04,123.24,21.144,54.728
361.14,129.84,19.07,50.059
364.85,132.73,12.308,46.123
363.85,132.21,14.584,46.617
364.14,133.88,15.754,47.854
364.49,134.9,14.936,46.734
363.23,134.16,16.931,47.686
363.57,133.94,16.401,47.926
364.5,133.12,15.329,48.584
358.86,122.18,22.537,52.891
358.25,122.3,23.483,54.145
360.82,128.02,20.579,53.239
360.44,125.18,21.424,53.762
360.8,127.31,19.611,54.062
363.53,133.63,16.991,49.564
363.55,134.56,16.989,48.412
363.5,133.39,17.413,49.401
363.21,132.99,17.031,50.073
361.27,128.85,19.387,50.97
361.57,128.36,19.064,53.298
361.45,131.33,19.254,50.779
360.15,128.31,20.362,54.308
359.81,125.44,20.012,55.037
361.44,130.16,19.209,53.608
361.8,130.39,18.179,50.321
363.24,133.79,15.562,50.004
363.31,134.25,15.435,50.17
359.66,129.25,20.179,49.32
359.4,129.24,20.438,49.1
363.1,132.05,12.625,44.375
362.94,132.76,12.605,44.137
362.53,130.75,13.711,45.18
362.76,132.82,13.563,44.222
362.77,133.03,13.575,43.303
362.31,133.31,14.5,42.794
361.85,133.25,15.413,43.516
361.23,132.64,16.729,45.05
361.19,132.68,17.242,45.647
360.95,132.37,17.013,45.859
360.98,132.75,16.807,45.221
361.41,133.17,16.632,44.607
361.42,133.65,16.773,43.73
361.67,134.19,16.255,42.697
361.76,134.95,16.041,41.993
361.75,135.56,16.071,41.004
361.9,135.29,15.935,40.935
361.94,134.73,15.91,41.273
362.15,134.21,15.608,41.813
361.95,133.7,15.864,42.333
362.37,133.95,15.457,42.453
361.42,134.03,13.937,42.256
360.94,130.93,11.392,38.852
361.33,131.53,10.7,37.468
361.74,135.23,12.212,35.15
362.33,136.95,12.283,34.391
362.75,145.14,11.608,35.233
360.82,141.97,14.239,33.93
361.24,144.27,13.908,33.176
362.4,143.95,11.968,32.275
