NaN,NaN,NaN,-1
127,120,79,108
127,119,79,108
129,121,79,108
129,122,79,108
129,122,79,108
129,121,79,108
130,122,79,108
129,122,79,108
128,124,79,108
128,124,79,108
127,125,79,108
126,125,79,108
125,126,79,108
124,128,79,108
120,126,79,108
118,128,79,108
114,129,79,108
111,130,79,108
108,132,79,108
105,130,79,108
102,129,79,108
101,128,79,108
100,127,79,108
100,125,79,108
100,125,79,108
101,125,79,108
100,122,79,108
101,121,79,108
101,120,79,108
100,118,79,108
100,116,79,108
101,115,79,108
100,116,79,108
100,116,79,108
101,116,79,108
103,117,79,108
105,116,79,108
106,116,79,108
105,116,79,108
106,115,79,108
109,115,79,108
111,115,79,108
114,115,79,108
115,115,79,108
117,116,79,108
117,116,79,108
123,116,79,108
126,116,79,108
129,116,79,108
128,117,79,108
130,117,79,108
132,118,79,108
133,120,79,108
134,121,79,108
133,124,79,108
134,125,79,108
134,126,79,108
133,130,79,108
129,135,79,108
127,138,79,108
115,150,79,108
115,153,79,108
115,158,79,108
113,162,79,108
112,165,79,108
113,168,79,108
112,171,79,108
109,180,79,108
110,182,79,106
108,185,79,103
108,188,79,100
107,189,79,99
105,192,79,96
103,192,79,96
105,191,79,97
101,188,79,100
101,184,79,104
99,173,79,108
95,166,79,108
93,153,79,108
82,135,79,108
78,123,79,108
77,102,79,108
76,93,79,108
72,81,79,108
72,66,79,108
69,60,79,108
65,51,79,108
62,46,79,108
58,41,79,108
56,34,79,108
NaN,NaN,NaN,-2
NaN,NaN,NaN,0
NaN,NaN,NaN,0
NaN,NaN,NaN,0
NaN,NaN,NaN,0
NaN,NaN,NaN,-1
124,128,79,108
123,127,79,108
123,127,79,108
124,127,79,108
124,128,79,108
123,128,79,108
124,129,79,108
124,127,79,108
123,128,79,108
123,129,79,108
123,129,79,108
124,129,79,108
124,129,79,108
124,129,79,108
123,130,79,108
123,130,79,108
123,130,79,108
123,130,79,108
123,130,79,108
123,131,79,108
123,131,79,108
123,131,79,108
123,131,79,108
123,131,79,108
123,131,79,108
123,131,79,108
120,129,79,108
120,130,79,108
120,130,79,108
120,130,79,108
120,130,79,108
120,130,79,108
120,129,79,108
120,129,79,108
119,129,79,108
118,129,79,108
118,128,79,108
118,126,79,108
117,124,79,108
114,123,79,108
112,126,79,108
110,128,79,108
113,126,79,108
112,127,79,108
113,127,79,108
114,127,79,108
113,126,79,108
114,126,79,108
113,125,79,108
114,125,79,108
114,125,79,108
111,125,79,108
113,124,79,108
114,124,79,108
111,122,79,108
113,124,79,108
112,123,79,108
114,123,79,108
112,123,79,108
112,123,79,108
110,123,79,108
111,123,79,108
110,122,79,108
112,123,79,108
111,122,79,108
111,123,79,108
111,123,79,108
111,124,79,108
111,123,79,108
111,123,79,108
111,124,79,108
113,123,79,108
112,124,79,108
112,123,79,108
110,124,79,108
111,125,79,108
110,125,79,108
110,125,79,108
110,126,79,108
109,126,79,108
108,127,79,108
108,128,79,108
108,128,79,108
109,130,79,108
109,132,79,108
109,132,79,108
110,133,79,108
109,132,79,108
109,133,79,108
109,132,79,108
109,134,79,108
109,132,79,108
108,131,79,108
107,133,79,108
109,135,79,108
109,134,79,108
110,135,79,108
109,135,79,108
109,135,79,108
109,136,79,108
109,136,79,108
110,135,79,108
110,136,79,108
109,136,79,108
110,137,79,108
110,136,79,108
110,136,79,108
109,136,79,108
109,136,79,108
109,136,79,108
109,136,79,108
108,138,79,108
107,139,79,108
108,140,79,108
108,140,79,108
108,144,79,108
107,144,79,108
107,144,79,108
109,144,79,108
109,145,79,108
107,140,79,108
108,138,79,108
108,138,79,108
108,135,79,108
108,131,79,108
109,127,79,108
109,124,79,108
108,122,79,108
109,120,79,108
110,115,79,108
110,111,79,108
111,106,79,108
111,104,79,108
109,103,79,108
112,103,79,108
112,102,79,108
112,102,79,108
111,102,79,108
111,103,79,108
112,102,79,108
111,103,79,108
111,103,79,108
111,104,79,108
111,105,79,108
113,106,79,108
115,106,79,108
114,108,79,108
115,108,79,108
116,109,79,108
117,109,79,108
118,110,79,108
118,111,79,108
118,111,79,108
119,112,79,108
119,114,79,108
119,114,79,108
118,116,79,108
118,117,79,108
118,117,79,108
119,118,79,108
118,119,79,108
117,120,79,108
117,121,79,108
117,122,79,108
117,123,79,108
117,123,79,108
118,123,79,108
118,123,79,108
118,124,79,108
118,124,79,108
118,124,79,108
117,125,79,108
117,125,79,108
117,125,79,108
116,124,79,108
114,125,79,108
115,126,79,108
116,127,79,108
114,127,79,108
114,126,79,108
114,128,79,108
114,128,79,108
112,128,79,108
111,128,79,108
111,129,79,108
110,129,79,108
110,129,79,108
110,130,79,108
109,130,79,108
108,130,79,108
107,129,79,108
106,129,79,108
106,131,79,108
107,132,79,108
107,130,79,108
106,132,79,108
105,132,79,108
106,132,79,108
105,132,79,108
105,132,79,108
105,132,79,108
105,132,79,108
105,131,79,108
106,132,79,108
105,133,79,108
105,133,79,108
105,132,79,108
106,133,79,108
105,133,79,108
104,132,79,108
104,132,79,108
106,132,79,108
105,132,79,108
105,131,79,108
104,132,79,108
105,132,79,108
105,133,79,108
105,132,79,108
105,132,79,108
105,133,79,108
104,132,79,108
103,132,79,108
106,129,79,108
107,130,79,108
105,129,79,108
107,128,79,108
108,127,79,108
108,126,79,108
106,126,79,108
106,125,79,108
105,125,79,108
104,125,79,108
103,125,79,108
102,124,79,108
102,126,79,108
102,125,79,108
100,125,79,108
99,125,79,108
99,125,79,108
99,124,79,108
97,125,79,108
96,125,79,108
96,126,79,108
94,126,79,108
91,126,79,108
91,127,79,108
85,128,79,108
84,128,79,108
82,128,79,108
81,128,79,108
79,129,79,108
79,129,79,108
76,129,79,108
77,126,79,108
77,127,79,108
79,127,79,108
81,127,79,108
81,128,79,108
81,129,79,108
81,128,79,108
81,129,79,108
81,130,79,108
81,129,79,108
80,129,79,108
80,130,79,108
80,129,79,108
80,129,79,108
81,129,79,108
81,128,79,108
83,128,79,108
81,128,79,108
83,129,79,108
84,128,79,108
85,130,79,108
88,129,79,108
89,129,79,108
89,129,79,108
90,129,79,108
90,128,79,108
91,128,79,108
92,129,79,108
92,129,79,108
93,128,79,108
94,127,79,108
94,125,79,108
95,125,79,108
95,124,79,108
96,123,79,108
96,122,79,108
97,122,79,108
97,121,79,108
97,122,79,108
97,122,79,108
98,121,79,108
98,121,79,108
98,121,79,108
97,120,79,108
97,119,79,108
97,120,79,108
98,121,79,108
100,119,79,108
98,120,79,108
99,119,79,108
97,119,79,108
97,118,79,108
99,120,79,108
99,121,79,108
101,120,79,108
101,120,79,108
103,120,79,108
103,119,79,108
103,121,79,108
102,120,79,108
102,119,79,108
103,119,79,108
103,119,79,108
101,121,79,108
