NaN,NaN,NaN,-1
129,116,77,97
129,115,77,97
129,115,77,97
129,115,77,97
129,115,77,97
129,115,77,97
130,115,77,97
130,115,77,97
129,116,77,97
128,116,77,97
128,117,77,97
126,117,77,97
125,118,77,97
124,119,77,97
120,120,77,97
119,121,77,97
115,123,77,97
113,124,77,97
109,125,77,97
106,124,77,97
104,123,77,97
104,123,77,97
102,123,77,97
101,121,77,97
99,121,77,97
102,120,77,97
101,119,77,97
101,119,77,97
100,118,77,97
102,116,77,97
101,115,77,97
101,115,77,97
101,115,77,97
102,115,77,97
103,115,77,97
102,117,77,97
103,115,77,97
105,116,77,97
106,115,77,97
107,115,77,97
109,114,77,97
111,115,77,97
112,114,77,97
115,114,77,97
116,114,77,97
119,114,77,97
118,114,77,97
128,115,77,97
127,115,77,97
129,116,77,97
132,117,77,97
131,117,77,97
131,118,77,97
133,120,77,97
133,122,77,97
133,124,77,97
135,125,77,97
134,128,77,97
129,133,77,97
129,136,77,97
136,132,77,97
138,130,77,97
141,129,77,97
143,128,77,97
144,129,77,97
144,128,77,97
145,130,77,97
145,130,77,97
146,128,77,97
147,128,77,97
146,128,77,97
147,126,77,97
147,125,77,97
148,126,77,97
148,125,77,97
148,124,77,97
147,125,77,97
146,125,77,97
145,127,77,97
144,126,77,97
141,125,77,97
141,126,77,97
141,125,77,97
140,124,77,97
139,125,77,97
73,65,77,97
71,57,77,97
68,50,77,97
60,39,77,97
59,36,77,97
NaN,NaN,NaN,-2
NaN,NaN,NaN,0
NaN,NaN,NaN,0
NaN,NaN,NaN,0
NaN,NaN,NaN,0
NaN,NaN,NaN,-1
128,125,77,97
128,125,77,97
127,125,77,97
125,124,77,97
126,125,77,97
126,126,77,97
125,125,77,97
125,125,77,97
125,124,77,97
125,125,77,97
125,125,77,97
125,125,77,97
125,126,77,97
125,126,77,97
125,125,77,97
125,127,77,97
125,127,77,97
125,127,77,97
124,127,77,97
125,127,77,97
124,127,77,97
124,127,77,97
124,128,77,97
124,128,77,97
124,127,77,97
124,127,77,97
124,127,77,97
124,127,77,97
124,127,77,97
124,126,77,97
124,127,77,97
124,127,77,97
125,128,77,97
124,127,77,97
124,127,77,97
124,126,77,97
124,126,77,97
124,125,77,97
124,127,77,97
125,127,77,97
116,123,77,97
114,125,77,97
114,126,77,97
114,129,77,97
115,128,77,97
115,129,77,97
117,126,77,97
118,130,77,97
118,125,77,97
116,126,77,97
116,126,77,97
116,126,77,97
116,126,77,97
115,125,77,97
116,125,77,97
117,124,77,97
115,124,77,97
116,124,77,97
117,122,77,97
115,123,77,97
116,122,77,97
115,123,77,97
114,122,77,97
114,122,77,97
115,122,77,97
115,121,77,97
115,122,77,97
115,123,77,97
115,122,77,97
115,123,77,97
115,123,77,97
115,123,77,97
116,122,77,97
116,123,77,97
116,123,77,97
115,124,77,97
115,124,77,97
115,123,77,97
114,125,77,97
115,125,77,97
114,127,77,97
113,128,77,97
113,128,77,97
112,129,77,97
113,131,77,97
113,132,77,97
113,131,77,97
113,133,77,97
113,134,77,97
113,133,77,97
113,132,77,97
113,132,77,97
114,132,77,97
114,133,77,97
114,134,77,97
114,134,77,97
114,133,77,97
114,134,77,97
115,134,77,97
115,135,77,97
115,135,77,97
115,134,77,97
115,135,77,97
115,136,77,97
115,135,77,97
115,135,77,97
115,135,77,97
115,135,77,97
115,133,77,97
115,135,77,97
114,135,77,97
114,136,77,97
113,137,77,97
112,138,77,97
113,139,77,97
114,141,77,97
113,142,77,97
114,143,77,97
113,143,77,97
114,142,77,97
113,142,77,97
112,139,77,97
112,140,77,97
112,138,77,97
112,136,77,97
113,131,77,97
114,127,77,97
114,126,77,97
115,122,77,97
113,118,77,97
114,119,77,97
116,108,77,97
116,105,77,97
116,104,77,97
116,102,77,97
116,101,77,97
116,102,77,97
115,103,77,97
114,102,77,97
115,102,77,97
116,102,77,97
116,102,77,97
116,103,77,97
115,104,77,97
116,104,77,97
117,105,77,97
118,105,77,97
118,106,77,97
119,107,77,97
120,108,77,97
120,108,77,97
120,109,77,97
121,110,77,97
121,111,77,97
121,110,77,97
121,114,77,97
125,115,77,97
124,115,77,97
125,116,77,97
125,116,77,97
124,117,77,97
125,118,77,97
121,119,77,97
121,120,77,97
121,121,77,97
120,122,77,97
121,122,77,97
120,122,77,97
121,123,77,97
121,124,77,97
121,124,77,97
121,124,77,97
120,124,77,97
120,124,77,97
120,124,77,97
120,124,77,97
117,125,77,97
119,125,77,97
118,125,77,97
118,126,77,97
117,125,77,97
116,126,77,97
114,128,77,97
114,128,77,97
114,127,77,97
114,128,77,97
112,129,77,97
113,128,77,97
112,128,77,97
111,129,77,97
110,129,77,97
110,129,77,97
109,128,77,97
109,128,77,97
110,128,77,97
109,130,77,97
109,130,77,97
108,130,77,97
108,130,77,97
108,130,77,97
107,130,77,97
108,130,77,97
107,130,77,97
107,131,77,97
108,131,77,97
108,131,77,97
107,132,77,97
107,131,77,97
107,132,77,97
107,132,77,97
107,131,77,97
107,131,77,97
107,130,77,97
106,129,77,97
107,129,77,97
107,130,77,97
107,131,77,97
107,131,77,97
108,130,77,97
107,130,77,97
108,129,77,97
106,133,77,97
106,132,77,97
107,132,77,97
110,129,77,97
110,127,77,97
110,127,77,97
110,126,77,97
110,125,77,97
108,125,77,97
108,125,77,97
108,124,77,97
108,124,77,97
107,125,77,97
106,124,77,97
105,125,77,97
105,125,77,97
104,125,77,97
104,124,77,97
103,123,77,97
102,123,77,97
101,123,77,97
100,123,77,97
98,125,77,97
97,125,77,97
95,125,77,97
93,126,77,97
92,127,77,97
90,127,77,97
85,127,77,97
84,127,77,97
83,126,77,97
81,126,77,97
79,129,77,97
79,127,77,97
80,126,77,97
80,124,77,97
82,125,77,97
82,127,77,97
83,129,77,97
83,129,77,97
83,130,77,97
82,128,77,97
82,128,77,97
82,128,77,97
82,127,77,97
82,127,77,97
82,126,77,97
82,127,77,97
82,127,77,97
84,127,77,97
85,127,77,97
84,126,77,97
85,126,77,97
86,127,77,97
90,128,77,97
90,128,77,97
90,126,77,97
91,127,77,97
92,125,77,97
92,126,77,97
93,126,77,97
94,126,77,97
94,125,77,97
95,125,77,97
95,124,77,97
95,123,77,97
95,122,77,97
96,120,77,97
96,120,77,97
98,122,77,97
98,120,77,97
98,120,77,97
98,119,77,97
99,119,77,97
99,119,77,97
99,119,77,97
99,119,77,97
99,121,77,97
100,121,77,97
100,120,77,97
100,119,77,97
100,120,77,97
100,120,77,97
99,120,77,97
99,119,77,97
101,118,77,97
101,121,77,97
103,120,77,97
104,118,77,97
104,117,77,97
106,119,77,97
107,120,77,97
107,119,77,97
105,118,77,97
105,118,77,97
105,119,77,97
104,119,77,97
