NaN,NaN,NaN,-1
252,162,53,36
250,161,55,37
250,162,54,36
251,162,53,36
251,162,54,36
251,162,54,36
251,162,54,36
251,162,53,36
251,162,54,36
250,162,55,36
251,162,54,35
251,162,53,36
250,162,54,36
251,162,54,36
250,162,54,36
250,161,54,36
250,162,53,36
250,161,54,36
249,162,54,36
249,161,54,36
249,162,53,36
250,162,54,36
249,162,54,36
249,162,54,36
249,162,54,35
248,162,55,36
250,161,54,36
248,161,54,36
249,161,54,36
249,161,53,36
249,161,54,36
248,161,54,36
249,161,54,35
248,161,54,36
248,161,54,36
248,161,54,36
248,161,55,36
248,161,55,36
248,161,55,36
248,161,55,36
248,161,54,35
248,161,54,35
248,161,54,35
247,161,55,36
247,161,55,35
247,161,54,35
248,161,54,35
248,161,54,35
247,161,55,36
248,161,55,36
246,161,56,36
247,161,55,36
247,161,54,35
247,161,54,36
247,161,55,35
247,161,54,35
247,161,55,36
247,161,55,36
247,161,54,35
247,161,55,36
246,161,55,35
246,161,55,35
247,161,55,36
246,161,56,36
247,161,56,35
247,161,54,35
246,161,55,35
246,161,55,36
246,161,55,36
246,161,55,36
246,161,54,35
245,161,56,36
246,161,55,36
246,161,55,35
246,160,55,36
246,161,56,36
246,161,55,36
246,160,55,35
245,160,54,36
246,161,54,35
245,161,54,35
245,160,55,36
245,160,55,36
245,160,55,36
245,160,56,36
244,160,56,35
245,160,56,36
244,160,56,36
245,160,56,36
244,160,56,36
245,160,56,36
244,160,56,36
244,160,54,35
244,160,57,36
244,160,56,36
245,160,56,36
244,160,56,36
244,160,56,36
243,160,57,36
244,160,57,36
244,160,56,36
244,160,55,36
244,160,56,36
244,160,55,36
244,160,56,36
244,160,56,36
244,160,56,36
244,160,56,36
244,160,56,36
244,160,56,37
244,159,57,37
244,159,57,37
244,159,56,37
244,159,57,37
244,159,56,37
244,159,57,37
243,159,58,37
243,159,57,37
244,159,57,37
244,159,57,37
243,159,57,37
243,159,58,37
243,159,57,37
243,159,57,37
243,159,57,37
244,159,57,37
244,159,57,37
243,159,58,38
244,159,57,38
243,159,57,37
243,159,57,37
243,159,57,37
243,159,57,37
243,159,57,37
243,159,57,37
243,159,57,37
243,159,57,37
243,159,57,37
243,159,58,37
243,159,58,37
243,159,58,37
243,159,58,37
243,159,58,37
243,159,58,37
243,159,58,37
243,159,57,37
243,159,58,38
243,159,58,37
243,159,58,37
243,159,58,37
243,159,58,37
243,159,58,37
243,159,58,37
243,159,58,37
243,159,58,38
243,159,58,37
243,159,58,38
243,159,58,38
243,159,58,38
243,159,58,38
242,159,58,38
243,159,58,38
243,159,58,38
243,159,58,38
243,159,59,38
242,159,59,38
242,159,60,38
243,159,59,38
242,159,59,38
242,159,59,38
242,159,59,38
242,159,59,38
242,159,59,38
242,159,59,39
242,159,59,38
242,159,60,39
242,159,59,38
242,159,60,37
241,159,61,39
242,159,59,39
241,159,60,39
242,159,59,38
241,159,60,39
241,159,60,39
241,159,59,38
241,159,60,38
240,159,61,39
240,159,61,39
241,159,60,39
240,159,61,38
241,159,59,39
241,159,59,38
240,159,61,38
238,159,63,39
238,159,65,38
235,159,66,40
238,159,62,38
239,158,62,39
238,158,63,38
237,158,64,39
237,158,64,39
235,158,65,39
234,159,66,40
235,158,65,40
233,158,67,40
234,158,68,40
233,158,69,41
233,158,68,40
233,158,67,40
232,158,68,40
230,158,70,41
228,158,73,42
225,158,77,43
223,158,80,44
222,158,82,44
219,158,85,45
217,158,87,45
216,158,89,45
215,158,91,45
213,158,94,45
212,158,95,45
211,158,97,45
209,158,100,45
207,158,103,45
206,158,104,45
205,158,106,46
203,158,111,46
203,158,114,47
201,158,118,49
199,158,120,49
199,158,120,49
200,158,119,50
197,158,122,51
197,158,122,51
197,157,122,52
197,157,122,52
197,157,122,52
196,156,123,54
195,156,124,54
193,156,126,55
192,156,127,55
191,155,128,56
190,155,129,57
189,155,130,57
188,155,131,58
188,154,131,58
187,154,132,59
186,154,133,59
183,154,136,59
182,154,137,59
181,154,138,59
180,154,139,59
179,154,140,60
179,154,140,60
177,153,142,61
176,153,143,61
176,153,143,62
175,153,144,63
174,153,145,64
174,153,145,65
148,155,68,25
146,155,70,25
146,155,32,24
154,154,29,16
145,156,59,26
144,156,61,26
144,154,56,19
143,156,62,21
137,156,67,26
143,157,52,24
141,157,53,24
140,156,59,21
178,156,20,20
176,156,20,18
135,155,60,20
173,156,20,18
159,154,33,25
132,155,58,19
167,155,21,18
147,151,30,28
128,150,57,25
164,156,20,18
164,156,19,18
160,154,20,18
123,150,56,22
156,155,22,18
112,148,64,24
110,148,66,24
112,152,61,26
110,152,63,26
107,152,65,25
109,150,59,21
105,151,62,26
108,150,57,19
131,151,32,23
109,147,53,29
106,149,55,22
104,150,55,23
102,147,55,21
103,149,53,23
132,148,22,21
93,148,51,24
97,147,54,20
91,147,58,24
102,146,46,25
88,147,58,19
86,147,58,25
84,147,60,25
84,147,57,22
82,144,58,27
81,144,57,24
79,144,59,24
87,143,48,27
77,143,56,21
74,143,59,21
81,144,49,24
106,145,22,17
104,143,22,25
70,144,55,24
101,145,22,22
76,142,45,24
66,141,50,25
64,141,54,24
63,141,54,24
93,142,22,17
60,141,53,19
59,140,52,24
76,141,34,18
73,140,35,24
63,140,44,24
84,139,17,24
82,139,13,15
81,141,21,20
79,141,21,15
78,138,21,18
55,137,42,24
53,137,44,24
45,140,37,15
43,140,39,15
42,137,47,23
41,137,48,23
38,137,52,24
35,137,54,24
34,137,56,24
63,138,19,21
NaN,NaN,NaN,-2
NaN,NaN,NaN,0
NaN,NaN,NaN,0
NaN,NaN,NaN,0
NaN,NaN,NaN,0
NaN,NaN,NaN,-1
27,134,41,17
NaN,NaN,NaN,-2
NaN,NaN,NaN,0
NaN,NaN,NaN,0
NaN,NaN,NaN,0
NaN,NaN,NaN,0
NaN,NaN,NaN,-1
19,133,37,16
NaN,NaN,NaN,-2
NaN,NaN,NaN,0
NaN,NaN,NaN,0
NaN,NaN,NaN,0
NaN,NaN,NaN,0
NaN,NaN,NaN,-1
NaN,NaN,NaN,-2
NaN,NaN,NaN,0
NaN,NaN,NaN,0
NaN,NaN,NaN,0
NaN,NaN,NaN,0
NaN,NaN,NaN,-1
1,135,64,20
1,134,70,23
