NaN,NaN,NaN,-1
254,164,56,38
254,164,55,39
253,164,57,39
251,164,57,40
253,164,56,39
253,164,57,38
253,164,57,39
253,164,56,39
253,164,57,39
252,163,59,39
252,163,57,39
252,164,56,39
251,164,58,39
252,164,58,38
252,164,57,39
252,163,56,40
251,164,56,40
252,163,58,39
250,163,57,39
251,163,57,39
251,164,56,38
252,164,57,39
252,163,55,39
251,163,57,39
251,164,57,38
250,164,55,39
252,163,58,39
250,163,57,39
250,163,57,39
251,163,56,38
250,163,57,39
250,163,57,39
251,163,57,38
250,163,58,39
250,163,57,39
249,163,60,38
250,163,58,39
249,163,58,39
249,163,58,40
249,163,58,39
250,163,58,38
250,163,57,38
250,161,58,40
248,163,58,39
250,163,59,38
249,163,58,38
249,163,57,38
249,163,57,38
249,163,58,39
249,163,58,40
249,163,57,38
249,163,58,40
249,163,58,38
249,163,58,39
249,163,58,38
249,163,57,39
249,163,58,39
249,163,58,39
249,163,57,38
248,163,58,39
248,163,58,38
248,163,58,39
248,163,58,39
247,163,60,40
248,163,60,39
248,163,57,38
248,163,58,38
248,163,58,39
248,163,59,39
248,163,58,39
248,163,57,38
247,163,60,39
248,163,58,39
248,163,58,38
248,162,59,39
247,162,59,39
248,163,58,38
247,163,59,39
247,162,58,39
247,162,59,39
247,162,57,38
247,162,58,39
247,162,58,39
247,162,58,39
246,162,59,39
246,162,59,38
246,162,59,39
246,162,60,39
246,162,59,39
246,162,60,39
246,162,59,39
246,162,59,39
246,162,57,38
246,162,60,39
246,162,60,39
246,162,58,39
246,162,59,39
246,162,59,38
245,162,60,39
246,161,60,39
246,162,59,38
246,162,58,39
246,162,60,39
246,162,58,39
246,162,59,39
246,161,59,39
246,162,59,39
246,162,59,38
246,162,59,39
245,161,60,40
245,161,60,40
245,161,60,40
245,161,59,40
245,161,61,40
245,161,60,41
245,161,60,41
244,161,61,41
245,161,60,41
245,161,60,41
245,161,60,40
245,161,61,40
245,161,61,40
245,161,61,40
245,161,60,40
245,161,60,40
245,161,60,40
245,161,60,40
245,161,61,41
245,161,61,40
245,161,61,40
245,161,61,40
245,161,60,40
245,161,60,40
245,161,60,40
245,161,60,40
245,161,61,40
245,161,61,40
245,161,61,40
245,161,62,40
245,161,62,40
245,161,61,40
245,161,62,40
245,161,61,40
245,161,61,40
245,161,61,40
245,161,61,40
244,161,62,40
245,161,61,40
245,161,61,40
245,161,62,40
244,161,61,40
245,161,61,40
245,161,62,40
245,161,61,40
245,161,62,41
244,161,62,40
244,161,62,41
244,161,62,41
244,161,62,41
244,161,62,41
244,161,62,41
244,161,62,41
244,161,62,41
244,161,62,41
244,160,63,41
244,161,64,41
243,161,64,42
244,161,63,41
244,160,63,41
244,161,62,41
244,161,62,41
244,161,62,41
244,161,63,41
244,161,63,42
244,161,63,41
243,161,64,42
243,161,63,40
243,161,63,40
242,161,65,42
243,160,63,42
243,160,64,42
243,161,62,41
242,160,65,42
243,160,64,42
243,160,64,42
242,161,63,41
242,161,64,42
241,161,65,42
242,160,64,41
241,160,66,42
242,161,64,42
242,160,63,42
241,160,65,41
238,160,69,43
239,160,68,43
237,160,77,47
240,160,66,42
240,160,66,41
239,160,67,41
238,160,68,42
238,160,68,42
237,160,70,42
237,160,70,42
236,160,71,43
234,160,73,44
234,160,74,44
233,160,75,44
234,160,73,44
233,160,74,44
232,160,75,44
230,160,78,45
227,160,82,47
226,160,84,47
224,160,88,48
223,160,89,48
221,160,92,48
220,160,94,48
218,160,98,49
216,160,101,49
214,160,103,49
211,160,108,49
209,160,110,49
208,160,111,50
206,160,113,51
206,160,113,51
206,160,113,51
204,160,115,51
203,160,116,52
202,159,117,53
200,159,119,53
200,159,119,53
200,159,119,54
198,159,121,54
198,159,121,54
197,159,122,55
195,159,124,55
194,158,125,55
193,158,126,56
191,158,128,56
190,158,129,57
189,158,130,58
187,158,132,58
187,158,132,60
186,157,133,60
185,157,134,61
185,157,134,62
184,157,135,62
183,157,136,63
181,157,138,63
180,156,139,64
178,156,141,64
177,156,142,64
176,156,143,65
175,156,144,66
174,156,145,67
173,155,146,67
172,155,147,67
171,155,148,69
171,155,148,70
170,155,149,70
148,155,68,25
146,155,70,25
146,155,32,24
154,154,29,16
145,156,59,26
144,156,61,26
144,154,56,19
143,156,62,21
137,156,67,26
143,157,52,24
141,157,53,24
140,156,59,21
178,156,20,20
176,156,20,18
135,155,60,20
173,156,20,18
159,154,33,25
132,155,58,19
167,155,21,18
147,151,30,28
128,150,57,25
164,156,20,18
164,156,19,18
160,154,20,18
123,150,56,22
156,155,22,18
112,148,64,24
110,148,66,24
112,152,61,26
110,152,63,26
107,152,65,25
109,150,59,21
105,151,62,26
108,150,57,19
131,151,32,23
109,147,53,29
106,149,55,22
104,150,55,23
102,147,55,21
103,149,53,23
132,148,22,21
93,148,51,24
97,147,54,20
91,147,58,24
102,146,46,25
88,147,58,19
86,147,58,25
84,147,60,25
84,147,57,22
82,144,58,27
81,144,57,24
79,144,59,24
87,143,48,27
77,143,56,21
74,143,59,21
81,144,49,24
106,145,22,17
104,143,22,25
70,144,55,24
101,145,22,22
76,142,45,24
66,141,50,25
64,141,54,24
63,141,54,24
93,142,22,17
60,141,53,19
59,140,52,24
76,141,34,18
73,140,35,24
63,140,44,24
84,139,17,24
82,139,13,15
81,141,21,20
79,141,21,15
78,138,21,18
55,137,42,24
53,137,44,24
45,140,37,15
43,140,39,15
42,137,47,23
41,137,48,23
38,137,52,24
35,137,54,24
34,137,56,24
63,138,19,21
NaN,NaN,NaN,-2
NaN,NaN,NaN,0
NaN,NaN,NaN,0
NaN,NaN,NaN,0
NaN,NaN,NaN,0
NaN,NaN,NaN,-1
27,134,41,17
NaN,NaN,NaN,-2
NaN,NaN,NaN,0
NaN,NaN,NaN,0
NaN,NaN,NaN,0
NaN,NaN,NaN,0
NaN,NaN,NaN,-1
19,133,37,16
NaN,NaN,NaN,-2
NaN,NaN,NaN,0
NaN,NaN,NaN,0
NaN,NaN,NaN,0
NaN,NaN,NaN,0
NaN,NaN,NaN,-1
NaN,NaN,NaN,-2
NaN,NaN,NaN,0
NaN,NaN,NaN,0
NaN,NaN,NaN,0
NaN,NaN,NaN,0
NaN,NaN,NaN,-1
NaN,NaN,NaN,-2
NaN,NaN,NaN,0
