NaN,NaN,NaN,-1
258,162,61,37
256,161,63,38
256,162,61,37
257,162,61,37
257,162,61,37
257,162,60,37
257,161,62,38
257,160,62,40
256,162,62,37
256,161,63,37
256,161,63,37
256,162,61,37
255,162,62,37
256,162,62,37
256,162,63,37
256,161,62,37
256,162,61,37
256,161,63,37
255,162,61,37
255,162,61,37
255,161,63,37
256,162,62,37
255,162,61,37
255,161,63,38
255,162,62,37
254,162,64,37
255,161,64,37
254,161,62,37
255,161,62,37
255,161,62,36
254,161,62,37
253,160,64,39
255,161,62,36
254,161,63,37
254,161,62,37
254,161,61,36
254,161,64,37
254,161,63,37
254,161,62,37
254,161,63,37
254,160,65,39
254,161,63,37
254,161,62,37
253,161,63,37
254,161,63,36
253,161,62,37
253,161,62,37
254,160,62,37
253,161,63,37
254,161,64,37
253,161,63,36
253,161,62,36
253,161,63,36
253,161,63,37
253,161,63,37
253,161,63,37
253,161,64,37
253,161,63,36
252,161,64,37
253,160,63,37
252,161,63,36
252,161,62,37
252,161,64,37
252,161,65,37
252,161,63,36
252,161,63,37
252,161,63,37
252,161,64,38
252,161,64,37
252,161,63,37
252,161,62,36
251,161,63,37
252,160,63,37
252,161,63,37
252,161,64,37
252,160,63,37
252,161,64,37
251,160,64,37
251,160,63,37
252,160,63,37
251,160,62,36
251,160,64,37
251,160,63,37
251,160,64,37
250,160,65,38
250,160,64,37
251,160,65,37
250,160,64,37
251,160,64,37
250,160,65,38
249,160,67,39
250,160,65,38
250,160,62,36
250,160,65,38
250,160,65,38
250,160,66,38
251,160,64,38
250,160,64,37
249,160,65,38
250,160,66,38
250,160,65,37
250,160,63,37
250,160,65,38
250,160,65,38
250,160,65,38
249,159,67,40
250,160,65,37
250,160,64,37
250,160,65,38
250,159,65,38
250,159,65,38
250,159,66,38
249,159,65,38
250,159,67,39
249,159,65,38
250,159,66,38
249,159,67,39
249,159,65,39
249,159,66,39
249,159,66,38
249,159,66,38
249,159,66,38
249,159,66,39
249,159,66,38
249,159,66,38
249,159,66,39
249,159,66,39
249,158,67,40
249,159,67,40
249,159,67,39
249,159,66,39
249,159,66,38
249,159,66,38
249,159,66,38
249,159,66,38
249,159,66,39
249,159,66,38
249,159,66,38
249,159,67,38
249,159,67,38
249,159,66,38
249,159,67,38
249,159,66,38
249,159,67,38
249,159,67,38
249,159,66,38
249,159,67,38
249,159,66,38
249,159,66,38
249,159,67,38
249,159,67,38
249,159,66,38
249,159,67,38
249,159,67,38
249,159,67,39
249,159,66,38
249,159,67,39
249,159,67,38
248,159,68,39
248,159,68,39
248,159,68,39
248,159,67,39
248,159,67,39
248,159,68,39
248,158,68,39
248,159,68,39
248,159,69,40
248,159,68,39
248,158,69,40
248,159,68,39
248,159,68,39
248,159,68,39
248,159,68,40
247,159,69,40
248,159,68,40
247,159,69,40
248,159,69,39
247,159,69,39
247,159,70,40
247,159,69,40
247,158,70,40
247,159,68,40
247,158,70,41
247,158,69,40
246,158,69,40
247,159,68,40
246,158,71,41
246,159,69,39
247,159,71,41
246,159,69,40
246,159,70,40
246,159,69,40
245,158,70,40
243,158,73,41
244,158,74,41
244,158,71,40
244,158,71,40
244,158,72,40
243,158,72,40
243,158,76,42
243,158,72,40
242,158,74,40
242,158,74,41
241,158,76,41
239,158,78,42
239,158,78,42
238,158,80,43
239,158,78,42
239,158,78,43
238,157,81,43
234,157,85,45
232,157,87,46
230,157,89,48
227,157,92,49
226,157,93,50
224,157,95,50
223,157,96,50
222,157,97,50
220,157,99,51
217,157,102,53
217,157,102,53
215,157,104,53
213,157,106,53
211,157,108,53
212,157,107,53
210,157,109,53
209,157,110,54
207,157,112,54
205,157,114,54
204,156,115,56
204,157,115,55
187,157,39,28
187,157,38,28
209,154,45,20
203,154,50,19
221,154,31,21
219,154,33,21
237,157,12,19
238,159,10,17
216,157,31,17
215,157,32,17
212,157,34,18
210,157,36,18
169,157,35,26
167,158,35,25
166,158,35,26
166,157,35,27
163,157,36,26
170,158,28,24
168,157,27,24
178,156,20,15
165,155,30,27
163,156,30,25
161,156,65,26
160,155,68,27
153,157,33,18
165,155,18,16
148,155,36,22
153,155,32,24
158,155,59,23
148,155,68,25
146,155,70,25
146,155,32,24
154,154,29,16
145,156,59,26
144,156,61,26
144,154,56,19
143,156,62,21
137,156,67,26
143,157,52,24
141,157,53,24
140,156,59,21
178,156,20,20
176,156,20,18
135,155,60,20
173,156,20,18
159,154,33,25
132,155,58,19
167,155,21,18
147,151,30,28
128,150,57,25
164,156,20,18
164,156,19,18
160,154,20,18
123,150,56,22
156,155,22,18
112,148,64,24
110,148,66,24
112,152,61,26
110,152,63,26
107,152,65,25
109,150,59,21
105,151,62,26
108,150,57,19
131,151,32,23
109,147,53,29
106,149,55,22
104,150,55,23
102,147,55,21
103,149,53,23
132,148,22,21
93,148,51,24
97,147,54,20
91,147,58,24
102,146,46,25
88,147,58,19
86,147,58,25
84,147,60,25
84,147,57,22
82,144,58,27
81,144,57,24
79,144,59,24
87,143,48,27
77,143,56,21
NaN,NaN,NaN,-2
NaN,NaN,NaN,0
NaN,NaN,NaN,0
NaN,NaN,NaN,0
NaN,NaN,NaN,0
NaN,NaN,NaN,-1
67,141,54,25
66,141,54,25
64,141,54,24
63,141,54,24
93,142,22,17
60,141,53,19
59,140,52,24
76,141,34,18
73,140,35,24
63,140,44,24
84,139,17,24
82,139,13,15
81,141,21,20
79,141,21,15
78,138,21,18
55,137,42,24
NaN,NaN,NaN,-2
NaN,NaN,NaN,0
NaN,NaN,NaN,0
NaN,NaN,NaN,0
NaN,NaN,NaN,0
NaN,NaN,NaN,-1
38,136,44,21
37,138,36,15
63,138,19,21
NaN,NaN,NaN,-2
NaN,NaN,NaN,0
NaN,NaN,NaN,0
NaN,NaN,NaN,0
NaN,NaN,NaN,0
NaN,NaN,NaN,-1
27,134,41,17
NaN,NaN,NaN,-2
NaN,NaN,NaN,0
NaN,NaN,NaN,0
NaN,NaN,NaN,0
NaN,NaN,NaN,0
NaN,NaN,NaN,-1
19,133,37,16
NaN,NaN,NaN,-2
NaN,NaN,NaN,0
NaN,NaN,NaN,0
NaN,NaN,NaN,0
NaN,NaN,NaN,0
NaN,NaN,NaN,-1
NaN,NaN,NaN,-2
NaN,NaN,NaN,0
NaN,NaN,NaN,0
NaN,NaN,NaN,0
NaN,NaN,NaN,0
NaN,NaN,NaN,-1
NaN,NaN,NaN,-2
NaN,NaN,NaN,0
