NaN,NaN,NaN,-1
67,73,70,270
68,63,70,270
71,72,70,270
79,65,70,270
80,66,70,270
84,64,70,270
86,69,70,270
86,60,70,270
92,62,70,270
94,62,70,270
94,63,70,270
98,62,70,270
103,68,70,270
106,70,70,270
110,65,70,270
112,70,70,270
113,64,70,270
116,67,70,270
119,71,70,270
123,74,70,270
126,64,70,270
130,68,70,270
131,72,70,270
136,67,70,270
137,67,70,270
140,63,70,270
143,66,70,270
145,58,70,270
150,61,70,270
148,63,70,270
152,72,70,270
153,67,70,270
161,70,70,270
159,68,70,270
161,69,70,270
164,67,70,270
168,64,70,270
170,65,70,270
168,68,70,270
170,72,70,270
172,68,70,270
175,67,70,270
175,64,70,270
178,68,70,270
179,60,70,270
180,67,70,270
183,64,70,270
184,61,70,270
185,58,70,270
188,56,70,270
190,65,70,270
190,63,70,270
191,63,70,270
192,60,70,270
197,60,70,270
196,67,70,270
203,59,70,270
203,60,70,270
210,61,70,270
207,62,70,270
210,61,70,270
214,64,70,270
213,59,70,270
211,60,70,270
212,59,70,270
220,60,70,270
215,58,70,270
221,59,70,270
216,57,70,270
222,57,70,270
222,58,70,270
223,51,70,270
221,52,70,270
226,53,70,270
230,49,70,270
226,52,70,270
230,49,70,270
233,44,70,270
228,50,70,270
233,48,70,270
237,45,70,270
236,42,70,270
236,40,70,270
237,40,70,270
NaN,NaN,NaN,-2
NaN,NaN,NaN,0
NaN,NaN,NaN,0
NaN,NaN,NaN,0
NaN,NaN,NaN,0
NaN,NaN,NaN,-1
254,90,55,202
255,93,55,202
257,84,55,202
260,82,55,202
259,84,55,202
262,94,55,202
261,82,55,202
263,91,55,202
265,88,55,202
265,85,55,202
267,86,55,202
269,91,55,202
270,83,55,202
272,86,55,202
273,87,55,202
270,88,55,202
268,89,55,202
272,82,55,202
272,93,55,202
275,85,55,202
274,93,55,202
274,85,55,202
275,89,55,202
277,84,55,202
277,86,55,202
278,85,55,202
279,84,55,202
280,83,55,202
279,81,55,202
281,81,55,202
281,81,55,202
283,79,55,202
284,78,55,202
281,77,55,202
283,78,55,202
285,84,55,202
285,79,55,202
283,79,55,202
285,73,55,202
287,77,55,202
301,76,55,202
301,78,55,202
287,71,55,202
293,69,55,202
290,72,55,202
292,70,55,202
292,74,55,202
292,63,55,202
295,73,55,202
295,74,55,202
295,68,55,202
295,64,55,202
297,72,55,202
296,70,55,202
298,65,55,202
299,72,55,202
300,65,55,202
300,68,55,202
302,70,55,202
302,74,55,202
304,75,55,202
306,75,55,202
306,73,55,202
305,77,55,202
306,77,55,202
308,74,55,202
308,68,55,202
307,78,55,202
310,72,55,202
309,71,55,202
311,66,55,202
312,65,55,202
313,65,55,202
311,66,55,202
314,64,55,202
313,68,55,202
313,70,55,202
314,71,55,202
315,58,55,202
314,60,55,202
316,61,55,202
317,72,55,202
317,70,55,202
317,76,55,202
318,74,55,202
315,64,55,202
318,69,55,202
320,80,55,202
321,77,55,202
322,80,55,202
322,79,55,202
321,82,55,202
318,79,55,202
322,74,55,202
322,81,55,202
323,85,55,202
325,85,55,202
327,82,55,202
328,83,55,202
328,90,55,202
330,87,55,202
330,86,55,202
329,82,55,202
331,81,55,202
329,76,55,202
329,79,55,202
328,77,55,202
328,83,55,202
330,81,55,202
331,76,55,202
332,78,55,202
333,70,55,202
332,81,55,202
333,81,55,202
336,81,55,202
334,86,55,202
334,82,55,202
327,85,55,202
330,86,55,202
336,84,55,202
336,85,55,202
336,83,55,202
337,82,55,202
336,70,55,202
338,76,55,202
339,76,55,202
339,69,55,202
337,79,55,202
340,75,55,202
341,75,55,202
339,61,55,202
341,-16,55,202
347,-36,55,202
352,-36,55,202
352,-29,55,202
343,-4,55,202
341,-5,55,202
343,-10,55,202
339,-14,55,202
341,-8,55,202
340,-7,55,202
340,-9,55,202
342,-9,55,202
344,-5,55,202
341,-3,55,202
341,3,55,202
341,-10,55,202
343,-6,55,202
341,1,55,202
342,-1,55,202
341,7,55,202
344,-11,55,202
341,-12,55,202
342,-13,55,202
341,-19,55,202
341,-24,55,202
338,-25,55,202
342,-25,55,202
339,-25,55,202
340,-24,55,202
339,-29,55,202
350,-31,55,202
336,-32,55,202
335,-36,55,202
338,-33,55,202
348,-35,55,202
349,-22,55,202
346,-15,55,202
350,-21,55,202
346,-23,55,202
340,-10,55,202
311,-13,55,202
312,-14,55,202
312,-11,55,202
315,-22,55,202
344,0,55,202
346,-10,55,202
345,-15,55,202
350,-13,55,202
346,0,55,202
345,-15,55,202
344,-4,55,202
342,-1,55,202
341,-11,55,202
NaN,NaN,NaN,-2
NaN,NaN,NaN,0
NaN,NaN,NaN,0
NaN,NaN,NaN,0
NaN,NaN,NaN,0
NaN,NaN,NaN,-1
349,111,29,97
349,112,29,97
348,111,29,97
347,111,29,97
350,111,29,97
348,111,29,97
348,111,29,97
349,112,29,97
349,110,29,97
350,111,29,97
349,110,29,97
350,111,29,97
349,113,29,97
350,112,29,97
349,110,29,97
350,113,29,97
350,110,29,97
350,112,29,97
349,112,29,97
350,112,29,97
349,112,29,97
350,112,29,97
350,115,29,97
350,112,29,97
350,113,29,97
349,112,29,97
350,111,29,97
350,113,29,97
350,112,29,97
350,112,29,97
349,112,29,97
349,113,29,97
349,113,29,97
349,114,29,97
349,114,29,97
349,114,29,97
349,111,29,97
349,110,29,97
348,113,29,97
348,112,29,97
350,113,29,97
349,110,29,97
347,112,29,97
348,112,29,97
348,112,29,97
347,111,29,97
348,114,29,97
349,111,29,97
348,113,29,97
347,112,29,97
348,109,29,97
348,111,29,97
348,110,29,97
347,110,29,97
347,109,29,97
348,107,29,97
347,110,29,97
347,105,29,97
348,105,29,97
348,110,29,97
349,108,29,97
348,106,29,97
349,106,29,97
349,106,29,97
348,107,29,97
350,107,29,97
350,107,29,97
348,106,29,97
351,106,29,97
350,107,29,97
