NaN,NaN,NaN,-1
68,72,70,270
70,65,70,270
72,64,70,270
76,61,70,270
80,65,70,270
82,62,70,270
85,63,70,270
89,63,70,270
91,68,70,270
95,66,70,270
98,60,70,270
101,61,70,270
103,64,70,270
108,61,70,270
111,64,70,270
113,78,70,270
116,69,70,270
118,66,70,270
120,67,70,270
124,63,70,270
126,63,70,270
128,58,70,270
133,70,70,270
134,71,70,270
137,74,70,270
141,65,70,270
144,59,70,270
144,65,70,270
145,66,70,270
151,74,70,270
154,73,70,270
157,68,70,270
158,69,70,270
162,66,70,270
159,68,70,270
164,66,70,270
168,60,70,270
170,69,70,270
166,70,70,270
168,61,70,270
173,71,70,270
172,62,70,270
176,66,70,270
180,61,70,270
177,68,70,270
178,59,70,270
183,70,70,270
183,58,70,270
189,59,70,270
188,62,70,270
188,63,70,270
193,60,70,270
194,66,70,270
195,56,70,270
198,60,70,270
199,61,70,270
198,61,70,270
206,60,70,270
205,61,70,270
209,65,70,270
210,63,70,270
209,61,70,270
215,56,70,270
215,57,70,270
215,61,70,270
215,56,70,270
216,59,70,270
221,58,70,270
221,56,70,270
223,57,70,270
220,55,70,270
221,45,70,270
220,49,70,270
224,48,70,270
226,51,70,270
231,43,70,270
233,49,70,270
234,52,70,270
233,50,70,270
231,42,70,270
236,47,70,270
236,47,70,270
234,41,70,270
238,40,70,270
231,40,70,270
194,33,70,270
NaN,NaN,NaN,-2
NaN,NaN,NaN,0
NaN,NaN,NaN,0
NaN,NaN,NaN,0
NaN,NaN,NaN,0
NaN,NaN,NaN,-1
254,85,54,189
258,86,54,189
259,85,54,189
260,86,54,189
260,83,54,189
259,83,54,189
262,82,54,189
263,84,54,189
264,84,54,189
267,86,54,189
263,82,54,189
267,82,54,189
266,89,54,189
270,87,54,189
271,82,54,189
272,83,54,189
272,80,54,189
271,86,54,189
274,84,54,189
274,81,54,189
274,85,54,189
275,80,54,189
276,84,54,189
278,84,54,189
280,84,54,189
280,78,54,189
280,77,54,189
279,76,54,189
282,79,54,189
282,76,54,189
282,82,54,189
284,79,54,189
284,87,54,189
285,74,54,189
286,77,54,189
285,79,54,189
286,76,54,189
287,84,54,189
287,77,54,189
288,76,54,189
289,73,54,189
290,77,54,189
291,75,54,189
293,70,54,189
293,71,54,189
293,69,54,189
295,68,54,189
295,77,54,189
295,70,54,189
295,67,54,189
298,68,54,189
299,75,54,189
300,69,54,189
301,72,54,189
302,76,54,189
302,71,54,189
302,75,54,189
304,76,54,189
305,78,54,189
305,77,54,189
307,81,54,189
306,76,54,189
308,81,54,189
309,81,54,189
309,75,54,189
310,75,54,189
312,77,54,189
311,75,54,189
310,79,54,189
311,78,54,189
311,72,54,189
313,73,54,189
312,71,54,189
313,73,54,189
314,75,54,189
313,74,54,189
314,71,54,189
317,70,54,189
317,67,54,189
317,72,54,189
318,72,54,189
318,76,54,189
318,71,54,189
320,73,54,189
320,70,54,189
320,69,54,189
322,73,54,189
322,68,54,189
322,69,54,189
323,70,54,189
324,76,54,189
325,67,54,189
324,70,54,189
326,69,54,189
328,65,54,189
328,74,54,189
328,73,54,189
328,70,54,189
328,65,54,189
329,73,54,189
330,68,54,189
331,79,54,189
333,66,54,189
333,72,54,189
332,60,54,189
333,66,54,189
334,62,54,189
334,66,54,189
335,72,54,189
335,68,54,189
335,68,54,189
336,70,54,189
337,72,54,189
336,75,54,189
336,73,54,189
339,74,54,189
337,81,54,189
339,79,54,189
340,72,54,189
339,72,54,189
337,83,54,189
338,62,54,189
341,70,54,189
340,73,54,189
340,82,54,189
338,72,54,189
337,85,54,189
338,83,54,189
338,82,54,189
341,78,54,189
340,76,54,189
340,76,54,189
343,61,54,189
342,71,54,189
342,68,54,189
340,69,54,189
340,62,54,189
338,84,54,189
340,86,54,189
341,67,54,189
338,33,54,189
343,58,54,189
342,50,54,189
342,57,54,189
341,33,54,189
342,56,54,189
342,58,54,189
343,63,54,189
340,51,54,189
340,32,54,189
340,32,54,189
340,15,54,189
341,-11,54,189
341,-10,54,189
341,-13,54,189
340,-17,54,189
342,-19,54,189
339,-17,54,189
340,-27,54,189
338,-24,54,189
336,-26,54,189
335,-33,54,189
338,-26,54,189
347,-29,54,189
340,-30,54,189
339,27,54,189
341,59,54,189
339,58,54,189
340,61,54,189
339,56,54,189
341,55,54,189
341,53,54,189
343,40,54,189
342,5,54,189
341,11,54,189
342,-6,54,189
345,13,54,189
345,2,54,189
342,9,54,189
340,27,54,189
340,32,54,189
NaN,NaN,NaN,-2
NaN,NaN,NaN,0
NaN,NaN,NaN,0
NaN,NaN,NaN,0
NaN,NaN,NaN,0
NaN,NaN,NaN,-1
348,114,29,100
348,112,29,100
348,111,29,100
349,111,29,100
348,112,29,100
349,115,29,100
349,111,29,100
349,115,29,100
349,113,29,100
349,111,29,100
349,111,29,100
349,111,29,100
349,112,29,100
349,114,29,100
349,111,29,100
349,110,29,100
350,112,29,100
350,113,29,100
349,111,29,100
349,111,29,100
351,113,29,100
350,113,29,100
349,111,29,100
350,112,29,100
351,112,29,100
350,113,29,100
350,113,29,100
350,111,29,100
350,113,29,100
350,113,29,100
350,112,29,100
350,113,29,100
350,111,29,100
350,111,29,100
348,112,29,100
349,111,29,100
350,111,29,100
350,111,29,100
349,110,29,100
349,111,29,100
349,110,29,100
349,111,29,100
348,112,29,100
348,112,29,100
348,110,29,100
348,111,29,100
348,111,29,100
348,112,29,100
348,109,29,100
348,109,29,100
347,110,29,100
348,109,29,100
348,112,29,100
348,115,29,100
348,111,29,100
347,112,29,100
348,113,29,100
348,111,29,100
347,112,29,100
348,113,29,100
347,111,29,100
348,112,29,100
348,109,29,100
349,111,29,100
349,106,29,100
350,105,29,100
349,110,29,100
349,105,29,100
350,105,29,100
349,105,29,100
349,106,29,100
