NaN,NaN,NaN,-1
68,74,70,270
69,65,70,270
75,65,70,270
77,72,70,270
78,68,70,270
81,63,70,270
85,62,70,270
86,60,70,270
93,63,70,270
94,70,70,270
98,64,70,270
98,69,70,270
102,69,70,270
106,59,70,270
108,63,70,270
111,67,70,270
114,72,70,270
117,63,70,270
120,61,70,270
124,68,70,270
127,67,70,270
130,56,70,270
131,67,70,270
134,73,70,270
137,73,70,270
139,60,70,270
142,72,70,270
146,67,70,270
148,68,70,270
151,71,70,270
150,73,70,270
152,65,70,270
157,63,70,270
159,68,70,270
161,63,70,270
169,69,70,270
162,68,70,270
172,64,70,270
166,67,70,270
168,67,70,270
170,61,70,270
172,65,70,270
175,60,70,270
177,59,70,270
182,68,70,270
183,66,70,270
184,63,70,270
184,58,70,270
183,58,70,270
186,63,70,270
188,62,70,270
192,61,70,270
191,60,70,270
194,62,70,270
200,56,70,270
199,59,70,270
200,57,70,270
205,59,70,270
205,58,70,270
205,60,70,270
206,56,70,270
206,56,70,270
209,57,70,270
213,54,70,270
213,52,70,270
217,59,70,270
219,59,70,270
218,58,70,270
215,58,70,270
220,58,70,270
218,54,70,270
219,55,70,270
223,54,70,270
222,54,70,270
226,51,70,270
228,52,70,270
229,50,70,270
230,49,70,270
232,42,70,270
231,42,70,270
235,41,70,270
236,45,70,270
235,41,70,270
236,41,70,270
NaN,NaN,NaN,-2
NaN,NaN,NaN,0
NaN,NaN,NaN,0
NaN,NaN,NaN,0
NaN,NaN,NaN,0
NaN,NaN,NaN,-1
256,90,55,202
255,82,55,202
256,84,55,202
260,88,55,202
258,90,55,202
260,91,55,202
263,83,55,202
264,92,55,202
264,84,55,202
266,84,55,202
267,89,55,202
269,91,55,202
270,83,55,202
269,88,55,202
273,86,55,202
270,86,55,202
270,83,55,202
270,83,55,202
272,83,55,202
273,91,55,202
275,91,55,202
276,86,55,202
275,87,55,202
278,84,55,202
278,84,55,202
278,85,55,202
280,85,55,202
279,85,55,202
281,85,55,202
283,80,55,202
282,85,55,202
284,87,55,202
282,82,55,202
283,81,55,202
282,79,55,202
284,78,55,202
284,81,55,202
284,78,55,202
285,81,55,202
286,72,55,202
301,79,55,202
289,76,55,202
289,78,55,202
289,73,55,202
290,74,55,202
291,70,55,202
291,80,55,202
293,59,55,202
294,75,55,202
294,67,55,202
294,69,55,202
296,74,55,202
297,62,55,202
296,69,55,202
298,76,55,202
299,71,55,202
299,68,55,202
299,68,55,202
302,75,55,202
302,70,55,202
303,69,55,202
304,75,55,202
306,76,55,202
305,69,55,202
306,78,55,202
307,76,55,202
309,67,55,202
309,70,55,202
311,70,55,202
311,69,55,202
310,67,55,202
311,69,55,202
311,72,55,202
313,67,55,202
312,69,55,202
312,57,55,202
314,66,55,202
314,66,55,202
314,66,55,202
315,58,55,202
316,73,55,202
316,65,55,202
317,77,55,202
318,71,55,202
316,75,55,202
319,63,55,202
320,78,55,202
320,88,55,202
321,83,55,202
322,82,55,202
322,82,55,202
321,82,55,202
319,79,55,202
320,77,55,202
319,85,55,202
324,88,55,202
324,89,55,202
327,84,55,202
327,90,55,202
326,82,55,202
328,78,55,202
329,51,55,202
327,78,55,202
328,84,55,202
330,75,55,202
327,76,55,202
329,80,55,202
332,68,55,202
333,52,55,202
333,69,55,202
332,82,55,202
327,82,55,202
331,79,55,202
330,80,55,202
328,68,55,202
334,81,55,202
333,82,55,202
335,87,55,202
333,86,55,202
333,78,55,202
336,83,55,202
337,84,55,202
337,84,55,202
335,78,55,202
338,73,55,202
340,67,55,202
341,49,55,202
339,56,55,202
339,11,55,202
338,66,55,202
342,-16,55,202
343,-27,55,202
347,-34,55,202
353,-36,55,202
352,-35,55,202
349,-22,55,202
342,-10,55,202
343,-16,55,202
340,-13,55,202
342,18,55,202
341,56,55,202
342,5,55,202
342,13,55,202
342,-8,55,202
343,-2,55,202
342,-3,55,202
342,-2,55,202
343,-1,55,202
342,8,55,202
342,5,55,202
341,-7,55,202
341,-11,55,202
340,-12,55,202
342,-11,55,202
339,-24,55,202
343,-24,55,202
339,-25,55,202
339,-27,55,202
337,-26,55,202
340,-24,55,202
338,-27,55,202
350,-23,55,202
335,-31,55,202
334,-40,55,202
338,-33,55,202
348,-30,55,202
348,-27,55,202
344,-15,55,202
340,-29,55,202
345,-10,55,202
336,-11,55,202
314,-23,55,202
312,-11,55,202
313,-11,55,202
316,-20,55,202
350,-2,55,202
347,-2,55,202
347,-7,55,202
350,-8,55,202
345,-5,55,202
344,-4,55,202
342,0,55,202
346,-3,55,202
346,-3,55,202
346,-4,55,202
340,-4,55,202
NaN,NaN,NaN,-2
NaN,NaN,NaN,0
NaN,NaN,NaN,0
NaN,NaN,NaN,0
NaN,NaN,NaN,0
NaN,NaN,NaN,-1
351,110,28,98
350,110,28,98
351,110,28,98
350,109,28,98
350,110,28,98
351,109,28,98
351,109,28,98
350,109,28,98
351,110,28,98
352,110,28,98
352,109,28,98
352,109,28,98
350,110,28,98
351,111,28,98
352,110,28,98
352,111,28,98
352,112,28,98
352,109,28,98
352,110,28,98
352,110,28,98
351,111,28,98
351,111,28,98
352,110,28,98
352,112,28,98
352,111,28,98
352,111,28,98
352,112,28,98
353,112,28,98
352,112,28,98
352,111,28,98
352,113,28,98
350,112,28,98
352,113,28,98
351,113,28,98
351,110,28,98
350,111,28,98
350,111,28,98
350,111,28,98
351,111,28,98
350,110,28,98
349,110,28,98
348,110,28,98
348,109,28,98
350,105,28,98
349,107,28,98
350,109,28,98
349,109,28,98
349,104,28,98
349,104,28,98
348,109,28,98
349,105,28,98
348,105,28,98
348,104,28,98
349,104,28,98
349,105,28,98
349,105,28,98
348,104,28,98
350,107,28,98
349,105,28,98
350,107,28,98
350,107,28,98
350,105,28,98
349,107,28,98
349,104,28,98
350,105,28,98
350,105,28,98
351,105,28,98
350,105,28,98
