NaN,NaN,NaN,-1
149.28,56.436,82.508,96.476
147.17,60.013,81.655,95.215
142.94,62.721,84.13,97.469
141.57,63.729,82.499,96.727
137.41,61.802,82.883,97.214
136.44,59.251,82.119,96.158
135.11,53.767,81.729,96.204
133.35,50.797,82.905,96.675
132.15,50.156,82.778,96.449
129.74,50.274,83.857,96.674
122.55,49.447,85.368,98.488
116.3,51.488,86.345,99.746
110.31,54.561,85.99,99.075
108.05,55.47,84.479,97.257
106.38,52.963,84.545,97.484
106.86,50.57,85.64,98.243
108.47,48.775,88.467,100.89
114.25,52.574,80.677,95.577
114.02,53.279,83.796,97.184
113.55,53.474,87.966,100.3
115.47,58.214,83.518,96.475
117.21,61.422,80.797,94.595
118.53,61.547,81.261,95.752
117.78,62.775,82.672,95.411
119.54,63.863,81.044,94.516
120.34,62.284,80.035,94.579
122.81,55.887,82.216,96.058
125.14,54.064,80.625,93.944
130.46,49.274,79.674,93.958
136.12,43.631,79.955,96.275
138.49,44.918,80.657,95.211
142.3,42.469,81.249,96.015
144.27,42.137,83.381,97.072
149.59,45.742,81.073,95.071
150.82,45.751,79.581,96.256
149.06,48.123,81.3,95.304
148.99,50.193,78.186,91.137
145.83,42.873,82.918,96.954
139.85,40.782,84.652,97.773
138.33,38.623,84.184,97.496
132.7,39.707,86.749,98.496
129.01,46.146,82.747,96.015
121.49,49.751,84.873,97.988
117.51,52.571,81.241,95.516
115.22,51.134,81.892,96.638
111.02,51.32,82.468,97.023
111.36,52.395,80.124,97.198
109.95,52.32,80.788,96.714
107.01,50.647,84.486,97.808
110.15,43.314,81.954,98.749
111.07,40.603,82.538,98.174
113.73,39.393,82.635,98.3
118.69,40.891,79.9,96.989
117.92,46.615,84.342,97.084
120.84,50.812,81.845,96.05
126.28,53.959,82.44,97.584
127.9,58.181,81.941,97.267
131.74,60.041,83.18,98.153
134.87,56.953,80.065,97.073
139.85,54.852,81.46,96.416
143.73,46.641,80.034,96.169
144.42,41.137,88.292,102.35
146.09,37.528,86.972,102.86
147.36,39.018,83.879,99.883
148.09,44.868,84.368,100.84
143.02,50.578,83.514,97.776
144.6,53.023,78.883,95.705
141.8,53.909,81.752,96.868
140.38,53.946,84.466,99.699
138.73,54.103,79.918,95.231
138.79,50.709,81.851,97.144
139.08,47.164,82.339,97.774
140.34,47.682,81.16,96.362
139.41,50.958,82.359,97.37
137.37,55.206,83.635,97.146
136.67,56.574,81.139,94.303
135.88,57.088,81.75,97.013
134.68,57.356,80.698,96.188
134.41,58.977,80.996,96.257
132.85,61.402,79.807,93.408
129.56,56.899,81.23,96.571
127.01,53.36,78.709,94.215
125.58,51.546,78.431,94.144
124.82,50.392,79.396,92.184
124.72,54.592,78.457,94.704
123.51,59.412,80.555,95.793
125.71,63.292,77.077,92.587
127.59,67.615,77.184,93.114
129.03,70.9,78.654,94.669
131.16,70.879,78.269,93.321
132.59,64.138,79.396,94.476
136.44,56.643,79.626,95.257
139.88,50.543,79.422,93.286
142.17,46.306,83.298,98.336
148.1,46.754,78.914,92.607
149.02,48.409,79.181,94.137
150.38,50.328,79.346,94.477
152.4,52.556,79.214,93.85
152.91,50.616,82.88,97.669
155.23,52.69,78.07,93.43
155.98,53.385,77.198,92.055
154.47,51.623,77.693,93.209
154.31,50.342,78.217,92.973
153.49,52.894,76.182,89.963
152.06,50.575,76.219,89.819
151.37,51.284,75.406,89.123
146.57,56.465,76.14,90.048
143.98,58.185,75.427,90.658
140.53,57.603,76.73,91.154
136.44,60.935,77.138,90.479
131.99,62.309,78.396,91.833
127.4,60.836,79.498,92.571
129.32,56.698,76.93,92.039
129.12,53.469,79.225,94.213
131.05,53.502,75.602,91.438
131.64,54.411,74.934,90.372
130.82,54.841,76.474,90.121
129.75,55.779,77.782,90.834
130.71,57.68,77.031,91.84
132.41,59.813,77.206,92.635
133.56,61.301,76.747,92.296
136.2,59.953,76.713,92.935
136.69,56.191,81.537,96.602
137.25,53.358,81.616,96.858
139.55,50.593,81.794,97.102
143.31,49.125,83.174,95.352
147.98,46.947,83.867,96.16
150.03,46.083,84.86,97.379
154.29,47.377,82.862,97.483
157.07,47.88,82.08,97.548
156.39,48.808,83.431,98.437
157.43,50.81,81.699,96.148
159.64,49.256,80.567,95.776
157.86,49.23,80.77,95.061
155.08,47.355,82.089,94.718
154.21,44.477,81.578,96.963
156.06,42.015,79.684,93.378
158.29,39.83,80.771,94.642
158.34,39.288,78.904,92.903
154.21,38.223,80.416,94.554
150.92,39.513,78.691,91.939
149.54,39.811,78.696,92.56
145.11,41.339,81.093,93.888
141.97,43.193,79.743,93.087
139.2,45.081,77.221,90.723
138.54,44.228,75.204,89.348
136.34,41.617,74.083,88.239
134.03,35.461,75.412,89.094
132.85,32.919,73.556,88.819
131.79,31.822,73.955,89.075
130.83,30.82,75.506,90.812
130.21,33.311,75.43,89.121
129.3,34.882,75.71,90.502
130.26,40.178,73.988,88.943
131.94,44.294,75.44,90.342
133.22,47.171,73.298,88.676
133.13,45.359,76.593,90.753
135.4,41.86,75.351,91.943
135.62,39.197,75.617,91.536
135.09,36.077,76.243,91.819
137.47,31.89,76.646,92.799
136.47,29.527,76.812,92.334
137,26.387,77.86,93.958
134.68,27.348,78.571,95.422
132.21,29.283,77.776,93.295
129.66,31.25,80.244,95.998
129.22,35.557,78.387,94.167
128.77,40.01,77.946,93.079
129.23,42.384,77.275,92.675
129.26,43.429,78.226,93.532
127.62,41.2,79.074,93.831
128.6,37.395,78.604,93.287
128.64,34.088,79.08,93.565
128.48,29.652,78.476,92.885
128.69,27.997,74.945,90.76
127.85,26.13,75,91.172
126.1,26.416,76.349,91.37
128.36,29.823,75.312,90.387
129.79,31.78,77.006,92.043
132.06,32.908,76.279,91.667
131.42,35.178,76.789,92.17
129.38,38.166,77.342,91.802
129,41.86,73.244,89.188
124.67,43.687,74.014,88.876
120.74,42.815,75.714,90.133
117.12,40.734,77.076,91.527
116.44,41.358,72.983,87.682
113.34,37.947,73.762,88.946
110.68,36.653,74.083,88.898
106.75,36.999,75.757,90.064
108.4,37.946,72.542,87.098
109.45,38.777,72.752,87.275
109.03,37.87,75.474,89.749
115.06,37.865,72.514,87.478
120.08,33.013,71.799,86.227
123.71,28.718,72.16,87.045
121.76,23.906,77.144,93.478
124.76,20.744,72.958,87.485
129.62,23.004,74.325,88.413
135.52,25.101,75.065,90.398
137.72,29.87,75.688,91.263
141.98,29.625,76.466,92.133
147.33,33.039,75.077,90.168
150.09,33.775,73.686,89.123
151.37,33.514,75.626,90.865
152.88,35.571,74.379,89.724
154.31,37.329,74.479,90.262
157.87,40.939,74.055,89.932
158.82,42.573,75.116,90.86
160.09,44.376,75.806,91.077
160.44,44.515,75.895,91.765
159.54,44.963,78.037,93.49
157.96,44.944,77.387,92.899
151.74,42.158,79.556,94.381
147.84,44.259,80.046,94.856
144.41,44.322,77.097,92.05
139.37,44.16,77.049,93.359
135.45,42.886,76.283,92.981
131,42.693,78.494,93.011
130.71,41.175,77.676,93.36
127.67,41.344,77.218,92.794
128.26,42.433,77.021,93.431
129.63,45.577,80.106,94.69
131.54,47.749,81.426,97.121
133.36,50.02,82.526,98.072
138.52,50.025,83.978,100.02
143.31,50.061,84.288,99.655
149.48,50.132,83.778,99.336
152.59,49.282,84.717,99.982
156.68,49.398,84.793,100.16
159.95,48.94,84.614,99.553
162.21,46.673,85.654,100.94
166.39,48.17,82.871,97.997
166.02,51.118,82.131,97.487
164.49,53.845,81.214,96.79
162.69,55.419,83.156,98.191
161.48,58.495,81.486,96.802
160.74,58.535,80.957,95.06
160.59,59.906,79.829,94.46
160.35,59.629,80.884,94.614
160.36,58.62,81.141,95.807
160.74,55.803,81.533,96.175
164.36,56.159,80.817,95.63
166.76,55.759,81.807,96.197
168.47,56.651,81.12,95.886
171.55,58.242,79.269,95.541
171.04,59.455,81.758,97.127
171.7,62.011,80.908,96.537
172.82,62.072,79.839,95.728
170.78,62.147,79.878,95.923
166.5,59.306,81.514,97.754
164.28,55.218,79.255,95.403
160.74,49.364,84.118,101.11
159.26,47.144,81.349,99.168
157.86,44.96,82.157,98.232
155.45,39.88,84.291,101.24
156.17,40.203,82.38,98.094
155.73,40.114,83.348,98.833
155.95,43.987,83.34,97.967
155.31,52.376,80.271,96.088
154.54,56.378,84.96,100.54
157.54,59.364,82.466,100.41
159.1,58.807,81.879,99.997
160.85,55.338,82.785,100.78
163.03,48.806,84.605,102.25
163.66,45.29,84.545,100.86
166.96,41.729,82.4,100.03
168.1,40.643,80.887,97.17
167.48,37.827,80.73,97.248
166.04,37.907,80.444,97.45
165.07,40.13,80.656,97.473
164.01,44.197,80.275,97.025
162.45,47.093,80.782,97.75
162.79,48.523,80.439,96.544
157.71,48.526,82.053,97.876
152,48.657,80.449,95.723
146.38,46.381,80.414,96.711
140.14,41.928,82.446,98.769
135.61,37.059,84.182,98.89
125.9,32.611,84.439,100.6
121.72,30.336,84.842,100.88
117.03,29.952,86.155,102.17
114.32,30.632,86.525,102.12
111.55,35.774,86.897,103.27
112.11,41.547,86.988,103.34
111.5,47.663,85.492,101.52
111.65,49.011,86.82,103.43
113.59,47.823,88.028,103.35
120.31,48.685,86.792,103.48
125.98,48.718,86.528,103.68
133,46.573,85.666,103.11
139.44,45.008,85.103,102.68
142.01,44.774,83.127,100.69
142.38,44.819,83,99.076
137.96,41.904,85.059,102.67
134,42.97,83.408,100.86
128.44,42.409,84.628,102.54
123.13,44.986,84.554,102.63
114.01,44.098,85.775,103.84
106.44,43.204,86.211,104.62
99.868,39.44,87.541,105.66
93.437,34.446,88.21,106.43
85.192,27.708,91.005,108.54
80.129,24.712,89.65,107.6
79.261,22.611,91.555,108.75
78.27,24.025,90.682,108.96
77.818,31.242,90.312,108.12
75.619,37.501,89.595,107.43
75.615,44.347,86.593,105.11
72.46,48.733,85.848,103.81
67.029,50.401,85.04,103.36
60.754,48.756,86.246,104.32
53.201,48.199,85.142,103.28
48.186,43.381,85.198,103.36
48.407,39.233,86.132,103.98
48.083,35.024,86.02,103.55
51.483,35.18,85.161,103.02
55.655,35.185,85.206,103.15
61.321,40.592,82.553,100.01
64.045,43.796,82.509,99.688
65.405,46.963,81.492,99.105
69.029,48.517,81.678,98.724
73.58,51.678,81.923,98.263
77.771,51.754,81.613,98.167
83.828,49.681,80.077,96.365
87.475,44.754,80.426,96.918
94.122,35.872,80.44,97.077
101.58,29.558,80.618,97.648
111.47,23.999,80.55,97.725
118.86,25.721,81.097,98.034
123.04,30.596,81.764,98.618
125.16,33.505,80.736,98.227
125.51,34.927,84.017,100.52
126.01,33.921,87.16,103.53
128.89,36.917,86.142,102.61
128.59,37.279,86.982,103.06
127.42,35.647,86.872,102.66
129.19,33.912,87.149,103.11
128.52,31.653,87.819,103.74
127.28,28.909,88.245,103.84
128.25,28.655,88.961,104.57
126.35,30.775,88.992,104.71
125.68,30.961,90.11,105.24
126.05,33.359,88.584,103.8
126.8,35.363,86.323,102.46
127.17,35.28,85.654,101.92
127.73,36.757,83.992,100.3
130.37,36.225,83.469,99.868
132.41,31.948,83.434,99.731
135.85,27.796,82.795,98.71
141.2,24.595,82.172,98.546
144,25.665,81.803,97.272
146.52,30.796,82.673,98.105
146,37.963,82.418,98.001
144.75,45.473,81.299,96.815
145.46,50.046,79.834,95.573
144.46,52.214,79.481,95.331
140.67,49.399,78.954,94.582
138.23,41.424,80.894,95.695
142.78,37.191,79.546,94.167
147.75,33.109,79.379,94.065
152.28,35.871,80.537,94.692
152.8,39.084,78.555,93.149
151.53,42.857,78.76,93.296
147.23,45.312,77.586,92.139
139.57,46.895,79.801,93.388
134.37,47.124,78.224,91.901
128.24,47.179,75.743,89.985
120.5,42.505,76.423,90.11
116.14,38.298,76.554,90.116
115.3,33.182,75.969,89.428
117.18,30.741,77.881,91.187
116.95,31.877,78.985,92.144
117.14,34.862,77.917,91.46
117.59,37.605,78.599,91.796
117.79,39.502,78.322,91.998
116.66,41.261,77.377,90.95
114.2,41.974,77.315,91.067
111.45,43.064,77.206,90.6
109.56,41.191,75.892,89.191
112.26,36.479,76.977,90.314
115.37,34.543,77.98,91.071
120.06,34.116,76.371,89.974
129.84,38.988,76.318,90.175
131.66,39.781,79.817,92.728
138.84,41.421,76.726,90.919
146.56,38.068,77.59,91.603
152.29,37.395,74.948,89.479
155.81,35.314,74.687,89.402
157.59,34.563,74.866,89.549
158.61,32.725,75.947,90.151
157.97,28.936,75.759,90.293
160.11,26.726,73.611,87.771
161.11,25.488,72.764,86.847
159.34,26.338,72.537,86.368
158.79,26.831,72.783,86.653
162.33,33.813,72.344,86.224
157.48,40.863,74.289,87.822
152.37,44.76,75.154,88.294
148.32,46.344,75.738,88.673
141.24,45.16,78.202,90.55
136.16,41.632,78.232,90.527
136.03,36.23,78.905,91.315
141.33,31.674,77.803,90.373
141.77,28.323,79.831,92.588
142.5,30.189,79.758,92.223
142.42,34.144,79.277,91.766
144.14,36.233,76.987,90.001
147.25,39.946,74.088,87.392
150.14,41.017,72.461,85.914
151.98,43.765,72.193,85.566
152.64,45.294,72.126,85.477
155.44,46.78,71.397,84.302
159.34,43.35,69.622,82.943
157.85,40.666,69.407,82.294
160.75,39.91,69.617,82.698
163.01,44.175,69.312,81.992
162.83,50.667,68.913,81.478
159.64,51.676,71.106,83.553
155.99,53.875,70.716,83.015
151.88,55.355,70.853,83.122
150.14,54.356,70.301,82.267
149.08,52.212,71.699,83.642
144.29,48.791,72.932,84.683
141.65,47.691,72.313,83.876
136.75,44.754,70.773,82.536
134.82,44.057,70.445,82.088
131.92,39.412,70.439,82.263
130.27,33.038,68.937,80.845
129.54,32.889,67.777,79.54
126.37,37.422,67.056,79.329
127.25,39.702,67.866,79.95
126.98,41.446,67.926,79.937
124.28,44.177,68.53,80.821
122.55,47.015,69.135,80.99
121.28,46.673,69.511,81.941
119.08,45.814,71.265,83.437
122.53,45.29,71.908,83.676
128.5,45.721,71.924,83.561
134.98,46.627,71.721,83.493
142.13,47.505,70.19,82.181
148.7,48.506,68.747,80.767
151.74,47.155,69.815,81.677
153.85,49.757,68.513,80.291
153.18,52.721,67.085,78.865
153.76,52.35,67.379,79.02
158.1,49.442,66.747,78.37
155.68,49.505,66.691,78.192
155.56,49.999,66.468,77.771
149.71,49.635,65.677,76.8
145.39,47.241,65.055,76.237
146.58,47.835,65.296,76.065
147.11,51.818,65.244,75.723
145.08,55.047,66.692,76.978
144.7,58.563,67.989,77.945
143.45,60.841,66.458,76.4
147.83,61.589,67.149,76.973
150.36,63.811,66.917,76.694
152.62,64.738,66.452,75.838
154.59,65.799,65.749,75.066
155.97,67.196,65.138,74.52
154.94,66.581,65.484,74.511
154.68,65.996,65.618,74.275
153.94,65.982,65.231,73.813
151.52,66.701,64.529,73.157
147.56,66.163,65.909,74.198
144,63.833,67.151,75.623
142.1,62.355,67.128,75.524
136.56,61.14,67.705,76.094
131.62,60.371,67.738,76.023
129.7,60.744,67.792,76.141
125.77,58.932,68.916,77.368
121.66,57.271,70.591,78.902
117,54.775,71.442,79.672
109.49,52.067,71.666,79.579
110.79,49.82,71.42,79.399
112.81,46.882,73.151,81.413
113.41,45.204,74.029,82.287
108.84,45.228,75.468,83.311
107.07,45.971,72.012,80.741
107.01,44.655,73.811,82.131
106.19,44.303,74.973,83.46
104.28,45.107,73.724,82.304
104.94,43.148,74.321,82.971
108.12,42.204,72.723,81.625
109.22,41.215,72.841,82.049
111.54,40.934,71.308,80.332
121.88,47.999,70.972,80.161
132.44,58.259,70.982,79.941
138.64,61.097,70.449,79.314
138.92,58.829,71.086,80.202
140.43,58.405,70.436,79.044
132.59,55.318,72.116,80.952
133.36,54.582,69.834,78.546
132.03,54.469,69.379,78.189
126.71,56.127,71.772,80.752
125.32,58.293,72.128,81.18
121.63,57.023,73.005,82.215
124.07,57.587,73.679,82.887
124.14,54.378,74.86,84.373
129.35,53.094,74.973,84.182
132.36,49.898,75.342,84.414
135.33,47.575,76.247,85.071
139.15,47.817,77.209,86.328
142.89,50.691,78.339,87.524
144.23,51.595,78.718,88.019
148.75,52.386,78.92,88.106
150.8,50.128,80.259,88.793
150.08,45.583,80.444,88.727
152.03,43.261,80.116,88.469
153.98,40.991,80.548,88.715
157.95,41.196,79.984,88.771
155.54,44.802,79.713,88.39
154.22,50.098,79.752,88.413
150.98,54.792,79.726,88.119
144.06,57.869,79.722,88.245
137.76,60.918,78.938,87.669
131.07,61.782,79.389,88.214
123.41,59.578,78.446,87.404
123.28,60.335,78.45,87.444
119.66,57.711,78.838,87.846
117.86,54.6,78.6,87.496
120.29,54.469,79.605,88.397
122.5,55.626,79.375,88.571
125.39,57.089,79.379,88.73
129.5,58.442,79.95,89.145
130.74,62.42,80.148,89.297
132.24,64.35,81.856,91.42
137.02,69.196,81.313,90.808
139.96,69.239,82.407,91.556
141.06,68.057,83.168,92.406
143.11,62.993,83.342,92.675
143.24,58.195,85.003,94.2
143.71,56.603,86.759,95.722
144.62,58.528,87.249,96.586
146.83,61.56,85.843,95.452
146.42,61.286,85.802,95.466
145.38,59.645,87.018,96.767
143.49,56.851,86.685,96.57
140.34,52.768,86.905,96.533
138.89,47.21,87.874,97.756
136.33,42.665,87.39,97.102
130.68,36.299,88.971,99.058
129.85,38.746,89.327,99.24
125.24,43.328,88.511,97.692
120.26,44.801,87.668,96.917
119.46,45.265,86.479,96.123
119.85,46.046,86.728,96.3
120.79,45.679,85.858,95.758
120.94,49.237,82.761,92.906
119.36,48.677,82.987,93.206
119.03,49.054,81.395,91.802
122.28,45.744,80.209,90.312
125.26,49.055,77.87,88.396
126.53,51.178,78.475,88.742
127.62,55.508,79.157,89.584
127.97,60.417,78.937,89.48
128.03,63.033,78.905,89.121
128.28,66.069,79.739,89.681
124.83,65.239,80.865,90.536
125.37,59.584,81.387,90.775
129.37,51.83,81.221,90.459
131.5,44.684,82.947,91.925
133.38,49.009,84.346,93.151
135.32,52.217,84.613,93.185
136.01,57.643,83.399,92.762
134.23,59.699,83.238,92.781
132.74,61.746,83.542,92.532
132.76,63.531,82.541,91.417
132.41,63.601,82.358,91.529
132.42,61.965,82.029,91.152
135.1,61.635,81.246,90.341
135.52,61.257,81.581,90.569
131.31,59.686,81.351,90.466
126.87,61.375,79.864,89.081
124.48,62.057,79.119,88.37
120.19,61.197,79.907,89.229
113.61,60.633,79.574,88.841
109.77,59.553,79.493,88.579
105.34,58.646,79.223,88.437
101.7,58.78,78.097,87.582
105.85,57.522,77.555,87.284
107.81,55.719,77.116,86.534
109.41,51.382,76.994,86.75
114.42,51.079,76.285,86.262
116.39,54.221,77.474,87.313
118.39,59.962,78.294,87.176
121.36,64.085,78.408,87.082
127.27,64.259,78.758,87.424
134.39,60.453,78.14,86.834
138.48,56.928,78.322,87.04
140.49,52.129,79.277,87.973
143.13,48.49,78.604,87.255
146.26,46.016,78.497,86.961
148.67,45.705,76.622,85.407
150.21,47.019,75.565,84.453
149.42,48.379,75.179,84.089
149.91,49.321,74.518,83.59
149.07,52.156,75.388,84.618
145.13,54.623,75.288,84.555
141.69,54.508,75.815,84.867
141.35,55.043,75.424,84.27
136.76,54.357,78.307,86.994
135.16,53.887,79.231,87.542
134.31,51.365,80.805,89.212
133.5,52.426,81.507,89.96
132.98,54.861,81.956,90.557
131.9,55.007,82.699,90.985
131.98,55.982,83.479,91.933
134.75,54.857,83.962,92.709
136.51,56.954,84.151,92.961
137.23,56.625,83.851,92.656
136.95,58.573,81.928,90.272
139.05,59.837,82.466,91.064
137.82,62.002,82.402,91.06
133.1,66.976,82.981,91.311
133.01,71.185,82.596,91.069
133.86,74.021,83.103,91.248
133.65,77.914,82.717,90.862
130.92,80.414,82.129,89.807
127.31,78.674,82.112,90.005
127.32,76.612,82.349,90.044
129.16,75.878,81.281,88.924
125.92,72.385,82.085,90.065
128.45,69.775,81.555,89.727
131.76,68.824,81.341,89.195
133.43,67.997,83.182,90.801
136.52,68.754,83.49,90.919
141.07,70.354,81.566,89.019
141.82,70.04,82.571,89.586
144.26,70.189,82.808,89.826
145.72,68.658,83.356,90.244
145.82,63.974,83.671,90.544
145.37,61.978,83.492,90.284
141.94,59.98,83.066,89.698
138.32,58.563,82.552,89.105
133.95,58.583,83.019,89.818
129.33,63.479,82.242,88.851
125.36,66.021,82.609,89.434
121.67,68.043,80.135,87.287
119,69.916,80.1,87.28
113.98,71.322,79.728,86.86
109.08,71.053,79.739,86.744
107.94,70.409,81.161,87.664
104.31,67.891,80.53,87.084
105.48,64.77,79.507,86.221
109.26,62.602,78.324,85.529
111.21,63.982,78.261,85.6
113.87,67.817,78.085,85.254
118.41,71.497,77.315,84.719
123.41,76.121,77.607,84.93
128.05,80.762,77.103,84.232
133.57,80.125,77.176,84.251
137.38,79.325,76.725,83.797
142.69,76.038,78.412,85.309
150.29,74.429,77.904,84.562
153.58,74.578,78.318,85.195
157.16,77.915,76.847,83.799
159.15,81.652,76.952,84.079
159.2,84.004,77.139,84.102
156.78,85.148,76.486,83.331
153.49,83.729,77.135,83.794
150.13,82.517,74.733,81.432
148.13,80.076,75.02,81.742
145.52,79.602,76.054,82.426
142.25,79.696,74.706,81.301
140.39,78.109,75.82,81.973
141.25,77.201,75.949,82.14
140.08,77.946,75.731,82.113
138.99,80.223,74.969,81.292
136.31,80.677,75.863,82.144
133.6,80.946,74.84,81.142
131.73,79.562,74.505,80.701
131.31,79.215,74.701,81.014
130.75,79.209,74.517,80.706
130.01,77.064,74.868,81.058
131.83,75.424,74.897,80.857
133.22,74.316,75.258,81.131
135.54,72.865,76.079,81.861
140.86,75.176,76.32,82.077
146.17,78.185,76.35,81.923
149.48,80.511,77.607,82.917
150.06,81.921,78.347,83.539
151.08,83.034,79.048,84.106
153.43,83.86,78.834,83.906
155.23,82.045,78.561,83.741
156.75,79.874,77.937,83.358
157.28,77.778,77.947,83.37
159.26,77.2,77.341,82.786
159.51,77.225,76.669,82.321
161.25,76.837,75.357,81.096
162.88,71.907,74.776,80.619
169.04,70.003,75.823,81.491
172.27,71.97,74.41,79.768
171.66,60.294,74.299,80.33
172.69,58.039,74,80.118
178.09,64.574,72.5,78.336
176.03,66.551,72.946,78.79
173.58,80.015,73.474,79.317
173.26,81.121,72.9,78.859
171.82,81.603,70.782,76.804
169.71,79.872,70.64,76.702
164.68,79.396,70.244,76.784
163.34,78.872,69.888,76.558
163.43,81.333,69.355,75.979
162.72,81.974,69.381,76.057
161.18,81.827,69.835,76.72
161.08,81.017,68.457,75.147
157.41,78.914,68.959,75.464
153.22,75.165,70.576,77.179
153.07,71.578,69.268,75.911
153.13,70.227,69.061,75.613
148.52,67.494,69.576,76.089
155.62,66.887,69.31,76.024
158.53,67.358,69.846,76.55
163.13,70.474,70.196,76.811
166.89,74.171,69.679,76.305
168.55,75.875,68.97,75.132
170.65,75.714,69.186,75.14
172.89,74.395,68.922,74.813
171.61,74.329,69.042,74.976
168.3,73.692,69.687,75.379
166.72,72.242,69.222,74.887
167.22,69.202,69.782,75.359
165.02,70.339,69.264,74.859
162.24,72.662,69.429,75.027
161.08,75.873,69.164,74.576
158.96,79.402,69.254,74.785
157.24,81.399,68.353,74.006
152.54,80.446,68.649,74.23
148.04,78.922,67.494,72.948
146.46,77.28,65.995,71.505
143.56,74.293,68.057,73.611
141.39,74.924,65.131,70.852
140.31,72.789,64.952,70.96
137.68,74.277,64.302,70.331
136.43,74.346,64.776,70.902
136.99,77.592,64.159,70.03
137.51,77.465,64.773,70.318
141.2,77.609,64.341,69.617
144.81,76.879,65.126,70.916
149.32,77.131,64.661,69.702
155.1,76.618,65.04,69.993
160.28,76.311,64.267,69.974
163.01,75.993,63.063,68.473
165.55,74.704,63.365,68.582
167.77,74.779,63.587,68.845
170.22,78.514,62.103,67.088
170.67,82.404,61.351,66.257
169.61,86.098,61.649,66.587
167.79,87.994,61.269,66.08
166.35,91.542,59.994,64.938
165.66,92.215,59.028,63.948
162.28,91.989,59.771,64.549
157.14,87.57,61.55,66.447
157.27,84.748,60.58,65.015
151.85,82.394,61.754,66.751
148.71,82.541,61.989,66.761
144.03,86.117,61.291,66.163
141.82,88.358,61.204,65.913
140.44,88.414,61.678,66.218
138.86,85.255,62.2,66.724
136.63,86.591,62.303,66.638
135.34,85.619,63.618,68.35
133.58,86.093,62.633,67.427
130.61,84.511,63.801,68.51
129.26,83.267,64.778,69.539
126.62,83.027,63.687,68.661
124.3,81.728,63.335,68.569
