NaN,NaN,NaN,-1
154.31,62.458,87.831,101.69
151.94,66.041,87.626,101.33
148.59,69.766,86.978,100.74
145.07,71.044,86.369,100.03
141.91,68.858,85.135,98.311
141.34,66.472,84.711,98.524
139.81,62.841,84.169,97.95
139.11,59.246,83.507,97.056
138.58,58.454,83.142,96.186
136.03,59.603,82.979,95.516
130.03,59.617,82.746,95.815
123.85,63.256,82.539,95.857
117.89,65.384,81.935,94.819
114.11,64.86,81.801,94.443
112.84,63.329,81.403,93.849
112.79,60.554,80.989,93.299
114.77,62.257,80.894,92.499
117.5,63.652,80.163,91.55
119.86,64.713,80.031,90.932
121.48,68.376,79.119,90.178
122.35,71.505,79.01,90.255
121.77,71.998,79.211,90.919
122.93,72.778,79.116,90.887
124.33,74.119,78.799,90.679
125.58,73.403,78.534,91.031
124.76,71.708,78.724,92.252
127.46,68.413,78.144,91.505
129.67,63.023,77.994,91.775
134.74,58.029,77.921,91.828
139.62,53.886,77.858,91.785
139.6,49.28,77.587,91.948
135.17,35.951,77.265,91.338
138.66,37.116,76.983,90.386
140.91,39.833,76.774,90.201
143.24,41.303,76.571,89.503
142.12,42.061,76.83,89.627
141.15,41.995,76.399,88.129
138.92,38.905,76.636,88.036
135.39,37.643,76.288,87.283
133.45,36.54,76.449,86.656
134,35.245,75.769,85.916
133.31,36.272,75.22,85.758
130.86,42.098,74.706,85.295
124.14,50.913,74.508,85.36
121.24,52.272,73.744,84.321
114.93,52.793,73.067,83.83
110.1,61.981,72.79,83.037
109.1,69.062,72.801,83.082
109.99,64.803,72.471,83.679
109.95,60.938,72.632,84.235
111.76,57.322,72.095,83.304
114.43,56.891,71.489,83.03
117.86,59.149,71.224,82.801
119.29,61.12,71.315,83.464
122.37,65.27,71.024,83.413
125.56,68.178,70.466,83.002
128.41,69.266,70.53,83.239
132.97,71.111,70.107,82.32
138.44,69.548,70.728,83.63
141.42,64.758,70.382,83.241
145.99,60.397,70.3,83.261
147.87,49.138,70.377,82.782
149.16,44.187,69.477,81.431
149.1,42.011,69.319,81.898
157.65,36.078,69.246,81.827
159.67,43,68.474,80.916
158.23,45.301,67.688,80.002
155.01,47.798,67.19,78.769
155.8,48.511,66.618,78.485
152.68,48.194,65.892,77.855
153.27,44.51,65.442,77.905
154.56,42.903,64.893,76.967
156.24,42.63,64.274,75.989
152.06,44.432,63.999,74.809
151.6,49.772,63.956,74.356
150.82,51.952,63.501,73.791
150.4,52.455,63.397,73.828
152.1,54.904,62.644,73.112
151.14,58.575,62.156,72.608
149.85,58.017,62.08,72.704
145.35,54.47,62.107,72.573
141.51,50.948,61.808,71.635
140.02,46.742,61.285,71.642
141.3,45.96,61.151,71.77
139.6,52.554,61.091,71.566
139.15,57.411,61.084,72.073
141.02,59.306,60.195,71.614
142.02,62.777,59.736,71.392
143.52,67.37,60.017,71.432
147.19,67.411,60.299,71.984
148.1,60.351,61.012,72.643
151.33,48.316,61.036,72.636
155.23,43.821,60.828,72.758
159.87,38.077,61.338,73.239
163.69,36.469,61.271,73.312
164.46,38.079,61.395,73.769
165.38,41.191,61.672,73.856
168.1,42.519,61.796,74.612
169.96,43.224,61.532,74.617
170.11,42.786,61.768,75.415
170.56,41.361,62.482,76.536
179.93,26.543,63.004,76.959
188.2,16.375,63.466,77.09
183.75,14.12,62.844,76.333
182.8,12.025,62.77,76.309
181.63,14.968,62.481,75.979
177.65,18.928,62.402,75.717
173.29,22.124,62.705,76.145
170.03,21.205,62.698,76.756
167.77,22.863,63.068,77.252
162.3,25.768,63.637,77.648
158.82,23.53,63.402,77.606
159.4,18.989,63.646,77.885
160.69,17.004,63.373,78.161
162.15,16.995,63.161,77.403
161.6,17.31,62.881,76.555
162.15,17.854,62.329,76.213
160.99,18.152,61.938,76.197
163.01,21.559,61.544,75.802
163.25,23.303,61.879,76.088
166.11,24.569,62.092,75.779
168.77,24.392,61.547,74.791
172.44,20.694,62.119,75.545
176.37,18.043,61.843,75.46
180.82,16.083,61.912,75.62
186.04,13.155,61.767,75.449
191.32,12.77,61.274,74.899
196.33,13.627,61.083,74.656
199.85,12.271,60.682,74.079
200.53,14.913,60.194,73.41
201,15.777,60.306,73.063
202.05,16.913,60.498,73.448
202.05,16.9,60.091,72.912
199.69,14.916,59.887,72.72
197.57,14.558,59.395,72.21
197.57,12.717,59.116,72.201
197.81,8.4952,59.046,72.289
200.56,7.8157,58.322,71.21
201.07,8.8113,58.314,70.617
203.52,8.4663,57.774,70.017
196.67,16.794,57.436,69.858
191.23,19.394,57.149,69.36
187.34,22.814,56.708,68.907
184.58,24.499,56.263,67.687
185.05,26.254,55.009,66.028
185.2,26.086,54.459,65.324
182.59,23.156,54.162,64.853
174.93,18.982,54.092,64.347
171.37,16.442,53.723,63.719
168.16,15.682,53.532,63.506
158.09,7.7853,53.777,64.022
160.53,-1.6168,53.825,64.395
162.61,-6.9689,53.371,63.333
163.34,-17.068,53.261,62.857
NaN,NaN,NaN,-2
NaN,NaN,NaN,0
NaN,NaN,NaN,0
NaN,NaN,NaN,0
NaN,NaN,NaN,0
NaN,NaN,NaN,-1
140.2,34.512,96.778,118.08
140.9,31.718,96.671,118.88
141.86,30.359,97.004,119.31
140.28,30.611,97.406,119.98
138.92,31.109,97.608,121.34
137.14,33.934,97.432,120.93
137.07,37.899,97.178,120.08
136.39,42.111,97.238,119.84
137.03,44.356,97.027,119.26
138.58,46.112,96.257,118.42
135.54,45.364,96.217,118.31
136.2,41.346,96.005,118.19
134.49,36.704,96.227,118.02
136.66,33.846,95.932,117.68
135.56,31.006,94.799,115.81
132.9,30.917,94.291,114.13
132.1,30.953,94.536,114.35
133.68,34.458,94.589,114.09
135.19,35.754,94.141,112.89
136.81,39.421,93.229,112.13
140.73,40.649,93.059,111.53
140.39,45.504,93.182,110.53
135.55,47.539,92.757,109.9
132.63,48.537,92.596,109.98
129.04,48.166,92.085,108.29
124.03,46.964,92.129,107.8
122.3,45.785,91.607,107.38
120.46,44.185,90.586,106.07
117.99,42.601,90.776,106.05
114.38,43.253,90.868,106.06
114.48,44.642,90.692,104.44
114.61,44.944,90.234,103.66
115.18,45.17,90.097,103.64
118.79,43.148,89.752,103.74
123.27,38.853,89.635,103.94
126.65,34.308,89.269,103.53
125.67,31.644,89.259,102.88
127.6,27.727,89.276,102.45
132.79,28.951,89.095,101.97
138.03,34.127,88.904,101.22
141.74,37.951,88.2,100.08
145.31,40.007,87.754,99.388
150.74,41.768,87.772,100.15
152.01,42.25,87.067,99.923
156.46,41.816,87.147,100.12
156.74,43.979,86.825,99.958
157.72,45.89,87.063,100.4
161.11,49.348,86.382,99.866
162.85,51.365,86.424,99.485
164.51,52.835,86.441,99.404
164.74,54.18,86.76,99.038
163.88,54.251,87.055,99.839
161.62,53.814,87.67,101.03
158.98,50.817,87.372,99.873
156.33,51.701,86.937,99.085
151.88,51.758,86.882,98.186
147.85,51.017,87.393,98.976
142.9,51.24,87.609,99.482
141.65,48.484,88.312,100.77
139.36,48.991,88.809,100.7
136.59,47.654,89.403,101.61
138.32,48.588,89.483,101.22
140.29,52.7,89.991,102.82
141.64,52.58,89.806,102.28
145.12,55.485,89.947,103.17
150.46,55.529,90.208,102.75
153.27,56.539,90.651,102.21
159.53,54.374,90.673,101.79
164.23,53.843,91.337,101.78
168,53.15,91.448,102.22
172.19,52.921,91.051,101.02
174.4,51.903,91.277,100.06
174.46,51.929,91.78,100.16
175.36,57.022,91.405,99.627
173.56,60.027,91.162,98.832
173.66,65.76,91.492,98.741
170.34,67.858,92.059,100.81
165.01,68.373,92.377,100.99
165.85,67.879,92.396,101.34
164.77,66.415,92.609,101.5
165.1,66.825,92.088,100.26
166.42,66.09,91.605,99.654
169.06,64.871,91.723,99.794
171.53,64.994,91.652,99.36
171.33,64.851,91.817,99.098
174.58,67.312,91.739,98.868
175.17,69.023,91.501,98.554
175.4,70.44,91.052,97.397
176.56,70.342,90.935,97.745
175.08,69.91,90.712,97.445
171.53,64.422,90.132,95.707
171.04,61.209,89.857,95.028
169.79,57.892,89.806,94.5
167.88,54.606,90.034,94.313
166.84,52.975,90.322,94.897
165,48.386,90.189,94.095
165.86,47.368,90.318,94.915
165.01,47.879,90.835,95.397
165.52,51.846,91.302,95.092
163.1,57.565,91.197,94.677
162.88,64.407,91.485,94.45
165.31,67.453,91.856,94.57
167.95,66.94,92.038,93.841
168.68,62.612,92.683,94.564
171.68,56.91,92.581,95.231
171.84,51.479,92.412,95.291
175.39,48.555,92.496,95.774
175.54,46.273,92.688,95.784
175.27,44.376,92.499,95.374
172.12,43.547,92.975,96.17
168.59,44.793,93.799,97.407
166.97,49.012,93.861,97.256
163.19,37.624,94.233,97.209
159.86,29.352,94.022,96.638
155.13,27.344,93.897,96.015
149.2,20.499,93.467,95.751
147.07,13.159,93.146,96.501
144.65,11.679,92.834,95.683
146.16,-5.976,92.673,95.273
139.57,-8.3597,92.668,95.485
136.49,-8.6158,93.295,96.218
143.67,-8.4354,93.156,96.094
156.99,-8.5115,92.352,96.115
169.62,-19.83,92.604,96.02
170.01,-15.393,92.482,96.352
168.13,-11.673,92.897,97.242
172.88,-11.39,93.118,97.872
173.84,-11.924,93.222,98.942
181.92,-11.522,93.232,98.938
184.94,-11.944,92.94,99.415
189.94,-15.112,93.396,99.896
197.65,-16.969,93.71,101.23
198.61,-19.977,93.14,101.36
198.69,-20.74,93.074,101.76
194.36,-20.829,92.922,101.24
191.38,-20.42,92.914,101.27
187.29,-19.74,92.901,101.34
183.24,-18.671,93.123,102.26
177.16,-18.892,92.849,102.02
172.6,-15.048,93.092,102.52
173.9,-11.904,93.386,103.05
175.6,-8.7797,93.823,104.25
NaN,NaN,NaN,-2
NaN,NaN,NaN,0
NaN,NaN,NaN,0
NaN,NaN,NaN,0
NaN,NaN,NaN,0
NaN,NaN,NaN,-1
77.638,39.796,99.816,129.76
74.583,43.564,99.55,129.07
68.38,45.689,99.156,128.23
62.209,45.039,99.313,127.48
56.464,43.261,98.371,127.24
51.432,39.671,98.287,126.66
51.118,35.426,98.46,126.69
52.123,31.701,98.155,126.85
54.034,31.611,97.833,125.85
59.179,31.154,97.671,126.1
64.311,34.641,97.087,124.68
66.381,40.16,96.872,123.62
67.621,42.112,97.034,123.67
72.098,43.827,96.903,123.13
77.238,45.854,96.538,122.6
81.03,45.925,96.461,121.83
86.2,43.801,95.95,120.91
90.68,37.715,96.068,122.03
96.179,29.573,96.002,122.52
103.16,23.808,96.339,122.7
112.18,19.937,96.101,122.22
118.43,19.816,96.238,122.78
125.11,24.056,96.209,123
125.38,27.121,97.021,123.1
128.5,28.681,97.342,123.18
130.79,29.953,97.86,123.36
131.76,33.176,98.732,124.35
133.68,34.241,99.084,125.75
132.97,31.347,99.664,127.07
130.21,28.243,100.07,128
129.36,25.334,100.71,129.43
128,22.945,100.55,129.03
129.34,22.583,100.47,129.13
127.2,24.581,101.01,129.73
127.61,25.303,101.37,130.16
125.51,26.84,101.75,131.23
124.48,27.622,102.22,132.03
125.42,28.587,101.95,131.1
125.53,28.927,102.45,131.73
127.99,26.357,102.63,131.89
129.63,22.235,103.03,132.12
132.46,17.177,103.23,131.27
137.32,15.228,102.9,130.26
141.07,15.038,103.15,130.24
143.2,19.542,103.25,129.24
145.92,27.484,103.24,129.16
145.55,34.185,103.36,128.48
143.81,39.366,102.98,126.85
146.49,41.541,103.23,126.62
139.33,39.804,102.89,124.74
139.08,32.132,102.96,124.69
139.18,27.812,102.24,123.12
145.87,28.467,101.65,122.11
147.64,27.837,102,120.85
148.16,30.938,101.93,120.02
147.76,35.442,101.29,118.59
144.48,38.624,100.91,117.51
141.44,43.261,99.998,116.46
135.27,43.22,99.839,116.24
128.19,44.208,99.412,115.05
119.83,39.672,99.379,114.86
114.53,34.528,98.891,114.43
112.82,27.794,98.09,113.63
115.75,26.128,98.169,114.5
116.79,28.295,97.663,113.36
116.73,31.743,96.884,112.16
116.02,34.682,96.507,111.69
116.38,38.707,96.252,110.66
116.19,39.13,95.468,109.48
113.19,41.344,94.762,108.1
110.64,41.53,94.438,107.48
109.02,39.235,94.102,106.37
111.32,34.328,93.905,105.72
115.25,33.27,93.417,105.08
118.28,32.005,93.005,105.07
129.54,35.155,92.779,104.71
133.6,39.056,92.646,103.83
138.54,38.915,92.287,103.58
136.54,32.987,91.597,103.11
141.02,29.751,91.323,102.55
144.39,28.584,90.694,101.98
146.93,28.149,90.017,101.39
146.7,28.607,89.642,100.2
149.01,25.658,89.112,99.523
136.21,24.157,88.658,98.925
132.99,23.406,87.7,97.79
131.77,22.584,87.523,97.981
131.99,23.995,87.074,96.834
118.41,27.233,86.963,96.381
113.16,35.117,87.207,96.334
109.22,40.121,86.759,96.132
104.85,44.889,86.637,95.855
98.693,43.659,86.28,95.659
94.401,40.755,85.51,95.029
93.898,37.629,85.372,94.524
96.192,25.691,85.613,95.35
96.769,22.832,85.502,94.666
96.775,21.268,85.102,93.21
95.569,22.35,84.344,91.884
94.64,28.687,83.808,91.085
87.019,24.408,83.615,90.282
86.148,20.058,83.502,89.942
89.885,21.163,83.178,89.27
93.7,24.658,82.89,88.46
91.228,22.604,82.877,87.248
90.337,18.886,82.693,86.361
81.385,12.727,82.903,86.215
NaN,NaN,NaN,-2
NaN,NaN,NaN,0
NaN,NaN,NaN,0
NaN,NaN,NaN,0
NaN,NaN,NaN,0
NaN,NaN,NaN,-1
156.75,61.442,66.856,81.354
156.36,60.302,66.443,80.769
153.23,57.267,66.264,80.498
149.28,55.204,66.135,79.962
144.98,53.196,65.955,79.29
142.81,51.781,65.764,79.342
139.05,46.669,66.307,79.57
137.32,41.01,66.557,79.879
135.47,41.499,66.716,79.613
132.64,45.577,67.097,79.829
133.21,47.044,67.274,79.922
133.76,47.977,67.239,79.824
131.69,51.476,66.922,78.927
129.08,54.055,66.953,78.638
128.2,54.717,66.875,78.968
126.09,53.934,66.932,78.871
128.75,51.88,67.019,78.941
134.42,52.414,67.408,79.366
141.06,53.509,67.016,78.28
148.65,55.874,66.72,77.565
154.24,56.336,66.696,77.271
157.68,56.366,66.384,76.797
159.16,59.45,65.919,75.954
158.35,61.412,65.267,75.297
159.45,58.089,65.048,74.578
161.98,54.901,65.08,74.248
159.93,55.056,64.984,73.677
158.72,55.558,64.666,73.026
151.42,51.962,64.515,73.006
145.98,44.996,64.295,72.603
150.77,42.613,64.247,72.068
147,52.048,64.892,72.786
147.63,56.048,64.407,72.265
135.95,55.472,64.654,71.986
134.82,56.714,64.401,71.508
142.43,63.214,64.355,71.443
153.55,64.039,63.52,70.287
163.93,69.224,63.448,69.995
170.16,71.748,63.295,69.478
170.03,70.813,62.774,68.9
163.46,70.059,61.973,67.474
159.06,69.748,61.236,66.475
166.53,71.295,61.065,65.79
162.41,73.227,60.737,65.355
156.34,78.243,60.486,65.088
153.21,76.322,59.772,64.167
151.01,74.632,59.626,63.726
145.69,73.264,59.278,63.588
141.3,72.284,59.064,63.078
134.96,65.114,59.254,63.42
130.96,64.089,58.981,63.109
129.62,67.531,58.128,61.855
127.66,72.746,57.411,61.049
127.31,72.86,56.85,60.551
137.86,79.977,56.647,60.477
140.97,76.753,55.836,59.745
140.92,74.424,55.588,59.743
141.32,76.123,55.372,59.431
141.58,66.555,55.74,59.86
143.64,65.618,55.171,59.604
143.05,66.67,54.977,59.651
140.21,66.99,54.961,59.635
140.59,65.561,54.521,59.369
140.36,58.985,54.274,58.655
141.08,58.141,53.691,58.021
141.41,57.104,53.416,57.826
141.36,56.275,53.646,58.197
139.36,55.381,53.55,58.595
144.83,58.306,52.845,57.846
146.87,56.254,52.138,57.187
148.43,54.958,51.737,56.728
143.75,52.226,51.782,56.975
144.18,52.901,51.092,56.783
142.24,53.588,50.903,56.583
138.75,56.536,50.574,56.242
137.42,58.579,50.893,56.699
134.53,57.195,51.13,57.152
137.8,57.325,50.61,56.685
140.11,56.429,51.07,57.208
146.12,55.456,51.265,57.765
140.54,59.401,51.59,57.849
144.11,56.724,51.214,57.752
148.85,57.83,51.396,58.246
152.62,60.027,51.541,58.229
154.53,61.224,51.529,58.338
158.73,62.445,51.486,58.516
161.77,61.74,51.128,58.444
161.48,56.151,51.091,58.427
162.06,53.549,50.917,58.298
165.41,51.613,50.814,58.064
169.74,51.842,50.73,57.846
166.39,55.874,50.672,57.945
177.91,50.003,50.297,57.596
172.93,53.536,50.782,58.021
164.2,46.681,50.958,57.926
155.2,45.63,51.488,58.471
148.26,45.494,51.753,59.289
145.74,51.733,51.955,60.139
144.85,52.745,52.27,60.602
140.92,44.88,52.359,60.707
138.71,37.172,52.593,61.302
141.11,36.857,52.889,61.878
143.62,38.299,53.399,62.606
146.24,38.707,53.527,63.279
149.87,40.242,53.89,63.892
151.84,43.462,54.645,65.189
154.94,46.02,55.368,66.476
159.13,49.173,55.678,66.759
162.2,49.429,56.101,67.334
165.42,47.004,56.457,68.079
167.72,41.951,57.123,69.099
167.69,37.262,57.335,69.717
169.77,35.248,57.75,69.963
170.05,35.386,58.483,70.784
170.13,37.591,59.079,71.336
169.88,37.68,59.614,72.038
168.76,35.163,60.291,72.686
166.65,31.887,60.805,73.451
164.18,27.356,60.842,74.097
162.31,22.949,60.947,74.218
161.23,18.549,61.298,74.143
158.01,12.777,61.256,74.181
156.03,15.855,61.39,74.37
149.63,20.228,61.161,74.304
144.3,22.913,61.292,73.597
141.7,22.646,61.5,74.374
141.9,23.487,61.656,74.542
142.04,23.468,61.407,74.138
140.69,25.212,60.765,73.399
139.01,26.235,60.332,72.883
137.58,27.27,60.887,73.33
139.17,24.359,61.059,73.499
142.13,26.279,60.705,73.142
143.25,30.032,60.356,73.026
145.72,34.972,59.901,73.018
144.98,39.303,60.126,73.156
144.69,42.602,60.231,73.276
145.35,45.084,60.466,73.728
143.52,44.634,60.293,73.517
145.43,35.775,59.819,73.327
150.76,28.883,59.959,73.707
154.25,22.859,59.955,74.004
156.11,24.987,60.746,75.356
158.03,30.736,60.731,75.39
157.86,35.394,61.174,76.171
156.12,37.582,60.718,76.32
153.91,38.803,61.153,77.331
153.06,40.451,60.855,77.209
151.88,41.693,60.742,77.052
150.46,38.446,61.08,77.283
152.62,38.885,61.063,77.264
153.7,42.878,61.406,77.92
150.84,53.782,61.355,77.619
145.15,51.681,61.897,78.593
139.79,40.398,62.393,78.816
135.3,40.233,62.21,78.18
128.51,38.537,61.839,77.974
123.91,38.006,61.396,77.797
118.92,39.115,61.045,77.766
116.36,40.018,60.877,77.811
119.24,38.954,60.669,77.717
121.12,36.253,60.317,77.38
123.39,32.371,60.458,77.92
131.18,40.256,60.703,78.436
134.78,43.765,60.456,77.87
138.01,48.813,60.747,78.055
142.14,52.115,60.602,78.492
148.25,54.074,60.066,78.153
155.78,52.516,59.727,77.801
161.23,49.921,59.658,77.898
163.56,46.132,59.337,77.355
166.85,43.175,59.111,77.183
170.45,39.408,58.632,77.135
172.35,38.804,57.927,76.337
172.43,39.972,57.755,76.185
171.81,41.429,57.61,75.574
171.85,43.093,57.679,75.37
171.49,44.319,57.895,76.189
167.77,45.266,58.287,76.994
165.35,46.238,58.317,77.06
164.14,44.742,58.122,76.944
159.74,45.404,58.142,77.33
158.74,42.552,58.58,77.785
159.06,48.434,58.391,77.743
160.77,52.458,58.39,77.834
159.96,54.191,58.653,78.424
160.91,54.71,58.778,78.485
161.96,49.915,59.556,79.375
157.45,38.584,59.721,79.944
158.03,34.448,60.377,80.992
158.12,35.36,60.873,82.016
157.09,36.979,60.724,82.049
158.27,38.293,60.807,81.427
156.23,41.556,60.966,81.928
151.86,46.703,61.019,82.079
151.31,51.68,61.134,82.237
152.25,55.693,61.476,82.418
152.57,58.756,61.616,82.884
149.75,60.363,61.762,83.093
145.75,58.935,61.521,82.647
145.57,55.804,61.257,81.812
147.81,55.893,61.578,82.142
145.46,53.72,61.567,82.402
146.92,49.408,61.593,82.468
150.63,48.671,61.425,82.444
153.6,49.024,61.319,82.012
157.43,49.56,61.429,82.115
160.43,49.824,61.957,83.167
161.85,50.197,62.116,83.117
164.78,49.695,62.482,83.824
167.32,48.472,62.593,84.243
168.27,43.937,62.173,83.77
166.57,41.561,62.096,83.499
162.96,40.149,61.327,82.743
159.18,37.39,61.407,82.991
153.34,37.747,61.845,83.965
149.1,41.288,61,82.845
143.93,43.649,60.492,82.258
139.6,45.362,60.643,82.709
136.44,47.263,60.44,82.645
131.17,48.651,60.564,82.646
127.66,49.277,59.928,81.691
127.54,50.004,59.308,80.545
123.8,46.805,59.033,80.314
124.78,43.72,58.436,79.351
127.85,42.755,57.986,78.427
130.29,44.329,57.548,78.551
132.59,48.581,57.103,77.952
136.04,53.669,56.845,78.201
141.2,59.083,57.269,78.18
146.87,61.838,56.971,77.836
151.88,61.926,57.065,78.323
156.57,59.98,56.589,77.557
162.47,55.648,56.556,77.628
169.04,55.223,56.774,77.718
172.8,56.304,56.462,77.166
176.35,58.529,56.337,76.972
179.6,62.658,55.84,76.059
179.22,65.824,55.746,75.869
175.86,67.179,55.23,75.29
172.45,66.773,55.33,75.124
168.23,64.763,55,74.6
167.18,62.834,54.954,74.999
166.73,62.699,54.991,74.723
163.06,63.061,55.253,75.123
161.19,62.095,55.471,75.642
161.52,61.77,54.918,74.905
160.68,62.776,54.895,75.29
158.98,63.291,54.662,75.248
155.49,63.6,53.976,74.319
153.25,63.967,53.543,73.55
152.47,64.089,53.203,73.133
152.52,64.096,54.086,74.681
151.87,63.729,54.268,74.895
152.87,62.501,53.856,74.446
154.87,60.335,53.913,74.523
157,59.34,53.793,74.672
159.22,58.774,53.764,74.917
165.34,60.506,53.052,74.192
170.94,62.843,53.128,74.168
175.07,65.98,53.31,74.89
177.46,71.413,53.8,75.746
180.14,70.573,53.792,75.656
181.8,71.094,53.37,74.9
183.47,68.38,53.171,74.893
183.82,65.648,53.71,75.683
185.02,64.228,53.667,75.392
186.24,63.234,53.341,75.152
184.99,64.102,53.887,75.796
186.79,62.006,54.407,76.523
185.1,57.54,55.023,77.316
191.06,52.536,55.437,77.48
193.8,54.019,55.117,77.019
194.04,57.309,54.987,77.526
194.97,58.914,55.121,77.972
198.06,60.242,54.685,77.059
193.24,66.145,54.307,76.692
191.42,66.777,53.517,75.69
189.77,71.269,53.246,74.925
186.26,69.484,53.125,74.033
174.17,74.531,52.956,73.334
166.79,72.11,53.095,73.522
164.88,71.58,52.709,73.37
165.06,72.819,52.143,72.847
163.12,71.568,52.405,73.23
177.92,73.356,51.675,72.022
178.08,71.888,51.396,71.729
173.86,68.773,51.934,72.614
170.57,65.371,51.987,72.871
170.57,60.723,52.469,73.304
171.24,59.321,51.86,71.939
167.7,57.033,52.012,72.019
173.55,50.912,52.437,72.692
178.05,57.447,52.754,73.303
183.13,60.349,52.661,73.162
186.33,63.804,52.457,72.988
184.91,65.532,52.989,73.777
186.6,68.24,54.069,74.898
188.18,65.47,54.39,75.574
187.41,62.889,54.369,75.479
183.39,63.628,54.992,76.48
181.52,59.274,55.519,77.427
181.86,56.195,55.658,77.608
179.02,56.606,55.849,77.97
175.58,59.05,56.288,78.659
175.38,61.554,56.457,78.998
173.32,64.481,56.822,80.01
172.03,69.509,56.282,79.099
167.33,68.78,55.861,78.63
161.36,63.992,56.142,78.694
160.27,61.632,56.041,78.852
156.71,59.918,55.466,78.602
153.82,58.695,55.495,78.366
152.92,57.891,55.22,78.007
150.36,58.511,55.31,78.132
149.57,59.539,54.815,77.726
149.69,61.482,54.414,77.085
150.7,62.995,54.091,76.653
154.08,62.406,54.525,76.956
157.99,63.12,54.266,76.448
162.1,62.403,54.43,77.089
167.92,63.212,53.905,75.959
172.64,61.321,53.833,76.065
174.9,60.924,53.268,75.625
177.93,58.18,53.143,75.947
177.82,56.657,53.48,76.54
177.1,55.847,54.092,77.533
176.33,64.108,54.7,78.352
174.33,66.413,55.486,79.983
173.65,73.152,56.113,80.893
172.41,73.696,56.083,80.977
175.77,82.038,56.049,81.024
170.42,74.661,56.515,81.539
165.58,70.053,56.482,81.852
164.33,64.676,56.526,81.813
158.97,57.052,56.811,82.853
154.52,57.126,57.178,83.132
149.4,59.257,57.719,83.643
146.5,60.842,57.599,83.883
145.63,61.67,57.276,83.322
141.25,57.572,58.071,84.379
140.26,65.071,58.582,85.067
140.97,62.588,57.881,83.537
141.3,64.352,57.695,83.601
140.37,64.523,56.858,82.936
136.65,56.272,57.571,84.243
133.4,55.891,58.28,85.119
130.55,51.345,58.876,86.233
