NaN,NaN,NaN,-1
142.61,61.166,79.84,93.016
141.25,65.178,79.259,92.406
137.9,68.914,78.611,91.795
135.65,69.703,78.139,91.539
132.9,68.107,77.758,90.656
131.37,65.011,77.856,90.828
130.32,61.324,77.429,90.283
129.19,58.407,76.791,89.326
128.65,57.597,76.427,88.492
125.51,58.322,76.537,88.05
118.67,58.239,76.446,87.732
113.92,62.686,76.169,86.67
106.87,65.133,75.936,86.091
102.46,63.588,75.86,85.908
101.76,63.248,75.189,84.623
102.93,62.067,74.647,83.384
105.95,62.775,73.853,82.666
107.32,64.057,73.609,82.552
109.24,64.365,73.77,82.568
111.4,68.141,73.288,81.793
111.58,72.449,73.045,81.226
111.41,72.463,72.901,81.615
112.85,73.39,73.042,81.682
113.07,74.619,73.619,81.881
114.81,75.301,73.468,81.607
114.22,73.312,73.373,81.742
116.93,69.998,72.793,81.033
120.82,66.914,72.547,80.637
124.21,58.76,72.25,80.516
129.54,56.978,72.851,81.38
133.88,55.993,72.662,81.446
134.49,52.412,72.631,81.336
139.42,53.408,72.722,80.998
143.03,56.436,73.001,81.97
143.14,57.785,73.18,81.972
143.12,58.855,73.282,82.423
142.57,57.238,72.972,82.764
140.12,54.489,72.672,82.152
136.4,50.554,72.818,82.583
132.69,49.212,72.706,83.401
129.02,49.789,73.268,84.394
123.03,54.704,72.948,84.17
118.22,61.191,72.826,84.314
111.44,60.761,72.965,84.891
109.44,62.929,73.123,85.351
106.2,62.124,73.374,86.113
104.71,65.278,73.673,86.384
100.98,62.841,73.568,85.951
101.44,59.765,73.901,87.668
102.84,53.749,73.856,87.743
104.15,50.771,73.986,87.347
106.92,49.662,73.877,87.269
109.74,50.205,74.042,87.967
112.93,54.887,73.687,87.871
115.8,61.147,73.956,87.754
119.06,64.073,73.813,87.339
123.37,66.454,73.923,87.491
125.56,69.392,74.374,87.309
128.83,67.029,74.187,87.047
131.9,60.858,74.253,87.177
136.38,56.012,73.965,87.481
140.43,52.634,74.015,87.353
139.68,49.565,74.584,87.569
140.99,48.443,75.091,88.425
140.35,53.311,75.377,89.295
136.86,56.537,76.168,90.817
136.14,57.643,76.207,90.477
133.05,58.025,76.35,90.624
133.63,58.325,76.533,91.316
130.97,58.175,76.127,90.849
131.56,54.448,75.677,90.985
133.1,52.071,75.376,90.839
133.3,52.861,75.029,89.996
133.22,56.299,74.979,89.936
131.76,61.201,74.515,89.405
130.04,63.085,74.373,89.036
130.5,63.836,74.244,88.467
130.23,65.055,74.129,88.018
130.26,66.977,73.665,88.172
127.68,65.851,74.21,89.589
123.98,62.31,74.151,89.115
119.56,57.566,74.271,89.088
118.95,54.921,74.081,89.018
119.19,53.943,74.101,88.268
117.71,59.136,73.795,87.748
117.98,64.313,73.572,87.113
120.33,66.643,73.573,87.561
122.34,72.085,72.921,87.216
122.81,76.097,72.629,86.637
125.99,75.434,72.639,86.889
127.87,70.122,72.514,87.482
131.58,62.656,72.68,87.236
133.4,55.846,72.922,87.929
135.88,51.373,72.853,88.078
140.63,49.691,73.314,88.74
141.37,52.066,73.297,89.143
142.32,54.175,73.728,90.021
145.03,55.443,73.852,90.898
146.55,53.842,74.326,91.955
147.97,54.736,73.807,91.562
148.14,53.175,73.661,91.349
146.79,52.021,73.71,91.089
147.37,50.522,73.719,91.71
145.99,51.425,73.37,90.98
145.15,48.071,72.936,90.713
144.32,51.915,72.564,90.328
140.89,57.339,72.735,90.401
137.74,60.034,72.313,89.459
134.24,60.628,72.404,89.449
132.11,63.796,71.874,88.402
126.23,65.04,71.98,88.883
123.07,63.879,71.884,89.215
122.3,59.299,71.796,89.333
124.21,56.557,71.199,88.965
125,56.693,70.268,87.524
123.44,56.436,70.599,87.746
123.55,56.76,70.608,87.666
122.71,57.814,70.845,88.464
124.45,59.743,71.114,88.725
125.85,61.435,71.206,88.789
127.03,61.998,72.257,90.425
128.25,61.272,72.473,90.731
130.72,55.319,72.847,91.442
130.79,50.662,73.313,92.509
131.85,48.055,73.238,92.741
133.71,42.549,73.244,93.463
144.03,34.314,73.11,92.953
154.13,30.945,73.2,93.475
164.1,23.447,73.333,92.771
166.93,21.248,73.218,92.111
168.27,22.065,73.578,92.295
170.46,23.397,72.999,91.568
170.23,23.689,73.199,92.011
167.87,23.636,72.743,90.557
167.39,22.873,72.743,90.347
165.72,21.175,72.669,89.893
166.54,18.386,72.614,89.474
166.88,17.215,72.055,88.316
166.33,16.381,71.856,87.687
167.23,17.063,71.407,86.413
159.98,17.801,71.016,85.563
158.69,20.502,70.887,85.269
156.59,23.266,70.742,85.041
152.61,25.093,70.724,85.552
150.6,25.807,70.453,84.71
151.36,25.483,71.069,85.929
163.33,22.386,70.917,85.943
171.31,18.42,70.476,85.227
175.56,16.607,71.1,85.744
180.06,15.491,71.306,86.165
180.14,16.165,71.337,85.755
183.99,17.434,71.134,85.379
183.16,19.768,70.966,84.733
183.43,23.552,71.472,85.311
185.57,25.443,71.617,85.191
186.81,26.062,71.699,85.283
182.33,25.167,72.054,85.389
184.46,25.743,71.442,84.061
188.17,25.371,71.311,83.476
187.71,24.758,71.044,82.579
190.02,23.852,70.681,82.163
191.56,21.725,70.651,82.023
193.04,21.511,70.192,81.585
188.67,22.139,69.761,80.26
186.67,23.065,69.256,79.72
186.27,26.077,69.195,78.99
184.92,28.451,69.455,79.106
183.1,31.945,69.446,78.506
184.2,31.685,69.499,78.889
182.62,32.984,69.341,78.586
171.42,31.328,69.291,78.892
168.98,22.27,69.426,78.966
169.31,11.309,69.732,78.675
163.52,1.306,69.67,78.937
159.62,-8.3107,69.896,79.146
156.89,-11.704,69.331,78.138
154.72,-11.46,69.608,78.28
156.21,-9.2239,69.885,78.635
159.8,-3.9111,69.981,77.767
160.06,-4.1898,69.709,77.842
162,2.6101,69.363,76.978
161.33,4.6049,69.098,76.585
158.1,8.7427,67.958,74.971
153.94,9.9869,67.162,73.777
150.8,13.186,66.83,72.844
147.6,10.96,66.962,72.54
146.4,9.5582,66.329,71.545
143.12,8.3811,66.091,71.241
140.72,7.3743,65.9,70.618
137.36,8.1781,65.262,69.324
138.03,9.5783,65.299,69.177
139.1,10.37,65.39,68.952
141.36,12.01,65.133,68.355
145.94,10.18,64.352,67.513
150.28,4.292,63.602,66.659
154.55,1.5987,62.788,65.55
152.99,-3.486,62.414,65.274
154.08,-9.4145,62.822,66.106
159.16,-7.6835,62.634,65.919
166.16,-3.3014,62.29,65.325
161.35,-5.9934,61.664,64.574
165.81,-5.1656,62.087,65.443
170.34,-3.1724,62.03,64.938
177.46,4.2037,61.698,64.781
175.25,-3.3174,61.532,64.847
173.67,-3.1965,61.26,64.321
170.95,-3.2149,61.07,63.855
167.28,-14.09,60.481,63.253
168.49,-25.166,60.065,63.231
NaN,NaN,NaN,-2
NaN,NaN,NaN,0
NaN,NaN,NaN,0
NaN,NaN,NaN,0
NaN,NaN,NaN,0
NaN,NaN,NaN,-1
137.42,41.399,73.23,102.8
133.46,41.424,72.949,102.22
127.59,39.624,73.225,102.79
125.32,38.822,73.351,103.34
122.36,38.159,73.659,103.56
119.89,36.761,73.941,104.35
120.52,38.35,73.948,105.05
123.16,42.415,74.418,105.62
124.18,45.089,74.697,105.89
128.05,46.838,75.264,106.52
132.22,48.311,75.786,107.23
136.74,46.578,76.359,108.69
141.89,47.401,76.886,109.53
146.71,45.683,77.043,110.32
149.45,44.961,77.776,111.32
152.71,44.302,78.194,112.19
154.99,42.586,78.899,112.59
158.07,43.058,79.194,112.29
158.43,45.269,79.155,112.08
156.75,48.288,78.502,111.56
155.42,49.928,78.365,111.36
155.29,53.305,77.688,110.45
153.34,53.285,77.517,109.44
153.43,53.428,77.246,108.32
153.58,53.488,76.826,107.59
153.77,54.157,76.529,105.92
155.07,52.738,76.325,105.83
158.84,51.935,76.362,104.94
160.68,54.141,75.683,103.03
162.56,53.748,75.1,102.44
165.03,56.633,74.674,101.7
165.35,58.595,74.166,101.09
165.97,60.563,74.188,100.86
166.13,61.07,74.624,100.85
165.01,60.492,74.926,101.59
160.44,58.446,75.131,101.74
157,53.348,75.814,102.42
156.21,49.593,76.409,103.79
152.96,46.098,76.983,104.54
151.75,42.759,77.009,105.07
149.76,38.435,77.114,105.95
149.78,36.642,77.205,106.61
150.05,37.497,77.146,106.57
150.62,39.974,77.671,107.8
149.19,47.389,77.775,107.89
149.95,53.363,77.601,108.2
151.99,56.093,77.881,109
153.59,55.576,78.302,109.29
154.93,52.687,78.66,110.14
156.84,45.602,78.799,110.49
158.68,40.308,79.654,111.81
160.8,36.497,79.998,112.85
160.45,34.492,80.417,113.81
160.15,31.753,81.224,115.01
158.18,29.459,81.576,115.25
158.16,32.982,81.365,114.64
156.57,36.679,81.195,113.99
156.57,39.342,80.895,113.58
156.26,41.508,80.243,112.42
151.9,42.042,80.193,112.18
145.41,40.702,80.847,112.57
138.95,39.366,80.972,112.37
133.64,35.681,80.542,112.07
128.99,31.411,81.045,112.67
121.35,26.335,81.29,112.92
113.9,24.965,81.569,112.91
110.25,24.712,82.126,113.5
108.37,25.977,82.067,113.15
105.86,29.879,82.297,114.21
106.06,35.751,82.35,114.74
105.92,39.725,82.99,115.89
104.88,41.377,83.234,116.48
109.41,40.65,83.036,116.9
115.9,41.641,83.633,117.88
120.84,39.943,84.392,118.89
127.04,37.815,84.553,119.47
134.36,35.571,84.08,119.23
136.92,35.061,83.983,118.85
135.72,34.678,84.247,119.28
130.46,33.513,84.859,119.92
126.39,33.848,84.733,120.24
121.81,34.333,84.971,120.73
116.01,35.892,85.2,121.38
108.08,34.884,85.666,121.78
98.458,33.661,85.708,122
91.013,30.615,85.835,122.35
83.923,25.579,85.86,122.76
78.088,18.666,86.124,123.54
74.438,15.159,86.728,124.92
72.62,13.615,87.5,126.28
71.858,14.3,87.698,126.39
71.895,20.137,87.835,126.4
69.129,26.301,88.203,127.32
67.05,31.065,88.096,126.61
63.424,35.296,87.738,126.26
57.027,36.859,87.672,125.95
50.9,35.827,87.783,126.11
45.141,35.017,87.159,124.51
40.728,31.189,86.868,123.72
40.692,27.55,86.403,122.03
41.792,24.148,86.261,121.03
44.782,24.005,85.605,120.34
48.873,24.903,85.587,119.4
53.027,30.067,85.103,118.4
56.7,32.738,84.922,118.42
57.909,35.539,84.758,118.4
62.985,37.139,84.873,117.96
66.755,40.219,84.529,116.85
70.252,41.633,83.99,115.37
74.648,38.974,83.431,114.67
80.769,32.427,83.785,114.77
83.55,25.191,83.763,114.35
91.32,19.298,83.691,113.42
98.542,14.279,83.566,113.33
107.65,15.1,83.385,113.24
110.2,20.242,84.056,114.77
117.14,23.415,84.386,114.99
120.01,24.699,84.973,116.33
116.91,26.148,84.671,115.89
118.64,28.511,85.314,116.29
117.43,27.454,85.057,115.41
116.66,26.06,84.785,114.87
113.47,22.406,84.263,114.25
112.93,21.698,83.682,112.86
111.1,21.2,83.641,112.32
113.88,19.577,83.05,111.48
113.27,22.267,82.97,110.98
114.5,23.939,82.242,110.1
114.87,25.608,81.547,109.85
114.34,26.122,81.588,109.64
109.77,26.255,81.473,109.03
111.97,27.611,80.894,108.25
114.64,26.535,80.154,107.43
117.7,23.798,79.629,106.5
120.84,18.067,79.152,105.42
125.94,16.401,78.844,104.73
129.42,16.225,78.331,104.31
133.01,22.838,77.684,103.06
133.05,29.346,77.12,102.38
132.6,36.116,76.686,101.71
132.9,41.493,76.451,100.65
131.27,44.594,75.856,99.561
128.03,41.173,75.415,99.094
127.3,37.065,74.904,97.84
132.28,32.648,73.993,96.538
138.21,29.639,73.731,96.607
142.75,33.993,73.959,96.852
142.39,35.673,74.009,96.206
142.54,40.625,74.046,96.223
139.36,42.587,73.402,95.159
132.68,45.795,73.029,93.793
128.88,45.422,72.79,93.14
120.9,44.949,72.485,92.214
114.77,41.073,72.194,91.769
110.6,37.599,72.657,92.084
109.53,30.404,72.93,92.889
112.23,29.382,73.111,92.619
113.64,30.505,73.371,92.995
113.61,32.672,73.265,92.915
113.37,35.308,73.852,93.42
113.67,37.758,74.001,93.72
111.45,38.315,74.189,93.904
109.32,39.367,74.24,93.906
107.4,40.123,74.133,93.942
104.46,36.622,74.082,93.021
106.78,34.044,74.063,93.428
111.43,31.697,74.388,93.666
113.68,31.137,74.186,92.853
125.34,35.707,74.054,92.677
128.04,37.835,74.661,93.837
133.32,38.065,74.622,93.735
140.42,35.13,74.773,94.474
144.95,34.242,74.917,94.91
149.09,31.431,75.027,95.463
151.22,30.431,75.193,95.544
153.02,29.754,75.055,95.035
153.2,26.467,74.83,95.026
154.32,22.453,74.645,94.47
155.48,22.532,73.671,93.066
154.95,22.574,73.251,92.426
154.72,24.462,73.023,91.581
157.76,32.022,72.93,90.792
155.17,39.76,72.47,89.912
150.66,43.134,72.169,89.603
146.64,45.242,72.048,89.644
140.14,45.104,71.72,89.09
136.5,42.534,70.88,88.051
134.94,38.297,70.891,87.538
136.62,31.72,70.142,86.096
140.75,32.025,69.387,84.885
143.78,33.704,68.987,84.171
145.19,40.197,68.651,84.19
143.69,29.841,67.757,83.593
145.35,30.827,67.182,82.534
144.51,31.989,66.614,81.339
147.35,35.876,66.201,80.678
151.34,38.192,65.878,79.676
155.91,39.539,65.179,78.46
158.82,38.976,64.509,77.066
157.37,46.772,64.453,77.17
160.06,46.718,63.796,76.029
163.03,50.267,63.864,76.172
162.17,55.058,63.552,75.656
160.43,58.478,63.279,74.507
156.94,61.708,62.873,73.798
153.4,62.742,62.646,73.337
151.68,61.459,62.097,73.068
151.02,60.749,61.922,72.442
147.98,58.899,61.536,71.507
144.29,56.983,61.389,71.052
141.17,55.344,60.676,69.41
139.04,47.161,60.225,68.782
133.73,47.933,60.228,68.59
133.43,42.01,60.87,69.56
131.11,41.139,60.666,69.338
126.83,45.436,60.255,68.836
127.22,46.599,59.602,68.778
126.42,48.924,59.16,67.974
124.12,52.977,58.946,67.689
122.88,56.046,58.389,66.873
125.16,44.566,58.041,66.267
122.85,44.978,58.15,66.238
125.53,44.171,57.924,65.441
132.06,45.352,57.906,64.962
140.45,39.197,57.318,64.212
143.17,42.171,56.868,63.275
147.31,42.535,56.643,62.768
152.22,42.486,56.294,62.281
156.12,44.567,56.388,62.259
155.36,47.41,56.229,62.023
157.81,46.425,56.328,61.98
161.85,46.215,56.108,61.474
160.26,46.465,55.524,60.856
160.99,47.65,55.041,60.215
153.5,45.998,54.997,60.251
149,41.981,54.817,60.116
151.64,45.085,54.405,59.808
151.08,47.927,54.284,59.661
155.39,51.431,54.147,59.108
154.3,55.963,54.054,58.633
152.69,57.96,54.029,58.176
158.28,58.545,53.593,57.436
171.72,63.653,53.033,56.822
174.02,64.056,52.648,55.936
185.53,65.874,52.684,55.805
188.6,70.025,52.194,55.292
183.6,67.745,51.803,54.707
182.41,67.102,50.999,53.924
179.72,68.482,50.283,53.09
173.81,71.346,49.985,52.761
169.34,69.569,49.667,52.487
165.26,68.544,49.09,51.438
165.65,67.96,47.919,49.601
159.64,68.768,47.391,48.719
155.65,67.709,46.925,48.39
155.8,68.121,46.391,47.59
158.94,69.904,45.619,47.177
151.79,71.866,45.147,46.687
150.06,70.446,44.674,45.722
150.39,70.7,44.174,45.016
154.17,71.612,44.001,44.708
155.21,71.431,44.048,44.809
145.77,69.792,43.736,44.361
135.7,66.553,44.132,44.972
134.31,65.908,44.019,44.675
135.02,65.959,44.187,44.691
134.72,66.847,44.123,44.805
131.14,66.625,44.444,45.139
131,63.875,44.661,45.721
130.74,61.89,45.158,46.225
132.01,61.3,45.851,47.638
133.56,60.46,45.767,47.189
136.03,58.796,45.463,46.732
136.95,56.769,45.78,47.334
139.66,55.923,46.031,47.318
138.8,52.503,45.229,46.627
139.93,51.289,44.705,45.787
132.65,49.691,44.312,45.472
131.16,49.7,43.482,44.029
129.19,50.756,42.953,43.726
124.13,51.794,42.816,43.764
122.38,53.631,42.743,43.947
118.03,51.919,42.939,44.104
120.8,53.184,43.161,44.485
121.24,50.042,42.913,44.267
126.45,49.271,43.055,44.235
129.65,43.813,43.403,44.748
135,38.456,43.063,44.565
138.18,38.638,42.627,44.492
142.95,40.673,42.638,44.745
143.71,42.487,42.33,44.051
148.07,43.268,41.691,43.738
150.89,42.352,41.364,43.521
150.67,37.488,41.285,43.406
151.64,34.951,40.91,42.85
155.9,31.023,41.287,43.209
159.63,31.495,41.269,43.417
157.2,34.52,41.018,43.042
157.01,41.103,40.925,42.962
153.6,45.8,41.134,43.101
146.73,49.792,40.834,42.616
138.62,51.174,41.228,43.153
133.62,51.988,40.879,42.833
125.33,49.896,40.762,42.786
123.65,52.36,41.001,43.282
120.88,50.5,40.454,42.875
118.93,45.241,40.742,43.166
121.5,46.513,41.23,43.72
126.69,45.597,41.517,44.138
130.05,45.828,41.798,44.319
130.34,51.151,42.237,44.955
132.15,51.193,42.779,45.541
134.62,53.926,43.488,46.464
141.07,56.35,43.48,46.148
144.06,57.964,44.035,46.349
143.44,57.279,44.05,46.4
144.41,51.255,43.705,45.951
144.56,47.069,43.763,45.521
144.44,45.182,43.72,45.383
145.8,45.865,43.432,45.181
146.48,49.136,43.237,44.845
146.11,49.138,43.657,44.886
145.74,47.336,43.589,44.63
143.84,44.404,43.1,44.426
140.06,39.54,43.021,44.23
139.33,33.885,43.334,44.864
139.16,29.565,43.551,44.894
133.92,23.865,43.421,44.85
131.77,26.364,43.698,45.06
129.1,30.551,43.923,45.428
125.44,31.991,44.638,46.107
122.89,32.961,43.787,44.993
122.99,33.952,43.631,44.955
124.64,33.651,44.618,45.964
122.79,34.539,45.061,46.188
121.33,35.674,44.745,45.767
122.86,35.14,45.246,46.721
124.95,32.922,45.455,46.88
128.1,33.597,45.564,47.316
128.36,37.436,46.283,47.967
129.93,42.544,46.972,48.285
129.94,46.379,47.344,48.697
128.6,49.912,47.341,48.68
130.04,52.581,46.98,48.085
126.62,51.153,47.097,48.3
128.33,45.339,46.981,48.281
129.9,35.393,47.29,48.252
135.25,29.915,47.33,48.629
143.12,34.157,47.344,48.691
145.73,38.396,48.023,49.179
144.46,42.959,48.183,49.485
143.28,44.522,48.043,49.66
141.35,46.115,48.29,49.669
140.17,48.403,48.532,49.726
140.31,48.825,48.932,50.543
140.16,46.898,49.665,50.832
141.29,47.188,49.841,50.95
141.45,47.879,50.16,51.397
137.09,46.146,49.941,51.146
133.2,47.493,49.584,50.684
130.56,48.554,49.853,50.947
123.11,50.001,50.104,51.449
118.24,48.441,50.907,52.39
113.12,47.664,51.485,52.898
108.06,46.294,51.747,53.081
103.04,46.355,52.444,53.535
105.75,45.714,52.991,54.241
106.95,43.065,53.321,54.578
109.32,37.494,53.588,55.324
112.33,38.523,53.719,55.627
114.47,42.715,54.011,55.632
116.12,48.379,54.13,55.807
120.66,53.306,54.31,55.849
130.06,53.614,54.377,56.09
135.69,50.586,54.952,57.053
139.65,46.948,55.472,57.435
146.39,41.597,55.423,56.77
151.08,39.32,55.512,57.073
151.67,36.99,55.868,57.562
151.78,35.541,56.351,58.562
152.71,36.051,56.812,59.396
151.39,36.622,56.876,59.98
154.34,38.044,57.653,60.819
150.42,41.29,57.501,60.563
146.66,43.723,57.481,60.854
143.02,44.477,57.423,61.244
143.75,43.475,57.189,61.256
138.12,43.23,57.352,61.573
139.72,40.577,57.001,61.298
139.96,38.455,56.629,60.474
139.77,38.713,56.396,59.894
140.18,39.336,56.146,59.239
139.96,40.376,55.979,58.716
139.18,41.153,55.448,58.051
141.98,42.277,55.801,58.723
144.18,42.768,56.083,59.011
144.68,43.494,56.036,58.55
144.03,44.498,55.589,57.644
146.39,46.261,55.5,57.583
144.09,48.72,55.088,57.588
138.84,54.112,55.206,57.404
139.06,59.181,54.859,56.96
140.12,62.526,55.068,56.797
141.19,65.968,54.418,56.334
138.09,68.119,54.683,56.441
135.01,66.931,54.258,55.599
135.56,63.762,54.465,56.041
137.13,62.721,54.738,56.363
133.95,59.937,54.482,55.911
136.12,56.461,54.37,56.024
138.24,55.178,53.985,55.399
137.38,57.23,53.503,54.812
141.17,57.617,53.254,54.116
144.22,59.798,52.547,53.127
146.15,59.839,52.141,52.842
149.21,60.768,51.932,52.098
150.73,59.423,52.008,51.712
151.37,54.808,51.687,51.24
151.84,53.088,51.342,51.168
148.36,51.353,51.524,51.221
144.07,49.109,51.371,50.783
142.1,49.309,50.939,49.815
136.88,52.1,51.131,50.245
131.71,55.984,50.359,49.237
126.87,57.309,50.037,48.929
123.87,58.948,50.119,49.427
118.45,59.794,50.393,50.119
114.19,59.981,50.831,50.696
114.09,60.251,51.053,50.546
111.7,57.265,51,50.464
111.78,52.874,51.433,50.766
114.23,51.609,51.445,50.838
117.62,53.096,51.693,51.059
117.81,58.813,51.154,49.987
120.85,62.922,51.605,50.212
128.02,68.571,51.623,50.086
131.61,72.111,51.384,49.796
138.33,71.401,51.166,49.738
141.12,70.016,51.405,49.788
148.24,67.228,51.47,49.84
157.83,64.665,51.297,49.438
160.65,65.401,51.177,49.097
164.65,68.485,50.567,48.596
165.63,72.499,50.536,48.472
166.43,75.14,50.119,47.548
164.03,76.475,49.918,47.481
161.5,75.583,49.669,47.503
156.59,73.516,48.963,47.056
155.09,70.678,48.752,46.668
153.68,67.381,48.491,46.313
150.51,67.904,48.659,46.366
149.45,67.562,48.457,46.079
151.07,67.31,48.461,45.587
148.63,71.262,48.21,45.218
146.49,71.881,48.399,45.712
143.96,72.892,48.45,45.06
141.96,69.349,48.603,45.109
141.67,69.203,48.287,44.63
141.2,69.817,48.312,44.28
140.3,68.906,48.824,44.945
140.84,67.62,48.551,44.714
142.93,65.582,48.096,43.987
145.4,65.42,47.37,43.069
149.28,64.102,47.184,42.98
154.11,65.787,47.574,43.255
159.38,67.434,47.785,43.758
162.77,70.729,48.298,43.792
165.34,70.845,48.233,43.525
166.46,73.876,48.874,44.252
168.04,73.442,48.639,43.843
170.7,71.564,48.88,44.015
171.96,68.681,48.845,43.889
170.64,67.515,49.287,44.416
170.46,68.259,49.591,44.365
169.37,67.241,49.542,44.308
169.83,65.541,49.71,44.58
170.06,61.698,50.031,44.697
173.62,58.768,49.884,44.428
175.32,59.885,49.966,44.43
175.83,63.233,50.096,44.182
177.46,64.78,50.134,44.305
181.04,64.754,49.845,43.574
179.77,58.653,49.083,42.769
179.82,68.579,48.849,42.327
176.47,76.191,48.682,42.073
174.34,75.581,47.911,41.688
172.26,74.346,47.524,41.257
167.58,72.156,47.143,41.287
164.47,71.438,46.655,41.25
165.93,72.99,46.753,41.297
165.02,73.5,46.458,40.937
158.35,75.913,46.427,40.898
161.94,71.361,46.288,40.881
172.71,73.952,46.459,40.806
172.67,72.122,45.563,39.928
174.07,69.252,44.886,39.24
170.66,64.304,44.469,38.622
166.37,60.86,44.145,38.352
171.6,58.845,44.034,38.497
175.06,61.061,43.439,37.946
179.42,63.028,42.83,37.413
178.23,56.579,42.448,37.174
179.84,58.269,42.139,36.695
181.78,57.601,42.197,36.747
183.09,57.661,42.147,36.288
178.8,55.648,42.097,36.277
175.2,55.567,41.634,35.461
173.37,53.624,41.556,35.309
173.47,51.008,41.397,35.095
171.61,53.015,40.694,34.147
168.28,55.718,40.923,33.956
167.21,59.809,40.774,33.584
164.62,62.467,40.791,33.516
161.95,63.698,41.243,33.755
157.2,61.941,41.527,33.607
150.43,60.187,41.552,33.506
149.46,58.563,41.195,32.838
145.75,56.466,40.813,32.81
143.24,55.32,40.485,32.651
141.23,54.997,40.773,33.029
138.55,55.427,40.851,32.753
137.7,56.261,40.713,32.197
138.08,58.303,40.895,32.391
139.33,59.559,40.512,31.847
135.55,72.853,40.499,31.978
139.8,72.529,40.796,32.087
146.03,69.232,40.168,32.18
150.21,73.153,40.456,32.577
155.13,71.73,40.003,32.036
157.37,71.358,40.02,32.157
160.59,69.674,40.592,32.611
163.13,70.023,40.823,32.831
164.06,72.758,41.46,33.199
163.92,76.096,41.85,33.749
163.1,79.581,41.999,33.802
161.18,82.846,42.203,33.668
159,85.604,42.622,34.31
157.01,86.495,43.171,34.783
154.5,86.243,43.096,35.2
149.44,81.734,42.981,35.287
149.45,78.236,42.852,35.636
144.74,75.767,43.206,36.105
142.06,75.798,43.277,36.399
136.38,79.518,43.326,36.282
134.33,80.982,43.173,36.658
133.62,80.534,43.224,37.185
132.55,77.7,42.945,37.041
129.73,77.566,43.374,37.589
128.81,77.396,43.419,37.754
127.59,74.09,42.758,37.74
124.97,73.54,43.221,38.297
122.72,73.629,43.207,38.214
120.29,73.103,42.989,38.076
115.98,72.704,43.324,38.548
