NaN,NaN,NaN,-1
120,52,72,88
106,52,86,88
108,53,84,87
112,53,80,88
117,54,75,87
112,55,80,87
112,56,79,87
107,57,84,86
116,59,75,87
107,60,84,86
106,62,85,87
126,65,65,87
107,68,84,87
119,72,74,86
131,76,64,85
132,81,66,85
138,85,67,86
128,89,79,86
148,93,64,86
150,97,69,86
161,101,70,86
169,103,69,87
178,105,63,87
181,107,68,86
191,108,67,87
199,109,65,87
210,110,61,87
214,110,64,87
219,110,63,87
222,110,63,88
222,110,65,88
222,110,65,86
221,109,64,87
215,108,64,87
203,108,69,87
199,107,66,87
184,107,72,87
178,108,66,86
168,108,66,87
152,109,72,87
136,110,81,87
126,111,79,87
120,116,78,83
106,113,83,86
97,116,83,85
105,117,67,85
87,118,77,85
89,117,74,86
70,119,83,85
64,119,84,85
66,118,77,85
73,118,67,83
72,114,67,83
56,109,83,83
56,104,83,83
58,98,83,82
61,91,83,83
64,83,83,83
68,76,82,82
72,70,82,81
75,64,83,84
79,60,83,84
103,57,66,83
104,54,72,82
114,52,70,82
120,51,78,81
120,51,87,80
144,52,70,82
152,54,73,82
161,57,65,81
170,59,64,81
178,61,68,82
186,63,71,82
194,64,65,82
203,64,63,83
210,66,68,82
215,66,63,83
219,67,63,82
221,67,63,81
219,66,64,82
216,64,68,82
207,62,68,82
198,60,70,81
188,57,70,82
179,54,69,82
169,52,68,82
159,50,70,81
149,48,71,81
140,47,65,81
129,46,66,81
120,46,71,82
93,48,82,81
86,51,80,81
83,54,73,81
72,57,76,81
77,59,65,82
54,63,83,81
70,67,65,81
71,72,65,81
74,78,64,81
76,83,68,81
63,88,81,81
84,93,64,81
87,99,64,80
72,105,82,80
74,111,82,80
77,117,82,80
97,123,64,80
96,127,68,80
102,130,70,80
109,132,63,80
96,133,81,80
102,132,81,80
112,129,78,80
133,126,65,80
136,122,69,80
147,118,65,80
153,114,65,80
152,110,73,81
165,107,67,81
173,105,65,80
181,101,63,79
185,98,65,81
187,95,68,80
193,91,68,81
196,89,70,80
205,86,66,80
211,83,65,81
215,80,65,80
220,78,62,80
219,75,64,81
220,72,62,81
217,69,68,81
213,66,67,82
205,63,69,82
200,61,63,81
192,59,68,81
172,56,80,81
172,55,72,81
163,52,70,81
153,50,71,81
136,49,78,79
134,47,71,81
127,46,64,79
104,44,85,81
92,43,87,81
103,42,64,80
78,42,83,80
72,42,83,81
67,43,87,81
65,44,82,81
64,45,82,80
66,47,82,80
69,49,82,79
73,50,82,79
78,53,81,80
89,57,73,78
83,60,81,78
86,65,81,77
106,68,63,77
109,71,63,77
110,73,63,77
108,74,69,77
96,74,79,75
116,72,61,77
102,74,77,75
121,73,60,77
114,72,71,75
112,71,77,75
118,70,77,75
145,74,55,71
148,71,56,72
156,68,55,73
138,68,75,71
163,68,53,69
165,67,53,71
168,67,53,71
149,68,73,69
174,73,53,65
179,72,53,68
181,73,54,68
179,74,61,68
193,75,52,66
183,76,66,74
202,75,51,65
205,74,51,65
200,72,58,65
210,70,49,65
212,68,47,63
198,67,63,71
201,69,63,70
219,74,47,62
221,79,48,65
223,91,48,61
225,101,47,63
225,110,47,61
226,119,47,59
223,124,47,61
221,130,45,60
216,132,47,61
213,135,47,60
210,136,45,60
197,137,52,59
192,135,51,60
190,135,46,56
176,131,49,58
159,131,56,57
156,129,48,57
140,129,53,56
132,125,50,57
115,122,55,57
111,121,48,55
103,116,46,57
72,115,66,57
63,113,65,57
55,111,66,57
49,109,65,57
50,108,59,55
58,102,49,56
60,99,47,54
64,91,46,55
51,85,64,54
55,78,65,55
62,70,65,53
69,60,64,57
77,54,61,54
78,46,65,55
81,39,66,53
85,31,66,56
100,25,54,54
93,21,66,53
100,17,63,54
106,16,61,54
129,17,43,54
117,20,61,54
123,26,61,53
127,32,62,54
133,38,63,53
141,44,61,53
150,50,59,53
173,55,43,53
163,61,61,53
185,66,47,53
195,71,46,53
208,76,43,53
199,80,61,53
225,82,43,56
229,88,46,54
234,93,47,54
245,97,42,54
249,102,43,53
255,105,42,54
257,109,43,53
260,109,53,63
253,114,47,53
255,115,42,54
248,116,44,53
241,116,43,53
232,116,44,53
224,116,42,53
214,116,44,53
205,116,43,53
194,116,45,54
185,118,44,53
176,119,44,53
166,120,45,53
156,121,45,53
139,122,52,52
137,122,44,52
128,121,45,53
112,120,52,53
108,119,48,53
104,118,45,53
98,116,45,53
72,114,65,53
87,112,44,53
62,109,65,53
64,104,60,53
56,100,64,52
74,95,42,52
52,89,62,53
70,84,43,52
48,78,63,53
47,72,73,63
45,65,65,53
64,58,46,53
48,51,63,54
46,45,65,53
56,40,56,53
53,36,58,53
45,32,64,53
62,30,45,53
60,29,46,53
38,32,66,53
42,37,59,53
39,42,60,53
37,46,60,53
38,50,58,53
31,53,63,53
30,55,65,53
37,57,59,53
33,59,66,52
40,61,62,53
39,65,66,53
43,70,65,53
46,77,65,52
50,83,66,53
56,90,65,53
64,96,64,53
70,102,65,53
80,107,63,52
89,111,63,51
115,113,47,52
109,115,65,52
140,115,45,52
151,114,45,52
157,112,50,52
159,107,58,52
182,103,45,52
170,99,62,52
174,97,63,52
198,95,43,52
201,93,45,52
201,91,45,52
199,88,45,53
196,85,44,53
191,82,44,52
165,78,65,53
176,74,48,53
171,71,46,53
164,68,47,53
162,65,43,53
154,63,45,53
136,63,56,52
132,64,52,52
132,66,45,52
111,70,60,53
119,76,45,53
98,82,62,53
87,88,70,61
85,93,70,61
90,97,65,53
98,101,61,52
99,103,66,52
107,104,65,52
116,104,65,53
126,105,64,53
137,104,63,53
147,104,63,52
157,103,62,53
173,103,55,53
193,104,42,53
195,106,47,53
180,108,67,58
209,110,42,53
212,113,42,53
212,117,44,53
213,122,42,53
209,126,42,53
203,129,42,53
192,132,46,53
190,133,42,53
181,134,44,53
174,134,44,53
168,134,42,53
159,133,42,52
146,130,45,53
125,127,56,53
123,123,50,52
98,118,65,53
91,112,62,53
100,107,43,53
90,101,44,53
63,94,64,53
76,87,44,53
56,80,59,54
50,74,61,53
44,67,65,54
64,61,47,54
48,56,66,53
64,51,55,54
59,47,65,54
66,43,63,53
80,39,55,54
77,36,63,53
82,33,62,54
86,32,63,53
102,31,50,54
93,32,63,54
97,35,62,54
100,39,63,54
105,43,62,54
109,48,63,54
113,52,62,54
117,57,62,53
120,61,62,53
123,63,63,54
126,65,63,53
129,67,63,53
132,68,62,53
134,69,63,54
136,71,63,53
138,71,62,54
