NaN,NaN,NaN,-1
120,52,72,88
106,52,86,88
124,53,68,87
112,54,80,87
125,54,67,87
112,55,80,87
112,56,79,87
106,57,85,87
128,59,63,87
112,61,79,85
106,63,85,86
126,65,65,86
107,68,84,86
129,71,64,86
129,76,66,85
131,81,67,85
135,85,70,86
128,89,79,86
148,93,64,86
150,97,69,86
164,101,62,86
168,103,70,87
178,105,63,87
181,107,68,86
192,110,65,84
201,108,65,85
208,109,63,88
216,110,62,87
221,110,61,87
224,110,61,85
226,110,61,87
226,109,61,87
223,108,65,86
217,108,62,87
203,108,69,86
199,107,66,87
189,107,66,87
182,108,62,86
172,110,62,85
152,110,72,84
136,110,81,86
122,111,83,85
116,112,82,86
106,113,83,85
97,115,83,84
109,117,63,83
101,116,63,85
95,117,63,85
70,118,83,84
65,118,83,84
76,116,67,85
77,114,63,85
76,110,63,85
56,105,83,85
57,103,82,82
58,95,83,84
61,88,83,84
65,83,82,81
86,73,64,84
72,67,82,84
93,64,65,82
80,58,82,83
107,56,62,82
110,54,66,81
120,51,64,82
120,50,78,81
136,50,71,81
146,52,68,80
156,54,69,81
163,54,68,83
171,58,63,81
178,61,68,81
189,63,68,81
196,64,63,80
206,65,61,80
212,64,61,82
216,66,63,81
222,67,61,80
223,67,61,81
222,66,64,80
217,64,67,80
210,62,65,80
201,59,64,80
188,57,70,80
182,54,66,80
172,52,65,80
162,50,67,80
151,48,69,80
142,47,63,80
129,46,66,80
122,47,63,79
93,48,82,80
92,51,74,80
83,54,73,80
72,57,76,80
79,59,63,80
54,63,83,80
72,67,63,80
73,72,63,80
76,78,62,80
78,83,66,80
64,88,80,80
86,93,62,80
90,99,61,79
72,105,82,79
75,111,81,79
77,117,82,79
99,123,62,79
102,127,62,79
106,130,61,79
111,132,61,79
96,133,81,78
122,132,61,79
112,130,78,78
123,126,75,79
136,122,69,79
147,118,65,80
158,114,61,79
152,110,74,80
168,108,64,79
173,105,70,79
183,101,61,79
176,98,73,79
187,95,68,79
196,91,65,80
206,89,60,79
207,86,64,79
213,83,63,79
217,80,63,80
222,78,60,79
222,75,61,80
222,72,60,80
219,69,66,80
213,66,67,80
209,63,65,80
202,61,61,80
194,59,66,79
186,56,66,80
176,55,68,79
166,52,67,80
158,50,66,80
131,49,83,79
138,47,67,80
130,46,61,79
101,44,88,80
93,43,86,80
99,42,68,80
99,42,62,80
73,42,82,80
68,43,86,80
65,44,82,80
64,45,82,79
66,47,82,79
69,49,82,78
74,50,81,78
80,53,79,78
99,57,63,78
84,60,81,78
86,65,81,77
106,68,63,77
109,71,63,77
112,73,61,77
113,74,64,75
96,74,79,75
117,74,60,75
102,74,77,75
124,73,58,75
115,74,70,73
112,73,79,73
120,73,77,71
143,73,59,71
151,72,55,71
157,70,55,71
139,68,77,72
164,68,55,71
166,70,55,67
168,67,55,70
149,68,77,69
175,70,53,68
177,73,55,67
181,73,56,68
179,77,64,65
193,75,69,66
183,76,68,74
203,75,51,65
208,74,51,65
200,70,60,69
205,71,57,65
212,69,51,65
198,67,67,71
201,70,65,71
221,74,47,64
224,81,47,63
224,92,49,63
227,105,47,59
227,113,47,59
228,117,47,61
225,125,47,61
221,131,45,59
218,134,47,59
215,135,45,60
210,139,47,57
197,139,52,57
192,138,53,57
192,135,44,58
176,134,51,57
159,131,58,57
158,131,46,56
140,129,53,56
132,127,50,56
116,124,54,55
116,121,43,55
93,118,56,55
72,117,66,55
85,115,43,55
55,113,66,55
56,111,59,55
51,108,58,55
64,104,43,54
60,99,47,55
67,93,43,55
72,85,43,56
55,78,65,55
62,70,65,55
70,62,63,55
96,54,43,55
78,46,65,54
81,39,66,53
85,31,66,54
90,25,64,54
96,21,63,53
102,17,61,54
126,16,41,54
109,17,63,56
136,20,42,54
121,26,63,53
126,32,63,54
133,38,63,53
141,44,61,53
146,51,63,52
175,55,41,53
181,61,43,53
185,66,47,53
195,71,46,53
209,76,42,53
217,80,42,53
225,84,43,54
229,89,45,53
234,93,47,54
246,97,41,54
251,102,41,53
256,105,41,54
259,109,41,53
238,111,64,64
259,114,41,53
255,115,42,54
248,116,44,53
243,116,41,53
234,116,42,53
225,116,41,53
216,116,42,53
206,116,42,53
198,117,41,53
185,118,44,53
179,119,41,53
169,120,42,53
159,121,42,53
139,121,52,53
135,121,46,53
128,121,45,53
112,120,52,53
115,118,41,54
107,118,42,53
100,116,43,53
72,114,65,53
83,112,48,53
62,109,65,51
62,104,62,53
78,100,42,52
75,95,41,52
61,89,53,53
71,84,41,52
69,78,42,51
68,72,52,63
68,65,52,63
64,58,46,53
69,51,52,64
46,45,65,53
70,40,42,53
69,36,42,53
67,32,52,63
66,30,41,53
64,29,42,53
38,32,66,53
59,37,42,53
56,42,43,53
56,46,41,53
34,50,62,53
53,53,41,53
33,55,62,53
41,57,55,53
38,59,61,53
42,61,60,53
44,65,79,54
48,70,60,53
50,77,61,53
50,83,66,53
56,90,65,53
64,96,64,53
72,102,63,53
80,107,63,52
91,111,61,51
104,113,59,52
111,115,63,52
142,115,43,52
133,114,63,52
146,111,61,53
168,107,50,52
184,103,42,52
186,99,46,52
198,97,39,52
202,95,39,52
204,93,40,52
205,91,41,52
203,88,40,53
199,85,41,53
194,82,41,52
188,78,42,53
184,74,40,53
171,71,46,53
164,68,47,53
164,65,41,53
158,63,41,53
136,63,56,52
132,64,52,52
136,66,41,52
111,70,60,53
120,76,44,53
98,82,62,53
87,88,70,61
90,93,65,53
90,97,66,53
104,101,55,52
99,103,66,52
107,104,65,52
116,104,65,53
127,105,63,53
154,104,46,53
147,104,63,52
157,103,62,53
187,103,41,53
177,104,58,53
196,106,46,53
180,108,67,58
203,110,48,53
214,113,40,53
212,117,44,53
213,122,42,53
200,126,51,53
204,130,41,52
192,132,46,53
192,133,40,53
185,134,40,53
175,134,43,53
169,134,41,53
160,133,41,52
150,130,41,53
124,127,57,53
123,123,50,52
98,118,65,53
91,112,62,53
101,107,42,53
91,101,43,53
63,94,77,53
59,87,61,53
56,80,59,66
69,74,42,53
44,67,65,54
52,61,59,66
48,56,66,53
75,51,44,54
59,47,65,54
72,43,57,53
74,39,61,54
88,36,52,53
87,33,57,63
107,32,42,53
109,31,43,54
114,32,42,54
99,35,60,54
108,39,55,54
126,43,42,54
128,48,44,53
135,52,41,54
138,57,41,53
141,61,41,53
145,63,41,54
148,65,41,53
151,67,41,53
144,68,50,53
156,69,41,54
140,70,59,66
149,71,51,54
