NaN,NaN,NaN,-1
NaN,NaN,NaN,-2
NaN,NaN,NaN,0
NaN,NaN,NaN,0
NaN,NaN,NaN,0
NaN,NaN,NaN,0
NaN,NaN,NaN,-1
NaN,NaN,NaN,-2
NaN,NaN,NaN,0
NaN,NaN,NaN,0
NaN,NaN,NaN,0
NaN,NaN,NaN,0
NaN,NaN,NaN,-1
NaN,NaN,NaN,-2
NaN,NaN,NaN,0
NaN,NaN,NaN,0
NaN,NaN,NaN,0
NaN,NaN,NaN,0
NaN,NaN,NaN,-1
127,66,52,51
124,66,52,50
121,65,51,50
119,64,49,50
114,63,50,51
110,63,52,49
105,62,52,50
103,62,50,50
97,62,50,50
93,63,50,52
90,64,49,51
87,66,49,49
85,67,51,50
83,68,49,52
82,71,49,51
82,72,47,52
82,73,49,52
81,73,50,52
82,74,49,52
82,75,48,52
83,76,49,51
84,79,49,49
85,81,49,48
85,86,49,48
85,87,47,52
86,91,47,50
88,93,47,51
90,96,47,52
93,100,51,51
96,102,48,50
99,104,50,49
100,106,52,49
103,107,52,50
108,108,52,49
113,109,52,49
118,109,51,49
124,108,52,49
128,107,52,51
135,106,52,51
139,106,52,50
142,106,52,50
146,107,52,49
150,107,52,49
155,107,52,49
161,106,52,50
167,106,52,50
171,106,52,50
176,107,51,49
183,107,47,50
185,108,52,51
189,110,51,52
193,112,49,50
196,115,49,50
199,117,49,48
202,118,48,50
204,120,52,50
206,122,52,52
208,124,52,51
209,126,48,52
209,129,52,52
208,132,49,52
208,134,49,51
207,137,50,49
205,139,50,50
202,141,49,51
200,143,49,52
198,145,49,51
196,145,51,51
193,146,51,51
190,147,50,52
187,148,52,52
184,148,50,49
180,147,48,50
178,146,49,50
175,144,50,51
175,142,48,50
174,137,49,50
174,133,50,50
174,128,49,50
174,123,49,50
173,119,50,50
173,116,49,49
172,112,49,50
173,108,48,49
173,103,51,49
173,98,48,50
173,94,51,49
173,91,52,49
173,89,50,50
173,88,52,50
172,88,52,50
171,89,51,50
170,90,52,50
169,91,52,50
168,92,52,50
168,94,52,49
168,93,52,50
168,94,52,50
169,94,52,50
170,95,52,49
170,95,52,49
170,96,52,48
171,96,52,51
173,96,52,49
174,96,50,48
176,96,50,49
175,96,52,48
177,95,49,50
178,95,50,49
178,94,50,48
179,91,51,47
182,89,49,47
182,83,48,49
182,80,48,47
183,76,47,52
183,73,47,52
182,70,49,52
181,65,50,51
181,62,50,52
181,58,49,52
181,53,46,52
182,49,46,52
183,45,46,52
193,41,37,52
192,37,41,52
192,35,42,52
192,33,43,52
192,32,43,52
190,31,44,52
189,30,44,50
187,31,42,51
186,31,46,48
180,34,50,52
176,37,51,51
176,40,43,52
173,44,42,52
171,47,46,49
172,50,31,49
174,53,30,46
173,58,31,45
172,60,33,52
171,66,41,51
169,70,45,52
168,73,46,52
167,75,46,52
167,79,46,49
167,83,44,49
167,85,45,50
167,87,52,51
173,91,51,49
175,92,52,50
176,94,52,51
177,95,51,51
176,95,52,50
175,94,52,51
172,92,51,50
167,91,52,50
162,89,49,49
155,87,52,51
148,85,47,52
140,83,52,50
132,80,51,51
123,78,50,50
114,76,47,52
106,74,45,51
99,71,48,52
90,69,50,52
83,69,51,51
74,69,50,51
67,69,47,50
62,68,50,52
57,68,49,52
51,70,51,51
45,71,51,52
40,74,52,52
37,77,52,52
35,81,52,52
35,84,50,52
37,88,52,52
40,90,51,52
43,92,50,52
46,95,50,52
51,99,49,52
54,104,51,52
57,109,49,51
59,115,48,52
60,120,51,52
63,126,52,52
66,131,52,52
70,136,49,52
73,140,52,51
76,141,52,52
80,143,52,52
84,144,52,52
88,146,48,52
92,147,50,52
97,149,49,52
101,150,51,52
106,152,47,52
110,155,47,52
114,160,47,52
120,165,42,52
125,170,43,51
127,174,47,51
131,179,48,50
138,181,47,51
141,183,47,50
146,184,47,49
151,183,48,50
155,181,48,52
160,180,50,51
165,178,47,50
169,175,47,51
172,171,47,50
173,168,47,51
175,164,47,51
176,161,47,51
177,158,47,50
179,155,47,49
181,152,47,50
182,150,47,49
183,148,48,49
184,146,51,50
184,143,51,52
185,141,50,52
186,139,49,52
186,138,49,52
186,137,49,51
185,133,51,51
184,129,52,50
183,125,47,51
182,123,45,50
181,119,46,49
180,114,47,49
179,110,48,50
179,106,48,51
177,103,50,51
176,102,52,50
174,100,50,52
173,99,49,52
172,99,52,52
172,98,52,52
172,98,52,51
171,97,51,52
171,97,52,51
