NaN,NaN,NaN,-1
NaN,NaN,NaN,-2
NaN,NaN,NaN,0
NaN,NaN,NaN,0
NaN,NaN,NaN,0
NaN,NaN,NaN,0
NaN,NaN,NaN,-1
NaN,NaN,NaN,-2
NaN,NaN,NaN,0
NaN,NaN,NaN,0
NaN,NaN,NaN,0
NaN,NaN,NaN,0
NaN,NaN,NaN,-1
151,76,51,50
150,76,51,50
148,75,51,51
145,73,48,51
141,74,51,50
137,72,50,50
132,71,51,51
129,71,51,50
125,69,48,46
121,67,48,47
117,66,47,48
112,65,50,47
108,65,51,48
104,65,49,48
100,65,51,48
96,65,47,51
92,66,51,50
89,67,47,48
86,68,46,49
85,70,51,50
84,71,47,51
83,73,48,51
83,74,48,51
83,74,48,51
83,75,48,51
84,76,48,51
85,77,47,50
85,79,48,49
86,82,48,48
86,86,48,48
86,88,46,51
86,92,46,49
88,95,47,49
90,97,47,51
93,100,51,51
96,102,48,50
99,104,50,49
102,106,50,49
105,108,51,49
109,109,51,48
114,110,51,49
119,110,50,48
125,109,51,48
129,109,46,49
134,109,51,47
139,107,51,49
143,108,51,48
147,108,51,48
150,108,51,48
155,108,51,48
161,108,51,48
167,107,51,49
172,107,51,49
178,108,49,48
181,108,48,49
186,109,51,50
190,111,45,51
193,114,49,48
196,115,49,50
199,117,49,49
202,119,50,49
205,122,51,48
208,123,50,51
210,126,47,49
210,128,48,51
210,131,50,51
209,134,47,51
209,136,47,50
208,138,49,48
206,141,49,48
203,143,49,49
201,145,48,50
199,146,48,50
197,146,50,50
195,147,49,49
192,148,48,51
189,149,50,49
186,149,48,48
183,148,48,49
179,146,48,50
177,145,48,50
177,143,46,49
177,139,46,48
176,134,48,49
176,129,47,49
175,124,48,49
175,120,48,49
174,117,48,48
174,113,47,49
174,110,47,48
174,105,50,48
174,100,47,48
174,95,50,48
174,92,51,48
174,90,49,49
174,89,51,49
173,89,51,49
172,90,50,49
171,91,51,49
170,92,51,49
170,93,51,49
169,94,51,49
169,95,51,48
170,95,51,49
170,95,51,49
171,96,51,48
171,96,51,48
172,96,51,48
173,96,50,51
175,97,50,47
176,97,50,47
176,97,51,48
177,97,50,47
178,96,49,49
179,95,49,49
181,94,47,51
182,92,48,44
182,88,49,48
183,83,49,49
184,80,49,48
184,77,46,51
184,74,47,51
184,71,47,49
182,66,49,50
181,64,50,50
181,59,49,51
181,55,51,50
184,52,48,50
185,47,47,51
189,43,44,51
192,40,41,51
192,37,43,51
192,36,49,51
192,36,49,51
190,35,51,51
190,35,44,51
189,35,43,51
183,37,47,49
180,38,50,50
176,41,51,51
179,45,40,50
175,48,40,50
169,51,46,50
170,54,37,51
170,57,37,51
171,61,33,51
172,67,33,51
171,71,37,50
169,73,42,51
168,77,46,50
169,80,40,47
168,83,44,49
167,85,44,47
167,87,45,48
170,89,50,49
174,92,50,48
180,94,47,48
185,96,43,49
184,96,44,51
184,95,46,50
183,94,45,51
181,92,42,48
175,90,48,50
171,88,48,49
163,86,47,44
158,85,49,44
149,82,44,45
140,80,45,45
132,77,40,46
121,73,50,46
114,74,39,42
110,68,38,46
99,69,38,42
93,68,44,41
84,68,38,39
74,67,39,40
71,67,40,39
60,65,43,39
53,66,48,38
47,68,44,40
41,67,50,48
37,75,51,45
35,77,50,48
34,80,51,50
36,85,50,50
39,88,51,51
42,91,51,51
47,95,49,51
51,100,49,50
55,105,50,51
58,110,48,50
60,115,46,48
61,121,46,51
64,127,51,51
67,132,51,51
71,137,48,51
74,140,46,51
77,142,51,51
81,144,51,51
85,146,51,51
90,147,48,51
93,148,49,51
98,150,46,51
102,151,50,51
107,153,50,51
112,156,46,51
117,160,45,51
121,165,45,51
129,170,43,50
135,174,40,51
136,179,43,50
139,181,44,50
144,183,44,50
148,184,45,49
153,183,45,50
157,182,46,51
162,182,48,51
166,180,46,48
171,177,45,49
174,173,44,48
175,169,44,48
176,166,46,49
177,162,45,48
178,159,46,49
179,156,46,48
181,153,44,49
182,150,45,49
183,149,46,51
185,147,45,49
185,145,47,51
185,144,47,51
185,142,47,50
185,141,46,51
185,138,50,51
186,135,50,51
184,131,51,49
184,126,44,50
182,123,46,50
182,119,45,49
181,115,45,48
181,111,46,49
182,108,44,49
178,105,49,49
178,104,46,48
176,103,48,49
177,103,45,48
177,103,47,48
177,103,47,47
177,103,47,46
177,102,46,47
177,102,47,46
