NaN,NaN,NaN,-1
NaN,NaN,NaN,-2
NaN,NaN,NaN,0
NaN,NaN,NaN,0
NaN,NaN,NaN,0
NaN,NaN,NaN,0
NaN,NaN,NaN,-1
NaN,NaN,NaN,-2
NaN,NaN,NaN,0
NaN,NaN,NaN,0
NaN,NaN,NaN,0
NaN,NaN,NaN,0
NaN,NaN,NaN,-1
NaN,NaN,NaN,-2
NaN,NaN,NaN,0
NaN,NaN,NaN,0
NaN,NaN,NaN,0
NaN,NaN,NaN,0
NaN,NaN,NaN,-1
127,66,52,51
124,66,52,50
122,65,50,50
118,64,50,50
114,63,50,51
110,62,52,50
106,62,51,50
102,62,51,50
98,62,52,50
94,63,49,52
90,64,49,51
87,65,49,50
85,68,51,49
84,69,52,51
83,71,50,51
82,72,49,51
81,72,50,52
81,73,50,52
82,74,49,52
83,75,49,52
83,76,49,51
85,78,48,50
86,81,48,51
85,84,47,51
85,87,46,52
86,91,46,50
88,93,46,51
90,96,47,47
93,100,47,46
96,102,48,50
99,104,50,51
102,105,50,50
103,107,52,50
107,108,52,49
113,108,52,50
117,109,52,49
123,108,52,50
128,108,46,50
131,108,47,48
135,108,48,48
139,108,47,48
142,109,42,47
145,109,48,47
150,110,47,47
156,110,46,46
159,109,49,47
165,110,48,46
170,111,46,45
173,111,46,46
176,113,47,46
180,117,47,48
190,117,41,48
193,121,43,44
197,121,40,46
200,124,37,51
202,126,41,51
203,129,43,48
207,133,40,43
208,134,37,45
207,137,41,49
207,139,40,47
206,142,41,45
205,144,42,44
203,146,39,46
200,148,40,45
197,151,43,44
195,152,40,44
194,152,39,44
190,153,38,43
187,153,35,46
182,153,37,44
179,153,37,44
172,152,38,45
175,151,34,45
173,149,35,46
173,146,35,46
173,143,34,43
173,138,34,43
172,132,33,45
171,127,32,45
172,127,33,41
171,119,33,45
172,117,33,43
171,113,36,43
164,106,41,45
171,101,34,45
171,97,34,50
174,93,32,47
173,92,34,44
173,91,34,44
170,91,38,44
169,91,37,46
160,92,44,44
160,93,43,44
159,95,39,44
165,94,38,45
164,96,39,44
166,95,37,44
163,94,40,47
163,96,40,44
160,97,45,43
160,97,44,43
160,97,45,43
163,96,48,44
163,96,51,43
166,96,52,43
171,92,48,45
169,92,50,44
171,92,50,43
182,86,39,47
182,85,35,44
181,83,38,44
182,81,39,46
184,74,39,44
184,70,39,46
181,71,43,39
181,64,42,41
181,63,41,36
180,60,40,38
177,50,42,47
177,50,50,45
181,42,47,48
180,34,49,52
184,40,46,46
192,35,39,52
192,34,41,51
192,33,43,52
192,32,42,52
190,31,43,52
190,31,43,51
189,31,40,51
190,32,40,52
180,34,50,52
176,37,44,49
173,40,46,52
175,44,40,52
166,47,50,52
167,51,41,52
169,54,37,51
166,57,43,52
170,60,35,52
171,66,37,52
169,70,45,52
168,74,46,52
168,77,52,52
168,79,52,49
168,83,52,49
168,85,52,50
171,88,49,50
178,91,49,49
184,92,43,50
187,95,45,50
189,95,43,50
189,95,41,50
184,92,44,52
182,92,45,49
178,90,48,50
173,86,48,51
162,85,48,46
158,85,49,49
150,82,45,46
141,79,48,50
132,76,51,51
123,73,48,51
115,74,42,48
107,68,44,52
99,69,41,48
90,65,47,50
83,69,45,46
76,67,45,47
68,67,47,46
61,66,51,46
55,66,47,47
49,67,52,47
44,71,49,46
40,75,50,48
38,79,50,48
37,83,51,48
38,84,51,51
40,88,51,52
43,91,50,52
46,94,50,52
50,98,50,52
54,103,51,52
57,109,49,51
58,114,49,49
60,119,51,52
63,125,52,52
66,131,52,52
69,135,50,52
72,140,52,51
76,141,52,52
80,143,52,50
84,144,52,52
88,146,50,52
92,147,50,52
97,149,49,52
101,150,51,52
107,152,47,52
110,155,47,52
116,160,47,51
123,165,43,51
129,170,41,50
131,174,45,51
134,179,45,50
138,181,47,50
143,182,47,51
147,184,46,49
151,183,47,50
155,181,48,52
160,180,50,49
165,177,47,50
169,175,49,51
172,171,47,50
174,168,49,49
175,164,47,49
176,161,47,49
177,158,47,50
178,155,47,49
180,152,45,50
182,150,47,49
183,148,46,49
183,146,47,50
183,144,49,51
184,142,48,52
184,141,51,51
184,140,47,51
184,137,51,52
184,134,52,52
183,129,47,51
182,125,47,51
181,123,46,50
180,119,47,49
180,114,47,50
178,110,49,50
177,106,49,51
176,103,51,51
175,101,49,51
173,100,51,52
172,99,52,52
172,99,52,52
172,98,52,52
171,98,51,51
171,97,49,52
171,97,52,51
