NaN,NaN,NaN,-1
NaN,NaN,NaN,-2
NaN,NaN,NaN,0
NaN,NaN,NaN,0
NaN,NaN,NaN,0
NaN,NaN,NaN,0
NaN,NaN,NaN,-1
NaN,NaN,NaN,-2
NaN,NaN,NaN,0
NaN,NaN,NaN,0
NaN,NaN,NaN,0
NaN,NaN,NaN,0
NaN,NaN,NaN,-1
NaN,NaN,NaN,-2
NaN,NaN,NaN,0
NaN,NaN,NaN,0
NaN,NaN,NaN,0
NaN,NaN,NaN,0
NaN,NaN,NaN,-1
128,66,52,51
124,66,52,50
122,65,50,50
119,64,49,50
115,63,49,50
110,62,52,50
106,62,51,50
102,62,51,50
98,62,52,50
95,63,49,52
91,64,52,52
88,66,48,52
85,68,51,51
84,69,48,51
82,71,49,52
81,72,48,52
81,73,50,52
81,73,50,52
82,74,49,52
83,75,49,52
83,76,49,51
84,78,49,50
84,81,47,51
85,84,47,51
85,88,47,51
86,91,47,48
88,95,47,49
90,96,47,52
92,100,52,51
94,101,50,51
97,103,52,50
102,105,50,50
103,107,52,50
108,108,52,49
113,109,52,49
118,109,51,49
125,108,52,49
132,106,51,52
136,106,51,50
140,106,52,50
143,106,52,50
147,106,52,50
151,106,52,50
155,107,52,49
161,106,51,50
167,105,52,51
171,106,52,50
176,106,51,50
181,107,50,50
184,108,51,51
188,110,47,52
192,112,50,50
195,114,50,51
198,115,50,51
200,117,50,51
203,120,52,50
206,122,52,52
208,124,52,52
209,126,52,52
209,129,51,52
208,132,49,52
208,134,49,51
207,137,50,51
205,139,50,50
202,141,50,51
200,143,49,52
198,145,49,51
196,145,51,51
194,146,51,50
191,146,51,51
188,147,50,50
186,148,49,49
182,147,48,50
179,146,48,50
177,145,49,50
177,142,49,50
176,138,49,49
176,133,49,50
175,128,48,50
175,124,48,49
174,119,49,50
173,116,49,49
173,112,48,50
173,108,48,49
173,103,51,49
172,98,49,50
173,94,51,49
174,90,51,50
174,89,49,50
173,88,52,50
172,88,52,50
171,89,51,50
170,90,52,50
169,91,52,50
168,92,52,50
168,93,52,50
168,94,52,49
169,94,52,50
169,94,52,50
170,95,52,49
170,95,52,49
171,95,52,49
172,95,52,52
173,95,52,49
174,95,50,49
174,96,52,49
175,96,52,48
177,95,50,50
178,94,50,50
178,92,50,50
178,90,52,48
179,86,51,50
182,83,48,49
182,80,48,47
183,76,48,52
183,73,49,52
182,69,50,51
181,65,50,51
181,62,50,52
181,57,44,48
181,53,51,52
182,49,46,52
183,44,49,52
191,41,41,52
192,38,41,52
189,35,47,52
192,34,49,51
192,33,49,52
190,32,47,51
190,31,43,51
192,32,40,52
183,33,49,52
180,35,50,51
176,38,52,50
176,41,43,52
173,44,42,52
171,48,46,52
170,51,46,52
169,55,48,52
170,58,37,48
172,62,45,52
171,66,47,52
169,69,47,52
169,73,45,52
169,76,51,51
169,78,51,51
169,83,51,49
169,85,50,50
170,88,50,50
174,91,50,49
179,92,48,50
184,94,45,51
184,95,47,50
184,92,44,48
184,92,47,47
182,91,45,49
177,90,47,48
171,85,49,50
163,85,47,45
155,85,52,43
148,82,45,44
138,79,47,46
129,76,52,46
123,73,48,46
113,74,41,39
107,67,41,42
97,65,41,42
90,70,47,39
81,68,43,35
71,64,43,37
70,67,41,38
59,65,44,35
53,66,48,35
47,68,44,40
41,67,50,48
37,74,52,46
34,76,51,48
34,81,51,50
36,86,50,50
39,88,51,52
42,91,51,52
46,95,50,52
50,100,49,51
54,104,51,52
57,110,48,50
58,115,51,52
60,121,49,51
63,127,47,50
66,132,52,52
70,136,49,52
73,139,52,52
77,141,51,52
81,143,51,52
85,144,52,52
89,146,49,52
93,147,49,52
98,149,47,52
102,150,50,52
107,152,47,52
111,155,47,52
115,160,47,52
122,164,45,52
127,170,43,51
134,174,41,51
138,179,45,50
143,182,41,49
146,183,43,50
150,182,43,51
153,182,46,51
157,181,46,52
162,181,48,52
165,179,47,51
170,176,48,52
173,172,47,52
174,168,47,52
175,164,47,51
176,160,47,52
178,157,45,51
179,154,46,51
181,152,47,50
183,150,46,49
184,148,46,49
184,144,46,52
184,143,48,52
184,142,48,52
184,141,48,51
184,140,47,52
184,137,51,52
184,134,52,52
183,130,47,47
182,126,46,50
181,123,46,50
180,119,47,49
180,114,46,49
178,110,49,50
177,107,49,50
176,104,51,50
175,102,49,50
173,100,51,52
172,100,50,51
172,99,52,52
172,99,52,51
172,98,52,51
171,98,51,51
171,97,52,52
