NaN,NaN,NaN,-1
245,51,84,187
243,50,84,187
241,49,84,187
239,49,84,187
236,49,84,187
229,51,84,187
227,52,84,187
225,53,84,187
223,54,84,187
221,56,84,187
220,56,84,187
216,56,84,187
211,55,84,187
204,53,84,187
201,53,84,187
199,52,84,187
198,52,84,187
198,52,84,187
198,50,84,187
198,49,84,187
198,48,84,187
199,39,84,187
199,39,84,187
203,38,84,187
198,44,84,187
195,65,84,187
197,66,84,187
200,67,84,187
200,68,84,187
200,69,84,187
198,71,84,187
194,72,84,187
191,72,84,187
184,70,84,187
180,69,84,187
179,68,84,187
179,76,84,187
188,73,84,187
192,71,84,187
196,70,84,187
199,69,84,187
204,67,84,187
207,66,84,187
209,65,84,187
210,64,84,187
212,61,84,187
214,59,84,187
216,57,84,187
218,55,84,187
223,54,84,187
226,53,84,187
229,52,84,187
231,51,84,187
236,49,84,187
238,49,84,187
240,49,84,187
241,49,84,187
242,52,84,187
242,54,84,187
243,55,84,187
243,57,84,187
242,61,84,187
241,62,84,187
242,62,84,187
243,63,84,187
247,65,84,187
249,66,84,187
251,67,84,187
253,68,84,187
256,72,84,187
257,74,84,187
259,76,84,187
261,77,84,187
264,78,84,187
265,78,84,187
265,78,84,187
265,77,84,187
264,73,84,187
263,70,84,187
262,66,84,187
260,63,84,187
255,56,84,187
252,53,84,187
248,51,84,187
245,50,84,187
237,49,84,187
234,50,84,187
232,50,84,187
230,51,84,187
227,51,84,187
227,52,84,187
227,52,84,187
227,53,84,187
228,54,84,187
228,54,84,187
228,54,84,187
228,54,84,187
228,53,84,187
228,53,84,187
228,52,84,187
227,52,84,187
225,53,84,187
224,53,84,187
222,54,84,187
220,55,84,187
216,60,84,187
215,63,84,187
213,66,84,187
212,70,84,187
213,78,84,187
217,80,84,187
213,83,84,187
213,83,84,187
213,83,84,187
213,83,84,187
213,83,84,187
213,83,84,187
213,83,84,187
213,83,84,187
213,83,84,187
213,83,84,187
213,83,84,187
213,83,84,187
213,83,84,187
213,83,84,187
213,83,84,187
213,83,84,187
213,83,84,187
213,83,84,187
213,83,84,187
213,83,84,187
213,83,84,187
213,83,84,187
213,83,84,187
213,83,84,187
213,83,84,187
213,83,84,187
213,83,84,187
213,83,84,187
213,83,84,187
213,83,84,187
213,83,84,187
213,83,84,187
213,83,84,187
213,83,84,187
213,83,84,187
213,83,84,187
213,83,84,187
213,83,84,187
213,83,84,187
213,83,84,187
213,83,84,187
213,83,84,187
213,83,84,187
213,83,84,187
213,83,84,187
213,83,84,187
213,83,84,187
213,83,84,187
213,83,84,187
213,83,84,187
213,83,84,187
213,83,84,187
213,83,84,187
213,83,84,187
213,83,84,187
213,83,84,187
213,83,84,187
213,83,84,187
213,83,84,187
213,83,84,187
213,83,84,187
213,83,84,187
213,83,84,187
213,83,84,187
213,83,84,187
213,83,84,187
213,83,84,187
213,83,84,187
213,83,84,187
213,83,84,187
213,83,84,187
213,83,84,187
213,83,84,187
213,83,84,187
213,83,84,187
213,83,84,187
213,83,84,187
213,83,84,187
213,83,84,187
213,83,84,187
213,83,84,187
213,83,84,187
213,83,84,187
213,83,84,187
213,83,84,187
213,83,84,187
213,83,84,187
213,83,84,187
213,83,84,187
213,83,84,187
213,83,84,187
213,83,84,187
213,83,84,187
213,83,84,187
213,83,84,187
213,83,84,187
213,83,84,187
213,83,84,187
213,83,84,187
213,83,84,187
213,83,84,187
213,83,84,187
213,83,84,187
213,83,84,187
213,83,84,187
213,83,84,187
213,83,84,187
213,83,84,187
213,83,84,187
213,83,84,187
213,83,84,187
213,83,84,187
213,83,84,187
213,83,84,187
213,83,84,187
213,83,84,187
213,83,84,187
213,83,84,187
213,83,84,187
213,83,84,187
213,83,84,187
213,83,84,187
213,83,84,187
213,83,84,187
213,83,84,187
213,83,84,187
213,83,84,187
213,83,84,187
213,83,84,187
213,83,84,187
213,83,84,187
213,83,84,187
213,83,84,187
213,83,84,187
213,83,84,187
213,83,84,187
213,83,84,187
213,83,84,187
213,83,84,187
213,83,84,187
213,83,84,187
213,83,84,187
213,83,84,187
213,83,84,187
213,83,84,187
213,83,84,187
213,83,84,187
213,83,84,187
213,83,84,187
213,83,84,187
213,83,84,187
213,83,84,187
213,83,84,187
213,83,84,187
213,83,84,187
213,83,84,187
213,83,84,187
213,83,84,187
213,83,84,187
213,83,84,187
213,83,84,187
213,83,84,187
213,83,84,187
213,83,84,187
213,83,84,187
213,83,84,187
213,83,84,187
213,83,84,187
213,83,84,187
213,83,84,187
213,83,84,187
213,83,84,187
213,83,84,187
213,83,84,187
213,83,84,187
213,83,84,187
213,83,84,187
213,83,84,187
213,83,84,187
213,83,84,187
213,83,84,187
213,83,84,187
213,83,84,187
213,83,84,187
213,83,84,187
213,83,84,187
213,83,84,187
213,83,84,187
213,83,84,187
213,83,84,187
213,83,84,187
213,83,84,187
213,83,84,187
213,83,84,187
213,83,84,187
213,83,84,187
213,83,84,187
213,83,84,187
213,83,84,187
213,83,84,187
213,83,84,187
213,83,84,187
213,83,84,187
213,83,84,187
213,83,84,187
213,83,84,187
213,83,84,187
213,83,84,187
213,83,84,187
213,83,84,187
213,83,84,187
213,83,84,187
213,83,84,187
213,83,84,187
213,83,84,187
213,83,84,187
213,83,84,187
213,83,84,187
213,83,84,187
213,83,84,187
213,83,84,187
213,83,84,187
213,83,84,187
213,83,84,187
213,83,84,187
213,83,84,187
213,83,84,187
213,83,84,187
213,83,84,187
213,83,84,187
213,83,84,187
213,83,84,187
213,83,84,187
213,83,84,187
213,83,84,187
213,83,84,187
213,83,84,187
213,83,84,187
213,83,84,187
213,83,84,187
213,83,84,187
213,83,84,187
213,83,84,187
213,83,84,187
213,83,84,187
213,83,84,187
213,83,84,187
213,83,84,187
213,83,84,187
213,83,84,187
213,83,84,187
213,83,84,187
213,83,84,187
213,83,84,187
213,83,84,187
213,83,84,187
213,83,84,187
213,83,84,187
213,83,84,187
213,83,84,187
213,83,84,187
213,83,84,187
213,83,84,187
213,83,84,187
213,83,84,187
213,83,84,187
213,83,84,187
213,83,84,187
213,83,84,187
213,83,84,187
213,83,84,187
213,83,84,187
213,83,84,187
213,83,84,187
213,83,84,187
213,83,84,187
213,83,84,187
213,83,84,187
213,83,84,187
213,83,84,187
213,83,84,187
213,83,84,187
213,83,84,187
213,83,84,187
213,83,84,187
213,83,84,187
213,83,84,187
213,83,84,187
213,83,84,187
213,83,84,187
213,83,84,187
213,83,84,187
213,83,84,187
213,83,84,187
213,83,84,187
213,83,84,187
213,83,84,187
213,83,84,187
213,83,84,187
213,83,84,187
213,83,84,187
213,83,84,187
213,83,84,187
213,83,84,187
213,83,84,187
213,83,84,187
213,83,84,187
213,83,84,187
213,83,84,187
213,83,84,187
213,83,84,187
213,83,84,187
213,83,84,187
213,83,84,187
213,83,84,187
213,83,84,187
213,83,84,187
213,83,84,187
213,83,84,187
213,83,84,187
213,83,84,187
213,83,84,187
213,83,84,187
213,83,84,187
213,83,84,187
213,83,84,187
213,83,84,187
213,83,84,187
213,83,84,187
213,83,84,187
213,83,84,187
213,83,84,187
213,83,84,187
213,83,84,187
213,83,84,187
213,83,84,187
213,83,84,187
213,83,84,187
213,83,84,187
213,83,84,187
213,83,84,187
213,83,84,187
213,83,84,187
213,83,84,187
213,83,84,187
213,83,84,187
213,83,84,187
213,83,84,187
213,83,84,187
213,83,84,187
213,83,84,187
213,83,84,187
213,83,84,187
213,83,84,187
213,83,84,187
213,83,84,187
213,83,84,187
213,83,84,187
213,83,84,187
213,83,84,187
213,83,84,187
213,83,84,187
213,83,84,187
213,83,84,187
213,83,84,187
213,83,84,187
213,83,84,187
213,83,84,187
213,83,84,187
213,83,84,187
213,83,84,187
213,83,84,187
213,83,84,187
213,83,84,187
213,83,84,187
213,83,84,187
213,83,84,187
213,83,84,187
213,83,84,187
213,83,84,187
213,83,84,187
213,83,84,187
213,83,84,187
213,83,84,187
213,83,84,187
213,83,84,187
213,83,84,187
213,83,84,187
