NaN,NaN,NaN,-1
240,63,83,179
238,62,83,179
236,62,83,179
234,61,83,179
230,61,83,179
224,63,83,179
222,64,83,179
220,65,83,179
218,66,83,179
216,68,83,179
214,68,83,179
211,68,83,179
206,67,83,179
198,65,83,179
196,65,83,179
194,64,83,179
193,63,83,179
192,62,83,179
192,61,83,179
191,61,83,179
192,58,83,179
194,51,83,179
194,53,83,179
193,55,83,179
193,56,83,179
191,76,83,179
180,91,83,179
180,91,83,179
180,91,83,179
180,91,83,179
180,91,83,179
180,91,83,179
180,91,83,179
180,91,83,179
180,91,83,179
180,91,83,179
180,91,83,179
180,91,83,179
180,91,83,179
180,91,83,179
180,91,83,179
180,91,83,179
180,91,83,179
180,91,83,179
180,91,83,179
180,91,83,179
180,91,83,179
180,91,83,179
180,91,83,179
180,91,83,179
180,91,83,179
180,91,83,179
180,91,83,179
180,91,83,179
180,91,83,179
180,91,83,179
180,91,83,179
180,91,83,179
180,91,83,179
180,91,83,179
180,91,83,179
180,91,83,179
180,91,83,179
180,91,83,179
180,91,83,179
180,91,83,179
180,91,83,179
180,91,83,179
180,91,83,179
180,91,83,179
180,91,83,179
180,91,83,179
180,91,83,179
180,91,83,179
180,91,83,179
180,91,83,179
180,91,83,179
180,91,83,179
180,91,83,179
180,91,83,179
180,91,83,179
180,91,83,179
180,91,83,179
180,91,83,179
180,91,83,179
180,91,83,179
180,91,83,179
180,91,83,179
180,91,83,179
180,91,83,179
180,91,83,179
180,91,83,179
180,91,83,179
180,91,83,179
180,91,83,179
180,91,83,179
180,91,83,179
180,91,83,179
180,91,83,179
180,91,83,179
180,91,83,179
180,91,83,179
180,91,83,179
180,91,83,179
180,91,83,179
180,91,83,179
180,91,83,179
180,91,83,179
180,91,83,179
180,91,83,179
180,91,83,179
180,91,83,179
180,91,83,179
180,91,83,179
180,91,83,179
180,91,83,179
180,91,83,179
180,91,83,179
180,91,83,179
180,91,83,179
180,91,83,179
180,91,83,179
180,91,83,179
180,91,83,179
180,91,83,179
180,91,83,179
180,91,83,179
180,91,83,179
180,91,83,179
180,91,83,179
180,91,83,179
180,91,83,179
180,91,83,179
180,91,83,179
180,91,83,179
180,91,83,179
180,91,83,179
180,91,83,179
180,91,83,179
180,91,83,179
180,91,83,179
180,91,83,179
180,91,83,179
180,91,83,179
180,91,83,179
180,91,83,179
180,91,83,179
180,91,83,179
180,91,83,179
180,91,83,179
180,91,83,179
180,91,83,179
180,91,83,179
180,91,83,179
180,91,83,179
180,91,83,179
180,91,83,179
180,91,83,179
180,91,83,179
180,91,83,179
180,91,83,179
180,91,83,179
180,91,83,179
180,91,83,179
180,91,83,179
180,91,83,179
180,91,83,179
180,91,83,179
180,91,83,179
180,91,83,179
180,91,83,179
180,91,83,179
180,91,83,179
180,91,83,179
180,91,83,179
180,91,83,179
180,91,83,179
180,91,83,179
180,91,83,179
180,91,83,179
180,91,83,179
180,91,83,179
180,91,83,179
180,91,83,179
180,91,83,179
180,91,83,179
180,91,83,179
180,91,83,179
180,91,83,179
180,91,83,179
180,91,83,179
180,91,83,179
180,91,83,179
180,91,83,179
180,91,83,179
180,91,83,179
180,91,83,179
180,91,83,179
180,91,83,179
180,91,83,179
180,91,83,179
180,91,83,179
180,91,83,179
180,91,83,179
180,91,83,179
180,91,83,179
180,91,83,179
180,91,83,179
180,91,83,179
180,91,83,179
180,91,83,179
180,91,83,179
180,91,83,179
180,91,83,179
180,91,83,179
180,91,83,179
180,91,83,179
180,91,83,179
180,91,83,179
180,91,83,179
180,91,83,179
180,91,83,179
180,91,83,179
180,91,83,179
180,91,83,179
180,91,83,179
180,91,83,179
180,91,83,179
180,91,83,179
180,91,83,179
180,91,83,179
180,91,83,179
180,91,83,179
180,91,83,179
180,91,83,179
180,91,83,179
180,91,83,179
180,91,83,179
180,91,83,179
180,91,83,179
180,91,83,179
180,91,83,179
180,91,83,179
180,91,83,179
180,91,83,179
180,91,83,179
180,91,83,179
180,91,83,179
180,91,83,179
180,91,83,179
180,91,83,179
180,91,83,179
180,91,83,179
180,91,83,179
180,91,83,179
180,91,83,179
180,91,83,179
180,91,83,179
180,91,83,179
180,91,83,179
180,91,83,179
180,91,83,179
180,91,83,179
180,91,83,179
180,91,83,179
180,91,83,179
180,91,83,179
180,91,83,179
180,91,83,179
180,91,83,179
NaN,NaN,NaN,-2
NaN,NaN,NaN,0
NaN,NaN,NaN,0
NaN,NaN,NaN,0
NaN,NaN,NaN,0
NaN,NaN,NaN,-1
269,61,87,124
272,61,87,124
274,60,87,124
274,59,87,124
274,59,87,124
273,58,87,124
272,57,87,124
270,56,87,124
267,55,87,124
263,54,87,124
254,51,87,124
255,50,87,124
255,49,87,124
254,47,87,124
251,44,87,124
250,43,87,124
248,41,87,124
250,40,87,124
247,37,87,124
249,36,87,124
250,35,87,124
250,34,87,124
249,32,87,124
249,32,87,124
249,31,87,124
248,31,87,124
247,30,87,124
247,29,87,124
247,28,87,124
247,28,87,124
245,26,87,124
190,22,87,124
185,22,87,124
193,22,87,124
207,21,87,124
208,21,87,124
203,20,87,124
204,20,87,124
195,19,87,124
195,18,87,124
194,17,87,124
202,17,87,124
201,14,87,124
236,14,87,124
300,13,87,124
NaN,NaN,NaN,-2
NaN,NaN,NaN,0
NaN,NaN,NaN,0
NaN,NaN,NaN,0
NaN,NaN,NaN,0
NaN,NaN,NaN,-1
209,100,123,126
210,99,123,126
211,98,123,126
212,97,123,126
213,96,123,126
214,94,123,126
215,93,123,126
216,92,123,126
217,91,123,126
217,91,123,126
216,90,123,126
214,90,123,126
212,89,123,126
210,89,123,126
207,88,123,126
200,88,123,126
197,88,123,126
193,89,123,126
190,90,123,126
185,93,123,126
182,94,123,126
179,96,123,126
177,96,123,126
173,97,123,126
170,98,123,126
168,98,123,126
166,99,123,126
164,100,123,126
163,101,123,126
162,101,123,126
161,102,123,126
159,103,123,126
158,103,123,126
157,103,123,126
156,102,123,126
154,102,123,126
155,103,123,126
157,103,123,126
160,103,123,126
167,103,123,126
171,103,123,126
175,103,123,126
180,103,123,126
193,105,123,126
200,106,123,126
207,108,123,126
215,109,123,126
227,114,123,126
231,116,123,126
234,118,123,126
236,120,123,126
236,122,123,126
232,126,123,126
229,128,123,126
227,130,123,126
225,133,123,126
229,144,123,126
229,144,123,126
229,144,123,126
229,144,123,126
229,144,123,126
229,144,123,126
229,144,123,126
229,144,123,126
229,144,123,126
229,144,123,126
229,144,123,126
229,144,123,126
229,144,123,126
229,144,123,126
229,144,123,126
229,144,123,126
229,144,123,126
229,144,123,126
229,144,123,126
229,144,123,126
229,144,123,126
229,144,123,126
229,144,123,126
229,144,123,126
229,144,123,126
229,144,123,126
229,144,123,126
229,144,123,126
229,144,123,126
229,144,123,126
229,144,123,126
229,144,123,126
229,144,123,126
229,144,123,126
229,144,123,126
229,144,123,126
229,144,123,126
229,144,123,126
229,144,123,126
229,144,123,126
229,144,123,126
229,144,123,126
229,144,123,126
229,144,123,126
229,144,123,126
229,144,123,126
229,144,123,126
229,144,123,126
229,144,123,126
229,144,123,126
229,144,123,126
229,144,123,126
229,144,123,126
229,144,123,126
229,144,123,126
229,144,123,126
229,144,123,126
229,144,123,126
229,144,123,126
229,144,123,126
229,144,123,126
229,144,123,126
229,144,123,126
229,144,123,126
229,144,123,126
229,144,123,126
229,144,123,126
229,144,123,126
229,144,123,126
229,144,123,126
229,144,123,126
229,144,123,126
229,144,123,126
229,144,123,126
229,144,123,126
229,144,123,126
229,144,123,126
229,144,123,126
229,144,123,126
229,144,123,126
229,144,123,126
229,144,123,126
229,144,123,126
229,144,123,126
229,144,123,126
229,144,123,126
229,144,123,126
229,144,123,126
229,144,123,126
229,144,123,126
229,144,123,126
229,144,123,126
229,144,123,126
229,144,123,126
229,144,123,126
229,144,123,126
229,144,123,126
229,144,123,126
229,144,123,126
229,144,123,126
229,144,123,126
229,144,123,126
229,144,123,126
229,144,123,126
229,144,123,126
229,144,123,126
229,144,123,126
229,144,123,126
229,144,123,126
229,144,123,126
229,144,123,126
229,144,123,126
229,144,123,126
229,144,123,126
229,144,123,126
229,144,123,126
