NaN,NaN,NaN,-1
153.6,92.575,20,48
152.99,92.423,20,48
152.16,88.148,20,48
150.92,87.391,20,48
151.35,87.167,20,48
153.27,84.482,20,48
153.53,83.488,20,48
153.95,83.483,20,48
156.19,83.219,20,48
157.83,82.999,20,48
158.04,82.894,20,48
158.02,84.546,20,48
157.24,84.526,20,48
153.4,82.127,20,48
153.32,83.904,20,48
150.39,85.503,20,48
145.72,84.641,20,48
140.43,85.068,20,48
136.78,83.653,20,48
133.71,84.923,20,48
132.33,83.825,20,48
131.84,83.72,20,48
132.97,83.118,20,48
133.83,82.582,20,48
134.67,83.467,20,48
136.24,80.382,20,48
137.56,80.799,20,48
138.05,82.14,20,48
141,80.283,20,48
143.17,79.996,20,48
146.15,77.788,20,48
148.3,78.215,20,48
151.67,79.638,20,48
152.97,84.007,20,48
154.09,77.924,20,48
154.2,75.371,20,48
154.06,77.507,20,48
153.43,82.613,20,48
153.92,83.088,20,48
157.21,76.102,20,48
158.85,78,20,48
156.66,85.195,20,48
158.28,82.373,20,48
157.98,85.967,20,48
160.1,83.514,20,48
164.47,71.41,20,48
165.14,71.594,20,48
165.3,68.325,20,48
165.5,89.286,20,48
166.4,83.633,20,48
165.92,84.137,20,48
165.49,84.319,20,48
164.94,89.238,20,48
164.57,86.966,20,48
164.34,78.992,20,48
161.5,76.495,20,48
154.36,79.088,20,48
146.01,81.466,20,48
139.73,83.206,20,48
136.19,80.501,20,48
131.95,78.687,20,48
130.14,74.847,20,48
133.43,75.463,20,48
134.12,70.125,20,48
137.63,80.272,20,48
140.48,81.195,20,48
146.26,88.449,20,48
157.44,73.642,20,48
163.17,65.834,20,48
168.89,70.039,20,48
172.04,71.746,20,48
180.83,68.161,20,48
183.2,67.27,20,48
183.57,71.274,20,48
202.72,72.203,20,48
197.08,73.996,20,48
194.66,75.85,20,48
189.73,73.571,20,48
185.71,80.93,20,48
188.89,84.482,20,48
187.46,84.138,20,48
188.31,85.8,20,48
188.87,87.178,20,48
192,85.999,20,48
191.91,80.437,20,48
195.02,78.369,20,48
195.85,76.268,20,48
195.87,79.553,20,48
197.25,85.723,20,48
201.92,86.69,20,48
200.57,84.471,20,48
202.76,81.146,20,48
200.61,81.041,20,48
200.86,83.045,20,48
199.68,82.393,20,48
191.62,86.676,20,48
189.58,82.771,20,48
189.13,81.006,20,48
189.19,81.765,20,48
189.04,79.311,20,48
183.69,82.023,20,48
185.06,79.178,20,48
187.96,70.557,20,48
188.31,70.803,20,48
188.22,69.94,20,48
192.92,67.185,20,48
189.67,68.803,20,48
186.6,78.714,20,48
186.67,80.066,20,48
184.97,81.378,20,48
181.85,73.576,20,48
181.36,73.892,20,48
178.8,75.881,20,48
175,81.334,20,48
171.3,81.475,20,48
170.13,83.189,20,48
170.9,80.746,20,48
175.47,57.466,20,48
162.58,57.73,20,48
155.96,85.76,20,48
150.83,98.499,20,48
149.53,95.311,20,48
149.07,96.023,20,48
149.36,95.895,20,48
152.61,95.586,20,48
158.09,95.406,20,48
163.38,98.462,20,48
172.11,94.959,20,48
177.42,95.608,20,48
181.74,93.143,20,48
181.68,95.136,20,48
183.48,94.814,20,48
196.16,87.389,20,48
198.49,85.401,20,48
199.52,90.596,20,48
202.3,89.718,20,48
205.22,90.209,20,48
201.93,89.994,20,48
196.57,94.116,20,48
196.55,93.927,20,48
196.91,91.038,20,48
196.43,91.808,20,48
192.62,97.07,20,48
174.57,100.26,20,48
169.62,103.56,20,48
162.72,106.32,20,48
157.23,105.64,20,48
154.42,106.98,20,48
152.93,104.5,20,48
149.27,107.19,20,48
149.25,106.88,20,48
150.3,106.82,20,48
152.38,102.52,20,48
152.56,101.92,20,48
153.26,102.96,20,48
155.07,98.139,20,48
153.07,94.725,20,48
150.71,100.04,20,48
148.98,97.445,20,48
148.87,96.841,20,48
146.48,95.33,20,48
145.65,89.149,20,48
141.39,90.084,20,48
132.64,91.072,20,48
127.56,94.324,20,48
126.82,95.702,20,48
127.59,94.699,20,48
128.41,95.249,20,48
131.73,92.955,20,48
132.1,93.615,20,48
131.24,96.388,20,48
129.46,93.726,20,48
127.14,90.827,20,48
129.44,83.784,20,48
128.92,85.593,20,48
129.04,83.977,20,48
128.71,85.243,20,48
127.63,86.089,20,48
127.02,87.852,20,48
123.46,90.521,20,48
120.03,94.085,20,48
116.81,96.107,20,48
117.06,96.749,20,48
117.01,95.846,20,48
123,96.168,20,48
123.33,99.28,20,48
132.41,95.093,20,48
136.56,94.656,20,48
139.37,94.597,20,48
140.48,95.778,20,48
142.79,95.013,20,48
141.77,96.896,20,48
143.69,98.502,20,48
145.31,98.021,20,48
147.05,98.646,20,48
147.32,96.797,20,48
147.25,97.26,20,48
146.8,98.861,20,48
146.21,97.502,20,48
148.24,94.294,20,48
148.26,92.022,20,48
149.44,89.639,20,48
145.81,87.17,20,48
143.56,88.876,20,48
141.85,89.185,20,48
142.21,90.875,20,48
142.19,90.825,20,48
141.46,86.604,20,48
143.49,84.907,20,48
144.71,85.181,20,48
145.13,83.049,20,48
145.16,82.294,20,48
144.51,81.756,20,48
144.62,82.669,20,48
139.57,79.406,20,48
138.99,83.595,20,48
138.39,82.619,20,48
136.79,82.32,20,48
134.39,81.311,20,48
132.12,83.459,20,48
134.1,82.465,20,48
133.89,84.757,20,48
135.51,84.845,20,48
136.58,83.942,20,48
139.47,83.706,20,48
146.61,85.635,20,48
150.58,80.971,20,48
157.47,79.378,20,48
162.56,79.764,20,48
163.24,80.694,20,48
165.51,80.37,20,48
164.55,81.053,20,48
164.41,81.189,20,48
163.34,79.828,20,48
161.67,80.91,20,48
158.94,76.867,20,48
159.19,78.971,20,48
159.17,80.518,20,48
158.57,81.146,20,48
157.74,81.631,20,48
157.36,82.213,20,48
161.43,84.377,20,48
162.23,83.321,20,48
170.59,80.617,20,48
173.67,77.896,20,48
175.05,79.751,20,48
177.21,76.822,20,48
177.21,76.582,20,48
178.31,75.989,20,48
177.34,78.602,20,48
177.41,76.148,20,48
183.34,71.904,20,48
184.11,73.124,20,48
181.54,75.157,20,48
180.4,76.784,20,48
179.11,78.903,20,48
177.67,80.091,20,48
174.84,82.356,20,48
172.99,84.423,20,48
171.1,86.248,20,48
170.23,86.814,20,48
168.74,86.543,20,48
166.03,88.735,20,48
164.82,88.414,20,48
165.36,89.813,20,48
165.67,90.697,20,48
165.07,89.836,20,48
166.28,90.317,20,48
169.74,91.302,20,48
171.85,93.52,20,48
