NaN,NaN,NaN,-1
151,94,16,50
149,90,18,50
147,92,18,50
149,87,18,48
147,88,19,48
148,87,19,50
148,86,19,48
149,86,18,50
151,87,19,48
153,86,19,48
155,84,19,49
153,88,19,50
150,84,18,49
152,83,19,50
152,84,18,49
148,81,18,50
146,86,19,48
140,82,18,48
136,80,18,48
134,82,18,50
129,80,18,48
131,80,18,48
129,82,18,50
131,83,18,48
128,81,18,48
131,83,18,50
131,86,19,48
135,87,18,49
136,89,18,48
137,88,18,50
141,89,18,48
142,90,18,50
145,89,18,49
148,86,18,50
147,86,18,49
148,87,18,48
147,86,19,50
148,86,18,50
148,88,18,50
154,86,19,48
153,85,18,50
153,86,18,48
156,88,18,50
159,85,18,49
162,84,18,48
156,86,18,48
160,84,18,48
164,84,18,50
163,84,19,50
156,77,18,50
162,85,18,49
163,86,18,50
161,80,18,50
152,79,18,48
151,77,18,48
149,77,17,50
143,72,18,50
147,80,18,50
145,83,16,47
136,79,17,49
135,80,18,48
133,82,18,50
120,69,18,47
136,80,18,48
123,76,19,50
128,76,18,49
132,77,19,50
137,84,19,48
144,91,18,49
147,92,18,50
NaN,NaN,NaN,-2
NaN,NaN,NaN,0
NaN,NaN,NaN,0
NaN,NaN,NaN,0
NaN,NaN,NaN,0
NaN,NaN,NaN,-1
168,62,32,78
168,64,30,81
166,67,29,80
169,69,29,80
167,66,30,80
170,70,30,80
171,71,32,79
172,71,32,79
174,71,32,80
177,74,28,80
179,71,32,80
182,73,31,80
183,73,30,81
185,74,32,80
187,74,30,80
186,73,30,80
185,70,31,80
185,71,28,81
185,68,30,80
180,66,29,79
177,63,29,80
175,62,28,80
173,65,29,78
172,62,29,81
171,62,29,81
172,64,28,79
171,58,31,80
172,57,30,80
173,59,28,81
174,57,30,81
174,58,30,80
170,55,31,81
166,55,32,79
166,56,31,81
164,57,31,81
161,58,30,80
161,58,31,81
158,56,32,80
154,58,31,80
152,56,31,81
151,58,31,80
149,59,30,81
146,60,32,81
145,62,31,80
144,64,31,81
139,62,32,78
140,67,30,81
141,66,31,81
141,68,30,80
146,67,30,80
149,66,30,78
153,71,32,77
157,67,30,80
161,69,32,81
165,69,32,80
169,67,31,78
172,70,32,81
177,71,32,79
183,73,31,79
186,72,32,79
190,68,30,79
192,67,32,81
194,69,30,78
195,65,30,79
187,61,32,80
181,61,32,81
174,58,31,80
166,50,28,80
163,52,29,80
153,44,28,81
153,48,30,81
153,52,29,80
150,54,29,79
149,56,31,80
149,60,32,78
150,60,30,80
151,58,32,80
152,57,30,80
147,56,30,80
145,56,32,80
144,57,32,81
145,59,32,80
147,59,29,80
146,57,30,80
143,59,30,80
140,59,30,80
135,56,30,81
131,54,30,78
127,52,29,78
124,54,30,79
126,59,28,81
127,57,32,80
127,59,29,79
126,61,29,81
122,58,29,79
126,60,32,79
127,55,28,79
124,51,28,80
120,54,32,79
126,53,30,77
126,50,30,80
126,56,29,79
123,55,29,79
119,56,28,80
115,60,30,79
112,59,30,78
107,58,30,80
106,62,28,80
109,65,30,80
114,68,30,77
118,71,29,79
121,72,32,80
126,75,28,77
129,77,29,77
131,77,28,78
134,77,29,78
136,78,28,78
138,77,29,79
140,75,29,79
138,77,28,77
139,75,28,79
139,74,29,79
138,74,29,77
139,76,28,77
140,73,28,77
137,74,29,77
135,74,28,78
133,74,29,79
134,73,28,77
136,73,28,77
137,72,29,77
139,71,28,77
138,73,29,77
134,69,29,77
133,69,28,77
133,70,28,78
133,70,29,77
133,70,29,77
130,65,29,78
127,65,30,77
127,66,28,77
126,67,28,77
124,68,29,78
122,68,28,79
124,70,29,77
127,71,29,77
132,68,29,78
136,70,29,77
140,70,28,78
139,70,29,77
141,67,29,79
144,68,31,79
149,71,29,77
150,70,29,77
153,68,29,79
154,70,31,77
156,69,28,77
156,68,29,77
157,70,28,77
158,65,28,77
158,68,29,77
158,69,28,77
156,71,29,77
157,69,29,77
158,70,28,77
161,68,32,77
165,69,31,77
165,67,30,77
166,66,29,77
171,65,29,77
172,67,29,77
171,64,28,77
172,64,29,77
172,63,28,77
173,58,28,77
173,60,29,77
172,58,28,79
170,59,28,78
168,61,29,79
167,63,31,77
164,63,30,77
163,65,32,77
163,65,30,77
166,68,28,77
164,71,28,77
164,73,28,78
164,73,29,77
162,73,29,77
162,76,28,77
161,75,28,77
160,76,28,77
163,73,29,77
162,74,28,79
165,75,29,77
