NaN,NaN,NaN,-1
335.09,163.48,24.48,65.28
333.94,161.44,24.361,64.984
328.83,162.38,24.39,65.025
326.67,159.91,24.311,64.86
323.49,173.41,24.222,64.733
317.21,155.06,24.769,66.179
NaN,NaN,NaN,-2
NaN,NaN,NaN,0
NaN,NaN,NaN,0
NaN,NaN,NaN,0
NaN,NaN,NaN,0
NaN,NaN,NaN,-1
327.59,159.1,24.324,64.882
320.54,137.04,24.104,64.359
318.47,136.58,24.258,64.778
310.75,132.36,23.688,63.269
NaN,NaN,NaN,-2
NaN,NaN,NaN,0
NaN,NaN,NaN,0
NaN,NaN,NaN,0
NaN,NaN,NaN,0
NaN,NaN,NaN,-1
320.86,156.99,24.576,65.577
316.19,153.68,25.173,67.18
311.03,154.91,25.163,67.205
NaN,NaN,NaN,-2
NaN,NaN,NaN,0
NaN,NaN,NaN,0
NaN,NaN,NaN,0
NaN,NaN,NaN,0
NaN,NaN,NaN,-1
330.51,101.61,24.678,65.848
328.26,92.869,25.083,66.933
322.74,93.143,25.113,66.972
310.81,116.83,24.86,66.308
NaN,NaN,NaN,-2
NaN,NaN,NaN,0
NaN,NaN,NaN,0
NaN,NaN,NaN,0
NaN,NaN,NaN,0
NaN,NaN,NaN,-1
322.55,146.63,23.711,63.192
315.09,145.23,23.024,61.405
311.23,146.2,23.096,61.623
318.86,114.98,23.261,62.119
323.29,89.364,23.56,62.862
322.94,129.48,23.329,62.205
324.71,135.91,23.009,61.28
319.25,138.1,22.85,60.888
316.86,138.09,22.234,59.217
NaN,NaN,NaN,-2
NaN,NaN,NaN,0
NaN,NaN,NaN,0
NaN,NaN,NaN,0
NaN,NaN,NaN,0
NaN,NaN,NaN,-1
337.13,149.38,24.02,64.009
336.63,148.92,24.394,64.938
335.42,147.33,24.016,63.941
338.3,146.66,24.17,64.41
338.51,146.85,24.364,64.881
338.94,147.85,24.518,65.275
336.81,148.18,24.322,64.747
333.24,145.63,23.752,63.196
330.29,143.24,23.595,62.85
327.03,145.87,23.984,63.916
325.98,148.64,23.98,63.891
323.09,147.65,23.738,63.235
323.13,149.25,24.079,64.071
322.42,146.8,24.206,64.412
316.83,154.92,24.066,64.018
316.77,156.18,24.033,63.965
320.12,155.81,24.463,65.062
324.34,149.86,24.311,64.656
324.28,146.26,24.027,63.906
324.04,143.85,23.941,63.564
322.12,147.18,23.904,63.433
323.91,151.88,24.333,64.507
322.88,156.61,24.354,64.639
317.69,155.23,24.23,64.286
316.2,155.72,24.27,64.383
317.26,156.31,24.863,66.009
319.36,151.85,24.849,65.975
325.03,152.16,24.922,66.145
323.3,150.59,24.746,65.714
322.44,147.7,25.349,67.361
318.21,150.4,25.995,69.016
320.86,149.98,26.127,69.399
322.76,151.8,26.332,69.89
323.17,150.34,26.425,70.184
326.05,150.46,26.701,70.955
329.11,150.92,26.426,70.262
327.49,150.85,26.243,69.742
328.43,151.09,25.946,69.019
331.82,151.82,25.995,69.144
337.13,143.86,25.394,67.52
335.08,146.01,25.182,66.987
333.72,147.53,25.169,66.908
332.69,152.18,25.754,68.419
335.24,148.92,25.762,68.418
333.9,149.49,25.249,66.946
337.07,148.04,25.25,66.943
339.36,148.79,24.344,64.562
337.59,149.95,24.435,64.87
340.97,148.64,24.51,65.087
341.98,150.57,24.674,65.538
342.57,146.87,24.064,63.912
346.9,144.63,24.665,65.462
342.18,150.33,24.587,65.177
346.21,152.53,24.674,65.365
345.21,150.95,25.037,66.376
346.59,150.1,25.392,67.297
352.15,145.51,25.45,67.438
354.37,147.01,25.579,67.787
350.75,152.45,25.701,68.122
363.57,144.93,25.738,68.167
362.17,153.58,25.586,67.733
360.43,150.53,25.214,66.69
361.25,144.58,25.448,67.338
361.72,148.66,25.278,66.841
356.39,148.11,25.269,66.805
349.9,169.3,25.487,67.429
NaN,NaN,NaN,-2
NaN,NaN,NaN,0
NaN,NaN,NaN,0
NaN,NaN,NaN,0
NaN,NaN,NaN,0
NaN,NaN,NaN,-1
372.85,156.84,23.68,63.195
374.47,160.01,23.162,61.768
375.99,163.74,23.35,62.274
377.4,166.33,23.202,61.917
379.47,172.84,23.357,62.387
382.52,167.35,23.499,62.8
383.91,165.31,23.765,63.49
380.39,161.74,24.028,64.162
385.98,162.42,23.983,64.059
388.37,158.58,23.574,62.96
390.23,166.97,23.363,62.35
390.9,167.68,23.354,62.334
393.01,165.91,23.223,61.951
393.65,167.88,23.503,62.726
394.43,171.82,23.571,62.923
398.44,175.72,23.642,63.098
402.62,174.4,23.08,61.614
403.71,170.04,23.01,61.431
403.3,172,22.914,61.16
409.97,171.43,22.662,60.495
411.49,174.3,22.987,61.285
413.49,173.24,22.806,60.806
414.63,171.11,23.245,62.022
412.42,169.84,23.407,62.422
413.9,172.08,24.093,64.226
414.39,170.11,24.202,64.486
412.96,174.17,24.109,64.351
410.64,171.38,24.18,64.625
410.91,171.15,24.262,64.805
413.24,164.41,24.531,65.498
414.04,171.79,24.316,64.949
415.21,167.11,24.165,64.553
416.5,172.03,24.177,64.519
416.7,168.52,24.44,65.272
416.53,166.91,24.158,64.482
420.72,170.46,23.728,63.388
424.13,172.33,23.602,63.038
427.11,174.09,23.597,62.973
432.83,176.38,23.427,62.523
443.55,162.71,23.815,63.582
447.28,170.62,24.021,64.136
451.46,171.23,24.254,64.757
453.02,170.71,24.649,65.881
456.33,168.35,24.44,65.322
458.82,166.03,24.845,66.335
461.22,166.45,24.638,65.733
462.14,164.09,24.365,64.995
465.64,165.8,24.333,64.873
467.96,165.93,24.225,64.563
467.55,167.41,24.543,65.392
467.02,157.71,25.088,66.893
466.83,157.46,25.813,68.853
467.41,162.7,26.154,69.713
468.92,160.75,26.549,70.776
469.39,158.96,26.544,70.756
471.1,163.51,25.797,68.736
472.6,163.84,25.558,68.091
472.1,167.17,25.511,67.912
470.37,169.33,25.107,66.793
470.01,171,24.648,65.484
470.39,170.18,25.09,66.596
470.67,166.31,24.891,66.079
466.14,171.54,24.646,65.351
465.88,170.18,24.57,65.191
464.28,170.7,24.551,65.207
460.83,170.33,24.129,64.082
461.03,171.36,24.791,65.781
454.71,171.13,24.156,64.064
455.71,173.74,24.425,64.817
454.6,168.56,24.239,64.253
454.46,168.58,24.33,64.508
455.32,168.91,24.198,64.245
455.73,171.22,24.387,64.697
467.58,182.7,24.135,63.979
459.94,170.23,24.319,64.45
458.56,166.91,24.742,65.566
458.09,162.96,25.158,66.63
458.28,160.42,25.003,66.212
458.83,161.26,24.878,65.982
457.4,160.45,25.278,67.014
455.61,160.41,24.962,66.146
451.58,159.44,25.462,67.408
451.04,156.98,25.723,68.015
448.6,157.42,25.063,66.254
450.87,161,25.345,66.978
449.56,158.76,25.494,67.349
454.14,156.28,25.395,67.071
450.61,149.86,24.606,65.058
448.71,154.07,25.02,66.149
454.73,152.83,24.594,65.08
449.38,160.65,24.289,64.341
449.94,157.33,24.244,64.12
450.67,156.34,24.089,63.653
451.34,151.38,24.146,63.806
449.47,151.75,24.186,63.836
453.36,153.35,24.12,63.698
452.27,151.29,24.413,64.445
451.03,153.64,24.478,64.604
454.59,148.79,24.245,63.977
451.52,148.69,24.522,64.791
453.39,148.1,24.598,65.016
455.16,144.78,24.902,65.739
456.8,145.94,25.192,66.47
455.05,147.64,25.326,66.866
451.58,147.54,25.561,67.459
457.32,143.33,25.659,67.736
463.29,149.34,25.366,66.942
472.49,141.08,25.436,67.132
471.13,142.56,25.28,66.813
481.71,144.91,25.199,66.568
491.28,139.2,25.671,67.809
502.25,137.28,24.949,65.936
507.9,134.77,24.896,65.736
512.7,132.88,24.823,65.508
523.73,127.88,25.341,66.827
528.14,129.65,24.782,65.381
527.65,117.67,24.893,65.658
528.32,125.76,25.776,67.953
533.5,121.21,25.394,66.937
538.06,122.13,25.575,67.474
537.69,119.63,25.014,65.935
534.13,123.73,24.424,64.435
531.36,122.11,24.28,64.018
532.02,122.51,24.886,65.671
531.47,117.44,24.593,64.905
530.82,113.3,23.594,62.262
530.05,117.12,23.386,61.688
526.7,117.96,23.517,61.994
522.23,117.84,23.52,61.974
521.26,117.87,23.443,61.744
519.9,116.17,23.444,61.727
517.72,114.85,23.297,61.251
515.38,112.91,23.194,61.047
508.7,120.15,23.47,61.837
505.74,124.04,22.958,60.468
507.78,123.29,23.428,61.687
506.18,120.71,23.28,61.259
501.34,116.46,22.771,59.938
501.9,115.72,22.653,59.571
497.59,114.79,23.182,61.03
501.46,113.07,23.871,62.874
496.05,107.31,24.53,64.645
490.75,103.65,24.847,65.535
489.35,98.608,24.767,65.353
487.09,110.99,24.492,64.561
488.12,100.03,24.548,64.733
485.27,103.2,24.311,64.175
483.67,101.87,24.278,63.999
484.05,99.129,24.554,64.719
482.76,96.995,24.273,64.013
486.39,89.993,23.788,62.738
487.25,86.361,23.761,62.693
487.56,79.535,23.318,61.549
488.29,75.618,22.987,60.605
488.68,88.43,22.61,59.674
486.99,90.256,22.86,60.281
489.5,88.7,22.548,59.474
492.19,88.932,22.333,58.907
490.96,88.588,22.584,59.495
490.04,80.202,22.244,58.623
493.15,90.281,22.501,59.244
494.46,82.831,22.379,59.038
494.52,81.748,22.329,58.865
495.15,80.977,22.508,59.332
495.18,82.791,22.467,59.242
490.31,85.313,22.747,60.032
489.23,80.654,22.126,58.357
488.36,86.77,22.145,58.451
486.87,86.149,21.661,57.249
485.2,87.875,21.582,57.067
481.54,94.043,21.671,57.336
480.51,85.924,21.641,57.215
475.21,89.158,21.384,56.486
466.71,88.241,21.173,55.908
465.8,88.444,21.317,56.292
462.11,88.257,21.045,55.525
457.85,90.638,20.851,54.994
455.55,91.102,20.499,54.075
451.71,89.978,20.688,54.504
447.89,102.7,20.999,55.336
443.38,108.17,20.826,54.816
440.06,99.208,20.72,54.51
438.63,99.955,20.545,54.066
436.34,96.305,20.135,52.999
434.75,95.706,19.965,52.567
433.38,82.405,19.993,52.653
431.24,85.355,19.904,52.427
429.95,95.487,19.701,51.908
438.37,105.64,19.323,50.946
437.89,105.06,19.241,50.724
437.21,107.79,19.313,50.84
428.84,92.501,19.166,50.447
428.57,96.795,18.753,49.312
426.57,100.76,18.665,49.073
429.09,91.562,17.834,46.875
430.34,98.762,17.767,46.653
434.23,103.39,17.519,46.023
428.37,90.706,17.631,46.312
425.49,90.17,17.602,46.234
425.05,92.388,18.079,47.472
421.27,98.046,17.573,46.122
420.38,97.629,17.817,46.771
412.35,90.608,17.85,46.851
411.11,96.09,18.353,48.164
410.48,95.696,17.889,46.968
410.96,92.488,17.832,46.73
408.34,83.936,17.866,46.852
400.1,74.733,18.302,47.984
398.84,77.604,18.313,48.049
398.59,92.068,18.425,48.365
399.32,83.771,18.632,48.908
398.29,86.571,18.473,48.488
393.19,96.234,18.69,49.111
390.74,95.643,19.324,50.757
389.55,94.599,19.61,51.496
382.5,96.65,20.334,53.388
377.68,95.298,20.389,53.525
380.42,100.25,19.984,52.474
376.78,101.04,20.584,54.083
375.47,98.608,20.681,54.299
369.64,94.065,21.205,55.659
