NaN,NaN,NaN,-1
168.66,79.193,49.323,50.291
167.13,81.692,49.951,51.154
166.27,78.894,50.427,51.67
165.35,80.801,50.44,51.798
164.78,77.805,50.429,51.643
165.19,80.195,50.725,51.93
165.31,78.978,51.236,52.424
164.95,78.911,50.859,52.045
161.65,78.2,50.436,51.637
160.97,78.541,50.236,51.441
157.38,76.267,50.3,51.487
151.44,75.15,49.989,51.342
150.03,75.636,50.262,51.669
147.63,73.783,49.661,51.149
147.03,72.404,49.595,51.017
141.26,69.538,49.695,51.184
136.85,69.677,50.118,51.733
136.16,68.575,49.919,51.397
129.48,69.848,50.34,51.766
124.95,65.446,50.249,51.765
122.72,65.26,50.408,51.866
119.01,65.168,50.386,51.9
114.83,62.885,50.579,52.166
111.49,61.222,50.506,51.985
105.22,62.348,50.717,52.222
101.25,54.867,50.824,52.394
97.03,57.11,51.119,52.673
93.353,59.641,51.296,52.965
90.559,61.404,51.15,52.794
87.881,61.542,50.769,52.419
85.375,66.561,50.956,52.583
85.833,65.696,50.823,52.489
86.521,64.728,50.751,52.411
85.378,65.661,50.922,52.612
85.175,67.073,51.072,53.012
84.611,67.647,51.032,52.92
87.072,69.08,51.422,53.35
85.741,69.609,51.316,53.197
88.165,69.193,50.764,52.706
88.429,73.856,50.765,52.677
89.478,73.623,50.992,52.982
88.891,78.072,50.364,52.321
89.731,83.607,50.212,52.309
88.301,86.016,50.311,52.436
90.336,89.428,50.263,52.408
93.912,90.208,50.685,52.845
94.865,91.486,50.831,52.841
98.671,96.333,50.257,52.12
100.74,97.896,50.567,52.398
104.94,100.49,50.564,52.475
106.34,104.58,50.645,52.534
111.56,108.2,51.138,53.204
115.59,109.51,51.245,53.374
120,108.45,51.673,53.845
124.09,105.26,51.706,53.802
131.72,104.97,51.728,53.805
134.44,103.7,52.099,54.277
137.57,102.74,52.31,54.401
142.89,101.19,52.773,54.997
148.64,102.91,52.642,54.905
151.39,104.89,52.348,54.713
156.41,103.41,52.728,55.011
162.12,104.35,52.714,55.066
166.66,103.62,52.085,54.293
172.14,104.35,52.271,54.37
175.62,105.11,52.488,54.791
181.14,107.54,51.774,53.86
185.65,112.95,51.788,53.84
189.46,113.4,51.655,53.804
192.73,115.24,51.62,53.923
198.36,112.5,52.098,54.565
198.54,115.15,51.29,53.598
202.92,123.07,51.219,53.514
204.88,118,51.334,53.612
206.48,122.36,51.12,53.35
198.86,81.46,50.911,53.265
201.81,82.729,51.294,53.593
206.09,86.549,51.227,53.538
202.34,82.968,51.598,53.836
205.07,87.002,51.23,53.491
NaN,NaN,NaN,-2
NaN,NaN,NaN,0
NaN,NaN,NaN,0
NaN,NaN,NaN,0
NaN,NaN,NaN,0
NaN,NaN,NaN,-1
191.97,143.66,51.306,51.248
187.79,145.37,51.445,51.49
184.11,148.41,51.373,51.475
182.23,145.03,51.457,51.562
177.93,144.5,51.616,51.738
177.22,144.41,51.446,51.53
176.35,142.18,51.581,51.638
176.18,139.01,51.584,51.509
175.84,134.04,51.286,51.255
175.39,129.26,50.888,50.791
176.75,128.27,50.703,50.563
173.94,121.18,50.896,50.9
172.95,116.74,50.508,50.447
174.09,114.23,50.533,50.514
176.26,113.86,50.105,50.228
177.08,108.22,50.946,51.132
177.11,103.53,51.058,51.129
175.7,98.929,50.967,50.954
174.96,95.669,51.003,51.046
176.47,92.589,50.837,50.75
178.05,89.973,50.644,50.581
176.76,89.086,50.808,50.741
174.81,90.503,50.378,50.218
173.8,91.461,50.391,50.166
171.37,94.086,50.492,50.408
171.8,93.814,50.158,50.139
170.43,93.923,50.535,50.502
172.87,96.954,49.816,49.675
171.06,96.968,50.126,50.094
170.85,97.866,50.167,50.032
170.5,97.769,50.291,50.003
170.94,98.296,50.211,49.893
172.04,98.256,49.846,49.366
170.72,98.432,49.736,49.328
173.81,99.955,49.461,49.064
172.29,99.526,49.54,49.059
175.54,100.74,49.596,49.164
175.56,99.472,49.478,48.925
175.83,99.8,49.327,48.692
176.47,98.656,49.297,48.636
176.18,97.496,48.946,48.449
177.43,96.298,49.359,48.696
177.2,94.675,49.504,48.999
178.79,92.556,50.349,49.866
176.01,91.26,50.344,49.754
171.17,98.878,50.134,49.786
176.15,78.055,50.893,50.569
176.2,75.444,51.211,51.093
177.37,71.935,50.753,50.583
174.98,69.364,51.278,50.953
172.28,67.135,51.059,50.924
171.14,61.207,50.696,50.538
171.63,100.35,50.203,50.153
NaN,NaN,NaN,-2
NaN,NaN,NaN,0
NaN,NaN,NaN,0
NaN,NaN,NaN,0
NaN,NaN,NaN,0
NaN,NaN,NaN,-1
198.29,34.657,30.683,51.462
197.07,35.174,30.944,51.957
195.24,32.105,30.952,51.968
193.64,35.604,30.868,51.87
192.48,34.45,31.015,52.057
187.58,34.757,31.016,51.925
183.74,36.344,30.585,51.184
181.1,39.809,30.512,51.014
174.96,45.712,30.641,51.308
173.01,48.157,31.076,52.019
170.88,49.313,31.129,52.148
169.99,53.727,30.968,51.861
170.35,60.049,30.864,51.683
172.19,62.346,30.891,51.814
174.07,69.133,30.763,51.625
177.01,71.134,30.534,51.229
178.34,81.17,30.737,51.553
177.77,83.775,30.519,51.172
178.52,86.139,30.761,51.577
179.65,86.663,30.395,50.982
180.76,91.92,29.976,50.323
183.17,94.939,29.967,50.266
186.74,98.774,30.006,50.392
189.09,100.27,30.004,50.427
196.38,99.928,29.873,50.254
198.72,103.86,29.696,49.862
196.49,102.78,29.735,49.981
189.8,99.931,29.572,49.759
188.58,99.002,29.631,49.919
182.91,97.521,29.434,49.564
178.18,99.539,29.638,49.967
173.52,94.56,29.418,49.602
165.32,96.507,29.403,49.453
158.28,93.425,29.376,49.334
149.74,87.882,29,48.709
142.56,86.842,29.133,48.93
127.99,87.068,28.809,48.597
125.21,82.782,28.645,48.375
115.34,80.638,29.029,49.062
106.12,78.423,29.402,49.671
97.93,74.864,29.291,49.553
91.651,78.143,29.505,49.922
86.333,77.949,29.755,50.313
78.181,76.616,29.804,50.421
71.501,76.962,29.396,49.852
66.726,77.838,29.247,49.645
60.27,77.306,29.79,50.578
55.674,78.595,29.173,49.576
51.474,82.411,29.101,49.399
50.773,84.918,29.293,49.714
48.814,87.561,29.415,49.845
51.223,91.355,29.679,50.285
54.534,93.191,29.437,49.903
55.296,94.611,29.229,49.587
61.073,100.34,29.232,49.655
63.616,102.61,29.278,49.846
66.029,107.36,29.424,49.989
70.01,115.98,29.262,49.684
71.71,117.93,28.849,48.928
75.153,128.04,29.375,49.692
77.819,130.45,29.542,49.983
81.923,136.89,29.265,49.47
85.061,143.38,29.116,49.303
88.749,146.91,29.297,49.543
91.297,148.88,29.396,49.787
96.259,148.54,29.777,50.419
98.204,148.91,29.697,50.231
101.98,150.92,29.442,49.797
105.91,153.44,29.346,49.676
112.63,154.43,29.323,49.622
115.78,152.94,29.4,49.832
119.92,156.02,29.301,49.585
123.37,161.39,29.624,50.229
126.88,164.34,29.785,50.461
131.35,166.61,29.922,50.67
136.72,172.27,29.789,50.488
144.01,179.66,29.815,50.551
148.97,180.4,29.762,50.47
154.21,184.76,30.434,51.685
152.79,143.21,30.518,51.793
149,139.35,30.562,51.922
150.56,137.92,30.474,51.719
149.43,137.4,30.868,52.533
150.42,139.62,30.925,52.665
150.08,136.22,30.9,52.58
150.15,139.48,30.764,52.388
151.08,137.43,30.793,52.379
149.49,139.1,30.278,51.383
150.18,137.17,30.298,51.522
150.1,139.04,30.199,51.339
149.2,139.77,29.845,50.828
150.31,138.44,30.265,51.581
150.78,139.15,30.199,51.434
151.14,135.98,30.767,52.239
NaN,NaN,NaN,-2
NaN,NaN,NaN,0
NaN,NaN,NaN,0
NaN,NaN,NaN,0
NaN,NaN,NaN,0
NaN,NaN,NaN,-1
186.2,140.03,46.848,41.805
184.38,137.86,45.97,41.16
184.88,134.12,45.766,40.955
182.79,128.8,45.912,41.087
179.65,128.09,45.842,41.094
181.73,121.75,46.136,41.198
179.21,116.22,45.822,40.887
177.74,112.2,46.097,40.977
177.52,109.7,46.491,41.395
177.27,108.13,46.84,41.741
175.92,107.46,47.026,42.023
174.41,103.46,47.218,42.156
172.39,101.17,46.668,41.678
172.69,101.12,46.341,41.372
171.91,100.69,46.818,41.766
170.92,101.01,46.46,41.297
171.69,100.65,46.327,41.235
172.52,99.809,46.137,41.031
