NaN,NaN,NaN,-1
259,166,53,35
258,166,53,35
258,165,53,35
257,165,53,35
256,165,53,35
256,165,53,35
255,165,52,36
255,164,52,36
254,164,52,36
253,164,52,36
253,164,52,36
252,164,52,36
252,163,52,36
251,163,52,36
251,163,51,36
251,163,51,36
250,163,51,36
250,163,51,36
249,162,51,36
249,162,51,36
248,162,51,36
248,162,50,36
248,162,50,36
247,161,50,36
247,161,50,36
247,161,50,36
246,161,50,36
246,160,50,36
245,160,50,36
245,160,49,36
245,160,49,36
244,160,49,36
244,159,49,36
244,159,49,36
243,159,49,36
243,159,49,36
243,158,49,36
243,158,48,36
242,158,48,36
242,158,48,36
242,158,48,36
242,157,48,36
241,157,48,36
241,157,48,36
241,157,47,36
241,157,47,36
241,157,47,36
240,157,47,36
240,156,47,36
240,156,47,36
240,156,46,36
240,156,46,36
239,156,46,36
239,156,46,36
239,156,46,35
239,155,46,35
239,155,46,35
239,155,46,35
238,155,45,35
238,155,45,35
238,155,45,35
238,155,45,35
238,155,45,35
238,154,45,35
238,154,45,35
237,154,45,35
237,154,44,35
237,154,44,34
237,154,44,34
237,154,44,34
237,154,44,34
236,154,44,34
236,153,44,34
236,153,44,34
236,153,44,34
236,153,44,34
236,153,43,34
236,153,43,34
235,153,43,34
235,153,43,33
235,152,43,33
235,152,43,33
235,152,43,33
235,152,43,33
235,152,43,33
235,152,42,33
235,152,42,33
234,152,42,33
234,152,42,33
234,152,42,32
234,151,42,32
234,151,42,32
234,151,42,32
234,151,42,32
234,151,41,32
234,151,41,32
234,151,41,32
234,151,41,32
234,151,41,31
234,151,41,31
234,151,41,31
234,151,40,31
234,151,40,31
234,151,40,31
234,150,40,31
234,150,40,31
234,150,40,31
234,150,40,31
234,150,40,31
234,150,40,31
234,150,40,31
234,150,39,30
234,150,39,30
234,150,39,30
234,150,39,30
234,150,39,30
234,150,39,30
234,150,39,30
234,150,39,30
234,150,39,30
234,150,39,30
234,150,39,30
234,150,39,30
234,150,39,30
234,150,39,30
234,150,39,30
234,150,39,30
234,150,39,30
234,150,39,30
234,150,39,30
234,150,39,30
234,150,39,30
234,150,39,30
234,150,39,30
234,150,39,30
234,150,39,30
234,150,39,30
234,150,39,30
234,150,39,30
234,150,39,30
234,150,39,30
234,150,39,30
234,150,39,30
234,150,39,30
234,150,39,30
234,150,39,30
234,150,39,30
234,150,39,30
234,150,39,30
234,150,39,30
234,150,39,31
234,150,39,31
234,150,39,31
234,150,39,31
234,150,39,31
234,150,39,31
234,150,39,31
234,150,39,31
234,150,39,31
234,150,39,31
234,150,39,31
234,150,40,31
234,150,40,31
234,150,40,31
234,150,40,31
234,150,40,31
234,150,40,31
234,150,40,31
234,150,40,31
234,150,40,31
233,150,40,31
233,150,40,31
233,150,40,31
233,150,40,31
233,150,40,31
233,150,40,31
233,150,40,31
232,150,40,31
232,150,40,31
232,150,40,31
232,150,40,31
231,150,40,32
231,150,40,32
231,150,40,32
230,150,40,32
230,150,41,32
229,150,41,32
229,150,41,33
228,150,41,33
228,150,41,33
227,150,41,33
227,150,41,34
226,150,41,34
225,150,42,34
225,150,42,34
224,150,42,34
223,150,42,35
223,150,42,35
222,150,42,35
221,150,42,35
220,150,42,36
219,150,43,36
218,150,43,36
217,150,43,36
216,150,43,36
215,150,43,36
214,150,43,36
213,150,43,37
212,151,43,37
211,151,43,37
210,151,43,37
209,151,43,37
208,151,42,37
207,151,42,37
205,151,42,37
204,151,42,37
203,151,42,37
202,151,42,37
200,151,42,38
199,151,42,38
198,152,42,38
196,152,41,38
195,152,41,38
194,152,41,38
192,152,41,38
191,152,41,38
190,152,40,38
189,152,40,38
187,152,40,38
186,152,39,37
185,152,39,37
184,152,39,37
183,152,39,37
182,152,39,37
182,152,39,37
181,152,39,37
180,152,39,36
179,152,39,36
178,152,39,37
178,152,40,37
177,152,40,37
176,152,40,37
175,151,40,37
175,151,41,37
174,151,41,37
174,151,41,37
173,150,42,37
172,150,42,38
171,150,43,38
170,149,43,38
169,149,44,39
168,149,44,39
167,149,44,39
167,148,45,39
166,148,45,40
164,148,45,40
163,148,44,39
162,148,44,39
161,148,44,39
159,148,43,39
158,147,43,39
157,147,42,39
156,147,42,38
154,147,42,38
153,147,42,38
151,147,42,39
150,147,42,39
149,146,42,39
147,146,41,38
146,146,41,38
145,146,40,38
144,146,40,38
142,146,40,37
141,146,39,37
140,146,39,37
139,146,38,36
138,146,38,36
137,146,38,36
136,146,37,35
135,146,37,35
133,146,37,35
132,145,37,35
131,145,36,35
130,145,36,35
128,145,36,34
127,145,35,34
126,145,35,34
125,145,35,34
124,145,34,33
122,144,34,33
121,144,34,33
120,144,33,32
119,144,33,32
118,144,32,32
117,144,31,31
116,144,31,31
115,144,30,30
114,144,30,30
113,144,30,30
111,143,30,30
110,143,29,30
108,143,29,29
107,143,29,29
106,143,29,29
104,143,28,29
103,142,28,28
102,142,28,28
100,142,28,28
99,142,28,28
97,142,27,28
96,141,27,27
94,141,27,27
93,141,27,27
92,141,26,27
90,141,26,27
89,140,26,27
87,140,26,26
86,140,26,26
85,140,25,26
83,139,25,26
82,139,25,26
80,139,25,25
79,139,25,25
77,139,24,25
76,138,24,25
75,138,24,25
73,138,24,24
72,138,24,24
71,138,23,24
69,138,23,24
68,137,23,23
67,137,22,23
65,137,22,23
64,137,22,23
63,137,22,22
61,137,22,22
60,136,22,22
59,136,22,22
57,136,21,22
56,136,21,22
55,136,21,22
53,136,21,22
52,135,21,21
51,135,21,22
49,135,21,22
48,135,21,21
47,135,20,21
46,135,20,21
45,134,20,21
44,134,20,21
42,134,20,20
41,134,20,20
40,134,20,20
39,133,19,20
38,133,19,20
36,133,20,20
35,133,20,20
34,132,20,20
32,132,19,20
31,132,19,20
30,132,19,20
29,132,19,20
28,132,19,20
26,131,19,20
25,131,19,20
24,131,19,19
23,131,19,19
21,131,18,19
20,130,18,19
19,130,18,19
18,130,18,19
16,130,18,19
15,130,18,19
