NaN,NaN,NaN,-1
258,163,57,36
257,162,57,36
257,163,57,36
254,162,57,36
254,162,57,36
253,162,57,36
254,162,57,36
252,161,57,36
253,162,57,36
251,161,57,36
252,161,57,36
250,161,57,36
249,160,57,36
249,160,57,36
248,160,57,36
247,158,57,36
247,159,57,36
247,159,57,36
245,159,57,36
247,160,57,36
244,158,57,36
244,158,57,36
247,159,57,36
243,159,57,36
244,158,57,36
244,158,57,36
244,158,57,36
243,158,57,36
244,157,57,36
242,156,57,36
242,157,57,36
242,157,57,36
241,158,57,36
240,157,57,36
240,157,57,36
239,157,57,36
241,156,57,36
241,156,57,36
239,155,57,36
240,156,57,36
240,156,57,36
238,156,57,36
239,156,57,36
240,157,57,36
239,156,57,36
238,155,57,36
239,156,57,36
237,156,57,36
237,156,57,36
238,155,57,36
237,155,57,36
237,154,57,36
236,153,57,36
236,156,57,36
237,155,57,36
237,154,57,36
235,153,57,36
236,153,57,36
237,154,57,36
239,155,57,36
236,152,57,36
237,153,57,36
235,154,57,36
236,153,57,36
238,153,57,36
236,153,57,36
236,152,57,36
236,151,57,36
236,151,57,36
235,151,57,36
235,151,57,36
236,152,57,36
235,151,57,36
235,151,57,36
237,151,57,36
236,150,57,36
235,151,57,36
236,151,57,36
236,151,57,36
237,151,57,36
236,150,57,36
235,150,57,36
237,149,57,36
235,150,57,36
235,151,57,36
235,151,57,36
235,149,57,36
236,149,57,36
235,149,57,36
233,149,57,36
234,150,57,36
232,149,57,36
235,152,57,36
234,150,57,36
234,151,57,36
235,152,57,36
234,150,57,36
235,151,57,36
235,150,57,36
235,150,57,36
234,150,57,36
236,151,57,36
238,151,57,36
238,151,57,36
239,150,57,36
236,151,57,36
235,151,57,36
236,150,57,36
236,151,57,36
237,150,57,36
236,150,57,36
238,149,57,36
237,150,57,36
237,150,57,36
237,150,57,36
238,150,57,36
237,150,57,36
235,151,57,36
235,150,57,36
235,150,57,36
235,150,57,36
234,150,57,36
235,151,57,36
236,150,57,36
236,150,57,36
236,150,57,36
235,150,57,36
233,150,57,36
235,149,57,36
235,150,57,36
236,150,57,36
237,150,57,36
235,150,57,36
237,150,57,36
234,150,57,36
236,150,57,36
235,150,57,36
234,150,57,36
236,149,57,36
234,149,57,36
234,149,57,36
235,151,57,36
236,151,57,36
236,150,57,36
236,150,57,36
236,151,57,36
234,150,57,36
238,151,57,36
235,150,57,36
236,150,57,36
235,151,57,36
235,149,57,36
233,150,57,36
237,150,57,36
235,150,57,36
237,150,57,36
237,150,57,36
237,150,57,36
235,150,57,36
235,150,57,36
234,151,57,36
235,150,57,36
233,150,57,36
234,150,57,36
235,150,57,36
237,150,57,36
237,150,57,36
236,150,57,36
235,151,57,36
236,151,57,36
236,150,57,36
237,151,57,36
232,151,57,36
236,149,57,36
235,150,57,36
235,150,57,36
236,150,57,36
235,150,57,36
236,150,57,36
235,150,57,36
236,150,57,36
235,150,57,36
235,150,57,36
236,150,57,36
234,151,57,36
234,150,57,36
236,150,57,36
234,150,57,36
235,150,57,36
235,151,57,36
235,151,57,36
235,150,57,36
234,150,57,36
235,151,57,36
233,152,57,36
232,151,57,36
232,150,57,36
234,149,57,36
236,150,57,36
233,151,57,36
235,150,57,36
236,150,57,36
197,130,57,36
198,130,57,36
199,129,57,36
199,129,57,36
197,129,57,36
199,129,57,36
198,129,57,36
200,128,57,36
197,129,57,36
198,128,57,36
198,129,57,36
200,128,57,36
198,128,57,36
199,128,57,36
198,129,57,36
196,128,57,36
198,129,57,36
197,129,57,36
197,128,57,36
198,129,57,36
196,129,57,36
197,128,57,36
197,127,57,36
197,128,57,36
197,128,57,36
195,128,57,36
197,128,57,36
197,127,57,36
197,127,57,36
195,130,57,36
195,128,57,36
196,129,57,36
196,128,57,36
195,129,57,36
195,129,57,36
195,128,57,36
195,129,57,36
195,129,57,36
196,128,57,36
196,128,57,36
197,128,57,36
196,127,57,36
195,128,57,36
195,128,57,36
197,128,57,36
199,127,57,36
198,127,57,36
199,126,57,36
199,128,57,36
197,127,57,36
200,127,57,36
199,127,57,36
198,126,57,36
200,127,57,36
200,127,57,36
199,128,57,36
200,127,57,36
201,127,57,36
201,127,57,36
200,128,57,36
201,127,57,36
200,128,57,36
201,128,57,36
200,127,57,36
201,128,57,36
199,128,57,36
NaN,NaN,NaN,-2
NaN,NaN,NaN,0
NaN,NaN,NaN,0
NaN,NaN,NaN,0
NaN,NaN,NaN,0
NaN,NaN,NaN,-1
134,154,57,22
131,154,57,22
130,153,57,22
129,153,57,22
128,153,57,22
127,152,57,22
125,152,57,22
123,152,57,22
121,151,57,22
119,152,57,22
119,151,57,22
118,151,57,22
116,151,57,22
113,150,57,22
110,151,57,22
109,149,57,22
107,149,57,22
107,150,57,22
106,149,57,22
104,148,57,22
102,149,57,22
100,148,57,22
98,149,57,22
97,148,57,22
97,148,57,22
95,148,57,22
92,148,57,22
91,147,57,22
89,147,57,22
89,146,57,22
87,146,57,22
85,145,57,22
83,145,57,22
83,145,57,22
81,145,57,22
79,145,57,22
77,144,57,22
78,144,57,22
74,144,57,22
73,144,57,22
72,143,57,22
70,143,57,22
68,143,57,22
66,142,57,22
66,142,57,22
65,141,57,22
63,142,57,22
64,141,57,22
60,141,57,22
59,141,57,22
57,140,57,22
55,140,57,22
53,140,57,22
51,139,57,22
50,139,57,22
47,138,57,22
48,138,57,22
45,138,57,22
45,137,57,22
44,137,57,22
43,137,57,22
41,136,57,22
41,136,57,22
39,135,57,22
39,135,57,22
37,134,57,22
34,134,57,22
30,135,57,22
31,135,57,22
30,134,57,22
29,134,57,22
30,133,57,22
28,133,57,22
26,133,57,22
27,132,57,22
25,133,57,22
22,132,57,22
22,132,57,22
20,132,57,22
18,132,57,22
17,131,57,22
17,131,57,22
18,130,57,22
12,129,57,22
11,130,57,22
10,130,57,22
8,129,57,22
8,129,57,22
6,129,57,22
5,129,57,22
6,129,57,22
5,129,57,22
3,128,57,22
4,127,57,22
3,127,57,22
1,126,57,22
1,126,57,22
3,126,57,22
-3,126,57,22
