NaN,NaN,NaN,-1
257,162,57,36
256,164,57,36
255,163,57,36
256,162,57,36
254,162,57,36
253,163,57,36
253,162,57,36
252,162,57,36
253,161,57,36
251,162,57,36
250,161,57,36
251,162,57,36
249,161,57,36
248,159,57,36
249,160,57,36
248,160,57,36
247,160,57,36
248,159,57,36
246,160,57,36
247,159,57,36
245,158,57,36
245,159,57,36
246,159,57,36
246,159,57,36
244,159,57,36
244,157,57,36
244,158,57,36
242,158,57,36
243,158,57,36
241,156,57,36
240,157,57,36
241,157,57,36
242,157,57,36
241,156,57,36
241,157,57,36
240,156,57,36
241,155,57,36
240,156,57,36
238,156,57,36
240,157,57,36
239,155,57,36
239,155,57,36
238,156,57,36
238,155,57,36
238,155,57,36
238,155,57,36
238,155,57,36
238,155,57,36
237,154,57,36
237,155,57,36
237,155,57,36
236,154,57,36
237,154,57,36
237,154,57,36
237,154,57,36
237,153,57,36
237,153,57,36
237,154,57,36
239,154,57,36
236,152,57,36
236,153,57,36
237,153,57,36
237,152,57,36
235,151,57,36
238,152,57,36
236,152,57,36
235,152,57,36
237,152,57,36
236,151,57,36
236,151,57,36
236,152,57,36
236,151,57,36
233,150,57,36
236,151,57,36
236,151,57,36
235,150,57,36
234,150,57,36
236,151,57,36
236,150,57,36
236,151,57,36
237,150,57,36
235,150,57,36
234,150,57,36
234,148,57,36
236,151,57,36
235,152,57,36
234,150,57,36
234,148,57,36
235,150,57,36
234,150,57,36
235,150,57,36
234,151,57,36
234,151,57,36
234,151,57,36
234,150,57,36
235,151,57,36
235,151,57,36
235,152,57,36
234,151,57,36
235,150,57,36
235,151,57,36
235,151,57,36
238,151,57,36
235,150,57,36
237,150,57,36
237,150,57,36
235,150,57,36
236,150,57,36
236,151,57,36
236,151,57,36
237,151,57,36
235,151,57,36
238,150,57,36
236,150,57,36
236,150,57,36
236,150,57,36
236,150,57,36
233,149,57,36
235,150,57,36
236,151,57,36
236,150,57,36
235,150,57,36
236,150,57,36
236,150,57,36
235,150,57,36
236,150,57,36
236,150,57,36
235,149,57,36
235,151,57,36
235,150,57,36
235,150,57,36
234,150,57,36
235,150,57,36
234,149,57,36
235,151,57,36
235,150,57,36
235,151,57,36
235,150,57,36
236,149,57,36
235,150,57,36
234,150,57,36
236,151,57,36
237,153,57,36
233,151,57,36
235,151,57,36
236,151,57,36
236,150,57,36
235,150,57,36
235,151,57,36
236,151,57,36
235,150,57,36
235,150,57,36
236,150,57,36
237,150,57,36
234,150,57,36
236,150,57,36
236,151,57,36
235,150,57,36
235,151,57,36
236,150,57,36
234,150,57,36
234,150,57,36
235,150,57,36
238,150,57,36
233,149,57,36
237,151,57,36
236,150,57,36
234,150,57,36
234,150,57,36
235,150,57,36
236,150,57,36
236,150,57,36
236,150,57,36
236,149,57,36
236,150,57,36
237,150,57,36
234,150,57,36
236,150,57,36
234,150,57,36
236,150,57,36
235,150,57,36
235,150,57,36
235,150,57,36
235,150,57,36
235,151,57,36
235,150,57,36
236,150,57,36
234,150,57,36
235,150,57,36
235,151,57,36
235,151,57,36
236,151,57,36
233,150,57,36
233,151,57,36
231,149,57,36
199,127,57,36
199,129,57,36
199,129,57,36
197,129,57,36
197,128,57,36
199,128,57,36
198,128,57,36
198,129,57,36
199,128,57,36
199,129,57,36
198,129,57,36
198,128,57,36
198,129,57,36
198,128,57,36
198,128,57,36
199,128,57,36
198,129,57,36
197,127,57,36
198,128,57,36
197,127,57,36
197,128,57,36
198,128,57,36
197,128,57,36
199,129,57,36
197,128,57,36
197,127,57,36
195,127,57,36
197,128,57,36
197,127,57,36
196,128,57,36
198,128,57,36
197,128,57,36
198,128,57,36
197,128,57,36
196,128,57,36
195,128,57,36
196,128,57,36
196,129,57,36
194,129,57,36
195,128,57,36
195,129,57,36
196,128,57,36
195,129,57,36
195,129,57,36
195,129,57,36
195,129,57,36
195,128,57,36
195,128,57,36
197,128,57,36
194,129,57,36
195,129,57,36
168,132,57,36
167,130,57,36
167,132,57,36
190,129,57,36
196,127,57,36
163,129,57,36
165,130,57,36
159,130,57,36
196,129,57,36
125,130,57,36
127,129,57,36
122,130,57,36
122,130,57,36
120,131,57,36
120,130,57,36
120,130,57,36
119,130,57,36
121,130,57,36
121,130,57,36
121,130,57,36
119,130,57,36
118,130,57,36
119,130,57,36
118,130,57,36
120,129,57,36
119,130,57,36
118,129,57,36
117,128,57,36
117,129,57,36
120,129,57,36
121,128,57,36
121,130,57,36
122,129,57,36
120,130,57,36
118,130,57,36
120,130,57,36
118,130,57,36
117,129,57,36
120,129,57,36
117,129,57,36
118,130,57,36
118,129,57,36
116,130,57,36
116,130,57,36
115,130,57,36
115,130,57,36
113,130,57,36
113,130,57,36
114,130,57,36
114,130,57,36
115,130,57,36
112,130,57,36
117,130,57,36
115,130,57,36
116,129,57,36
112,130,57,36
111,130,57,36
111,129,57,36
100,128,57,36
109,128,57,36
101,128,57,36
89,127,57,36
87,124,57,36
86,126,57,36
87,126,57,36
86,126,57,36
83,124,57,36
81,125,57,36
81,125,57,36
73,125,57,36
71,124,57,36
73,125,57,36
60,122,57,36
19,115,57,36
NaN,NaN,NaN,-2
NaN,NaN,NaN,0
NaN,NaN,NaN,0
NaN,NaN,NaN,0
NaN,NaN,NaN,0
NaN,NaN,NaN,-1
66,144,43,15
65,144,43,15
63,144,43,15
60,144,43,15
59,143,43,15
58,143,43,15
58,143,43,15
54,142,43,15
54,142,43,15
52,142,43,15
52,142,43,15
50,141,43,15
49,141,43,15
48,141,43,15
45,140,43,15
44,141,43,15
44,140,43,15
42,140,43,15
40,140,43,15
40,139,43,15
38,139,43,15
36,139,43,15
35,138,43,15
34,138,43,15
32,138,43,15
31,138,43,15
29,138,43,15
29,137,43,15
27,137,43,15
26,137,43,15
24,137,43,15
24,136,43,15
22,136,43,15
21,136,43,15
19,136,43,15
20,135,43,15
17,135,43,15
16,135,43,15
16,135,43,15
14,134,43,15
13,135,43,15
12,134,43,15
10,133,43,15
8,133,43,15
9,133,43,15
7,133,43,15
5,133,43,15
