NaN,NaN,NaN,-1
221,122,29,103
222,122,29,103
223,120,29,103
224,119,29,103
223,117,29,103
221,116,29,103
219,117,29,103
218,118,29,103
216,119,29,103
214,119,29,103
223,118,29,103
228,118,29,103
232,118,29,103
233,119,29,103
234,119,29,103
234,119,29,103
233,119,29,103
230,119,29,103
225,119,29,103
222,119,29,103
221,119,29,103
222,120,29,103
223,121,29,103
227,121,29,103
231,121,29,103
233,120,29,103
235,120,29,103
236,119,29,103
234,119,29,103
228,117,29,103
227,116,29,103
227,116,29,103
228,117,29,103
231,117,29,103
233,117,29,103
235,118,29,103
237,117,29,103
239,117,29,103
240,117,29,103
239,117,29,103
238,116,29,103
234,115,29,103
223,125,29,103
223,126,29,103
223,129,29,103
224,130,29,103
211,125,29,103
209,122,29,103
206,120,29,103
202,119,29,103
199,118,29,103
195,118,29,103
192,118,29,103
191,120,29,103
194,123,29,103
194,121,29,103
195,120,29,103
198,121,29,103
201,122,29,103
204,123,29,103
207,125,29,103
209,127,29,103
210,127,29,103
209,126,29,103
204,125,29,103
200,124,29,103
201,123,29,103
205,123,29,103
210,123,29,103
204,124,29,103
211,120,29,103
215,115,29,103
216,113,29,103
213,113,29,103
208,112,29,103
202,114,29,103
195,117,29,103
196,116,29,103
195,113,29,103
195,107,29,103
198,100,29,103
203,94,29,103
207,91,29,103
209,88,29,103
210,87,29,103
211,87,29,103
211,87,29,103
210,90,29,103
208,96,29,103
207,103,29,103
207,110,29,103
209,116,29,103
211,118,29,103
214,121,29,103
219,126,29,103
223,130,29,103
225,134,29,103
225,139,29,103
223,144,29,103
218,142,29,103
215,147,29,103
211,152,29,103
209,152,29,103
209,151,29,103
210,151,29,103
211,151,29,103
213,149,29,103
216,148,29,103
219,146,29,103
223,144,29,103
226,142,29,103
NaN,NaN,NaN,-2
NaN,NaN,NaN,0
NaN,NaN,NaN,0
NaN,NaN,NaN,0
NaN,NaN,NaN,0
NaN,NaN,NaN,-1
195,123,29,93
199,122,29,93
199,122,29,93
202,123,29,93
205,123,29,93
206,123,29,93
208,122,29,93
210,122,29,93
211,122,29,93
210,123,29,93
209,124,29,93
212,125,29,93
215,126,29,93
217,127,29,93
218,128,29,93
218,130,29,93
220,130,29,93
221,130,29,93
222,131,29,93
223,131,29,93
225,130,29,93
228,130,29,93
229,130,29,93
232,129,29,93
234,129,29,93
237,127,29,93
240,127,29,93
243,127,29,93
249,127,29,93
255,126,29,93
NaN,NaN,NaN,-2
NaN,NaN,NaN,0
NaN,NaN,NaN,0
NaN,NaN,NaN,0
NaN,NaN,NaN,0
NaN,NaN,NaN,-1
215,113,29,93
215,112,29,93
216,111,29,93
216,111,29,93
216,111,29,93
216,112,29,93
218,111,29,93
220,112,29,93
222,112,29,93
224,112,29,93
224,113,29,93
223,113,29,93
221,113,29,93
222,110,29,93
222,108,29,93
221,108,29,93
219,108,29,93
218,108,29,93
219,108,29,93
217,109,29,93
214,109,29,93
213,110,29,93
212,107,29,93
209,107,29,93
207,105,29,93
206,104,29,93
205,102,29,93
203,103,29,93
202,104,29,93
203,104,29,93
205,105,29,93
207,106,29,93
208,105,29,93
208,106,29,93
203,107,29,93
204,105,29,93
205,105,29,93
206,107,29,93
207,106,29,93
208,106,29,93
209,106,29,93
209,106,29,93
208,107,29,93
209,108,29,93
213,108,29,93
214,107,29,93
213,106,29,93
212,105,29,93
211,105,29,93
211,105,29,93
209,106,29,93
208,105,29,93
207,104,29,93
208,103,29,93
210,103,29,93
213,102,29,93
207,103,29,93
209,105,29,93
208,108,29,93
208,112,29,93
208,115,29,93
207,117,29,93
207,120,29,93
206,122,29,93
205,123,29,93
206,124,29,93
207,124,29,93
208,124,29,93
210,124,29,93
212,123,29,93
214,123,29,93
215,122,29,93
216,121,29,93
217,120,29,93
218,118,29,93
214,119,29,93
212,119,29,93
210,120,29,93
208,119,29,93
206,117,29,93
205,116,29,93
203,117,29,93
197,120,29,93
196,121,29,93
195,121,29,93
195,122,29,93
195,122,29,93
196,122,29,93
195,122,29,93
195,122,29,93
196,122,29,93
200,121,29,93
203,120,29,93
206,119,29,93
208,119,29,93
210,119,29,93
211,119,29,93
211,119,29,93
211,117,29,93
211,115,29,93
211,114,29,93
212,112,29,93
212,109,29,93
212,106,29,93
213,105,29,93
213,105,29,93
214,105,29,93
213,105,29,93
213,105,29,93
211,105,29,93
209,106,29,93
208,106,29,93
206,107,29,93
205,108,29,93
204,109,29,93
205,109,29,93
203,108,29,93
203,107,29,93
202,107,29,93
201,107,29,93
199,108,29,93
196,108,29,93
193,108,29,93
191,107,29,93
189,107,29,93
187,106,29,93
185,104,29,93
185,102,29,93
184,101,29,93
183,100,29,93
182,98,29,93
181,96,29,93
181,94,29,93
181,92,29,93
179,91,29,93
176,91,29,93
173,89,29,93
171,86,29,93
171,82,29,93
173,78,29,93
172,76,29,93
172,74,29,93
172,74,29,93
171,73,29,93
169,73,29,93
167,72,29,93
165,71,29,93
162,70,29,93
160,69,29,93
159,69,29,93
158,69,29,93
157,69,29,93
156,69,29,93
154,70,29,93
153,71,29,93
151,74,29,93
150,76,29,93
148,78,29,93
146,79,29,93
145,79,29,93
145,77,29,93
144,76,29,93
143,75,29,93
144,73,29,93
143,72,29,93
143,72,29,93
142,73,29,93
141,73,29,93
140,73,29,93
139,73,29,93
138,73,29,93
137,73,29,93
136,73,29,93
136,72,29,93
136,72,29,93
137,72,29,93
138,73,29,93
139,76,29,93
140,78,29,93
141,82,29,93
142,86,29,93
143,90,29,93
145,91,29,93
147,92,29,93
152,91,29,93
161,89,29,93
170,87,29,93
173,85,29,93
175,84,29,93
177,84,29,93
177,84,29,93
178,84,29,93
168,85,29,93
164,85,29,93
160,85,29,93
157,85,29,93
154,84,29,93
152,83,29,93
150,82,29,93
148,82,29,93
148,82,29,93
147,84,29,93
147,85,29,93
147,85,29,93
146,86,29,93
145,86,29,93
143,86,29,93
141,84,29,93
141,81,29,93
142,76,29,93
142,74,29,93
143,73,29,93
146,73,29,93
153,74,29,93
158,75,29,93
159,78,29,93
162,82,29,93
163,87,29,93
162,91,29,93
162,94,29,93
163,96,29,93
163,98,29,93
163,99,29,93
163,100,29,93
164,102,29,93
163,103,29,93
162,104,29,93
161,105,29,93
159,106,29,93
156,106,29,93
154,105,29,93
154,101,29,93
154,97,29,93
153,92,29,93
153,87,29,93
155,83,29,93
158,77,29,93
161,73,29,93
165,69,29,93
168,68,29,93
169,67,29,93
169,68,29,93
170,69,29,93
169,70,29,93
168,72,29,93
166,75,29,93
162,79,29,93
159,82,29,93
156,86,29,93
151,90,29,93
147,95,29,93
144,98,29,93
142,101,29,93
140,102,29,93
140,103,29,93
139,103,29,93
140,102,29,93
140,101,29,93
143,99,29,93
145,97,29,93
145,95,29,93
147,92,29,93
150,89,29,93
152,87,29,93
153,86,29,93
154,84,29,93
156,81,29,93
156,79,29,93
157,76,29,93
159,73,29,93
159,71,29,93
158,71,29,93
158,71,29,93
157,71,29,93
155,72,29,93
153,72,29,93
152,73,29,93
150,73,29,93
147,73,29,93
145,72,29,93
144,70,29,93
142,69,29,93
141,68,29,93
141,67,29,93
141,67,29,93
142,65,29,93
143,62,29,93
144,60,29,93
145,58,29,93
145,57,29,93
146,56,29,93
148,55,29,93
149,54,29,93
151,53,29,93
155,53,29,93
161,53,29,93
163,56,29,93
163,63,29,93
164,68,29,93
165,72,29,93
165,77,29,93
164,79,29,93
165,80,29,93
165,81,29,93
165,81,29,93
164,81,29,93
164,81,29,93
164,82,29,93
163,84,29,93
161,87,29,93
160,90,29,93
159,92,29,93
157,94,29,93
154,96,29,93
153,97,29,93
151,98,29,93
150,98,29,93
150,98,29,93
150,97,29,93
151,97,29,93
152,97,29,93
152,98,29,93
152,99,29,93
152,99,29,93
152,99,29,93
151,99,29,93
151,97,29,93
152,93,29,93
152,92,29,93
152,90,29,93
152,86,29,93
152,84,29,93
152,83,29,93
154,80,29,93
157,78,29,93
160,76,29,93
161,74,29,93
162,72,29,93
162,71,29,93
162,70,29,93
162,69,29,93
162,68,29,93
163,67,29,93
163,67,29,93
163,67,29,93
163,68,29,93
164,69,29,93
165,69,29,93
165,69,29,93
166,69,29,93
166,68,29,93
165,67,29,93
166,65,29,93
165,63,29,93
164,63,29,93
163,62,29,93
161,62,29,93
159,63,29,93
157,64,29,93
155,64,29,93
153,65,29,93
151,65,29,93
148,65,29,93
144,64,29,93
142,63,29,93
139,62,29,93
137,60,29,93
136,60,29,93
135,60,29,93
134,60,29,93
133,60,29,93
131,61,29,93
130,62,29,93
129,62,29,93
129,62,29,93
129,62,29,93
129,61,29,93
129,62,29,93
130,64,29,93
131,69,29,93
134,74,29,93
137,79,29,93
140,85,29,93
145,90,29,93
152,93,29,93
154,95,29,93
154,95,29,93
154,95,29,93
153,91,29,93
150,86,29,93
150,82,29,93
150,79,29,93
150,74,29,93
150,70,29,93
149,69,29,93
148,67,29,93
147,65,29,93
147,64,29,93
147,63,29,93
144,61,29,93
137,59,29,93
132,56,29,93
129,53,29,93
125,49,29,93
119,44,29,93
117,38,29,93
128,29,29,93
142,24,29,93
156,19,29,93
NaN,NaN,NaN,-2
NaN,NaN,NaN,0
NaN,NaN,NaN,0
NaN,NaN,NaN,0
NaN,NaN,NaN,0
NaN,NaN,NaN,-1
236,16,41,148
233,12,41,148
231,11,41,148
226,15,41,148
229,29,41,148
235,34,41,148
234,39,41,148
226,51,41,148
215,61,41,148
204,71,41,148
192,75,41,148
185,75,41,148
182,75,41,148
177,75,41,148
173,73,41,148
175,70,41,148
179,67,41,148
181,61,41,148
185,57,41,148
191,55,41,148
194,56,41,148
194,56,41,148
194,56,41,148
193,60,41,148
188,65,41,148
184,67,41,148
183,71,41,148
179,74,41,148
