NaN,NaN,NaN,-1
129.04,116.87,77,97
129.1,116.65,77,97
129.1,116.65,77,97
129.1,116.65,77,97
129.1,116.65,77,97
128.85,116.97,77,97
128.76,116.91,77,97
128.65,116.81,77,97
128.54,116.8,77,97
128.5,117.05,77,97
128.45,116.95,77,97
127.59,116.88,77,97
127.31,117.03,77,97
126.54,116.88,77,97
126.38,116.98,77,97
124.4,117.1,77,97
122.34,116.77,77,97
120.12,116.92,77,97
118.16,116.83,77,97
115.83,116.71,77,97
115.1,116.59,77,97
109.95,108.97,77,97
109.74,102.64,77,97
110.35,101.22,76.23,96.03
110.73,98.464,75.468,95.07
111.69,96.075,74.713,94.119
111.41,93.48,73.966,93.178
111.71,93.489,73.226,92.246
111.45,90.417,72.494,91.324
108.41,85.111,71.769,90.41
109.04,83.46,71.051,89.506
109.53,83.294,70.341,88.611
109.43,83.568,69.637,87.725
109.78,83.795,68.941,86.848
109.77,84.295,68.252,85.979
110.02,84.619,67.569,85.12
110.35,85.045,66.893,84.268
111.02,85.438,66.224,83.426
111.35,85.855,65.562,82.591
112.22,86.516,64.907,81.765
112.54,86.925,64.258,80.948
114.69,87.164,63.615,80.138
115.58,87.791,62.979,79.337
117.69,88.247,62.349,78.544
118.52,88.83,61.726,77.758
122.95,89.29,61.108,76.981
124.12,89.86,60.497,76.211
125.08,90.944,59.892,75.449
127.13,91.965,59.293,74.694
128.31,92.799,58.7,73.947
132.34,93.652,58.113,73.208
133.54,94.391,57.532,72.476
136.8,95.89,56.957,71.751
137.89,96.743,56.387,71.033
140.86,98.024,55.823,70.323
142.04,99.472,55.823,70.323
143.81,100.94,55.823,70.323
145.42,102.57,55.823,70.323
146.87,105.6,56.382,71.026
147.99,107.19,56.946,71.737
149.81,109.79,57.515,72.454
149.66,109.61,58.09,73.178
149.93,109.54,58.671,73.91
150.39,109.82,59.258,74.649
150.08,109.92,59.85,75.396
150.49,110.05,60.449,76.15
150.36,110.13,61.053,76.911
151.52,111.47,61.664,77.68
151.73,111.67,62.28,78.457
152.31,111.9,62.903,79.242
151.9,112.09,63.532,80.034
152.2,113.29,64.168,80.835
152.41,113.39,64.809,81.643
151.95,113.68,65.457,82.459
151.66,115.72,66.112,83.284
150.8,117.8,66.773,84.117
148.56,120.44,67.441,84.958
148.22,120.02,68.115,85.808
147.8,119.48,68.796,86.666
147.2,116.69,69.484,87.532
146.98,115.81,70.179,88.408
147.07,107.59,70.179,88.408
149.12,105.04,69.477,87.524
151.34,104.16,68.783,86.648
155.81,104.34,68.095,85.782
156.5,104.84,67.414,84.924
156.95,104.96,66.74,84.075
156.55,105.47,66.072,83.234
156.26,106.23,65.412,82.402
156.56,106.36,64.758,81.578
156.67,106.59,64.11,80.762
154.36,108.44,64.11,80.762
153.48,108.64,64.11,80.762
151.57,111.53,64.11,80.762
151.53,114.03,64.11,80.762
151.47,115.02,64.11,80.762
145.69,121.7,64.11,80.762
145.75,122.43,64.11,80.762
146.4,122.83,63.469,79.954
147.06,124.08,62.834,79.155
147.31,125,62.206,78.363
146.97,125.93,61.584,77.58
146.96,126.72,60.968,76.804
147.14,127.58,60.358,76.036
146.87,127.53,59.755,75.275
147.18,128.46,59.157,74.523
146.92,129.27,58.566,73.777
147.46,129.84,58.566,73.777
147.3,130.28,58.566,73.777
147.17,130.5,58.566,73.777
147.28,131.31,58.566,73.777
147.28,131.31,58.566,73.777
147.22,130.81,58.566,73.777
147.31,131.31,58.566,73.777
147.07,131.41,58.566,73.777
147.07,131.41,58.566,73.777
147.09,131.46,58.566,73.777
147.09,131.79,58.566,73.777
146.83,132.41,58.566,73.777
146.32,132.09,59.151,74.515
145.98,132.34,59.151,74.515
141.98,135.96,58.56,73.77
142.68,136.72,57.974,73.032
142.97,137.09,57.394,72.302
143.2,136.13,57.968,73.025
143.28,137.18,57.389,72.295
143.28,137.18,57.389,72.295
143.36,136.87,57.962,73.018
143.41,135.84,58.542,73.748
143.07,134.81,59.128,74.485
143.47,133.8,59.719,75.23
143.18,133.18,60.316,75.982
142.82,130.88,60.919,76.742
142.82,130.88,60.919,76.742
143.07,129.99,61.528,77.51
143.4,128.96,62.144,78.285
143.09,128.57,62.765,79.068
143.13,128.48,63.393,79.858
142.88,126.06,64.027,80.657
141.44,122.68,64.667,81.464
140.64,122.03,65.314,82.278
138.14,121.56,65.967,83.101
137.54,120.6,66.626,83.932
136.44,120,67.293,84.771
136.08,119.45,67.966,85.619
135.22,119.21,68.645,86.475
134.42,119.22,69.332,87.34
132.43,119.27,70.025,88.213
131.51,119.4,70.725,89.095
130.34,119.32,71.432,89.986
129.25,119.5,72.147,90.886
128.06,119.58,72.868,91.795
125.28,119.58,73.597,92.713
124.41,119.48,74.333,93.64
123.63,119.5,75.076,94.577
122.71,119.48,75.827,95.522
120.63,119.58,76.585,96.478
119.66,119.72,77.351,97.442
118.69,119.48,78.125,98.417
118.04,118.92,78.125,98.417
117.16,118.97,78.125,98.417
116.26,119.09,78.125,98.417
115.37,118.95,78.125,98.417
114.48,119.07,78.125,98.417
113.75,119.07,78.125,98.417
113.75,119.07,78.125,98.417
113.88,118.44,78.125,98.417
114.18,115.62,78.125,98.417
114.11,115.95,77.343,97.433
114.43,116.17,76.57,96.458
114.34,116.34,75.804,95.494
113.84,117.07,75.046,94.539
112.39,121.19,74.296,93.593
112.32,122.14,73.553,92.657
112.16,122.65,72.817,91.731
112.39,122.67,72.089,90.814
112.37,122.97,71.368,89.905
111.15,123.04,70.655,89.006
111.51,123.48,69.948,88.116
111.72,123.71,69.249,87.235
111.48,124.62,68.556,86.363
111.83,125.05,67.87,85.499
111.63,125.01,67.192,84.644
111.71,124.73,66.52,83.798
112.51,125.02,65.855,82.96
113.06,125.3,65.196,82.13
113.15,125.06,64.544,81.309
113.55,125.4,63.899,80.496
114.52,124.9,63.26,79.691
114.83,125.3,62.627,78.894
115.23,125.15,62.001,78.105
115.48,125.08,61.381,77.324
116.17,125.28,60.767,76.551
116.48,125.33,60.159,75.785
116.4,124.9,59.558,75.027
116.7,125.28,58.962,74.277
117.77,125.28,58.373,73.534
118.74,125.28,57.789,72.799
119.4,125.53,57.211,72.071
119.3,125.33,56.639,71.35
119.62,125.42,56.072,70.637
119.12,125.23,55.512,69.93
119.71,124.67,54.957,69.231
119.74,123.05,54.407,68.539
119.79,120.96,53.863,67.853
119.36,119,53.324,67.175
119.64,117.79,52.791,66.503
120.04,118.25,52.263,65.838
120.68,119.49,51.741,65.18
120.9,121.81,51.223,64.528
120.95,122.43,50.711,63.883
120.9,123.38,50.204,63.244
120.97,124.68,49.702,62.611
121.24,125.06,49.205,61.985
121.96,125.51,48.713,61.365
122.2,125.81,48.226,60.752
123.02,126.74,47.743,60.144
123.26,127.04,47.266,59.543
123.5,127.34,46.793,58.947
124.17,126.79,46.325,58.358
124.51,126.51,45.862,57.774
126.12,124.74,45.403,57.197
126.62,124.11,45.403,57.197
127.81,122.62,45.403,57.197
127.86,122.55,45.403,57.197
128.34,121.93,45.403,57.197
130.24,120.17,44.949,56.625
130.17,115.15,44.5,56.058
131.1,111.27,44.055,55.498
131.23,110.73,44.055,55.498
131.08,110.2,44.495,56.053
131.44,103.98,44.05,55.492
131.74,102.52,44.05,55.492
131.99,102.04,44.491,56.047
133.37,100.09,44.936,56.608
133.34,98.909,45.385,57.174
133.51,98.08,45.839,57.745
133.17,97.412,46.298,58.323
133.05,94.569,46.76,58.906
132.84,94.04,47.228,59.495
131.91,91.652,47.7,60.09
131.56,91.203,48.177,60.691
131.13,90.369,48.659,61.298
130.88,90.063,49.146,61.911
130.65,90.518,49.637,62.53
131.84,91.652,50.134,63.155
131.56,91.496,50.635,63.787
131.82,91.978,51.141,64.425
131.4,93.509,51.653,65.069
131.51,93.603,52.169,65.72
131.48,93.524,52.691,66.377
132.89,94.862,53.218,67.041
133.75,97.345,53.75,67.711
133.51,97.138,54.287,68.388
133.75,97.173,54.83,69.072
133.42,97.289,55.379,69.763
133.65,99.141,55.932,70.46
133.59,99.412,56.492,71.165
133.73,100.37,57.057,71.877
133.66,102.06,57.627,72.595
133.26,102.38,58.204,73.321
132.65,102.53,58.786,74.055
132.59,103.08,59.373,74.795
132.37,102.85,59.967,75.543
131.97,103.36,60.567,76.298
131.94,105.03,61.172,77.061
131.51,105.17,61.784,77.832
130.77,105.33,62.402,78.61
130.46,104.94,63.026,79.396
129.57,106.41,63.656,80.19
128.65,106.43,64.293,80.992
127.85,107.77,64.936,81.802
127.65,107.85,65.585,82.62
127.81,107.15,65.585,82.62
128.1,106.3,65.585,82.62
128.15,104.48,65.585,82.62
128.12,103.98,65.585,82.62
125.48,103.21,64.929,81.794
125.71,103.68,64.28,80.976
126.33,103.97,64.28,80.976
126.33,103.97,64.28,80.976
126.33,103.97,64.28,80.976
125.81,103.98,64.28,80.976
125.37,104.08,64.28,80.976
124.65,104.43,64.28,80.976
124.61,104.48,64.28,80.976
124.61,104.5,64.28,80.976
124.93,104.9,63.637,80.166
124.92,105.11,63.001,79.365
125.36,105.21,62.371,78.571
125.07,105.71,61.747,77.785
125.26,106.43,61.13,77.008
125.07,106.86,60.518,76.237
125.21,107.27,60.518,76.237
124.96,107.41,60.518,76.237
124.68,107.25,60.518,76.237
124.68,107.25,60.518,76.237
124.68,107.25,60.518,76.237
125.3,107.26,60.518,76.237
124.99,107.29,60.518,76.237
124.64,107.37,60.518,76.237
124.68,107.47,60.518,76.237
124.7,107.49,60.518,76.237
124.7,107.5,60.518,76.237
125.17,108.01,59.913,75.475
124.97,108.36,59.913,75.475
124.48,108.13,59.913,75.475
123.71,107.96,59.913,75.475
123.58,108.03,59.913,75.475
123.58,108.03,59.913,75.475
123.58,108.03,59.913,75.475
123.58,108.03,59.913,75.475
124.01,108.86,59.314,74.72
119.64,110.69,58.721,73.973
119.95,110.21,58.721,73.973
119.64,110.37,58.721,73.973
119.64,110.37,58.721,73.973
120.1,110.38,59.308,74.713
119.62,110.7,59.901,75.46
119.94,110.84,60.5,76.215
119.71,110.78,61.105,76.977
119.37,110.82,61.716,77.746
118.53,111.17,62.333,78.524
117.92,110.92,62.957,79.309
117.81,111,63.586,80.102
117.77,111.07,64.222,80.903
117.44,110.66,64.864,81.712
116.54,110.98,65.513,82.529
115.89,110.99,66.168,83.355
116.18,110.87,66.83,84.188
116.02,112.38,67.498,85.03
115.75,112.75,68.173,85.88
112.46,112.03,68.855,86.739
111.77,112.21,69.543,87.607
106.78,117.41,70.239,88.483
105.69,117.58,70.941,89.368
105.11,117.62,71.651,90.261
105.39,117.55,72.367,91.164
105.3,117.36,73.091,92.076
104.84,117.39,73.822,92.996
103.81,117.56,74.56,93.926
102.73,117.54,75.306,94.865
100.54,117.27,76.059,95.814
98.323,116.56,76.819,96.772
96.233,116.92,76.819,96.772
94.274,116.55,76.819,96.772
93.395,116.31,76.819,96.772
86.578,109.29,76.051,95.805
84.378,107.15,75.291,94.847
84.797,107.4,74.538,93.898
86.052,107.43,73.792,92.959
87.065,107.51,73.054,92.029
89.44,107.73,72.324,91.109
92.135,106.48,71.601,90.198
95.26,109.43,70.885,89.296
96.272,109.81,70.176,88.403
97.039,110.29,69.474,87.519
98.3,110.73,68.779,86.644
98.759,110.83,68.091,85.777
98.292,110.85,67.41,84.92
98.642,110.78,66.736,84.071
98.613,110.9,66.069,83.23
98.666,111.18,65.408,82.398
98.835,111.43,64.754,81.574
98.842,112.16,64.107,80.758
103.21,117.35,64.748,81.565
102.91,117.28,64.748,81.565
103.22,117.27,64.748,81.565
103.66,118.01,64.748,81.565
105.28,120.58,64.748,81.565
106.44,122.42,64.748,81.565
106.71,122.44,64.748,81.565
108.7,122,64.748,81.565
109.15,122.22,64.1,80.75
109.59,122.54,64.1,80.75
110.07,123.25,64.1,80.75
110.03,123.47,64.1,80.75
109.99,123.5,64.1,80.75
110.39,123.01,64.1,80.75
110.64,122.82,64.1,80.75
112.51,122.97,64.1,80.75
113.32,123.22,64.1,80.75
113.41,123.11,64.1,80.75
113.51,123.33,64.1,80.75
114.36,123.21,64.1,80.75
114.44,123.18,64.1,80.75
114.66,122.86,64.1,80.75
116.61,123.17,64.1,80.75
118.48,123.09,64.1,80.75
118.45,122.79,64.1,80.75
118.45,122.79,64.1,80.75
118.51,122.14,64.741,81.557
119.43,121.98,64.741,81.557
119.52,121.83,64.741,81.557
120.37,122.12,64.741,81.557
120.37,122.12,64.741,81.557
120.5,122.07,64.741,81.557
120.24,121.49,65.389,82.373
119.83,120.52,66.043,83.197
120.08,119.67,66.703,84.028
120.11,116.71,67.37,84.869
120.31,114.33,68.044,85.717
119.95,113.55,68.724,86.575
119.88,110.9,69.411,87.44
112.59,106.76,68.717,86.566
112.04,106.83,68.03,85.7
113.74,106.55,68.71,86.557
113.8,105.49,69.398,87.423
113.46,105.05,70.092,88.297
113.07,106.53,70.792,89.18
113.19,106.34,71.5,90.072
113.36,106.65,72.215,90.973
113.14,106.74,72.938,91.882
112,107.94,73.667,92.801
