NaN,NaN,NaN,-1
130.06,121.81,81,107
130.07,121.66,81,107
130.07,121.66,81,107
130,121.59,81,107
130,121.59,81,107
130,121.59,81,107
130,121.59,81,107
129.84,121.48,81,107
129.76,120.69,81,107
129.71,120.87,81,107
129.69,120.82,81,107
129.69,120.82,81,107
129.68,120.85,81,107
129.61,120.85,81,107
129.14,120.92,81,107
126.79,121.26,81,107
124.87,120.86,81,107
120.87,121.2,81,107
117.13,121.08,81,107
113.12,120.88,81,107
112.51,110.4,81,107
111.94,103.71,80.19,105.93
112.01,99.292,79.388,104.87
112.12,96.713,78.594,103.82
112.55,97.013,77.808,102.78
112.83,97.049,77.03,101.76
113.21,96.059,76.26,100.74
113.37,93.013,75.497,99.731
113.61,93.136,74.742,98.734
111.99,88.136,73.995,97.746
112.41,88.321,73.255,96.769
112.75,88.472,72.522,95.801
112.44,85.653,71.797,94.843
112.81,85.511,71.079,93.895
112.65,85.514,70.368,92.956
112.91,85.643,69.665,92.026
112.82,82.178,68.968,91.106
112.72,82.034,68.278,90.195
112.66,82.102,67.596,89.293
113.16,82.679,66.92,88.4
114.41,82.761,66.25,87.516
115.19,83.12,65.588,86.641
115.55,83.579,64.932,85.774
116.67,84.326,64.283,84.917
119.17,85.157,63.64,84.068
121.25,85.417,63.004,83.227
125.24,86.012,62.373,82.395
126.12,86.769,61.75,81.571
128.04,88.152,61.132,80.755
129.24,88.891,60.521,79.947
130.07,89.606,59.916,79.148
134.18,91.324,59.317,78.356
135.32,92.023,58.723,77.573
136.06,92.966,58.136,76.797
138.11,95.351,57.555,76.029
139.9,97.16,56.979,75.269
141.66,99.812,56.409,74.516
141.99,101.03,55.845,73.771
145.13,104.48,55.845,73.771
145.58,105,55.845,73.771
148.05,108.21,56.404,74.509
148.5,107.98,56.968,75.254
150.12,108.88,57.538,76.006
150.15,109.19,58.113,76.766
150.44,108.74,58.694,77.534
152.41,108.5,59.281,78.309
152.3,108.6,59.874,79.093
153.47,109.89,60.473,79.883
153.74,109.78,61.077,80.682
153.91,110.16,61.688,81.489
153.99,110.36,62.305,82.304
154.39,110.65,62.928,83.127
154.21,110.14,63.557,83.958
154.29,110.46,64.193,84.798
154.15,110.82,64.835,85.646
153.49,112.67,65.483,86.502
152.48,112.45,66.138,87.367
152.13,112.25,66.799,88.241
151.55,112.07,67.467,89.123
151.1,111.52,68.142,90.015
151.27,111.03,68.823,90.915
151.05,109.03,68.823,90.915
151.38,109.42,68.135,90.006
153.53,108.56,67.454,89.106
158.08,109.1,66.779,88.215
158.82,109.71,66.111,87.332
159.15,109.51,65.45,86.459
158.76,109.84,64.796,85.595
158.77,109.98,64.148,84.739
158.91,109.98,63.506,83.891
156.52,112.46,63.506,83.891
156.26,112.22,63.506,83.891
155.35,112.52,63.506,83.891
153.53,115.69,63.506,83.891
152.57,118.88,63.506,83.891
151.63,121.66,63.506,83.891
145.73,124.46,62.871,83.052
145.68,125.09,62.243,82.222
146.3,125.45,61.62,81.4
146.07,126.46,61.004,80.586
146.39,126.96,60.394,79.78
145.95,127.4,59.79,78.982
146.43,127.27,59.192,78.192
146,127.09,58.6,77.41
146.29,127.47,58.014,76.636
145.95,128.01,57.434,75.87
146.24,128.87,56.86,75.111
146.16,130.17,56.291,74.36
146.39,130.5,55.728,73.616
145.96,130.46,55.171,72.88
146.23,130.83,54.619,72.151
146.43,130.97,54.619,72.151
146.39,130.63,54.619,72.151
147.09,130.44,55.165,72.873
146.77,130.46,55.165,72.873
147.36,130.58,55.717,73.602
147.18,132.55,55.717,73.602
147.14,134.54,55.717,73.602
146.84,135.24,55.717,73.602
146.84,135.06,55.717,73.602
146.82,135.41,55.717,73.602
146.67,135.48,55.717,73.602
147.19,135.3,55.717,73.602
146.98,135.15,55.717,73.602
147,135.02,55.717,73.602
146.94,134.14,56.274,74.338
146.76,133.19,56.837,75.081
147,132.63,56.837,75.081
146.96,132.41,57.405,75.832
146.67,132.03,57.979,76.59
147.01,132.36,57.979,76.59
146.96,131.91,57.979,76.59
146.8,131.78,57.979,76.59
146.41,131.07,58.559,77.356
146.12,130.68,59.145,78.13
145.86,130.27,59.736,78.911
145.54,129.8,60.334,79.7
145.24,129.4,60.937,80.497
144.37,128.22,61.546,81.302
143.45,126.17,62.162,82.115
141.36,124.39,62.783,82.936
140.18,123.67,63.411,83.765
139.49,123.19,64.045,84.603
138.52,123.5,64.686,85.449
138.25,122.77,65.333,86.304
137.57,122.42,65.986,87.167
136.75,122.5,66.646,88.038
135.59,123.56,67.312,88.919
134.68,123.67,67.985,89.808
133.44,123.61,68.665,90.706
132.41,123.73,69.352,91.613
131.27,123.86,70.045,92.529
130.06,123.88,70.746,93.454
129.21,123.89,71.453,94.389
128.54,123.87,72.168,95.333
127.38,123.85,72.89,96.286
126.62,123.96,73.618,97.249
125.54,123.96,74.355,98.222
124.57,123.84,75.098,99.204
123.6,123.91,75.849,100.2
120.61,124.91,76.608,101.2
119.78,124.9,77.374,102.21
119,124.88,78.147,103.23
118.33,126.44,78.929,104.26
117.77,126.03,78.929,104.26
118.03,125.15,78.929,104.26
118.17,123.15,78.929,104.26
118.07,116.63,78.929,104.26
118.04,116.55,78.929,104.26
117.93,116.4,78.14,103.22
117.55,116.72,77.358,102.19
113.66,117.19,76.585,101.17
111.19,118.87,75.819,100.16
111.12,119.73,75.061,99.154
111.24,120.24,74.31,98.163
111.4,120.27,73.567,97.181
111.26,120.42,72.831,96.209
111.32,120.82,72.103,95.247
110.85,121.82,71.382,94.295
110.51,122.6,70.668,93.352
110.62,123.07,69.961,92.418
110.97,123.53,69.262,91.494
110.65,123.59,68.569,90.579
110.97,123.72,67.884,89.673
111.42,124.16,67.205,88.777
111.76,124.6,66.533,87.889
111.95,124.92,65.867,87.01
112.49,125.04,65.209,86.14
112.81,125.47,64.557,85.278
113.11,126.33,63.911,84.426
113.51,127.19,63.272,83.581
114.22,127.03,62.639,82.746
114.15,126.8,62.013,81.918
114.58,127.35,61.393,81.099
115.04,127.27,60.779,80.288
115.41,127.22,60.171,79.485
115.75,127.47,59.569,78.69
116.77,127.1,58.974,77.903
117.52,125.7,58.384,77.124
117.61,125.71,57.8,76.353
117.9,126.1,57.222,75.589
117.93,125.9,56.65,74.834
118.43,125.39,56.083,74.085
118.47,125.24,55.522,73.344
118.49,124.82,54.967,72.611
118.44,124.49,54.417,71.885
118.4,124.17,53.873,71.166
118.67,124.41,53.335,70.454
118.93,123.9,52.801,69.75
119.86,123.38,52.273,69.052
119.87,123.17,51.75,68.362
120.13,123.51,51.233,67.678
120.67,124,50.721,67.001
120.92,124.33,50.213,66.331
121.18,124.66,49.711,65.668
122.07,124.8,49.214,65.011
122.8,125.46,48.722,64.361
123.04,125.78,48.235,63.718
122.57,124.64,47.752,63.08
122.96,124.47,47.275,62.45
123,122.83,46.802,61.825
124.1,119.35,46.334,61.207
126.1,115.74,45.871,60.595
126.44,115.63,45.412,59.989
128.21,114.88,44.958,59.389
128.44,114.98,44.508,58.795
128.93,114.97,44.063,58.207
130.1,112.95,43.623,57.625
130.46,110.99,43.187,57.049
130.81,111,42.755,56.478
130.93,110.59,42.755,56.478
131.04,103.13,42.327,55.914
131.2,102.99,41.904,55.354
132.03,99.934,42.323,55.908
131.85,97.581,42.746,56.467
131.85,96.891,43.174,57.032
131.31,95.742,43.605,57.602
130.73,94.596,44.041,58.178
130.4,93.658,44.482,58.76
130.05,93.213,44.927,59.347
128.73,90.014,45.376,59.941
128.51,89.714,45.83,60.54
128.43,90.007,46.288,61.146
128.38,90.551,45.825,60.534
128.18,91.374,45.367,59.929
128.25,91.74,44.913,59.33
128.26,93.483,44.913,59.33
128.48,93.777,44.464,58.736
129.66,95.462,44.909,59.324
129.66,95.462,44.909,59.324
129.56,95.672,45.358,59.917
131.05,97.43,45.811,60.516
131.07,97.488,45.811,60.516
132.44,99.278,46.269,61.121
132.48,98.816,46.732,61.732
132.44,99.131,47.199,62.35
132.5,100.83,47.671,62.973
132.13,101.19,48.148,63.603
132.48,102.54,48.63,64.239
132.15,102.8,49.116,64.881
132.18,103.13,49.607,65.53
131.93,102.8,50.103,66.186
131.36,102.82,50.604,66.847
133.6,105.55,51.11,67.516
133.34,105.21,51.621,68.191
133.53,105.22,52.137,68.873
133.13,105.34,52.659,69.562
133.41,105.46,53.185,70.257
133.15,105.11,53.717,70.96
132.32,106.5,54.254,71.67
132.05,106.14,54.797,72.386
131.28,107.64,55.345,73.11
131,107.27,55.898,73.841
130.33,107.6,56.457,74.58
130.81,107.75,57.022,75.325
130.9,106.7,57.592,76.079
130.69,106.23,58.168,76.839
130.62,105.3,58.168,76.839
131.26,104.83,58.168,76.839
131.8,105.37,58.168,76.839
132.61,105.38,58.168,76.839
133.42,105.26,58.168,76.839
133.81,105.61,57.586,76.071
134.11,106.35,57.586,76.071
134.21,106.5,57.586,76.071
134.21,106.5,57.586,76.071
135.02,107.41,57.011,75.31
135.45,108.1,56.44,74.557
134.63,108.12,56.44,74.557
134.86,108.73,55.876,73.812
135.66,109.16,55.317,73.074
135.65,109.36,55.317,73.074
135.82,110.02,54.764,72.343
136.52,110.85,54.217,71.619
136.81,111.25,53.674,70.903
137.05,111.44,53.674,70.903
137.71,112.11,53.138,70.194
138.15,112.93,52.606,69.492
138.53,112.84,52.606,69.492
139.31,112.99,52.606,69.492
138.85,113,52.606,69.492
138.77,113.34,52.606,69.492
138.77,113.34,52.606,69.492
138.78,113.44,52.606,69.492
138.95,114.19,52.08,68.797
138.81,114.37,52.08,68.797
138.54,114.15,52.08,68.797
139.02,114.1,52.08,68.797
138.78,114.26,52.08,68.797
139.1,113.97,52.08,68.797
139.47,114.39,51.559,68.109
139.89,115.24,51.044,67.428
140.22,116.19,50.533,66.754
141.09,118.09,50.028,66.086
142.22,118.47,49.528,65.426
142.26,118.49,49.528,65.426
142.9,118.42,49.528,65.426
145.16,120.29,49.528,65.426
144.93,120.35,50.023,66.08
144.55,122.41,50.523,66.741
146.41,122.4,50.523,66.741
146.2,122.37,50.523,66.741
145.84,122.77,51.028,67.408
144.89,122.65,51.539,68.082
144.04,122.44,52.054,68.763
141.89,123.59,52.575,69.45
140.93,122.92,53.1,70.145
140.12,122.51,53.631,70.846
139.03,122.47,54.168,71.555
138.2,122.52,54.709,72.27
136.04,122.3,55.257,72.993
134.21,122.52,55.809,73.723
131.95,121.99,56.367,74.46
131.44,121.33,56.931,75.205
131.15,121.73,57.5,75.957
129.33,124.07,58.075,76.717
128.53,123.56,58.656,77.484
128.1,123.37,59.242,78.259
125.99,121.99,59.835,79.041
124.99,121.56,60.433,79.832
122.57,121.84,61.038,80.63
120.7,121.97,61.648,81.436
116.81,121.65,62.264,82.251
110.93,121.31,62.887,83.073
109.9,120.42,63.516,83.904
107.74,119.5,64.151,84.743
105.74,118.38,64.793,85.59
99.916,115.38,65.441,86.446
89.748,107.66,65.441,86.446
89.344,107.97,64.786,85.582
89.79,108.01,64.138,84.726
90.527,107.95,63.497,83.879
92.563,107.78,62.862,83.04
95.74,106.88,62.233,82.209
99.587,109.79,61.611,81.387
100.15,110.14,60.995,80.573
100.5,110.71,60.385,79.768
101.26,110.88,59.781,78.97
101.27,111.04,59.183,78.18
100.68,111.31,58.591,77.399
100.84,111.79,58.005,76.625
100.84,111.79,58.005,76.625
100.78,112.3,58.005,76.625
100.9,112.63,58.005,76.625
100.52,113.32,57.425,75.858
103.42,114.71,58,76.617
104.99,114.72,58.58,77.383
105.34,114.99,58.58,77.383
107.07,119.52,59.165,78.157
108.06,121.7,59.757,78.938
110.15,124.02,60.355,79.728
110.21,124.06,60.355,79.728
110.52,123.72,60.355,79.728
111.21,125.46,60.355,79.728
110.94,125.66,59.751,78.931
111.4,126.11,59.751,78.931
111.38,126.33,59.751,78.931
111.26,126.45,59.751,78.931
111.87,125.87,60.349,79.72
113.52,125.73,60.952,80.517
115.43,125.96,60.952,80.517
115.43,125.96,60.952,80.517
115.47,126.09,60.952,80.517
115.76,126.21,61.562,81.322
117.68,125.81,61.562,81.322
118.66,125.65,61.562,81.322
119.49,125.61,61.562,81.322
119.7,125.83,61.562,81.322
121.48,125.84,61.562,81.322
121.5,125.68,61.562,81.322
121.15,126.08,61.562,81.322
121.21,125.09,62.177,82.135
121.21,125.09,62.177,82.135
121.37,124.14,62.799,82.957
121.36,123.92,62.799,82.957
121.17,124.16,62.799,82.957
121.65,123.31,63.427,83.786
121.48,122.47,64.061,84.624
120.48,121.7,64.702,85.47
119.9,120.73,65.349,86.325
120.42,118.66,66.002,87.188
120.6,117.82,66.662,88.06
119.8,116.66,67.329,88.941
119.18,115.72,68.002,89.83
118.83,114.85,68.682,90.729
118.66,114.72,68.682,90.729
118.46,114,69.369,91.636
118.48,113.15,70.063,92.552
118.41,113,70.764,93.478
118.29,113.04,71.471,94.413
118.53,112.96,72.186,95.357
118.2,113.13,72.908,96.31
118.02,113.25,73.637,97.273
116.87,113.21,74.373,98.246
