NaN,NaN,NaN,-1
67.271,64.458,71.078,271.05
70.417,64.661,70.795,269.83
73.563,65.29,70.266,267.32
77.006,65.948,69.894,265.8
79.724,66.565,70.057,263.5
83.661,67.62,67.924,261.92
86.895,69.244,67.461,258.97
89.81,69.666,67.33,257.35
93.256,70.154,66.928,256.45
96.544,70.314,66.706,256.39
99.832,71.677,66.125,254.04
102.97,71.967,66.102,253.68
105.57,71.954,66.26,253.03
108.4,72.436,66.189,252.7
111.85,73.657,65.109,250.05
114.36,74.921,65.557,248.19
117.92,75.809,64.133,246.77
120.64,76.157,64.718,246.76
122.94,76.649,64.672,245.79
126.57,78.111,63.099,243.2
129.03,77.272,63.988,244.7
132.23,78.829,62.903,242.01
134.63,79.382,62.777,241.13
138.1,80.711,62.072,238.71
140.3,81.055,61.942,238.07
142.82,81.349,62.073,237.24
144.8,81.419,62.811,237.66
147.2,81.801,62.333,236.21
149.4,82.081,62.755,236.13
152.06,82.482,62.033,234.76
154.89,82.249,61.416,233.68
157.66,82.631,60.969,232.98
160.29,82.192,61.699,233.48
163.01,82.735,60.989,231.78
165.71,83.184,60.482,230.97
168.11,83.137,60.505,230.21
170.81,83.547,59.901,228.04
173.01,83.551,60.218,228.22
175.63,83.271,59.935,227.95
177.13,83.505,60.655,227.54
180.33,84.423,59.691,226.62
181.6,84.189,60.177,225.74
184.45,85.113,59.091,223.27
186.3,86.485,59.174,221.22
188.49,87.413,58.113,218.97
189.83,86.711,58.891,218.71
189.35,83.889,60.646,222.91
191.28,84.94,60.703,220.63
194.49,86.34,58.855,217.99
196.86,87.214,57.515,215.55
199.38,87.753,56.797,214.51
201.74,88.38,55.63,213.24
204.02,88.773,55.496,212.05
206.18,89.227,55.346,210.75
208.27,89.931,54.427,209.12
210.66,90.364,53.956,207.62
212.61,90.588,53.942,207.3
213.65,91.3,54.358,204.71
216.14,91.964,53.084,203.39
218.29,92.392,53.151,202.57
219.15,92.877,53.464,201.4
221.38,92.472,52.638,202.07
219.35,87.071,57.065,209.14
220.83,86.895,56.618,209.26
222.14,86.498,57.405,209.39
223.41,86.827,56.984,208.02
224.39,87.071,56.869,207.86
225.69,86.656,58.059,207.87
226.62,86.464,57.705,207.24
228.25,87.617,57.192,204.91
230.72,88.111,56.765,203.56
232.12,88.698,56.442,202.13
233.56,89.187,56.319,201.78
235.72,89.864,54.919,199.34
236.49,90.179,55.664,199.04
238.14,90.788,55.109,197.04
237.79,87.494,54.747,201.77
240.25,87.504,54.555,201.9
241.51,88.235,54.1,199.84
242.77,88.515,53.476,198.1
244.38,88.249,53.215,197.11
245.32,88.991,53.511,196.41
246.83,89.208,53.402,196.29
248.23,89.79,52.7,194.73
249.45,90.485,52.569,193.41
250.72,90.788,52.441,192.26
252.2,91.3,51.594,190.21
253.7,92.812,50.56,188.1
255.15,93.569,49.683,185.9
256.67,94.312,48.996,184.27
258.02,94.782,48.418,183.31
259.47,95.411,47.552,181.33
260.74,96.049,47.476,180.21
261.52,96.305,47.644,179.82
262.23,96.647,47.922,178.7
263.65,96.991,47.394,178.05
264.75,97.995,47.121,176.09
266.03,98.402,46.937,175.39
267.27,98.939,46.532,173.64
268.77,99.108,46.536,173.04
270.24,99.465,45.669,172.26
271.55,99.547,45.616,172.58
272.75,99.815,45.746,172.19
274.19,100.1,45.283,171.14
275.58,99.907,45.632,171.23
277.1,100.58,44.752,170.02
278.48,101,44.052,168.47
279.79,101.81,43.489,167.27
280.81,102.05,43.56,166.83
281.64,101.06,43.921,167.85
282.55,101.73,43.615,166.31
283.6,102.03,43.528,165.01
284.98,102.91,42.541,163.59
286.29,104.71,41.352,159.38
282.89,98.613,44.706,167.55
284.31,98.938,43.308,166.96
283.74,98.654,44.753,167.3
283.63,97.446,44.76,168.15
284.5,96.89,43.933,168.17
283.96,95.564,45.384,168.79
283.67,95.389,46.306,168
284.13,93.4,47.658,170.88
285.68,94.161,45.527,169.03
285.86,93.522,46.411,171.47
287.64,93.867,43.867,168.79
288.09,93.005,45.125,172.7
288.48,92.857,45.624,174.39
289.28,92.7,45.633,175.99
290.4,93.941,44.571,171.78
290.66,93.701,45.773,171.66
291.37,93.963,45.573,169.35
291.62,94.193,46.588,168.4
292.24,95.012,47.24,167.64
294.54,95.993,43.813,164.2
294.93,96.893,44.357,162.98
294.98,95.325,45.502,165.05
295.49,94.974,45.655,165.07
296.24,94.555,45.652,165.47
296.45,94.983,46.138,163.99
297.93,96.891,45.047,160.72
300.22,97.596,43.022,159.19
301.4,98.095,42.818,158.22
301.21,98.326,44.307,157.8
302.46,97.844,43.319,157.87
303.87,97.43,42.635,158.05
304.54,98.043,43.258,157.64
304.25,96.379,44.787,159.82
305.32,95.833,45.06,160.48
305.62,95.579,46.175,160.2
306.19,95.568,47.125,161.04
305.84,93.989,48.767,161.97
305.45,93.855,49.559,162.35
307.37,95.131,48.617,160.35
308.74,95.339,47.281,159.82
309.1,98.057,46.808,156.7
311.69,99.035,43.669,153.86
311.25,99.845,45.581,154.41
311.52,99.115,46.004,154.72
312.17,98.56,46.272,155.25
312.61,99.724,45.61,153.19
313.03,99.744,45.329,152.84
312.89,98.829,46.905,152.75
313.09,99.066,46.946,151.68
313.64,98.803,47.319,151.86
314.44,99.084,46.742,151.04
315.43,97.499,46.047,152.59
315.48,97.964,45.731,151.12
316.51,97,46.197,152.34
316.8,97.253,45.64,151.26
316.98,97.947,47.371,150.98
317.79,96.608,47.376,150.86
317.44,97.491,47.792,149.93
318.35,97.26,48.458,150.39
319.43,97.108,47.471,148.8
319.79,97.483,47.21,148.12
320.28,97.672,48.094,148.28
321.37,97.782,47.637,147.31
321.77,98.029,48.423,146.34
322.05,98.514,48.248,145.31
323.45,97.759,46.96,145.83
323.78,97.942,47.841,145.46
323.82,98.234,47.97,144.68
324.7,96.659,48.68,146.83
324.63,96.246,49,146.73
325.28,97.167,49.622,145.8
325.73,96.746,49.717,146.02
326.33,96.916,49.157,145.53
327.12,97.996,49.446,143.84
328.71,99.288,48.064,141.2
328.72,100.29,48.662,139.76
330.21,100.65,47.956,139
330.65,100.99,47.59,138.5
331.02,101.57,48.5,137.52
331.56,101.65,49.416,137.4
331.24,101.49,49.123,137.07
331.83,103.16,49.934,135.29
332.47,103.39,50.776,134.89
332.56,103.86,50.233,134.32
334.12,103.58,49.209,134.25
334.64,104,48.052,132.76
336.32,104.96,46.257,131.3
336.56,105.68,46.079,130.03
338.07,106.16,45.024,129.73
338.18,106.52,44.674,128.36
337.87,106.74,45.014,127.92
339.36,107.28,44.151,127.27
339.27,106.63,43.954,127.83
340.42,106.84,43.219,126.64
340.54,107.08,42.58,126.39
340.65,107.97,42.214,124.58
342.47,108.8,40.276,121.95
342.89,109.69,39.25,120.5
343.2,110.1,38.849,119.76
343.41,110.29,39.211,118.41
343.72,111.62,38.469,116.64
345.06,111.17,37.774,116.56
344.7,110.41,37.874,117.22
344.89,110.9,37.82,115.96
344.83,110.99,38.145,115.79
344.56,111.09,38.67,115.97
344.97,110.7,38.153,114.78
345.9,111.07,38.341,114.57
345.82,111.31,37.667,114.08
345.8,111.48,37.736,113.4
345.98,112.01,37.538,112.33
346.37,112.6,37.971,110.88
346.6,113.12,37.101,109.78
346.26,111.98,37.562,110.8
346.32,111.85,37.515,111.09
345.87,110.76,38.357,112.44
345.89,110.7,38.499,112
346.91,108.96,29.709,113.45
346.99,110.3,29.648,111.89
347.41,110.69,29.215,111.24
347.61,110.31,29.701,111.53
347.85,110.38,29.449,111.35
348.39,111.58,28.336,109.24
348.02,110.74,28.726,109.98
348.12,110.54,29.043,110.71
348.2,110.89,28.774,110.5
348.2,111.08,28.745,110.2
348.12,111.14,28.874,109.06
348.38,112.34,28.149,107.38
348.4,112.67,27.999,106.91
348.77,113.15,27.576,105.73
349.02,113.43,27.807,105.93
349.18,113.7,27.699,105.25
349.5,115.11,26.961,103.47
349.85,116.28,26.441,101.89
349.69,115.47,26.799,102.64
349.47,115.76,27.409,102.46
349.64,115.79,26.808,101.84
349.41,115.27,27.034,102.01
349.4,115.51,26.914,102.09
348.43,114.53,28.06,103.59
349.16,115.2,27.523,103.12
347.67,115.63,29.502,102.92
348.03,115.9,29.252,101.96
348.2,115.39,29.268,102.55
348.44,115.93,28.711,101.51
348.38,116.28,28.907,100.94
348.65,117.63,28.299,99.098
348.98,118.33,27.822,97.825
349.57,119.33,26.714,95.738
350.19,120.08,25.59,94.422
350.36,120.49,25.308,94.105
350.7,121.27,24.33,92.393
351.19,121.74,23.792,91.531
347.64,115.22,29.001,99.562
347.43,115.27,28.593,98.604
347.64,116.54,28.256,96.787
347.69,116.72,27.841,95.172
349.86,116.54,26.139,96.411
350.66,118.25,24.838,95.686
350.94,117.39,24.459,94.111
347.84,112.51,30.049,97.166
347.89,112.74,30.326,97.702
348.05,112.63,30.155,96.603
347.91,113.32,30.32,95.772
348.35,113.82,29.383,95.294
348.27,113.89,29.678,95.004
348.32,114.21,29.295,94.268
348.58,114.75,28.667,93.237
348.64,115.31,28.662,92.234
349.14,115.3,27.639,91.928
348.94,115.8,27.994,90.775
349.14,115.65,27.53,89.363
349.72,116.5,28.481,93.182
350.59,116.27,24.384,89.169
350.85,116.85,24.026,87.253
352.72,117.54,24.1,87.524
351.53,118.1,22.74,86.454
351.61,118.51,22.519,85.647
351.74,118.95,22.778,84.849
351.94,119.52,22.564,83.787
351.64,119.92,22.995,83.325
351.73,120.39,22.993,82.552
351.77,120.82,22.913,81.998
351.59,120.93,23.533,81.874
351.42,121.56,23.741,80.397
351.51,121.74,23.654,80.021
351.86,122.21,23.222,79.084
352.27,122.84,22.692,77.657
352.48,123.1,22.249,77.045
352.29,123.5,22.229,76.271
351.97,123.91,22.774,76.08
352.51,124.46,21.683,74.175
352.86,125.06,21.264,72.807
352.7,124.83,21.782,72.795
352.7,124.79,21.902,72.595
353.33,125.26,20.585,71.607
353.58,125.82,20.013,70.314
353.51,126.16,20.161,69.629
352.76,126.52,21.225,68.667
353.44,126.4,19.741,67.643
353.72,126.91,19.229,66.367
354.12,127.02,19.118,65.853
352.97,128.06,19.323,64.376
353.19,128.45,19.281,63.536
352.68,127.55,20.247,64.317
352.03,127.08,21.695,65.246
352.04,127.48,21.521,64.693
352.1,126.86,20.68,65.789
352.06,127.75,20.578,63.889
352.08,127.84,20.544,63.884
351.96,128.15,20.712,63.447
351.67,129.59,21.649,61.253
351.88,129.92,21.338,60.437
351.95,122.21,19.761,69.383
352.47,122.53,19.551,73.852
352.14,122.34,19.987,74.479
352.22,121.82,20.304,75.179
352.54,122.96,19.928,73.645
352.67,123.17,19.732,73.045
352.91,123.33,19.845,72.601
352.66,123.65,20.23,72.308
352,123.61,21.261,72.594
352.08,124.17,20.797,71.401
352.45,124.26,20.782,70.85
352.39,125.09,20.723,70.098
352.6,125.39,20.311,70.086
352.65,125.63,20.326,69.982
353.14,125.62,20.281,69.876
353.06,125.67,20.608,69.636
352.88,125.86,20.797,69.029
353.4,126.43,19.979,67.862
353.82,127.03,19.611,66.75
354.18,127.36,19.392,65.948
354.55,127.56,18.878,65.241
352.47,125.53,20.649,65.486
