NaN,NaN,NaN,-1
67.288,65.046,70.833,269.38
70.001,63.467,71.373,270.3
72.148,64.234,72.37,269.52
75.423,64.861,71.351,267.6
78.311,65.407,71.241,266.07
81.734,66.133,70.526,264.04
85.226,66.766,69.784,262.85
88.565,67.312,69.207,261.4
91.82,67.926,68.842,259.95
95.279,69.464,67.777,257.85
98.917,70.764,66.474,255.87
101.94,70.966,66.616,255.53
104.67,71.222,66.579,253.69
108.33,72.925,65.294,251.33
111.49,74.541,64.953,248.53
114.37,75.101,64.753,247.18
116.98,74.94,64.779,247.62
120.15,76.354,64.04,245.81
122.82,76.175,64.194,245.91
124.77,74.778,64.518,247.73
127.93,76.778,64.379,245.52
131.47,78.203,62.988,242.31
133.98,78.894,62.785,241.02
136.75,78.363,63.199,241.78
138.41,78.86,63.419,241.09
141.93,79.74,62.327,239.17
144,80.229,61.831,238.31
146.49,78.855,62.734,240.21
148.59,80.043,61.79,238.32
151.62,80.203,61.682,237.21
153.49,80.227,61.475,237.09
155.19,80.09,63.34,237.67
157.36,78.523,64.977,240.33
159.35,78.616,65.122,238.23
162.32,80.024,64.119,236.63
165.11,79.794,64.646,235.21
166.89,81.339,64.728,232.48
169.83,81.272,64.092,232.47
172.47,81.859,63.486,230.66
174.39,81.851,63.466,230.24
177.6,83.787,62.016,226.98
180.11,84.18,61.104,225.22
182.85,85.705,59.433,222.49
185.28,86.358,58.592,221.47
187.59,87.317,57.992,218.82
190.14,88.515,56.878,217.01
192.49,89.109,56.154,214.86
193.78,89.351,56.409,213.29
196.26,90.529,55.506,211.49
198.61,91.984,54.597,208.97
201.35,92.476,53.721,206.84
202.44,93.467,55.019,206.12
204.67,93.923,54.894,204.81
206.6,94.256,54.947,203.12
208.3,95.186,55.249,201.91
210.14,97.658,54.636,197.58
212.66,99.581,53.684,194.43
214,99.928,54.735,193.91
216.5,100.33,53.97,192
217.57,100.75,54.16,191.16
219.47,102.21,54.316,189.23
221.45,103.66,53.206,185.41
216.23,85.883,62.537,212.39
217.44,86.753,61.975,210.14
220.56,88.019,56.809,207.96
223.03,87.662,55.977,207.57
224.21,89.764,55.933,203.58
225.27,89.168,56.253,203.04
226.34,90.442,56.064,201.36
227.2,87.34,57.236,205.78
228.16,87.298,57.057,205.02
230.56,86.941,56.97,205.21
230.91,87.709,57.133,204.47
233.59,88.67,56.027,201.97
234.53,88.638,55.386,200.65
236.1,88.276,55.788,200.87
237.63,88.812,55.481,200.53
238.81,88.385,55.162,199.76
239.66,87.034,55.997,200.62
241.61,88.366,55.834,199.07
242.78,87.626,55.539,198.78
244.24,87.634,55.425,198.53
245.81,87.94,55.214,197.68
247.15,88.036,54.185,196.86
248.52,87.785,53.934,197.14
249.02,88.371,54.626,196.58
250.3,87.573,54.688,196.29
251.96,88.506,53.384,194.91
253.54,88.857,53.108,193.78
254.4,90.238,52.906,191.28
255.34,90.302,52.855,189.75
255.94,90.494,53.668,190.16
257.3,91.503,53.257,188.18
258.64,92.06,52.959,187.15
259.92,92.805,52.653,185.52
261.16,93.182,52.534,184.91
262.04,92.558,53.229,185.43
263.55,93.035,52.47,184.32
264.58,94.19,52.352,182.19
265.69,94.321,52.546,182
266.99,94.363,51.903,181.07
268.58,94.827,51.43,179.83
270.15,95.389,50.899,178.64
271.47,96.113,50.114,177.05
271.08,92.402,52.669,183.48
274.4,98.737,48.798,171.28
272.67,96.011,53.774,181.08
274.08,92.763,52.312,180.85
275.15,93.908,52.439,180.53
276.59,93.931,51.088,179.22
277.58,94.713,50.677,178.14
279.2,95.194,49.242,176.56
280.06,96.976,49.075,173.47
281.63,99.099,47.959,170
285.15,107.13,45.088,153.87
286.79,108.79,43.771,151.62
287.49,109.82,43.18,148.37
288.79,111.44,43.41,145.7
289.22,112.11,43.063,144.53
289.36,111.48,44.779,144.45
291.5,113.13,40.607,145.33
292.78,111.99,38.904,145.2
297.28,120.71,34.945,124.29
299.07,121.1,31.792,122.39
297.91,120.48,33.907,124.11
299.96,127.57,29.968,105.07
299.41,127.54,31.34,104.71
300.48,127.7,31.32,103.55
309.17,139.46,27.562,98.134
296.27,143.75,44.49,103.16
297.88,144.99,42.577,99.833
299.08,145.13,41.844,100.27
300.34,144.74,40.859,99.102
293.7,144.24,46.149,103.23
295.95,141.82,41.256,96.519
295.67,138.45,44.709,101.13
312.68,138.02,26.515,93.311
313.39,138.91,27.305,92.073
314.36,139.82,27.563,90.618
314.08,139.7,29.716,91.257
314.57,139.66,30.778,91.649
316.03,138.59,29.885,92.413
316,138.21,30.684,92.863
317.71,138.48,30.039,92.128
318.98,136.88,30.413,94.171
319.92,136.88,30.156,93.768
319.99,135.68,30.919,95.53
321.52,135.52,30.607,96.655
323.02,134.83,30.12,96.968
323.24,133.26,31.317,99.487
324.46,133.48,30.099,98.947
325.24,130.83,31.253,102.65
325.67,131.97,30.319,100.64
326.81,132.38,30.103,99.53
327.17,131.84,30.337,100.92
327.17,130.33,32.195,103.37
328.49,130.54,30.464,102.27
328.62,131.07,30.27,102.07
329.62,131.49,29.824,100.51
329.3,130.78,30.391,101.19
330.39,131.66,30.232,99.999
330.56,131.73,29.971,98.708
331.12,131.55,30.043,97.682
330.78,131.47,30.431,97.944
330.66,129.83,32.612,101.54
331.45,130.46,31.873,99.689
332.54,130.78,30.777,98.083
332.84,131.19,30.382,96.878
334.24,131.7,29.145,95.579
334.7,129.02,30.285,100.53
334.98,127.84,30.298,100.11
335.9,129.54,30.18,99.029
336.96,129.53,28.926,96.235
337.95,129.87,28.876,96.963
337.86,128.75,29.152,97.37
337.84,126.74,30.913,101.27
337.6,125.19,33.375,104.19
338.92,125.86,32.123,103.6
338.67,125.53,32.71,101.99
340.06,126.03,32.228,101
340.5,126.48,31.412,100.56
342,126.95,30.389,99.279
343.57,127.38,28.884,98.512
343.97,126.98,28.426,98.22
344.73,128.74,28.531,96.121
346.31,129.4,27.151,94.634
346.3,128.62,27.351,94.7
347.65,129.71,26.653,92.682
348.11,130.07,26.696,92.179
348.27,130.36,26.829,92.594
349.68,131.62,25.966,90.307
350.08,132.3,24.936,88.772
351.99,132.82,23.288,87.756
352.22,133.02,22.707,87.35
352.73,134.89,23.434,84.735
353.06,134.1,24.303,85.582
352.76,133.49,25.013,86.193
353.36,132.4,25.927,88.293
353.64,133.3,26.901,87.261
353.57,133.71,27.114,86.099
353.76,134.07,26.784,85.529
354.7,134.49,26.807,84.115
354.61,135.86,26.784,81.828
355.68,137.48,25.993,79.089
355.86,138.85,25.59,76.726
356.33,140.21,26.862,74.19
356.63,141.27,26.07,72.516
356.87,141.16,26.948,71.204
357.25,143.53,26.311,68.825
357.64,143.13,25.531,67.8
358.2,143.2,25.984,67.555
358.51,144.28,25.207,65.886
358.97,145.64,24.195,63.431
359.1,146.2,24.014,61.844
359.57,147.16,23.494,60.404
353.12,149.69,31.348,64.739
352.7,148.64,32.673,65.617
352.68,149.93,32.724,65.378
357.98,149,23.69,65.539
358.26,149.02,23.222,65.712
358.27,149.89,22.986,64.323
358.85,150.41,21.967,63.106
359.28,150.48,21.232,60.899
361.36,154.76,19.633,57.725
363.72,154.7,15.437,56.459
363.12,154.29,17.823,56.21
362.19,152.17,16.895,58.316
360.58,148.7,22.624,61.527
359.62,146.81,23.749,62.365
360.26,147.81,23.14,61.134
360.41,148.2,22.936,60.362
360.7,148.33,22.386,60.151
361.08,148.53,21.858,59.951
361.68,148.07,22.699,60.857
361.29,148.17,23.215,61.58
361.67,147.99,22.954,61.038
361.68,147.23,23.175,61.911
361.41,146.4,23.837,62.764
361.9,146.65,23.124,62.303
362.81,145.97,21.673,63.501
363.82,145.73,20.152,64.088
364.08,145.75,20.441,64.45
364.12,145.52,20.279,64.133
364.18,145.92,20.006,63.11
364.67,146.02,19.14,63.34
364.67,145.65,19.263,63.773
365.92,146.11,17.333,62.807
366.18,146.75,16.69,62.117
365.44,146.06,17.51,62.81
365.58,146.24,17.461,62.563
365.49,146.61,17.789,62.227
365.31,146.28,18.167,63.802
365.74,146.66,17.507,62.358
365.76,146.13,17.567,63.372
365.79,146.32,16.969,63.414
365.76,145.18,17.113,65.8
365.52,145.33,17.764,65.941
365.29,145.19,18.563,66.625
365.03,144.53,19.018,67.276
365.23,144.96,18.485,66.018
365.25,145.26,18.206,65.438
365.37,145.65,17.776,64.75
365.38,146.22,17.561,64.504
365.93,147.16,16.696,62.858
366.34,147.91,15.937,61.03
366.27,148.16,16.367,60.891
366.01,147.41,17.184,61.407
365.86,146.86,17.453,61.647
366.63,147.5,17.506,61.236
366.32,147.05,17.9,61.349
366.34,147.87,17.655,59.679
365.95,148.15,17.979,59.665
366.41,147.62,17.15,59.992
364.51,141.66,16.923,62.411
364.62,140.61,16.903,61.367
365.07,141.45,16.267,61.37
365.19,141.88,16.208,61.264
365.14,140.63,16.398,61.494
364.72,140.3,17.181,62.441
364.63,140.1,17.411,63.182
364.91,140.53,16.789,62.39
365.28,141.08,16.306,60.47
365.27,141.32,16.327,59.865
365.51,141.54,15.919,59.308
365.91,142.08,15.074,57.919
366.34,142.06,15.115,57.938
366.23,142.44,15.035,57.415
361.15,130.87,20.241,58.919
360.69,130.01,21.353,59.769
360.92,130.65,20.572,59.253
360.73,130.08,21.019,59.651
361.13,130.04,21.168,60.169
361.17,130.3,21.016,59.857
361.09,130.33,21.509,60.053
361.15,130.48,21.516,59.854
361.59,131.01,20.994,58.908
361.9,131.52,20.319,57.051
361.87,131.81,20.344,56.372
361.86,131.99,19.967,55.799
361.8,132.35,20.228,55.077
361.74,132.75,20.371,54.538
363.22,133.91,18.893,53.262
362.97,133.18,19.465,54.368
363,133.59,19.476,54.474
362.89,133.44,19.33,54.029
362.52,134,19.701,53.119
362.77,134.28,19.353,52.949
363.24,134.34,19.171,52.962
363.2,133.87,19.19,53.975
363.15,134.66,18.877,53.285
362.67,133.9,19.296,54.685
360.78,132.14,21.529,55.444
361.02,132.14,21.281,55.459
360.93,132.07,21.116,55.098
361.06,132.34,20.686,54.418
361.43,132.96,20.282,53.039
360.51,132.18,22.237,54.582
360.15,132.05,22.909,55.239
359.6,131.16,23.793,56.391
358.88,130.9,25.207,56.715
358.54,130.52,25.829,58.129
358.49,130.71,25.675,57.249
359,131.27,24.432,55.714
358.05,131.3,24.289,54.683
358.33,131.69,23.783,53.879
358.68,132.19,22.964,52.144
358.78,132.64,22.753,51.623
359.99,133.03,20.388,51.098
359.25,133.16,21.278,50.931
359.37,132.94,21.373,50.749
359.38,133,21.309,50.66
359.52,133.12,21.103,50.22
360.16,134.35,16.111,47.737
360.24,134.12,15.739,47.25
360.48,134.45,15.261,45.878
360.1,135.57,15.765,45.507
360.37,136.03,15.373,44.177
360.62,136.8,15.108,42.921
360.74,135.83,14.943,43.825
361.1,136.2,14.329,43.919
361.15,136.37,13.724,43.387
361.21,136.53,13.582,43.126
361.28,136.78,13.715,42.512
361.41,137.27,13.53,41.861
361.6,137.76,13.245,41.063
362.01,138.21,13.01,40.538
362.31,138.58,12.523,39.681
359.46,140.91,18.662,41.125
358.56,140.71,22.343,42.749
360.58,134.73,15.858,41.52
