NaN,NaN,NaN,-1
137.43,33.953,35.64,114.34
137.43,33.953,35.64,114.34
137.43,28.282,35.64,120.28
137.36,33.953,37.125,114.34
136.01,33.867,37.125,115.85
136.08,35.302,35.64,114.35
134.66,35.302,37.125,114.35
134.8,30.982,34.155,120.29
134.8,30.982,34.155,120.29
133.38,30.982,35.64,120.29
133.38,30.915,35.64,121.77
133.38,32.332,35.64,120.28
133.38,32.265,35.64,121.77
133.38,33.683,35.64,120.28
132.03,37.935,35.64,115.83
132.03,36.45,35.64,118.8
130.68,36.517,35.64,117.32
130.55,37.935,38.61,115.83
132.03,36.585,35.64,115.83
132.03,36.585,35.64,115.83
133.45,35.167,34.155,117.32
130.55,35.167,38.61,117.32
130.55,35.235,38.61,115.83
129.13,35.167,40.095,117.32
130.48,35.167,40.095,117.32
130.55,23.827,38.61,129.2
133.25,25.245,38.61,127.71
133.25,26.662,38.61,126.23
134.66,26.662,37.125,126.23
134.59,23.76,38.61,130.68
136.01,25.177,37.125,129.2
134.59,26.527,38.61,129.19
133.18,25.11,40.095,130.68
134.66,26.527,37.125,129.19
133.25,26.527,38.61,129.19
133.25,27.877,38.61,129.2
133.38,27.877,35.64,129.2
132.03,27.877,35.64,129.2
129.2,27.877,38.61,129.2
127.78,29.295,40.095,127.71
127.78,27.877,40.095,129.2
130.61,27.945,37.125,127.71
130.61,26.46,37.125,130.68
129.2,23.625,38.61,133.65
130.61,22.207,37.125,135.14
130.61,22.14,37.125,136.62
129.2,23.557,38.61,135.14
130.55,23.557,38.61,135.14
131.96,30.002,37.125,129.8
131.96,30.577,37.125,129.2
132.03,31.995,35.64,127.71
132.03,30.577,35.64,129.2
132.1,33.413,34.155,126.23
130.61,33.413,37.125,126.23
129.26,33.413,37.125,126.23
129.2,33.48,38.61,124.74
128.93,32.062,44.55,126.23
130.48,32.062,40.095,126.23
127.51,32.13,46.035,124.74
128.93,29.295,44.55,127.71
129.01,30.712,43.044,126.23
130.41,32.13,41.58,124.74
131.83,32.13,40.095,124.74
131.69,32.13,43.065,124.74
130.21,30.712,46.035,126.23
131.69,30.712,43.065,126.23
131.49,30.712,47.52,126.23
130.14,30.712,47.52,126.23
128.72,33.547,49.005,123.26
130.14,31.995,47.52,127.71
130.14,31.995,47.52,127.71
127.37,33.413,49.005,126.23
124.67,33.48,49.005,124.74
121.84,29.16,51.975,130.68
119.14,26.46,51.975,130.68
113.67,23.625,53.46,133.65
110.97,22.275,53.46,133.65
104.15,20.992,54.945,132.17
95.85,18.225,59.4,133.65
90.315,16.875,62.37,133.65
84.645,15.592,68.31,132.17
77.828,14.242,69.795,132.17
76.478,12.96,69.795,130.68
72.428,10.26,69.795,130.68
66.825,6.075,74.25,133.65
66.757,7.56,75.735,130.68
65.407,4.7925,75.735,132.17
65.273,4.9275,78.705,129.2
63.72,4.9275,83.16,129.2
59.332,2.16,90.585,130.68
57.577,2.16,99.495,130.68
71.415,-0.6075,92.07,132.17
67.095,-0.4725,98.01,129.2
62.572,-0.4725,108.41,129.2
78.3,-1.8225,89.1,129.2
74.183,9.5175,90.585,117.32
66.015,8.1,92.07,118.8
61.83,7.7625,95.04,126.23
53.663,7.695,96.525,127.71
43.875,-3.5775,103.95,138.11
40.703,-3.1725,114.34,129.2
31.32,-3.1725,112.86,129.2
22.95,-3.24,118.8,130.68
18.765,-1.8225,121.77,129.2
10.597,-4.2525,123.26,123.26
NaN,NaN,NaN,-2
NaN,NaN,NaN,0
NaN,NaN,NaN,0
NaN,NaN,NaN,0
NaN,NaN,NaN,0
NaN,NaN,NaN,-1
124.08,42.923,49.308,101.6
119.67,37.082,56.778,110.57
114.54,39.46,64.998,118.04
103.03,37.83,64.249,124.02
95.762,37.965,74.708,121.03
87.545,36.607,76.203,121.03
73.486,36.947,86.662,113.56
66.287,37.422,95.627,103.1
52.16,37.422,107.58,103.1
36.539,38.848,122.52,101.6
29.34,38.848,131.49,101.6
NaN,NaN,NaN,-2
NaN,NaN,NaN,0
NaN,NaN,NaN,0
NaN,NaN,NaN,0
NaN,NaN,NaN,0
NaN,NaN,NaN,-1
135.98,57.57,45.98,98.927
134.39,61.433,52.947,97.533
134.39,60.103,52.947,98.927
128.69,63.523,66.88,107.29
119.19,61.56,80.813,122.61
119.13,67.007,82.207,114.25
106.91,63.08,100.32,117.04
98.737,60.927,112.86,108.68
94.747,60.927,117.04,108.67
88.223,59.343,121.22,87.78
102.28,68.843,90.567,45.98
101.02,70.363,90.567,40.407
111.53,67.957,82.207,37.62
121.98,60.04,75.24,44.587
125.91,59.913,72.453,47.373
130.72,58.52,78.027,50.16
130.47,59.66,83.6,52.947
128,60.8,82.207,55.733
126.86,66.044,79.42,54.22
130.85,72.453,75.24,50.16
130.78,75.113,76.633,47.373
137.56,85.437,66.88,43.193
138.76,96.291,68.273,27.337
134.77,100.07,72.453,27.867
135.36,100.64,73.163,43.193
141.36,103.99,66.88,52.947
142.5,102.22,69.667,64.093
145.48,100.64,59.913,71.06
145.79,84.867,52.947,83.6
147.19,78.533,50.16,83.6
144.4,72.39,55.733,79.42
134.14,69.16,58.52,66.88
130.49,73.593,59.691,52.947
118.56,63.84,66.88,44.587
97.343,61.497,87.78,40.407
86.83,57.633,96.14,41.8
99.053,47.247,78.027,47.373
112.73,38.063,55.733,54.34
118.05,34.01,50.16,59.913
125.72,30.083,48.767,62.7
138.45,32.933,47.373,55.733
138.26,27.613,51.553,61.307
150.23,28.817,39.013,62.7
153.9,30.147,41.8,61.307
156.43,28.69,41.8,65.487
161.18,23.433,48.767,69.667
162.01,27.233,58.52,69.667
165.43,32.68,66.88,61.307
169.29,30.02,65.487,64.093
164.1,28.753,68.273,64.093
160.19,26.157,69.712,65.487
158.9,26.473,71.06,58.52
157.45,23.877,75.24,59.913
160.23,19.95,69.667,62.7
164.79,21.28,80.813,61.307
170.87,15.707,86.387,72.453
174.93,15.453,80.813,78.027
175.12,14.377,76.633,73.847
173.98,14.44,73.847,72.453
171.38,11.78,75.24,75.24
166.31,11.907,75.24,72.453
166.44,10.64,72.453,72.453
158.59,6.5867,78.027,78.027
157.26,2.66,79.42,80.813
157.07,2.5967,83.6,82.207
157.13,3.9267,82.207,80.813
157.19,1.2667,80.813,83.6
157.26,2.5967,79.42,82.207
158.65,5.2567,76.633,79.42
158.65,3.9267,76.633,80.813
158.65,5.2567,76.633,79.42
157.38,5.1933,76.633,80.813
146.87,6.5233,84.993,79.42
147.06,6.46,80.813,80.813
139.14,7.8533,87.78,78.027
135.15,8.4692,91.96,78.708
136.61,9.1833,87.78,76.633
131.23,6.46,94.747,80.813
