NaN,NaN,NaN,-1
222.28,90.479,40.559,47.634
222.24,89.984,41.234,48.393
222.46,90.08,41.489,48.677
222.44,90.147,41.56,48.752
221.73,90.198,41.143,48.273
220.06,90.6,40.62,47.659
219.07,90.496,41.022,48.126
218.19,90.861,40.797,47.862
217.66,91.168,40.438,47.462
216.49,91.792,39.819,46.735
214.87,92.178,39.802,46.733
212.78,92.658,40.019,46.996
209.75,92.412,40.611,47.691
205.82,92.288,40.982,48.127
201.79,91.77,41.708,48.979
199.27,91.406,42.032,49.361
196.68,90.537,42.666,50.085
204,108,28,33
199.62,107.96,27.138,31.984
194.32,107.15,27.613,32.543
189.87,107.13,27.99,32.988
185.93,108.39,26.4,31.114
180.75,108.69,26.769,31.549
173.55,108.93,27.574,32.498
166.42,110.69,26.664,31.425
157.97,113.27,26.341,31.045
NaN,NaN,NaN,-2
NaN,NaN,NaN,0
NaN,NaN,NaN,0
NaN,NaN,NaN,0
NaN,NaN,NaN,0
NaN,NaN,NaN,-1
65,111,45,52
55.576,113.55,44.196,51.071
47.08,115.44,45.246,52.285
NaN,NaN,NaN,-2
NaN,NaN,NaN,0
NaN,NaN,NaN,0
NaN,NaN,NaN,0
NaN,NaN,NaN,0
NaN,NaN,NaN,-1
30.759,126.53,55.918,58.11
30.378,126.42,56.008,58.291
30.277,126.67,55.811,58.159
30.251,125.98,56.212,58.644
29.924,126.07,56.389,58.877
NaN,NaN,NaN,-2
NaN,NaN,NaN,0
NaN,NaN,NaN,0
NaN,NaN,NaN,0
NaN,NaN,NaN,0
NaN,NaN,NaN,-1
130.47,91.45,50.055,59.87
138.17,87.912,48.48,57.946
147.49,82.982,47.412,56.671
156.3,78.263,46.13,55.138
164.22,74.661,44.203,52.834
169.25,71.615,43.178,51.61
173.02,69.839,41.536,49.647
176.36,67.654,39.991,47.801
178.2,63.135,38.906,46.504
NaN,NaN,NaN,-2
NaN,NaN,NaN,0
NaN,NaN,NaN,0
NaN,NaN,NaN,0
NaN,NaN,NaN,0
NaN,NaN,NaN,-1
232.78,53.614,33.789,59.903
237.59,55.402,32.59,57.921
240.25,56.593,31.883,56.761
242.25,57.475,31.943,56.862
242.02,58.903,32.191,57.322
239.46,59.151,32.79,58.364
236.46,60.011,32.871,58.496
236.41,63.28,32.366,57.622
237.14,67.217,32.173,57.295
236.94,71.264,32.099,57.186
237.89,73.897,31.825,56.692
240.71,77.453,31.323,55.845
240.93,82.009,31.557,56.257
241.85,85.876,31.55,56.236
243.93,89.596,31.438,56.053
245.92,93.859,31.312,55.842
248.45,95.957,31.471,56.12
249.91,100.22,31.483,56.138
251.59,107.65,31.02,55.317
255.6,115.87,30.343,54.134
259.74,122.87,29.994,53.549
262.58,129.33,29.053,51.955
262.74,134.8,28.955,51.842
259.08,139.29,30.404,54.336
255.49,139.13,31.496,56.256
251.64,135.4,33.484,59.702
247.09,129.25,35.631,63.531
243.54,122,37.982,67.436
239.14,115.37,39.689,70.466
234.45,108.63,41.402,73.413
229.81,103.15,43.035,76.308
224.12,97.685,44.793,79.425
219.53,93.609,46.794,82.974
214.5,93.052,47.41,84.066
208.44,91.319,49.335,87.478
207.87,90.491,50.274,89.144
207.87,90.486,50.28,89.154
207.86,90.49,50.278,89.152
NaN,NaN,NaN,-2
NaN,NaN,NaN,0
NaN,NaN,NaN,0
NaN,NaN,NaN,0
NaN,NaN,NaN,0
NaN,NaN,NaN,-1
106.11,104.41,49.723,61.118
102.45,93.477,56.294,69.168
98.61,85.982,64.185,78.864
98.683,85.124,64.901,79.719
98.496,84.855,65.262,80.163
97.586,83.333,67.515,82.93
97.539,83.18,67.678,83.13
97.042,82.294,68.947,84.689
96.811,81.683,69.854,85.804
96.919,81.658,69.846,85.793
96.787,81.439,70.157,86.176
NaN,NaN,NaN,-2
NaN,NaN,NaN,0
NaN,NaN,NaN,0
NaN,NaN,NaN,0
NaN,NaN,NaN,0
NaN,NaN,NaN,-1
153.04,59.69,31.586,51.327
158.71,59.821,31.411,50.988
162.62,60.284,31.557,51.196
165.01,61.883,31.016,50.249
167.46,63.37,30.285,49.011
169.12,62.08,30.675,49.613
170.54,58.558,33.388,54.136
172.53,56.649,34.951,56.723
174.4,56.492,35.764,58.042
176,60,22,36
173,48.5,38,62
173.54,48.352,38.4,62.653
175.04,48.138,38.843,63.375
176.35,47.797,39.457,64.377
177.25,47.767,39.767,64.883
177.26,49.053,39.877,65.063
176.85,51.249,39.803,64.941
175.93,55.842,39.256,64.05
174.29,61.644,40.307,65.763
174.04,66.466,40.273,65.709
170.48,71.323,41.056,66.987
164.27,77.975,41.633,67.927
154.87,83.36,43.953,71.713
NaN,NaN,NaN,-2
NaN,NaN,NaN,0
NaN,NaN,NaN,0
NaN,NaN,NaN,0
NaN,NaN,NaN,0
NaN,NaN,NaN,-1
95.569,122.97,52.255,67.185
88.68,126.06,54.713,70.345
84.849,125.93,57.212,73.591
84.294,125.75,57.871,74.475
83.231,126.03,58.682,75.54
83.271,125.97,59.089,76.075
83.082,125.97,58.77,75.678
83.808,125.58,58.023,74.718
83.303,126.29,57.812,74.446
83.349,126.62,57.262,73.738
84.782,126.88,55.299,71.193
84.571,127.59,53.955,69.451
84.26,127.72,53.605,68.997
84,127.26,53.099,68.339
83.563,127.2,53.027,68.244
83.58,127.4,52.748,67.879
NaN,NaN,NaN,-2
NaN,NaN,NaN,0
NaN,NaN,NaN,0
NaN,NaN,NaN,0
NaN,NaN,NaN,0
NaN,NaN,NaN,-1
35.626,110.88,61.726,63.854
34.521,108.87,64.299,66.517
33.545,107.61,66.611,68.908
32.812,106.82,68.13,70.479
32.653,106.66,68.431,70.791
32.575,106.55,68.622,70.989
32.486,106.46,68.795,71.168
32.521,106.44,68.779,71.15
32.403,106.26,69.063,71.444
32.298,106.12,69.346,71.737
32.094,105.87,69.815,72.222
31.984,105.72,70.077,72.494
31.714,105.44,70.608,73.043
31.714,105.42,70.677,73.114
31.698,105.39,70.742,73.181
31.688,105.38,70.745,73.184
31.702,105.4,70.71,73.149
31.692,105.39,70.728,73.167
31.704,105.42,70.69,73.127
31.715,105.43,70.656,73.093
31.718,105.43,70.654,73.09
31.679,105.4,70.723,73.162
31.675,105.4,70.725,73.164
31.666,105.39,70.739,73.179
31.641,105.38,70.775,73.215
NaN,NaN,NaN,-2
NaN,NaN,NaN,0
NaN,NaN,NaN,0
NaN,NaN,NaN,0
NaN,NaN,NaN,0
NaN,NaN,NaN,-1
137.31,120.52,53.153,55.149
144.45,119.72,53.353,55.357
150.71,116.87,55.532,57.617
156.21,113.56,57.425,59.582
158.5,109.51,60.449,62.681
157.66,106.11,64.666,67.053
156.57,104.21,67.925,70.433
156.53,103.33,69.124,71.652
155.86,102.09,70.114,72.692
154.51,100.44,72.158,74.833
154.83,100.74,71.706,74.364
154.86,100.39,71.266,73.841
154.84,100.14,71.112,73.628
155.68,99.901,70.726,73.2
156.25,100.54,70.159,72.574
155.53,100.19,70.572,73.004
155.66,100.38,69.896,72.278
NaN,NaN,NaN,-2
NaN,NaN,NaN,0
NaN,NaN,NaN,0
NaN,NaN,NaN,0
NaN,NaN,NaN,0
NaN,NaN,NaN,-1
219.33,115.08,41.174,63.267
219.04,115.09,42.108,64.757
218.64,114.59,43.492,67.007
217.91,114.8,44.007,67.848
217.97,115.24,43.766,67.442
217.5,114.75,44.47,68.526
217.22,114.56,45.023,69.38
217.27,114.6,45.012,69.363
217.24,114.57,45.064,69.442
217.24,114.55,45.09,69.483
