NaN,NaN,NaN,-1
241.37,62.606,82.592,177.33
236.18,64.152,99.596,191.9
235.96,61.944,104.45,191.9
231.1,59.625,114.17,194.33
226.46,59.846,119.03,189.47
217.08,62.496,131.18,179.76
217.41,62.717,123.89,174.9
210.34,57.969,133.6,182.19
208.14,62.606,133.6,177.33
203.61,64.704,136.03,179.76
203.72,66.912,133.6,179.76
203.96,64.373,128.72,187.05
201.51,59.735,133.6,191.9
199.41,55.098,131.17,196.76
195,62.165,131.18,187.05
195.11,59.846,128.75,189.47
192.68,57.417,133.6,194.33
190.06,57.306,138.66,196.76
190.14,54.767,140.89,204.05
187.49,53.488,150.61,183.61
189.92,46.596,145.75,189.48
194.44,30.254,143.32,160.32
180.53,27.935,157.9,162.75
177.77,27.825,170.04,165.18
182.41,27.715,165.18,167.61
176.11,34.514,157.9,167.43
188.26,39.198,133.6,157.9
183.18,43.725,148.18,155.47
171.7,53.145,157.9,145.6
167.5,74.057,153.04,119.06
165.62,73.533,145.75,131.27
163.53,78.065,143.32,128.75
166.07,78.065,136.03,128.75
168.5,80.162,131.18,131.17
168.94,80.273,121.46,128.75
168.94,73.648,121.46,128.75
170.92,71.329,126.32,131.17
184.62,69.342,116.6,126.32
184.4,69.231,121.46,128.75
186.82,64.985,116.6,125
186.6,62.827,121.46,123.89
193.45,60.398,116.6,128.75
197.98,57.858,114.17,136.03
202.5,53.331,111.74,138.46
204.82,51.123,109.31,138.46
216.42,42.51,97.167,133.6
223.37,42.621,89.879,131.17
232.54,38.094,82.592,133.6
234.86,42.952,80.162,123.89
239.27,40.633,80.163,126.32
246.23,40.965,72.875,119.03
255.5,38.535,63.158,123.89
257.82,38.646,60.729,121.46
255.84,38.756,55.871,119.03
258.15,36.437,53.442,121.46
260.36,38.756,53.442,119.03
258.04,38.535,55.871,123.89
260.36,40.412,53.442,131.17
257.6,42.621,65.588,131.17
257.82,42.069,60.729,143.32
260.36,42.179,53.442,140.89
253.3,44.387,63.158,140.89
251.09,53.722,63.158,129.86
251.09,60.508,63.158,126.32
248.66,62.717,68.017,126.32
248.66,64.925,68.017,126.32
248.44,76.629,72.875,111.74
245.9,76.408,80.163,116.6
243.58,78.727,82.592,114.17
241.48,78.617,80.162,116.6
241.37,76.077,82.592,123.89
241.37,71.329,82.592,131.17
238.94,71.55,87.45,126.32
229.45,70.998,102.02,138.46
227.02,70.777,106.88,143.32
219.95,66.029,116.6,150.61
226.97,65.698,107.99,157.9
224.81,63.821,106.88,150.61
224.81,58.852,106.88,162.75
220.28,54.546,109.31,160.33
218.87,47.921,108.48,160.33
206.7,38.867,116.6,165.18
211.45,38.977,109.31,162.75
202.5,36.769,111.74,162.75
200.41,39.087,109.31,160.32
184.51,48.473,119.03,148.18
168.39,48.362,133.6,150.61
158.89,52.89,148.18,148.18
149.72,52.89,155.47,148.18
173.13,55.208,126.32,145.75
159.22,55.208,140.89,145.75
152.49,59.846,143.32,140.89
143.54,59.846,145.75,140.89
134.27,62.054,155.47,140.89
124.99,57.527,165.18,143.32
113.29,59.625,179.76,145.75
173.57,57.306,116.6,148.18
175.78,54.987,116.6,150.61
178.1,55.208,114.17,145.75
180.31,57.417,114.17,145.75
182.74,57.417,109.31,145.75
180.53,57.306,109.31,148.18
171.37,57.514,116.6,143.6
169.16,55.208,116.6,145.75
169.27,50.571,114.17,150.61
174.13,52.558,104.45,155.47
171.92,52.448,104.45,157.9
172.03,54.546,102.03,160.33
176.67,54.435,97.167,162.75
181.19,58.631,94.737,167.61
180.86,51.233,102.02,184.62
178.32,58.19,109.31,177.33
180.53,53.442,109.31,184.62
180.31,51.012,114.17,189.47
180.09,37.1,119.03,204.05
182.19,36.99,121.46,206.48
184.17,39.419,126.32,201.62
188.7,39.64,123.89,196.76
188.59,76.629,126.32,160.32
186.16,76.408,131.17,165.18
190.91,76.519,123.89,162.75
185.94,78.617,136.03,165.18
186.27,76.298,128.75,167.61
179.32,76.077,136.03,172.47
167.61,71.44,150.61,177.33
165.29,71.55,153.04,174.9
167.61,71.771,150.61,170.04
167.61,76.298,150.61,167.61
167.61,73.979,150.61,170.04
167.61,62.165,150.61,187.05
172.36,62.385,143.32,182.19
169.71,62.496,153.04,179.76
171.92,64.925,153.04,174.9
176.78,62.937,143.32,170.04
186.05,65.256,133.6,167.61
188.26,66.325,133.6,168.81
190.47,67.575,133.6,165.18
195.11,67.244,128.75,172.47
202.17,69.342,119.03,174.9
206.81,71.55,114.17,174.9
206.81,71.329,114.17,179.76
213.99,75.525,102.02,184.62
216.2,75.635,102.03,182.19
220.61,76.629,102.02,160.32
220.72,81.377,99.596,153.04
213.88,88.223,104.45,148.18
209.46,92.86,104.45,143.32
204.82,83.806,109.31,148.18
202.5,83.806,111.74,148.18
195.44,84.199,121.46,139.54
192.9,84.137,128.75,140.89
190.69,81.819,128.75,143.32
193.34,81.598,119.03,148.18
184.17,83.696,126.32,150.61
179.54,86.015,131.17,148.18
172.47,86.015,140.89,148.18
156.57,88.223,150.61,148.18
140.56,85.794,162.75,153.04
138.57,88.112,157.9,150.61
131.73,83.475,162.75,155.47
173.57,83.475,116.6,155.47
166.73,85.683,121.46,155.47
159.99,81.046,123.89,160.32
150.61,74.09,136.03,167.61
145.97,64.815,140.89,177.33
146.19,64.815,136.03,177.33
144.09,64.815,133.6,177.33
137.25,57.748,138.46,187.05
135.37,60.067,131.18,184.62
136.03,64.704,116.6,179.76
131.51,60.067,119.03,184.62
138.68,68.186,106.88,176.11
152.71,71.66,89.879,172.47
152.82,76.298,87.45,167.61
143.43,80.825,99.596,165.18
140.78,82.923,109.31,167.61
133.38,85.021,126.32,170.04
125.99,84.69,143.32,177.33
137.03,86.898,143.32,177.33
134.93,91.535,140.89,172.47
132.83,93.744,138.46,172.47
135.37,77.623,131.18,187.05
142.33,77.402,123.89,191.9
142.22,77.402,126.32,191.9
149.06,74.973,121.46,196.76
158.23,75.083,114.17,194.33
162.64,70.335,114.17,201.62
171.7,70.225,109.31,204.05
173.8,67.796,111.74,208.91
173.69,65.587,114.17,208.91
175.89,56.202,114.17,221.05
173.69,54.215,114.17,216.2
171.37,48.142,116.6,204.05
166.73,46.154,121.46,199.19
164.3,46.265,126.32,196.76
159.55,48.583,133.6,194.33
157.12,53.11,138.46,191.9
157.12,55.319,138.46,191.9
161.65,57.527,136.03,191.9
159.33,64.373,138.46,187.05
149.84,64.373,153.04,187.05
142.88,66.692,160.32,184.62
165.96,66.692,138.46,184.62
163.75,66.581,138.38,187.05
166.18,64.262,133.6,189.48
165.96,64.152,138.46,191.9
166.07,59.294,136.03,201.62
163.64,61.612,140.89,199.19
159.11,59.183,143.32,204.05
152.15,59.073,150.61,206.48
145.2,63.71,157.9,201.62
138.24,66.25,165.18,194.33
159.11,68.679,143.32,189.47
154.47,71.66,148.18,172.47
161.32,73.979,143.32,170.04
165.96,71.66,138.46,172.47
161.1,73.869,148.18,172.47
162.86,73.869,157.9,172.47
169.38,73.869,160.33,172.47
164.74,71.219,165.18,182.19
150.83,68.679,179.76,189.47
155.8,67.023,167.61,177.33
148.95,64.815,172.47,177.33
146.52,46.265,177.33,196.76
169.49,46.375,157.9,194.33
183.4,46.265,143.32,196.76
185.5,53.331,145.75,187.05
194.89,55.76,133.6,182.19
180.64,58.19,155.47,177.33
168.83,55.871,172.47,179.76
171.26,68.209,167.61,162.21
164.08,62.717,179.76,174.9
145.8,57.969,193.15,182.19
124.66,57.969,221.05,182.19
201.29,48.694,138.46,191.9
190.25,47.921,138.46,208.91
181.08,40.633,145.75,223.48
183.73,45.271,136.03,218.62
181.19,54.325,143.32,165.19
178.32,47.479,157.9,170.04
175.78,45.16,165.18,172.47
175.56,56.865,170.04,157.9
176.11,68.569,157.9,143.32
187.93,66.14,140.89,148.18
180.53,61.612,157.9,150.61
196.87,70.887,138.46,140.89
196.76,70.887,140.89,140.89
187.71,70.887,145.75,140.89
178.32,68.569,157.9,143.32
171.26,70.887,167.61,140.89
169.38,70.998,160.33,138.46
176.45,68.679,150.61,140.89
165.18,70.998,155.47,138.46
183.84,68.679,133.6,140.89
183.62,66.581,138.46,138.46
188.15,68.9,136.03,136.03
185.61,61.944,143.32,143.32
178.54,59.625,153.04,145.75
187.93,61.944,140.89,143.32
192.9,64.152,128.75,143.32
200.07,61.944,116.6,143.32
207.03,62.054,109.31,140.89
214.21,59.846,97.167,140.89
209.24,60.067,109.31,136.03
208.8,57.748,119.03,138.46
203.5,53.11,138.46,143.32
198.42,46.154,153.04,150.61
184.17,44.056,174.9,148.18
185.1,41.627,178.55,153.04
176.89,41.958,189.47,145.75
162.97,32.462,204.05,160.32
158.56,57.858,204.05,136.03
153.59,55.65,216.2,136.03
202.28,55.65,165.18,136.03
225.25,58.079,145.75,131.17
220.72,62.937,148.18,121.46
211.56,57.969,155.47,133.6
218.62,57.969,145.75,133.6
218.51,55.319,148.18,143.32
213.88,55.319,153.04,143.32
209.35,55.319,155.47,143.32
204.82,57.748,157.9,138.46
198.2,55.65,157.9,136.03
200.63,55.871,153.04,131.18
207.47,60.619,148.18,123.89
216.75,70.789,138.46,115.55
222.72,70.115,127.58,109.31
223.81,68.017,128.75,106.88
226.13,70.225,126.32,106.88
228.56,65.919,121.47,104.45
235.63,66.25,111.74,97.167
242.04,66.36,109.65,94.738
244.35,64.042,114.17,97.167
239.38,64.042,126.32,97.167
253.07,61.944,116.6,94.737
241.26,61.944,133.6,94.737
243.47,59.625,133.6,97.167
252.52,57.306,128.75,99.596
248.33,57.858,123.89,87.45
252.85,53.11,121.46,94.738
250.65,58.679,121.46,91.217
245.9,62.201,128.75,87.528
255.61,59.956,109.31,89.879
264.78,59.846,102.03,92.308
274.27,53,87.45,97.167
281.23,50.571,80.163,102.02
267.1,43.173,99.596,119.03
262.13,38.204,111.74,131.17
247.77,35.665,136.03,138.46
252.19,35.333,136.03,145.75
258.93,36.879,133.6,160.32
265.88,34.229,126.32,170.04
263.23,34.119,136.03,172.47
272.62,34.892,123.89,155.47
267.32,32.242,143.32,165.18
262.02,36.879,162.75,160.32
256.72,34.229,85.021,170.04
261.14,34.34,85.021,167.61
254.4,31.91,87.45,172.47
245.46,34.45,89.879,165.18
233.97,29.702,99.596,172.47
236.18,27.383,99.596,174.9
230.88,17.998,119.03,187.05
226.35,38.867,121.46,165.18
223.59,31.69,133.6,177.33
225.25,26.942,145.75,184.62
223.92,26.942,126.32,184.62
226.13,36.327,126.32,172.47
220.39,59.515,106.88,148.18
220.39,57.196,106.88,150.61
222.54,54.877,109.26,153.04
222.6,59.846,106.88,140.89
220.39,57.196,106.88,150.61
220.5,54.877,104.59,153.04
220.39,59.515,106.88,148.18
220.28,54.767,109.31,155.47
222.38,57.085,111.74,153.04
222.38,52.448,111.74,157.9
217.74,52.227,116.6,162.75
215.53,54.656,116.6,157.9
213.44,59.294,114.17,153.04
211.34,57.085,111.74,153.04
204.82,54.546,109.31,160.33
195.55,54.315,119.03,162.88
186.49,52.117,123.89,165.18
179.76,49.908,126.32,165.18
175.45,49.798,123.89,167.61
175.67,49.798,119.03,167.61
173.46,52.117,119.03,165.18
173.46,52.006,119.03,167.61
157.56,54.215,128.74,167.61
153.04,54.104,131.17,170.04
150.94,54.104,128.75,170.04
148.73,51.785,128.75,172.47
149.06,49.467,121.46,174.9
146.74,51.675,123.89,174.9
146.85,51.675,121.46,174.9
149.28,54.104,116.6,170.04
147.19,56.533,114.17,165.18
149.72,54.215,106.88,167.61
149.72,54.215,106.88,167.61
147.52,56.644,106.88,162.75
154.47,47.479,99.596,170.04
154.58,49.687,97.167,170.04
159.22,47.369,92.308,172.47
159.22,56.181,92.308,172.49
175.12,53.883,82.592,174.9
177.11,65.698,87.45,157.9
174.46,63.15,97.167,165.37
181.19,65.587,94.737,160.33
198.86,65.698,94.738,157.9
210.12,68.017,89.879,155.47
209.68,74.973,99.596,148.18
216.31,79.5,99.596,145.75
231.99,84.137,94.738,140.89
234.08,86.567,97.167,136.03
248,91.204,82.592,131.17
245.79,93.412,82.592,131.17
245.9,95.621,80.163,131.18
236.84,102.8,85.021,119.03
239.49,102.8,75.304,119.03
242.13,107.44,65.932,114.17
244.24,109.64,68.017,114.17
242.03,111.74,68.017,116.6
239.82,114.17,68.017,111.74
237.45,116.38,71.595,111.74
235.3,118.48,70.446,114.17
233.09,120.69,70.446,114.17
219.51,122.56,77.733,121.46
215.2,120.24,75.304,123.89
216.09,122.56,55.867,121.46
214.1,110.64,51.013,140.89
211.45,98.823,60.729,157.9
211.23,89.548,65.588,167.61
208.8,75.635,70.446,182.19
207.03,73.537,60.729,179.76
204.38,71.219,70.446,182.19
197.2,71.108,82.592,184.62
206.37,68.679,75.304,189.47
192.24,57.085,94.738,201.62
193.67,66.25,63.158,194.33
188.92,68.893,70.446,136.18
189.03,61.612,68.017,150.61
198.64,59.294,51.012,153.04
196.21,59.515,55.871,148.18
195.99,68.458,60.729,145.75
195.99,75.525,60.729,136.03
196.32,80.383,53.442,126.32
193.89,84.69,58.3,128.75
189.25,84.91,63.158,123.89
186.82,87.119,68.017,123.89
177.33,98.492,82.592,116.6
177.33,100.37,82.592,123.89
186.27,102.58,80.163,123.89
193.12,104.9,75.304,121.46
183.51,108.15,92.308,122.67
181.08,111.52,97.167,121.46
176.34,111.52,104.45,121.46
171.7,113.73,109.31,121.46
176,113.51,111.74,126.32
182.74,113.51,109.31,126.32
177.99,113.62,116.6,123.89
161.76,113.62,133.6,123.89
145.42,108.98,153.04,128.75
134.16,104.67,157.9,126.32
131.95,104.56,157.9,128.75
127.53,99.817,157.9,136.03
129.96,89.879,153.04,160.32
144.31,85.242,128.75,165.18
149.17,78.285,119.03,172.47
155.91,73.648,116.6,177.33
159.88,64.483,126.32,184.62
173.69,62.496,114.17,179.76
185.06,58.18,106.88,177.54
189.36,61.502,109.31,153.04
195.55,54.987,119.03,150.61
197.87,52.779,116.6,150.61
200.63,50.571,104.45,150.61
200.52,46.154,106.88,150.61
192.9,39.087,128.75,160.32
190.25,36.437,138.46,170.04
187.6,34.119,148.18,172.47
182.63,31.8,160.33,174.9
180.31,43.725,162.75,155.47
175.56,48.473,170.04,148.18
175.34,48.473,174.9,148.18
179.98,48.473,170.04,148.18
182.3,46.044,167.61,153.04
184.51,53.11,167.61,143.32
184.62,50.129,165.18,160.32
187.05,47.7,160.32,165.18
187.05,47.479,160.32,170.04
196.76,49.798,140.89,167.61
192.35,47.7,140.89,165.18
183.18,40.691,148.18,173.62
183.51,34.008,140.89,174.9
186.05,26.942,133.6,184.62
179.43,29.371,133.6,179.76
179.32,32.131,136.03,167.61
175.12,34.229,131.18,170.04
187.16,41.185,109.31,162.75
196.43,43.615,99.596,157.9
201.18,45.712,92.308,160.32
212.88,47.7,77.733,165.18
205.93,50.129,85.021,160.32
215.2,52.337,75.304,160.32
219.84,52.496,70.446,156.85
219.84,54.656,70.446,157.9
224.7,61.612,60.729,150.61
222.6,59.294,60.613,153.04
217.85,61.612,65.588,150.61
213.1,61.723,72.875,148.18
208.47,61.723,77.733,148.18
206.04,64.152,82.592,143.32
206.04,64.262,82.592,140.89
208.52,62.172,76.595,138.31
203.94,64.483,80.163,136.03
201.62,64.373,82.592,138.46
201.73,64.152,80.162,143.32
201.73,64.042,80.162,145.75
194.77,66.14,87.45,148.18
197.09,66.029,85.021,150.61
194.77,68.348,87.45,148.18
194.89,72.654,85.021,150.61
195,72.762,82.592,148.23
195,65.808,82.592,155.47
197.2,68.127,82.592,153.04
195,68.127,82.592,153.04
195,68.127,82.592,153.04
192.68,68.237,85.021,150.61
192.68,68.237,85.021,150.61
192.9,61.171,80.163,160.33
192.9,61.171,80.163,160.33
193.01,63.269,77.733,162.75
195.33,63.269,75.304,162.75
195.44,63.158,72.875,165.18
197.76,63.158,70.446,165.18
200.19,63.158,65.588,165.18
200.07,60.84,68.017,167.61
