NaN,NaN,NaN,-1
245.33,54.187,72.463,163.62
231.52,49.725,95.838,168.3
230.88,49.831,109.86,165.96
230.35,49.937,121.55,163.62
225.25,45.9,140.25,158.95
221.21,48.025,135.58,158.95
218.98,47.812,137.91,163.62
210.06,47.812,147.26,163.62
210.16,50.044,144.93,161.29
203.57,50.096,149.6,160.15
199.01,49.937,156.61,163.62
198.92,52.275,152.26,158.95
194.86,52.169,154.28,161.29
186.36,51.85,154.28,168.3
182.01,49.619,156.61,170.64
181.79,45.475,161.29,168.3
179.46,41.012,165.96,172.98
182.11,38.675,154.28,177.65
182.01,31.981,156.61,184.66
172.87,27.306,170.64,194.01
170.21,22.631,182.33,203.36
165.75,16.575,187,196.35
174.04,14.237,191.68,201.03
173.93,18.7,194.01,196.35
182.54,18.594,144.93,198.69
176.38,23.056,140.25,194.01
160.65,29.75,158.95,187
160.54,34.106,161.29,184.66
169.68,35.806,147.26,194.01
145.35,35.912,168.3,191.68
145.46,33.787,165.96,191.68
145.88,35.594,156.61,198.69
148.11,39.95,154.28,196.35
154.91,37.931,144.93,194.01
156.82,39.95,149.6,196.35
163.41,37.719,144.93,198.69
166.17,32.831,130.9,212.71
161.82,33.044,133.24,208.04
165.86,30.919,137.91,208.04
165.54,28.687,144.93,210.38
163.62,24.437,140.25,210.38
170.11,24.65,137.91,205.7
167.77,20.081,142.59,212.71
169.79,22.312,144.93,210.38
173.93,16.787,147.26,191.68
178.18,12.644,147.26,189.34
184.56,3.5062,147.26,203.36
190.51,-2.9638,156.61,205.45
199.01,1.5937,156.61,198.69
185.62,10.731,170.64,184.66
185.51,10.837,172.98,182.33
187.74,8.6062,170.64,184.66
187.74,8.7125,170.64,182.33
191.99,11.05,170.64,177.65
194.22,8.075,168.3,196.35
194.33,5.8437,165.96,198.69
189.76,10.2,172.98,196.35
192.21,5.2062,165.96,212.71
194.44,5.1,163.62,215.05
196.88,11.851,156.61,206.78
197.2,16.256,149.6,203.36
194.97,11.581,151.94,212.71
197.31,9.4562,147.26,212.71
199.86,9.35,137.91,215.05
200.39,13.812,126.23,210.38
202.72,22.844,121.55,198.69
202.62,22.844,123.89,198.69
204.53,24.756,128.56,203.36
199.96,35.806,135.58,194.01
182.01,35.7,156.61,196.35
183.81,66.831,163.62,165.96
183.81,66.619,163.62,170.64
188.49,66.512,154.28,172.98
202.09,66.725,135.58,168.3
213.24,68.956,123.89,165.96
215.37,75.65,123.89,158.95
215.37,71.188,123.89,163.62
213.14,62.369,126.23,170.64
211.24,60.562,121.22,163.62
209.21,53.762,119.21,172.98
211.54,49.512,114.54,172.98
207.4,45.687,112.2,163.62
205.28,45.794,112.2,161.29
205.49,45.794,107.53,161.29
212.29,48.025,98.175,158.95
192.63,41.331,109.86,165.96
199.43,41.331,100.51,165.96
199.54,41.331,98.175,165.96
202.09,41.756,88.825,156.61
201.88,32.406,93.5,175.31
199.64,34.744,95.838,170.64
201.88,34.425,93.5,177.65
204.11,36.55,91.163,177.65
206.23,36.444,91.163,179.99
206.02,31.769,95.838,189.34
208.57,38.462,86.488,182.33
208.57,38.462,86.488,182.33
215.26,43.031,79.475,175.31
217.39,31.875,79.475,187
215.05,31.981,84.15,184.66
210.59,31.981,88.825,184.66
206.12,34,93.5,187
204.11,33.894,91.163,189.34
199.64,36.231,95.838,184.66
202.09,36.125,88.825,187
206.87,42.712,77.138,182.33
202.51,42.5,79.475,187
202.41,42.394,81.812,189.34
204.64,31.344,79.475,198.69
200.17,40.375,84.15,187
200.17,42.5,84.15,187
202.3,37.719,84.15,198.69
199.86,42.075,91.163,196.35
197.2,50.787,102.85,191.68
201.66,46.537,98.175,191.68
196.99,48.556,107.53,194.01
199.11,46.537,107.53,191.68
203.26,39.631,109.86,203.36
194.54,39.631,114.54,203.36
194.54,39.419,114.54,208.04
192.42,44.094,114.54,198.69
190.19,39.737,116.88,201.03
187.85,46.431,121.55,194.01
192.21,40.162,119.21,191.68
187.74,35.7,123.89,196.35
190.08,29.006,119.21,203.36
187.74,67.183,123.89,163.37
178.71,64.387,135.58,172.98
183.28,59.712,128.56,182.33
180.62,50.894,140.25,189.34
175.95,48.769,149.6,189.34
178.18,48.769,147.26,189.34
173.51,48.769,156.61,189.34
182.43,48.662,147.26,191.68
184.66,48.556,144.93,194.01
186.68,51.531,147.26,175.31
190.72,51.531,151.94,175.31
197.41,53.656,144.93,175.31
201.98,53.656,137.91,175.31
204,55.887,140.25,172.98
206.02,55.994,142.59,170.64
210.27,55.887,142.59,172.98
214.52,55.887,142.59,172.98
216.54,56.419,144.93,161.29
216.22,56.1,151.94,168.3
214.09,53.869,151.94,170.64
214.09,53.762,151.94,172.98
211.76,53.869,156.61,170.64
207.29,54.187,161.29,163.62
200.81,56.525,163.62,158.95
196.35,56.525,168.3,158.95
201.03,56.419,112.2,161.29
198.79,56.525,114.54,158.95
183.28,58.756,128.56,156.61
181.16,60.881,128.56,156.61
180.62,63.045,140.25,155.75
179.03,63.006,128.56,156.61
172.76,67.362,126.23,154.28
164.05,67.362,130.9,154.28
155.12,67.256,140.25,156.61
159.91,69.7,128.56,149.6
159.8,69.7,130.9,149.6
161.82,69.7,133.24,149.6
150.56,69.7,147.26,149.6
153.21,69.806,135.58,147.26
141.53,69.806,158.95,147.26
141.53,58.65,158.95,158.95
134.62,65.131,170.64,156.61
130.58,65.237,165.96,154.28
126.65,62.9,158.95,158.95
122.29,62.9,161.29,158.95
116.79,63.006,158.15,156.61
109.65,62.794,158.95,161.29
119.21,74.056,135.58,147.26
113.02,74.056,131.64,147.26
103.81,76.181,147.26,147.26
101.36,73.844,154.28,151.94
89.994,73.631,170.64,156.61
143.12,80.112,123.89,154.28
138.55,84.256,130.9,156.61
136.21,86.487,135.58,154.28
124.63,86.8,156.61,147.39
122.19,88.825,163.62,149.6
122.29,88.825,161.29,149.6
164.79,86.594,114.54,151.94
166.92,84.362,114.54,154.28
179.67,81.919,114.54,161.29
188.7,79.794,102.85,161.29
188.59,77.456,105.19,165.96
190.61,75.225,107.53,168.3
184.18,66.3,108.78,177.65
181.79,64.175,114.54,177.65
183.92,57.481,114.54,184.66
181.79,50.681,114.54,194.01
179.46,52.806,119.21,194.01
181.69,54.931,116.88,194.01
181.79,50.362,114.54,201.03
179.46,59.287,119.21,191.68
183.81,61.412,116.88,191.68
188.28,59.075,112.2,196.35
192.63,63.537,109.86,191.68
190.4,67.894,112.2,189.34
187.96,65.556,119.21,194.01
190.4,65.556,112.2,194.01
190.29,67.681,114.54,194.01
192.42,67.787,114.54,191.68
188.06,65.556,116.88,194.01
188.06,65.556,116.88,194.01
190.29,65.45,114.54,196.35
181.16,67.681,128.56,194.01
170,69.594,140.25,198.69
165.01,65.131,156.61,203.36
158.21,68.319,165.96,179.99
153.64,68.531,172.98,175.31
148.96,70.868,182.33,170.65
151.51,66.3,172.98,177.65
171.81,66.194,147.26,179.99
176.27,68.319,142.59,179.99
176.48,72.763,137.91,175.72
171.59,77.137,151.94,172.98
165.01,77.031,156.61,175.31
176.27,79.9,142.59,158.95
160.22,66.619,168.3,170.64
148.96,62.156,182.33,175.31
180.2,57.587,149.6,182.33
177.97,51.218,151.94,182.21
184.56,55.781,147.26,175.31
173.51,60.244,156.61,170.64
166.28,60.35,175.31,168.3
175.63,60.167,156.61,168.49
182.11,73.631,154.28,156.61
182.22,73.631,151.94,156.61
184.34,80.325,151.94,149.6
193.16,80.325,144.93,149.6
197.52,80.431,142.59,147.26
190.72,87.125,151.94,140.25
181.79,87.125,161.29,140.25
181.79,89.356,161.29,137.91
182.32,89.569,149.6,133.24
182.01,94.244,156.61,123.89
186.47,87.656,151.94,128.56
185.6,87.711,150.62,127.36
193.16,81.227,144.93,129.75
197.73,81.175,137.91,130.9
191.04,78.837,144.93,135.58
188.59,76.764,151.94,134.44
193.06,72.356,147.26,137.91
188.59,74.587,151.94,135.58
183.81,74.587,163.62,135.58
184.03,74.587,158.95,135.58
179.46,76.819,165.96,133.24
172.76,79.05,172.98,130.9
168.41,81.387,175.31,126.23
170.32,83.831,179.99,119.21
174.89,72.675,172.98,130.9
174.57,72.675,179.99,130.9
180.31,74.906,194.01,128.56
180.31,74.906,194.01,128.56
180.84,75.225,182.33,121.55
183.07,75.119,179.99,123.89
187.32,75.012,179.99,126.23
191.89,74.8,172.98,130.9
202.51,68.531,172.98,128.56
202.51,68.637,172.98,126.23
199.75,68.637,187,126.23
190.51,73.206,203.36,119.21
176.38,73.206,233.75,119.21
166.28,66.619,222.06,123.89
177.01,64.494,219.73,123.89
174.99,64.6,217.39,121.55
217.39,60.456,172.98,119.21
219.62,58.225,170.64,121.55
217.6,55.994,168.3,123.89
217.71,55.994,165.96,123.89
222.17,60.881,161.29,109.86
231.41,58.65,144.93,112.2
231.52,58.65,142.59,112.2
235.98,58.544,137.91,114.54
231.31,58.756,147.26,109.86
226.63,58.862,156.61,107.53
235.66,61.306,144.93,100.51
235.66,63.644,144.93,95.838
222.28,61.306,158.95,100.51
235.98,61.412,137.91,98.175
245.01,61.412,126.23,98.175
249.69,61.519,116.88,95.838
252.03,63.644,112.2,95.838
252.03,63.644,112.2,95.838
254.68,68,100.51,93.5
259.04,68.106,98.175,91.163
265.84,65.769,88.825,95.838
263.71,61.412,88.825,98.175
263.71,59.712,88.825,88.825
268.39,57.375,79.475,93.5
263.82,64.281,86.488,81.812
263.39,57.587,95.838,88.825
265.84,55.25,88.825,93.5
267.86,55.518,91.163,87.594
261.59,53.337,88.825,88.825
256.91,53.231,98.175,91.163
249.9,48.769,112.2,95.838
254.04,48.556,114.54,100.51
253.94,48.556,116.88,100.51
253.94,50.894,116.88,95.838
251.71,46.431,119.21,100.51
251.81,46.431,116.88,100.51
251.92,46.431,114.54,100.51
249.58,46.325,119.21,102.85
247.46,43.987,119.21,107.53
242.78,37.187,128.56,116.88
235.34,37.081,151.94,119.21
239.7,36.975,149.6,121.55
235.13,39.1,156.61,121.55
225.67,38.887,177.65,126.23
214.2,36.337,196.35,135.58
210.41,36.337,186.13,135.58
205.38,36.444,203.36,133.24
198.47,36.55,215.05,130.9
199.43,34.212,194.01,135.58
194.97,32.087,198.69,135.58
199.86,31.662,184.66,144.93
197.62,24.862,187,154.28
192.42,24.756,208.04,156.61
192.31,16.047,210.38,161.22
201.45,94.138,149.6,79.475
214.84,94.031,135.58,81.812
225.89,91.8,126.23,84.15
225.89,91.906,126.23,81.812
225.67,91.694,130.9,86.488
230.14,89.462,126.23,88.825
232.26,87.337,126.23,88.825
231.94,82.769,133.24,95.838
231.84,82.981,135.58,91.163
229.61,82.875,137.91,93.5
234.07,76.181,133.24,100.51
233.96,76.287,135.58,98.175
235.98,76.503,137.91,93.426
233.64,72.037,142.59,98.175
233.75,67.575,140.25,102.85
231.62,65.344,140.25,105.19
231.52,64.148,142.59,104.21
229.18,56.525,147.26,112.2
227.69,51.956,133.24,119.21
221,47.175,140.25,130.9
216.86,42.712,137.91,135.58
214.94,38.25,133.24,140.25
210.91,33.681,128.56,147.26
211.01,36.019,126.23,142.59
204,38.356,140.25,137.91
190.72,40.481,151.94,137.91
186.57,44.837,149.6,135.58
182.11,44.731,154.28,137.91
180.09,40.162,151.94,144.93
182.54,46.856,144.93,137.91
181.06,48.875,142.02,140.25
180.62,48.981,140.25,137.91
180.84,51.106,135.58,137.91
180.94,48.556,133.24,147.26
176.59,51.384,135.58,146.53
171.7,53.019,149.6,142.59
170,53.019,140.25,142.59
172.76,53.125,79.475,140.25
171.84,54.931,78.212,147.26
175.1,57.375,74.8,140.25
179.56,57.375,70.125,140.25
181.79,59.5,67.788,140.25
192.74,61.837,60.775,135.58
198.9,64.175,65.45,130.9
205.38,68.744,63.113,123.89
209.31,70.975,70.125,121.55
219.82,74.694,72.66,133.24
221.74,79.096,77.138,128.63
232.47,79.05,74.8,130.9
238.85,85.744,74.8,123.89
256.17,89.994,67.788,123.89
264.77,91.906,65.45,128.56
267.12,96.262,60.589,126.23
269.24,98.706,60.775,119.21
273.97,103.06,50.116,116.88
265.31,104.97,53.763,121.55
263.18,107.63,53.763,109.86
261.16,112.09,51.425,105.19
250.11,111.88,60.775,109.8
252.24,118.36,60.775,107.53
250.11,118.15,60.775,112.2
245.65,120.49,65.45,107.53
236.83,120.27,72.463,112.2
230.35,124.52,74.8,112.2
228.44,124.52,70.125,112.2
222.17,126.54,67.788,114.54
218.34,126.54,58.552,114.54
211.97,106.99,58.438,123.89
214.31,100.41,53.763,128.56
213.99,91.481,60.775,137.91
220.47,89.462,58.438,135.58
215.38,87.975,48.19,121.55
214.31,80.644,53.763,142.59
207.72,73.1,58.438,168.3
210.06,68.425,53.763,177.65
210.48,66.087,44.413,182.33
203.89,52.806,49.088,194.01
204,57.375,46.75,187
206.55,60.881,37.4,156.61
208.48,51.956,41.694,165.96
204,54.612,46.75,154.28
208.25,60.669,46.75,161.29
208.14,69.169,49.088,161.29
201.77,78.625,49.088,140.25
192.84,89.781,58.438,128.56
174.89,92.012,79.475,126.23
168.09,98.919,88.825,114.54
179.15,104.97,79.152,110.42
185.62,105.51,77.138,109.86
196.88,109.97,63.114,105.19
198.79,109.86,67.788,107.53
198.58,114.59,72.463,97.028
200.6,114.43,74.8,100.51
200.49,116.66,77.138,98.175
202.62,116.56,77.138,100.51
202.3,114.54,84.15,98.175
197.94,116.77,86.488,95.838
195.92,116.77,84.15,95.838
191.46,116.98,88.825,91.163
178.39,116.98,95.838,91.163
174.25,117.09,93.5,88.825
167.66,110.18,98.175,100.51
165.54,110.29,98.175,98.175
167.88,110.5,93.5,93.5
172.34,110.61,88.825,91.163
176.69,108.38,86.488,93.5
181.05,103.81,84.15,100.51
198.58,97.856,72.463,91.163
205.06,95.944,70.125,86.488
211.65,87.125,65.45,93.5
216.01,82.769,63.113,95.838
222.49,73.114,60.775,97.047
224.51,65.662,63.113,98.175
226.42,61.412,67.788,98.175
226.1,57.162,74.8,98.175
221.64,52.7,79.475,102.85
219.51,54.931,79.475,100.51
214.84,54.825,88.825,102.85
213.03,54.825,81.812,102.85
215.05,43.669,84.15,114.54
215.47,45.687,74.8,116.88
213.56,48.025,70.125,112.2
211.33,45.9,72.463,112.2
211.33,47.919,72.463,114.54
211.22,48.025,74.8,112.2
211.22,48.025,74.8,112.2
211.22,49.619,74.8,123.89
213.46,49.937,72.463,116.88
215.79,45.369,67.788,123.89
218.03,43.209,65.45,124.66
220.15,40.906,65.45,128.56
220.26,39.206,63.113,119.21
222.59,37.081,58.438,119.21
222.7,37.294,56.1,114.54
220.47,40.093,58.438,107.15
222.81,41.756,53.763,109.86
225.14,43.775,49.088,112.2
227.38,50.256,46.75,109.86
229.93,54.825,37.4,102.85
225.36,61.306,44.413,100.51
225.36,61.2,44.413,102.85
223.02,60.775,49.088,112.2
220.79,62.687,51.425,116.88
218.77,62.262,49.088,126.23
218.56,64.387,53.763,126.23
223.12,59.606,46.75,137.91
223.02,64.281,49.088,128.56
220.89,60.031,49.088,128.56
220.79,57.587,51.425,135.58
223.12,57.587,46.75,135.58
223.12,59.712,46.75,135.58
223.02,48.45,49.088,149.6
222.91,39.631,51.425,156.61
220.68,37.187,53.763,163.62
220.79,37.187,51.425,163.62
225.46,46.006,44.302,156.61
225.25,48.131,46.75,156.61
227.48,50.256,44.413,156.61
227.38,47.812,46.75,163.62
229.5,52.487,46.75,154.28
227.27,52.381,49.088,156.61
227.27,54.719,49.088,151.94
227.27,59.075,49.088,149.6
227.48,63.431,44.413,147.26
229.71,61.2,42.075,149.6
229.71,58.756,42.075,156.61
225.36,58.756,44.413,156.61
225.36,60.881,44.413,156.61
225.46,60.881,42.075,156.61
225.46,60.881,42.075,156.61
225.46,63.006,42.075,156.61
223.23,65.237,44.413,154.28
223.23,65.237,44.413,154.28
221.11,65.237,44.413,154.28
216.64,63.023,49.088,156.25
