NaN,NaN,NaN,-1
142.01,28.005,34,123
142.02,28.02,34,123
142.04,28.045,34,123
142.08,28.08,34,123
142.12,28.125,34,123
142.18,28.18,34,123
142.24,28.245,34,123
142.32,28.32,34,123
142.4,28.405,34,123
142.5,28.5,34,123
142.6,28.605,34,123
142.72,28.72,34,123
142.84,28.845,34,123
142.98,28.98,34,123
143.12,29.125,34,123
143.28,29.28,34,123
143.44,29.445,34,123
143.62,29.62,34,123
143.8,29.805,34,123
144,30,34,123
144.2,30.205,34,123
144.42,30.42,34,123
144.64,30.645,34,123
144.88,30.88,34,123
145.12,31.125,34,123
145.38,31.38,34,123
145.64,31.645,34,123
145.92,31.92,34,123
146.2,32.205,34,123
146.5,32.5,34,123
146.8,32.805,34,123
147.12,33.12,34,123
147.44,33.445,34,123
147.78,33.78,34,123
148.12,34.125,34,123
148.48,34.48,34,123
148.84,34.845,34,123
149.22,35.22,34,123
149.6,35.605,34,123
150,36,34,123
150.4,36.405,34,123
150.82,36.82,34,123
151.24,37.245,34,123
151.68,37.68,34,123
152.12,38.125,34,123
152.58,38.58,34,123
NaN,NaN,NaN,-2
NaN,NaN,NaN,0
NaN,NaN,NaN,0
NaN,NaN,NaN,0
NaN,NaN,NaN,0
NaN,NaN,NaN,-1
139.01,34.005,30,121
139.02,34.02,30,121
139.04,34.045,30,121
139.08,34.08,30,121
139.12,34.125,30,121
139.18,34.18,30,121
139.24,34.245,30,121
139.32,34.32,30,121
139.4,34.405,30,121
139.5,34.5,30,121
139.6,34.605,30,121
139.72,34.72,30,121
139.84,34.845,30,121
139.98,34.98,30,121
140.12,35.125,30,121
140.28,35.28,30,121
140.44,35.445,30,121
140.62,35.62,30,121
140.8,35.805,30,121
141,36,30,121
141.2,36.205,30,121
141.42,36.42,30,121
164.23,83.54,11,16
NaN,NaN,NaN,-2
NaN,NaN,NaN,0
NaN,NaN,NaN,0
NaN,NaN,NaN,0
NaN,NaN,NaN,0
NaN,NaN,NaN,-1
138.35,47.524,37,13
131.34,71.841,14,26
NaN,NaN,NaN,-2
NaN,NaN,NaN,0
NaN,NaN,NaN,0
NaN,NaN,NaN,0
NaN,NaN,NaN,0
NaN,NaN,NaN,-1
101.69,50.479,21,34
89.405,74.114,16,17
96.827,88.234,13,16
103.1,95.892,15,21
105.42,96.996,15,19
105.27,96.445,14,17
96.677,93.991,51,33
89.444,94.001,54,39
84.806,92.32,64,42
80.398,90.727,74,41
75.435,89.059,80,53
71.716,88.878,81,46
76.987,81.979,130,79
100.24,61.135,58,30
113.8,48.952,63,34
118.12,45.722,62,46
115.32,51.839,71,78
111.37,57.301,75,78
106.22,61.125,84,78
100.24,63.196,90,78
96.087,64.362,93,79
91.16,64.398,97,79
85.744,63.8,98,77
83.304,63.166,112,76
82.535,63.335,105,75
NaN,NaN,NaN,-2
NaN,NaN,NaN,0
NaN,NaN,NaN,0
NaN,NaN,NaN,0
NaN,NaN,NaN,0
NaN,NaN,NaN,-1
138,43.599,58,47
132.61,47.293,54,47
128.34,52.314,36,44
NaN,NaN,NaN,-2
NaN,NaN,NaN,0
NaN,NaN,NaN,0
NaN,NaN,NaN,0
NaN,NaN,NaN,0
NaN,NaN,NaN,-1
121.19,50.23,54,46
NaN,NaN,NaN,-2
NaN,NaN,NaN,0
NaN,NaN,NaN,0
NaN,NaN,NaN,0
NaN,NaN,NaN,0
NaN,NaN,NaN,-1
158.57,66.343,60,46
204.95,55.493,45,45
NaN,NaN,NaN,-2
NaN,NaN,NaN,0
NaN,NaN,NaN,0
NaN,NaN,NaN,0
NaN,NaN,NaN,0
NaN,NaN,NaN,-1
142.82,26.323,63,55
160.89,40.722,71,54
173.89,50.964,62,50
177.57,56.369,59,46
178.04,57.645,55,45
199.7,59.354,121,43
208.69,59.48,133,44
209.67,58.893,138,50
205.41,58.216,149,44
NaN,NaN,NaN,-2
NaN,NaN,NaN,0
NaN,NaN,NaN,0
NaN,NaN,NaN,0
NaN,NaN,NaN,0
NaN,NaN,NaN,-1
151.96,71.274,27,39
131.08,59.083,22,38
117.27,46.59,16,38
107.19,39.071,27,38
102.12,42.746,32,60
100.38,40.558,30,38
NaN,NaN,NaN,-2
NaN,NaN,NaN,0
NaN,NaN,NaN,0
NaN,NaN,NaN,0
NaN,NaN,NaN,0
NaN,NaN,NaN,-1
159.48,37.189,41,13
NaN,NaN,NaN,-2
NaN,NaN,NaN,0
NaN,NaN,NaN,0
NaN,NaN,NaN,0
NaN,NaN,NaN,0
NaN,NaN,NaN,-1
178.31,60.567,16,16
148.94,55.031,18,15
NaN,NaN,NaN,-2
NaN,NaN,NaN,0
NaN,NaN,NaN,0
NaN,NaN,NaN,0
NaN,NaN,NaN,0
NaN,NaN,NaN,-1
195.08,76.673,12,16
NaN,NaN,NaN,-2
NaN,NaN,NaN,0
NaN,NaN,NaN,0
NaN,NaN,NaN,0
NaN,NaN,NaN,0
NaN,NaN,NaN,-1
175.01,63.005,30,65
175.02,63.02,30,65
175.04,63.045,30,65
175.08,63.08,30,65
175.12,63.125,30,65
175.18,63.18,30,65
175.24,63.245,30,65
175.32,63.32,30,65
175.4,63.405,30,65
NaN,NaN,NaN,-2
NaN,NaN,NaN,0
NaN,NaN,NaN,0
NaN,NaN,NaN,0
