NaN,NaN,NaN,-1
140.01,15.005,36,142
140.02,15.02,36,142
140.04,15.045,36,142
140.08,15.08,36,142
140.12,15.125,36,142
140.18,15.18,36,142
140.24,15.245,36,142
140.32,15.32,36,142
140.4,15.405,36,142
140.5,15.5,36,142
140.6,15.605,36,142
140.72,15.72,36,142
140.84,15.845,36,142
140.98,15.98,36,142
141.12,16.125,36,142
141.28,16.28,36,142
141.44,16.445,36,142
141.62,16.62,36,142
141.8,16.805,36,142
142,17,36,142
142.2,17.205,36,142
142.42,17.42,36,142
142.64,17.645,36,142
142.88,17.88,36,142
143.12,18.125,36,142
143.38,18.38,36,142
143.64,18.645,36,142
143.92,18.92,36,142
144.2,19.205,36,142
144.5,19.5,36,142
144.8,19.805,36,142
145.12,20.12,36,142
145.44,20.445,36,142
145.78,20.78,36,142
146.12,21.125,36,142
146.48,21.48,36,142
146.84,21.845,36,142
147.22,22.22,36,142
147.6,22.605,36,142
148,23,36,142
148.4,23.405,36,142
148.82,23.82,36,142
149.24,24.245,36,142
149.68,24.68,36,142
150.12,25.125,36,142
150.58,25.58,36,142
NaN,NaN,NaN,-2
NaN,NaN,NaN,0
NaN,NaN,NaN,0
NaN,NaN,NaN,0
NaN,NaN,NaN,0
NaN,NaN,NaN,-1
137.01,21.005,31,139
137.02,21.02,31,139
137.04,21.045,31,139
137.08,21.08,31,139
137.12,21.125,31,139
137.18,21.18,31,139
137.24,21.245,31,139
137.32,21.32,31,139
137.4,21.405,31,139
137.5,21.5,31,139
137.6,21.605,31,139
137.72,21.72,31,139
137.84,21.845,31,139
137.98,21.98,31,139
138.12,22.125,31,139
138.28,22.28,31,139
138.44,22.445,31,139
138.62,22.62,31,139
138.8,22.805,31,139
139,23,31,139
139.2,23.205,31,139
139.42,23.42,31,139
163.33,77.641,11,16
NaN,NaN,NaN,-2
NaN,NaN,NaN,0
NaN,NaN,NaN,0
NaN,NaN,NaN,0
NaN,NaN,NaN,0
NaN,NaN,NaN,-1
135.95,37.924,37,13
130.22,67.358,14,26
NaN,NaN,NaN,-2
NaN,NaN,NaN,0
NaN,NaN,NaN,0
NaN,NaN,NaN,0
NaN,NaN,NaN,0
NaN,NaN,NaN,-1
99.289,42.479,21,34
88.284,70.378,16,17
96.722,87.884,13,16
103.49,97.195,15,21
105.96,98.783,15,19
105.76,98.084,14,17
97.044,95.216,51,33
89.676,94.774,54,39
84.926,92.722,64,42
80.442,90.875,74,41
75.435,89.06,80,53
71.696,88.811,81,46
76.963,81.896,130,79
100.22,61.063,58,30
113.78,48.9,63,34
118.11,45.69,62,46
115.31,51.823,71,78
111.37,57.296,75,78
106.22,61.126,84,78
100.24,63.2,90,78
96.088,64.366,93,79
91.161,64.401,97,79
85.744,63.802,98,77
83.304,63.167,112,76
82.535,63.336,105,75
NaN,NaN,NaN,-2
NaN,NaN,NaN,0
NaN,NaN,NaN,0
NaN,NaN,NaN,0
NaN,NaN,NaN,0
NaN,NaN,NaN,-1
135.6,33.999,58,47
131.49,42.809,54,47
128.23,51.894,36,44
NaN,NaN,NaN,-2
NaN,NaN,NaN,0
NaN,NaN,NaN,0
NaN,NaN,NaN,0
NaN,NaN,NaN,0
NaN,NaN,NaN,-1
118.79,41.43,54,46
NaN,NaN,NaN,-2
NaN,NaN,NaN,0
NaN,NaN,NaN,0
NaN,NaN,NaN,0
NaN,NaN,NaN,0
NaN,NaN,NaN,-1
154.57,58.343,60,46
203.09,51.757,45,45
NaN,NaN,NaN,-2
NaN,NaN,NaN,0
NaN,NaN,NaN,0
NaN,NaN,NaN,0
NaN,NaN,NaN,0
NaN,NaN,NaN,-1
138.02,19.123,63,55
158.65,37.36,71,54
173.68,50.649,62,50
178.35,57.541,59,46
179.11,59.254,55,45
200.68,60.83,121,43
209.43,60.583,133,44
210.14,59.589,138,50
205.65,58.578,149,44
NaN,NaN,NaN,-2
NaN,NaN,NaN,0
NaN,NaN,NaN,0
NaN,NaN,NaN,0
NaN,NaN,NaN,0
NaN,NaN,NaN,-1
149.56,63.274,27,39
129.96,55.347,22,38
117.17,46.24,16,38
107.58,40.373,27,38
102.66,44.533,32,60
100.87,42.198,30,38
NaN,NaN,NaN,-2
NaN,NaN,NaN,0
NaN,NaN,NaN,0
NaN,NaN,NaN,0
NaN,NaN,NaN,0
NaN,NaN,NaN,-1
157.08,30.789,41,13
NaN,NaN,NaN,-2
NaN,NaN,NaN,0
NaN,NaN,NaN,0
NaN,NaN,NaN,0
NaN,NaN,NaN,0
NaN,NaN,NaN,-1
175.11,58.167,16,16
147.45,53.91,18,15
NaN,NaN,NaN,-2
NaN,NaN,NaN,0
NaN,NaN,NaN,0
NaN,NaN,NaN,0
NaN,NaN,NaN,0
NaN,NaN,NaN,-1
193.48,71.873,12,16
NaN,NaN,NaN,-2
NaN,NaN,NaN,0
NaN,NaN,NaN,0
NaN,NaN,NaN,0
NaN,NaN,NaN,0
NaN,NaN,NaN,-1
173.01,57.005,31,75
173.02,57.02,31,75
173.04,57.045,31,75
173.08,57.08,31,75
173.12,57.125,31,75
173.18,57.18,31,75
173.24,57.245,31,75
173.32,57.32,31,75
173.4,57.405,31,75
NaN,NaN,NaN,-2
NaN,NaN,NaN,0
NaN,NaN,NaN,0
NaN,NaN,NaN,0
