NaN,NaN,NaN,-1
80.375,89.591,37,51
80.881,89.625,37,51
86.927,90.294,37,51
92.989,90.192,37,51
102.19,90.377,36.63,50.49
109.23,89.797,36.264,49.985
116.61,94.202,35.901,49.485
118.34,98.01,35.901,49.485
120.82,104.14,35.542,48.99
123.02,108.25,35.187,48.5
123.8,108.6,34.835,48.015
123.96,108.79,35.183,48.496
123.41,108.63,35.535,48.981
NaN,NaN,NaN,-2
NaN,NaN,NaN,0
NaN,NaN,NaN,0
NaN,NaN,NaN,0
NaN,NaN,NaN,0
NaN,NaN,NaN,-1
190.91,99.126,31,47
194.87,98.626,31,47
200.15,95.812,30.69,46.53
202.27,96.016,30.383,46.065
202.34,98.745,30.687,46.525
202.63,97.967,30.994,46.991
200.72,98.317,31.304,47.461
200.32,98.488,30.991,46.986
194.07,95.862,30.681,46.516
188.32,93.59,30.374,46.051
182.24,95.864,30.07,45.59
175.25,95.891,29.77,45.134
170.05,96.049,30.067,45.586
NaN,NaN,NaN,-2
NaN,NaN,NaN,0
NaN,NaN,NaN,0
NaN,NaN,NaN,0
NaN,NaN,NaN,0
NaN,NaN,NaN,-1
108.93,96.945,35,51
109.02,96.777,35,51
109.67,96.666,34.65,50.49
114.06,95.805,34.65,50.49
114.81,95.789,34.996,50.995
117.81,95.502,35.346,51.505
126.07,96.446,35.7,52.02
136.7,99.671,35.7,52.02
137.46,99.321,35.343,51.5
148.78,100.5,35.343,51.5
159.86,105.84,35.696,52.015
173.35,108.42,35.696,52.015
181.48,108.15,35.696,52.015
187.76,108.14,35.696,52.015
192.08,108.66,35.339,51.495
196.49,107.75,34.986,50.98
196.67,108.01,34.636,50.47
193.77,110.54,34.636,50.47
188.68,110.8,34.29,49.965
180.42,113.43,34.29,49.965
169.53,111.95,34.29,49.965
156.69,109.27,34.29,49.965
145.82,107.6,34.29,49.965
127.02,104.87,34.633,50.465
125.47,105.5,34.979,50.969
121.03,121.13,34.629,50.46
115.43,121.11,34.283,49.955
108.19,122.77,33.94,49.456
106.36,123.55,33.601,48.961
100.13,127.72,33.265,48.471
97.166,128.11,32.932,47.987
97.138,128.52,32.603,47.507
96.623,128.98,32.277,47.032
95.097,129.85,31.954,46.561
95.091,130.28,31.634,46.096
95.102,131.28,31.318,45.635
96.744,133.36,31.005,45.179
100.08,136.1,30.695,44.727
106.32,132.09,30.695,44.727
113.57,133.85,30.388,44.279
123,132.97,30.084,43.837
136.41,129.64,29.783,43.398
145.72,121.05,29.485,42.964
150.63,112.21,29.78,43.394
167.8,105.41,30.078,43.828
178.32,107.52,30.379,44.266
185.43,110.67,30.683,44.709
198.44,116.82,30.683,44.709
202.52,119.21,30.376,44.262
205.78,119,30.072,43.819
206.27,118.47,29.771,43.381
206.93,119.09,29.474,42.947
206.5,118.67,29.179,42.518
203.17,117.72,28.887,42.092
198.48,119.32,28.598,41.672
195.6,123.57,28.312,41.255
183.87,127.95,28.595,41.667
176.32,130.96,28.881,42.084
169.16,130.47,29.17,42.505
154.79,125.72,29.462,42.93
141.29,119.68,29.756,43.359
124.57,117.87,29.756,43.359
113.02,131.44,29.756,43.359
104.23,129.73,30.054,43.793
95.505,128.42,30.054,43.793
88.874,127.42,30.354,44.231
84.052,128.29,30.658,44.673
NaN,NaN,NaN,-2
NaN,NaN,NaN,0
NaN,NaN,NaN,0
NaN,NaN,NaN,0
NaN,NaN,NaN,0
NaN,NaN,NaN,-1
5.0968,92.73,36.63,56.43
NaN,NaN,NaN,-2
NaN,NaN,NaN,0
NaN,NaN,NaN,0
NaN,NaN,NaN,0
NaN,NaN,NaN,0
NaN,NaN,NaN,-1
32.441,135.83,37.37,56.56
36.398,138.03,37.744,57.126
38.601,139.34,38.121,57.697
39.333,139.24,38.121,57.697
39.38,139.37,38.121,57.697
42.11,138.29,38.502,58.274
45.789,137.78,38.502,58.274
49.963,139.28,38.502,58.274
54.371,139.49,38.117,57.691
61.171,142.8,37.736,57.114
71.292,139.76,37.359,56.543
82.088,124.95,37.732,57.108
90.141,118.09,37.732,57.108
95.549,111.73,37.355,56.537
98.137,106.23,37.355,56.537
98.337,105.79,36.982,55.972
94.953,104.23,36.612,55.412
89.248,108.94,36.246,54.858
82.249,113.02,35.883,54.31
76.503,115.94,35.524,53.766
72.892,115.76,35.88,54.304
69.408,115.78,36.238,54.847
66.044,113.03,36.601,55.396
64.307,113.45,36.601,55.396
64.613,114.53,36.235,54.842
66.153,115.16,36.235,54.842
66.447,115.19,36.235,54.842
71.249,116.05,36.235,54.842
76.245,118.27,36.235,54.842
81.95,115.17,36.597,55.39
89.261,110.82,36.597,55.39
100.86,101.61,36.231,54.836
109.12,104.19,36.593,55.385
116.35,104.54,36.227,54.831
122.36,102.84,36.227,54.831
127.32,111.44,36.227,54.831
128.8,118.02,35.865,54.282
127.91,124.27,35.507,53.74
127.2,119.87,35.151,53.202
126.82,114.31,34.8,52.67
122.97,115.07,34.452,52.143
119.86,117.04,34.107,51.622
116.96,113.84,33.766,51.106
116.17,110.12,33.429,50.595
116.79,111.1,33.094,50.089
116.91,111.94,32.763,49.588
120.08,113.09,32.436,49.092
124.87,110.87,32.76,49.583
129.49,110.57,33.088,50.079
134.97,110.94,33.088,50.079
138.79,109.76,33.419,50.58
154.94,106.4,33.753,51.085
162.32,103.09,33.753,51.085
