NaN,NaN,NaN,-1
224.58,90.645,47,49
224.5,90.569,47,49
224.6,90.457,47,49
224.29,91.077,47,49
223.65,90.869,47,49
221.96,91.046,47,49
221,90.986,47,49
220.13,91.137,47,49
218.66,92.168,47,49
217.31,91.846,47,49
216.09,92.242,47,49
213.56,91.777,47,49
211.78,92.484,47,49
208.48,91.778,47,49
204.59,91.231,47,49
201.39,90.906,47,49
198.4,89.225,47,49
193.26,88.264,47,49
189.74,88.359,47,49
185.48,87.05,47,49
180.48,86.406,47,49
174.72,86.716,47,49
168.02,86.528,47,49
161.3,85.838,47,49
155.76,85.016,47,49
150.98,91.611,47,49
137.92,93.612,47,49
127.54,99.186,47,49
115.16,99.401,47,49
101.74,104.36,47,49
91.605,109.39,47,49
78.421,112.73,47,49
65.659,113.72,47,49
68.706,119.45,47,49
64.341,123.05,47,49
61.438,124.24,47,49
60.551,124.88,47,49
51.467,120.96,47,49
52.144,124.17,47,49
52.192,126.61,47,49
54.715,129.56,47,49
50.039,134.66,47,49
54.01,134.85,47,49
60.583,135.08,47,49
75.169,149.34,47,49
95.183,151.38,47,49
110.44,146.94,47,49
124.94,137.36,47,49
129.68,126.45,47,49
129.46,116.95,47,49
132.61,113.06,47,49
136.95,111.23,47,49
140.57,107.37,47,49
147.13,102.14,47,49
154.69,95.908,47,49
161.73,82.778,47,49
167.06,79.546,47,49
171.45,75.548,47,49
176.91,73.792,47,49
179.89,71.009,47,49
181.16,63.933,47,49
184.06,58.582,47,49
190.77,57.29,47,49
200.55,51.958,47,49
207.8,53.116,47,49
215.31,54.33,47,49
219.96,58.992,47,49
226.03,60.03,47,49
229.84,61.182,47,49
232.19,61.08,47,49
234.36,60.786,47,49
234.28,63.424,47,49
231.58,64.567,47,49
228.91,63.868,47,49
227.88,67.14,47,49
227.6,71.839,47,49
227.47,74.24,47,49
228.09,77.163,47,49
230.39,81.112,47,49
230.95,85.357,47,49
231.89,88.512,47,49
233.91,93.157,47,49
235.47,97.007,47,49
238.47,99.013,47,49
239.89,102.21,47,49
241.14,110.92,47,49
245.48,119.54,47,49
248.57,125.9,47,49
250.24,131.92,47,49
249.74,136.56,47,49
245.49,142.21,47,49
243.23,142.8,47,49
240.56,140.47,47,49
239.02,134.41,47,49
236.64,129.48,47,49
233.47,123.45,47,49
228.03,116.7,47,49
223.48,110.37,47,49
218.5,106.93,47,49
213.75,101.97,47,49
208.7,98.899,47,49
199.73,96.741,47,49
190.2,100.17,47,49
180.65,105.67,47,49
166.58,115.85,47,49
160.27,120.11,47,49
152.55,118.73,47,49
143.73,120.29,47,49
133.23,119.69,47,49
123.96,114.65,47,49
116.45,108.06,47,49
115.9,103.1,47,49
116.76,96.33,47,49
117.93,90.721,47,49
117.78,79.298,47,49
119.4,73.754,47,49
121.87,68.704,47,49
124.91,66.614,47,49
124.72,62.52,47,49
125.11,58.014,47,49
128.4,58.366,47,49
131.7,58.491,47,49
140.24,60.093,47,49
138.92,59.405,47,49
141.35,59.376,47,49
143.11,58.991,47,49
144.5,57.589,47,49
147.65,59.673,47,49
151.81,58.302,47,49
154.73,58.495,47,49
157.31,59.626,47,49
159.02,60.532,47,49
160.38,61.141,47,49
162.79,61.309,47,49
164.51,59.095,47,49
166.94,57.443,47,49
167.78,56.956,47,49
169.08,55.533,47,49
171.02,55.963,47,49
175,52.778,47,49
179.14,53.207,47,49
182.44,53.805,47,49
183.7,56.518,47,49
183.16,59.717,47,49
183.21,61.429,47,49
182.26,67.478,47,49
180.21,73.396,47,49
180.17,78.844,47,49
177.04,86.959,47,49
170.52,93.702,47,49
162.44,101.92,47,49
153.79,111.5,47,49
142.3,118.83,47,49
129.47,124.99,47,49
124.43,130.49,47,49
120.72,133.21,47,49
117.56,137.37,47,49
99.776,132.87,47,49
94.218,137.36,47,49
87.818,140.46,47,49
84.012,143.07,47,49
83.599,146.77,47,49
86.945,159.75,47,49
108.11,168.27,47,49
107,169.41,47,49
104.24,170.75,47,49
101.72,170.86,47,49
98.358,170.51,47,49
97.322,169.69,47,49
95.923,170.44,47,49
92.742,170.34,47,49
92.771,170.49,47,49
NaN,NaN,NaN,-2
NaN,NaN,NaN,0
NaN,NaN,NaN,0
NaN,NaN,NaN,0
NaN,NaN,NaN,0
NaN,NaN,NaN,-1
25.665,117.7,66,62
23.702,114.68,66,62
20.648,113.31,66,62
15.862,115.28,66,62
15.476,116.45,66,62
16.981,117.85,66,62
17.183,117.95,66,62
17.006,118.08,66,62
15.785,117.15,66,62
-0.42902,121.49,66,62
-0.52747,121.75,66,62
3.9025,121.31,66,62
NaN,NaN,NaN,-2
NaN,NaN,NaN,0
NaN,NaN,NaN,0
NaN,NaN,NaN,0
NaN,NaN,NaN,0
NaN,NaN,NaN,-1
82.584,69.478,63,76
82.728,70.804,63,76
84.379,72.156,63,76
87.258,73.957,63,76
89.515,75.406,63,76
91.06,77.496,63,76
94.289,79.924,63,76
96.806,82.834,63,76
101.35,86.012,63,76
114.39,93.542,63,76
119.36,95.474,63,76
124.74,97.343,63,76
128.5,98.456,63,76
131.99,100.1,63,76
135.51,99.775,63,76
140.52,100.15,63,76
146.12,99.281,63,76
150.4,97.992,63,76
154.19,95.299,63,76
157.82,93.624,63,76
161.24,93.982,63,76
166.94,89.361,63,76
173.57,93.182,63,76
178.88,92.423,63,76
184.69,89.902,63,76
196.82,90.265,63,76
206.47,90.974,63,76
213.47,88.972,63,76
217.11,89.884,63,76
218.53,89.727,63,76
220.56,89.564,63,76
223.45,91.509,63,76
222.17,96.563,63,76
218.96,101.27,63,76
217.85,102.39,63,76
217.11,104.58,63,76
216.72,105.9,63,76
216.96,107.79,63,76
217.41,108.83,63,76
216.92,110.77,63,76
217.26,113.66,63,76
215.8,116.38,63,76
212.87,120.67,63,76
214.85,126.57,63,76
213.07,132.25,63,76
211.77,137.46,63,76
210.96,141.38,63,76
