NaN,NaN,NaN,-1
154.86,95.813,18.18,52.52
154.73,95.755,18.362,53.045
154.01,97.248,18.362,53.045
154.13,97.577,18.178,52.515
153.84,97.759,17.996,51.99
153.56,92.343,18.176,52.509
153.4,90.054,18.358,53.035
152.44,89.741,18.542,53.565
152.5,90.464,18.542,53.565
152.53,90.499,18.542,53.565
152.53,90.5,18.542,53.565
152.9,88.945,18.727,54.101
152.86,88.839,18.914,54.642
152.8,88.78,19.104,55.188
152.86,89.402,19.104,55.188
152.81,90.239,19.104,55.188
150.38,93.074,19.104,55.188
148.19,94.58,18.913,54.636
145.32,94,18.913,54.636
143.43,93.193,18.913,54.636
141.22,91.133,19.102,55.182
140.79,90.99,19.102,55.182
140.05,91.009,19.102,55.182
139.34,90.637,19.102,55.182
138.58,91.134,19.102,55.182
138.74,88.921,19.293,55.734
139.19,88.324,19.486,56.292
139.19,88.936,19.486,56.292
141.75,92.757,19.291,55.729
142.07,89.891,19.484,56.286
141.95,90.278,19.484,56.286
141.87,90.396,19.484,56.286
141.69,90.468,19.484,56.286
141.5,90.201,19.484,56.286
141.63,87.66,19.678,56.849
141.53,87.376,19.875,57.417
142.28,87.517,20.074,57.992
141.92,88.047,20.275,58.571
141.76,88.044,20.477,59.157
142.52,88.129,20.682,59.749
143.55,89.498,20.682,59.749
144.8,90.339,20.682,59.749
145.2,90.375,20.682,59.749
145.42,90.199,20.682,59.749
145.36,90.18,20.889,60.346
145.49,90.033,21.098,60.95
145.56,89.092,21.309,61.559
145.22,88.261,21.522,62.175
147.93,87.834,21.522,62.175
148.51,87.998,21.737,62.797
148.4,87.684,21.955,63.425
148.23,87.898,22.174,64.059
148.06,88.319,22.396,64.699
147.98,88.231,22.62,65.346
147.73,90.407,22.62,65.346
147.65,90.372,22.846,66
147.72,90.393,23.075,66.66
148.09,89.894,23.305,67.326
147.71,88.627,23.538,68
141.44,78.754,23.303,67.32
138.32,77.8,23.303,67.32
137.59,76.526,23.303,67.32
136.61,79.325,23.303,67.32
136.11,86.104,23.536,67.993
136.25,87.042,23.536,67.993
136.26,87.295,23.536,67.993
136.24,87.398,23.536,67.993
135.98,90.229,23.301,67.313
136.26,91.37,23.068,66.64
136.29,87.176,23.298,67.306
136.03,90.303,23.065,66.633
NaN,NaN,NaN,-2
NaN,NaN,NaN,0
NaN,NaN,NaN,0
NaN,NaN,NaN,0
NaN,NaN,NaN,0
NaN,NaN,NaN,-1
174.16,70.425,30.69,84.15
171.72,75.467,30.69,84.15
171.48,83.387,30.383,83.309
171.68,85.681,30.079,82.475
171.92,86.212,29.778,81.651
171.93,85.807,29.481,80.834
172.6,86.268,29.186,80.026
175.42,82.668,29.478,80.826
181.25,88.605,29.183,80.018
182.74,82.982,29.475,80.818
187.16,87.489,29.18,80.01
188.05,88.255,28.888,79.21
188.44,88.891,28.599,78.418
191.28,90.51,28.313,77.633
191.69,90.074,28.03,76.857
191.73,89.482,27.75,76.089
192.11,87.603,27.75,76.089
190.07,87.223,27.472,75.328
186.11,85.818,27.472,75.328
183.96,84.492,27.472,75.328
182,85.908,27.198,74.574
180.18,86.195,26.926,73.829
180.13,85.792,26.656,73.09
178.2,85.957,26.39,72.359
175.47,82.735,26.39,72.359
174.96,80.172,26.39,72.359
175.46,80.163,26.126,71.636
178.61,79.486,25.865,70.919
180.46,78.578,25.865,70.919
180.3,77.498,26.123,71.629
178.79,79.401,26.123,71.629
178.29,79.829,25.862,70.912
177.72,80.054,25.604,70.203
175.36,77.857,25.86,70.905
173.4,77.386,26.118,71.614
171.74,77.483,26.118,71.614
167.7,80.346,26.118,71.614
163.81,81.404,26.118,71.614
163.17,81.966,25.857,70.898
161.02,81.319,25.857,70.898
159.18,78.771,26.116,71.607
156.83,81.055,26.116,71.607
154.73,84.448,26.116,71.607
152.48,89.137,25.854,70.891
150.64,89.407,25.854,70.891
149.33,91.272,25.596,70.182
149.32,91.823,25.34,69.48
149.95,92.887,25.087,68.786
153.41,95.806,24.836,68.098
155.26,97.473,24.836,68.098
161.13,95.594,24.836,68.098
168.1,93.688,24.836,68.098
171.96,92.853,24.836,68.098
176.94,91.247,24.836,68.098
181.88,88.115,25.084,68.779
183.86,87.615,25.084,68.779
186.55,86.716,25.335,69.466
190.02,83.824,25.588,70.161
192.04,83.671,25.588,70.161
195,82.754,25.588,70.161
195.67,83.098,25.588,70.161
196.08,84.234,25.332,69.46
196.06,83.422,25.332,69.46
196.22,81.066,25.586,70.154
191.92,81.083,25.841,70.856
183.88,86.712,26.1,71.564
174.8,94.126,25.839,70.849
170.53,96.993,25.581,70.14
164.64,100.34,25.325,69.439
157.32,102.49,25.325,69.439
157.23,101.97,25.071,68.744
155.92,93.525,25.322,69.432
155.22,92.899,25.322,69.432
153.73,89.536,25.575,70.126
153.6,89.185,25.831,70.827
153.35,88.193,26.089,71.536
153.6,84.819,26.35,72.251
153.51,82.147,26.614,72.973
153.02,80.078,26.88,73.703
153.29,77.423,27.149,74.44
152.98,76.133,27.42,75.185
152.95,73.814,27.694,75.936
152.73,73.084,27.971,76.696
152.16,73.716,27.692,75.929
146.52,69.103,27.969,76.688
144.15,67.474,28.248,77.455
141.16,64.598,28.531,78.23
140.15,63.971,28.816,79.012
136.62,61.231,29.104,79.802
136.06,60.902,29.395,80.6
134.98,62.039,29.689,81.406
132.19,63.874,29.986,82.22
132,63.255,30.286,83.042
126.74,60.794,30.589,83.873
126.63,57.838,30.895,84.711
128.06,58.496,30.895,84.711
126.89,55.099,31.204,85.559
124.71,53.537,31.516,86.414
124.48,58.483,31.201,85.55
124.61,59.358,30.889,84.695
124.54,61.608,30.58,83.848
124.5,62.972,30.274,83.009
120.14,67.451,29.971,82.179
119.65,69.493,29.671,81.357
119.58,70.249,29.375,80.544
115.27,73.339,29.081,79.738
115.19,74.352,28.79,78.941
115.71,75.566,28.502,78.151
116.13,76.779,28.217,77.37
120.19,80.751,27.935,76.596
121.15,81.563,27.656,75.83
125.28,81.986,27.379,75.072
127.11,82.846,27.105,74.321
127.25,83.218,26.834,73.578
130.38,84.085,26.566,72.842
132.72,84.613,26.3,72.114
135.76,85.988,26.037,71.393
137.52,87.502,25.777,70.679
138.2,87.532,25.519,69.972
138.44,87.322,25.264,69.272
140.08,86.437,25.011,68.58
140.31,86.6,24.761,67.894
140.73,86.181,24.514,67.215
141.15,85.944,24.268,66.543
140.71,86.364,24.026,65.877
141.05,86.053,23.786,65.218
140.36,85.811,23.548,64.566
140.49,86.236,23.312,63.921
140.64,86.609,23.079,63.281
140.76,86.926,22.848,62.649
141.14,86.408,22.62,62.022
140.87,85.355,22.394,61.402
141.06,84.114,22.17,60.788
141.28,83.545,21.948,60.18
140.9,83.152,21.729,59.578
141.09,83.147,21.511,58.982
140.77,82.579,21.296,58.393
140.97,81.087,21.083,57.809
140.26,81.457,20.872,57.231
138.3,81.706,20.664,56.658
136.65,82.718,20.457,56.092
136.29,82.624,20.252,55.531
134.3,82.449,20.05,54.975
133.96,82.924,19.849,54.426
135.85,85.357,19.651,53.881
137.46,85.956,19.454,53.343
137.7,86.668,19.26,52.809
142.77,85.318,19.452,53.337
145.2,85.861,19.258,52.804
146.42,83.767,19.258,52.804
146.49,84.107,19.258,52.804
149.98,82.844,19.45,53.332
154.66,85.85,19.256,52.799
156.49,83.886,19.256,52.799
159.62,81.515,19.449,53.327
161.9,82.911,19.254,52.793
162.21,84.06,19.062,52.265
162.41,85.102,18.871,51.743
162.1,82.644,18.871,51.743
162.82,83.463,18.682,51.225
163.33,83.987,18.495,50.713
163.59,84.599,18.31,50.206
163.77,85.063,18.127,49.704
163.98,86.23,17.946,49.207
164.27,85.736,17.946,49.207
164.7,85.215,17.946,49.207
169.9,83.321,17.946,49.207
171.7,83.999,17.767,48.715
171.98,84.299,17.589,48.228
174.12,82.456,17.589,48.228
176.1,82.417,17.413,47.745
176.77,82.566,17.239,47.268
176.9,81.238,17.239,47.268
176.98,80.819,17.239,47.268
180,83.107,17.066,46.795
180.68,83.525,16.896,46.327
181.57,84.542,16.727,45.864
181.43,86.52,16.56,45.405
181.37,88.57,16.394,44.951
181.24,89.013,16.23,44.502
179.32,90.58,16.23,44.502
177.51,92.073,16.23,44.502
177.46,92.461,16.068,44.057
175.26,94.523,16.068,44.057
174.39,94.442,16.068,44.057
174.14,95.511,15.907,43.616
172.37,96.835,15.907,43.616
172.32,97.32,15.748,43.18
172.39,97.552,15.591,42.748
172.35,98.342,15.435,42.321
172.29,98.503,15.28,41.898
172.61,99.209,15.127,41.479
172.79,99.604,14.976,41.064
