NaN,NaN,NaN,-1
150.27,96.029,17.82,50.49
150.07,96.645,17.998,50.995
149.89,95.958,18.178,51.505
149.59,93.735,18.36,52.02
149.35,92.567,18.544,52.54
148.76,90.959,18.729,53.065
149.31,88.667,18.916,53.596
149.37,87.868,19.105,54.132
149.37,87.868,19.105,54.132
149.45,87.774,19.297,54.673
149.82,87.034,19.489,55.22
151.3,85.146,19.684,55.772
151.66,86.006,19.881,56.33
151.98,85.818,20.08,56.893
151.83,87.357,20.08,56.893
151.55,87.406,20.08,56.893
149.74,87.712,20.281,57.462
143.67,87.53,20.484,58.037
140.12,88.847,20.484,58.037
136.03,88.199,20.484,58.037
132.16,86.82,20.484,58.037
131.54,86.649,20.484,58.037
131.75,86.453,20.484,58.037
131.85,86.177,20.484,58.037
131.79,86.428,20.484,58.037
131.76,86.489,20.484,58.037
131.76,86.496,20.484,58.037
134.75,85.566,20.688,58.617
136.64,85.805,20.895,59.203
137.31,85.002,21.104,59.796
137.2,83.166,21.315,60.393
139.4,81.39,21.529,60.997
139.97,81.216,21.529,60.997
140.82,80.856,21.744,61.607
141.58,80.171,21.961,62.223
142.18,79.673,21.961,62.223
142.67,79.933,22.181,62.846
143.29,81.821,22.403,63.474
143.71,82.245,22.627,64.109
145.73,82.022,22.853,64.75
148.58,83.099,23.081,65.397
148.4,82.311,23.312,66.051
148.4,82.311,23.312,66.051
148.7,82.101,23.545,66.712
150.62,82.268,23.781,67.379
150.51,81.931,24.019,68.053
152.4,81.952,24.019,68.053
152.67,81.99,24.259,68.733
154.31,84.634,24.016,68.046
154.39,83.702,24.256,68.727
154.59,83.28,24.499,69.414
154.6,83,24.744,70.108
154.48,82.652,24.991,70.809
154.12,82.495,25.241,71.517
154.15,82.559,25.494,72.232
153.95,82.672,25.749,72.955
153.5,82.117,26.006,73.684
150.09,79.443,25.746,72.947
140.14,80.038,26.004,73.677
137.99,79.246,25.744,72.94
134.08,74.73,26.001,73.669
131.68,70.812,26.261,74.406
131.2,70.776,26.524,75.15
129.32,76.092,26.789,75.902
129.12,75.912,27.057,76.661
129.01,76.894,27.057,76.661
128.76,81.753,26.786,75.894
132.39,85.027,26.518,75.135
136.86,84.972,26.253,74.384
141.21,81.243,26.516,75.128
141.61,82.055,26.25,74.376
141.93,83.006,25.988,73.633
156.41,82.348,26.248,74.369
159.86,79.023,26.51,75.113
161.62,81.466,26.51,75.113
162.08,85.994,26.245,74.361
162.03,89.056,25.983,73.618
161.99,90.162,25.723,72.882
162.07,91.158,25.466,72.153
162.22,94.977,25.211,71.431
162.3,96.26,24.959,70.717
162.61,97.127,24.709,70.01
164.73,94.126,24.956,70.71
164.91,94.405,24.956,70.71
164.95,94.486,24.956,70.71
168.77,96.487,24.956,70.71
170.71,94.676,25.206,71.417
175.45,100.23,24.954,70.703
177.49,96.764,24.954,70.703
177.7,96.903,24.954,70.703
182.32,100.85,24.704,69.996
182.16,95.361,24.951,70.696
182.02,96.604,24.702,69.989
182.06,97.31,24.455,69.289
182.25,91.425,24.699,69.982
179.65,89.371,24.946,70.682
177.55,88.681,25.196,71.388
177.69,89.202,24.944,70.675
177.58,90.234,24.695,69.968
175.54,87.876,24.941,70.668
175.66,88.276,24.692,69.961
175.71,89.027,24.445,69.261
175.84,89.383,24.201,68.569
176.34,86.071,24.443,69.254
176.52,87.225,24.198,68.562
176.23,85.464,24.44,69.247
176.25,86.237,24.196,68.555
176.23,87.26,23.954,67.869
176.16,88.207,23.714,67.191
177.46,86.629,23.714,67.191
176.69,87.332,23.714,67.191
176.57,84.649,23.952,67.863
174.55,83.169,24.191,68.541
170.45,86.417,23.949,67.856
168.28,87.454,23.949,67.856
166.94,86.415,23.949,67.856
165.25,85.858,23.949,67.856
163.4,86.326,23.949,67.856
162.06,87.453,23.949,67.856
161.2,89.19,23.949,67.856
157.42,93.681,23.949,67.856
156.73,93.206,23.949,67.856
156.26,93.462,24.189,68.534
154.34,91.871,24.189,68.534
153.84,95.354,24.43,69.22
153.82,102.17,24.43,69.22
153.86,102.46,24.43,69.22
156.78,102.02,24.675,69.912
159.66,102.49,24.922,70.611
163.91,102.08,24.922,70.611
167.54,100.79,24.672,69.905
169.75,99.721,24.672,69.905
182.95,97.844,24.919,70.604
183.1,98.289,24.67,69.898
183.66,97.797,24.67,69.898
189.1,96.171,24.67,69.898
189.44,96.096,24.917,70.597
188.9,95.144,25.166,71.303
191.22,93.24,25.417,72.016
191.57,92.605,25.672,72.736
191.5,92.729,25.928,73.463
191.19,92.589,26.188,74.198
186.25,95.669,26.449,74.94
186.19,105.72,26.714,75.689
NaN,NaN,NaN,-2
NaN,NaN,NaN,0
NaN,NaN,NaN,0
NaN,NaN,NaN,0
NaN,NaN,NaN,0
NaN,NaN,NaN,-1
146.96,80.169,23.23,65.65
150.46,75.591,23.462,66.307
150.12,73.581,23.697,66.97
150.2,72.662,23.934,67.639
150.52,72.595,23.934,67.639
150.6,72.535,23.934,67.639
149.85,70.577,24.173,68.316
149.86,70.017,24.173,68.316
149.83,69.612,24.173,68.316
149.49,69.014,24.173,68.316
146.49,67.779,24.173,68.316
143.54,65.666,24.173,68.316
140.02,64.834,24.173,68.316
135.91,62.91,24.173,68.316
130.25,61.201,23.931,67.632
126.62,65.706,23.931,67.632
127.35,68.375,23.692,66.956
127.42,67.646,23.692,66.956
127.67,67.455,23.692,66.956
127.41,68.559,23.455,66.287
126.74,68.128,23.69,66.949
127.4,67.78,23.927,67.619
129.67,67.706,23.687,66.943
127.66,65.283,23.687,66.943
124.78,63.742,23.924,67.612
125.36,63.901,23.685,66.936
125.61,64.094,23.685,66.936
126.02,63.724,23.448,66.267
125.75,64.553,23.214,65.604
122.66,68.447,23.214,65.604
120.1,69.095,23.446,66.26
114.65,74.904,23.211,65.597
112.55,74.789,23.444,66.253
112.47,75.257,23.444,66.253
112.92,76.09,23.209,65.591
120.01,83.438,22.977,64.935
122.97,85.003,22.747,64.286
125.67,82.665,22.747,64.286
127.94,83.033,22.747,64.286
129.74,83.628,22.747,64.286
134.36,86.378,22.52,63.643
134.78,86.702,22.295,63.006
137.13,87.014,22.072,62.376
141.53,88.601,21.851,61.753
143.18,89.073,21.632,61.135
143.29,89.378,21.416,60.524
143.06,88.613,21.202,59.918
143.2,89.64,20.99,59.319
143.36,90.155,20.78,58.726
143.21,88.998,20.572,58.139
143.71,89.021,20.366,57.557
143.67,88.883,20.163,56.982
142.58,87.774,19.961,56.412
142.23,87.821,19.762,55.848
141.36,87.029,19.564,55.289
141.31,88.873,19.368,54.737
141.27,89.963,19.175,54.189
142.31,87.424,19.175,54.189
142.21,85.499,19.175,54.189
142.27,85.965,18.983,53.647
142.36,86.233,18.793,53.111
141.83,85.164,18.605,52.58
141.91,85.388,18.419,52.054
141.99,84.968,18.235,51.533
141.66,84.912,18.053,51.018
140.97,83.673,17.872,50.508
139.61,82.396,17.693,50.003
137.84,83.086,17.516,49.503
137.35,83.269,17.341,49.008
135.6,82.728,17.168,48.518
135.68,82.97,16.996,48.032
137.52,85.953,16.996,48.032
140.11,86.634,16.996,48.032
144.54,91.107,16.826,47.552
147.41,87.545,16.826,47.552
147.56,88.152,16.658,47.077
150.48,86.603,16.658,47.077
153.08,88.985,16.491,46.606
156.64,85.576,16.656,47.072
160.17,89.559,16.49,46.601
162.37,85.589,16.49,46.601
163.9,87.402,16.325,46.135
164.37,85.439,16.325,46.135
167.09,88.589,16.162,45.674
167.17,88.817,16,45.217
166.72,84.342,16.16,45.669
166.82,84.466,16.16,45.669
167.29,86.164,15.998,45.213
167.16,86.449,15.998,45.213
167,86.497,15.998,45.213
166.49,86.875,15.998,45.213
166.37,87.461,15.998,45.213
166.47,87.374,15.998,45.213
171.02,85.268,15.998,45.213
172.87,83.816,15.998,45.213
173.03,84.386,15.838,44.76
175.23,85.198,15.838,44.76
178.51,81.196,15.838,44.76
178.59,81.42,15.68,44.313
178.66,82.354,15.523,43.87
178.79,82.455,15.523,43.87
180.6,83.476,15.523,43.87
180.96,84.257,15.368,43.431
182.62,83.879,15.214,42.997
182.69,84.099,15.062,42.567
182.43,85.078,14.911,42.141
181,86.521,14.762,41.72
179.53,86.935,14.615,41.302
178.04,89.046,14.469,40.889
177.7,90.759,14.469,40.889
175.88,92.4,14.324,40.481
174.99,92.059,14.324,40.481
175.04,94.548,14.181,40.076
172.83,98.154,14.181,40.076
172.72,97.476,14.181,40.076
172.79,97.676,14.039,39.675
172.8,98.656,13.898,39.278
172.87,98.853,13.759,38.885
174.55,100.4,13.622,38.497
174.68,100.69,13.486,38.112
