NaN,NaN,NaN,-1
168,80,53,49
167,79,53,49
166,79,53,49
165,79,53,49
165,79,53,49
164,79,53,49
164,78,53,49
163,78,53,49
162,77,53,49
160,77,53,49
157,76,53,49
153,75,53,49
150,74,53,49
147,73,53,49
144,71,53,49
141,70,53,49
137,69,53,49
133,68,53,49
128,66,53,49
124,66,53,49
121,65,53,49
117,63,53,49
113,62,53,49
109,61,53,49
105,61,53,49
101,61,53,49
97,62,53,49
93,63,53,49
90,64,53,49
88,65,53,49
86,67,53,49
84,68,53,49
83,70,53,49
82,71,53,49
82,72,53,49
82,72,53,49
82,73,53,49
83,74,53,49
84,76,53,49
84,78,53,49
85,80,53,49
85,83,53,49
86,87,53,49
86,90,53,49
88,93,53,49
91,95,53,49
94,98,53,49
97,100,53,49
100,103,53,49
103,104,53,49
106,106,53,49
109,107,53,49
114,108,53,49
119,107,53,49
125,107,53,49
130,106,53,49
134,106,53,49
139,106,53,49
143,106,53,49
147,106,53,49
151,106,53,49
156,106,53,49
161,106,53,49
166,106,53,49
171,106,53,49
176,106,53,49
180,107,53,49
184,108,53,49
189,109,53,49
193,111,53,49
196,113,53,49
198,115,53,49
201,118,53,49
204,120,53,49
206,122,53,49
208,124,53,49
209,126,53,49
209,129,53,49
208,132,53,49
208,134,53,49
207,137,53,49
205,139,53,49
202,142,53,49
199,144,53,49
198,145,53,49
196,146,53,49
193,146,53,49
190,147,53,49
187,148,53,49
184,147,53,49
180,147,53,49
178,146,53,49
176,144,53,49
176,141,53,49
176,137,53,49
176,132,53,49
175,127,53,49
175,123,53,49
175,118,53,49
174,115,53,49
174,111,53,49
174,107,53,49
174,103,53,49
174,98,53,49
175,94,53,49
175,90,53,49
175,88,53,49
175,88,53,49
174,88,53,49
172,89,53,49
171,90,53,49
169,91,53,49
168,92,53,49
168,93,53,49
168,94,53,49
169,94,53,49
170,94,53,49
170,95,53,49
171,95,53,49
171,95,53,49
172,95,53,49
173,95,53,49
174,96,53,49
174,96,53,49
175,96,53,49
176,95,53,49
177,95,53,49
177,93,53,49
178,91,53,49
178,88,53,49
178,85,53,49
178,83,53,49
179,79,53,49
179,75,53,49
178,71,53,49
177,68,53,49
175,64,53,49
174,60,53,49
175,56,53,49
176,52,53,49
178,48,53,49
180,44,53,49
182,41,53,49
183,39,53,49
184,37,53,49
183,36,53,49
182,36,53,49
181,36,53,49
179,36,53,49
176,37,53,49
172,38,53,49
168,40,53,49
164,43,53,49
159,47,53,49
156,50,53,49
155,54,53,49
154,57,53,49
155,60,53,49
155,63,53,49
157,67,53,49
158,71,53,49
159,75,53,49
160,78,53,49
160,81,53,49
160,85,53,49
161,87,53,49
164,89,53,49
168,91,53,49
173,94,53,49
176,95,53,49
177,96,53,49
176,96,53,49
173,95,53,49
169,93,53,49
164,92,53,49
158,90,53,49
152,88,53,49
145,86,53,49
137,84,53,49
129,81,53,49
120,79,53,49
113,77,53,49
106,75,53,49
98,73,53,49
90,71,53,49
82,70,53,49
74,70,53,49
66,68,53,49
60,67,53,49
54,67,53,49
49,68,53,49
43,70,53,49
38,73,53,49
35,76,53,49
33,80,53,49
33,84,53,49
34,86,53,49
37,89,53,49
39,91,53,49
43,94,53,49
47,99,53,49
50,104,53,49
53,109,53,49
55,115,53,49
57,120,53,49
60,126,53,49
64,132,53,49
67,136,53,49
70,139,53,49
73,141,53,49
77,143,53,49
80,145,53,49
84,146,53,49
88,148,53,49
92,149,53,49
96,150,53,49
101,152,53,49
105,155,53,49
108,159,53,49
113,165,53,49
119,169,53,49
125,174,53,49
131,178,53,49
136,181,53,49
140,183,53,49
145,183,53,49
149,182,53,49
154,180,53,49
159,179,53,49
164,177,53,49
168,174,53,49
172,171,53,49
173,168,53,49
174,165,53,49
176,162,53,49
177,159,53,49
179,156,53,49
181,153,53,49
183,151,53,49
184,149,53,49
185,147,53,49
185,146,53,49
185,144,53,49
185,143,53,49
185,142,53,49
185,139,53,49
185,136,53,49
184,132,53,49
183,128,53,49
182,124,53,49
181,120,53,49
181,116,53,49
180,112,53,49
179,109,53,49
177,106,53,49
176,104,53,49
174,103,53,49
173,102,53,49
173,102,53,49
172,101,53,49
172,101,53,49
171,100,53,49
171,100,53,49
