NaN,NaN,NaN,-1
170,76,46,52
169,75,46,52
168,75,46,52
167,75,46,52
167,75,46,52
166,75,46,52
166,74,46,52
165,74,46,52
164,73,46,52
162,73,46,52
159,72,46,52
155,71,46,52
152,70,46,52
149,69,46,52
146,67,46,52
143,66,46,52
139,65,46,52
135,64,46,52
131,63,46,52
126,62,46,52
123,61,46,52
119,60,46,52
115,58,46,52
111,58,46,52
107,57,46,52
103,58,46,52
99,58,46,52
95,59,46,52
92,60,46,52
90,62,46,52
88,63,46,52
86,65,46,52
85,67,46,52
84,68,46,52
84,69,46,52
84,70,46,52
84,70,46,52
85,71,46,52
86,73,46,52
86,75,46,52
87,77,46,52
87,80,46,52
88,84,46,52
88,87,46,52
90,90,46,52
93,92,46,52
96,95,46,52
99,97,46,52
102,100,46,52
105,101,46,52
108,103,46,52
111,104,46,52
116,104,46,52
122,104,46,52
127,103,46,52
133,103,46,52
137,103,46,52
141,103,46,52
145,103,46,52
149,103,46,52
153,103,46,52
158,103,46,52
163,103,46,52
169,103,46,52
173,103,46,52
178,103,46,52
182,104,46,52
186,105,46,52
191,106,46,52
195,108,46,52
198,110,46,52
201,112,46,52
203,115,46,52
206,117,46,52
208,119,46,52
210,121,46,52
211,123,46,52
211,126,46,52
210,129,46,52
210,131,46,52
209,133,46,52
207,136,46,52
204,138,46,52
202,141,46,52
200,142,46,52
198,143,46,52
195,143,46,52
192,144,46,52
189,145,46,52
186,144,46,52
182,144,46,52
180,143,46,52
178,141,46,52
178,138,46,52
178,134,46,52
178,129,46,52
177,124,46,52
177,120,46,52
177,115,46,52
176,112,46,52
176,108,46,52
176,104,46,52
176,100,46,52
176,95,46,52
177,91,46,52
177,87,46,52
177,85,46,52
177,85,46,52
176,85,46,52
174,86,46,52
173,87,46,52
172,88,46,52
171,90,46,52
170,90,46,52
170,91,46,52
171,91,46,52
172,91,46,52
173,92,46,52
173,92,46,52
174,92,46,52
174,92,46,52
176,92,46,52
176,93,46,52
177,93,46,52
177,93,46,52
178,92,46,52
179,92,46,52
179,91,46,52
179,88,46,52
179,86,46,52
180,83,46,52
180,80,46,52
181,77,46,52
181,72,46,52
180,68,46,52
179,65,46,52
177,61,46,52
177,58,46,52
177,54,46,52
179,49,46,52
181,45,46,52
182,41,46,52
184,38,46,52
186,36,46,52
186,34,46,52
186,34,46,52
185,33,46,52
183,33,46,52
181,33,46,52
178,34,46,52
174,35,46,52
171,36,46,52
166,41,46,52
162,44,46,52
159,48,46,52
157,51,46,52
157,54,46,52
157,57,46,52
158,61,46,52
159,64,46,52
160,68,46,52
161,72,46,52
162,75,46,52
163,79,46,52
163,82,46,52
164,85,46,52
167,87,46,52
171,89,46,52
175,91,46,52
179,93,46,52
180,94,46,52
179,94,46,52
176,93,46,52
172,91,46,52
167,90,46,52
161,88,46,52
155,86,46,52
148,84,46,52
140,82,46,52
131,79,46,52
123,77,46,52
115,75,46,52
108,73,46,52
100,70,46,52
93,69,46,52
84,68,46,52
76,67,46,52
69,66,46,52
62,65,46,52
57,65,46,52
51,66,46,52
45,68,46,52
41,71,46,52
37,74,46,52
35,77,46,52
35,81,46,52
36,84,46,52
39,86,46,52
42,89,46,52
45,92,46,52
49,96,46,52
53,102,46,52
55,107,46,52
57,112,46,52
59,118,46,52
63,124,46,52
66,129,46,52
69,134,46,52
72,137,46,52
76,139,46,52
79,141,46,52
83,143,46,52
86,144,46,52
90,146,46,52
95,147,46,52
99,148,46,52
104,150,46,52
108,154,46,52
112,158,46,52
117,163,46,52
122,168,46,52
128,172,46,52
134,176,46,52
139,179,46,52
144,181,46,52
148,181,46,52
153,180,46,52
157,179,46,52
162,177,46,52
167,175,46,52
172,173,46,52
175,169,46,52
177,166,46,52
178,163,46,52
180,159,46,52
181,156,46,52
182,154,46,52
185,151,46,52
187,149,46,52
188,147,46,52
189,145,46,52
189,143,46,52
189,142,46,52
189,141,46,52
189,139,46,52
189,137,46,52
189,134,46,52
188,130,46,52
187,126,46,52
186,122,46,52
186,118,46,52
185,114,46,52
184,110,46,52
183,107,46,52
182,104,46,52
180,102,46,52
178,101,46,52
177,100,46,52
177,99,46,52
176,99,46,52
176,98,46,52
175,98,46,52
175,97,46,52
