NaN,NaN,NaN,-1
138,16,35,140
137,16,35,140
137,16,35,140
137,17,35,140
136,17,35,140
136,18,35,140
135,18,35,140
134,19,35,140
134,19,35,140
133,20,35,140
133,20,35,140
133,21,35,140
132,22,35,140
132,22,35,140
131,22,35,140
130,22,35,140
130,22,35,140
131,21,35,140
131,21,35,140
131,20,35,140
132,20,35,140
132,20,35,140
133,20,35,140
133,20,35,140
134,20,35,140
134,20,35,140
134,20,35,140
135,21,35,140
135,21,35,140
136,21,35,140
136,22,35,140
136,22,35,140
135,23,35,140
135,23,35,140
135,23,35,140
134,24,35,140
133,24,35,140
133,24,35,140
132,24,35,140
132,24,35,140
131,24,35,140
131,24,35,140
131,24,35,140
131,24,35,140
132,25,35,140
132,25,35,140
132,25,35,140
132,26,35,140
132,27,35,140
132,27,35,140
131,27,35,140
131,27,35,140
131,27,35,140
131,27,35,140
130,26,35,140
130,26,35,140
131,26,35,140
131,26,35,140
132,25,35,140
132,25,35,140
133,25,35,140
133,25,35,140
134,25,35,140
134,25,35,140
134,25,35,140
134,25,35,140
135,25,35,140
135,25,35,140
135,25,35,140
135,26,35,140
135,26,35,140
134,26,35,140
132,26,35,140
131,26,35,140
127,25,35,140
121,24,35,140
118,23,35,140
112,22,35,140
104,19,35,140
101,18,35,140
99,16,35,140
96,14,35,140
95,13,35,140
89,10,35,140
86,8,35,140
86,7,35,140
84,6,35,140
82,5,35,140
81,5,35,140
80,4,35,140
78,2,35,140
76,1,35,140
74,1,35,140
72,1,35,140
NaN,NaN,NaN,-2
NaN,NaN,NaN,0
NaN,NaN,NaN,0
NaN,NaN,NaN,0
NaN,NaN,NaN,0
NaN,NaN,NaN,-1
113,34,54,111
113,35,54,111
112,36,54,111
111,36,54,111
109,37,54,111
123,37,54,111
123,36,54,111
125,36,54,111
119,34,54,111
113,34,54,111
117,33,54,111
128,31,54,111
133,30,54,111
132,29,54,111
136,29,54,111
133,29,54,111
132,30,54,111
134,30,54,111
135,30,54,111
125,31,54,111
126,32,54,111
126,32,54,111
127,33,54,111
131,33,54,111
132,33,54,111
133,33,54,111
133,34,54,111
132,35,54,111
131,38,54,111
131,43,54,111
132,46,54,111
133,48,54,111
133,55,54,111
134,57,54,111
134,57,54,111
141,52,54,111
143,50,54,111
126,48,54,111
115,45,54,111
115,44,54,111
134,20,54,111
134,19,54,111
138,19,54,111
136,19,54,111
140,21,54,111
142,22,54,111
143,25,54,111
141,40,54,111
138,41,54,111
102,31,54,111
NaN,NaN,NaN,-2
NaN,NaN,NaN,0
NaN,NaN,NaN,0
NaN,NaN,NaN,0
NaN,NaN,NaN,0
NaN,NaN,NaN,-1
150,89,66,89
150,89,66,89
132,84,66,89
116,81,66,89
108,80,66,89
102,77,66,89
84,74,66,89
71,72,66,89
75,72,66,89
84,72,66,89
91,71,66,89
93,71,66,89
83,71,66,89
85,71,66,89
92,71,66,89
94,70,66,89
95,69,66,89
NaN,NaN,NaN,-2
NaN,NaN,NaN,0
NaN,NaN,NaN,0
NaN,NaN,NaN,0
NaN,NaN,NaN,0
NaN,NaN,NaN,-1
153,60,65,49
150,58,65,49
148,57,65,49
150,56,65,49
143,54,65,49
141,53,65,49
140,52,65,49
134,50,65,49
133,49,65,49
131,48,65,49
131,47,65,49
129,46,65,49
124,45,65,49
122,44,65,49
122,44,65,49
121,44,65,49
120,44,65,49
120,44,65,49
119,43,65,49
118,43,65,49
117,43,65,49
115,43,65,49
112,43,65,49
112,44,65,49
108,44,65,49
106,44,65,49
107,45,65,49
