NaN,NaN,NaN,-1
140,27,31,127
139,27,31,127
139,27,31,127
139,28,31,127
138,28,31,127
138,29,31,127
137,29,31,127
136,30,31,127
136,30,31,127
135,31,31,127
135,31,31,127
135,32,31,127
134,33,31,127
134,33,31,127
133,33,31,127
132,33,31,127
132,33,31,127
133,32,31,127
133,32,31,127
133,31,31,127
134,31,31,127
134,31,31,127
135,31,31,127
135,31,31,127
136,31,31,127
136,31,31,127
136,31,31,127
137,32,31,127
137,32,31,127
138,32,31,127
138,33,31,127
138,33,31,127
137,34,31,127
137,34,31,127
137,34,31,127
136,35,31,127
135,35,31,127
135,35,31,127
134,35,31,127
134,35,31,127
133,35,31,127
133,35,31,127
133,35,31,127
133,35,31,127
134,36,31,127
134,36,31,127
134,37,31,127
134,37,31,127
134,38,31,127
134,38,31,127
133,38,31,127
133,38,31,127
133,38,31,127
133,38,31,127
132,38,31,127
132,37,31,127
133,37,31,127
134,37,31,127
134,37,31,127
135,36,31,127
135,36,31,127
136,36,31,127
136,36,31,127
137,37,31,127
137,37,31,127
138,37,31,127
138,36,31,127
138,36,31,127
139,37,31,127
139,37,31,127
139,37,31,127
138,38,31,127
136,38,31,127
135,38,31,127
131,37,31,127
126,36,31,127
123,35,31,127
117,34,31,127
111,31,31,127
108,30,31,127
104,28,31,127
103,25,31,127
102,24,31,127
104,21,31,127
108,20,31,127
105,19,31,127
104,17,31,127
101,16,31,127
100,16,31,127
98,15,31,127
97,14,31,127
97,13,31,127
94,12,31,127
91,11,31,127
88,10,31,127
82,9,31,127
NaN,NaN,NaN,-2
NaN,NaN,NaN,0
NaN,NaN,NaN,0
NaN,NaN,NaN,0
NaN,NaN,NaN,0
NaN,NaN,NaN,-1
118,44,47,103
117,44,47,103
116,45,47,103
133,45,47,103
132,44,47,103
129,43,47,103
135,42,47,103
138,42,47,103
141,40,47,103
142,38,47,103
139,38,47,103
137,37,47,103
137,37,47,103
137,37,47,103
136,37,47,103
137,38,47,103
136,38,47,103
131,39,47,103
136,40,47,103
137,40,47,103
139,41,47,103
144,40,47,103
145,40,47,103
145,40,47,103
145,42,47,103
144,42,47,103
142,46,47,103
143,52,47,103
144,55,47,103
140,55,47,103
140,62,47,103
140,64,47,103
143,64,47,103
147,59,47,103
145,58,47,103
134,55,47,103
122,53,47,103
121,51,47,103
128,40,47,103
143,33,47,103
146,32,47,103
145,31,47,103
146,33,47,103
149,35,47,103
150,37,47,103
148,52,47,103
149,55,47,103
144,72,47,103
141,77,47,103
138,77,47,103
135,77,47,103
132,77,47,103
129,77,47,103
126,77,47,103
123,77,47,103
120,77,47,103
117,77,47,103
114,77,47,103
111,77,47,103
108,77,47,103
105,77,47,103
102,77,47,103
99,77,47,103
96,77,47,103
93,77,47,103
90,77,47,103
87,77,47,103
NaN,NaN,NaN,-2
NaN,NaN,NaN,0
NaN,NaN,NaN,0
NaN,NaN,NaN,0
NaN,NaN,NaN,0
NaN,NaN,NaN,-1
164,43,34,52
171,48,34,52
157,49,34,52
157,48,34,52
169,35,34,52
168,34,34,52
172,33,34,52
170,32,34,52
174,31,34,52
176,30,34,52
178,29,34,52
180,28,34,52
181,27,34,52
182,26,34,52
185,25,34,52
184,24,34,52
183,23,34,52
182,23,34,52
181,22,34,52
179,22,34,52
178,22,34,52
178,22,34,52
177,22,34,52
176,22,34,52
175,22,34,52
172,22,34,52
169,22,34,52
168,23,34,52
165,23,34,52
163,24,34,52
162,24,34,52
