NaN,NaN,NaN,-1
142,18,31,137
141,18,31,137
141,18,31,137
141,19,31,137
140,19,31,137
140,20,31,137
139,20,31,137
138,21,31,137
138,21,31,137
137,22,31,137
137,22,31,137
137,23,31,137
136,24,31,137
136,24,31,137
135,24,31,137
134,24,31,137
134,24,31,137
135,23,31,137
135,23,31,137
135,22,31,137
136,22,31,137
136,22,31,137
137,22,31,137
137,22,31,137
138,22,31,137
138,22,31,137
138,22,31,137
139,23,31,137
139,23,31,137
140,23,31,137
140,24,31,137
140,24,31,137
139,25,31,137
139,25,31,137
139,25,31,137
138,26,31,137
137,26,31,137
137,26,31,137
136,26,31,137
136,26,31,137
135,26,31,137
135,26,31,137
135,26,31,137
135,26,31,137
136,27,31,137
135,27,31,137
135,28,31,137
136,28,31,137
136,29,31,137
136,29,31,137
135,29,31,137
135,29,31,137
135,29,31,137
135,29,31,137
134,29,31,137
134,28,31,137
135,28,31,137
135,28,31,137
136,28,31,137
136,27,31,137
137,27,31,137
137,27,31,137
138,27,31,137
138,27,31,137
139,28,31,137
139,28,31,137
139,27,31,137
139,27,31,137
139,27,31,137
140,28,31,137
140,28,31,137
139,29,31,137
138,29,31,137
136,29,31,137
133,28,31,137
128,27,31,137
125,26,31,137
119,25,31,137
114,22,31,137
111,21,31,137
107,19,31,137
104,16,31,137
103,15,31,137
105,12,31,137
108,11,31,137
100,10,31,137
100,8,31,137
97,7,31,137
97,7,31,137
96,6,31,137
95,5,31,137
94,4,31,137
91,3,31,137
88,2,31,137
85,1,31,137
82,1,31,137
79,1,31,137
NaN,NaN,NaN,-2
NaN,NaN,NaN,0
NaN,NaN,NaN,0
NaN,NaN,NaN,0
NaN,NaN,NaN,0
NaN,NaN,NaN,-1
123,37,46,111
122,37,46,111
132,37,46,111
131,37,46,111
134,36,46,111
138,34,46,111
139,34,46,111
144,32,46,111
144,31,46,111
144,31,46,111
146,30,46,111
144,30,46,111
142,30,46,111
140,30,46,111
137,31,46,111
135,31,46,111
134,32,46,111
135,34,46,111
135,36,46,111
138,38,46,111
146,35,46,111
147,35,46,111
148,34,46,111
146,36,46,111
145,36,46,111
142,40,46,111
143,46,46,111
144,49,46,111
143,55,46,111
142,60,46,111
143,62,46,111
144,65,46,111
144,68,46,111
144,69,46,111
144,69,46,111
144,69,46,111
144,69,46,111
144,69,46,111
144,69,46,111
144,69,46,111
144,69,46,111
144,69,46,111
144,69,46,111
144,69,46,111
144,69,46,111
144,69,46,111
144,69,46,111
144,69,46,111
144,69,46,111
144,69,46,111
144,69,46,111
144,69,46,111
144,69,46,111
144,69,46,111
144,69,46,111
144,69,46,111
144,69,46,111
144,69,46,111
144,69,46,111
144,69,46,111
144,69,46,111
144,69,46,111
144,69,46,111
144,69,46,111
144,69,46,111
144,69,46,111
144,69,46,111
144,69,46,111
144,69,46,111
144,69,46,111
144,69,46,111
144,69,46,111
144,69,46,111
144,69,46,111
144,69,46,111
144,69,46,111
144,69,46,111
144,69,46,111
144,69,46,111
144,69,46,111
144,69,46,111
144,69,46,111
144,69,46,111
144,69,46,111
144,69,46,111
144,69,46,111
144,69,46,111
144,69,46,111
144,69,46,111
144,69,46,111
144,69,46,111
144,69,46,111
144,69,46,111
144,69,46,111
144,69,46,111
144,69,46,111
144,69,46,111
144,69,46,111
144,69,46,111
144,69,46,111
144,69,46,111
144,69,46,111
144,69,46,111
