NaN,NaN,NaN,-1
149.9,57.376,82.037,96.069
147.7,59.812,82.497,96.797
145.4,63.265,82.55,96.842
144.84,64.074,82.532,96.442
138.06,65.718,81.982,95.788
137.02,58.839,82.125,95.892
135.82,54.264,82.142,95.748
135.46,48.563,82.297,96.013
135.96,53.404,82.614,96.263
132.17,52.974,82.426,96.261
126.29,49.363,82.638,96.353
116.73,51.994,82.251,95.662
110.43,59.961,82.993,96.329
110.62,52.02,82.773,95.982
103.99,51.923,82.524,95.704
109.55,47.003,82.3,95.824
110.89,42.098,82.293,95.843
115.83,52.115,81.85,95.124
118.17,49.449,81.44,94.683
118.53,50.322,81.469,94.514
115.29,62.254,81.069,93.751
118.9,65.689,80.733,93.336
117.25,62.456,80.948,93.531
119.94,62.901,81.28,94.098
121.31,63.235,81.428,94.434
123.06,62.402,81.428,94.685
120.75,56.145,81.375,94.489
126.25,56.113,81.732,94.756
131.46,48.322,81.087,94.399
135.11,45.088,81.074,94.298
136.69,37.872,80.932,94.398
144.66,38.895,81.328,94.982
148.98,45.142,80.952,94.688
147.42,42.76,80.74,94.41
150.56,48.856,80.933,94.668
150.43,50.898,80.969,94.857
150.68,44.225,80.932,94.871
146.75,43.204,80.405,94.237
145.52,43.206,80.02,93.611
141.76,44.329,80.233,93.827
134.61,40.482,80.244,93.871
130.13,50.356,80.704,94.594
124.35,50.248,80.59,94.566
119.21,54.767,80.764,94.599
119.05,51.868,80.703,94.671
114.2,54.505,80.875,95.088
113.81,53.117,80.696,94.632
111.35,52.354,80.496,94.289
111.31,51.42,80.239,93.786
107.3,44.797,80.442,93.637
113.45,40.455,80.534,93.595
114.35,38.471,80.536,93.483
119.26,43.281,80.315,93.128
119.61,40.243,80.104,93.062
124.27,52.251,80.496,93.681
124.84,48.332,80.288,93.515
131.51,53.314,80.089,93.391
131.06,56.613,80.11,93.597
138.64,60.453,80.119,93.748
142.73,52.799,79.929,93.376
144.78,47.891,79.898,93.308
148.07,36.534,80.076,93.541
149.53,36.703,79.686,92.953
149.19,40.606,79.299,92.371
148.58,46.297,79.26,92.29
146.49,48.471,79.182,92.4
142.91,54.139,79.009,92.134
143.66,51.87,78.862,91.946
144.5,55.54,79.017,92.274
141.85,50.581,78.756,91.965
141.06,51.295,78.859,92.134
143.35,48.222,79.032,92.298
139.74,46.754,79.372,92.911
143.78,50.505,79.591,93.318
140.01,56.403,79.688,93.316
137.76,60.325,79.469,93.324
134.02,54.565,79.062,92.975
134.62,56.679,79.012,92.856
136.26,60.879,79.333,93.101
131.43,58.065,78.615,92.027
128.72,60.684,78.595,91.921
128.05,55.558,78.435,91.647
126.16,52.626,78.356,91.514
125.93,48.426,78.14,91.127
124.54,57.223,78.828,91.868
122.63,62.463,79.296,92.635
125.69,67.399,79.736,93.121
127.34,68.779,79.608,93.278
130.46,69.324,80.179,93.831
130.16,69.466,79.94,93.553
130.01,64.337,79.786,93.189
134.07,55.263,79.601,92.879
140.07,49.843,79.52,92.851
143.24,47.52,79.732,92.999
149.32,38.237,80.281,93.539
148.64,44.845,80.312,93.256
150.56,50.583,80.258,93.293
152.78,54.147,80.453,93.787
152.5,53.888,80.374,93.957
152.06,47.623,80.214,93.729
155.34,54.197,80.601,93.771
155.8,46.01,80.719,94.13
148.89,42.619,80.54,94.006
150.98,42.873,80.449,93.842
150.68,54.08,80.651,94.116
148.65,53.601,80.645,94.454
141.69,52.697,80.736,94.742
141.22,56.541,80.87,94.832
139.59,59.26,80.58,94.757
133.21,57.475,80.319,94.315
130.62,61.53,80.674,94.465
123.73,65.541,80.49,94.399
125.87,57.49,80.746,94.644
128.25,54.434,80.764,94.623
128.86,54.205,80.769,94.539
126.95,53.316,80.723,94.442
126.01,57.061,81.117,94.963
126.66,55.02,81.036,94.891
130.37,53.689,81.272,95.296
132.37,58.629,81.191,95.221
131.41,58.087,81.098,95.18
134.13,52.46,80.993,94.964
138.3,52.387,81.044,94.693
141.32,48.635,81.597,95.513
144.57,50.506,81.815,95.464
145.91,34.297,81.702,95.387
155.37,44.616,81.524,95.135
151.72,34.219,81.382,94.964
156.17,32.743,81.543,95.086
158.84,37.184,80.783,94.099
159.31,38.212,80.838,93.962
158.36,36.906,80.848,93.911
155.98,35.564,81.049,94.154
156.81,36.349,80.728,93.759
156.26,40.007,80.497,93.555
155.92,32.4,80.295,93.249
152.97,31.945,80.646,93.503
152.44,27.431,80.97,93.862
150.21,27.674,81.623,94.777
151.32,28.07,81.213,94.274
142.39,27.871,81.417,94.21
143.45,38.63,81.271,93.871
139.92,31.146,81.102,93.64
134.1,36.147,81.443,93.834
136.58,39.479,80.95,93.168
131.81,34.421,80.57,92.528
132.02,34.761,80.282,92.335
126.07,27.603,80.051,91.687
128.09,24.454,79.497,91.329
127.31,23.963,79.512,91.242
123.5,23.619,79.312,91.078
127.33,19.072,79.343,90.998
133.35,30.225,79.185,90.813
133.11,29.856,79.056,90.766
128.71,32.69,79.481,91.068
131.4,36.589,79.436,90.796
132.86,31.618,79.267,90.998
138.31,30.91,79.741,91.612
136.37,24.674,80.54,92.652
130.38,23.332,80.143,92.374
137.87,15.482,79.872,91.829
136.17,16.356,80.598,92.785
135.37,10.322,80.67,93.141
132.6,12.445,80.31,92.781
135.95,14.238,80.477,92.958
130.06,15.024,80.526,93.056
130.03,22.048,81.045,93.633
130.44,23.437,80.829,93.702
127.75,27.004,80.661,93.485
132.95,32.068,80.653,93.423
130.37,30.61,81.056,93.844
132.18,23.506,80.778,93.812
128.85,22.094,80.826,93.735
128.43,20.348,80.898,93.632
131.21,15.174,80.691,93.231
127.02,14.949,80.907,93.503
124.04,15.559,80.525,93.023
128.53,18.648,80.719,93.249
133.27,21.065,80.803,93.297
129.46,23.306,80.724,92.988
132.31,24.383,80.762,92.788
131.78,29.409,80.463,92.389
127.25,31.918,80.574,92.323
125.43,33.388,80.662,92.396
119.73,36.81,80.148,91.789
117.26,37.294,80.589,92.602
115.64,34.96,80.932,92.983
110.43,37.323,80.529,92.261
106.83,36.588,80.514,92.276
106.31,35.928,80.421,92.03
107.14,36.37,80.32,92.002
108.08,36.947,80.261,91.791
104.86,34.51,79.838,91.457
111.32,35.811,80.038,91.789
114.63,29.981,80.25,91.878
121.93,26.289,80.552,92.225
122.22,23.842,80.594,92.541
123.29,20.045,80.383,92.176
130.33,21.109,80.788,92.644
132.72,21.071,80.676,92.42
137.84,22.641,80.221,91.466
142.72,27.874,80.228,91.736
142.34,32.306,79.905,91.498
147.97,22.983,79.624,90.963
151.91,31.091,79.214,90.299
152.54,29.935,78.64,89.801
153.58,33.138,78.219,89.256
157.27,38.615,78.213,89.24
158.48,36.971,77.759,88.594
162.04,37.919,77.449,88.1
161.11,39.745,77.366,88.052
161.74,43.404,77.585,88.071
159.05,43.368,77.535,87.722
153.62,42.683,78.253,88.607
152.76,34.052,77.77,88.185
146.01,38.79,77.552,87.895
140.79,32.311,77.486,87.874
127.62,31.567,77.825,88.225
135.12,30.323,77.514,87.993
132.81,31.098,77.016,87.43
123.61,26.946,76.45,86.529
127.65,30.016,76.65,86.938
136.21,29.741,76.191,86.511
136.65,38.362,76.134,86.619
141.31,38.483,76.077,86.705
143.01,37.895,75.609,86.353
148.62,34.188,75.65,86.259
157.48,32.762,75.625,86.281
166.89,39.875,74.996,85.475
165.18,40.818,75.438,85.988
165.1,34.62,75.198,85.802
170,32.646,75.004,85.695
172.69,40.564,75.29,86.03
173.4,40.357,74.761,85.501
165.31,40.754,74.937,85.801
166.06,41.851,74.99,85.884
170.79,47.026,75.277,86.045
167.44,50.446,75.201,85.836
165.04,47.896,75.15,85.772
166.86,56.015,75.61,86.285
165.85,54.254,74.863,85.485
164.56,48.403,74.694,85.324
172.42,48.016,74.32,84.923
173.55,45.736,74.325,84.928
174.57,47.772,74.162,84.843
175.93,50.054,73.966,84.698
177.04,51.228,74.212,84.958
175.22,51.069,74.656,85.384
175.66,50.678,74.944,85.745
176.45,52.938,75.145,85.99
170.51,49.989,75.184,85.98
169.16,42.158,75.053,85.52
169.7,41.149,75.399,85.884
165.18,35.474,75.123,85.613
163.57,37.852,75.377,86.001
159.33,29.245,74.9,85.414
162.62,27.393,74.844,85.433
157.95,29.534,75.103,85.644
161,35.963,75.028,85.5
157.99,38.8,74.738,85.073
161.52,44.605,74.687,84.992
163.35,51.558,74.231,84.301
166.1,46.912,74.004,83.842
172.11,46.485,74.106,83.972
167.15,38.48,74.168,84.309
167.59,32.964,75.274,85.568
173.86,29.216,75.085,85.371
173.69,30.956,74.709,84.973
176.41,27.881,74.248,84.714
169.74,23.856,73.918,84.385
164.63,29.451,73.354,83.838
169.23,32.239,73.936,84.506
167.69,38.192,73.78,84.525
171.33,37.573,73.544,84.411
165.01,39.814,73.288,84.134
158.47,36.7,72.644,83.409
153.12,33.785,72.99,83.702
149.66,30.824,72.802,83.361
145.49,27.499,72.812,83.285
138.26,24.89,73.07,83.533
128.23,22.248,72.541,82.782
125,19.585,72.488,82.394
125.64,22.058,72.3,82.151
121.24,29.311,72.772,82.697
120.89,32.158,72.862,82.884
122.97,38.276,72.624,82.753
122.05,39.485,72.546,82.486
126.79,39.837,72.774,82.669
132.02,37.511,72.235,82.175
138.92,39.234,72.368,82.521
139.4,35.428,72.861,82.968
148.45,33.833,72.97,83.165
148.31,35.94,72.632,82.869
148.93,35.646,73.277,83.535
143.58,34.59,73.681,84.072
139.2,31.717,73.968,84.32
136.67,29.546,73.487,84.029
127.28,32.616,73.072,83.502
121.28,33.923,73.303,84.102
116.21,30.408,72.763,83.717
109.48,28.352,72.677,83.627
105.55,22.351,72.858,83.831
99.245,16.529,72.749,83.744
93.071,14.242,72.949,83.962
92.923,13.783,73.092,84.43
91.071,12.972,73.161,84.551
87.823,19.933,73.333,84.918
90.389,26.891,73.708,85.522
86.036,31.293,72.894,84.68
83.339,35.334,72.536,84.044
77.054,35.209,73.112,84.781
69.519,38.84,72.97,84.841
60.589,35.284,73.177,85.064
58.5,31.669,73.425,85.529
58.787,27.774,73.175,85.358
59.655,22.18,73.175,85.264
62.111,21.716,73.926,86.262
64.746,25.735,73.651,85.928
68.16,25.877,73.388,85.75
74.483,34.925,73.365,85.748
73.73,36.886,72.713,84.811
74.744,36.342,72.796,84.9
81.433,40.152,72.571,84.71
87.748,40.874,72.797,84.953
89.717,36.127,72.747,84.977
92.412,30.803,73.114,85.458
102.61,24.448,73.614,86.08
110.78,16.187,73.275,85.651
119.24,10.97,73.832,86.176
126.51,10.265,73.721,85.904
129.06,14.282,73.378,85.201
133.52,21.688,72.873,84.498
133.71,24.143,72.824,84.593
134.8,25.903,72.811,84.538
139.78,27.641,73.148,84.765
136.66,25.698,73.203,84.78
133.14,21.893,73.172,84.799
135.99,21.025,73.354,85.016
133.62,17.715,73.625,85.438
135.98,16.766,73.736,85.535
137.5,15.417,73.192,84.841
137.01,19.681,73.47,84.73
136.08,21.648,73.248,84.258
134.31,19.783,73.037,84.094
137.83,19.46,73.273,84.336
134.97,21.962,73.573,84.643
132.14,20.83,74.166,85.475
138.28,21.128,74.063,85.324
136.29,15.649,74.194,85.519
142.21,12.556,74.096,85.202
147.05,10.068,73.879,85.09
153.82,12.163,73.947,84.981
152.44,17.973,74.179,85.207
153.49,23.002,73.614,84.365
151.93,32.247,73.636,84.405
152.46,36.656,73.316,83.951
152.2,39.516,73.716,84.267
146.01,35.259,73.912,84.53
149.41,28.961,74.217,84.836
147.39,24.945,74.065,84.859
155.18,22.955,74.303,85.216
157.87,20.305,73.895,84.729
162.75,25.029,74.674,85.705
161.68,29.744,74.493,85.411
156.51,32.706,74.252,85.217
146.74,35.987,74.009,84.662
145.07,35.069,73.721,84.647
135.46,37.444,73.068,83.964
129.25,29.947,73.306,84.237
122.96,25.523,73.168,84.444
122.41,20.025,72.623,83.809
124.25,16.282,73.096,84.414
129.3,19.819,72.512,83.613
128.09,20.988,73.19,84.312
126.88,27.061,72.917,83.931
126.39,28.37,73.366,84.537
128.35,27.691,72.96,83.924
122.02,27.902,72.672,83.902
116.22,31.115,72.689,83.902
115.89,27.584,72.574,83.892
119.01,26.301,72.433,83.773
124.34,20.668,72.485,83.802
125.5,22.297,72.595,83.915
135.97,27.188,72.534,84.024
138.25,28.93,72.373,83.715
148.39,29.215,72.586,84.262
153.18,26.158,72.503,84
160.78,23.064,72.2,83.572
164.62,21.279,72.295,83.432
165.76,22.066,72.238,83.419
166.2,21.155,72.294,83.45
166.9,19.942,72.159,83.281
165.4,12.809,71.822,82.966
168.69,15.664,71.809,82.95
166.42,14.314,71.326,82.352
169.58,15.516,70.898,81.991
168.69,21.612,71.064,82.374
168.08,28.547,70.863,82.43
162.27,32.846,70.984,82.468
154.12,35.56,71.291,82.638
149.44,38.278,71.237,82.544
147.26,30.067,71.309,82.793
146.79,28.139,71.856,83.543
149.94,21.937,71.929,83.568
154.38,20.283,71.425,83.147
152.59,22.68,71.561,83.09
153.81,25.516,71.665,83.455
154.82,30.991,71.71,83.313
154.43,32.692,71.663,83.318
155.96,35.454,71.316,82.765
156.88,40.108,71.345,82.915
158.51,42.493,71.174,82.747
163.38,43.166,70.79,82.41
163.4,38.047,70.387,81.917
161.38,34.829,70.678,82.639
165.18,36.546,70.569,82.461
167.19,37.637,70.268,82.13
172.23,44.095,70.044,81.938
164.42,46.202,69.743,81.595
160.66,48.273,69.665,81.55
157.12,50.283,69.488,81.223
155.9,52.007,69.435,81.244
157.26,53.363,68.99,80.71
151.35,48.505,68.821,80.67
151.84,45.287,68.981,80.828
145.69,45.529,69.209,81.34
141.85,38.705,69.131,81.319
141.93,34.88,69.635,82.07
137.07,28.127,70.705,83.464
134.98,26.682,71.465,84.338
129.31,31.58,71.549,84.327
130.65,32.785,71.412,84.268
131.04,32.978,71.354,84.442
128.9,42.293,71.562,84.7
128.53,41.996,71.405,84.612
128.9,44.819,71.253,84.375
125.56,42.998,70.477,83.64
130.37,42.216,70.346,83.553
134.72,43.181,70.39,83.537
138.39,40.773,70.273,83.22
151.03,44.475,70.306,83.319
156.38,42.965,70.141,83.061
157.87,41.554,69.847,82.831
163.11,43.112,70.015,82.889
160.52,44.821,70.082,82.954
162.74,42.054,69.839,82.49
164.37,40.419,69.567,82.241
171.07,54.529,68.8,81.349
163.58,41.514,68.373,80.667
162.62,54.039,68.499,80.898
153.27,39.928,68.178,80.279
157.13,40.024,68.315,80.551
153.27,41.672,68.023,80.172
154.13,41.629,67.336,79.399
152.6,45.447,67.922,80.011
143.23,46.737,67.916,80.013
148.36,50.544,67.51,79.765
161.14,57.861,67.197,79.737
163.88,59.702,67.431,79.899
178.41,82.294,66.891,79.01
166.23,60.376,66.756,78.886
170.24,60.863,67.349,79.679
169.41,62.783,67.386,79.694
170.07,62.372,66.971,79.165
164.98,60.127,67.004,79.229
160.04,60.623,66.849,79.159
156.78,60.597,66.996,79.232
149.7,61.684,67.305,79.648
154.03,61.334,67.402,79.575
137.65,55.962,66.728,78.745
136.77,57.699,66.862,78.694
133.6,58.026,66.775,78.369
132.08,57.861,66.865,78.565
133.01,56.47,66.442,78.168
136.21,57.585,66.842,78.693
135.62,51.16,67.152,79.056
135.46,50.883,67.686,79.669
140.07,51.059,67.182,79.103
141.11,52.215,66.956,78.806
142.07,51.492,67.091,78.793
143.29,47.365,67.057,78.876
140.07,47.026,67.292,79.281
139,47.562,67.564,79.73
138.46,45.752,67.813,80.258
135.41,43.521,67.316,79.702
140.38,45.254,67.975,80.507
135.73,42.467,67.977,80.33
136.25,41.122,67.683,79.977
135.16,38.621,67.96,80.268
139.48,38.171,67.563,79.729
147.39,49.633,67.179,79.248
144.5,38.439,67.065,79.109
139.81,40.218,67.152,79.162
139.9,43.76,66.688,78.971
137.93,39.512,66.699,78.934
131.77,38.882,67.148,79.473
122.94,35.489,66.964,79.332
127.75,44.684,66.744,79.322
127.81,42.055,66.525,79.326
131.57,41.238,65.989,78.784
136.39,41.103,66.2,78.912
137.95,35.76,66.496,79.068
138.03,33.548,66.858,79.717
143.17,33.218,66.568,79.335
146.73,35.997,66.711,79.461
144.35,34.353,66.628,79.224
152.39,39.532,66.282,78.643
155.07,36.372,65.887,78.332
152.61,32.174,66.142,78.631
156.81,30.134,66.221,78.784
154.15,23.426,66.505,79.072
158.63,25.334,66.713,79.3
158.61,27.414,67.278,80.002
157.55,37.157,67.02,79.903
150.99,38.015,66.686,79.64
149.99,42.491,67.142,80.298
137.82,42.486,67.15,80.355
132.77,45.587,67.31,80.396
123.83,42.646,67.131,80.383
124.81,44,67.27,80.562
120.21,40.489,67.403,80.674
117.94,38.274,67.368,80.734
121.26,39.006,67.54,81.148
123.62,40.963,67.839,81.528
126.2,44.079,67.749,81.367
132.08,42.365,68.365,81.952
132.68,44.13,68.784,82.319
135.22,48.196,68.892,82.661
140.35,50.848,68.934,82.434
143.84,54.599,68.802,82.259
145.63,50.879,68.789,82.062
148.48,45.439,68.694,82.157
146.82,44.934,68.8,82.273
149.31,39.318,68.946,82.324
151,40.439,69.409,82.582
149.62,47.885,69.633,82.764
150.93,48.098,69.524,82.638
148.54,41.803,69.89,83.06
147.02,40.405,70.545,83.864
147.08,35.684,70.582,83.608
142.77,28.614,70.233,83.058
145.22,25.487,70.236,83.143
133.86,41.989,70.778,83.729
130.88,43.395,71.284,84.118
131.55,27.347,71.271,84.144
128.3,29.991,70.691,83.537
123.02,33.584,70.982,83.9
123.11,37.344,71.555,84.726
123.9,34.398,71.245,84.286
123.08,31.264,71.008,84.034
122.33,37.39,71.032,84.053
121.91,34.91,70.27,83.237
124.99,29.554,70.073,83.144
127,29.23,69.725,82.689
128.47,37.568,69.51,82.475
128.55,40.444,69.433,82.407
131.38,47.39,69.57,82.374
130.28,46.518,69.35,82.095
131.07,52.086,69.608,82.244
128.21,52.817,69.95,82.683
131.08,38.712,69.829,82.489
133.5,33.767,70.017,82.43
135.87,31.631,69.499,81.934
140.14,30.434,69.295,81.518
140.46,37.582,68.741,81.265
140.03,45.53,68.46,81.143
140.75,43.763,68.874,81.619
136.6,47.554,68.386,81.207
138.68,50.718,68.58,81.528
136.07,51.601,68.503,81.413
138.39,43.301,68.738,81.593
138.85,52.272,68.966,81.742
140.23,47.083,69.472,82.505
136.81,48.076,69.547,82.804
127.72,46.651,69.51,82.747
127.74,52.761,69.696,82.923
123.63,51.662,69.807,83.05
117.27,47.416,69.532,82.723
112.67,52.24,69.928,83.091
106.44,45.853,70.336,83.76
104.39,45.479,70.162,83.5
106.88,47.703,70.157,83.603
107.39,45.45,70.395,84.052
109.03,38.014,70.293,84.03
112.94,38.859,70.221,83.928
119.26,39.95,70.201,84.025
118.17,49.18,70.334,83.988
125.66,52.948,70.441,84.363
129.93,53.506,71.007,85.007
138.77,49.143,71.262,85.465
141.56,49.815,71.49,85.607
141.01,41.179,70.958,84.949
144.37,42.969,71.216,85.286
147.48,36.754,70.932,84.636
148.15,36.708,70.597,84.047
148.57,37.384,70.378,83.816
150.75,36.963,70.284,83.696
151.06,42.311,70.261,83.777
150.1,40.96,70.101,83.556
143.68,42.768,69.811,83.065
142.82,46.512,70.305,83.294
142.06,46.047,70.396,83.418
137.76,45.829,70.12,83.194
141.11,43.634,70.905,84.096
138.53,38.88,70.932,84.249
141.26,44.311,70.803,84.217
135.09,44.081,71.741,85.504
134.53,43.04,71.421,85.178
136.92,42.852,71.398,85.076
139.44,44.351,71.147,84.739
141.26,42.025,71.102,84.624
142.53,47.363,70.974,84.566
140.13,49.09,70.951,84.483
142.27,51.069,71.116,84.457
142.05,49.084,70.873,84.21
136.65,56.333,70.512,83.625
137.27,61.707,70.506,83.49
138.27,63.345,70.902,84.024
138.44,66.806,71.12,83.898
136.46,67.561,70.953,83.843
132.65,65.83,70.677,83.801
129.38,68.3,71.149,84.393
134.25,63.815,71.019,84.438
131.21,61.445,70.609,84.194
130.75,61.157,70.876,84.36
137,58.22,71.16,84.77
138.39,56.223,71.351,85.015
141.97,59.158,70.68,84.308
146.02,61.408,70.497,83.941
147.66,62.966,70.139,83.608
150.48,64.119,69.913,83.599
150.2,59.934,69.526,83.172
151.54,52.574,69.943,83.35
149.18,52.507,69.821,83.113
148.92,53.973,69.289,82.513
142.35,51.573,68.836,82.081
142.6,51.429,68.52,81.82
136.55,56.615,68.32,81.384
130.33,58.606,68.354,81.559
125.17,59.098,68.531,81.609
121.2,62.195,68.568,81.646
117.25,62.518,68.904,82.04
113.2,63.4,68.81,81.839
115.31,60.257,69.087,82.191
109.17,57.6,69.301,82.626
107.85,56.011,69.619,83.086
111.1,55.223,69.387,82.863
115.44,53.135,69.007,82.297
118.17,56.67,69.949,83.305
121.07,62.981,69.877,83.468
126.91,64.859,70.063,83.748
131.08,71.81,69.77,83.256
136.76,72.132,69.802,83.344
139.6,68.678,69.836,83.457
149.5,68.546,70.077,83.939
153.96,64.683,69.335,83.114
156.98,68.83,69.732,83.747
158.94,70.45,69.704,83.672
161.33,71.02,69.925,84.143
161.69,78.008,70.189,84.181
159.54,74.684,70.485,84.627
156.04,72.87,69.898,83.914
150.24,73.072,69.809,83.783
149.08,73.18,69.998,84.028
148.62,70.41,70.04,84.216
145.2,69.117,69.719,83.946
143.39,69.573,69.565,83.84
144.5,71.605,69.242,83.781
141.2,69.979,68.746,83.325
140.37,71.686,69.037,83.633
136.87,70.781,69.026,83.525
134.55,74.013,69.658,84.112
133.33,71.134,69.387,83.689
131.98,70.532,69.749,84.189
133.53,72.071,69.812,84.472
131.59,70.735,69.668,84.169
134.72,66.517,70.306,84.892
136.01,61.652,69.756,84.525
139.52,64.419,69.485,84.157
144.37,65.999,70.178,84.798
149.94,68.656,70.422,84.965
153.76,70.216,71.073,85.778
152.93,71.577,71.24,86.09
157.38,72.898,71.208,85.988
156.61,73.68,71.573,86.66
158.93,72.761,71.556,86.558
161.53,67.528,71.479,86.486
161.23,67.251,71.409,86.255
160.44,66.512,71.296,85.765
158,69.663,70.69,84.809
162.8,65.658,70.68,84.985
169.55,58.342,70.819,85.048
168.59,60.123,71.378,85.809
175.49,57.644,71.552,86.096
174.6,61.264,71.296,85.773
175.75,56.368,71.311,85.804
176.14,46.824,71.959,86.817
174.92,45.663,71.631,86.645
173.02,43.878,71.044,85.99
169.96,46.889,70.445,85.478
173.47,56.977,70.07,85.204
177.62,72.465,70.073,85.241
170.88,68.917,69.894,85.084
170.54,70.417,69.858,84.852
170.83,71.085,69.693,84.579
172.16,72.998,69.526,84.369
166.95,72.36,69.833,84.605
167.54,71.47,70.117,84.895
164.41,67.382,70.25,85.269
161.47,69.081,69.968,84.948
160.57,62.354,69.532,84.33
159.24,59.161,68.969,83.631
157.88,55.64,69.105,83.991
161.54,55.971,69.459,84.144
166.27,55.927,69.566,84.201
171.89,61.236,69.244,83.634
169.65,64.63,68.859,83.318
174.15,68.042,68.877,83.071
177.3,68.427,68.878,83.063
178.47,66.523,69.218,83.575
178.4,64.38,69.636,83.934
174.12,64.984,69.183,83.621
171.78,61.969,69.072,83.679
172.38,57.856,68.973,83.471
170.48,58.368,69.006,83.487
165.56,64.752,68.33,82.595
168.27,69.296,68.538,83.024
166.32,71.149,68.848,83.417
160.4,70.313,68.743,83.231
158.08,69.893,68.723,83.008
152.36,68.873,68.325,82.411
151.52,65.921,67.403,81.49
149.56,65.888,67.429,81.607
145.14,63.515,67.629,81.977
142.77,60.787,67.647,81.969
142.76,61.248,68.484,83.009
137.36,66.596,68.696,83.248
140.73,63.977,68.171,82.786
137.18,65.632,68.058,82.655
142.65,66.353,67.752,82.318
150.4,65.724,67.661,82.292
155.22,66.839,67.485,82.114
157.77,63.956,67.691,82.556
162.5,63.327,67.497,82.166
164.05,63.819,67.684,82.36
168.46,60.867,67.891,82.558
170.25,64.695,67.997,82.642
170.04,67.148,68.183,82.692
169.71,68.901,68.508,83.007
169.72,72.383,68.143,82.739
170.07,75.897,67.828,82.558
169.71,78.195,68.228,82.825
167.55,79.988,67.907,82.469
163.36,77.804,68.398,83.038
158.62,76.115,68.671,83.453
158.35,71.517,68.032,82.614
152.33,68.349,67.371,82.025
151.01,70.824,67.587,82.413
143.74,71.328,67.162,81.988
144.1,72.739,67.169,82.087
142.2,74.265,67.303,82.241
141.58,72.803,67.621,82.814
139.03,71.87,67.238,82.602
137.21,72.535,67.171,82.502
137.34,74.522,66.752,81.854
133.67,70.719,66.759,81.923
131.32,71.014,66.924,82.23
128.37,72.574,66.648,81.977
127.05,70.055,66.941,82.228
