NaN,NaN,NaN,-1
337,179,53,50
336,178,53,50
334,177,53,50
332,176,53,50
331,176,53,50
329,175,53,50
328,174,53,50
326,173,53,50
324,172,53,50
323,172,53,50
321,171,53,50
320,170,53,50
318,169,53,50
317,169,53,50
316,168,53,50
315,167,53,50
314,167,53,50
313,166,53,50
311,165,53,50
310,164,53,50
308,163,53,50
307,161,53,50
306,160,53,50
305,159,53,50
304,157,53,50
303,156,53,50
302,154,53,50
301,152,53,50
301,150,53,50
301,148,53,50
301,146,53,50
301,144,53,50
301,142,53,50
301,138,53,50
300,136,53,50
300,133,53,50
300,131,53,50
301,130,53,50
302,129,53,50
302,128,53,50
301,126,53,50
301,125,53,50
301,124,53,50
301,123,53,50
301,122,53,50
301,121,53,50
301,119,53,50
300,117,53,50
300,116,53,50
300,115,53,50
300,114,53,50
300,113,53,50
301,112,53,50
301,111,53,50
303,111,53,50
304,110,53,50
306,110,53,50
308,109,53,50
310,109,53,50
312,108,53,50
306,104,53,50
306,103,53,50
307,103,53,50
308,102,53,50
309,101,53,50
309,100,53,50
310,100,53,50
311,100,53,50
311,99,53,50
311,99,53,50
311,98,53,50
312,98,53,50
312,97,53,50
313,96,53,50
314,95,53,50
315,94,53,50
316,93,53,50
317,92,53,50
317,91,53,50
318,90,53,50
319,89,53,50
320,87,53,50
321,86,53,50
322,86,53,50
324,86,53,50
324,85,53,50
324,84,53,50
325,82,53,50
327,79,53,50
328,79,53,50
328,80,53,50
328,80,53,50
327,80,53,50
327,79,53,50
327,79,53,50
327,78,53,50
327,77,53,50
328,77,53,50
328,76,53,50
328,75,53,50
328,74,53,50
327,73,53,50
328,72,53,50
327,72,53,50
326,72,53,50
326,72,53,50
326,72,53,50
326,72,53,50
326,72,53,50
326,72,53,50
326,72,53,50
326,72,53,50
326,72,53,50
327,73,53,50
326,74,53,50
326,74,53,50
326,74,53,50
327,75,53,50
327,75,53,50
327,75,53,50
326,75,53,50
325,75,53,50
324,76,53,50
323,75,53,50
323,76,53,50
323,76,53,50
323,76,53,50
324,75,53,50
325,75,53,50
326,74,53,50
326,73,53,50
325,73,53,50
326,74,53,50
326,75,53,50
326,77,53,50
326,78,53,50
325,79,53,50
322,81,53,50
321,82,53,50
320,83,53,50
320,83,53,50
320,84,53,50
320,84,53,50
320,84,53,50
320,84,53,50
320,84,53,50
320,85,53,50
320,86,53,50
320,86,53,50
320,87,53,50
320,87,53,50
319,87,53,50
318,87,53,50
316,86,53,50
315,86,53,50
315,87,53,50
315,87,53,50
316,87,53,50
317,87,53,50
317,88,53,50
316,89,53,50
313,91,53,50
311,93,53,50
310,93,53,50
309,94,53,50
309,95,53,50
309,96,53,50
310,97,53,50
311,97,53,50
312,96,53,50
313,96,53,50
313,96,53,50
312,96,53,50
312,96,53,50
311,96,53,50
311,97,53,50
310,99,53,50
309,101,53,50
308,102,53,50
307,104,53,50
305,105,53,50
304,105,53,50
305,104,53,50
305,104,53,50
304,102,53,50
304,101,53,50
306,98,53,50
308,94,53,50
319,95,53,50
322,93,53,50
327,91,53,50
332,90,53,50
NaN,NaN,NaN,-2
NaN,NaN,NaN,0
NaN,NaN,NaN,0
NaN,NaN,NaN,0
NaN,NaN,NaN,0
NaN,NaN,NaN,-1
257,145,75,57
256,147,75,57
255,149,75,57
255,152,75,57
255,154,75,57
255,154,75,57
255,155,75,57
255,157,75,57
254,158,75,57
254,160,75,57
254,162,75,57
254,163,75,57
253,165,75,57
253,166,75,57
252,167,75,57
251,168,75,57
251,168,75,57
250,169,75,57
250,169,75,57
249,170,75,57
249,170,75,57
249,170,75,57
248,171,75,57
248,171,75,57
247,171,75,57
246,172,75,57
246,172,75,57
245,172,75,57
244,172,75,57
