NaN,NaN,NaN,-1
224.79,90.018,43.331,45.238
226.28,93.171,43.229,45.103
224.89,91.671,43.325,45.227
225.56,91.194,43.307,45.143
224.8,92.358,43.24,45.226
222.83,92.342,43.686,45.777
220.81,90.122,43.181,45.203
220.61,92.564,43.296,45.37
220.23,93.073,43.05,45.111
219.87,94.396,43.235,45.177
215.91,94.308,42.675,44.514
215.07,95.65,42.6,44.407
213.5,96.18,42.614,44.475
209.07,94.786,42.992,44.902
205.01,95.825,42.941,44.749
202.56,94.782,43.157,45.07
198.77,95.543,43.484,45.515
196.15,95.029,43.635,45.737
191.9,94.07,44.106,46.21
185.56,94.547,44.1,46.129
181.49,95.133,44.458,46.455
173.86,84.347,44.007,45.999
168.73,83.75,44.086,46.124
163.17,86.068,44.298,46.372
155.82,81.968,44.627,46.718
147.56,89.982,45.108,47.337
137.88,86.059,45.051,47.399
125.02,91.506,45.305,47.601
112.98,94.852,45.065,47.504
100.5,98.2,44.944,47.321
92.298,111.79,45.551,47.966
74.443,101.69,45.253,47.758
65.359,106.53,45.451,47.988
55.251,109.66,45.242,47.872
52.537,110.82,44.823,47.268
44.403,116.38,45.301,47.938
38.529,120.52,45.538,48.219
34.546,119.02,45.418,48.014
39.538,120.01,45.836,48.475
39.323,122.7,45.586,48.177
45.435,131.67,46.114,48.653
54.277,142.98,46.572,48.974
55.923,145.21,46.768,49.29
64.061,147.09,46.929,49.602
73.529,146.25,47.08,49.976
89.351,144.35,47.172,50.125
92.846,135.6,47.456,50.34
98.589,129.61,47.4,50.41
111.65,117.51,46.669,49.46
126.48,108.15,46.67,49.541
130.06,102.79,46.495,49.38
134.32,100.4,46.552,49.426
135.49,93.979,47.04,49.888
143.73,88.544,46.876,49.832
153.01,84.095,46.433,49.549
159.39,81.121,46.348,49.454
167.33,82.028,45.786,48.913
171.28,71.989,46.145,49.18
172.39,68.506,45.823,48.916
175.39,66.469,46.09,49.24
181.63,67.95,46.497,49.785
186.31,52.41,46.513,49.79
188.39,49.708,46.346,49.583
202.82,51.445,46.531,49.573
207.74,48.191,46.558,49.614
214.79,46.262,46.734,49.785
219.98,52.268,46.66,49.744
223.61,52.185,46.723,49.584
227.19,54.915,47.095,49.972
229.31,56.87,46.808,49.558
259.05,70.786,47.05,49.782
262.09,76.037,46.917,49.688
262.08,71.84,46.682,49.557
258.82,72.974,46.496,49.241
225.68,64.091,46.201,48.982
226.82,69.353,45.957,48.754
227.96,70.578,45.941,48.625
227.72,69.227,45.72,48.357
229.81,73.274,45.642,48.183
230.92,79.395,45.048,47.568
232.34,85.055,44.852,47.474
233.17,91.865,44.952,47.526
238.2,96.09,45.465,48.152
239.67,97.818,45.151,47.87
241.27,99.559,44.935,47.508
241.76,110.5,44.781,47.502
245.73,119.22,44.774,47.518
249.28,124.59,45.008,47.602
253.55,129.23,44.894,47.365
251.35,136.56,44.791,47.347
250.4,143.57,44.759,47.378
247.46,145.15,44.9,47.582
242.25,136.79,44.866,47.587
238.2,135.07,44.925,47.527
236.04,132.59,45.179,47.872
232.52,127.7,44.8,47.594
230.87,123.82,44.666,47.517
223.29,117.66,44.135,46.862
220.74,106.24,44.765,47.525
213.11,98.455,44.874,47.693
205.6,99.544,45.052,47.988
199.32,99.104,44.599,47.506
187.04,100.09,44.807,47.666
177.04,107.75,44.306,47.226
171.78,127.06,44.272,47.269
163.65,116.62,44.172,47.066
155.65,116.19,44.12,47.117
143.11,115.91,44.191,47.038
133.32,114.17,44.045,46.762
123.52,109.22,44.214,47.029
108.34,114.47,44.312,47.221
116.49,98.56,44.039,46.847
122.36,101.92,43.887,46.668
121.52,93.706,44.348,47.191
120.29,79.209,44.428,47.249
122.78,74.36,44.414,47.261
126.4,68.124,44.238,47.27
129.22,62.432,44.735,47.682
129.52,59.012,44.627,47.498
132.71,58.28,44.454,47.293
134.06,55.91,44.132,47.027
135.4,59.347,44.114,47.052
136.57,54.718,42.987,45.821
138.17,56.617,43.463,46.32
139.58,56.757,43.613,46.417
143.25,59.399,43.992,46.855
144.37,58.156,43.106,45.832
147.65,55.034,42.645,45.314
153.48,57.579,42.223,44.888
157.08,55.265,42.805,45.503
160.98,56.061,42.993,45.744
160.99,53.293,42.515,45.168
161.13,53.652,42.629,45.199
162.98,51.464,42.576,45.361
168.46,52.487,42.434,44.99
173.09,55.557,42.492,45.083
176.59,57.344,42.567,45.096
177.16,57.788,42.676,45.265
177.2,52.667,42.862,45.309
209.51,22.526,42.929,45.276
212.95,30.091,42.627,44.908
212.08,31.959,42.674,45.221
210.79,25.686,42.343,44.919
212.38,30.437,42.244,44.831
212.24,34.318,42.822,45.376
210.41,21.934,42.521,45.001
NaN,NaN,NaN,-2
NaN,NaN,NaN,0
NaN,NaN,NaN,0
NaN,NaN,NaN,0
NaN,NaN,NaN,0
NaN,NaN,NaN,-1
128.55,100.71,52.198,65.315
115.09,108.18,51.956,65
106.43,113.35,52.317,65.514
102.1,115.86,52.398,65.619
93.958,117.24,52.79,65.993
94.112,118.49,52.926,66.261
95.456,120.32,52.923,66.222
94.033,119.57,52.969,66.26
94.671,121.99,53.02,66.278
94.789,124.07,53.017,66.277
94.263,122.07,53.18,66.504
93.901,118.25,52.789,66.019
94.763,112.33,52.521,65.796
94.975,113.55,53.082,66.53
97.638,112.77,52.956,66.288
91.436,113.69,53.188,66.637
93.953,114.63,53.444,66.758
94.503,118.1,53.545,66.97
93.032,119.15,53.367,66.856
90.191,119.24,52.825,66.13
NaN,NaN,NaN,-2
NaN,NaN,NaN,0
NaN,NaN,NaN,0
NaN,NaN,NaN,0
NaN,NaN,NaN,0
NaN,NaN,NaN,-1
36.974,126.53,61.369,57.299
35.992,124.59,61.462,57.305
36.873,125.14,61.701,57.379
54.644,133.57,61.41,57.259
60.723,135.09,61.743,57.774
60.522,130.02,62.517,58.382
60.903,133.35,62.273,58.026
62.758,131.24,62.629,58.497
68.427,129.41,63.408,59.023
71.894,129.16,63.339,58.985
77.778,126.88,63.35,58.907
76.988,127.28,63.592,59.171
65.315,130.75,63.558,59.2
65.385,130.96,63.342,58.907
68.675,130.58,62.566,58.225
70.808,130.56,62.221,57.85
71.331,132.06,61.931,57.656
70.286,132.77,61.576,57.304
68.096,130.72,61.164,56.963
67.537,132.12,61.396,57.336
65.966,132.77,61.775,57.719
64.669,131.57,61.631,57.759
64.848,130.1,60.854,56.942
66.755,132.17,60.958,56.88
67.588,133.53,60.866,56.933
67.311,131.26,61.023,56.956
66.915,133.35,60.954,56.809
69.355,134.24,61.006,56.591
66.013,134.33,61.385,57.09
69.827,134.93,61.199,56.644
NaN,NaN,NaN,-2
NaN,NaN,NaN,0
NaN,NaN,NaN,0
NaN,NaN,NaN,0
NaN,NaN,NaN,0
NaN,NaN,NaN,-1
169.59,116.47,48.318,51.255
173.13,113.28,48.479,51.356
180.4,112.92,48.096,50.909
184.61,111.95,47.999,50.69
186.72,105.9,47.688,50.445
190.23,103.93,48.164,50.854
195.03,98.345,48.098,50.856
198.88,98.55,48.316,51.02
201.79,97.502,48.799,51.565
204.27,95.83,49.246,52.009
207.98,98.775,49.133,52.047
208.1,97.571,49.468,52.401
218.96,100.12,49.48,52.473
220.03,106.73,49.24,52.079
220.01,107.9,49.177,51.993
218.53,109.52,49.214,51.994
219.53,120.25,48.987,51.776
219.86,120.85,48.844,51.57
219.34,120.7,48.563,51.306
219.54,124.13,48.461,51.194
220.68,118.41,48.23,50.837
220.3,120.36,48.442,51.047
220.16,127.47,48.402,51.129
220.39,127.74,48.706,51.459
218.41,135.83,48.866,51.665
219.16,140.76,48.539,51.334
220.96,143.74,48.962,51.874
220.7,148.96,49.538,52.519
225.08,151.12,49.309,52.472
