NaN,NaN,NaN,-1
333.99,164.95,28.286,58.972
332.4,163.17,28.957,58.204
329.61,163.88,31.232,56.848
326.22,163.02,31.48,57.589
316.97,165.37,25.08,58.228
314.7,161.31,24.128,60.923
313.94,159.72,22.685,64.009
NaN,NaN,NaN,-2
NaN,NaN,NaN,0
NaN,NaN,NaN,0
NaN,NaN,NaN,0
NaN,NaN,NaN,0
NaN,NaN,NaN,-1
326.16,159.11,25.564,65.815
330.09,162.57,26.819,54.992
331.55,161.38,25.227,61.718
332.01,160.76,26.713,59.7
331.31,160.52,29.75,57.757
332.41,160.64,27.994,53.781
333.97,159.75,26.915,53.414
333.76,158.68,25.354,52.171
331.5,149.24,28.085,52.002
331.47,156.37,24.25,56.206
328.54,153.48,26.904,52.066
329.58,155.53,28.927,56.465
345.76,146.4,28.531,51.353
341.83,149.22,28.218,50.699
334.09,127.35,30.035,45.231
338.61,123.2,29.569,48.048
338.69,118.32,30.07,53.3
325.65,120.74,32.049,59.469
316.82,113.4,35.478,62.005
302.99,97.745,33.436,69.311
300.49,97.452,37.857,63.074
304.43,104.38,38.512,65.493
306.54,111.9,38.685,63.736
323.37,114.62,35.846,61.017
317.1,118.11,37.714,65.828
312.86,110.32,30.553,63.527
NaN,NaN,NaN,-2
NaN,NaN,NaN,0
NaN,NaN,NaN,0
NaN,NaN,NaN,0
NaN,NaN,NaN,0
NaN,NaN,NaN,-1
330.92,150.21,24.056,59.538
331.07,155.34,26.185,57.951
327.74,154.15,27.533,60.318
332.72,159.78,27.486,56.698
331.15,161.67,25.776,50.101
326.38,158.69,28.471,52.014
326.5,157.93,29.254,54.768
323.38,158.06,33.059,53.804
323.02,158.2,31.716,53.835
326.97,158.93,32.656,54.133
326.68,157.29,33.301,56.955
325.56,157,36.616,57.467
322.48,159.99,37.664,52.481
323.97,163.67,36.266,48.954
326.18,166.59,35.199,44.738
320.28,169.41,35.646,38.649
320.66,170.77,35.159,38.375
333.03,175.43,32.468,35.515
326.88,172.34,30.939,37.864
325.04,156.03,27.987,36.683
325.03,155.09,24.774,39.799
319.87,162.39,26.071,42.249
318.68,184.32,25.028,43.853
305,182.95,26.365,41.244
298.42,197.83,26.989,45.041
303.94,199.35,26.512,45.396
300.55,195.15,29.502,49.787
308.75,194.61,28.325,54.834
307.76,188.67,28.958,61.06
301.34,186.61,29.853,61.928
298.77,186.39,32.242,62.125
305.13,171.29,31.15,59.443
303.59,170.45,30.157,60.265
302.91,171.77,32.396,59.321
318.88,159.42,33.896,57.435
319.47,158.8,34.112,58.909
310.26,153.83,29.293,60.341
322.82,149.24,26.642,58.965
315.06,156.41,27.498,63.145
320.74,153.99,26.928,63.449
321.78,148.41,27.355,61.545
321.65,149.13,28.481,64.578
321.46,147.83,26.729,65.136
324.22,151.65,25.788,70.205
324.68,149.1,23.008,70.027
326.5,160.51,21.983,62.693
330.39,160.88,20.258,55.958
330.33,162.02,21.287,51.674
326.98,161.31,20.312,55.676
331.95,164.25,21.351,50.343
329.39,159.49,21.332,53.619
330.91,159.59,19.107,53.81
335.14,161.16,18.202,51.88
333.78,169.65,18.074,48.742
339.8,163.83,21.18,52.152
332.14,168.48,21.004,48.744
334.72,169.62,19.451,42.197
334.52,170.07,20.639,41.473
333.08,173.35,22.288,37.796
343.66,175.7,24.135,39.011
339.62,177.22,21.387,35.648
344.58,177.74,22.202,36.428
355.33,185.39,19.715,30.198
357.93,182.29,18.371,29.455
352.75,185.21,19.961,29.932
356.28,186.42,18.754,28.728
345.42,184.22,16.441,28.75
348.65,183.03,15.599,29.479
350.29,189.62,13.774,29.565
359.49,184.11,13.881,30.554
364.19,188.35,15.212,27.326
366.09,181.75,14.022,27.562
363.06,184.75,14.965,30.349
369.76,180.2,14.603,29.036
368.63,185.95,14.386,28.903
366.68,188.2,14.94,26.957
362.51,187.1,14.977,27.32
362.02,184.49,14.956,31.748
362.9,184.07,16.446,31.227
NaN,NaN,NaN,-2
NaN,NaN,NaN,0
NaN,NaN,NaN,0
NaN,NaN,NaN,0
NaN,NaN,NaN,0
NaN,NaN,NaN,-1
377,161.87,25.048,60.035
377.19,162.1,25.067,60.324
378.24,180.29,25.507,63.065
378.03,180.28,25.278,62.903
380.57,181.66,26.114,62.492
383.8,182.17,26.089,63.015
403.17,186.83,25.775,62.666
NaN,NaN,NaN,-2
NaN,NaN,NaN,0
NaN,NaN,NaN,0
NaN,NaN,NaN,0
NaN,NaN,NaN,0
NaN,NaN,NaN,-1
398.06,166.57,25.406,62.058
404.6,164.47,25.937,65.952
406.06,164.12,27.684,68.92
408.43,164.24,23.064,67.374
410.37,165.16,21.185,66.45
418.02,158.94,21.002,61.499
421.57,158.66,22.186,62.962
420.88,156.4,23.508,66.419
420.98,158.07,21.495,67.747
421.35,161.39,21.467,62.546
430.83,157.01,20.53,63.804
418.58,168.78,20.737,70.742
415.56,161.98,22.993,65.342
415.58,159.83,22.827,67.577
416.84,160.57,22.81,67.669
419.39,160.83,18.835,67.141
425.82,150.01,18.627,70.14
425.86,150.76,17.944,68.355
425.65,148.86,16.184,72.716
426.85,149.18,16.87,73.484
430.2,149.38,17.422,78.811
431.74,151.87,19.157,71.473
429.83,166.92,19.682,62.655
436.61,166.66,20.213,64.053
447.96,165.37,19.953,67.646
450.7,165.06,18.635,66.044
459.39,159.77,17.203,67.508
463.25,152.71,16.935,68.254
466.05,162.94,17.669,55.956
462.6,166.2,17.239,53.776
469.61,167.69,16.092,53.802
469.86,168.36,15.954,55.787
468.69,163.03,16.481,58.581
475.52,165.93,14.956,55.858
475.42,161.22,15.631,60.769
475.67,160.43,16.747,59.912
474.84,154.48,16.813,66.294
472.89,156.16,18.172,57.831
476.76,151.79,17.545,56.363
477.96,152.42,18.853,56.699
478.8,154.45,20.514,57.611
476.4,165.65,20.726,50.332
478.44,170.89,19.653,46.945
478.26,169.28,18.197,51.602
473.11,159.05,18.774,48.353
473.75,176.87,16.837,48.539
486.73,170.31,18.072,48.748
476.77,172.3,16.701,45.551
487.67,174.28,17.73,44.46
472.21,172.86,17.29,44.33
469.51,165.89,17.66,48.053
465.34,173.47,16.968,49.423
464.06,174.01,15.828,47.528
465.1,173.09,15.708,51.03
458.79,176.19,14.832,48.911
459.64,176.84,14.38,52.121
459.69,175.31,12.507,57.351
461.63,169.42,12.538,53.686
466.94,162.94,13.207,59.501
467.32,163.33,11.997,53.723
464.8,159.07,12.019,54.918
469.78,152.21,10.863,56.267
471.12,155.85,10.754,53.678
466.21,157.4,10.7,56.148
465.43,160.73,9.1944,48.713
464.69,157.78,9.6066,49.371
465.25,148.7,9.2138,54.044
463.25,153.88,9.9913,59.443
460.01,154.03,10.993,66.079
458.48,152.86,10.84,63.56
461.07,153.16,11.049,59.354
461.48,152.35,10.033,64.495
469.02,161.85,9.4427,61.473
462.4,178.09,10.22,66.876
461.39,177.66,11.817,72.604
457.99,178.7,11.128,78.589
453.47,183.92,11.327,81.755
469.7,181.77,11.036,80.015
476.9,177.09,9.4303,77.709
NaN,NaN,NaN,-2
NaN,NaN,NaN,0
NaN,NaN,NaN,0
NaN,NaN,NaN,0
NaN,NaN,NaN,0
NaN,NaN,NaN,-1
456.26,147.48,24.212,59.679
455.2,145.29,22.943,60.83
455.33,143.98,24.456,64.925
458.07,144.06,24.871,64.132
458.92,143.8,26.661,61.691
460.79,142.52,28.667,60.17
464,141.36,29.487,61.065
470.51,142.11,26.258,60.485
476.59,137.5,23.481,68.924
477.59,127.67,21.978,79.704
495.01,134.71,24.657,80.158
504.48,131.54,24.172,77.959
508.03,126.91,23.054,71.713
492.29,120.03,23.71,74.329
494.35,114.88,25.665,75.41
NaN,NaN,NaN,-2
NaN,NaN,NaN,0
NaN,NaN,NaN,0
NaN,NaN,NaN,0
NaN,NaN,NaN,0
NaN,NaN,NaN,-1
534.6,124.48,21.818,59.455
535.08,123.4,22.753,60.873
535.11,122.28,21.122,60.494
533.29,119.41,18.791,63.084
532.17,117.87,18.188,64.538
530.71,119.32,18.295,59.497
528.02,119.21,19.539,58.239
524.44,118.1,21.246,60.364
523.14,116.68,21.688,60.468
519.42,115.93,22.016,60.107
519.03,117.23,21.858,57.341
514.6,119.79,24.012,53.351
512.19,122.55,21.846,49.893
510.8,122.32,20.678,44.501
513.04,123.69,20.316,47.208
506.62,118.05,21.078,49.033
502.97,114.86,22.562,52.832
501.14,112.71,21.996,54.076
501.37,112.95,21.407,52.04
497.66,110.63,22,54.504
494.44,107.14,23.85,53.283
493.83,106.64,24.187,55.158
491.45,106.87,22.972,50.103
488.93,105.66,22.344,53.191
487.83,101.97,22.417,56.456
488.63,97.897,22.976,56.28
486.68,96.881,23.395,53.822
488.31,95.955,23.159,56.058
487.69,94.241,21.197,49.384
488.01,96.111,17.905,51.138
493.35,95.046,17.602,49.834
489.17,96.076,18.252,48.513
488.25,91.983,19.16,51.032
489.49,88.802,19.297,49.409
489.04,88.153,17.962,44.756
475.25,91.951,16.508,44.322
484.43,115.79,16.642,47.859
485.48,113,16.018,47.314
488.51,108.27,14.501,42.418
495.28,90.876,15.355,43.79
499.44,86.421,14.213,45.553
497.12,86.33,13.647,49.698
502.16,85.576,13.664,53.499
498.33,85.072,12.666,55.198
494.57,84.581,13.856,55.505
494.23,83.545,14.96,55.919
490.96,88.688,13.695,53.539
488.46,86.781,15.365,54.505
485.94,88.249,17.898,53.419
483.47,91.761,17.571,56.709
478.44,85.478,18.25,57.16
476.67,85.913,17.351,59.945
472.17,83.443,17.546,62.966
467.03,84.395,17.034,62.581
464.13,84.924,16.323,65.941
460.75,90.87,15.703,56.846
475.17,90.839,14.463,61.227
458.56,91.551,15.157,66.944
448.4,83.292,14.836,64.163
449.54,92.822,15.228,62.315
444.66,82.461,13.453,68.794
444.43,91.96,12.21,67.992
440.49,92.955,11.624,64.689
439.37,92.532,10.518,67.263
440.59,90.633,11.118,70.156
438.49,91.824,10.566,66.765
434.62,79.425,10.89,78.112
439.48,82.923,10.91,75.474
440.78,80.462,11.154,70.801
435.33,79.837,11.86,77.168
435.96,81.838,12.921,79.705
435.06,79.726,13.443,88.117
437.32,79.267,14.041,95.895
444.84,78.792,13.699,100.3
446.4,81.79,12.343,99.265
NaN,NaN,NaN,-2
NaN,NaN,NaN,0
NaN,NaN,NaN,0
NaN,NaN,NaN,0
NaN,NaN,NaN,0
NaN,NaN,NaN,-1
414.67,93.636,27.545,60.087
412.42,93.022,27.958,60.415
412.39,92.115,28.112,63.206
410.13,94.404,27.697,63.119
410.53,90.958,26.972,70.499
410.46,88.888,26.837,75.24
407.82,87.864,29.45,80.397
403.3,87.812,26.758,80.595
401.5,87.517,26.594,81.78
400.03,91.366,28.727,79.695
395.81,90.923,26.921,79.373
394.74,90.428,26.752,81.429
391.54,86.445,27.668,90.343
387.21,93.536,25.719,75.412
394.41,102.15,25.571,75.551
399.76,109.23,27.234,75.839
NaN,NaN,NaN,-2
NaN,NaN,NaN,0
NaN,NaN,NaN,0
