NaN,NaN,NaN,-1
335.71,162.82,26.131,62.903
333.93,161.82,26.614,61.428
330.1,161.29,31.07,64.387
324.91,162.14,29.634,62.873
314.8,160.89,29.137,63.097
309.84,159.77,29.557,63.939
309.12,158.32,28.471,67.383
NaN,NaN,NaN,-2
NaN,NaN,NaN,0
NaN,NaN,NaN,0
NaN,NaN,NaN,0
NaN,NaN,NaN,0
NaN,NaN,NaN,-1
330.19,161.7,20.482,57.38
328.85,161.3,20.635,58.114
335.35,156.9,18.578,55.406
336.46,156.74,19.715,60.03
337.67,156.5,21.336,60.81
337.27,157.14,21.824,57.115
336.39,158.27,23.489,56.09
336.16,158.59,22.171,51.406
NaN,NaN,NaN,-2
NaN,NaN,NaN,0
NaN,NaN,NaN,0
NaN,NaN,NaN,0
NaN,NaN,NaN,0
NaN,NaN,NaN,-1
325.22,146.59,28.069,61.439
318.99,137.52,28.661,74.71
317.69,137.11,27.318,74.183
317.84,126.26,29.811,86.33
310.82,131.83,28.423,76.136
303.51,118.32,29.787,90.592
300.8,115.87,33.411,95.942
NaN,NaN,NaN,-2
NaN,NaN,NaN,0
NaN,NaN,NaN,0
NaN,NaN,NaN,0
NaN,NaN,NaN,0
NaN,NaN,NaN,-1
336.42,148.4,24.343,63.693
330.4,153.52,23.444,59.327
325.92,154.67,25.153,57.459
320.62,152.65,27.829,53.341
316.92,155.95,24.789,55.639
NaN,NaN,NaN,-2
NaN,NaN,NaN,0
NaN,NaN,NaN,0
NaN,NaN,NaN,0
NaN,NaN,NaN,0
NaN,NaN,NaN,-1
336.09,150.45,25.325,61.493
334.93,150.84,26.712,58.516
335.51,152.86,25.911,56.512
333.76,152.9,24.192,55.301
334.12,155.33,23.438,52.054
335.41,157.98,22.463,49.06
334.88,159.04,22.682,48.665
337.11,158.06,23.109,50.012
337.81,155.42,21.921,52.645
336.71,155.4,23.381,52.09
326.1,160.61,23.341,51.754
333.38,151.64,23.122,55.989
332.62,147.9,25.223,60.961
328.21,150.1,23.303,60.177
327.67,150.49,20.598,58.03
324.78,150.02,21.427,57.719
321.48,151.28,22.258,62.246
321.43,155.24,18.628,51.811
325.26,157.7,17.651,49.847
325.98,158.89,17.455,48.843
314.35,169.56,18.194,53.349
NaN,NaN,NaN,-2
NaN,NaN,NaN,0
NaN,NaN,NaN,0
NaN,NaN,NaN,0
NaN,NaN,NaN,0
NaN,NaN,NaN,-1
322.22,153.04,24.556,54.814
321.78,149.6,26.225,58.704
322.28,148.63,28.297,60.858
326.18,150.37,26.982,60.529
323.77,149.44,29.33,61.385
325.18,150.35,28.664,61.268
325.81,149.7,29.516,62.369
322.72,149.6,28.512,61.395
322.44,149.04,29.19,61.991
326.05,148.76,25.937,63.171
325.48,149.96,26.416,61.86
325.7,152.93,25.932,57.777
326.34,151.53,30.106,60.727
328.63,150.88,29.95,60.31
328.44,152.55,31.052,54.278
328.97,150.51,31.551,60.779
336.27,149.23,27.179,63.251
338.95,151.19,27.181,61.592
335.48,149.28,30.147,62.826
332.82,148.83,30.648,62.164
334.58,150.17,30.142,61.064
338.31,150.05,30.479,61.996
334.62,149.14,30.171,61.114
336.63,148.89,31.252,62.236
336.06,145.41,31.386,68.746
336.14,147.93,30.921,63.178
343.69,146.74,27.816,61.581
341.95,148.32,26.259,65.984
344.34,148.77,25.258,64.57
343.95,143.45,26.773,70.091
346.07,148.91,26.064,65.096
347.93,148.71,25.7,65.299
347.03,151.77,27.821,62.415
347.21,149.53,29.156,65.443
351.86,151.52,31.856,64.414
352.71,145.93,32.309,71.121
353.71,150.96,36.113,65.738
361.46,150.81,37.514,68.938
363.14,154.44,37.245,63.219
359,150.23,36.273,67.005
360.15,149.68,34.108,67.407
363.9,149.56,29.998,81.321
362.7,149.02,32.036,80.912
365.03,149.05,27.253,82.316
369.01,150.2,29.487,80.847
369.96,150.06,30.118,90.196
359.84,152.18,31.225,86.628
360.94,152.84,33.106,87.187
365.66,147.22,36.43,88.219
364.64,148.41,35.127,93.702
373.09,142.41,34.171,84.867
370.86,151.64,32.938,81.395
366.92,154.97,33.009,88.115
363.69,156.5,34.22,86.469
375.23,146.11,33.22,79.183
377.01,148.83,33.961,76.561
382.57,152.91,31.914,73.253
385.11,156.1,31.045,75.983
383.69,158.57,34.838,67.972
379.95,156.5,33.946,70.569
384.84,159.72,33.971,67.426
388.56,158.99,31.674,69.045
389.07,160.5,30.963,69.538
394.83,161.43,28.81,70.243
395.24,162.39,28.296,68.265
398.31,165.4,25.563,61.929
401.77,172.51,26.49,60.016
406.07,165.96,29.019,68.497
404.67,164.69,31.669,70.118
412.12,165.51,33.509,71.111
405.24,164.26,34.111,70.005
406.95,163.89,35.967,69.838
407.09,165.15,36.616,68.119
401.1,163.13,39.232,67.407
409.64,162.8,40.152,68.938
407.59,163.52,42.977,68.311
405.81,163.72,38.924,66.413
412.59,162.23,35.252,69.016
412.11,163.35,37.55,68.416
409.14,162.01,41.373,69.227
411.59,162.46,42.753,70.191
412.61,165.35,42.496,66.577
411.24,163.71,44.154,69.053
409.31,164.04,39.135,67.519
409.9,165.64,39.879,66.334
420.27,166.33,38.589,68.585
421.15,166.44,33.279,67.167
421.35,167.13,35.952,66.109
427.51,164.45,34.507,69.554
439.49,166.22,37.095,68.94
442.95,166.8,41.235,67.998
450.74,166.73,44.59,69.795
447.46,166.4,45.729,67.545
451.94,165.37,43.282,68.478
453.02,162.62,41.225,69.939
459.12,161.27,38.286,71.431
457.32,162.7,42.109,67.755
460.68,161.21,45.195,66.534
459.2,160.47,48.657,65.401
461.24,157.43,48.624,68.489
462.46,157.12,50.038,67.555
466.31,159.72,47.598,64.044
458.85,156.95,54.557,67.975
461.65,157.47,53.591,67.64
452.8,160.16,57.826,63.924
451.27,159.88,59.968,65.926
463.47,162.07,60.215,66.73
459.44,163.12,62.115,66.672
458.84,163.62,59.501,65.435
463.15,165.89,66.398,65.167
464.85,167.47,61.796,63.701
460.26,166.61,56.855,64.496
457.33,167.4,55.998,64.846
455.72,168.23,56.556,64.304
456.62,170.54,51.336,61.479
453.82,171.3,53.815,59.971
446.61,168.43,53.165,63.14
447.34,169.29,59.492,62.047
443.09,168.78,61.921,62.553
437.07,170.04,62.492,59.953
445.2,168.7,64.47,61.146
446.24,167.29,64.123,61.589
446.76,167.23,76.708,62.207
443.54,167.62,77.193,59.758
433.48,164.17,81.38,61.28
436.61,163.4,80.377,61.125
437.88,162.92,92.526,60.496
435.57,160.88,95.299,60.505
428.48,159.34,95.943,59.266
427.79,157.41,96.869,61.095
421.08,158.39,92.024,57.648
413.6,158.38,83.993,56.973
412.89,159.46,87.169,56.732
422.83,159.89,97.951,56.405
412.84,159.87,99.928,56.623
404.17,159.43,100.81,57.024
404.84,156.16,96.884,59.444
397.9,159.61,97.554,54.977
397.34,163.18,99.375,54.901
396.4,165.36,112.72,44.549
400.08,172.33,125.7,41.373
398.08,175.73,118.63,36.192
398.63,168.84,109.59,34.701
397.69,174.31,121.52,37.51
389.34,179.2,129.8,45.314
386.43,189.78,134.7,48.397
389.43,183.32,129.49,50.955
396,189.91,135.14,45.174
402.36,193.89,136.63,46.264
398.83,187.4,149.11,45.609
408.85,178.22,152.25,43.201
407.39,170.73,138.64,41.378
408.52,174.73,136.91,36.158
421.92,173.84,139.12,35.23
427.83,160.64,141.34,39.105
416.68,163.8,132.5,47.689
424.41,166.46,120.87,47.754
423.65,163.81,113.17,50.751
422.18,167.36,110.16,45.306
419.05,178.03,97.019,44.41
423.73,193.67,114.64,48.02
426.12,191.16,115.79,52.895
432.4,190.4,107.94,52.852
427,188.03,125.17,53.506
428.39,180.26,107.82,60.095
NaN,NaN,NaN,-2
NaN,NaN,NaN,0
NaN,NaN,NaN,0
NaN,NaN,NaN,0
NaN,NaN,NaN,0
NaN,NaN,NaN,-1
535.11,124.45,24.022,60.463
535.1,123.15,22.747,60.775
534.04,121.72,23.832,62.042
533.27,121.56,21.448,59.077
531.67,121.26,22.279,57.557
533.72,137.04,23.607,59.041
534.74,152.86,24.31,61.913
533.81,151.34,24.217,62.551
526.85,151.6,22.974,62.754
526.14,150.61,21.895,63.159
520.76,150.87,21.716,62.71
525.81,148.76,19.085,62.847
516.7,145.49,17.278,67.116
519.31,141.19,17.198,68.412
519.7,138.33,17.344,70.513
525.47,155.84,17.544,70.888
NaN,NaN,NaN,-2
NaN,NaN,NaN,0
NaN,NaN,NaN,0
NaN,NaN,NaN,0
NaN,NaN,NaN,0
NaN,NaN,NaN,-1
492.42,99.722,23.751,60.748
489.36,99.897,21.275,56.314
488.91,98.26,22.526,54.608
488.1,97.849,21.743,51.915
487.01,95.146,21.21,51.408
486.21,93.538,21.824,49.397
486.87,94.705,21.334,45.559
486.89,94.304,23.171,42.819
487.95,95.578,24.342,44.352
488.44,91.542,23.884,45.169
487.94,89.976,26.887,49.07
487.68,89.434,24.367,54.232
488.58,86.562,22.589,56.092
490.64,84.636,21.117,63.97
491.08,85.837,20.996,58.135
492.49,85.76,21.912,57.345
494.05,84.897,20.745,50.593
496.09,82.164,21.216,56.071
494.2,83.563,23.102,51.92
495.37,83.459,22.629,48.53
494.12,85.212,24.142,44.504
494.15,87.059,23.539,48.936
493.97,85.158,22.066,48.51
492.58,89.773,22.373,46.492
491.21,87.223,22.154,46.218
488.37,88.218,22.65,48.974
487.02,89.285,23.09,47.018
482.48,92.238,25.187,45.476
478.49,89.28,23.237,45.737
476.16,87.402,23.174,49.454
469.34,86.455,25.19,50.027
467.33,89.501,25.625,47.986
461.57,90.124,26.131,47.535
459.25,92.687,24.433,43.45
456.23,92.623,23.927,47.768
452.33,92.329,25.74,49.184
443.72,94.084,24.685,50.69
441.64,94.799,24.884,50.729
440.53,95.761,25.941,52.182
439.3,95.067,26.305,46.229
436.41,97.734,26.253,49.41
433.84,96.982,28.84,51.249
432.44,96.195,25.759,51.47
432.07,95.459,28.374,48.609
430.42,95.566,30.825,50.139
430.84,98.311,27.888,45.372
430.02,96.893,25.08,48.999
431.51,97.733,22.732,47.501
431.82,96.208,21.352,53.481
431.86,94.993,23.529,54.598
432.72,95.568,22.601,54.546
434.46,95.181,19.822,57.137
428.84,96.608,23.254,57.445
429.82,90.638,20.985,66.227
427.45,94.282,20.594,51.533
426.86,93.103,20.466,54.504
424.63,92.545,21.878,57.203
423.05,92.61,19.032,59.963
421.93,96.12,20.861,51.453
416.6,95.927,22.451,50.19
412.66,95.711,20.951,50.783
415.68,95.739,18.69,45.978
413.98,97.527,18.466,42.822
412.95,97.801,17.272,39.726
410.11,99.268,18.925,39.173
408.07,95.129,18.862,37.948
403.95,92.381,21.361,39.419
401.62,97.508,22.707,39.654
401.97,98.661,21.708,38.084
397.11,98.459,25.759,38.073
394.62,97.563,27.539,36.408
392.6,98.069,25.091,34.761
386.84,96.803,27.366,37.075
380.36,98.013,27.028,38.066
376.03,98.86,30.242,37.861
372.94,96.533,31.454,33.425
373.43,97.648,31.259,30.959
380.12,86.241,34.593,30.485
