NaN,NaN,NaN,-1
335.84,162.69,25.187,63.629
333.03,161.76,26.57,61.466
330.59,160.52,29.108,65.554
326.8,160.16,28.434,62.533
315.57,160.34,30.982,61.551
310.96,160.46,30.479,61.008
306.37,160.48,30.534,60.228
303.19,160.76,29.015,59.806
NaN,NaN,NaN,-2
NaN,NaN,NaN,0
NaN,NaN,NaN,0
NaN,NaN,NaN,0
NaN,NaN,NaN,0
NaN,NaN,NaN,-1
328.32,158.98,25.744,62.4
331.79,153.54,23.245,70.451
333.63,153.3,22.337,76.244
326.14,156.81,20.133,75.629
322.3,153.66,21.9,70.396
315.67,152.09,22.404,70.223
311.24,151.09,22.731,68.108
NaN,NaN,NaN,-2
NaN,NaN,NaN,0
NaN,NaN,NaN,0
NaN,NaN,NaN,0
NaN,NaN,NaN,0
NaN,NaN,NaN,-1
323.53,158.61,26.444,61.495
330.81,151.12,25.281,61.976
330.2,150.94,26.535,64.397
341.99,158.38,23.602,66.27
339.9,154.72,22.876,72.573
348.4,166.77,24.337,65.86
349.18,165.35,20.88,67.724
348.13,171.95,20.56,59.947
342,172.36,19.84,56.839
337.3,173.38,21.261,54.642
340.1,174.52,21.254,55.184
351.95,183.85,22.214,52.061
NaN,NaN,NaN,-2
NaN,NaN,NaN,0
NaN,NaN,NaN,0
NaN,NaN,NaN,0
NaN,NaN,NaN,0
NaN,NaN,NaN,-1
332.17,150.86,24.404,59.241
329.98,156.63,24.374,55.72
328.22,158.32,24.163,49.929
333.31,163.66,23.514,49.748
331.1,165.17,25.84,47.936
334.82,169.01,25.032,45.319
338.75,170.63,25.564,44.751
341.24,171.52,23.422,44.4
343.49,173.22,24.476,43.336
345.94,171.37,23.688,46.556
345.35,171.24,23.342,46.348
343.18,170.59,24.05,46.874
340.83,171.77,22.45,43.49
349.31,172.21,18.611,45.205
345.77,170.96,17.494,44.801
343.97,177.16,18.428,36.78
357.66,198.56,18.618,37.592
NaN,NaN,NaN,-2
NaN,NaN,NaN,0
NaN,NaN,NaN,0
NaN,NaN,NaN,0
NaN,NaN,NaN,0
NaN,NaN,NaN,-1
324.92,145.58,25.451,61.541
329.04,143.11,22.464,61.637
329.35,142.72,21.577,62.54
328.75,143.55,23.869,62.748
329.73,146.15,24.709,58.059
333.92,145.57,25.41,59.976
327,139.2,24.423,64.653
328.08,141.19,21.753,61.635
327.72,142.08,22.625,60.503
327.99,146.8,21.385,62.482
325.39,144.56,21.469,64.841
323.87,136.56,21.505,69.923
339.94,135.3,21.411,72.473
331.67,139.02,18.761,72.601
331.07,139.49,20.27,70.893
331.02,142.81,21.057,66.874
332.02,145.21,18.278,58.894
329.14,144.79,18.951,59.783
329.69,142.63,20.351,58.521
328.86,142.48,21.395,60.796
330.39,143.02,21.763,63.844
332.69,148.05,21.628,55.426
333.73,151.02,23.507,52.358
330.98,141.38,26.444,60.036
337.11,145.39,23.771,61.541
342.13,141.6,17.769,60.936
343.17,140.64,18.519,64.784
343.65,139.28,19.481,69.049
342.88,141.42,19.995,64.079
340.63,138.48,22.585,66.744
341.59,138.38,22.042,68.199
341.41,145.15,22.322,61.431
345.57,144.04,20.573,63.765
344.51,140.34,19.806,67.473
346.9,140.07,19.127,68.459
347.57,137.51,17.98,69.266
348.6,140.32,18.35,61.854
364.5,155.54,15.851,74.882
357.82,163.62,16.942,78.03
363.97,171.89,18.347,78.601
359.06,158.71,19.905,78.518
353.33,141.34,19.476,72.188
366.83,145.58,20.87,67.609
360.87,148.18,22.407,60.267
371.72,139.25,21.578,66.528
364.3,143.38,22.468,69.222
365.31,143.63,24.033,68.171
370.36,144.93,27.502,61.377
368.9,141.1,25.668,61.458
375.07,152.64,23.538,61.395
370.85,143.33,24.311,65.639
369.64,148.72,25.456,66.131
376.95,132.34,24.702,67.144
379.05,132.26,24.252,65.49
364.59,133.55,24.802,60.598
361.72,133.26,25.198,62.192
362.45,133.09,27.052,60.574
359.57,132.66,26.413,61.498
NaN,NaN,NaN,-2
NaN,NaN,NaN,0
NaN,NaN,NaN,0
NaN,NaN,NaN,0
NaN,NaN,NaN,0
NaN,NaN,NaN,-1
391.36,185.64,26.426,57.544
393.52,184.52,27.671,60.966
392.42,184.77,28.27,59.701
389.44,185,28.917,58.332
394.09,184.55,25.806,61.075
400.34,186.4,26.946,61.106
413.82,190.46,26.828,60.308
NaN,NaN,NaN,-2
NaN,NaN,NaN,0
NaN,NaN,NaN,0
NaN,NaN,NaN,0
NaN,NaN,NaN,0
NaN,NaN,NaN,-1
406.77,171.6,23.538,58.84
407.55,171.51,26.55,60.895
400.83,174.6,27.255,63.927
406.53,173.94,24.695,56.233
407.43,173,24.173,56.546
407.25,170.67,24.385,59.258
409.51,173.88,23.728,62.963
410.75,174.95,23.57,60.787
408.42,173.81,21.663,61.177
407.94,173.18,23.509,58.66
412.69,168.91,22.469,57.418
414.85,167.36,23.889,60.139
415.16,168.58,23.893,59.374
408.81,172.77,24.765,54.096
410.68,172.31,24.584,54.577
410.87,171.4,24.332,55.176
411.54,171.4,23.612,57.054
413.2,173.39,23.804,64.479
417.1,176.16,23.905,61.041
419.23,176.58,23.963,60.809
424.22,174.37,21.627,64.44
431.45,171.8,20.118,58.546
447.66,172.07,19.687,61.549
450.05,176.46,19.024,63.099
448.4,176.95,20.105,61.298
448.05,173.74,22.512,56.642
451.96,173.09,24.066,55.535
453.31,170.73,24.506,57.523
457.22,178.53,22.269,55.443
463.13,176.2,18.194,56.48
459.82,171.15,16.169,59.821
469.79,177.38,17.454,65.136
461.23,180.06,18.703,68.601
454.5,181.46,22.09,64.609
459.4,196.15,20.488,69.917
470.74,207.06,19.345,73.093
490.82,197.03,16.49,74.346
492.78,191.15,14.964,85.227
NaN,NaN,NaN,-2
NaN,NaN,NaN,0
NaN,NaN,NaN,0
NaN,NaN,NaN,0
NaN,NaN,NaN,0
NaN,NaN,NaN,-1
474.67,168.98,21.432,61.31
469.56,171.42,24.337,59.053
468.17,171.12,22.778,56.329
466.42,172,22.542,55.218
463.65,171.45,22.974,55.582
459.16,170.42,25.133,59.704
458.19,171.82,25.685,58.019
457.77,171.55,23.74,58.112
455.24,171.51,25.301,58.054
456.67,171.34,23.911,56.525
456.56,168.41,24.303,59.632
456.22,168.74,23.106,58.696
461.28,163.91,22.531,62.445
459.49,166.2,25.63,56.658
459.59,165.26,23.949,54.567
460.09,165.86,22.195,53.344
461.4,162.86,24.477,57.346
461.15,161.06,21.471,57.482
458.66,159.31,20.817,57.226
457.2,161.85,19.769,52.232
457.53,159.7,21.222,54.185
455.81,160.72,21.062,55.245
455.98,160.67,21.11,55.814
456.89,161.49,20.065,54.478
461.98,145.66,23.848,54.884
454.13,160.17,24.168,51.576
455.11,158.02,21.009,56.768
455.08,156.59,21.451,53.756
455.22,157.92,22.535,53.398
454.74,158.86,21.279,55.39
469.69,166.38,23.035,46.858
470.75,163.22,23.793,49.472
455.19,162.53,20.621,48.221
457.13,159.04,22.884,47.938
462.29,145.83,21.123,49.926
NaN,NaN,NaN,-2
NaN,NaN,NaN,0
NaN,NaN,NaN,0
NaN,NaN,NaN,0
NaN,NaN,NaN,0
NaN,NaN,NaN,-1
451.67,146.62,27.295,62.505
449.55,145.5,33.161,60.073
450.4,144.94,30.417,63.452
454.53,144.3,31.19,54.39
458.64,142.41,33.148,55.99
463.75,143.6,33.482,52.366
467.01,146.17,33.715,48.651
465.99,133.5,37.035,54.681
464.71,116.9,39.275,60.963
NaN,NaN,NaN,-2
NaN,NaN,NaN,0
NaN,NaN,NaN,0
NaN,NaN,NaN,0
NaN,NaN,NaN,0
NaN,NaN,NaN,-1
532.94,126.5,25.925,65.043
534.21,128,28.103,59.678
537.32,126.13,27.794,59.542
537.54,127.13,25.8,57.001
533.63,120.55,26.717,66.224
533.41,120.89,28.073,61.453
532.9,121.29,27.591,60.017
534.27,117.25,25.805,63.064
532.1,117.33,27.428,61.522
529.22,117.19,26.409,60.841
527.76,117.41,26.417,57.562
524.76,119.74,29.36,58.225
519.7,110.87,29.302,66.007
531.02,105.24,26.505,68.068
535.48,103.36,26.358,66.776
NaN,NaN,NaN,-2
NaN,NaN,NaN,0
NaN,NaN,NaN,0
NaN,NaN,NaN,0
NaN,NaN,NaN,0
NaN,NaN,NaN,-1
500.5,108.79,27.058,60.511
498.45,107.35,28.174,61.35
494.3,104.14,28.503,62.633
493.37,94.827,25.091,69.043
488.82,88.308,27.242,71.629
489.47,84.453,27.047,72.82
485.56,79.543,25.294,79.318
482.68,74.888,23.969,83.355
481.77,69.391,24.48,84.956
482.01,61.964,20.744,91.743
480.05,56.449,21.773,93.706
474.08,52.823,21.415,98.611
484.47,37.025,18.495,108.13
486.37,28.297,16.291,106.22
472.79,32.69,17.465,115.78
NaN,NaN,NaN,-2
NaN,NaN,NaN,0
NaN,NaN,NaN,0
NaN,NaN,NaN,0
NaN,NaN,NaN,0
NaN,NaN,NaN,-1
489.69,85.615,25.666,59.281
491.38,84.617,27.079,54.032
493.22,83.016,27.113,55.269
492.05,82.29,27.653,55.143
491.53,83.981,28.688,55.072
486.93,78.574,25.223,58.752
488.96,84.272,25.029,57.258
486.33,85.14,26.525,55.254
485.4,83.871,25.513,57.723
482.16,85.419,23.995,54.182
483.25,89.255,23.07,48.921
481.59,88.065,21.363,50.101
477.17,84.933,23.491,48.411
472.44,88.52,22.002,47.412
470.32,87.444,21.849,47.105
463.91,86.485,22.752,51.299
458.15,87.948,23.549,49.108
455.54,91.291,23.419,54.126
451.9,92.199,24.323,55.745
447.33,91.908,24.302,54.325
441,92.097,26.164,54.52
439.36,93.951,24.126,51.665
439.4,92.477,21.375,52.848
437.29,95.763,22.421,52.613
436.4,94.28,18.648,52.633
432.62,94.004,20.963,53.486
435.51,95.176,20.989,51.064
431.43,94.303,22.019,52.198
426.97,95.994,25.63,47.595
425.31,97.59,27.722,46.335
426.89,98.938,26.302,45.04
426.44,100.52,28.003,44.141
427.42,99.709,24.561,39.688
427.97,99.496,22.992,37.398
426.18,99.295,23.904,33.955
428.61,107.59,23.116,35.895
426.28,100.44,22.065,34.769
424.77,98.6,21.372,33.506
424.15,101.21,22.67,36.36
423.04,98.213,23.903,38.011
422.06,99.077,24.043,40.41
418.95,98.229,23.515,40.935
416.86,103.31,22.684,43.387
414.26,97,23.057,44.642
408.72,94.97,26.114,46.583
408.21,95.274,26.454,46.327
407.32,97.574,26.361,46.95
404.98,96.833,25.142,44.289
404.6,94.26,25.752,48.929
403.69,94.022,23.967,46.951
401.27,92.209,21.646,46.598
399.39,92.461,21.834,51.225
397.03,94.291,21.088,48.391
394.21,92.94,21.329,52.853
391.53,94.239,22.05,47.522
388.8,93.426,24.033,49.762
383.86,92.651,23.297,52.12
375.42,94.809,25.122,47.837
375.12,95.303,23.947,45.489
374.01,93.644,22.32,43.602
372.97,96.072,19.601,38.827
372.41,95.557,18.119,41.727
