NaN,NaN,NaN,-1
168,79,49,50
167,79,49,50
166,79,49,50
166,79,49,50
166,79,49,50
166,79,49,50
165,79,49,50
165,79,49,50
164,78,49,50
162,78,49,50
160,77,49,50
157,75,49,50
154,75,49,50
153,75,49,50
151,74,49,50
146,73,49,50
142,72,49,50
136,69,49,50
131,67,49,50
127,67,49,50
122,66,49,50
118,66,49,50
114,65,49,50
109,63,49,50
104,62,49,50
98,61,49,50
95,64,49,50
91,66,49,50
88,68,49,50
85,69,49,50
82,70,49,50
80,71,49,50
78,72,49,50
77,73,49,50
77,74,49,50
77,74,49,50
78,75,49,50
78,76,49,50
79,77,49,50
80,79,49,50
80,81,49,50
81,84,49,50
81,87,49,50
81,91,49,50
83,94,49,50
86,96,49,50
89,98,49,50
94,100,49,50
98,102,49,50
103,105,49,50
107,107,49,50
111,108,49,50
117,109,49,50
124,109,49,50
128,108,49,50
132,107,49,50
137,106,49,50
142,106,49,50
146,106,49,50
149,105,49,50
152,105,49,50
157,104,49,50
162,102,49,50
170,102,49,50
175,101,49,50
180,102,49,50
184,103,49,50
189,104,49,50
193,105,49,50
197,107,49,50
200,109,49,50
203,112,49,50
205,115,49,50
207,118,49,50
209,120,49,50
210,123,49,50
211,125,49,50
211,128,49,50
210,131,49,50
210,133,49,50
210,135,49,50
208,136,49,50
206,137,49,50
204,139,49,50
203,140,49,50
201,140,49,50
199,141,49,50
196,142,49,50
193,143,49,50
190,143,49,50
187,142,49,50
184,141,49,50
183,139,49,50
183,136,49,50
182,132,49,50
182,129,49,50
181,125,49,50
180,120,49,50
180,116,49,50
179,112,49,50
179,110,49,50
179,108,49,50
179,105,49,50
180,103,49,50
180,101,49,50
181,99,49,50
181,97,49,50
180,97,49,50
179,97,49,50
177,98,49,50
176,99,49,50
175,100,49,50
174,101,49,50
173,101,49,50
172,102,49,50
172,102,49,50
172,102,49,50
171,102,49,50
170,102,49,50
170,103,49,50
170,102,49,50
171,102,49,50
171,102,49,50
171,102,49,50
172,102,49,50
172,102,49,50
173,101,49,50
173,100,49,50
174,100,49,50
174,100,49,50
174,100,49,50
175,101,49,50
175,101,49,50
176,101,49,50
175,101,49,50
174,101,49,50
173,101,49,50
174,101,49,50
174,101,49,50
NaN,NaN,NaN,-2
NaN,NaN,NaN,0
NaN,NaN,NaN,0
NaN,NaN,NaN,0
NaN,NaN,NaN,0
NaN,NaN,NaN,-1
199,31,31,52
198,31,31,52
197,30,31,52
195,30,31,52
192,31,31,52
189,34,31,52
184,35,31,52
180,38,31,52
176,41,31,52
173,45,31,52
172,49,31,52
172,52,31,52
172,56,31,52
174,59,31,52
176,63,31,52
177,67,31,52
178,72,31,52
179,75,31,52
179,78,31,52
180,82,31,52
181,84,31,52
184,86,31,52
188,88,31,52
193,90,31,52
197,91,31,52
199,92,31,52
198,92,31,52
195,91,31,52
190,89,31,52
185,87,31,52
180,86,31,52
175,85,31,52
167,83,31,52
159,80,31,52
150,78,31,52
142,76,31,52
134,74,31,52
126,72,31,52
119,70,31,52
111,68,31,52
103,68,31,52
96,69,31,52
89,70,31,52
80,68,31,52
74,67,31,52
68,68,31,52
62,70,31,52
57,72,31,52
53,75,31,52
50,79,31,52
49,82,31,52
50,85,31,52
53,87,31,52
56,89,31,52
59,92,31,52
63,96,31,52
66,101,31,52
69,106,31,52
71,112,31,52
74,118,31,52
77,123,31,52
80,128,31,52
82,130,31,52
85,133,31,52
88,134,31,52
91,136,31,52
95,138,31,52
99,141,31,52
103,143,31,52
108,145,31,52
112,146,31,52
118,149,31,52
122,152,31,52
127,157,31,52
132,161,31,52
137,165,31,52
144,170,31,52
150,174,31,52
156,178,31,52
161,179,31,52
166,179,31,52
171,177,31,52
176,176,31,52
181,174,31,52
186,171,31,52
190,168,31,52
192,164,31,52
194,160,31,52
195,156,31,52
197,153,31,52
198,149,31,52
199,146,31,52
201,143,31,52
204,141,31,52
205,139,31,52
206,138,31,52
207,137,31,52
207,135,31,52
207,134,31,52
207,133,31,52
207,130,31,52
207,128,31,52
206,124,31,52
205,120,31,52
204,117,31,52
203,113,31,52
203,109,31,52
202,106,31,52
201,103,31,52
200,101,31,52
198,99,31,52
197,98,31,52
195,96,31,52
194,95,31,52
194,95,31,52
193,94,31,52
192,93,31,52
192,93,31,52
