NaN,NaN,NaN,-1
79,89,37,52
84,88,37,52
89,89,37,52
95,90,37,52
102,92,37,52
109,92,37,52
115,92,37,52
120,91,37,52
120,105,37,52
112,106,37,52
111,106,37,52
NaN,NaN,NaN,-2
NaN,NaN,NaN,0
NaN,NaN,NaN,0
NaN,NaN,NaN,0
NaN,NaN,NaN,0
NaN,NaN,NaN,-1
182,96,31,48
186,96,31,48
191,96,31,48
195,97,31,48
198,98,31,48
198,97,31,48
197,96,31,48
196,95,31,48
192,94,31,48
188,93,31,48
183,93,31,48
177,92,31,48
170,92,31,48
162,94,31,48
152,95,31,48
141,96,31,48
131,97,31,48
122,97,31,48
116,95,31,48
112,94,31,48
109,93,31,48
108,92,31,48
109,93,31,48
112,95,31,48
116,96,31,48
121,97,31,48
127,96,31,48
134,96,31,48
141,96,31,48
149,97,31,48
159,97,31,48
168,97,31,48
177,98,31,48
187,99,31,48
194,100,31,48
200,101,31,48
202,102,31,48
201,103,31,48
197,104,31,48
190,104,31,48
181,104,31,48
170,102,31,48
157,101,31,48
143,100,31,48
130,99,31,48
120,99,31,48
100,77,31,48
90,69,31,48
80,72,31,48
78,72,31,48
79,73,31,48
82,73,31,48
84,73,31,48
84,73,31,48
84,73,31,48
84,73,31,48
83,73,31,48
83,73,31,48
82,73,31,48
82,73,31,48
82,72,31,48
81,73,31,48
NaN,NaN,NaN,-2
NaN,NaN,NaN,0
NaN,NaN,NaN,0
NaN,NaN,NaN,0
NaN,NaN,NaN,0
NaN,NaN,NaN,-1
194,103,34,55
198,107,34,55
199,108,34,55
197,108,34,55
195,108,34,55
192,107,34,55
189,107,34,55
185,108,34,55
181,112,34,55
174,115,34,55
166,117,34,55
154,114,34,55
141,106,34,55
124,99,34,55
107,97,34,55
86,78,34,55
77,62,34,55
NaN,NaN,NaN,-2
NaN,NaN,NaN,0
NaN,NaN,NaN,0
NaN,NaN,NaN,0
NaN,NaN,NaN,0
NaN,NaN,NaN,-1
21,112,36,56
13,110,36,56
5,103,36,56
1,99,36,56
1,95,36,56
1,91,36,56
1,87,36,56
1,83,36,56
1,79,36,56
NaN,NaN,NaN,-2
NaN,NaN,NaN,0
NaN,NaN,NaN,0
NaN,NaN,NaN,0
NaN,NaN,NaN,0
NaN,NaN,NaN,-1
50,129,38,56
54,129,38,56
59,129,38,56
66,129,38,56
74,127,38,56
82,122,38,56
90,113,38,56
98,104,38,56
104,97,38,56
106,92,38,56
105,92,38,56
102,94,38,56
97,97,38,56
91,99,38,56
85,99,38,56
81,100,38,56
76,98,38,56
73,97,38,56
71,95,38,56
72,94,38,56
73,94,38,56
75,93,38,56
78,94,38,56
83,96,38,56
90,98,38,56
98,100,38,56
107,100,38,56
116,98,38,56
124,96,38,56
130,94,38,56
133,94,38,56
132,110,38,56
132,109,38,56
130,108,38,56
127,109,38,56
123,110,38,56
119,109,38,56
116,107,38,56
115,104,38,56
116,103,38,56
119,104,38,56
124,105,38,56
130,105,38,56
138,105,38,56
147,104,38,56
155,103,38,56
161,102,38,56
166,102,38,56
