NaN,NaN,NaN,-1
152,94.09,17.867,47.645
152.74,95.114,17.827,47.541
150.86,91.89,17.903,47.735
149.01,90.137,18.015,48.017
150.1,87.636,18.322,48.854
151.92,86.241,17.869,47.618
152.48,85.35,17.668,47.078
154.02,84.661,17.364,46.313
155.59,86.071,17.789,47.451
156.63,84.206,17.477,46.662
158.34,85.468,17.252,46.025
158.12,85.8,16.862,44.998
157.01,85.432,17.042,45.432
154.87,86.363,17.616,46.981
153.12,83.983,18.317,48.823
149.34,83.806,18.226,48.531
144.47,84.634,17.941,47.696
139.24,85.45,17.824,47.441
135.51,85.379,17.549,46.711
132,85.101,17.469,46.523
132.05,84.763,17.083,45.529
132.44,86.287,17.067,45.493
133,86.369,17.452,46.491
133.44,85.546,17.334,46.147
134.52,84.21,17.345,46.178
135.37,84.517,17.435,46.442
137.87,82.245,17.956,47.753
139.39,80.202,18.598,49.518
140.09,79.978,18.235,48.604
142.37,79.609,18.908,50.432
145.56,81.902,19.011,50.754
148.09,81.691,19.49,51.99
150.27,80.941,19.414,51.81
152,79.137,19.282,51.437
151.23,81.686,19.036,50.793
150.99,78.888,18.804,50.138
151.78,81.914,19.187,51.203
152.18,80.034,19.342,51.571
154.08,78.696,19.496,51.885
154.71,79.826,19.612,52.165
155.67,78.445,19.863,52.851
157.48,80.929,20.132,53.537
157.48,79.035,20.271,53.945
158.38,81.881,20.485,54.552
159.2,79.522,20.821,55.398
160.21,80.795,21.316,56.748
161.57,80.229,21.46,57.118
164.64,79.212,22.035,58.648
162.85,77.579,22.456,59.76
165,76.795,22.792,60.652
164.52,79.246,22.705,60.454
163.36,78.432,22.853,60.864
163.53,77.625,23.109,61.466
158.07,76.646,23.158,61.654
157.18,77.845,23.595,62.866
154.45,76.03,23.424,62.335
151.63,77.206,23.832,63.405
142.72,79.494,23.932,63.717
132.72,76.395,24.128,64.208
129.53,76.131,23.789,63.35
126.38,76.456,23.513,62.539
125.09,73.922,23.746,63.266
126.08,75.329,23.936,63.853
126.56,72.043,24.345,64.945
131.05,71.491,24.342,64.951
135.95,70.107,25.316,67.57
138.65,69.451,25.06,66.906
145.58,70.906,25.165,67.186
151.8,69.591,24.705,66.009
159.88,71.154,24.746,66.072
163.33,68.621,25.254,67.451
168.56,70.799,25.078,66.981
173.42,71.779,24.764,66.049
174.92,71.587,25.262,67.458
172.02,72.109,25.131,67.128
175.61,72.407,25.299,67.565
174.43,74.285,25.949,69.252
172.21,73.316,25.973,69.253
173.4,72.93,26.863,71.667
173.8,76.581,26.426,70.429
172.54,74.432,26.818,71.422
176.43,77.212,26.642,70.961
178.48,78.406,26.918,71.759
178.09,76.681,26.598,70.89
182.06,78.966,27.035,72.047
183.74,76.505,26.799,71.393
187.9,76.933,26.662,71.105
189.98,80.299,26.832,71.609
192.5,80.58,27.088,72.279
190.94,79.21,27.448,73.232
191.8,77.901,26.988,71.975
192.24,76.409,27.09,72.254
191.44,74.731,27.057,72.113
191.23,74.005,27.063,72.157
193.24,73.3,27.296,72.742
187.7,68.977,27.873,74.255
185.06,67.151,27.602,73.498
182.33,64.511,28.358,75.545
182.61,64.536,28.102,74.864
181.34,62.837,28.306,75.462
179.01,63.78,27.866,74.239
180.58,63.361,28.101,74.904
177.2,62.97,28.169,75.113
177.12,62.305,28.176,75.045
179.95,62.591,27.695,73.885
180.23,61.324,27.357,73.055
181.28,63.855,27.407,73.205
177.38,64.02,27.143,72.572
173.57,61.942,27.069,72.319
173.04,64.507,26.503,70.788
171.83,63.403,26.796,71.566
170.69,64.049,26.386,70.509
167.34,66.77,26.377,70.455
163.14,65.348,26.647,71.145
161.5,64.541,26.288,70.197
156.04,64.134,26.414,70.526
155.88,66.71,26.398,70.423
154.36,66.87,26.488,70.706
154.27,69.316,26.715,71.355
151.74,71.219,27.018,72.157
148.58,70.818,26.519,70.836
147.22,72.923,26.614,71.08
147.14,76.306,26.944,72.023
144.46,78.19,26.603,71.043
151.96,80.525,27.106,72.401
154.15,78.13,26.73,71.335
160.44,75.944,26.359,70.338
167.78,79.421,26.417,70.558
175.01,79.836,26.502,70.771
179.33,74.182,26.43,70.624
178.29,74.035,26.543,70.885
185.41,76.808,27.152,72.575
187.4,69.25,27.751,74.176
192.57,67.07,27.969,74.864
196.87,64.428,27.685,74.095
198.38,65.288,27.841,74.495
201.68,63.721,27.994,74.979
202.56,65.344,27.809,74.511
202.02,63.67,28.339,75.978
199.01,66.059,28.107,75.41
193.68,70.853,29.082,78.071
182.13,69.561,29.46,79.147
176.98,71.88,29.844,80.207
169.2,78.971,30.349,81.63
161.07,80.665,29.859,80.26
157.64,79.583,29.779,80.126
153.71,80.759,29.992,80.599
151.17,82.583,29.799,80.116
149.09,82.605,29.82,80.194
148.6,81.307,29.843,80.267
148.45,81.153,29.927,80.446
149.88,74.909,29.908,80.407
153.71,78.867,29.9,80.378
152.03,72.814,29.62,79.761
156.14,71.359,29.152,78.537
155.41,70.828,29.013,78.142
153.19,69.43,29.213,78.683
152.02,68.721,28.977,78.014
150.04,68.366,28.544,76.823
149.04,68.069,29.015,78.103
146.33,68.331,29.281,78.945
143.18,65.402,29.312,79.071
139.79,67.61,29.144,78.673
133.32,67.194,28.997,78.27
131.28,65.772,28.813,77.808
130.02,69.493,29.111,78.703
133.77,70.414,28.698,77.571
131.33,71.32,28.394,76.76
127.99,67.476,28.699,77.53
119.21,74.191,28.611,77.26
117.22,72.143,28.437,76.818
131.04,73.786,27.975,75.579
136.19,67.439,27.995,75.602
129.93,67.112,27.786,75.171
128.49,65.239,27.608,74.784
128.86,63.496,27.2,73.615
127.35,65.346,27.38,74.134
116.06,70.906,27.39,74.088
113.9,71.831,27.52,74.458
107.69,74.904,27.036,73.182
118.35,72.076,26.363,71.29
115.51,77.318,26.266,71.028
112.19,81.456,26.071,70.635
111.49,82.589,26.246,71.031
114.98,80.564,26.598,71.888
121.57,79.809,26.718,72.293
123.83,81.76,26.731,72.472
127.07,81.403,26.339,71.48
131.82,82.117,26.146,71.029
133.04,81.495,26.182,71.237
134.8,80.306,25.762,70.092
137.71,81.444,25.446,69.266
138.18,82.247,25.567,69.541
142.86,82.87,25.26,68.794
143.29,82.168,24.995,68.114
144.2,81.867,24.525,66.771
146.75,80.944,24.489,66.659
144.33,78.332,24.275,66.101
140.41,79.893,24.119,65.663
143.62,79.896,24.456,66.599
142.37,81.553,24.855,67.675
137.96,81.034,25.15,68.498
135.67,80.35,24.566,66.95
135.81,80.07,24.633,67.134
135.71,78.828,25.101,68.449
138.85,80.243,24.247,66.215
140.37,79.242,24.285,66.292
140.24,77.419,24.015,65.638
141.05,76.99,23.795,65.033
138.51,76.547,23.805,65.1
134.93,75.649,24.073,65.871
136.17,77.789,24.217,66.328
135.08,73.495,23.467,64.255
135.69,75.768,23.839,65.325
135.87,76.34,23.081,63.29
133.83,75.97,23.261,63.751
131.74,76.011,23.429,64.172
130.62,73.803,23.018,63.05
128.53,77.814,22.526,61.708
128.02,79.51,22.588,61.861
127.96,79.521,22.704,62.106
132.21,79.883,23.42,64.004
135.69,78.701,22.951,62.766
141.28,78.306,23.016,62.971
143.58,77.467,23.319,63.785
145.76,76.458,22.974,62.835
145.79,78.216,22.984,62.846
149.11,77.926,22.702,62.048
152.82,76.986,22.282,60.892
156.11,78.207,22.408,61.166
156.48,77.28,22.977,62.704
159.23,79.001,22.568,61.551
162.78,79.478,22.699,61.924
161.82,76.973,22.833,62.309
162.18,76.64,22.939,62.583
163.98,76.858,22.594,61.662
163.84,77.384,22.585,61.596
163.98,76.691,22.187,60.498
161.87,77.734,21.935,59.841
161.17,79.009,21.513,58.602
164.78,79.917,21.437,58.375
167.66,78.443,21.47,58.514
170.18,77.905,21.52,58.673
169.6,76.713,21.845,59.497
171.03,76.193,21.638,58.954
173.03,76.446,22.021,60.003
173.95,73.853,21.847,59.541
176.89,74.499,21.692,59.143
176.04,76.211,21.332,58.119
176.92,75.063,21.141,57.598
178.43,75.15,21.079,57.397
176.81,78.311,21.19,57.706
179.07,77.987,20.863,56.943
177.26,79.648,20.597,56.193
177.85,82.498,21.232,57.919
177.79,82.933,21.012,57.365
177.11,83.354,20.856,56.854
174.44,87.296,20.529,55.995
175.5,86.277,21.044,57.355
174.29,85.742,21.009,57.346
171.91,86.852,20.674,56.373
172.44,87.529,20.464,55.779
169.36,90.841,20.504,55.882
169.95,91.723,19.954,54.379
168.15,93.07,20.118,54.843
168.98,91.01,20.073,54.697
169.89,90.259,20.304,55.39
171.85,86.315,20.552,56.137
172.9,87.842,20.736,56.636
175.25,86.267,21.198,57.88
