NaN,NaN,NaN,-1
152.7,93.726,17.757,47.372
151.67,94.434,17.738,47.306
150.79,92.29,17.973,47.902
149.43,88.905,17.76,47.355
150.36,87.573,17.589,46.872
149.87,85.977,17.321,46.152
152.37,86.564,17.438,46.396
154.03,85.885,17.273,45.937
154.81,84.686,17.269,45.996
156.41,85.962,17.579,46.784
157.63,84.471,17.465,46.479
156.91,85.154,17.747,47.21
154.59,84.638,17.839,47.412
152.75,85.039,17.992,47.828
152.32,84.484,17.503,46.453
148.75,84.284,17.746,47.133
143.08,83.008,17.477,46.412
139.16,84.114,17.945,47.682
134.03,83.786,17.955,47.729
131.81,82.988,17.808,47.343
131.22,83.338,18.065,48.061
130.73,82.723,18.7,49.766
132.03,81.329,18.621,49.603
132.76,81.258,18.454,49.17
132.51,81.044,18.438,49.057
133.29,81.394,18.765,49.941
135.56,78.153,19.345,51.497
136.59,79.108,19.359,51.507
139.3,79.259,19.637,52.256
141.1,79.591,19.751,52.557
142.57,78.106,19.56,52.07
146.03,78.951,19.5,51.877
148.26,78.41,19.398,51.666
149.48,79.391,19.653,52.324
149.01,78.449,19.388,51.629
149.32,78.218,19.491,51.927
149.83,78.812,19.637,52.297
151.67,77.532,20.168,53.772
151.6,77.665,20.496,54.634
152.01,78.296,20.257,53.964
153.36,76.949,20.25,54.014
153.57,79.113,20.402,54.399
155.35,78.278,20.711,55.258
155.63,78.624,20.448,54.53
156.02,78.797,20.463,54.45
157.79,78.535,20.049,53.279
159.82,78.98,20.43,54.235
161.92,79.786,20.503,54.456
162.09,78.749,20.906,55.614
162.98,77.894,20.863,55.435
163.04,79.181,21.01,55.801
160.38,78.277,20.902,55.466
160.61,77.927,21.191,56.183
159.59,79.525,21.362,56.645
156.05,80.104,20.863,55.343
153.22,79.179,20.903,55.465
149.91,80.026,20.458,54.268
143.52,79.524,20.292,53.802
133.6,80.682,20.714,54.932
128.21,80.211,21.188,56.21
125.41,77.352,21.503,57.02
124.02,72.532,22.021,58.457
125.75,75.032,21.821,57.899
126.21,74.136,21.855,57.948
130.79,72.462,21.761,57.751
135.37,74.218,21.463,56.864
140.83,74.826,21.111,55.945
145.44,75.02,21.557,57.131
152.73,72.955,21.752,57.602
159.45,70.025,21.977,58.166
162.51,70.847,22.372,59.262
167.28,71.497,22.07,58.359
170.15,72.892,22.324,58.957
173.71,72.952,22.25,58.715
174.7,74.275,21.941,57.796
174.93,74.526,22.535,59.383
171.37,76.909,22.066,58.117
173.65,76.9,22.279,58.668
173.59,79.145,22.373,58.904
173.46,77.976,22.582,59.484
174.46,78.315,22.429,59.162
175.68,79.317,22.052,58.127
177.63,81.193,22.494,59.33
180.06,80.398,22.277,58.755
181.07,81.581,22.606,59.718
184.76,81.216,22.107,58.418
186.35,82.905,22.214,58.735
187.51,81.872,22.538,59.612
189.48,81.584,22.389,59.217
192.08,81.7,21.933,58.077
193.78,82.934,21.716,57.424
193.52,81.533,21.886,57.871
191.95,78.387,22.067,58.353
192.03,78.368,22.015,58.159
192.91,75.069,21.751,57.444
188.15,75.539,22.709,60.044
181.12,68.284,22.62,59.837
179.57,69.06,22.906,60.533
178.55,67.058,23.136,61.123
177.26,67.672,22.694,59.934
178.87,66.616,22.743,60.084
176.21,65.446,22.964,60.641
176.24,64.761,22.929,60.548
178.21,65.412,22.972,60.663
178.68,65.911,22.928,60.573
178.1,64.681,23.044,60.941
181.1,65.413,23.376,61.862
174.99,63.962,23.646,62.575
173.41,65.518,23.464,62.011
170.46,66.293,23.595,62.404
168.95,65.113,23.848,63.051
166.54,64.74,24.292,64.152
165.88,63.409,24.438,64.565
160.9,64.365,24.801,65.573
157.71,62.93,24.418,64.588
155.21,65.248,24.537,64.9
153.68,66.28,24.677,65.271
151.41,65.813,25.015,66.186
150.3,65.954,24.899,65.874
151.26,68.551,25.195,66.597
146.9,70.39,25.139,66.404
145.15,72.559,25.582,67.586
144.51,71.41,25.487,67.348
144.62,75.496,24.838,65.614
146.48,75.229,24.509,64.844
154.69,78.254,24.581,65.044
160.1,77.548,24.498,64.798
169.16,79.205,24.08,63.678
172.38,75.78,24.07,63.67
176.6,75.945,24.368,64.446
179.06,72.223,24.64,65.088
183.47,70.237,24.891,65.824
186.57,69.081,24.417,64.525
192.27,68.987,24.137,63.735
195.22,67.493,24.137,63.726
199.14,66.082,24.083,63.567
200.16,64.889,24.124,63.591
202.09,65.808,23.654,62.354
200.84,65.509,23.902,62.968
197.86,67.838,23.174,61.028
190.93,70.79,22.844,60.141
182.63,74.307,23.217,61.123
176,77.218,22.785,59.954
170.15,81.924,22.167,58.329
161.66,84.613,21.833,57.425
157.52,87.038,21.593,56.72
155.79,88.491,21.922,57.626
154.12,89.469,21.527,56.587
150.87,90.658,21.388,56.224
148.93,87.81,21.578,56.728
151.79,88.641,21.204,55.748
153.57,86.119,21.546,56.707
154.48,79.836,21.818,57.392
155.23,79.045,21.951,57.69
156.32,78.904,21.955,57.726
156.16,78.418,22.011,57.832
155.57,77.184,22.001,57.783
156.53,76.664,22.666,59.481
155.12,76.268,22.222,58.31
152.24,74.278,21.813,57.214
150.87,73.835,21.672,56.792
148.79,74.077,21.769,57.008
141.96,73.526,22.056,57.731
137.29,72.137,21.575,56.471
133.84,74.197,21.304,55.763
130.32,73.564,20.722,54.252
133.82,75.541,20.675,54.142
134.18,75.54,20.507,53.631
135.18,75.576,20.819,54.364
127.3,70.864,21.068,54.979
121.77,73.96,20.994,54.765
116.27,82.077,21.321,55.648
110.17,93.02,21.642,56.473
NaN,NaN,NaN,-2
NaN,NaN,NaN,0
NaN,NaN,NaN,0
NaN,NaN,NaN,0
NaN,NaN,NaN,0
NaN,NaN,NaN,-1
121.48,76.366,20.514,56.439
115.96,79.978,20.642,56.79
112.96,81.509,20.707,56.925
110.85,83.062,20.531,56.477
111.07,85.107,20.272,55.738
114.6,85.281,20.011,55.1
120.42,86.031,19.935,54.879
125.03,86.612,19.878,54.746
127.35,88.054,20.033,55.142
129.67,87.749,20.697,56.959
130.31,84.7,20.753,57.081
138.64,79.046,20.945,57.559
142.44,77.812,20.949,57.558
137.83,83.591,20.768,57.12
136.68,84.542,20.919,57.559
144.61,86.184,20.714,56.91
144.6,84.87,20.543,56.452
144.01,83.094,20.779,57.125
144.43,84.066,20.83,57.248
146.78,77.763,20.997,57.75
145.23,78.595,21.191,58.274
146.61,75.915,20.902,57.469
143.37,77.522,21.128,58.032
139.55,82.529,21.223,58.248
138.92,78.196,21.47,58.951
139.3,78.842,21.031,57.76
140.26,82.399,20.884,57.377
143.63,79.073,20.499,56.26
144.53,80.931,20.657,56.792
143.86,79.55,20.897,57.421
141.97,76.64,21.452,58.909
139.39,76.275,21.359,58.615
137.18,77.82,21.431,58.829
137.19,79.186,21.244,58.337
138.09,77.677,20.981,57.511
136.45,78.933,20.951,57.393
135.41,74.396,20.506,56.165
134.35,77.079,20.183,55.335
132.56,77.985,19.356,53.11
132.2,78.128,19.234,52.804
129.63,79.124,18.722,51.362
129.66,83.461,19.13,52.464
133.15,84.88,19.262,52.796
141.09,81.377,19.632,53.745
141.43,84.348,19.406,53.095
145.05,81.354,19.506,53.369
145.84,84.126,19.884,54.408
148.7,77.787,19.861,54.339
150.79,81.732,19.215,52.599
154.22,81.879,19.102,52.312
157,82.123,18.871,51.729
159.51,83.034,18.423,50.48
160.56,82.748,18.047,49.445
161.27,83.581,18.164,49.768
165.01,80.618,18.505,50.685
165.15,80.585,18.02,49.343
165.49,79.912,18.715,51.232
165.12,82.238,18.615,50.974
164.22,79.458,18.201,49.817
165.46,81.596,18.575,50.828
165.26,79.623,18.476,50.581
166.05,78.864,18.144,49.702
166.12,82.88,18.506,50.712
171.34,81.51,18.268,50.073
171.74,79.581,17.859,48.995
174.26,81.144,17.456,47.909
173.62,82.052,18.011,49.412
175.85,79.714,18.045,49.469
178.6,78.285,18.383,50.433
179.04,79.232,18.048,49.498
179.12,78.098,18.12,49.669
179.42,79.695,17.935,49.21
179.41,80.858,17.674,48.501
181.33,82.092,17.345,47.599
179.73,86.286,17.515,48.052
179.12,86.655,18.214,50.001
177.66,86.21,18.628,51.129
176.59,86.089,18.049,49.565
176.08,87.692,17.851,49.021
176.48,91.085,17.803,48.935
174.98,92.269,18.004,49.533
174.03,91.177,18.016,49.482
174.19,91.106,17.743,48.742
172.27,92.157,17.288,47.505
171.92,93.254,17.255,47.396
170.53,92.515,17.186,47.203
171.32,92.149,16.764,46.057
171.64,94.67,17.179,47.24
172.17,92.782,17.622,48.425
174.53,89.336,17.509,48.1
176.44,91.21,18.012,49.465
