NaN,NaN,NaN,-1
140,98,18,48
136,96,18,48
NaN,NaN,NaN,-2
NaN,NaN,NaN,0
NaN,NaN,NaN,0
NaN,NaN,NaN,0
NaN,NaN,NaN,0
NaN,NaN,NaN,-1
139,82,22,54
142,82,22,54
143,82,22,54
143,81,22,54
142,81,22,54
141,80,22,54
140,81,22,54
136,80,22,54
131,80,22,54
127,80,22,54
123,80,22,54
120,79,22,54
119,79,22,54
120,79,22,54
121,79,22,54
122,79,22,54
123,78,22,54
124,78,22,54
126,77,22,54
128,77,22,54
130,76,22,54
132,76,22,54
135,76,22,54
137,76,22,54
140,76,22,54
142,76,22,54
142,75,22,54
142,75,22,54
142,75,22,54
143,76,22,54
144,76,22,54
145,76,22,54
147,77,22,54
148,77,22,54
149,77,22,54
149,77,22,54
150,78,22,54
152,77,22,54
154,77,22,54
156,77,22,54
157,77,22,54
157,77,22,54
157,77,22,54
156,77,22,54
155,77,22,54
153,77,22,54
151,77,22,54
149,77,22,54
143,77,22,54
136,77,22,54
129,77,22,54
123,76,22,54
119,75,22,54
119,73,22,54
120,72,22,54
122,72,22,54
126,71,22,54
131,71,22,54
135,70,22,54
140,70,22,54
147,69,22,54
154,69,22,54
159,70,22,54
163,70,22,54
166,71,22,54
169,71,22,54
169,71,22,54
169,71,22,54
168,72,22,54
168,73,22,54
169,75,22,54
169,76,22,54
170,77,22,54
172,78,22,54
174,78,22,54
176,79,22,54
178,79,22,54
180,80,22,54
182,80,22,54
185,80,22,54
187,81,22,54
189,81,22,54
191,80,22,54
190,78,22,54
189,77,22,54
189,75,22,54
189,73,22,54
185,72,22,54
181,70,22,54
179,69,22,54
178,68,22,54
177,67,22,54
176,66,22,54
176,65,22,54
176,65,22,54
176,65,22,54
177,65,22,54
178,65,22,54
178,65,22,54
176,65,22,54
172,66,22,54
170,66,22,54
169,66,22,54
167,66,22,54
164,66,22,54
161,66,22,54
158,66,22,54
156,67,22,54
153,68,22,54
152,69,22,54
150,70,22,54
149,72,22,54
147,75,22,54
146,76,22,54
144,77,22,54
143,79,22,54
147,80,22,54
153,81,22,54
160,82,22,54
167,81,22,54
172,80,22,54
175,78,22,54
179,76,22,54
182,75,22,54
187,74,22,54
191,72,22,54
193,71,22,54
196,70,22,54
198,70,22,54
198,70,22,54
197,70,22,54
195,71,22,54
187,74,22,54
179,76,22,54
171,80,22,54
164,84,22,54
158,86,22,54
153,88,22,54
150,89,22,54
147,90,22,54
146,90,22,54
146,89,22,54
147,87,22,54
150,84,22,54
151,81,22,54
153,80,22,54
154,79,22,54
152,77,22,54
151,76,22,54
152,76,22,54
150,76,22,54
148,76,22,54
146,75,22,54
143,74,22,54
138,74,22,54
133,74,22,54
130,75,22,54
127,76,22,54
130,77,22,54
130,75,22,54
131,75,22,54
129,76,22,54
125,75,22,54
121,75,22,54
114,79,22,54
125,69,22,54
125,68,22,54
124,68,22,54
123,70,22,54
128,69,22,54
126,71,22,54
123,74,22,54
119,77,22,54
115,80,22,54
111,82,22,54
113,83,22,54
117,83,22,54
121,84,22,54
125,84,22,54
128,84,22,54
131,84,22,54
133,85,22,54
136,85,22,54
138,85,22,54
140,85,22,54
142,86,22,54
143,86,22,54
143,85,22,54
143,84,22,54
142,84,22,54
142,84,22,54
142,83,22,54
142,85,22,54
140,84,22,54
138,84,22,54
135,84,22,54
136,84,22,54
138,84,22,54
140,83,22,54
141,82,22,54
141,81,22,54
139,80,22,54
137,79,22,54
135,79,22,54
136,79,22,54
136,77,22,54
135,76,22,54
133,76,22,54
131,76,22,54
131,76,22,54
129,77,22,54
127,78,22,54
128,78,22,54
133,79,22,54
138,79,22,54
141,79,22,54
144,79,22,54
145,79,22,54
146,78,22,54
149,78,22,54
153,78,22,54
156,78,22,54
158,78,22,54
158,78,22,54
159,77,22,54
160,78,22,54
161,78,22,54
161,77,22,54
162,77,22,54
161,77,22,54
161,77,22,54
160,77,22,54
161,77,22,54
163,77,22,54
166,76,22,54
168,75,22,54
169,75,22,54
169,75,22,54
171,74,22,54
173,74,22,54
173,75,22,54
174,74,22,54
174,74,22,54
174,75,22,54
174,76,22,54
174,77,22,54
173,78,22,54
172,80,22,54
171,84,22,54
168,89,22,54
167,91,22,54
167,89,22,54
165,92,22,54
163,94,22,54
162,95,22,54
161,95,22,54
159,95,22,54
159,96,22,54
160,95,22,54
161,95,22,54
161,96,22,54
161,97,22,54
