NaN,NaN,NaN,-1
168,89,18,48
NaN,NaN,NaN,-2
NaN,NaN,NaN,0
NaN,NaN,NaN,0
NaN,NaN,NaN,0
NaN,NaN,NaN,0
NaN,NaN,NaN,-1
137,84,22,54
140,76,22,54
141,75,22,54
NaN,NaN,NaN,-2
NaN,NaN,NaN,0
NaN,NaN,NaN,0
NaN,NaN,NaN,0
NaN,NaN,NaN,0
NaN,NaN,NaN,-1
154,92,22,54
147,94,22,54
142,94,22,54
139,94,22,54
136,94,22,54
138,94,22,54
137,94,22,54
137,94,22,54
139,94,22,54
140,94,22,54
141,94,22,54
142,94,22,54
144,94,22,54
146,94,22,54
148,94,22,54
150,88,22,54
152,88,22,54
155,88,22,54
154,89,22,54
155,89,22,54
154,89,22,54
155,89,22,54
155,89,22,54
155,90,22,54
156,90,22,54
157,90,22,54
157,90,22,54
157,90,22,54
158,90,22,54
159,89,22,54
161,90,22,54
162,90,22,54
164,90,22,54
164,90,22,54
163,91,22,54
162,91,22,54
161,91,22,54
159,91,22,54
157,91,22,54
154,92,22,54
148,91,22,54
141,92,22,54
134,92,22,54
128,91,22,54
125,90,22,54
125,88,22,54
125,88,22,54
127,87,22,54
132,86,22,54
137,86,22,54
141,85,22,54
146,85,22,54
152,85,22,54
159,84,22,54
164,85,22,54
168,86,22,54
171,86,22,54
174,86,22,54
174,87,22,54
174,87,22,54
172,88,22,54
172,89,22,54
173,91,22,54
173,92,22,54
174,93,22,54
175,94,22,54
177,93,22,54
179,95,22,54
181,95,22,54
183,96,22,54
186,96,22,54
188,96,22,54
190,96,22,54
192,96,22,54
194,96,22,54
193,94,22,54
192,92,22,54
192,90,22,54
191,88,22,54
187,85,22,54
183,85,22,54
181,83,22,54
180,82,22,54
179,81,22,54
178,80,22,54
178,79,22,54
178,78,22,54
178,78,22,54
179,78,22,54
179,78,22,54
180,77,22,54
177,78,22,54
173,77,22,54
171,79,22,54
170,78,22,54
168,78,22,54
166,78,22,54
162,78,22,54
159,78,22,54
157,78,22,54
154,79,22,54
152,80,22,54
151,80,22,54
150,82,22,54
148,85,22,54
146,85,22,54
145,87,22,54
144,88,22,54
148,88,22,54
154,89,22,54
161,89,22,54
167,89,22,54
173,87,22,54
177,87,22,54
180,85,22,54
182,83,22,54
189,81,22,54
193,79,22,54
195,78,22,54
198,77,22,54
201,77,22,54
201,77,22,54
201,77,22,54
197,79,22,54
190,81,22,54
182,84,22,54
173,87,22,54
166,91,22,54
160,93,22,54
156,94,22,54
153,96,22,54
149,97,22,54
148,97,22,54
147,96,22,54
148,94,22,54
150,91,22,54
152,88,22,54
153,87,22,54
154,86,22,54
153,84,22,54
152,82,22,54
153,82,22,54
151,82,22,54
149,82,22,54
147,81,22,54
144,80,22,54
138,81,22,54
133,81,22,54
129,82,22,54
127,82,22,54
130,82,22,54
131,81,22,54
131,81,22,54
131,81,22,54
128,80,22,54
124,79,22,54
117,86,22,54
112,85,22,54
NaN,NaN,NaN,-2
NaN,NaN,NaN,0
NaN,NaN,NaN,0
NaN,NaN,NaN,0
NaN,NaN,NaN,0
NaN,NaN,NaN,-1
133,65,20,54
125,65,20,54
116,65,20,54
112,68,20,54
112,70,20,54
112,75,20,54
109,83,20,54
108,83,20,54
NaN,NaN,NaN,-2
NaN,NaN,NaN,0
NaN,NaN,NaN,0
NaN,NaN,NaN,0
NaN,NaN,NaN,0
NaN,NaN,NaN,-1
141,74,17,53
141,74,17,53
141,73,17,53
142,72,17,53
142,72,17,53
142,72,17,53
142,72,17,53
142,72,17,53
138,72,17,53
136,72,17,53
137,72,17,53
140,72,17,53
142,71,17,53
144,70,17,53
144,69,17,53
142,69,17,53
139,69,17,53
137,68,17,53
138,68,17,53
138,68,17,53
137,67,17,53
135,67,17,53
133,67,17,53
132,68,17,53
130,69,17,53
128,70,17,53
129,70,17,53
134,71,17,53
139,71,17,53
143,71,17,53
146,71,17,53
147,71,17,53
148,71,17,53
151,71,17,53
155,70,17,53
158,70,17,53
160,70,17,53
161,69,17,53
162,69,17,53
163,69,17,53
164,68,17,53
164,68,17,53
165,69,17,53
165,69,17,53
164,69,17,53
163,69,17,53
165,69,17,53
167,69,17,53
168,69,17,53
171,67,17,53
172,67,17,53
174,66,17,53
177,65,17,53
177,66,17,53
177,66,17,53
177,66,17,53
177,66,17,53
177,68,17,53
178,68,17,53
177,70,17,53
177,71,17,53
176,73,17,53
174,76,17,53
170,84,17,53
164,96,17,53
NaN,NaN,NaN,-2
NaN,NaN,NaN,0
NaN,NaN,NaN,0
NaN,NaN,NaN,0
NaN,NaN,NaN,0
NaN,NaN,NaN,-1
NaN,NaN,NaN,-2
NaN,NaN,NaN,0
NaN,NaN,NaN,0
NaN,NaN,NaN,0
NaN,NaN,NaN,0
