NaN,NaN,NaN,-1
168,86,20,48
165,86,20,48
NaN,NaN,NaN,-2
NaN,NaN,NaN,0
NaN,NaN,NaN,0
NaN,NaN,NaN,0
NaN,NaN,NaN,0
NaN,NaN,NaN,-1
169,73,24,54
167,75,24,54
168,73,24,54
NaN,NaN,NaN,-2
NaN,NaN,NaN,0
NaN,NaN,NaN,0
NaN,NaN,NaN,0
NaN,NaN,NaN,0
NaN,NaN,NaN,-1
154,78,24,54
146,76,24,54
139,63,24,54
134,62,24,54
131,59,24,54
130,73,24,54
129,83,24,54
131,81,24,54
132,81,24,54
134,81,24,54
135,80,24,54
137,81,24,54
139,81,24,54
142,81,24,54
144,81,24,54
146,80,24,54
148,81,24,54
148,80,24,54
148,80,24,54
148,80,24,54
149,80,24,54
150,80,24,54
150,81,24,54
151,81,24,54
152,81,24,54
153,81,24,54
153,82,24,54
154,82,24,54
156,81,24,54
157,82,24,54
159,82,24,54
161,82,24,54
161,82,24,54
160,82,24,54
159,82,24,54
158,83,24,54
156,83,24,54
154,83,24,54
151,84,24,54
146,83,24,54
139,84,24,54
131,84,24,54
125,83,24,54
122,82,24,54
121,80,24,54
122,80,24,54
124,79,24,54
128,78,24,54
133,78,24,54
137,77,24,54
143,77,24,54
149,77,24,54
156,77,24,54
160,77,24,54
165,78,24,54
168,78,24,54
171,78,24,54
171,78,24,54
171,79,24,54
170,80,24,54
170,81,24,54
170,83,24,54
171,84,24,54
171,85,24,54
173,85,24,54
175,86,24,54
177,86,24,54
179,86,24,54
181,87,24,54
184,87,24,54
186,88,24,54
188,88,24,54
190,88,24,54
191,88,24,54
191,86,24,54
190,84,24,54
189,83,24,54
189,80,24,54
186,78,24,54
182,77,24,54
179,76,24,54
178,75,24,54
177,74,24,54
176,73,24,54
176,72,24,54
176,72,24,54
176,72,24,54
177,72,24,54
178,71,24,54
178,72,24,54
175,72,24,54
172,72,24,54
169,73,24,54
168,73,24,54
167,72,24,54
164,72,24,54
160,73,24,54
158,73,24,54
156,73,24,54
153,74,24,54
151,75,24,54
150,75,24,54
149,77,24,54
147,80,24,54
145,81,24,54
144,82,24,54
143,84,24,54
146,85,24,54
153,85,24,54
160,85,24,54
166,85,24,54
172,83,24,54
175,82,24,54
178,80,24,54
182,78,24,54
187,77,24,54
191,75,24,54
194,73,24,54
197,72,24,54
199,72,24,54
200,71,24,54
199,71,24,54
196,73,24,54
188,76,24,54
180,78,24,54
172,82,24,54
165,85,24,54
159,87,24,54
154,89,24,54
151,91,24,54
147,92,24,54
146,92,24,54
145,91,24,54
146,90,24,54
149,87,24,54
150,84,24,54
152,83,24,54
153,82,24,54
151,80,24,54
150,78,24,54
151,79,24,54
149,79,24,54
147,79,24,54
145,78,24,54
142,77,24,54
136,77,24,54
132,77,24,54
128,78,24,54
126,78,24,54
128,78,24,54
129,77,24,54
130,77,24,54
129,77,24,54
125,76,24,54
121,77,24,54
114,79,24,54
109,78,24,54
NaN,NaN,NaN,-2
NaN,NaN,NaN,0
NaN,NaN,NaN,0
NaN,NaN,NaN,0
NaN,NaN,NaN,0
NaN,NaN,NaN,-1
133,61,22,54
122,61,22,54
113,62,22,54
109,64,22,54
109,66,22,54
108,67,22,54
106,74,22,54
NaN,NaN,NaN,-2
NaN,NaN,NaN,0
NaN,NaN,NaN,0
NaN,NaN,NaN,0
NaN,NaN,NaN,0
NaN,NaN,NaN,-1
139,70,19,53
139,70,19,53
139,70,19,53
138,69,19,53
138,69,19,53
140,69,19,53
141,69,19,53
141,69,19,53
139,69,19,53
137,69,19,53
134,69,19,53
134,69,19,53
138,70,19,53
141,68,19,53
142,67,19,53
142,67,19,53
139,68,19,53
137,67,19,53
135,68,19,53
135,68,19,53
135,67,19,53
134,67,19,53
133,66,19,53
131,66,19,53
130,68,19,53
128,69,19,53
126,69,19,53
127,70,19,53
132,71,19,53
137,71,19,53
141,71,19,53
144,70,19,53
145,70,19,53
146,70,19,53
149,70,19,53
153,70,19,53
155,69,19,53
158,69,19,53
159,69,19,53
160,68,19,53
161,68,19,53
162,68,19,53
163,68,19,53
163,68,19,53
163,68,19,53
162,68,19,53
162,68,19,53
163,68,19,53
165,68,19,53
168,67,19,53
170,66,19,53
171,66,19,53
172,66,19,53
174,65,19,53
176,65,19,53
176,65,19,53
175,66,19,53
175,66,19,53
175,67,19,53
175,68,19,53
176,70,19,53
175,71,19,53
174,72,19,53
172,77,19,53
169,82,19,53
166,89,19,53
165,88,19,53
164,90,19,53
162,93,19,53
161,95,19,53
160,95,19,53
159,96,19,53
159,96,19,53
159,95,19,53
161,94,19,53
162,94,19,53
162,95,19,53
