NaN,NaN,NaN,-1
166,94,18,52
NaN,NaN,NaN,-2
NaN,NaN,NaN,0
NaN,NaN,NaN,0
NaN,NaN,NaN,0
NaN,NaN,NaN,0
NaN,NaN,NaN,-1
136,82,22,59
NaN,NaN,NaN,-2
NaN,NaN,NaN,0
NaN,NaN,NaN,0
NaN,NaN,NaN,0
NaN,NaN,NaN,0
NaN,NaN,NaN,-1
165,88,22,59
160,89,22,59
NaN,NaN,NaN,-2
NaN,NaN,NaN,0
NaN,NaN,NaN,0
NaN,NaN,NaN,0
NaN,NaN,NaN,0
NaN,NaN,NaN,-1
116,80,22,59
118,79,22,59
119,77,22,59
121,76,22,59
122,76,22,59
124,76,22,59
126,76,22,59
128,76,22,59
131,76,22,59
133,76,22,59
136,76,22,59
138,76,22,59
138,76,22,59
138,77,22,59
139,75,22,59
140,75,22,59
141,76,22,59
143,76,22,59
144,76,22,59
145,77,22,59
145,77,22,59
146,78,22,59
147,78,22,59
149,78,22,59
150,79,22,59
152,79,22,59
154,79,22,59
154,79,22,59
153,79,22,59
152,80,22,59
151,80,22,59
149,81,22,59
147,81,22,59
144,82,22,59
139,82,22,59
132,82,22,59
124,83,22,59
119,81,22,59
115,80,22,59
115,78,22,59
116,78,22,59
117,77,22,59
122,77,22,59
126,76,22,59
130,76,22,59
135,76,22,59
142,76,22,59
149,76,22,59
154,77,22,59
158,78,22,59
162,78,22,59
164,79,22,59
164,79,22,59
164,80,22,59
163,81,22,59
163,82,22,59
164,84,22,59
164,85,22,59
165,86,22,59
166,87,22,59
168,87,22,59
170,88,22,59
171,88,22,59
174,89,22,59
177,89,22,59
180,90,22,59
182,90,22,59
184,90,22,59
185,89,22,59
185,88,22,59
184,87,22,59
184,85,22,59
183,83,22,59
180,81,22,59
176,80,22,59
174,79,22,59
173,77,22,59
172,76,22,59
171,76,22,59
171,75,22,59
171,75,22,59
171,74,22,59
172,74,22,59
173,74,22,59
173,74,22,59
171,74,22,59
167,75,22,59
165,75,22,59
164,75,22,59
163,75,22,59
160,75,22,59
157,75,22,59
154,75,22,59
153,76,22,59
150,77,22,59
148,78,22,59
147,78,22,59
146,80,22,59
144,83,22,59
143,83,22,59
141,85,22,59
141,86,22,59
144,87,22,59
150,88,22,59
157,88,22,59
164,87,22,59
169,86,22,59
173,85,22,59
176,83,22,59
180,81,22,59
185,79,22,59
189,78,22,59
192,76,22,59
194,76,22,59
196,76,22,59
196,76,22,59
196,76,22,59
194,77,22,59
186,79,22,59
178,82,22,59
170,85,22,59
163,89,22,59
157,91,22,59
152,93,22,59
149,95,22,59
146,95,22,59
145,95,22,59
145,93,22,59
146,92,22,59
149,89,22,59
151,86,22,59
152,85,22,59
153,84,22,59
151,82,22,59
151,80,22,59
151,81,22,59
149,81,22,59
147,81,22,59
145,80,22,59
142,79,22,59
137,79,22,59
132,79,22,59
129,80,22,59
127,81,22,59
129,81,22,59
129,80,22,59
131,80,22,59
130,80,22,59
127,79,22,59
122,79,22,59
115,84,22,59
110,83,22,59
NaN,NaN,NaN,-2
NaN,NaN,NaN,0
NaN,NaN,NaN,0
NaN,NaN,NaN,0
NaN,NaN,NaN,0
NaN,NaN,NaN,-1
134,70,20,59
125,74,20,59
116,71,20,59
111,73,20,59
112,74,20,59
112,77,20,59
109,86,20,59
108,87,20,59
NaN,NaN,NaN,-2
NaN,NaN,NaN,0
NaN,NaN,NaN,0
NaN,NaN,NaN,0
NaN,NaN,NaN,0
NaN,NaN,NaN,-1
129,100,17,58
129,99,17,58
129,98,17,58
129,97,17,58
129,96,17,58
NaN,NaN,NaN,-2
NaN,NaN,NaN,0
NaN,NaN,NaN,0
NaN,NaN,NaN,0
NaN,NaN,NaN,0
NaN,NaN,NaN,-1
128,85,16,49
128,83,16,49
NaN,NaN,NaN,-2
NaN,NaN,NaN,0
NaN,NaN,NaN,0
NaN,NaN,NaN,0
NaN,NaN,NaN,0
NaN,NaN,NaN,-1
125,85,16,42
122,84,16,42
NaN,NaN,NaN,-2
NaN,NaN,NaN,0
NaN,NaN,NaN,0
NaN,NaN,NaN,0
NaN,NaN,NaN,0
NaN,NaN,NaN,-1
138,86,15,39
143,86,15,39
146,85,15,39
149,85,15,39
150,84,15,39
151,84,15,39
154,84,15,39
158,83,15,39
160,83,15,39
162,83,15,39
163,82,15,39
164,82,15,39
164,82,15,39
165,82,15,39
166,82,15,39
166,82,15,39
166,82,15,39
165,82,15,39
165,82,15,39
166,82,15,39
168,82,15,39
171,82,15,39
172,81,15,39
174,80,15,39
175,80,15,39
177,80,15,39
178,80,15,39
179,80,15,39
179,80,15,39
180,80,15,39
180,81,15,39
179,83,15,39
179,84,15,39
179,85,15,39
178,87,15,39
177,89,15,39
174,92,15,39
176,89,15,39
175,90,15,39
173,93,15,39
168,101,15,39
172,91,15,39
172,91,15,39
171,92,15,39
170,93,15,39
170,92,15,39
168,97,15,39
168,99,15,39
167,103,15,39
