NaN,NaN,NaN,-1
165,97,19,47
163,96,19,47
NaN,NaN,NaN,-2
NaN,NaN,NaN,0
NaN,NaN,NaN,0
NaN,NaN,NaN,0
NaN,NaN,NaN,0
NaN,NaN,NaN,-1
139,80,23,53
141,79,23,53
143,80,23,53
143,79,23,53
142,79,23,53
140,78,23,53
139,78,23,53
136,77,23,53
131,77,23,53
130,75,23,53
126,74,23,53
122,74,23,53
121,74,23,53
122,74,23,53
124,73,23,53
124,73,23,53
125,72,23,53
127,72,23,53
128,71,23,53
130,71,23,53
132,71,23,53
134,71,23,53
137,71,23,53
139,71,23,53
142,71,23,53
144,71,23,53
143,71,23,53
143,71,23,53
143,71,23,53
144,71,23,53
145,71,23,53
147,71,23,53
149,71,23,53
149,72,23,53
150,72,23,53
151,72,23,53
152,72,23,53
154,73,23,53
156,73,23,53
158,73,23,53
159,73,23,53
159,73,23,53
159,73,23,53
158,73,23,53
157,73,23,53
155,73,23,53
153,73,23,53
150,73,23,53
145,73,23,53
138,73,23,53
131,73,23,53
125,72,23,53
122,70,23,53
121,68,23,53
122,67,23,53
124,67,23,53
128,66,23,53
133,65,23,53
137,65,23,53
143,64,23,53
149,64,23,53
156,64,23,53
161,64,23,53
165,65,23,53
168,65,23,53
170,65,23,53
171,65,23,53
171,66,23,53
170,67,23,53
170,68,23,53
170,69,23,53
171,71,23,53
172,71,23,53
173,72,23,53
175,72,23,53
177,73,23,53
179,73,23,53
182,73,23,53
184,74,23,53
186,74,23,53
188,74,23,53
190,74,23,53
192,74,23,53
191,72,23,53
190,71,23,53
190,69,23,53
190,67,23,53
185,65,23,53
181,64,23,53
179,62,23,53
178,61,23,53
177,60,23,53
176,59,23,53
176,59,23,53
176,59,23,53
176,59,23,53
177,59,23,53
178,58,23,53
179,58,23,53
175,59,23,53
172,60,23,53
170,60,23,53
169,60,23,53
166,60,23,53
164,60,23,53
161,60,23,53
158,61,23,53
156,61,23,53
153,63,23,53
151,64,23,53
150,64,23,53
149,66,23,53
147,69,23,53
145,71,23,53
144,72,23,53
143,74,23,53
146,75,23,53
152,76,23,53
159,77,23,53
166,76,23,53
171,75,23,53
175,73,23,53
178,71,23,53
182,70,23,53
186,69,23,53
190,67,23,53
193,66,23,53
195,67,23,53
197,65,23,53
198,65,23,53
197,65,23,53
195,66,23,53
187,69,23,53
179,70,23,53
171,75,23,53
164,78,23,53
158,81,23,53
152,83,23,53
150,84,23,53
147,85,23,53
145,85,23,53
145,84,23,53
146,83,23,53
149,80,23,53
150,77,23,53
152,76,23,53
152,75,23,53
151,73,23,53
150,72,23,53
150,72,23,53
149,71,23,53
147,71,23,53
145,70,23,53
142,70,23,53
137,70,23,53
132,70,23,53
129,71,23,53
127,71,23,53
126,74,23,53
130,70,23,53
131,71,23,53
127,73,23,53
123,72,23,53
118,74,23,53
111,74,23,53
NaN,NaN,NaN,-2
NaN,NaN,NaN,0
NaN,NaN,NaN,0
NaN,NaN,NaN,0
NaN,NaN,NaN,0
NaN,NaN,NaN,-1
139,69,21,54
132,69,21,54
122,66,21,54
113,67,21,54
105,79,21,54
108,80,21,54
110,81,21,54
106,90,21,54
NaN,NaN,NaN,-2
NaN,NaN,NaN,0
NaN,NaN,NaN,0
NaN,NaN,NaN,0
NaN,NaN,NaN,0
NaN,NaN,NaN,-1
139,73,18,52
140,74,18,52
140,73,18,52
140,73,18,52
140,72,18,52
140,73,18,52
141,73,18,52
141,73,18,52
140,73,18,52
137,73,18,52
134,73,18,52
135,73,18,52
138,73,18,52
141,72,18,52
142,71,18,52
141,70,18,52
140,70,18,52
137,70,18,52
136,70,18,52
136,70,18,52
136,69,18,52
135,69,18,52
134,69,18,52
132,69,18,52
131,69,18,52
129,70,18,52
127,71,18,52
128,71,18,52
133,72,18,52
138,73,18,52
142,73,18,52
145,72,18,52
146,72,18,52
147,72,18,52
150,72,18,52
154,72,18,52
156,72,18,52
159,71,18,52
160,71,18,52
160,71,18,52
161,71,18,52
162,71,18,52
163,71,18,52
163,71,18,52
163,71,18,52
162,71,18,52
162,71,18,52
163,71,18,52
165,71,18,52
168,70,18,52
170,69,18,52
171,69,18,52
172,68,18,52
174,68,18,52
175,68,18,52
176,68,18,52
176,68,18,52
176,69,18,52
177,70,18,52
177,71,18,52
177,72,18,52
176,73,18,52
175,75,18,52
173,79,18,52
170,86,18,52
168,87,18,52
168,87,18,52
167,89,18,52
164,95,18,52
163,96,18,52
162,96,18,52
160,97,18,52
160,97,18,52
161,96,18,52
162,96,18,52
163,97,18,52
163,98,18,52
