NaN,NaN,NaN,-1
81.888,91.966,37.383,51.176
86.025,90.781,39.461,52.757
90.778,91.096,40.671,53.457
97.409,92.688,39.831,52.89
103.42,93.674,40.673,53.525
111.33,95.457,38.941,51.995
116.67,94.76,40.013,52.665
121.96,93.975,41.123,53.02
127.3,92.008,42.77,53.801
135.52,94.515,35.358,47.694
141.56,95.38,33.708,45.968
147.58,95.935,33.634,45.964
153.41,96.384,36.151,47.83
159.42,96.141,38.067,49.049
165.32,96.332,38.066,48.76
170.97,95.342,38.95,49.437
177.17,94.496,38.458,48.789
183.71,93.895,37.367,47.887
187.61,92.853,39.603,49.842
192.87,93.68,38.103,48.458
196.93,95.086,38.032,48.354
200.2,95.398,37.737,47.777
199.14,95.264,38.214,47.777
198.7,93.925,37.151,47.546
197.76,93.912,35.465,45.913
194.17,94.074,35.906,46.132
189.69,93.324,36.072,46.323
184.22,92.904,34.792,45.358
177.71,93.16,33.945,44.797
169.82,93.315,33.465,44.545
157.48,88.971,42.266,51.071
147.86,89.679,42.331,51.602
135.14,91.475,44.023,53.241
124.57,92.401,44.087,53.878
115.05,93.15,43.808,54.12
109.28,91.453,43.511,53.778
104.29,90.486,44.187,54.584
101.77,89.244,43.265,53.268
101.56,90.051,41.592,51.698
102.46,91.064,40.312,50.887
105.6,93.938,38.358,49.129
107.99,95.351,38.637,50.063
113.17,95.451,38.495,49.853
119.49,94.857,37.931,49.35
126.6,94.116,40.182,51.786
133.98,93.507,41.678,53.109
142.3,92.927,43.274,54.593
151.2,92.616,45.148,55.46
161.06,92.193,45.86,55.801
170.45,91.97,47.911,57.443
180.15,92.646,48.448,57.344
188.31,92.948,49.451,57.9
194.6,93.959,49.164,57.46
197.61,95.744,48.899,57.236
197.54,96.828,45.467,55.243
193.42,97.779,45.394,54.888
186.39,97.753,45.697,54.679
177.33,97.99,45.926,54.787
165.4,96.4,45.793,54.509
151.77,94.883,47.348,55.838
136.11,93.216,49.132,57.912
121.64,92.875,50.46,58.891
114.34,98.344,42.603,56.677
104.53,99.33,42.526,56.607
96.187,101.11,43.033,56.828
88.1,102.27,43.224,56.67
84.238,102.94,41.829,56.327
79.864,105.13,41.398,55.307
75.306,107,41.118,53.814
74.457,108.74,37.319,50.345
73.274,108.35,38.123,50.719
72.464,109.53,38.02,50.239
73.011,109.82,37.51,49.844
73.536,110.14,38.613,50.638
75.94,111.38,38.709,50.963
79.372,110.38,38.853,51.034
85.055,108.84,39.397,51.512
92.852,106.47,40.146,51.913
103.81,103.99,39.538,51.605
115.33,97.867,41.482,54.645
125.39,91.862,45.42,60.24
142.35,90.059,43.985,59.561
158.07,89.71,44.365,60.759
171.13,88.82,50.149,66.04
180.35,91.702,56.154,70.728
187.86,95.566,57.798,71.142
191.42,98.189,60.355,72.556
191.93,99.451,60.347,72.615
191.11,99.789,59.973,72.163
189.03,100.33,58.866,70.81
187.47,99.522,58.665,70.668
183.79,99.653,58.057,70.578
180.03,100.8,58.099,70.913
174.27,104.14,58.1,71.682
168.83,108.83,54.96,69.587
160.79,112.44,51.684,66.761
150.3,109.64,50.858,66.252
136.16,103.34,49.885,65.767
118.45,95.05,50.736,66.756
99.861,93.925,51.362,67.943
90.817,103.92,51.994,70.795
75.549,108.9,54.17,73.129
64.653,111.55,54.673,73.754
56.944,112.66,54.647,73.807
50.52,112.73,53.549,73.191
43.979,111.71,54.378,73.901
36.953,112.35,55.128,74.863
29.72,113.63,55.503,75.253
20.387,115.55,56.205,75.935
12.805,114.55,54.82,74.768
5.4261,107.16,53.899,74.015
-3.0145,98.231,56.125,75.687
-8.7399,96.146,55.945,75.237
-16.42,97.744,53.201,66.349
-10.805,113.11,51.206,64.644
-3.5298,125.34,52.667,65.316
5.1406,131.75,51.512,64.153
13.314,133.02,51.155,63.957
20.625,133.66,50.101,63.377
26.125,133.1,49.284,62.512
31.482,132.15,49.234,62.499
33.668,129.85,49.836,63.188
36.964,127.61,50.084,63.504
39.769,126.3,50.584,64.089
43.734,126.41,50.685,63.871
48.466,126.24,51.8,64.263
54.601,125.23,53.437,64.83
62.799,123.56,53.771,65.019
71.835,119.42,51.94,63.625
80.124,111.91,51.298,63.099
88.464,101.81,51.377,63.26
97.371,99.462,42.512,54.357
99.435,95.808,42.555,53.948
98.27,93.111,46.175,56.728
95.962,95.291,46.542,57.144
91.214,98.181,45.498,56.687
85.002,99.887,44.97,56.901
78.894,99.943,45.78,57.864
74.688,101.3,44.766,57.144
71.552,100.95,41.824,55.096
68.911,100.16,40.347,54.532
67.243,98.99,39.332,53.855
66.368,97.079,41.864,56.023
69.154,97.249,39.707,54.642
71.086,96.578,40.087,54.649
74.053,96.583,41.232,55.644
77.945,97.471,43.744,57.582
84.596,99.803,43.205,57
92.398,101.42,43.797,57.141
101.43,101.48,43.826,57.146
111.7,100.65,41.713,55.116
120.33,99.32,40.364,53.818
125.74,98.381,40.976,53.504
125.56,94.086,49.192,58.428
129.34,92.37,46.453,58.231
128.68,91.793,48.03,59.361
128.12,93.934,43.617,56.006
124.88,94.778,44.554,57.217
120.87,96.305,43.266,55.921
116.62,96.03,42.439,55.105
112.78,94.581,41.954,54.365
110.01,92.1,42.355,53.501
111.47,90.97,41.121,52.43
113.34,90.444,43.959,54.01
118.41,91.927,42.773,53.194
124.84,92.395,44.518,54.582
132.88,93.48,42.909,53.827
141.37,92.386,42.876,53.858
148.3,90.959,44.255,54.034
158.53,93.245,33.974,46.733
163.56,92.404,34.725,47.411
