NaN,NaN,NaN,-1
81.562,91.57,38.036,51.395
86.137,90.367,39.501,52.91
90.611,89.802,41.392,54.519
96.462,90.998,41.349,54.225
102.15,91.974,43.23,55.724
108.66,92.326,44.822,56.209
117.43,96.22,37.2,48.868
123.58,96.534,37.022,48.244
129.71,93.54,36.934,48.664
135.77,94.117,35.764,47.628
141.4,94.896,34.543,46.042
147.35,95.582,35.178,46.412
153.01,95.905,38.058,48.667
159.76,95.806,38.778,48.995
164.25,94.644,39.812,51.442
170.56,93.142,39.827,51.536
175.88,91.877,41.674,52.987
182.53,91.234,40.458,52.749
186.96,91.265,40.522,52.765
193.59,92.415,37.323,49.934
197.82,93.631,37.203,49.431
199.98,93.917,37.701,49.881
199.41,93.028,39.07,51.327
199.61,92.621,36.732,49.288
198.25,92.329,35.695,48.175
195.21,92.223,35.279,47.579
189.74,91.59,35.451,47.847
184.65,90.563,35.303,48.279
177.68,90.272,36.209,48.691
169.77,90.35,36.847,49.287
160.65,92.284,35.573,47.664
148.8,90.9,40.756,51.25
136.49,91.912,42.072,52.384
126.53,93.796,40.849,51.795
117.42,94.674,39.29,50.312
110.76,92.859,41.31,51.829
105.79,91.028,40.707,51.399
103.4,90.609,39.724,50.611
103.31,91.68,37.32,48.253
104.43,93.6,35.505,46.721
107.7,95.895,33.231,45.029
111.31,98.779,31.399,43.154
116.55,99.046,31.697,43.655
122.61,97.867,32.152,43.962
130.12,98.342,32.005,43.778
137.91,98.021,33.145,45.123
146.57,97.873,33.789,45.903
156.71,97.917,33.657,46.094
166.19,97.793,34.242,46.16
175.69,98.051,35.354,46.675
186,98.259,35.905,46.922
194.18,99.602,35.612,46.895
200.45,100.62,36.204,47.47
202.83,101.54,36.957,48.149
202.25,102.64,37.65,48.544
198.18,103.13,37.699,48.449
192.95,104.23,35.449,45.951
184.49,104.76,34.345,45.087
171.78,102.93,34.796,45.803
159,102.03,35.191,46.253
143.79,100.66,35.222,46.733
128.87,99.569,37.544,49.144
112.84,94.232,45.494,57.197
102.57,95.544,45.196,57.226
95.006,97.359,45.115,57.263
87.223,100.72,44.626,56.741
84.341,102.86,42.949,55.409
80.73,105.44,41.945,54.355
78.36,106.58,41.489,54.03
77.499,107.13,39.076,52.447
75.662,106.97,39.587,53.163
74.456,106.85,40.153,53.477
74.679,107.2,40.097,53.462
75.551,107.87,40.108,53.818
77.651,108.9,39.934,53.839
81.188,108.34,40.593,54.326
87.861,108.02,39.068,53.155
96.339,106.47,38.935,52.93
107.18,103.08,38.738,52.497
116.77,99.349,38.719,52.581
131.23,95.764,38.292,51.399
146.78,93.703,38.402,51.44
162.31,92.56,40.445,53.456
177.57,93.014,42.889,55.171
188.95,96.812,45.167,56.477
197.28,101.12,45.585,56.884
201.29,105.06,46.363,57.573
202.54,106.22,45.624,57.072
201.67,107.15,43.471,55.312
200.27,108.06,42.332,53.883
198.02,107.57,41.118,52.833
195.14,107.86,40.889,52.164
191.27,108.6,40.124,52.053
187.36,114.23,35.536,48.082
180.43,119.3,33.921,46.427
172,120.83,32.943,45.383
160.39,117.73,33.093,45.493
145.2,110.13,35.209,47.526
128.02,102.09,36.024,48.583
109.27,100.45,37.538,50.461
95.062,101.55,50.78,58.968
79.833,105.65,54.875,62.09
69.043,109.75,54.837,61.746
60.938,110.28,54.802,61.589
54.401,111.04,53.775,60.296
47.263,109.37,56.745,62.789
39.55,109.98,57.524,63.52
33.034,111.17,57.204,63.424
24.536,113.2,57.878,63.699
15.671,112.11,57.943,63.581
6.7696,104.31,58.37,63.512
0.22019,96.752,58.479,63.108
-6.0266,94.764,59.815,63.95
-5.7677,101.2,58.458,62.978
-10.226,113.23,50.796,63.119
-1.3217,127.55,48.964,61.481
7.5284,134.34,47.307,60.034
15.72,135.36,46.919,59.749
23.353,136.17,45.701,58.443
28.573,135.53,45.339,57.837
33.652,134.82,45.012,57.269
36.941,133.06,45.286,57.481
39.396,130.61,45.661,57.356
42.054,129.38,46.244,57.706
46.145,129.17,46.298,57.589
51.113,129.62,46.51,57.589
57.832,128.22,48.012,58.751
64.449,125.34,50.094,60.016
73.991,121.27,48.239,58.388
82.164,113.57,47.683,57.95
90.573,104.99,46.772,57.204
97.052,98.39,46.15,56.449
99.626,93.973,44.836,55.299
98.349,92.922,46.272,57.031
95.967,95.223,45.826,56.685
91.9,98.713,44.066,55.985
86.122,100.54,43.195,55.711
80.096,101.3,43.014,55.744
74.211,100.3,45.23,57.747
70.419,99.65,43.764,57.29
67.925,98.699,41.986,56.483
66.208,97.586,41.173,55.812
66.382,95.975,41.64,56.779
66.573,93.851,44.627,59.055
67.788,93.768,45.468,59.128
70.674,93.971,47.027,59.841
77.173,96.884,44.156,57.296
83.025,99.242,43.973,56.909
90.264,100.03,46.489,58.429
100.61,100.13,46.233,58.211
108.37,98.663,45.847,57.962
117.78,97.411,43.936,56.51
123.04,95.381,44.757,57.412
126.66,94.483,46.159,58.025
125.17,95.748,52.884,61.987
124.24,96.069,52.861,62.143
121.64,96.297,52.765,61.922
119.6,96.775,51.983,61.023
114.84,98.915,51.61,60.822
111.53,97.956,50.747,60.655
108.8,96.934,47.457,58.301
107.92,95.277,46.098,57.558
109.02,94.193,46.272,56.878
111.45,94.974,45.68,55.118
119.01,92.901,41.125,52.21
125.17,92.346,42.651,54.217
131.67,91.723,45.597,56.834
140.04,90.558,45.555,56.876
147.49,89.575,45.484,57.345
153.82,88.642,45.179,57.739
163.22,92.237,36.439,48.943
