NaN,NaN,NaN,-1
260.69,165.08,53,39
260.61,165.17,53,39
260.49,165.1,53,39
259.75,165.01,53,39
259.67,165.11,53,39
259.39,165.05,53,39
258.61,165.01,53,39
258.59,165.04,53,39
258.54,165.03,53,39
258.48,165.02,53,39
257.59,164.96,53,39
257.39,164.89,53,39
256.61,164.78,53,39
256.64,165.21,52.47,38.61
256.43,165.48,51.945,38.224
255.75,164.74,51.945,38.224
255.69,164.66,51.945,38.224
255.48,164.63,51.945,38.224
254.63,164.58,51.945,38.224
254.35,164.08,51.426,37.842
253.63,163.99,51.426,37.842
253.55,163.77,51.426,37.842
253.43,164.41,50.912,37.463
253.69,164.41,50.402,37.089
253.51,163.77,50.402,37.089
253.35,163.74,50.402,37.089
252.46,163.55,50.402,37.089
251.57,163.48,50.402,37.089
251.51,162.68,50.402,37.089
251.51,162.68,50.402,37.089
251.32,162.68,50.402,37.089
250.59,162.51,50.402,37.089
250.61,162.47,50.402,37.089
250.28,161.79,50.402,37.089
249.88,161.7,50.402,37.089
249.27,161.53,50.402,37.089
248.6,161.4,50.402,37.089
248.53,160.77,50.402,37.089
248.5,160.76,50.402,37.089
248.5,160.76,50.402,37.089
248.5,160.76,50.402,37.089
248.48,161.06,49.898,36.718
248.53,161.41,49.399,36.351
248.51,161.37,49.399,36.351
248.5,161.34,49.399,36.351
248.5,161.34,49.399,36.351
247.7,160.2,49.399,36.351
247.55,160.1,49.399,36.351
247.52,160.08,49.399,36.351
247.51,160.07,49.399,36.351
247.5,160.07,49.399,36.351
247.5,160.07,49.399,36.351
246.74,159.65,49.399,36.351
246.55,159.66,49.399,36.351
246.52,159.65,49.399,36.351
246.5,159.65,49.399,36.351
245.81,159.42,49.399,36.351
245.59,159.22,49.399,36.351
244.53,158.31,49.399,36.351
244.51,158.3,49.399,36.351
244.5,158.29,49.399,36.351
244.5,158.29,49.399,36.351
244.5,158.29,49.399,36.351
244.5,158.29,49.399,36.351
244.5,158.29,49.399,36.351
244.5,158.29,49.399,36.351
244.5,158.29,49.399,36.351
244.51,158.45,48.905,35.987
243.58,157.13,48.905,35.987
243.5,157,48.905,35.987
243.5,157,48.905,35.987
243.5,157,48.905,35.987
243.5,157,48.905,35.987
242.83,156.47,48.905,35.987
242.63,156.28,48.905,35.987
242.53,156.21,48.905,35.987
242.52,156.19,48.905,35.987
242.5,156.18,48.905,35.987
241.84,155.47,48.905,35.987
241.66,155.26,48.905,35.987
241.52,155.09,48.905,35.987
241.51,155.08,48.905,35.987
240.84,154.49,48.905,35.987
240.54,154.1,48.905,35.987
240.52,154.08,48.905,35.987
240.51,154.07,48.905,35.987
240.5,154.06,48.905,35.987
240.5,154.06,48.905,35.987
239.8,153.05,49.395,36.347
239.52,152.87,49.395,36.347
239.5,152.86,49.395,36.347
239.5,152.86,49.395,36.347
239.5,152.86,49.395,36.347
239.5,152.86,49.395,36.347
239.5,152.86,49.395,36.347
239.5,152.86,49.395,36.347
239.5,152.86,49.395,36.347
237.83,150.69,49.888,36.71
237.15,149.88,50.387,37.077
234.23,150.56,49.883,36.707
234.34,150.69,49.385,36.34
234.41,151,48.891,35.976
233.86,151.23,48.402,35.616
233.74,151.5,47.918,35.26
233.53,151.41,47.439,34.908
233.77,151.59,46.964,34.559
234.01,151.76,46.495,34.213
234.24,151.93,46.03,33.871
234.47,152.1,45.569,33.532
234.64,152.02,45.114,33.197
234.86,152.19,44.663,32.865
235.09,152.35,44.216,32.536
234.96,152.35,43.774,32.211
234.8,152.61,43.336,31.889
234.92,152.61,42.903,31.57
234.97,152.4,42.474,31.254
235.09,152.64,42.049,30.942
235.3,152.79,41.628,30.632
235.51,152.94,41.212,30.326
235.72,153.09,40.8,30.023
235.92,153.25,40.392,29.722
236.11,153.5,39.988,29.425
236.08,153.45,39.588,29.131
236.12,153.48,39.192,28.84
236.31,153.62,38.8,28.551
236.25,153.81,38.412,28.266
236.44,153.95,38.028,27.983
235.99,153.65,37.648,27.703
236.6,153.79,37.272,27.426
236.48,153.9,36.899,27.152
236.67,154.04,36.53,26.88
236.35,153.57,36.165,26.612
236.63,153.85,35.803,26.346
236.81,153.98,35.445,26.082
237.13,153.47,35.09,25.821
237.31,153.6,34.74,25.563
237.13,153.86,34.392,25.307
237.31,153.98,34.048,25.054
237.35,154.11,33.708,24.804
237.52,154.24,33.371,24.556
237.73,153.77,33.037,24.31
237.95,154.03,32.707,24.067
237.79,153.91,33.034,24.308
237.95,154.04,32.703,24.065
237.85,154.13,32.703,24.065
238.02,154.25,32.376,23.824
238.02,154.25,32.376,23.824
238.05,154.09,32.7,24.062
238.12,154.16,32.373,23.822
238.25,154.17,32.373,23.822
238.25,154.17,32.373,23.822
238.25,154.17,32.373,23.822
238.25,154.17,32.373,23.822
238.41,154.29,32.049,23.583
238.07,154.4,32.049,23.583
238.79,154.83,31.729,23.348
238.62,154.99,31.412,23.114
238.5,155.04,31.412,23.114
238.5,155.04,31.412,23.114
238.37,155.18,31.097,22.883
238.37,155.18,31.097,22.883
238.37,155.18,31.097,22.883
238.37,155.18,31.097,22.883
238.37,155.18,31.097,22.883
238.37,155.18,31.097,22.883
238.37,155.18,31.097,22.883
238.37,155.18,31.097,22.883
238.37,155.18,31.097,22.883
238.14,154.85,31.408,23.112
238.14,154.85,31.408,23.112
237.77,154.88,31.408,23.112
237.59,155.01,31.408,23.112
237.77,155.01,31.722,23.343
237.73,155.38,32.04,23.576
237.51,155.59,31.719,23.341
237.74,155.19,32.036,23.574
237.9,155.31,31.716,23.338
237.86,154.44,31.716,23.338
238.36,153.91,31.716,23.338
238.05,153.92,31.716,23.338
237.43,154.33,32.033,23.572
237.04,153.98,32.033,23.572
236.9,154.24,32.033,23.572
236.19,154.16,32.354,23.807
235.77,153.98,32.354,23.807
235.94,154.01,32.354,23.807
235.74,153.99,32.354,23.807
235.63,154.03,32.354,23.807
235.79,154.15,32.03,23.569
235.64,154.05,32.03,23.569
234.89,154.19,32.35,23.805
234.39,154.01,32.35,23.805
233.66,154.01,32.35,23.805
233.58,153.48,32.027,23.567
233.68,153.31,32.027,23.567
233.53,153.16,32.027,23.567
233.53,153.16,32.027,23.567
233.77,152.96,32.027,23.567
233.34,153.06,32.027,23.567
232.94,152.9,32.347,23.803
232.35,152.92,32.347,23.803
231.93,152.69,32.671,24.041
231.29,151.69,32.997,24.281
229.81,151.81,32.997,24.281
227.7,152.32,33.327,24.524
227.5,152.08,33.661,24.769
227.1,151.89,33.997,25.017
226.16,152.33,34.337,25.267
225.17,152.21,34.681,25.52
224.26,152.04,35.027,25.775
224.09,151.91,35.378,26.033
223.44,152.26,35.731,26.293
222.84,150.78,35.731,26.293
222.99,150.44,35.374,26.03
222.39,150.62,35.728,26.29
221.85,150.29,35.371,26.027
221.67,149.87,35.371,26.027
221.08,149.5,35.017,25.767
221.08,149.5,35.017,25.767
221.11,149.57,34.667,25.509
220.54,149.48,34.32,25.254
220.22,149.71,33.977,25.002
220.03,149.72,33.637,24.752
218.36,149.82,33.301,24.504
215.47,150.59,33.301,24.504
214.58,151.34,33.301,24.504
213.84,151.58,32.968,24.259
213.17,151.63,33.297,24.502
212.99,151.72,32.964,24.257
212.2,152.3,33.294,24.499
211.96,152.05,33.294,24.499
211.94,151.95,33.627,24.744
211.98,151.9,33.627,24.744
211.81,151.78,33.963,24.992
211.64,151.65,34.303,25.242
212.12,151.55,34.303,25.242
212,151.44,34.646,25.494
211.96,151.91,34.992,25.749
212.32,152.31,35.342,26.007
214.73,155.56,35.696,26.267
215.12,156.02,35.696,26.267
214.63,155.7,35.696,26.267
211.49,156.59,36.053,26.529
209.52,157.36,36.053,26.529
209.64,157.55,35.692,26.264
209.16,157.99,35.692,26.264
202.57,158.24,36.049,26.527
201.53,158.34,36.409,26.792
200.5,158.49,36.774,27.06
196.71,158.46,37.141,27.33
196.18,158,37.141,27.33
193.46,158.01,37.513,27.604
190.68,156.94,37.888,27.88
190.38,156.98,37.888,27.88
189.45,157.1,37.888,27.88
188.85,156.72,37.509,27.601
189.07,157.04,37.134,27.325
188.25,157.06,37.134,27.325
184.79,159.07,36.763,27.052
179.6,157.82,37.13,27.322
179.25,157.95,37.13,27.322
179.28,157.86,36.759,27.049
176.19,156.88,37.126,27.319
175.5,156.8,37.126,27.319
174.56,156.72,37.126,27.319
174.75,156.85,36.755,27.046
174.86,156.79,36.388,26.776
174.99,157.11,36.024,26.508
174.36,157.19,35.664,26.243
172.95,157.85,35.307,25.981
172.95,157.59,34.954,25.721
168.52,156.93,35.303,25.978
168.25,157,34.95,25.718
167.71,157.06,34.601,25.461
165.81,157.2,34.255,25.206
165.81,157.43,33.912,24.954
162.48,157.08,33.912,24.954
162.65,157.2,33.573,24.705
161,156.92,33.237,24.458
160.73,157,32.905,24.213
158.8,157.02,32.576,23.971
156.76,157.26,32.25,23.731
155.19,156.72,31.928,23.494
155,157.02,31.608,23.259
154.56,156.96,31.292,23.026
152.62,156.58,30.979,22.796
151.22,157.02,30.67,22.568
147.65,154.92,30.976,22.794
147.53,155.92,30.667,22.566
144.03,155.8,30.973,22.792
144.2,156.38,30.664,22.564
140.4,154.82,30.97,22.789
140.25,155.39,30.66,22.561
134.69,154.69,30.967,22.787
133.59,154.38,31.277,23.015
130.28,152.87,31.277,23.015
128.35,152.87,31.277,23.015
127.64,152.39,31.589,23.245
127.26,151.63,31.589,23.245
125.49,150.8,31.905,23.478
123.59,149.67,32.224,23.712
121.95,148.77,32.547,23.949
121.12,148.37,32.872,24.189
119.31,146.74,33.201,24.431
119.05,146.4,33.533,24.675
117.1,144.43,33.868,24.922
115.42,142.93,34.207,25.171
115.17,142.68,34.207,25.171
114.95,142.22,34.207,25.171
114.52,141.63,34.549,25.423
115.47,140.02,34.549,25.423
114.88,138.85,34.549,25.423
115.25,138.53,34.203,25.169
114.77,138.5,34.203,25.169
114.12,138.47,33.861,24.917
114.19,138.46,33.523,24.668
114.23,137.64,33.523,24.668
114.06,137.67,33.523,24.668
113.5,136.7,33.858,24.914
113.39,136.29,33.519,24.665
113.81,136.06,33.519,24.665
113.84,135.67,33.184,24.419
NaN,NaN,NaN,-2
NaN,NaN,NaN,0
NaN,NaN,NaN,0
NaN,NaN,NaN,0
NaN,NaN,NaN,0
NaN,NaN,NaN,-1
66.424,144.16,40,16
64.042,144.11,40,16
63.252,144.16,40,16
61.168,144.12,40,16
59.272,144.12,40,16
58.452,143.88,40,16
57.907,144.04,39.6,15.84
57.89,143.97,39.204,15.682
55.784,143.34,39.596,15.838
55.781,143.12,39.2,15.68
55.423,143.14,38.808,15.523
53.707,143.12,38.42,15.368
51.852,142.66,38.42,15.368
52.054,142.33,38.036,15.214
51.461,142.4,37.655,15.062
49.722,141.85,37.655,15.062
49.911,141.93,37.279,14.912
49.655,141.83,36.906,14.762
45.525,141.39,37.275,14.91
44.832,141.02,36.902,14.761
44.726,140.9,36.533,14.613
44.487,141.09,36.168,14.467
40.93,140.4,36.53,14.612
40.267,140.13,36.53,14.612
37.777,139.57,36.895,14.758
37.757,139.24,36.526,14.61
37.143,139.37,36.526,14.61
35.256,139.15,36.526,14.61
34.527,139.02,36.161,14.464
32.462,138.64,36.522,14.609
30.999,138.29,36.157,14.463
30.704,138.3,35.796,14.318
30.512,138.17,35.796,14.318
28.353,138.4,35.438,14.175
24.043,137.86,35.438,14.175
23.07,137.63,35.438,14.175
22.939,137.29,35.083,14.033
21.938,137.11,35.434,14.174
21.035,136.72,35.434,14.174
20.592,136.65,35.434,14.174
18.763,136.25,35.08,14.032
18.297,135.95,35.08,14.032
16.251,135.79,35.08,14.032
15.505,135.91,35.08,14.032
13.523,135.24,35.431,14.172
