NaN,NaN,NaN,-1
252.6,165.18,52,36
252.66,165.29,52,36
252.54,165.27,52,36
252.47,165.26,52,36
251.55,165.2,52,36
251.4,165.17,52,36
250.69,165.14,52,36
250.71,165.22,52,36
250.64,165.2,52,36
250.64,165.2,52,36
250.68,165.35,52,36
250.37,165.29,52,36
249.69,165.13,52,36
249.69,165.13,52,36
249.69,165.13,52,36
249.65,165.24,52,36
249.65,165.24,52,36
249.47,165.13,52,36
248.54,165.04,52,36
248.54,165.04,52,36
248.16,165.35,51.48,35.64
247.81,164.95,51.48,35.64
247.81,164.95,51.48,35.64
247.18,165.31,50.965,35.284
247.09,164.69,50.965,35.284
247.08,164.59,50.456,34.931
247.08,164.59,50.456,34.931
246.78,164.68,50.456,34.931
246.78,164.68,50.456,34.931
246.78,164.68,50.456,34.931
246.61,164.74,50.456,34.931
246.53,164.78,50.456,34.931
246.53,164.7,50.456,34.931
244.82,164.3,49.951,34.581
244.28,164.21,49.451,34.236
244.45,164.42,48.957,33.893
243.94,163.69,48.957,33.893
243.94,163.69,48.957,33.893
243.94,163.69,48.957,33.893
243.58,163.61,48.957,33.893
243.58,163.61,48.957,33.893
243.56,163.77,48.467,33.554
243.56,163.77,48.467,33.554
243.56,163.77,48.467,33.554
243.52,163.77,48.467,33.554
243.5,163.77,48.467,33.554
243.5,163.77,48.467,33.554
243.5,163.77,48.467,33.554
243.5,163.77,48.467,33.554
243.5,163.77,48.467,33.554
243.5,163.77,48.467,33.554
243.5,163.77,48.467,33.554
243.42,163.8,47.983,33.219
242.85,163.73,47.983,33.219
242.66,163.71,47.983,33.219
242.06,163.41,47.983,33.219
241.67,163.01,47.983,33.219
241.56,162.9,47.983,33.219
241.5,162.85,47.983,33.219
241.5,162.85,47.983,33.219
240.89,162.46,47.983,33.219
238.96,162.69,47.503,32.887
238.46,162.82,47.028,32.558
238.35,162.4,46.558,32.232
238.58,162.56,46.092,31.91
238.57,162.65,45.631,31.591
238.56,162.4,45.175,31.275
238.7,162.65,44.723,30.962
238.51,162.67,44.276,30.652
238.64,162.59,43.833,30.346
238.53,162.56,43.395,30.042
238.47,162.56,42.961,29.742
238.69,162.71,42.531,29.445
238.49,162.8,42.106,29.15
238.7,162.95,41.685,28.859
238.76,162.91,41.268,28.57
238.57,162.92,40.855,28.284
238.64,162.48,40.447,28.002
238.67,162.71,40.042,27.722
238.94,162.66,39.642,27.444
239.18,163.02,39.245,27.17
238.58,162.56,38.853,26.898
238.77,162.7,38.464,26.629
238.96,162.83,38.08,26.363
239,162.69,37.699,26.099
239.06,162.57,37.322,25.838
239.17,162.55,36.949,25.58
239,162.83,36.579,25.324
239.03,162.84,36.213,25.071
239.22,162.96,35.851,24.82
239.08,162.72,35.851,24.82
238.22,160.85,36.21,25.068
238.17,161.08,35.848,24.818
237.95,160.74,35.489,24.57
237.95,160.74,35.489,24.57
237.94,160.8,35.489,24.57
237.94,160.8,35.489,24.57
237.93,160.82,35.134,24.324
238.01,160.6,35.134,24.324
238.01,160.6,35.134,24.324
238.01,160.6,35.134,24.324
238.19,160.72,34.783,24.081
238.19,160.72,34.783,24.081
238.16,161.08,34.435,23.84
238,160.6,34.435,23.84
238.21,160.72,34.091,23.601
238.46,160.53,34.432,23.837
238.32,160.81,34.087,23.599
238.07,160.61,34.087,23.599
237.46,158.49,34.428,23.835
237.46,158.49,34.428,23.835
236.76,158.06,34.428,23.835
236.34,157.56,34.084,23.597
236.42,156.99,34.425,23.833
236.42,156.99,34.425,23.833
236.42,156.99,34.425,23.833
236.42,156.99,34.425,23.833
236.42,156.99,34.425,23.833
236.42,156.99,34.425,23.833
236.42,156.99,34.425,23.833
236.42,156.99,34.425,23.833
236.42,156.99,34.425,23.833
236.42,156.99,34.425,23.833
236.42,156.99,34.425,23.833
236.42,156.99,34.425,23.833
236,156.8,34.425,23.833
236.33,156.83,34.425,23.833
236.33,156.83,34.425,23.833
236.34,156.81,34.425,23.833
236.34,156.81,34.425,23.833
236.25,156.79,34.081,23.594
236.25,156.79,34.081,23.594
236.25,156.79,34.081,23.594
236.46,156.88,34.081,23.594
236.5,156.75,33.74,23.358
236.67,156.87,33.402,23.125
236.76,156.73,33.402,23.125
236.76,156.73,33.402,23.125
236.66,156.73,33.402,23.125
236.66,156.73,33.402,23.125
236.89,156.71,33.402,23.125
236.89,156.71,33.402,23.125
236.53,156.66,33.402,23.125
236.53,156.66,33.402,23.125
236.53,156.66,33.402,23.125
236.53,156.66,33.402,23.125
236.53,156.66,33.402,23.125
237,156.84,33.402,23.125
236.54,156.68,33.402,23.125
236.91,156.8,33.402,23.125
236.66,156.72,33.402,23.125
236.72,156.87,33.068,22.894
236.72,156.87,33.068,22.894
236.72,156.87,33.068,22.894
236.52,157.25,32.738,22.665
236.82,156.76,33.065,22.891
236.82,156.76,33.065,22.891
236.47,157.28,32.734,22.662
236.47,157.28,32.734,22.662
236.47,157.28,32.734,22.662
236.21,157.05,32.734,22.662
236.3,157.03,32.734,22.662
236.3,157.03,32.734,22.662
236.28,157.03,32.734,22.662
236.28,157.03,32.734,22.662
236.28,157.03,32.734,22.662
236.28,157.03,32.734,22.662
236.28,157.03,32.734,22.662
236.28,157.03,32.734,22.662
236.28,157.03,32.734,22.662
236.43,156.88,33.062,22.889
235.71,157.02,33.062,22.889
235.71,157.02,33.062,22.889
235.98,157.02,33.062,22.889
235.8,156.84,33.062,22.889
235.87,156.79,33.062,22.889
235.71,156.68,33.392,23.118
235.5,156.62,33.392,23.118
235.5,156.62,33.392,23.118
235.5,156.62,33.392,23.118
235.5,156.62,33.392,23.118
234.64,156.7,33.392,23.118
234.5,156.83,33.392,23.118
234.34,156.71,33.726,23.349
234.17,156.59,34.064,23.582
234.17,156.59,34.064,23.582
233.16,155.96,34.404,23.818
232.99,155.84,34.748,24.057
232.81,155.72,35.096,24.297
232.64,155.6,35.447,24.54
231.26,155.5,35.092,24.295
230.73,155.58,35.092,24.295
230.43,155.56,34.741,24.052
229.84,155.64,34.741,24.052
229.59,155.61,34.741,24.052
229.2,154.65,35.089,24.292
229.37,154.69,34.738,24.049
229.49,152.6,35.085,24.29
228.77,152.72,35.085,24.29
228.77,152.72,35.085,24.29
228.6,152.64,35.085,24.29
228.2,151.96,35.436,24.533
227.09,151.94,35.79,24.778
225.03,152.08,36.148,25.026
224.24,151.88,36.148,25.026
223.65,151.86,36.148,25.026
223.42,151.7,36.148,25.026
223.42,151.7,36.148,25.026
222.9,151.76,36.148,25.026
222.65,151.75,36.148,25.026
222.1,151.63,36.148,25.026
221.73,151.62,36.148,25.026
221.43,151.18,36.148,25.026
221.18,150.69,35.787,24.776
220.63,150.83,35.787,24.776
220.58,150.58,35.787,24.776
220.13,150.06,36.145,25.023
220.12,149.8,35.783,24.773
219.69,149.96,35.783,24.773
218.92,149.58,35.425,24.525
218.78,149.52,35.071,24.28
218.64,149.67,35.071,24.28
218.08,149.73,34.72,24.037
217.31,149.97,34.373,23.797
215.28,150.39,34.373,23.797
215.21,150.67,34.03,23.559
215.02,150.72,33.689,23.323
214.91,150.79,33.352,23.09
214.33,151.16,33.352,23.09
213.64,151.15,33.352,23.09
213.22,151.29,33.019,22.859
213.53,151.24,33.019,22.859
213.52,151.36,32.689,22.631
213.72,151.37,33.016,22.857
213.66,151.25,33.346,23.085
213.89,151.26,33.679,23.316
217.11,151.12,33.679,23.316
219.71,153.52,34.016,23.55
221.49,154.18,34.016,23.55
221.49,154.18,34.016,23.55
220.64,154.48,34.016,23.55
219.05,154.68,33.676,23.314
218.47,154.95,33.339,23.081
217.84,155.42,33.006,22.85
216.39,156.2,32.676,22.622
214.58,157.33,32.676,22.622
213.74,157.23,33.002,22.848
211.26,158.34,32.672,22.619
209.44,160.48,32.672,22.619
207.45,160.43,32.999,22.845
203.6,160.28,33.329,23.074
201.58,160.13,33.662,23.305
199.43,160.28,33.999,23.538
198.92,160.36,33.999,23.538
195.2,160.22,34.339,23.773
192.73,159.96,34.682,24.011
192.61,160.05,34.682,24.011
192.11,160.09,34.682,24.011
187.77,160.17,35.029,24.251
187.24,160.05,35.029,24.251
185.54,160.11,35.029,24.251
184.98,160.11,35.029,24.251
184.53,160.04,34.679,24.008
182.99,160.38,34.332,23.768
180.67,160.05,34.332,23.768
179.06,159.7,33.989,23.531
177.7,160.13,33.989,23.531
177.22,160.16,33.649,23.295
176.8,160.23,33.312,23.062
176.15,159.97,33.312,23.062
174.14,159.88,33.312,23.062
171.84,159.67,33.645,23.293
171.84,160.4,33.309,23.06
169.81,160.05,33.309,23.06
168.26,160.4,32.976,22.83
166.38,160.19,32.976,22.83
164.31,160.01,32.976,22.83
164.46,160.2,32.646,22.601
162.89,159.81,32.32,22.375
161.14,158.7,32.32,22.375
159.21,158.57,32.32,22.375
157.11,158.85,32.32,22.375
156.62,159.03,31.997,22.151
155.08,159.1,31.677,21.93
152.71,157.57,31.993,22.149
150.57,156.49,32.313,22.371
150.51,157.24,31.99,22.147
146.58,155.79,32.31,22.368
146.75,156.59,31.987,22.145
142.94,155.99,32.307,22.366
143.35,156.49,31.984,22.143
141.39,156.21,31.984,22.143
141.33,156.42,31.664,21.921
137.47,156.14,31.664,21.921
134.46,154.88,31.981,22.14
128.85,153.57,32.3,22.362
127.81,153.03,32.623,22.585
127.81,153.03,32.623,22.585
125.9,151.91,32.95,22.811
123.7,151.73,33.279,23.039
122.69,151.37,33.612,23.27
122.2,152.12,33.276,23.037
120.52,151.58,33.276,23.037
119.07,149.72,33.609,23.267
119.02,149.97,33.272,23.035
117.06,148.24,33.605,23.265
114.16,145.88,33.941,23.498
113.17,145.67,34.281,23.733
112.89,143.82,34.623,23.97
113.19,143.28,34.623,23.97
113.93,141.49,34.277,23.73
114.13,141.48,33.934,23.493
113.52,140.82,34.274,23.728
113.66,140.66,33.931,23.491
113.47,140.09,33.592,23.256
113.56,139.67,33.256,23.023
113.44,139.58,32.923,22.793
112.87,139.62,32.923,22.793
112.51,139.48,32.923,22.793
113.1,137.72,32.923,22.793
113.98,137.89,32.594,22.565
114.58,137.37,32.268,22.339
NaN,NaN,NaN,-2
NaN,NaN,NaN,0
NaN,NaN,NaN,0
NaN,NaN,NaN,0
NaN,NaN,NaN,0
NaN,NaN,NaN,-1
60.405,143.98,39,15
58.294,143.92,39,15
57.534,143.92,39,15
55.872,144.36,38.61,14.85
55.202,144.38,38.996,14.999
54.798,142.86,38.606,14.849
52.88,142.57,38.992,14.997
52.575,141.96,38.602,14.847
52.084,142.06,38.602,14.847
51.204,142.16,38.602,14.847
46.541,141.73,38.988,14.996
44.533,141.15,38.598,14.846
42.938,141.19,38.212,14.697
42.545,141.26,38.212,14.697
40.742,141.22,37.83,14.55
40.973,141.15,37.452,14.405
40.238,140.7,37.452,14.405
38.775,140.27,37.077,14.261
38.145,140.77,37.448,14.403
37.521,140.68,37.448,14.403
37.365,140.55,37.448,14.403
35.304,140.61,37.448,14.403
32.38,139.68,37.448,14.403
31.89,139.72,37.448,14.403
31.916,139.25,37.074,14.259
31.65,138.79,37.074,14.259
31.044,138.89,37.074,14.259
30.67,138.87,37.074,14.259
29.904,138.68,37.074,14.259
27.204,138.19,36.703,14.117
25.298,137.9,36.703,14.117
23.094,137.74,37.07,14.258
22.494,137.67,37.07,14.258
19.498,137.74,37.07,14.258
17.545,137.75,37.07,14.258
15.778,137.33,36.699,14.115
15.87,136.68,36.699,14.115
15.569,136.88,36.699,14.115
15.726,136.64,36.699,14.115
15.726,136.64,36.699,14.115
15.639,136.55,36.699,14.115
15.197,136.41,37.066,14.256
13.783,135.56,37.066,14.256
13.783,135.56,37.066,14.256
11.761,135.41,37.437,14.399
