NaN,NaN,NaN,-1
132.5,48.978,34,95
132.05,49.124,34,95
132.31,49.822,34,95
132.28,50.413,34,95
132.48,51.024,34,95
132.42,52.162,34,95
132.15,52.898,34,95
131.46,54.147,34,95
131.02,54.649,34,95
131.01,57.187,34,95
130.81,59.285,34,95
130.78,61.879,34,95
131.87,64.718,34,95
133.11,68.766,34,95
135.43,73.475,34,95
138.11,78.391,34,95
142.24,83.201,34,95
147.72,88.17,34,95
153.68,91.552,34,95
160.34,95.895,34,95
167.16,98.775,34,95
174.14,101.99,34,95
181.82,103.76,34,95
189.63,107.18,34,95
198.98,105.22,34,95
206.56,106.67,34,95
213.19,106.1,34,95
218.27,106.72,34,95
224.33,107.72,34,95
225.29,107.82,34,95
230.84,108.09,34,95
230.17,105.91,34,95
227.77,103.51,34,95
222.88,103.65,34,95
215.81,103.47,34,95
209.7,104.78,34,95
199.47,102.55,34,95
188.33,101.95,34,95
178.48,106.36,34,95
167.01,103.92,34,95
157.26,106.8,34,95
143.96,105.15,34,95
142.73,106.6,34,95
131.29,107.94,34,95
120.93,109.86,34,95
115.29,110.82,34,95
105.19,111.49,34,95
102.37,111,34,95
95.908,112.15,34,95
89.823,111.17,34,95
86.734,112.18,34,95
82.446,109.1,34,95
82.096,105.35,34,95
80.183,98.165,34,95
82.013,95.251,34,95
80.357,89.259,34,95
83.448,80.445,34,95
87.702,74.271,34,95
91.084,64.381,34,95
95.124,59.018,34,95
98.23,55.872,34,95
103.24,52.659,34,95
109.28,49.294,34,95
117.78,44.873,34,95
125.21,44.382,34,95
132.31,44.735,34,95
142.65,43.582,34,95
151.74,45.227,34,95
158.73,48.304,34,95
168.34,51,34,95
175.6,53.148,34,95
183.09,54.423,34,95
191.64,56.97,34,95
201.08,57.523,34,95
208.88,57.556,34,95
215.24,58.696,34,95
220.8,58.56,34,95
224.46,60.133,34,95
226.64,58.889,34,95
225.59,56.937,34,95
220.03,55.459,34,95
212.76,52.577,34,95
203.35,49.764,34,95
193.84,47.675,34,95
184.87,44.9,34,95
173.77,42.44,34,95
164.53,39.704,34,95
153.56,38.301,34,95
145.12,36.901,34,95
134.89,36.678,34,95
124.63,37.822,34,95
114.32,39.696,34,95
104.84,42.883,34,95
95.563,45.21,34,95
87.808,48.74,34,95
81.224,51.861,34,95
76.938,54.696,34,95
75.665,59.448,34,95
76.837,64.692,34,95
78.787,69.969,34,95
80.851,76.175,34,95
84.889,82.186,34,95
89.013,86.262,34,95
92.063,92.132,34,95
94.192,97.644,34,95
96.68,103.98,34,95
99.842,110.95,34,95
101.17,114.58,34,95
105.13,119.2,34,95
110.33,121.7,34,95
114.4,122.87,34,95
119.33,122.48,34,95
125.65,123.96,34,95
132.2,117.93,34,95
138.94,118.17,34,95
146.61,112.61,34,95
154.19,108.57,34,95
160.38,106.5,34,95
168.18,101.79,34,95
175.93,101.62,34,95
182.59,97.134,34,95
187.01,92.136,34,95
193.66,90.051,34,95
199.01,86.004,34,95
204.01,80.747,34,95
208.31,80.302,34,95
214.97,76.87,34,95
218.42,75.033,34,95
221.28,75.426,34,95
224.6,69.517,34,95
225.83,68.025,34,95
227.55,61.375,34,95
224.98,60.52,34,95
218.44,57.121,34,95
213.91,53.43,34,95
206.9,51.134,34,95
199.22,50.356,34,95
190.78,47.797,34,95
180.19,45.487,34,95
170.64,42.702,34,95
161.16,40.974,34,95
152.08,39.217,34,95
141.46,36.929,34,95
131.82,34.463,34,95
124.74,34.8,34,95
114.73,33.584,34,95
108,33.003,34,95
101.71,32.476,34,95
95.018,32.385,34,95
90.167,33.721,34,95
87.46,34.522,34,95
87.035,36.652,34,95
88.567,37.857,34,95
92.107,39.517,34,95
96.388,41.464,34,95
100.89,45.382,34,95
103.59,48.588,34,95
106.24,51.255,34,95
108.39,55.121,34,95
111.28,58.197,34,95
113.37,59.829,34,95
114.78,61.372,34,95
116.76,62.045,34,95
118.18,63.046,34,95
120.61,62.443,34,95
122.85,61.914,34,95
125.69,61.518,34,95
129.04,60.364,34,95
135.34,60.231,34,95
141.05,59.768,34,95
146.18,59.287,34,95
153.56,57.78,34,95
157.69,58.327,34,95
161.66,54.377,34,95
164.34,55.009,34,95
168.95,53.824,34,95
170.31,51.689,34,95
171.98,53.272,34,95
176.28,56.387,34,95
180.61,56.36,34,95
185.78,59.153,34,95
192.5,59.517,34,95
197.38,59.291,34,95
200.2,59.202,34,95
205.13,57.703,34,95
208.46,55.958,34,95
209.81,51.895,34,95
213.13,50.777,34,95
213.28,47.385,34,95
214.11,45.701,34,95
217.49,45.969,34,95
220.12,49.417,34,95
223.6,56.709,34,95
225.92,67.889,34,95
226.59,79.311,34,95
226.31,83.278,34,95
228.35,92.747,34,95
225.95,98.912,34,95
223.45,103.81,34,95
218.12,103.72,34,95
216.82,106.3,34,95
212.67,108.65,34,95
204.23,106.97,34,95
200.8,107.68,34,95
192.25,105.94,34,95
181.76,104.09,34,95
173.39,102.87,34,95
160.05,103.49,34,95
147.69,102.38,34,95
137.6,97.657,34,95
125.93,94.727,34,95
115.67,92.353,34,95
104.63,90.16,34,95
92.861,89.005,34,95
84.007,88.989,34,95
76.5,86.222,34,95
70.708,84.236,34,95
64.558,79.86,34,95
61.905,77.804,34,95
61.622,71.021,34,95
62.991,64.082,34,95
67.42,59.598,34,95
74.705,48.972,34,95
80.954,41.802,34,95
86.309,33.571,34,95
92.68,25.137,34,95
98.072,17.951,34,95
102.17,10.327,34,95
105.13,3.974,34,95
109.14,-3.7013,34,95
112.12,-10.976,34,95
119.24,-16.424,34,95
123.58,-18.785,34,95
126.26,-21,34,95
130.46,-21.384,34,95
138.34,-17.165,34,95
143.13,-14.965,34,95
148.25,-10.159,34,95
155.14,-5.742,34,95
161.29,2.6738,34,95
168.8,9.0032,34,95
177.21,13.865,34,95
185.51,22.234,34,95
194.74,28.356,34,95
204.61,35.176,34,95
212.13,40.069,34,95
221.23,46.579,34,95
228.56,53.822,34,95
235.64,52.081,34,95
241.65,59.696,34,95
247.98,64,34,95
254.02,66.187,34,95
257.13,66.765,34,95
258.82,69.52,34,95
256.72,75.104,34,95
253.91,79.015,34,95
248.2,78.453,34,95
240.8,77.482,34,95
231.36,77.933,34,95
223.91,79.761,34,95
214.52,79.714,34,95
204.59,77.822,34,95
195.71,77.642,34,95
186.55,80.013,34,95
177.33,82.555,34,95
167.29,85.583,34,95
158.1,89.132,34,95
147.14,89.898,34,95
138.97,90.612,34,95
130.62,91.512,34,95
122.09,91.534,34,95
112.53,91.094,34,95
107.89,90.835,34,95
98.616,88.109,34,95
94.154,87.66,34,95
87.704,84.438,34,95
82.875,82.016,34,95
79.325,76.671,34,95
76.045,72.846,34,95
72.466,68.526,34,95
69.972,60.899,34,95
68.018,54.8,34,95
65.017,48.979,34,95
65.349,41.83,34,95
66.143,36.462,34,95
66.234,26.332,34,95
68.096,20.09,34,95
67.125,13.805,34,95
67.562,4.6616,34,95
67.507,-2.0382,34,95
67.712,-6.9135,34,95
65.604,-12.191,34,95
64.3,-13.777,34,95
61.252,-12.797,34,95
58.105,-10.757,34,95
53.573,-11.014,34,95
54.137,-10.279,34,95
50.711,-6.9643,34,95
50.679,-6.1868,34,95
49.624,-3.8478,34,95
50.076,-2.1271,34,95
55.621,-1.1595,34,95
56.293,0.37853,34,95
59.911,5.1063,34,95
63.704,11.918,34,95
63.235,22.197,34,95
69.528,26.957,34,95
74.362,36.553,34,95
80.463,43.379,34,95
88.839,51.135,34,95
96.858,56.834,34,95
106,66.82,34,95
117.36,74.897,34,95
127.84,79.829,34,95
140.26,79.92,34,95
149.68,79.001,34,95
162.3,77.33,34,95
172.09,74.649,34,95
181.47,69.835,34,95
188.45,68.243,34,95
192.23,67.844,34,95
198.45,63.346,34,95
201.24,59.986,34,95
202.13,58.795,34,95
200.7,56.838,34,95
197.55,55.586,34,95
193.1,51.663,34,95
188.59,47.917,34,95
181.53,44.572,34,95
172.82,39.969,34,95
167.05,37.421,34,95
161.46,33.271,34,95
158.72,34.949,34,95
148.69,31.269,34,95
142.95,33.339,34,95
133.18,37.175,34,95
128.55,40.784,34,95
122.61,47.819,34,95
116.7,52.425,34,95
113.55,57.093,34,95
111.36,62.62,34,95
109.26,67.449,34,95
112.8,69.4,34,95
119.05,74.947,34,95
125.56,75.176,34,95
135.67,74.281,34,95
144.23,75.485,34,95
155.24,74.497,34,95
165,74.751,34,95
173.21,74.464,34,95
183.11,73.839,34,95
189.58,74.826,34,95
196.96,78.021,34,95
203.69,78.082,34,95
207.5,79.37,34,95
211.28,81.634,34,95
213.03,87.063,34,95
211,91.379,34,95
208.68,96.405,34,95
203.61,98.318,34,95
196.07,101.47,34,95
190.45,103.68,34,95
183.9,103.56,34,95
176.9,104.93,34,95
168,104.64,34,95
157.91,104.69,34,95
149.46,101.96,34,95
138.91,99.74,34,95
129.61,95.267,34,95
119.81,90.266,34,95
109.55,83.93,34,95
100.75,80.149,34,95
91.23,73.989,34,95
83.797,67.218,34,95
77.695,61.217,34,95
70.386,53.219,34,95
65.882,47.784,34,95
64.639,40.947,34,95
64.777,33.865,34,95
68.415,25.839,34,95
75.506,19.144,34,95
78.882,15,34,95
85.094,8.6103,34,95
89.628,3.7344,34,95
94.058,-0.16699,34,95
99.995,-3.8761,34,95
104.84,-7.0094,34,95
107.01,-7.8328,34,95
112.22,-6.9788,34,95
112.67,-4.1593,34,95
117.35,-3.3221,34,95
122.09,-1.1569,34,95
127.78,3.6935,34,95
130.41,10.056,34,95
130.63,12.622,34,95
137.15,21.05,34,95
142.13,23.383,34,95
143.01,28.42,34,95
146.83,32.173,34,95
149.91,32.547,34,95
151.27,36.027,34,95
155.1,37.248,34,95
157.14,37.844,34,95
