NaN,NaN,NaN,-1
326.12,187.18,53.869,50.935
323.12,185.34,54.933,52.118
320.98,184.51,55.328,52.522
318.74,182.98,56.366,53.616
316.71,181.03,57.496,54.873
314.87,179.93,57.6,54.993
313.29,178.67,57.885,55.315
310.81,177.1,59.224,56.745
308.83,175.55,59.933,57.53
306.48,173.5,61.075,58.771
304.2,171.53,62.264,60.12
302.56,170.01,63.235,61.174
300.52,168.1,64.421,62.503
298.99,166.06,64.723,63.012
295.21,163.2,68.303,66.2
293.13,160.57,69.606,67.596
291.55,158.76,71.039,69.135
290.21,157.05,72.14,70.364
287.8,154.54,73.546,71.809
288.39,155.14,71.164,68.96
285.18,152.41,73.239,71.154
283.46,151.05,73.513,71.441
281.68,148.9,74.164,72.221
279.5,145.95,76.201,74.335
278.62,144.73,72.997,70.209
270.2,136.11,81.867,78.89
268.48,132.84,83.065,80.286
268.19,131.47,84.064,81.348
267.34,130.03,83.43,80.72
266.51,127.59,84,81.387
266.75,125.77,83.87,81.333
265.64,123.03,85.29,82.829
264.93,120.71,84.384,82.021
264.83,117.72,85.133,82.924
271.52,120.57,74.738,71.917
271.81,116.36,77.706,75.915
272.24,114.44,77.285,75.592
274.54,105.72,80.168,79.592
274.73,103.56,80.643,80.039
274.83,101.65,80.552,79.976
275.38,99.967,79.972,79.495
274.94,98.635,80.406,79.97
275.33,96.097,80.546,80.15
274.6,95.063,81.135,80.764
275.99,94.488,80.225,79.887
276.51,93.035,79.089,78.754
276.66,92.145,78.903,78.565
277.17,90.879,79.027,78.729
276.55,90.071,79.396,79.118
277.78,89.62,78.701,78.369
278.09,88.751,78.441,78.127
278.5,88.256,77.491,77.167
278.73,87.421,77.743,77.441
285.59,92.124,69.552,68.314
286.56,90.335,70.029,69.072
287.58,89.85,68.35,67.488
300.24,99.376,52.563,50.631
300.45,98.511,52.817,50.932
297.47,95.584,55.889,53.784
297.29,94.472,56.791,54.655
297.74,93.539,56.267,54.085
298.11,93.777,56.587,54.392
296.99,94.906,58.198,55.575
298.7,95.974,55.902,53.219
299.57,95.626,55.572,52.817
299.66,95.151,55.951,53.161
299.9,94.021,56.982,54.243
300.25,93.881,57.708,55.006
301.26,92.724,57.278,54.721
303.3,93.995,54.897,52.31
304.28,92.692,54.646,52.042
304.59,92.05,55.7,53.13
305.79,92.137,55.385,52.866
306.32,91.305,54.801,52.358
306.37,91.706,56.23,53.33
299.8,86.55,65.529,62.912
301.37,86.236,64.346,61.714
298.78,84.209,68.463,65.963
300.63,85.37,66.677,64.105
301.06,83.887,66.799,64.407
303.52,84.051,64.84,62.383
303.84,83.174,64.872,62.423
305.56,83.556,63.618,61.246
306.69,83.303,62.9,60.465
308.61,83.171,60.97,58.526
310.97,82.85,58.674,56.293
311.51,83.344,58.084,55.728
313.47,83.479,55.771,53.392
313.69,83.606,55.605,53.231
313.46,82.111,56.743,54.233
313.27,82.175,57.053,54.592
312.72,80.733,57.939,55.568
313.25,80.818,58.098,55.658
313.17,80.503,57.658,55.171
313.88,80.132,57.357,54.806
314.1,80.285,56.965,54.471
314,79.273,57.253,54.817
313.93,79.113,57.127,54.808
314.4,79.304,56.416,54.119
314.39,78.397,56.224,54.024
314.85,79.274,55.21,52.983
315.97,79.656,53.452,51.271
315.28,79.932,53.644,51.42
315.73,79.503,52.691,50.471
316.22,79.955,51.69,49.507
316.74,80.472,50.576,48.425
317.06,80.682,50.673,48.461
316.35,80.443,51.334,49.131
317.07,80.922,50.768,48.551
317.3,80.605,51.227,49.016
319.18,82.239,48.694,46.517
318.95,81.905,48.859,46.769
320.01,81.92,48.748,46.702
314.8,75.097,49.069,47.015
315.83,75.527,49.017,46.967
320.33,79.948,45.682,43.603
320.52,79.761,45.949,43.866
320.62,79.507,45.943,43.748
320.73,79.534,45.854,43.565
321.13,81.116,49.562,47.38
321.27,83.231,48.383,46.177
319.77,81.631,51.103,48.95
319.18,81.996,52.321,50.113
318.2,82.237,53.428,51.19
317.46,82.553,54.78,52.498
316.59,83.241,55.823,53.546
315.85,83.436,56.076,53.742
315.91,84.779,56.019,53.652
316.15,84.487,56.397,54.045
315.33,85.661,56.028,53.785
315.45,86.324,56.105,53.824
314.78,87.502,55.51,53.244
315.31,88.618,54.487,52.268
314.74,88.459,54.82,52.767
314.88,89.878,54.009,51.954
313.74,88.988,55.28,53.35
314.17,90.75,53.639,51.637
313.48,91.184,54.311,52.252
313.33,91.235,54.278,52.255
311.08,89.517,56.593,54.787
308.05,92.244,48.857,46.099
308.43,92.731,48.046,45.425
309.08,92.991,48.063,45.408
307.34,93.286,48.426,45.735
306.7,93.396,48.637,45.95
306.09,93.686,47.868,45.257
304.85,93.667,48.978,46.353
304.18,94.05,49.265,46.777
303.29,94.173,49.033,46.612
303.81,94.34,48.512,46.13
303.09,95.118,48.283,45.903
303.95,95.986,46.929,44.726
303.12,96.863,46.911,44.745
303.22,97.367,46.271,44.047
301.73,97.261,47.445,45.253
301.77,98.339,47.372,45.239
300.55,99.165,47.754,45.688
300.47,99.694,46.976,45.063
299.94,100.44,46.45,44.52
295.55,97.975,56.165,54.138
295.25,99.173,57.219,55.16
293.86,100.57,57.383,55.249
293.43,101.56,57.872,55.786
294.14,102.81,56.774,54.779
294.61,104.27,55.225,53.157
294.19,105.54,54.558,52.545
293.6,106.85,54.281,52.264
293.67,107.24,54.976,52.933
292.99,108.55,54.61,52.606
293.47,110.18,53.144,51.13
292.24,110.34,54.65,52.639
291.59,111.18,54.865,52.858
291.05,112,54.823,52.801
290.49,113.42,54.943,52.931
289.82,114.63,54.396,52.401
290.24,115.03,54.138,52.134
289.64,115.61,54.324,52.277
288.96,116.64,54.418,52.336
289.55,118.18,52.681,50.546
287.64,118.47,53.969,51.863
287.42,119.81,53.33,51.123
287.16,119.31,53.389,51.19
286.67,119.83,52.747,50.495
285.94,121.56,52.752,50.441
285.22,122.89,52.243,49.937
285.33,123.89,52.073,49.706
283.5,124.82,51.614,49.269
283.92,125.95,51.543,49.178
283.01,127.09,51.348,49.011
281.84,128.53,51.552,49.206
281.33,129.83,50.795,48.417
280.81,131.27,50.336,47.925
281.17,132.9,49.823,47.412
279.49,135.16,49.344,46.916
279.33,136.42,49.821,47.362
278.81,138.89,49.462,46.983
278.29,141.1,48.775,46.256
277.28,142.78,49.131,46.564
276.5,145.23,48.599,46.025
276.36,147.42,48.487,45.95
275.89,149.98,47.193,44.604
275.24,152.33,46.288,43.693
275.51,154.18,46.554,43.958
274.28,155.64,46.933,44.392
274.58,158.47,46.113,43.606
275,160.93,45.167,42.679
273.64,162.5,46.615,44.218
273.18,164.06,47.566,45.227
272.59,165.07,48.629,46.375
272.68,167.23,48.414,46.188
272.63,168.91,48.641,46.459
272.31,170.79,47.416,45.265
271.28,171.54,48.316,46.31
271.57,172.25,47.744,45.823
271.57,172.85,47.439,45.569
271.01,172.84,47.694,45.943
270.34,174.34,47.669,45.907
270.55,174.04,47.32,45.554
269.55,174.66,47.09,45.392
269.31,175.45,47.205,45.624
268.87,175.19,48.023,46.484
268.89,175.69,46.884,45.328
268.46,177.05,46.63,45.063
267.98,176.71,46.516,44.938
267.09,176.84,46.346,44.806
266.56,177.21,45.943,44.396
265.76,178.1,46.277,44.745
