NaN,NaN,NaN,-1
325.87,187.7,53.594,50.663
323.54,185.86,54.69,51.835
320.26,183.7,56.475,53.695
319.64,183.22,55.604,52.774
316.87,182.27,56.124,53.317
315.49,180.93,56.279,53.557
313.15,178.86,57.968,55.32
311.49,178.23,57.806,55.145
309.94,176.96,58.023,55.453
307.36,175.02,59.482,57.016
305.14,173.08,60.733,58.392
304.28,172.04,60.681,58.426
301.32,169.26,62.428,60.391
299.54,166.94,63.829,61.841
296.96,165.33,65.636,63.706
295.21,162.82,67.069,65.173
293.68,161.08,67.749,65.993
292.12,158.64,68.993,67.317
289.07,155.93,71.097,69.088
287.59,154.8,71.156,69.233
284.78,152.37,72.735,70.988
283.08,151.21,73.006,71.296
281.27,149.29,73.61,71.975
278.84,146.91,75.22,73.587
278.16,145.05,75.637,74.062
276.81,142.85,76.569,75.035
275.22,140.73,77.252,75.89
274.59,139.08,77.263,75.907
273.72,136.28,77.873,76.51
272.92,134.24,78.524,77.195
272.44,132.78,77.632,76.304
272.45,130.79,77.011,75.78
272.11,128.71,76.882,75.687
271.46,126.12,76.976,75.869
271.43,123.7,77.239,76.042
271.53,122.12,76.538,75.445
271.91,120.65,75.531,74.514
272.9,118.81,73.527,72.602
272.72,117.22,73.846,73.019
273.12,115.45,73.392,72.599
273.42,113.75,72.68,71.955
273.56,111.98,72.45,71.769
273.45,110.65,73.044,72.449
272.83,108.15,74.172,73.64
273,106.19,74.477,73.954
273.03,105.2,74.962,74.542
272.31,103.59,76.025,75.723
272.59,102.52,75.159,74.968
273.13,101.6,75.223,75.073
276.4,102.63,64.735,62.982
277.08,102.76,63.433,61.718
277.14,104.7,58.299,56.394
277.05,103.98,58.897,56.994
277.18,102.93,59.97,58.067
278.18,102.98,58.543,56.707
279.71,104.64,55.459,53.592
281.35,104.13,54.411,52.594
281.13,101.71,57.852,55.807
282.49,101.63,55.999,53.98
282.71,101,55.898,53.886
282.74,100.42,55.632,53.603
282.2,99.262,55.914,53.936
287.33,102.81,52.207,50.455
288.9,103.46,49.678,48.134
289.57,103.08,49.596,48.164
292.17,100.66,44.915,43.012
292.65,99.474,45.495,43.716
294.4,102.41,43.569,41.634
301.64,103.73,39.211,37.02
301.61,102.33,40.343,38.231
303.17,101.82,39.048,36.98
304.7,101.72,38.203,36.187
306.21,102.33,36.983,34.899
307.98,102.72,36.055,34.039
309.39,102.06,35.293,33.318
310.78,102.28,34.857,32.939
312.85,101.9,33.485,31.613
314.26,101.64,32.943,31.079
315.67,100.78,32.441,30.681
316.03,100.97,31.611,29.842
316.81,99.84,31.909,30.166
318.5,99.288,30.804,29.087
319.33,98.82,31.051,29.326
318.26,97.058,32.744,31.078
319.15,96.318,33.144,31.456
319.85,95.854,32.099,30.415
309.65,95.771,36.085,34.71
309.58,94.845,35.765,34.361
312.25,100.5,36.163,35.013
312.44,99.825,36.431,35.291
317.18,98.359,36.988,36
314.07,98.201,36.623,35.748
313.71,98.393,36.355,35.534
315.1,97.556,35.79,34.964
315.23,97.605,35.378,34.624
316.25,98.106,34.094,33.446
317.68,98.211,33.613,33.036
318.08,97.938,32.371,31.781
318.24,98.461,32.193,31.506
318.73,97.817,31.347,30.691
320.33,99.231,29.384,28.697
320.78,100.13,27.983,27.243
321.25,100.44,27.209,26.482
321.69,100.49,27.114,26.349
321.97,100.75,27.235,26.416
322.33,100.62,27.331,26.488
322.27,100.84,27.356,26.542
326.93,104.76,26.876,25.987
327.42,104.96,26.362,25.473
327.66,104.67,26.459,25.563
327.9,105.87,25.888,24.982
328.22,105.76,25.503,24.574
328.54,106.12,24.842,23.936
328.58,106.34,24.64,23.705
328.67,106.39,24.489,23.536
329.15,106.41,23.963,22.988
323.51,104.1,25.663,24.8
325.1,103.76,27.348,26.65
324.43,103.21,28.227,27.465
325.14,104.75,27.801,26.977
325.54,104.9,26.964,26.222
326.09,106.05,26.114,25.458
324.9,106.25,26.627,25.968
325.25,106.3,26.499,25.856
321.24,101.58,27.763,27.151
320.95,102.3,28.545,28.001
319.92,102.75,29.398,28.84
319.41,102.5,29.863,29.337
319.55,104.91,28.329,27.774
321.01,105.76,26.801,26.413
321.91,107.05,25.416,25.144
322.51,108.29,23.136,22.979
323.43,109.73,21.784,21.689
323.91,112.62,19.45,19.4
324.31,114.02,16.409,16.34
332.22,74.433,19.099,18.425
339.15,75.919,15.763,14.904
342.58,74.881,16.103,15.245
292.64,88.483,54.459,54.92
290.72,87.4,57.15,57.605
291.42,88.176,56.591,57.104
293.95,89.34,53.811,54.285
293.37,88.709,54.474,54.862
293.15,90.196,53.261,53.591
292.27,90.629,53.685,54.045
292.64,91.049,52.763,53.107
292.75,91.687,51.534,51.767
296.51,93.948,46.15,46.261
293.19,91.331,45.805,45.278
292.51,91.099,46.979,46.58
295.18,92.577,43.198,42.677
303.08,92.909,43.569,42.188
301.76,92.61,44.324,42.955
302.02,93.613,43.974,42.636
300.39,93.42,44.859,43.552
300.32,94.633,44.282,43.074
300.48,95.489,42.964,41.749
300.39,97.329,42.3,41.183
299.65,97.71,42.638,41.519
298.71,98.742,42.428,41.361
298.16,100.09,42.194,41.101
297.3,100.32,42.745,41.653
297.78,101.83,41.752,40.656
296.99,103.11,41.4,40.292
296.18,103.65,41.934,40.872
296.28,105.33,40.562,39.492
295.48,106.56,40.31,39.298
295.14,107.92,39.981,38.998
294.29,109.04,39.658,38.683
294.69,110.41,39.686,38.708
293.86,111.76,39.904,38.892
293.15,112.85,39.383,38.27
292.39,113.91,39.068,37.952
291.74,113.88,40.868,39.776
290.21,114.35,41.809,40.794
290.17,115.06,41.672,40.603
288.9,115.8,42.561,41.517
282.77,114.75,46.729,46.417
282.25,115.12,46.267,45.926
281.72,116.25,46.018,45.646
281.18,117.4,46.61,46.232
279.68,117.43,47.808,47.439
278.57,117.98,48.03,47.638
278.18,119.2,48.154,47.757
276.43,118.8,49.644,49.356
275.72,119.26,49.993,49.675
274.61,120.62,50.061,49.633
272.82,121.06,51.587,51.062
272.63,122.43,51.673,51.095
271.34,123.77,51.517,50.969
270.41,125.01,51.783,51.257
269.03,125.32,52.332,51.916
268.18,127.7,52.269,51.872
267.64,129.18,51.42,51.017
265.88,130.67,52.768,52.423
265.2,132.1,52.903,52.455
264.25,133.46,53.372,52.979
262.51,135.51,54.073,53.684
262.54,137.58,53.925,53.552
261.49,139.16,53.894,53.559
258.35,136.29,54.336,53.977
256.98,137.05,55.056,54.707
257.84,140.99,55.393,54.803
271.06,153.32,42.761,40.429
266.56,147.24,58.245,57.385
266.24,149,58.458,57.722
265.58,151.47,58.867,58.101
267.51,154.58,56.59,55.799
267.57,156.23,56.518,55.667
267.63,157.41,57.192,56.288
266.14,159.24,57.93,56.975
266.77,161.33,56.746,55.643
267.13,163.06,55.309,54.092
267.4,164.01,54.757,53.578
267.72,166.12,52.812,51.536
267.1,166.36,52.557,51.269
267.39,167.99,52.452,51.282
266.85,168.53,52.49,51.296
266.59,168.69,52.111,50.873
266.78,170.05,51.025,49.666
266.31,170.43,50.276,48.88
266.73,170.78,50.167,48.803
265.8,171.02,49.709,48.394
264.92,172.14,49.572,48.272
265.08,171.61,49.736,48.419
264.05,172.26,50.007,48.607
262.21,171.39,50.924,49.55
