NaN,NaN,NaN,-1
205.13,115.78,28,95
203.4,112.5,28,95
202.35,109.7,28,95
200.7,106.47,28,95
199.17,105.31,28,95
199.38,106.49,28,95
200.55,106.63,28,95
202.16,107.52,28,95
202.85,109.05,28,95
204.89,107.49,28,95
207.67,107.1,28,95
211.11,107.19,28,95
213.3,103.3,28,95
213.13,103.34,28,95
211.82,103.97,28,95
211.75,104.25,28,95
208.3,102.34,28,95
209.34,101.88,28,95
209.13,101.79,28,95
209.05,101.88,28,95
209.04,103.44,28,95
209.06,102.63,28,95
209.74,100.66,28,95
210.55,97.065,28,95
213.46,94.822,28,95
213.82,95.021,28,95
210.35,92.276,28,95
211.95,93.161,28,95
210.68,89.998,28,95
210.81,93.146,28,95
213.81,89.46,28,95
216.95,95.14,28,95
219.55,108.31,28,95
218.82,109.69,28,95
218.63,106.84,28,95
223.02,107.79,28,95
222.4,104.14,28,95
223.09,106.71,28,95
224.16,109.26,28,95
223.53,108.8,28,95
222.94,114.74,28,95
218.55,116.13,28,95
220.15,123.1,28,95
220.3,125.23,28,95
219.24,126.63,28,95
218.14,130.34,28,95
218.95,129.98,28,95
219.88,127.48,28,95
219.24,126.17,28,95
216.12,123.66,28,95
210.57,122.2,28,95
205.15,123.16,28,95
198.97,124.13,28,95
196.05,122.91,28,95
194.24,123.68,28,95
193.71,120.78,28,95
192.4,121.5,28,95
194.16,124.94,28,95
194.14,122.89,28,95
195.85,126.24,28,95
195.79,128.25,28,95
197.08,130.27,28,95
198.89,132.82,28,95
198.91,133.18,28,95
196.89,134.3,28,95
196.91,136.69,28,95
197.75,131.49,28,95
198.14,140.2,28,95
201.83,134.4,28,95
206.69,137.26,28,95
206.01,133.38,28,95
209.04,123.76,28,95
208.98,123.55,28,95
206.16,126.94,28,95
202.74,121.34,28,95
197.9,124.12,28,95
193.2,123.97,28,95
189.15,118.15,28,95
189.3,120.07,28,95
188.55,115.23,28,95
187.46,112.41,28,95
192.93,108.56,28,95
199.06,107.41,28,95
207.75,108.52,28,95
208.12,105.61,28,95
199.07,110.98,28,95
204.59,116.61,28,95
199.92,126.56,28,95
NaN,NaN,NaN,-2
NaN,NaN,NaN,0
NaN,NaN,NaN,0
NaN,NaN,NaN,0
NaN,NaN,NaN,0
NaN,NaN,NaN,-1
205.12,105.63,28,86
207.97,108.19,28,86
208.28,112.48,28,86
207.07,117.84,28,86
205.59,122.98,28,86
201.9,102.43,28,86
194.91,82.338,28,86
184.68,77.18,28,86
183.78,71.209,28,86
179.7,71.085,28,86
180.01,70.566,28,86
178.43,67.677,28,86
179.16,65.851,28,86
180.19,59.768,28,86
182.65,53.76,28,86
186.73,54.756,28,86
191.31,48.268,28,86
193.76,48.139,28,86
196.48,47.417,28,86
205.68,49.702,28,86
217.93,55.121,28,86
218.05,55.012,28,86
223.11,58.915,28,86
225.08,58.962,28,86
225.54,57.464,28,86
228.46,60.713,28,86
229.82,62.338,28,86
NaN,NaN,NaN,-2
NaN,NaN,NaN,0
NaN,NaN,NaN,0
NaN,NaN,NaN,0
NaN,NaN,NaN,0
NaN,NaN,NaN,-1
215.38,123.27,28,85
215.78,124.67,28,85
217.04,125.46,28,85
219.03,126.51,28,85
220.42,126.94,28,85
221.13,128.68,28,85
222.07,129.31,28,85
223.28,129.54,28,85
224.07,130.3,28,85
225.21,129.81,28,85
226.32,128.94,28,85
228.78,127.92,28,85
229.33,127.45,28,85
231.96,126.57,28,85
232.65,126.44,28,85
233.28,124.49,28,85
234.2,124.33,28,85
233.62,123.22,28,85
233.86,122.78,28,85
232.92,123.12,28,85
233.18,109.92,28,85
234.81,108.81,28,85
234.23,107.88,28,85
232.89,108.51,28,85
233.07,108.25,28,85
232.75,108.26,28,85
229.75,116.73,28,85
228.67,115.13,28,85
228.75,114.98,28,85
228.62,114.79,28,85
229.36,114.23,28,85
229.97,113.62,28,85
230.75,113.48,28,85
232.23,112.94,28,85
234.03,112.47,28,85
235.24,111.98,28,85
234.26,113.13,28,85
236.13,111.01,28,85
235.73,111.99,28,85
235.03,112.5,28,85
234.31,110.67,28,85
232.84,110.8,28,85
233.56,99.208,28,85
233.41,99.283,28,85
231.83,98.804,28,85
229.22,99.168,28,85
229.19,97.921,28,85
223.37,99.472,28,85
222.2,98.635,28,85
220.47,98.017,28,85
219.41,97.539,28,85
218.62,97.022,28,85
218.58,94.028,28,85
217.79,94.878,28,85
217.32,96.317,28,85
215.94,96.571,28,85
215.49,95.61,28,85
215.76,93.781,28,85
217.49,92.568,28,85
217.87,94.038,28,85
216.84,94.609,28,85
217.37,95.786,28,85
216.59,97.473,28,85
215.99,98.251,28,85
215.96,100.04,28,85
215.51,103.09,28,85
215.76,103.22,28,85
216.24,104.01,28,85
217.39,102.18,28,85
217.96,100.34,28,85
218.54,96.917,28,85
217.93,93.838,28,85
215.74,95.815,28,85
214.55,98.07,28,85
213.41,96.829,28,85
212.19,98.92,28,85
211.04,99.239,28,85
209.72,97.892,28,85
208.11,97.012,28,85
208.99,99.971,28,85
208.6,100.3,28,85
208.3,98.713,28,85
207.04,99.262,28,85
207.87,101.95,28,85
207.92,106.14,28,85
207.26,112.7,28,85
208.42,117.47,28,85
207.57,123.56,28,85
208.05,125.3,28,85
206.72,127.95,28,85
206.15,131.05,28,85
206.94,130.38,28,85
207.32,129.93,28,85
206.93,130.14,28,85
208.3,129.1,28,85
208.43,129.25,28,85
207.8,130.44,28,85
207.57,128.89,28,85
209.01,129.06,28,85
208.13,128.98,28,85
207.23,134.86,28,85
205.5,136.22,28,85
206.1,134.05,28,85
207.5,135.98,28,85
206.11,134.46,28,85
203.48,135.21,28,85
200.84,134.12,28,85
197.82,137.25,28,85
195.81,134.64,28,85
194.03,138.09,28,85
193.89,138,28,85
193.78,135.52,28,85
194.17,137.5,28,85
194.46,137.49,28,85
195.28,137.15,28,85
196.27,138.4,28,85
198.11,136.86,28,85
200.43,137.53,28,85
203.75,130.42,28,85
206.19,131.23,28,85
209.3,129.11,28,85
211.5,129.39,28,85
213.48,131.11,28,85
213.89,130.42,28,85
215.46,130.36,28,85
214.35,126.54,28,85
215.24,123.89,28,85
215.89,122.36,28,85
216.76,122.43,28,85
216.88,120.56,28,85
216.01,122.03,28,85
216.05,121.13,28,85
214.46,122.24,28,85
213.17,120.76,28,85
212.58,119.83,28,85
212.26,120.41,28,85
210.88,122.16,28,85
209.49,121.92,28,85
208.59,125.24,28,85
208.01,124.22,28,85
206.39,123.93,28,85
205.95,125.17,28,85
206.05,125.27,28,85
205.75,124.67,28,85
207.79,126.11,28,85
205.63,126.06,28,85
204.54,125.02,28,85
201.15,121.04,28,85
198.6,119.99,28,85
193.76,121.81,28,85
193.24,121.04,28,85
190.16,121.22,28,85
188.05,118.33,28,85
187.39,116.97,28,85
185.55,119.82,28,85
184.56,116.85,28,85
181.68,114.68,28,85
181.36,112.9,28,85
181.51,110.1,28,85
180.46,109.04,28,85
179.58,107.76,28,85
175.63,106.52,28,85
172.04,105.72,28,85
171.68,102.61,28,85
172.05,98.375,28,85
171.82,94.975,28,85
170.55,92.96,28,85
170.56,88.533,28,85
170.78,88.439,28,85
169.74,87.054,28,85
166.84,86.139,28,85
164.91,87.096,28,85
164.07,85.532,28,85
163.01,85.382,28,85
160.19,83.096,28,85
158.67,84.555,28,85
158,83.336,28,85
156.65,84.088,28,85
155.67,83.473,28,85
154.6,85.332,28,85
153.75,89.918,28,85
153.54,89.54,28,85
152.21,92.254,28,85
150.01,94.167,28,85
148.62,96.846,28,85
147,96.977,28,85
145.05,96.087,28,85
145.36,94.405,28,85
143.99,87.987,28,85
142.99,83.873,28,85
142.77,84.9,28,85
142.81,83.011,28,85
142.56,82.926,28,85
141.7,83.308,28,85
140.19,81.791,28,85
139.21,81.872,28,85
138.76,83.693,28,85
138.45,82.687,28,85
137.17,81.732,28,85
137.37,81.571,28,85
135.38,83.042,28,85
134.93,82.147,28,85
136.77,83.078,28,85
138.16,87.609,28,85
139.26,90.254,28,85
141.51,94.785,28,85
141.93,96.192,28,85
142.36,97.666,28,85
143.48,97.984,28,85
145.42,96.73,28,85
151.41,99.016,28,85
159.22,97.431,28,85
167.63,93.621,28,85
171.24,93.003,28,85
169.33,94.481,28,85
169.16,95.214,28,85
168.23,95.149,28,85
167.33,95.655,28,85
164.09,95.857,28,85
160.87,96.753,28,85
157.4,94.308,28,85
153.83,94.859,28,85
150.65,93.371,28,85
148.06,94.648,28,85
147.4,93.423,28,85
146.57,92.864,28,85
144.21,94.572,28,85
144.17,92.922,28,85
144.5,92.517,28,85
144.65,92.538,28,85
143.13,90.659,28,85
143.19,91.097,28,85
142,92.222,28,85
141.78,92.823,28,85
142.53,87.16,28,85
143.59,84.855,28,85
143.14,83.147,28,85
144.53,81.104,28,85
147.08,81.528,28,85
156.03,82.151,28,85
159.19,82.458,28,85
162.1,84.143,28,85
162.26,90.051,28,85
163.44,92.788,28,85
164.04,97.011,28,85
164.83,100.65,28,85
165.37,105.52,28,85
163.61,110.05,28,85
163.66,112.39,28,85
162.86,114.41,28,85
162.58,116.06,28,85
159.76,128.67,28,85
157.77,129.87,28,85
158.2,130.82,28,85
156.31,133.28,28,85
153.8,133.97,28,85
150.96,132.74,28,85
151.52,129.32,28,85
149.13,126.77,28,85
150.18,118.13,28,85
149.02,116.06,28,85
150.4,112.22,28,85
150.83,106.18,28,85
157.18,99.922,28,85
160.86,99.76,28,85
165.51,91.914,28,85
165.68,96.988,28,85
165.62,97.29,28,85
166.25,95.988,28,85
166.26,97.028,28,85
168.96,99.994,28,85
167.44,103.07,28,85
163.99,107.85,28,85
159.48,110.53,28,85
156.74,113.14,28,85
152.31,118.62,28,85
147.79,124.83,28,85
144.18,125.93,28,85
140.85,130.1,28,85
138.82,130.2,28,85
137.77,131.03,28,85
138.6,130.6,28,85
138.55,131.83,28,85
141.54,128.39,28,85
143.45,127.3,28,85
145.19,122.88,28,85
145.34,119.08,28,85
148.32,116.62,28,85
151.39,111.16,28,85
152.14,107.86,28,85
153.72,108.57,28,85
155.11,104.78,28,85
156.43,101.54,28,85
158.26,101.9,28,85
159.09,103.59,28,85
161.23,100.06,28,85
160.64,100.36,28,85
158.79,100.2,28,85
158.54,99.882,28,85
155.23,99.779,28,85
155.07,96.008,28,85
152.43,99.741,28,85
151.94,100.85,28,85
148.73,101.95,28,85
145.61,102.6,28,85
143.86,103.62,28,85
139.11,102.57,28,85
142.79,101.86,28,85
141.63,98.896,28,85
141.58,96.536,28,85
141.69,95.617,28,85
141.64,94.592,28,85
143.34,90.172,28,85
144.62,88.476,28,85
145.68,88.166,28,85
146.04,87.862,28,85
147.33,85.705,28,85
148.73,83.214,28,85
150.23,82.07,28,85
151.35,83.937,28,85
155.54,83.717,28,85
162.36,79.268,28,85
162.64,93.246,28,85
160.92,95.762,28,85
161.59,101.9,28,85
161.68,106.81,28,85
162,108.5,28,85
162.13,106.76,28,85
162.7,109.36,28,85
162.29,110.17,28,85
162.44,112.79,28,85
161.37,108.89,28,85
161.69,109.27,28,85
161.8,111.3,28,85
160.04,111.94,28,85
160.53,115.76,28,85
158.15,116.37,28,85
156.07,116.81,28,85
154.4,121.16,28,85
154.3,121.42,28,85
152.73,123.08,28,85
150.44,125.02,28,85
149.82,126.26,28,85
148.98,127.02,28,85
149.14,125.03,28,85
150.4,125.01,28,85
151.13,128.65,28,85
151.37,128.03,28,85
150.43,131.06,28,85
151.14,133.09,28,85
151.32,132.58,28,85
149.93,132.41,28,85
149.38,129.26,28,85
150.01,126.27,28,85
148.12,127.61,28,85
149.23,125.58,28,85
149.3,121.97,28,85
149.31,118.78,28,85
150.27,116.02,28,85
151.85,112.47,28,85
156.76,107.64,28,85
157.81,111.1,28,85
162.45,105.06,28,85
162.66,103.83,28,85
163.76,104.52,28,85
164.9,101.89,28,85
167.02,102.38,28,85
165.82,98.66,28,85
165.93,96.274,28,85
164.87,94.871,28,85
164.08,96.409,28,85
163.52,98.855,28,85
161.55,97.342,28,85
162.2,97.707,28,85
163.28,96.786,28,85
163.29,96.725,28,85
163.87,96.997,28,85
162.98,96.232,28,85
162.96,96.67,28,85
162.86,94.73,28,85
163.75,92.682,28,85
165.21,90.245,28,85
162.84,91.028,28,85
161.77,89.692,28,85
158.72,94.444,28,85
157.04,95.859,28,85
153.72,97.789,28,85
150.68,96.087,28,85
147.16,94.22,28,85
144.17,94.07,28,85
143.2,92.712,28,85
139.76,89.1,28,85
137.96,90.703,28,85
135.69,91.135,28,85
133.74,93.398,28,85
133.29,91.537,28,85
131.06,93.393,28,85
131.03,92.939,28,85
129.93,93.414,28,85
128.09,91.833,28,85
127.98,93.926,28,85
127.01,92.937,28,85
126.22,91.627,28,85
126.35,94.311,28,85
127.54,93.383,28,85
129.87,95.071,28,85
134.83,87.141,28,85
136.2,93.198,28,85
138.97,97.348,28,85
142.96,102.56,28,85
150.34,105.76,28,85
152.36,108,28,85
152.39,107.86,28,85
153.53,108.1,28,85
153.58,106.73,28,85
151.66,103.65,28,85
148.96,99.315,28,85
149.23,96.073,28,85
149.62,90.699,28,85
150.03,85.353,28,85
149.64,83.791,28,85
148.36,81.901,28,85
146.55,81.994,28,85
146.29,81.926,28,85
145.46,81.5,28,85
142.73,82.092,28,85
136.3,82.089,28,85
130.8,79.109,28,85
126.65,73.971,28,85
123.5,69.943,28,85
121.5,64.23,28,85
122.39,53.766,28,85
140.36,40.718,28,85
153.51,38.879,28,85
176.41,33.69,28,85
211.38,29.775,28,85
237.41,29.196,28,85
243.38,32.095,28,85
236.57,35.622,28,85
238.7,34.5,28,85
245.65,32.256,28,85
244.97,34.132,28,85
240.9,38.145,28,85
238.15,42.591,28,85
231.95,43.671,28,85
233.17,60.157,28,85
239.37,64.092,28,85
239.8,65.051,28,85
231.79,76.333,28,85
221.36,88.615,28,85
210.55,98.185,28,85
207.37,96.299,28,85
203.05,95.846,28,85
198.2,97.13,28,85
193.36,99.69,28,85
189.82,100.25,28,85
191.69,99.401,28,85
193.06,92.022,28,85
195.6,88.363,28,85
200.75,81.484,28,85
206.35,84.693,28,85
211.34,85.749,28,85
211.25,85.551,28,85
211.99,90.941,28,85
209.97,95.064,28,85
203.56,99.86,28,85
198.74,102.7,28,85
181.34,108.04,28,85
178.3,112.65,28,85
