NaN,NaN,NaN,-1
335.08,164.4,24.977,59.941
334.69,161.78,24.477,58.717
335.02,164.12,24.069,57.756
332.45,181.8,23.698,56.831
343.37,196.68,23.444,56.266
339.27,196.22,23.044,55.279
336.73,196.48,23.633,56.755
340.03,202.3,23.329,56.021
339.01,175.5,22.818,54.796
348.89,163.42,22.96,55.21
NaN,NaN,NaN,-2
NaN,NaN,NaN,0
NaN,NaN,NaN,0
NaN,NaN,NaN,0
NaN,NaN,NaN,0
NaN,NaN,NaN,-1
322.28,165.55,25.076,60.265
316.68,168.38,25.247,60.641
312.27,162.62,26.053,62.639
306.23,159.92,26.622,64.024
NaN,NaN,NaN,-2
NaN,NaN,NaN,0
NaN,NaN,NaN,0
NaN,NaN,NaN,0
NaN,NaN,NaN,0
NaN,NaN,NaN,-1
327.08,156.46,25.396,61.069
325.24,158.9,25.603,61.538
335.54,148.42,25.882,62.234
334.65,150.42,25.827,62.131
340.09,126,25.908,62.41
329.86,148.45,25.575,61.647
330.99,146.32,25.698,61.91
331.25,145.44,25.947,62.547
329.88,149.04,26.197,63.12
325.21,149.87,26.56,63.921
332.04,145.74,26.681,64.203
330.03,147.74,26.95,64.869
336.59,146.83,27,64.923
338.95,145.77,26.96,64.862
335.9,148.04,26.941,64.779
327.62,150.31,26.91,64.659
324.38,151.96,26.451,63.589
329.03,192.15,26.466,63.649
NaN,NaN,NaN,-2
NaN,NaN,NaN,0
NaN,NaN,NaN,0
NaN,NaN,NaN,0
NaN,NaN,NaN,0
NaN,NaN,NaN,-1
329.16,184.85,25.454,61.02
315.25,181,25.662,61.558
319.24,181.55,25.807,62.032
318.13,180.81,25.721,61.814
317.62,180.58,26.149,62.854
318.32,200.07,26.128,62.749
332.6,203.95,26.121,62.688
322.24,200.88,26.057,62.506
313.61,197.58,25.744,61.726
NaN,NaN,NaN,-2
NaN,NaN,NaN,0
NaN,NaN,NaN,0
NaN,NaN,NaN,0
NaN,NaN,NaN,0
NaN,NaN,NaN,-1
326.7,147.09,25.499,61.316
324.92,146.81,25.476,61.285
323.58,146.6,25.453,61.168
310.87,160.43,25.284,60.736
312.5,162.38,25.244,60.57
312.02,160.85,25.66,61.584
312.5,161.74,25.702,61.745
308.98,160.94,26.098,62.771
306.86,197.15,25.717,61.808
303.28,195.89,25.455,61.136
306.02,178.23,25.691,61.755
303.25,177.61,25.684,61.789
308.45,161.54,25.581,61.492
311.54,162.91,25.46,61.197
315.66,163.39,25.82,62.116
311.06,161.68,25.886,62.181
311.51,162.36,25.563,61.494
NaN,NaN,NaN,-2
NaN,NaN,NaN,0
NaN,NaN,NaN,0
NaN,NaN,NaN,0
NaN,NaN,NaN,0
NaN,NaN,NaN,-1
327.67,151.34,24.844,59.619
328.56,154.41,25.23,60.547
329.8,152.06,25.145,60.24
333.01,151.91,25.452,60.968
330.72,113.79,25.792,61.738
339.57,144.31,25.66,61.369
338.27,149.45,25.218,60.248
339.93,153.49,25.727,61.5
338.73,149,26.036,62.207
338.28,147.21,25.531,61.026
338.5,147.7,25.139,60.132
338.13,149.74,25.321,60.575
338.84,152.31,25.766,61.722
341.1,150.48,25.649,61.409
341.3,147.34,25.528,61.16
342.8,149.63,25.516,61.16
346.01,148.03,25.698,61.649
344.55,148.3,25.321,60.789
343.4,147.76,25.863,62.051
344.98,143.92,25.456,61.1
347.58,148.69,25.616,61.516
348.07,153.06,25.706,61.72
350.31,150.68,25.762,61.846
351.6,151.61,26.257,62.919
355.82,143.42,26.983,64.685
358.82,144.84,27.136,64.951
363.07,143.73,26.621,63.684
366.11,159.38,27.3,65.29
363.8,149.1,26.95,64.449
364.41,149.98,26.832,64.142
366.28,139.16,27.184,64.96
362.06,147.42,27.476,65.657
364.85,137.26,27.187,64.979
368.79,149.91,27.095,64.767
378.62,138.68,27.185,64.921
387.91,133.18,27.533,65.747
389.98,128.41,28.037,67.003
388.36,129.32,28.315,67.613
379.53,129.7,28.111,67.055
371.48,148.92,28.801,68.765
380.74,126.75,28.641,68.362
378.59,131.48,28.383,67.812
386,126.5,28.525,68.279
380.77,132.1,28.394,67.969
379.02,164.23,28.659,68.479
381.47,152.34,28.445,67.956
380.95,146.08,28.466,68.032
377.12,149.3,28.606,68.294
387.82,158.9,29.078,69.325
382.8,146.77,28.338,67.592
385.69,122.71,28.465,67.892
377.2,126.3,28.482,67.863
386.26,123.53,28.275,67.298
392.85,163.11,28.135,67.004
393.52,164.21,28.475,67.854
397.9,163.44,28.341,67.653
396.9,162.26,27.862,66.49
413.38,148.11,27.932,66.594
415.13,149.97,27.905,66.539
409.98,166.58,27.818,66.357
418.53,139.83,27.75,66.165
418.87,139.57,27.82,66.341
418.2,138.94,28.015,66.736
413.59,162.18,27.758,66.051
414.06,165.93,28.033,66.789
409.82,162.86,28.148,67.105
410.77,160.09,28.042,66.794
408.27,156.49,28.296,67.359
405.35,157.93,28.279,67.298
398.91,154.66,28.614,68.188
399.11,130.95,28.184,67.219
411.81,161.06,28.51,68.016
414.46,149.55,28.693,68.472
412.28,150.39,28.018,66.873
395.54,132.3,28.042,66.915
NaN,NaN,NaN,-2
NaN,NaN,NaN,0
NaN,NaN,NaN,0
NaN,NaN,NaN,0
NaN,NaN,NaN,0
NaN,NaN,NaN,-1
447.44,172.74,25.008,59.996
449.32,173.19,24.844,59.556
453.96,171.14,24.812,59.488
456.91,172.77,25.355,60.734
460.01,168.79,24.846,59.439
461.9,167.35,24.817,59.389
461.09,167.85,24.713,59.181
463.97,165.99,25.224,60.537
465.32,164.46,25.286,60.695
465.4,162.83,26.161,62.846
467.82,160.77,26.069,62.551
465.24,164.87,26.124,62.627
466.82,163.26,26.256,62.937
466.81,163.41,26.346,63.135
467.21,165.54,25.853,61.927
472.64,168.19,25.877,61.967
469.91,168.23,26.738,64.151
467.7,168.65,26.281,63.033
465.25,170.55,26.684,63.949
468.4,172.15,26.75,64.123
467.17,168.84,26.52,63.536
464.97,174.77,26.564,63.634
462.57,174.28,26.868,64.461
460.57,171.28,26.176,62.865
459.53,170.6,26.383,63.205
456.53,173.83,25.897,62.172
455.76,172.88,24.926,59.847
455.77,174.61,24.96,59.899
453.49,176.22,24.445,58.671
450.18,173.79,24.01,57.637
453.36,173.21,24.46,58.718
455.7,172.21,24.133,57.942
456.24,174.21,24.222,58.09
455.45,170.78,24.628,59.102
457.83,167.92,24.937,59.862
457.38,167.19,25.189,60.458
457.7,166.75,24.797,59.505
455.02,164.9,24.72,59.331
455.17,163.61,24.887,59.747
451.52,163.35,24.657,59.187
451.32,160.65,24.401,58.593
447.85,158.96,24.231,58.304
447.8,162.11,24.307,58.388
447.67,161.91,24.485,58.856
450.22,164.71,24.329,58.51
448.4,161.93,24.31,58.491
449.55,158.17,23.767,57.222
450.72,158.71,23.735,57.116
449.83,156.63,23.47,56.512
454.04,157.89,23.358,56.185
441.88,164.63,23.239,55.926
451.15,158.52,23.14,55.643
449.47,158.61,23.029,55.337
449.91,160.48,23.098,55.536
451.68,156.23,23.298,55.856
452.48,150.45,22.924,55
453.55,158.32,22.994,55.151
453.51,151.84,23.382,56.084
452.43,147.26,23.065,55.433
452.03,147.8,23.273,55.893
455.95,149.32,23.361,56.033
454.78,150.2,23.969,57.432
452.91,151.33,24.372,58.437
455.8,142.87,24.334,58.387
462.16,153.58,24.69,59.276
464.94,168.94,24.897,59.792
460.75,160.64,25.257,60.618
473.52,143.22,24.922,59.784
481.61,140.56,24.44,58.684
490.37,139.31,25.003,60.06
501.91,139.87,24.805,59.6
503.64,132.56,25.071,60.257
513.2,134.49,25.64,61.632
521.92,130.93,26.22,63.036
524.18,126.79,26.068,62.614
525.82,132.04,26.221,63.005
529.25,123.54,26.234,62.957
528.65,124.08,26.197,62.735
532.01,125.31,26.638,63.89
534.76,121.1,27.119,65.117
534.03,124.57,26.785,64.43
527.34,117.37,26.6,64.008
531.07,119.56,26.365,63.403
528,120.24,26.625,64.01
524.46,118.37,26.233,63.059
524.36,123.04,26.639,64.043
520.73,123.18,27.189,65.389
517.95,119.4,26.599,63.963
517.76,117.76,27.299,65.7
513.83,118.15,26.741,64.322
512.3,116.23,26.622,63.921
509.58,118.36,26.609,63.864
510.63,112.05,26.374,63.301
510.5,107.41,26.053,62.552
506.11,121.67,25.305,60.729
503.5,117.29,25.213,60.474
499.56,115.5,25.421,61.011
499.39,114.86,25.488,61.075
496.77,114.45,24.901,59.669
496.27,112.15,25.455,61.016
492.14,107.35,25.146,60.208
490.01,103.42,24.688,59.2
487.44,99.578,24.704,59.239
486.67,102.2,24.856,59.61
488.01,101.63,25.164,60.403
483.36,98.356,24.981,60.079
484.4,93.361,24.724,59.414
484.06,100.13,24.843,59.653
484.86,97.492,25.027,60.079
480.28,96.107,24.841,59.638
483.16,90.509,24.809,59.535
484.09,82.284,24.523,58.839
483.27,80.253,24.768,59.402
481.94,76.68,25.226,60.519
486.41,88.48,25.024,60.054
488.57,88.804,24.895,59.803
488.72,91.234,24.998,60.078
488.78,88.017,24.438,58.74
488.39,84.042,24.442,58.641
491.7,86.049,24.275,58.261
491.94,83.094,23.503,56.364
493.97,83.564,24.022,57.597
493.11,91.4,23.586,56.486
491.65,87.194,23.686,56.781
490.69,85.216,23.618,56.569
490.36,81.619,23.197,55.615
486.81,88.808,22.858,54.823
487.54,88.969,22.883,54.859
485.17,89.549,22.941,54.938
481.8,93.376,22.828,54.733
478.32,86.423,22.238,53.275
474.56,90.162,22.41,53.695
467.6,88.576,22.133,53.025
465.51,89.949,21.729,51.998
462.76,91.138,21.291,50.899
458.2,90.898,20.911,50.004
453.9,91.413,21.658,51.805
450.48,89.859,21.695,51.844
444.21,98.689,21.526,51.492
440.45,110.63,21.175,50.593
440.8,101.1,20.951,50.068
436.61,97.923,20.759,49.512
437.07,100.64,20.912,49.851
434.77,99.287,20.989,50.066
433.32,84.326,20.905,49.856
430.92,85.115,20.896,49.758
431.62,98.274,20.346,48.444
438.89,117.87,20.571,48.918
438.61,117.3,20.441,48.57
437.1,107.28,20.899,49.648
429.77,97.725,20.936,49.746
428.32,97.098,20.448,48.629
428.29,100.32,20.117,47.8
428.18,103.05,20.407,48.516
429.72,100.52,19.718,46.854
428.53,101.38,19.893,47.221
426.91,90.126,20.359,48.274
422.63,88.756,20.416,48.391
422.89,91.753,20.32,48.244
420.65,95.719,19.988,47.468
417.84,98.827,20.03,47.533
415.74,98.127,20.336,48.286
409.73,95.505,20.288,48.146
408.79,96.736,19.612,46.593
409.27,102.3,19.796,46.973
408.84,102.72,20.04,47.593
407.25,97.601,20.421,48.491
397.37,83.038,21.047,49.941
398,91.567,20.89,49.576
397.64,91.825,20.88,49.6
397.83,97.718,20.723,49.316
392.94,96.937,20.478,48.699
390.29,95.375,20.963,49.903
388.41,96.258,21.261,50.591
383.05,97.696,21.299,50.65
380.02,98.861,21.303,50.714
370.17,98.195,21.306,50.708
374.03,100.53,21.062,50.088
374.13,100.52,21.784,51.835
374.49,100.57,22.169,52.658
