NaN,NaN,NaN,-1
139.01,27.005,33,129
139.02,27.02,33,129
139.04,27.045,33,129
139.08,27.08,33,129
139.12,27.125,33,129
139.18,27.18,33,129
139.24,27.245,33,129
139.32,27.32,33,129
139.4,27.405,33,129
139.5,27.5,33,129
139.6,27.605,33,129
139.72,27.72,33,129
139.84,27.845,33,129
139.98,27.98,33,129
140.12,28.125,33,129
140.28,28.28,33,129
140.44,28.445,33,129
140.62,28.62,33,129
140.8,28.805,33,129
141,29,33,129
141.2,29.205,33,129
141.42,29.42,33,129
141.64,29.645,33,129
141.88,29.88,33,129
142.12,30.125,33,129
142.38,30.38,33,129
142.64,30.645,33,129
142.92,30.92,33,129
143.2,31.205,33,129
143.5,31.5,33,129
143.8,31.805,33,129
144.12,32.12,33,129
144.44,32.445,33,129
144.78,32.78,33,129
145.12,33.125,33,129
145.48,33.48,33,129
145.84,33.845,33,129
146.22,34.22,33,129
146.6,34.605,33,129
147,35,33,129
147.4,35.405,33,129
147.82,35.82,33,129
148.24,36.245,33,129
148.68,36.68,33,129
149.12,37.125,33,129
NaN,NaN,NaN,-2
NaN,NaN,NaN,0
NaN,NaN,NaN,0
NaN,NaN,NaN,0
NaN,NaN,NaN,0
NaN,NaN,NaN,-1
136.01,33.005,29,127
136.02,33.02,29,127
136.04,33.045,29,127
136.08,33.08,29,127
136.12,33.125,29,127
136.18,33.18,29,127
136.24,33.245,29,127
136.32,33.32,29,127
136.4,33.405,29,127
136.5,33.5,29,127
136.6,33.605,29,127
136.72,33.72,29,127
136.84,33.845,29,127
136.98,33.98,29,127
137.12,34.125,29,127
137.28,34.28,29,127
137.44,34.445,29,127
137.62,34.62,29,127
137.8,34.805,29,127
138,35,29,127
138.2,35.205,29,127
138.42,35.42,29,127
138.64,35.645,29,127
162.98,83.193,11,16
NaN,NaN,NaN,-2
NaN,NaN,NaN,0
NaN,NaN,NaN,0
NaN,NaN,NaN,0
NaN,NaN,NaN,0
NaN,NaN,NaN,-1
135.19,46.69,37,14
129.88,71.432,14,26
136.93,88.582,14,26
116,103.19,11,13
112.16,119.36,11,13
108.32,135.55,11,13
NaN,NaN,NaN,-2
NaN,NaN,NaN,0
NaN,NaN,NaN,0
NaN,NaN,NaN,0
NaN,NaN,NaN,0
NaN,NaN,NaN,-1
96.817,51.315,71,39
85.246,70.963,69,38
74.647,86.128,62,35
69.347,92.185,68,48
70.123,94.639,71,50
72.405,93.952,69,54
72.188,92.615,77,53
71.036,90.967,80,50
74.937,83.78,117,78
63.738,85.644,81,42
53.787,87.477,86,43
43.406,89.234,91,41
74.089,70.059,67,47
93.511,57.993,72,47
102.29,51.479,78,45
103.29,50.142,90,61
100.47,50.987,90,62
93.627,51.76,94,63
85.336,52.329,94,62
NaN,NaN,NaN,-2
NaN,NaN,NaN,0
NaN,NaN,NaN,0
NaN,NaN,NaN,0
NaN,NaN,NaN,0
NaN,NaN,NaN,-1
137.34,41.551,67,43
141.46,38.93,34,15
142.32,44.722,21,42
142.77,52.184,17,29
NaN,NaN,NaN,-2
NaN,NaN,NaN,0
NaN,NaN,NaN,0
NaN,NaN,NaN,0
NaN,NaN,NaN,0
NaN,NaN,NaN,-1
121.49,48.75,55,48
NaN,NaN,NaN,-2
NaN,NaN,NaN,0
NaN,NaN,NaN,0
NaN,NaN,NaN,0
NaN,NaN,NaN,0
NaN,NaN,NaN,-1
156.93,65.173,61,42
NaN,NaN,NaN,-2
NaN,NaN,NaN,0
NaN,NaN,NaN,0
NaN,NaN,NaN,0
NaN,NaN,NaN,0
NaN,NaN,NaN,-1
124.95,44.842,94,55
158.41,46.777,69,56
191.47,48.989,46,54
NaN,NaN,NaN,-2
NaN,NaN,NaN,0
NaN,NaN,NaN,0
NaN,NaN,NaN,0
NaN,NaN,NaN,0
NaN,NaN,NaN,-1
145.94,75.48,140,49
161.07,64.69,54,43
156.18,57.137,134,44
NaN,NaN,NaN,-2
NaN,NaN,NaN,0
NaN,NaN,NaN,0
NaN,NaN,NaN,0
NaN,NaN,NaN,0
NaN,NaN,NaN,-1
136.09,65.788,23,38
NaN,NaN,NaN,-2
NaN,NaN,NaN,0
NaN,NaN,NaN,0
NaN,NaN,NaN,0
NaN,NaN,NaN,0
NaN,NaN,NaN,-1
137.76,35.491,22,30
NaN,NaN,NaN,-2
NaN,NaN,NaN,0
NaN,NaN,NaN,0
NaN,NaN,NaN,0
NaN,NaN,NaN,0
NaN,NaN,NaN,-1
175.69,44.328,28,12
197.52,64.55,31,14
145.9,65.641,16,22
NaN,NaN,NaN,-2
NaN,NaN,NaN,0
NaN,NaN,NaN,0
NaN,NaN,NaN,0
NaN,NaN,NaN,0
NaN,NaN,NaN,-1
178.59,58.684,15,19
NaN,NaN,NaN,-2
NaN,NaN,NaN,0
NaN,NaN,NaN,0
NaN,NaN,NaN,0
NaN,NaN,NaN,0
NaN,NaN,NaN,-1
168.01,67.005,32,69
168.02,67.02,32,69
168.04,67.045,32,69
168.08,67.08,32,69
168.12,67.125,32,69
168.18,67.18,32,69
168.24,67.245,32,69
168.32,67.32,32,69
168.4,67.405,32,69
168.5,67.5,32,69
NaN,NaN,NaN,-2
NaN,NaN,NaN,0
NaN,NaN,NaN,0
NaN,NaN,NaN,0
NaN,NaN,NaN,0
NaN,NaN,NaN,0
