NaN,NaN,NaN,-1
331.82,164.83,29.383,60.917
333.97,164.12,26.517,60.2
329.67,161.97,30.817,60.558
325.37,161.25,31.533,61.633
323.93,161.97,30.1,59.483
318.92,161.25,34.4,60.917
316.05,161.25,34.4,61.633
312.47,158.38,38.7,61.633
302.43,151.22,57.333,62.35
303.15,149.07,57.333,65.933
301,149.07,63.067,65.217
294.55,156.23,68.8,64.5
295.27,154.08,55.074,64.5
290.97,151.93,58.767,63.783
308.17,166.98,43,44.433
321.07,169.13,41.567,38.7
321.78,166.98,47.3,43
307.45,167.7,44.433,47.3
310.32,166.98,45.867,44.433
303.87,167.7,49.45,45.867
309.6,168.42,45.15,43.717
310.32,169.85,44.433,50.167
310.32,169.85,47.3,48.017
310.32,167.7,48.733,36.55
305.3,161.25,51.6,45.15
309.6,159.82,43.052,41.567
297.42,165.55,57.333,39.417
296.7,163.4,56.617,43.717
313.9,164.83,37.983,43
309.6,163.4,43,46.583
308.88,158.38,49.45,50.883
312.47,156.23,49.45,52.317
329.67,155.52,36.55,50.167
328.23,155.52,37.267,49.45
331.1,154.08,35.833,46.054
330.38,156.95,35.117,43
332.53,157.67,35.833,43
335.4,158.38,30.817,42.283
338.27,159.1,28.667,43.717
337.55,155.52,27.928,45.15
332.53,161.25,33.683,47.3
329.67,161.25,37.267,49.45
328.95,161.97,40.85,48.733
329.67,156.23,39.417,51.6
324.65,157.67,42.283,50.167
319.63,157.67,42.283,51.6
318.92,158.38,45.867,51.6
321.78,156.95,39.417,52.317
319.63,161.97,41.567,55.9
316.77,156.95,50.167,60.917
312.47,157.67,48.017,60.917
314.62,156.23,50.167,58.767
316.77,154.8,50.167,50.883
317.48,154.08,49.45,48.733
321.78,156.23,51.6,48.733
321.07,156.95,53.75,47.3
318.92,157.67,54.467,46.583
324.65,159.1,43.717,40.133
337.55,159.1,37.983,41.567
335.4,155.52,40.85,46.583
333.97,155.52,30.1,45.867
329.67,155.52,30.1,43
326.08,155.52,32.967,44.433
323.22,155.52,33.683,45.15
323.22,149.78,33.683,45.15
318.92,150.5,37.983,44.768
319.63,151.22,35.833,42.283
321.07,152.65,28.667,40.85
318.2,154.8,30.1,40.133
323.93,154.8,27.95,41.567
323.22,153.37,25.8,40.85
326.8,151.93,20.783,40.85
324.65,152.65,23.65,41.567
326.08,146.92,30.1,40.133
327.52,147.09,28.667,36.374
328.3,146.92,27.88,37.983
327.52,147.63,29.383,35.833
326.8,146.92,27.233,36.55
323.93,147.63,32.967,39.417
325.37,147.63,28.667,40.85
326.08,147.63,27.95,40.133
326.8,146.92,27.233,38.7
326.08,147.96,27.233,36.222
323.93,146.92,30.817,40.85
323.93,148.35,30.817,39.417
323.93,147.63,39.417,42.283
324.65,146.2,37.267,45.15
323.93,146.92,43,43.717
323.93,146.92,27.962,40.85
327.17,147.63,25.432,40.85
330.38,148.35,25.8,43.713
331.1,147.63,26.517,43.717
332.53,148.35,27.233,39.417
332.53,146.2,27.233,40.85
331.82,147.63,28.667,39.417
335.4,146.92,25.8,40.85
336.83,146.92,29.383,41.567
337.55,146.2,26.517,39.796
338.27,144.77,25.083,42.283
337.55,144.77,26.517,44.433
338.27,144.77,28.667,47.3
339.7,144.77,30.817,45.15
340.42,143.33,30.1,45.867
338.98,144.05,32.967,45.15
340.42,144.77,30.817,39.417
340.42,144.77,30.817,41.567
340.42,142.62,30.817,43.717
343.28,142.62,29.383,43.717
342.57,143.33,30.1,43
346.15,144.77,27.233,40.133
351.17,144.77,22.933,41.567
353.32,146.2,25.8,45.15
355.47,143.33,26.517,50.167
362.63,143.33,25.083,42.283
364.89,146.92,24.255,39.417
362.63,143.33,25.8,46.603
364.07,141.18,26.517,50.883
364.78,139.03,25.8,53.033
364.78,139.03,25.8,53.75
364.78,139.75,27.233,50.883
366.22,141.18,26.517,54.467
368.37,140.47,25.8,56.617
365.5,137.6,27.233,55.183
364.78,137.6,27.95,54.467
361.92,139.75,30.817,50.883
361.2,139.03,32.25,51.6
359.77,136.88,35.117,57.333
359.05,151.93,35.833,43.717
361.2,153.37,34.868,43.717
361.92,154.08,35.833,43
363.35,155.52,35.117,44.433
364.07,156.23,35.117,46.583
365.5,156.95,35.117,46.583
375.53,157.67,34.4,44.433
379.83,161.97,31.533,36.55
378.4,162.68,33.683,35.117
376.97,164.12,34.059,35.117
371.23,165.55,40.85,36.55
385.57,163.4,30.1,41.567
387,162.68,32.25,42.283
389.87,161.97,30.1,42.703
392.73,166.98,27.95,37.983
396.32,169.13,24.367,35.833
398.47,168.42,22.933,36.55
404.92,169.13,22.217,32.25
404.92,166.98,27.233,37.267
404.2,164.83,27.95,36.194
401.33,165.55,37.267,36.55
410.65,164.12,30.817,44.433
412.08,164.83,27.95,41.567
412.08,165.55,27.95,41.567
412.08,166.27,30.1,42.283
411.37,167.7,32.25,40.85
415.67,162.68,28.667,46.583
417.1,162.68,26.517,43.717
416.38,159.1,22.217,46.583
415.67,159.1,22.217,46.583
416.38,159.82,21.5,43.717
415.67,160.53,22.933,47.3
415.67,161.25,24.367,47.3
416.38,162.68,24.367,45.15
416.38,161.97,27.233,47.3
416.05,163.4,26.851,48.017
418.53,166.27,26.517,44.433
422.83,171.28,26.517,42.283
428.57,166.27,24.367,45.15
431.43,164.83,27.95,43.717
441.47,159.82,25.8,44.92
443.62,160.53,25.8,46.583
444.33,161.97,27.233,44.433
445.05,159.1,28.276,48.733
449.35,158.38,27.95,48.733
456.52,158.38,25.083,49.45
460.82,159.1,23.65,48.017
462.97,156.95,23.65,49.37
465.83,154.8,22.933,45.15
465.83,152.65,22.933,43.717
465.83,152.65,25.8,42.283
467.27,150.5,25.8,42.283
467.98,151.22,22.217,42.283
466.55,152.65,24.367,40.133
465.12,151.22,27.95,48.017
467.98,153.37,25.8,45.867
469.42,154.8,25.8,45.15
467.98,156.95,28.667,43.717
469.42,158.38,28.667,43.717
470.85,159.82,28.667,43.717
467.98,159.82,30.1,47.3
467.98,159.1,31.533,47.3
466.55,159.1,32.25,50.883
465.12,161.97,28.667,47.3
460.82,161.97,30.817,48.017
458.67,163.4,32.967,46.583
456.52,164.12,32.25,45.15
453.65,164.12,35.117,42.283
450.07,164.83,39.417,44.433
450.07,164.12,35.117,46.583
453.65,164.12,29.383,43.717
455.08,162.68,25.083,43.717
453.65,159.82,26.517,47.3
455.08,159.82,26.517,47.3
453.27,160.53,28.327,46.583
449.35,160.53,32.25,44.433
444.33,149.07,35.833,55.183
455.08,148.35,24.367,54.467
454.37,158.38,26.517,43.717
455.8,156.23,25.8,47.3
452.93,155.52,27.233,48.733
452.93,156.95,25.8,40.85
453.65,154.08,21.5,41.567
454.37,153.37,21.5,42.283
453.65,153.37,20.783,43.717
455.08,153.37,20.067,45.15
454.37,150.5,22.217,49.45
453.65,151.22,20.067,48.733
452.93,151.22,23.65,44.433
453.65,149.07,20.783,41.567
454.37,151.93,20.783,37.983
453.65,151.22,22.217,40.133
452.93,150.5,21.5,44.433
455.8,149.76,18.633,45.171
456.52,150.5,20.067,47.3
457.23,148.35,19.35,52.317
457.95,146.92,17.2,54.467
451.5,149.07,24.367,52.317
446.48,147.63,28.667,42.283
455.8,146.92,20.783,40.85
456.52,144.77,20.783,40.537
459.38,144.05,17.2,42.283
458.67,141.9,23.65,46.583
460.82,142.62,22.217,46.583
460.82,142.62,24.381,46.583
462.97,142.62,24.367,42.283
465.83,139.75,27.95,45.15
468.7,141.9,29.383,40.133
474.4,140.47,28.698,45.867
480.17,139.03,25.083,46.583
485.9,140.47,22.933,42.283
500.23,132.58,24.367,43
506.68,131.15,24.367,43.717
509.55,129.72,23.65,45.867
515.28,131.87,23.65,43.717
523.17,131.87,25.083,42.283
528.18,129.72,24.367,41.567
526.03,128.28,29.383,40.85
529.62,125.91,30.1,39.643
533.2,121.83,30.1,44.433
532.48,121.83,31.533,43.717
531.77,121.12,30.1,43
529.62,118.97,31.533,43
536.78,118.25,25.083,41.567
536.07,118.25,24.367,40.133
535.35,117.53,23.65,42.283
533.92,118.25,22.933,40.133
531.77,118.97,22.217,41.567
528.18,119.68,24.367,40.889
526.03,118.97,27.233,41.567
522.45,118.97,28.667,40.133
521.02,120.4,27.95,38.7
518.87,121.12,25.8,36.55
516.72,121.12,26.517,37.983
513.85,116.1,23.65,42.283
511.7,113.95,23.65,40.133
512.41,111.8,23.66,40.133
510.27,108.93,23.65,39.417
506.68,102.48,28.667,45.15
504.53,98.183,29.383,48.733
503.82,97.467,30.817,48.017
501.67,105.35,30.1,42.283
498.8,104.63,30.817,36.55
495.22,98.9,33.683,40.133
495.22,97.467,31.533,40.85
492.35,100.33,19.35,35.833
490.92,97.467,19.35,36.55
490.92,94.6,18.633,37.267
490.2,93.883,18.633,34.4
488.77,91.733,20.067,33.683
488.77,90.3,19.35,35.117
489.48,92.103,22.217,36.181
490.92,92.45,22.217,37.983
490.92,90.3,22.933,38.7
490.92,88.15,23.65,38.7
490.92,88.15,21.5,36.55
490.92,86.717,22.933,37.267
493.07,88.867,20.783,35.833
494.5,91.733,17.917,32.967
494.5,88.867,17.917,34.4
495.22,86.717,19.35,36.55
498.08,84.567,17.2,37.983
498.08,85.283,17.2,37.267
497.37,85.283,17.917,37.267
495.93,86.717,20.067,32.967
493.78,87.433,21.5,32.25
493.07,88.15,23.65,32.25
491.63,87.433,24.367,31.533
490.2,87.433,22.933,31.533
488.05,88.867,22.217,32.967
486.62,89.583,19.35,33.683
483.75,91.017,20.067,32.67
480.88,82.417,24.367,40.092
476.58,78.117,25.083,41.567
471.57,77.4,25.8,42.283
467.98,88.867,22.217,30.817
463.68,90.3,25.083,30.817
460.1,91.017,28.667,34.4
455.9,92.45,32.15,35.833
452.22,92.45,26.517,37.267
444.33,93.167,21.848,35.138
442.18,93.883,21.5,34.4
442.18,95.317,20.067,33.683
440.03,96.75,20.783,33.335
438.6,96.75,22.217,32.25
436.45,96.75,22.933,31.533
435.73,95.317,22.217,32.967
435.02,96.033,20.783,30.1
433.58,101.77,19.351,25.083
433.58,102.48,20.067,26.517
432.87,103.92,22.217,26.517
432.87,104.63,25.083,27.95
432.87,103.2,22.933,28.667
432.87,102.48,22.217,29.383
431.43,103.92,23.65,27.95
432.15,104.63,22.933,26.517
431.43,105.35,21.5,27.233
429.28,103.2,21.5,27.95
428.57,103.92,20.067,23.65
427.13,103.2,19.35,22.933
425.7,101.77,19.35,24.367
422.83,102.48,20.783,25.083
421.4,101.77,21.5,27.233
417.1,100.33,21.5,26.517
414.95,98.9,21.5,26.517
413.52,98.9,20.783,26.517
408.5,100.33,25.083,29.383
407.78,98.183,23.65,31.533
407.78,98.183,22.217,31.533
407.07,98.9,20.783,28.667
404.92,96.033,17.917,29.383
402.05,97.429,18.633,28.704
397.75,98.9,21.5,30.1
395.6,99.617,22.933,29.383
393.45,99.617,22.933,27.233
392.02,98.9,21.5,27.233
384.85,99.617,25.8,27.233
379.83,100.33,26.517,27.95
378.4,99.617,25.083,27.233
375.53,99.617,23.65,24.367
375.53,99.617,23.65,24.367
375.53,98.9,23.65,25.083
