NaN,NaN,NaN,-1
325.5,168.7,34.3,57.4
324.1,167.3,37.1,65.1
325.5,164.5,36.4,73.5
322,163.1,38.5,73.5
305.9,161.7,46.9,70.7
300.3,161.7,46.9,71.4
301.7,161,44.1,60.9
298.2,161.7,51.1,60.9
277.9,158.9,57.4,65.1
278.6,157.5,56,66.5
280.7,156.8,52.5,66.5
NaN,NaN,NaN,-2
NaN,NaN,NaN,0
NaN,NaN,NaN,0
NaN,NaN,NaN,0
NaN,NaN,NaN,0
NaN,NaN,NaN,-1
321.3,161.7,32.2,58.1
315,159.6,38.5,59.5
309.4,157.5,41.3,61.6
303.8,154.7,43.403,65.8
298.2,151.9,45.5,63.7
291.9,149.8,49,62.3
286.3,146.3,47.6,61.6
NaN,NaN,NaN,-2
NaN,NaN,NaN,0
NaN,NaN,NaN,0
NaN,NaN,NaN,0
NaN,NaN,NaN,0
NaN,NaN,NaN,-1
321.3,157.5,28.7,57.4
313.6,155.4,44.8,60.9
305.9,150.5,65.8,63
305.2,149.1,63.7,63
308,147.7,59.5,65.1
308,158.2,55.3,52.5
302.4,160.3,53.2,56
302.74,162.4,53.561,53.9
306.6,165.9,49.7,50.4
304.5,162.4,53.2,60.2
312.2,160.3,44.8,64.4
311.5,161,42.957,67.9
320.6,159.6,35.7,58.108
318.5,158.2,41.3,65.1
315.7,158.2,44.1,53.2
315,158.2,42.7,55.3
319.9,158.2,35,46.2
318.5,159.6,37.1,49.7
319.2,160.3,39.9,49.7
309.4,157.5,49,45.5
319.52,157.5,43.783,46.9
318.5,158.9,48.3,48.3
319.9,159.6,48.3,45.5
317.8,157.5,51.8,48.3
321.3,158.2,51.1,52.5
322,157.5,51.1,51.1
320.6,158.9,51.1,49.7
331.8,160.3,40.6,49
328.3,160.3,43.4,51.8
328.3,158.2,42,53.9
328.3,156.8,39.9,53.9
321.3,156.1,37.8,56.7
321.3,156.8,35.7,55.3
319.2,154,39.2,60.2
315,153.3,45.5,58.8
324.1,154,35,59.5
323.4,154,32.188,54.6
323.4,156.8,28.7,52.5
317.8,157.5,33.6,51.8
318.5,155.4,34.3,55.3
316.4,155.4,36.4,38.5
324.1,151.9,31.5,48.3
324.8,150.5,31.5,42
323.11,154,29.694,44.8
323.4,151.2,32.9,47.6
322.7,151.9,34.3,46.9
322.7,154.7,32.9,44.8
322.7,154,34.3,44.1
322,154.7,35,44.8
322.7,154,33.6,44.1
324.1,152.6,31.5,47.6
324.8,152.6,27.3,45.5
322.7,154,27.3,40.6
322.7,154,27.3,41.3
322,155.4,32.2,42
323.4,149.1,39.2,42.7
322.7,149.1,39.2,43.4
324.8,151.2,35,42.755
322.7,152.6,36.4,45.5
322,155.4,33.6,46.2
325.5,156.1,30.8,44.1
326.2,154,33.6,46.9
329.7,154.7,29.997,44.1
329,155.4,32.2,46.2
332.5,155.4,30.1,48.3
333.9,154,30.8,46.9
334.6,149.1,35.7,51.1
336,149.1,32.9,50.4
333.9,149.8,34.3,51.8
334.6,151.2,32.9,42
333.9,148.4,43.4,45.5
334.6,148.4,47.6,42
333.2,147,46.9,43.4
336,144.9,43.4,43.4
340.2,146.3,38.5,44.8
340.2,147.7,40.6,44.8
340.2,147.7,43.4,46.9
340.2,145.6,30.1,49
341.6,147,32.2,46.2
343.7,147.7,32.2,45.5
345.1,147.7,30.1,44.8
343.7,146.3,37.1,48.3
345.8,145.6,39.2,50.4
353.5,147,34.3,51.8
358.4,150.5,29.4,45.5
360.5,151.2,28.7,42
360.5,150.5,31.5,44.103
361.2,150.5,32.9,46.9
361.9,149.8,33.6,44.8
362.6,150.5,30.437,45.5
361.2,150.5,32.2,44.1
359.1,153.3,34.3,42
357.7,155.4,40.6,39.9
356.3,154.7,42.373,40.6
361.9,154.7,36.4,40.6
368.9,155.4,26.6,37.8
364,153.3,33.6,41.3
363.3,152.6,35.7,43.4
360.5,154,41.3,43.4
364.7,155.4,40.6,40.6
369.6,159.6,37.1,35
373.8,160.3,35,32.9
378,157.5,32.9,39.2
382.9,158.9,33.6,38.5
385,158.9,28.7,37.8
382.2,158.9,30.1,37.1
384.3,161.7,26.6,35
385.7,158.9,28.7,39.9
387.8,159.6,30.1,39.9
387.1,161,33.6,38.5
388.5,161.7,34.3,40.6
388.5,163.1,33.6,42.7
393.4,165.9,30.1,39.2
398.3,164.5,25.2,44.1
403.2,162.4,24.5,44.8
403.9,167.3,25.9,39.2
402.5,166.6,28,40.6
403.9,166.6,29.4,46.2
405.3,164.5,30.8,44.658
406.7,163.8,30.1,45.5
412.3,165.2,26.6,44.1
413,163.1,25.2,45.5
412.3,163.8,28.7,46.9
413,163.8,25.9,44.1
414.4,163.1,24.5,39.9
415.1,160.3,23.1,38.5
412.3,160.3,24.5,38.5
408.8,160.3,28.7,38.94
410.9,161.7,28,42.7
412.3,158.2,27.623,48.3
412.3,156.1,30.1,51.1
410.9,156.8,32.2,53.9
413.7,157.5,30.8,55.3
415.8,157.5,33.6,55.3
418.6,157.5,32.9,53.9
420,168,35.7,44.1
408.8,165.2,52.5,49
427,170.1,38.5,37.1
441,170.8,28.7,40.6
444.5,170.1,28,40.6
447.3,168,30.8,42.7
451.5,167.3,29.485,42.7
454.3,168.7,32.2,40.6
456.4,166.6,29.4,41.3
461.3,168,28,36.4
469.7,162.05,23.8,33.946
471.1,160.3,21.7,30.1
471.1,158.9,22.4,30.8
467.6,164.5,22.4,38.5
465.5,165.2,23.1,46.2
459.9,166.6,30.8,51.1
457.8,166.6,36.4,37.8
461.3,167.3,32.9,39.9
459.2,168,34.3,40.6
466.2,172.2,30.8,34.951
471.1,172.2,28,39.9
475.3,173.94,23.8,43.06
476.36,174.3,22.04,29.4
476,173.6,21.7,30.1
471.1,173.6,24.5,32.2
471.1,175,23.1,32.2
467.6,175,25.9,36.4
464.8,176.4,25.9,34.3
461.3,175.7,25.9,35.7
459.2,177.1,23.8,37.1
459.2,178.5,21.106,32.2
459.9,175.7,19.6,32.9
459.2,172.2,21,30.1
461.3,169.4,17.5,29.4
459.2,166.6,19.6,30.8
459.2,166.6,21,31.5
463.4,164.5,16.8,33.6
459.9,163.8,20.3,36.4
459.2,161.7,20.017,36.4
457.8,161,21.7,36.4
457.8,161.7,23.1,33.6
457.8,161,23.8,37.8
455.7,160.3,24.5,39.9
453.6,158.9,24.5,41.3
455,158.2,21,39.2
455,158.2,20.3,39.9
453.6,158.9,21.7,40.6
453.6,159.6,22.4,38.5
451.5,163.48,22.4,32.193
450.1,161.7,21.7,32.9
450.1,157.5,22.4,34.3
450.1,154.7,23.1,37.8
450.8,157.5,21.7,34.3
450.1,157.5,23.8,35.7
450.1,158.9,24.5,35
448,158.2,24.5,35
447.3,156.8,27.3,38.5
448.7,156.1,25.2,39.9
451.5,156.1,22.4,38.5
451.5,157.11,23.1,38.193
448,155.4,25.997,36.4
450.8,153.3,23.8,32.9
449.4,151.2,25.2,34.3
455.7,150.5,19.6,35
456.4,149.8,19.6,36.4
458.5,150.5,19.875,37.8
459.2,151.17,24.5,38.527
462.7,149.8,27.3,36.4
466.2,148.4,28.7,36.4
470.4,147.7,29.4,36.4
474.6,147,28.7,37.1
480.2,148.4,24.5,34.3
485.1,146.3,25.9,38.5
486.5,143.5,35.7,28
492.1,140,36.4,30.8
495.6,139.3,34.3,28.7
499.1,137.9,35.7,30.8
519.4,132.3,28,35
520.1,133,32.2,33.6
521.5,132.3,35,33.6
523.6,133.7,36.385,28.7
527.8,132.3,35.7,30.1
528.5,128.1,34.3,33.6
528.5,128.1,33.6,33.6
529.2,123.9,31.5,37.1
529.2,125.3,30.1,33.6
529.9,123.2,26.6,32.9
533.4,121.8,21.7,32.2
532,119.7,23.1,34.3
529.2,121.1,25.2,34.3
527.1,123.2,25.9,34.303
524.3,122.5,25.9,35
515.9,123.2,30.8,33.6
514.5,123.2,30.1,32.9
513.1,124.6,30.8,30.8
510.3,126,30.8,31.5
509.6,124.6,25.2,33.6
506.8,122.5,22.763,32.2
505.4,121.8,24.5,31.5
503.3,120.4,23.1,28
500.5,118.3,24.5,27.3
499.8,118.3,24.5,27.3
495.6,116.9,28,28.7
492.8,113.4,30.1,33.6
490,111.3,30.1,30.1
493.5,108.5,25.2,30.1
493.5,107.8,23.8,30.1
491.4,106.4,18.2,27.3
490,103.6,16.8,30.1
487.2,101.5,16.8,30.1
489.3,99.4,16.8,27.3
487.9,98,18.2,27.3
488.6,95.2,18.2,30.1
487.9,96.6,21.7,30.1
489.3,98,21.7,27.3
488.6,94.5,23.8,32.9
489.3,93.8,23.8,30.8
489.3,91.7,23.8,30.8
489.3,90.3,24.5,30.1
491.4,91,23.8,30.8
492.1,92.4,23.1,29.4
493.5,90.3,21.7,31.5
494.9,90.3,21.7,29.4
495.6,88.2,21.7,30.1
496.3,87.5,21,31.5
496.3,87.5,18.9,30.1
497,86.1,19.6,32.2
494.9,88.9,27.3,32.9
492.8,89.6,28,32.2
492.8,89.6,28,31.5
490,88.2,28.7,33.6
487.9,90.3,28,32.2
485.8,91.7,23.1,31.5
483.7,91.7,20.3,31.5
480.9,90.3,18.9,32.2
476.7,88.9,19.6,31.5
469.7,88.2,21.7,30.8
462,89.6,25.2,30.1
452.9,91.7,29.4,30.1
450.1,94.5,30.8,28.7
449.4,94.5,30.1,35.7
450.8,95.2,27.3,32.9
443.8,95.2,24.5,32.2
441,97.3,23.1,30.8
440.3,94.5,23.1,34.3
436.1,95.2,23.8,35
432.6,94.5,25.2,36.4
430.5,95.2,26.6,34.3
429.1,94.5,26.6,34.3
427,93.1,26.239,35
425.6,93.1,28,34.296
425.6,101.5,27.402,25.9
424.9,102.9,28,25.2
425.6,102.9,28,28.7
426.3,102.9,27.3,28
426.3,104.3,28.7,25.9
429.1,104.3,24.5,25.9
429.1,104.3,23.8,26.6
429.8,105,22.4,26.6
422.1,102.2,24.511,27.3
421.4,100.8,25.2,26.6
420.7,99.4,23.8,25.9
419.3,100.1,24.5,24.5
417.2,100.8,27.3,25.2
415.1,100.8,28.7,28
418.6,100.1,21.7,25.2
417.9,94.5,23.1,30.1
415.8,91.7,22.4,32.2
412.3,105,23.1,21.7
412.3,105,19.006,22.4
410.2,103.6,19.6,23.8
408.1,101.5,17.5,23.1
403.9,102.2,18.9,19.6
403.13,101.5,18.272,21
400.4,102.9,18.9,23.1
399,102.2,18.9,23.8
396.9,101.5,18.9,23.8
394.1,100.8,21,24.5
387.8,99.4,21,25.9
382.9,100.8,22.4,26.6
380.1,100.1,23.8,24.5
376.6,101.5,25.2,21
376.6,102.2,25.2,19.6
376.6,101.5,16.8,19.641
