NaN,NaN,NaN,-1
205,115,32,103
202,114,36,103
200,112,39,103
199,111,40,102
199,110,40,102
200,110,37,101
201,109,35,101
203,108,32,100
204,107,31,101
206,105,30,101
209,105,29,102
212,105,31,101
213,106,32,100
212,106,34,100
210,107,35,99
209,106,36,100
209,105,36,100
207,104,37,102
206,102,38,104
206,101,37,105
207,100,37,106
208,99,37,107
208,98,36,108
209,98,37,108
210,98,39,108
210,98,41,107
209,97,41,107
210,97,40,107
210,96,39,106
211,94,39,107
212,93,38,107
213,93,37,106
215,94,36,105
215,94,36,104
216,94,35,103
216,95,36,102
216,95,38,101
216,94,38,101
216,94,39,100
216,95,39,101
216,98,39,103
215,99,39,104
216,102,39,106
216,105,38,105
216,105,39,106
215,106,41,108
214,107,43,107
212,107,47,108
208,107,50,108
204,107,52,108
201,106,51,108
197,105,49,107
193,102,48,109
189,99,51,114
187,96,53,119
185,95,56,121
184,95,57,121
184,97,61,121
184,99,64,121
184,100,67,121
185,101,70,121
186,103,71,121
188,104,71,121
189,103,69,121
188,103,67,120
186,103,66,121
188,103,62,120
190,102,62,120
192,101,68,121
193,101,66,121
193,101,65,122
197,98,64,122
197,96,65,121
192,96,68,122
186,96,68,121
186,96,69,122
185,95,70,123
178,93,78,127
176,92,81,128
173,86,87,131
173,78,92,134
174,71,98,137
175,67,103,139
175,64,106,142
175,62,109,144
175,61,112,146
176,61,112,147
176,63,109,147
177,70,103,145
177,77,101,145
176,84,99,147
176,87,103,149
175,89,107,150
175,92,111,151
177,95,117,152
177,97,123,155
176,100,128,157
175,106,131,158
173,110,131,159
172,112,130,160
172,114,130,162
171,116,131,163
170,117,133,165
170,117,134,166
169,116,136,167
168,116,139,168
168,115,141,168
168,111,145,170
169,109,148,171
169,106,149,172
168,104,151,172
167,102,154,173
167,100,160,175
167,98,165,178
166,97,172,180
167,96,177,182
168,96,183,185
168,96,188,186
169,96,192,188
168,97,196,189
168,97,200,191
168,97,202,192
168,97,204,194
169,98,206,195
171,98,207,196
171,99,208,198
172,99,214,200
173,99,214,200
175,99,219,202
176,100,225,203
178,100,229,204
179,100,234,206
180,100,240,207
180,99,246,208
180,99,254,210
180,99,256,210
181,98,261,212
183,97,266,213
184,96,271,215
185,94,276,217
186,93,281,217
188,92,285,218
188,90,289,217
189,89,294,218
189,87,298,218
188,86,304,220
187,85,310,221
186,84,314,222
186,83,317,223
186,81,323,225
186,79,331,227
186,78,336,229
186,77,339,229
186,76,343,229
186,75,346,230
186,74,349,231
186,73,353,233
186,72,358,234
186,70,364,237
186,69,368,237
188,68,375,239
188,67,382,242
188,65,390,245
188,64,396,248
189,63,399,250
188,63,404,251
189,62,407,251
189,61,414,253
188,61,417,254
186,60,423,259
185,59,432,264
184,58,438,267
185,58,439,268
185,58,441,270
186,58,442,271
187,57,444,273
188,57,445,274
188,56,450,278
187,55,455,280
186,52,464,286
186,51,467,289
186,51,472,291
185,50,479,294
185,50,483,298
185,49,488,300
184,49,492,306
184,49,495,308
185,48,500,315
186,49,496,316
186,49,499,320
187,50,502,323
187,50,505,326
187,49,508,329
187,49,509,333
187,48,510,334
188,48,509,335
188,47,513,338
188,47,513,338
188,46,516,340
189,46,515,340
191,47,515,340
192,48,515,340
194,49,516,341
196,49,516,341
198,50,516,343
197,49,520,347
197,49,519,348
197,49,521,349
198,50,524,349
198,51,528,350
201,54,530,352
204,57,530,354
205,58,531,352
208,62,530,352
211,65,531,353
215,68,531,354
218,71,531,355
218,72,534,355
221,74,534,356
224,75,534,357
227,76,534,358
230,77,534,357
NaN,NaN,NaN,-2
NaN,NaN,NaN,0
NaN,NaN,NaN,0
NaN,NaN,NaN,0
NaN,NaN,NaN,0
NaN,NaN,NaN,-1
199,132,32,95
196,131,37,98
194,130,41,101
191,128,46,104
188,127,50,107
187,126,52,108
185,125,56,110
183,124,60,112
181,124,63,113
179,124,67,115
178,124,71,117
177,123,73,120
177,121,76,123
177,121,75,125
178,121,74,126
179,119,76,130
180,120,76,130
183,119,77,133
187,119,75,132
190,119,75,133
192,118,78,135
192,116,81,137
192,115,83,139
191,113,86,142
190,109,89,145
190,107,91,148
189,104,94,150
188,101,97,153
188,99,100,155
188,98,102,157
187,96,105,158
187,96,107,160
189,96,107,160
190,95,108,161
189,95,111,163
187,94,114,165
186,94,117,167
185,94,120,170
183,94,123,172
182,94,126,175
182,94,129,176
182,94,131,177
182,93,133,178
184,94,133,178
185,94,133,179
186,94,133,179
186,94,133,179
187,94,133,179
188,94,133,179
189,94,133,179
189,94,133,179
190,94,132,179
192,94,133,179
193,94,133,179
194,93,132,179
194,92,132,179
196,89,132,179
198,87,132,179
200,86,132,179
202,86,132,179
202,86,132,179
NaN,NaN,NaN,-2
NaN,NaN,NaN,0
NaN,NaN,NaN,0
NaN,NaN,NaN,0
NaN,NaN,NaN,0
NaN,NaN,NaN,-1
167,98,31,94
165,97,34,96
162,96,38,97
159,95,42,98
157,94,45,100
153,93,49,102
150,91,54,104
148,90,58,106
147,88,62,109
145,87,65,111
144,87,68,112
142,87,72,113
141,87,75,114
139,89,78,115
137,90,82,117
134,91,86,118
131,91,90,121
129,91,95,123
127,89,100,126
126,87,105,130
124,86,109,133
122,85,113,135
121,84,117,138
120,83,120,140
118,83,124,142
117,82,128,144
115,82,132,146
113,81,137,148
112,80,141,150
111,80,145,153
110,79,149,155
109,79,153,158
109,79,157,160
110,79,160,161
111,80,163,163
113,81,166,165
116,84,168,166
118,86,171,168
119,89,174,170
120,92,179,172
121,92,184,175
123,93,188,178
128,91,192,181
137,89,197,184
145,88,201,187
146,87,205,190
147,86,209,192
147,85,212,194
148,85,214,196
148,85,216,197
146,86,218,199
145,86,219,201
144,86,221,202
143,86,223,204
142,86,224,206
143,87,226,207
144,87,228,209
144,87,230,210
146,87,231,212
149,87,233,213
151,87,235,215
153,87,236,217
156,87,238,218
158,88,239,220
160,88,240,221
161,87,241,222
164,85,241,223
168,83,241,223
170,83,241,223
NaN,NaN,NaN,-2
NaN,NaN,NaN,0
NaN,NaN,NaN,0
NaN,NaN,NaN,0
NaN,NaN,NaN,0
NaN,NaN,NaN,-1
157,105,35,96
156,109,38,97
155,111,42,99
154,113,47,102
153,114,51,105
152,115,54,108
152,115,58,110
151,116,61,112
149,117,64,113
148,118,67,114
146,119,70,115
143,119,74,116
139,118,78,118
136,117,82,120
135,112,87,123
134,107,91,127
133,100,95,131
132,93,100,135
132,88,104,138
134,82,108,140
136,76,112,142
138,72,115,144
141,69,119,145
141,68,122,147
140,68,126,149
140,68,130,151
139,68,133,154
137,70,137,156
134,74,140,158
130,79,143,160
127,83,144,160
125,87,144,160
122,91,145,161
120,95,146,162
117,98,147,162
115,100,150,164
113,100,152,166
112,100,156,167
112,100,160,169
113,98,163,172
114,96,166,174
116,94,169,176
117,91,173,178
117,89,175,180
119,86,177,181
121,82,180,183
123,79,182,184
124,78,184,185
125,75,187,187
125,72,189,188
126,70,191,189
126,68,194,191
127,66,196,193
129,66,197,193
129,66,198,194
129,66,199,194
129,66,200,195
128,67,200,195
128,67,201,196
127,67,203,197
126,67,204,197
125,67,205,198
125,67,205,198
124,67,206,198
124,67,206,199
124,67,208,200
124,66,210,201
124,65,211,202
125,64,213,203
126,61,214,204
127,57,216,205
129,55,217,206
130,54,219,207
131,53,220,208
134,53,221,208
136,53,223,209
139,53,223,209
144,55,224,210
150,56,226,211
153,59,227,211
154,65,228,211
156,70,228,212
157,73,230,213
158,77,231,213
157,79,233,215
159,79,236,216
159,80,238,217
159,80,240,219
159,82,240,220
161,83,241,221
162,85,242,222
162,87,241,222
161,90,242,223
161,93,241,224
161,95,242,224
160,98,241,225
160,100,241,226
161,101,241,226
162,104,240,228
162,105,240,229
164,107,239,229
165,108,239,230
167,109,238,230
169,110,238,231
171,111,238,231
173,112,238,231
175,112,237,233
176,113,237,233
178,112,237,233
180,112,236,233
182,111,236,234
183,110,236,234
NaN,NaN,NaN,-2
NaN,NaN,NaN,0
NaN,NaN,NaN,0
NaN,NaN,NaN,0
NaN,NaN,NaN,0
NaN,NaN,NaN,-1
157,100,33,83
158,98,33,83
159,96,33,83
160,94,34,83
159,93,35,84
160,92,35,85
159,92,36,86
159,91,36,87
158,91,38,88
157,91,39,89
157,91,39,89
158,91,40,89
158,91,41,89
158,91,42,90
159,91,43,90
159,89,43,91
158,89,44,92
158,87,44,94
157,85,46,96
155,84,48,98
153,83,50,100
151,83,52,101
148,83,53,101
145,84,54,102
143,84,55,102
140,83,56,103
138,84,57,104
135,84,57,105
131,83,59,106
128,82,61,108
125,80,63,110
122,78,65,113
121,78,66,114
120,78,67,115
119,77,68,115
118,77,69,116
117,77,70,116
116,77,71,117
114,77,73,118
113,76,74,120
112,76,75,121
112,76,75,122
113,77,74,121
113,80,74,121
115,84,73,120
118,91,67,112
121,96,66,111
124,102,66,111
130,107,66,110
139,112,58,103
141,114,58,104
141,115,57,103
141,114,58,104
140,111,59,106
136,105,64,111
135,101,66,114
135,97,68,115
134,92,70,117
134,87,71,118
134,85,71,117
133,83,72,117
131,81,73,117
131,80,74,117
130,80,75,117
126,77,78,122
117,74,83,129
108,69,90,138
101,62,100,152
91,52,113,171
81,41,128,192
76,27,144,216
80,13,151,231
101,6,156,236
128,0,156,236
128,0,158,237
133,4,151,230
125,6,152,230
121,11,151,229
141,17,141,223
159,18,131,217
162,22,126,213
161,27,121,211
160,30,117,208
157,40,110,201
156,40,112,203
157,41,112,204
158,48,111,202
153,48,117,206
148,46,124,217
146,45,126,219
140,51,126,219
136,53,126,218
134,55,126,218
130,56,125,217
127,55,125,216
130,52,124,215
134,49,124,215
136,45,123,213
142,43,122,212
143,43,122,212
145,43,122,213
146,45,120,211
149,49,114,205
150,57,111,202
146,63,110,201
145,66,108,200
148,69,106,198
145,73,102,196
