NaN,NaN,NaN,-1
122,88,40,60
122,88,40,60
122,88,40,60
122,88,40,60
122,88,40,60
122,88,40,60
122,88,40,60
122,88,40,60
119,91,40,60
119,91,40,60
119,94,40,60
119,94,40,60
119,94,40,60
116,94,40,60
116,94,40,60
116,94,40,60
113,94,40,60
113,94,40,60
116,94,40,60
113,94,40,60
116,91,40,60
116,91,40,60
116,91,40,60
119,88,40,60
122,88,40,60
122,88,40,60
125,88,40,60
125,85,40,60
125,85,40,60
125,85,40,60
125,82,40,60
125,82,40,60
122,79,40,60
122,79,40,60
119,79,40,60
119,76,40,60
119,76,40,60
116,76,40,60
116,79,40,60
113,79,40,60
116,82,40,60
113,85,40,60
116,88,40,60
113,91,40,60
116,91,40,60
116,91,40,60
116,91,40,60
116,91,40,60
119,91,40,60
119,88,40,60
119,88,40,60
119,88,40,60
122,88,40,60
122,88,40,60
119,88,40,60
122,88,40,60
119,88,40,60
122,88,40,60
119,88,40,60
119,88,40,60
119,91,40,60
119,91,40,60
116,94,40,60
119,94,40,60
119,97,40,60
119,97,40,60
122,97,40,60
122,97,40,60
122,97,40,60
122,94,40,60
122,91,40,60
122,88,40,60
122,85,40,60
122,82,40,60
125,79,40,60
122,76,40,60
125,73,40,60
122,70,40,60
122,70,40,60
122,70,40,60
122,70,40,60
122,70,40,60
122,73,40,60
119,73,40,60
119,76,40,60
119,76,40,60
116,79,40,60
116,82,40,60
113,82,40,60
113,82,40,60
110,85,40,60
110,85,40,60
107,88,40,60
104,88,40,60
104,91,40,60
101,91,40,60
101,94,40,60
98,94,40,60
101,97,40,60
98,97,40,60
101,94,40,60
104,94,40,60
104,94,40,60
107,94,40,60
110,91,40,60
115,91,40,60
118,91,40,60
121,91,40,60
124,91,40,60
127,91,40,60
130,91,40,60
130,91,40,60
133,88,40,60
133,88,40,60
133,91,40,60
133,91,40,60
133,94,40,60
133,94,40,60
130,94,40,60
127,94,40,60
127,94,40,60
124,94,40,60
121,91,40,60
121,88,40,60
118,85,40,60
115,85,40,60
115,82,40,60
112,82,40,60
112,82,40,60
109,82,40,60
106,85,40,60
106,85,40,60
103,88,40,60
106,91,40,60
103,94,40,60
106,94,40,60
106,97,40,60
109,97,40,60
109,97,40,60
109,97,40,60
112,97,40,60
112,97,40,60
112,97,40,60
109,94,40,60
109,94,40,60
109,91,40,60
104,91,40,60
101,88,40,60
98,88,40,60
98,88,40,60
93,88,40,60
90,88,40,60
87,91,40,60
87,91,40,60
87,91,40,60
87,91,40,60
84,88,40,60
84,91,40,60
84,91,40,60
87,94,40,60
84,94,40,60
87,94,40,60
87,94,40,60
87,97,40,60
87,100,40,60
84,100,40,60
87,100,40,60
84,100,40,60
84,100,40,60
84,100,40,60
81,97,40,60
81,97,40,60
81,94,40,60
78,94,40,60
78,94,40,60
75,91,40,60
75,91,40,60
75,91,40,60
72,91,40,60
69,91,40,60
69,91,40,60
66,91,40,60
66,91,40,60
63,91,40,60
60,91,40,60
60,91,40,60
60,91,40,60
60,91,40,60
60,91,40,60
63,91,40,60
63,94,40,60
63,94,40,60
63,94,40,60
63,97,40,60
66,94,40,60
63,94,40,60
63,94,40,60
63,94,40,60
63,91,40,60
60,91,40,60
60,91,40,60
60,88,40,60
60,88,40,60
57,88,40,60
60,85,40,60
57,85,40,60
57,85,40,60
60,85,40,60
63,85,40,60
63,85,40,60
66,82,40,60
66,82,40,60
69,82,40,60
69,82,40,60
69,79,40,60
69,82,40,60
72,79,40,60
72,82,40,60
72,79,40,60
75,79,40,60
75,79,40,60
80,79,40,60
80,79,40,60
83,79,40,60
83,82,40,60
88,82,40,60
91,85,40,60
91,88,40,60
94,91,40,60
97,94,40,60
97,94,40,60
102,94,40,60
105,97,40,60
108,102,40,60
111,107,40,60
111,107,40,60
111,107,40,60
111,104,40,60
111,104,40,60
108,104,40,60
105,101,40,60
102,98,40,60
102,95,40,60
97,95,40,60
92,95,40,60
87,92,40,60
82,89,40,60
77,89,40,60
74,89,40,60
69,89,40,60
66,86,40,60
66,86,40,60
69,89,40,60
72,89,40,60
77,92,40,60
82,92,40,60
85,92,40,60
85,95,40,60
90,98,40,60
90,101,40,60
93,104,40,60
96,104,40,60
96,107,40,60
99,110,40,60
102,107,40,60
102,107,40,60
105,104,40,60
108,104,40,60
111,99,40,60
111,94,40,60
114,91,40,60
114,86,40,60
114,83,40,60
114,80,40,60
111,77,40,60
111,74,40,60
108,69,40,60
105,66,40,60
102,63,40,60
99,60,40,60
96,57,40,60
93,57,40,60
90,54,40,60
87,54,40,60
87,51,40,60
84,54,40,60
84,54,40,60
81,57,40,60
81,60,40,60
81,60,40,60
78,63,40,60
78,63,40,60
75,66,40,60
75,69,40,60
72,72,40,60
72,72,40,60
75,75,40,60
72,78,40,60
75,81,40,60
78,81,40,60
81,84,40,60
81,84,40,60
