NaN,NaN,NaN,-1
133,89,44,54
128,92,44,54
128,92,44,54
128,92,44,54
128,92,44,54
128,92,44,54
128,92,44,54
128,92,44,54
128,92,44,54
125,95,44,54
128,95,44,54
125,95,44,54
125,95,44,54
125,95,44,54
122,98,44,54
122,95,44,54
122,95,44,54
119,98,44,54
122,95,44,54
122,95,44,54
122,95,44,54
122,95,44,54
125,92,44,54
125,92,44,54
128,92,44,54
128,92,44,54
131,89,44,54
131,92,44,54
134,87,44,54
131,87,44,54
134,87,44,54
131,84,44,54
131,84,44,54
128,81,44,54
125,81,44,54
125,81,44,54
125,78,44,54
122,81,44,54
122,81,44,54
122,84,44,54
122,87,44,54
119,90,44,54
122,90,44,54
119,93,44,54
122,96,44,54
122,96,44,54
122,96,44,54
122,96,44,54
125,93,44,54
125,93,44,54
125,93,44,54
125,93,44,54
128,93,44,54
128,93,44,54
128,93,44,54
125,93,44,54
125,93,44,54
125,93,44,54
125,93,44,54
125,93,44,54
125,93,44,54
125,98,44,54
122,98,44,54
122,101,44,54
125,101,44,54
125,101,44,54
125,104,44,54
128,101,44,54
128,101,44,54
128,98,44,54
128,95,44,54
128,92,44,54
128,89,44,54
128,86,44,54
128,83,44,54
128,80,44,54
128,77,44,54
128,74,44,54
128,74,44,54
128,74,44,54
128,74,44,54
125,77,44,54
128,77,44,54
125,80,44,54
125,80,44,54
122,83,44,54
122,83,44,54
119,86,44,54
119,86,44,54
116,89,44,54
116,89,44,54
113,89,44,54
110,92,44,54
110,92,44,54
107,95,44,54
107,98,44,54
104,98,44,54
104,101,44,54
104,101,44,54
104,101,44,54
107,101,44,54
107,98,44,54
110,98,44,54
113,98,44,54
116,98,44,54
119,98,44,54
122,95,44,54
125,98,44,54
128,98,44,54
131,98,44,54
134,95,44,54
134,95,44,54
137,95,44,54
137,95,44,54
140,95,44,54
140,98,44,54
137,98,44,54
137,101,44,54
134,98,44,54
134,101,44,54
131,98,44,54
128,98,44,54
128,95,44,54
125,95,44,54
122,92,44,54
122,89,44,54
119,89,44,54
119,86,44,54
116,89,44,54
116,89,44,54
113,89,44,54
110,92,44,54
110,95,44,54
110,95,44,54
110,98,44,54
110,101,44,54
113,101,44,54
113,104,44,54
116,101,44,54
116,104,44,54
116,104,44,54
116,104,44,54
116,101,44,54
116,101,44,54
116,98,44,54
113,98,44,54
110,95,44,54
107,95,44,54
104,95,44,54
101,95,44,54
98,95,44,54
95,95,44,54
92,95,44,54
92,95,44,54
92,95,44,54
92,95,44,54
89,95,44,54
92,95,44,54
89,95,44,54
92,98,44,54
92,98,44,54
92,101,44,54
92,101,44,54
92,101,44,54
92,104,44,54
92,104,44,54
89,104,44,54
89,104,44,54
89,104,44,54
89,104,44,54
86,104,44,54
86,101,44,54
86,101,44,54
83,98,44,54
83,98,44,54
83,98,44,54
80,95,44,54
80,95,44,54
77,95,44,54
74,98,44,54
74,95,44,54
71,98,44,54
71,95,44,54
68,95,44,54
68,95,44,54
65,95,44,54
65,95,44,54
65,95,44,54
65,98,44,54
65,95,44,54
68,98,44,54
68,98,44,54
68,101,44,54
71,101,44,54
71,101,44,54
71,101,44,54
68,98,44,54
68,98,44,54
68,98,44,54
68,98,44,54
65,95,44,54
65,95,44,54
65,92,44,54
65,92,44,54
62,92,44,54
65,92,44,54
62,89,44,54
65,92,44,54
68,89,44,54
71,89,44,54
71,89,44,54
71,89,44,54
74,86,44,54
74,86,44,54
77,86,44,54
74,86,44,54
77,86,44,54
77,86,44,54
77,86,44,54
80,83,44,54
83,83,44,54
83,83,44,54
86,83,44,54
89,86,44,54
89,86,44,54
92,86,44,54
95,91,44,54
98,94,44,54
98,97,44,54
101,97,44,54
104,100,44,54
107,100,44,54
110,103,44,54
113,108,44,54
116,111,44,54
116,114,44,54
119,111,44,54
116,111,44,54
116,108,44,54
113,108,44,54
113,105,44,54
110,102,44,54
105,102,44,54
102,99,44,54
97,99,44,54
92,99,44,54
89,94,44,54
84,94,44,54
79,94,44,54
76,91,44,54
73,91,44,54
73,91,44,54
73,94,44,54
78,94,44,54
83,97,44,54
86,97,44,54
89,100,44,54
92,100,44,54
95,103,44,54
95,106,44,54
98,109,44,54
98,112,44,54
101,112,44,54
104,112,44,54
104,115,44,54
107,112,44,54
110,109,44,54
110,109,44,54
113,104,44,54
116,101,44,54
119,96,44,54
119,91,44,54
119,88,44,54
119,85,44,54
119,82,44,54
116,79,44,54
113,76,44,54
110,71,44,54
107,68,44,54
104,65,44,54
101,62,44,54
98,59,44,54
95,59,44,54
92,56,44,54
92,56,44,54
89,59,44,54
89,59,44,54
86,62,44,54
86,62,44,54
86,65,44,54
83,68,44,54
83,68,44,54
80,71,44,54
80,74,44,54
77,77,44,54
77,77,44,54
77,80,44,54
80,83,44,54
80,83,44,54
83,86,44,54
86,86,44,54
89,89,44,54
