NaN,NaN,NaN,-1
149,55,82,96
147,60,82,96
143,62,82,96
140,63,82,96
137,61,82,96
135,56,82,96
133,51,82,96
132,48,82,96
131,47,82,96
127,47,82,96
121,48,82,96
116,50,82,96
110,52,82,96
105,51,82,96
106,48,82,96
107,47,82,96
110,45,82,96
112,47,82,96
114,49,82,96
116,51,82,96
116,54,82,96
116,55,82,96
117,56,82,96
117,57,82,96
118,59,82,96
118,57,82,96
120,51,82,96
122,46,82,96
128,41,82,96
133,38,82,96
137,36,82,96
140,36,82,96
144,36,82,96
146,38,82,96
148,40,82,96
148,40,82,96
146,39,82,96
144,36,82,96
140,34,82,96
138,31,82,96
134,33,82,96
128,37,82,96
122,42,82,96
118,45,82,96
114,45,82,96
112,46,82,96
111,46,82,96
110,45,82,96
110,41,82,96
110,37,82,96
112,32,82,96
116,30,82,96
119,32,82,96
120,36,82,96
122,43,82,96
126,46,82,96
130,49,82,96
133,51,82,96
136,49,82,96
141,44,82,96
146,36,82,96
150,33,82,96
150,30,82,96
153,29,82,96
151,35,82,96
148,40,82,96
145,40,82,96
143,43,82,96
143,43,82,96
140,42,82,96
140,39,82,96
141,35,82,96
141,35,82,96
140,40,82,96
138,44,82,96
136,46,82,96
135,46,82,96
136,46,82,96
135,48,82,96
133,47,82,96
130,43,82,96
126,40,82,96
125,37,82,96
126,36,82,96
124,41,82,96
123,46,82,96
124,49,82,96
126,53,82,96
128,56,82,96
131,56,82,96
134,49,82,96
138,40,82,96
142,34,82,96
146,31,82,96
150,27,82,96
151,30,82,96
152,33,82,96
154,34,82,96
157,34,82,96
157,34,82,96
157,33,82,96
156,33,82,96
156,32,82,96
154,31,82,96
152,29,82,96
151,30,82,96
146,34,82,96
143,36,82,96
141,36,82,96
137,39,82,96
133,40,82,96
129,39,82,96
129,35,82,96
131,32,82,96
132,31,82,96
132,31,82,96
132,31,82,96
131,31,82,96
133,34,82,96
134,36,82,96
135,38,82,96
138,36,82,96
143,33,82,96
146,30,82,96
149,28,82,96
154,25,82,96
159,23,82,96
164,23,82,96
166,23,82,96
168,25,82,96
169,26,82,96
169,26,82,96
169,25,82,96
167,24,82,96
165,23,82,96
163,21,82,96
164,17,82,96
165,15,82,96
164,13,82,96
161,13,82,96
157,13,82,96
155,15,82,96
152,17,82,96
149,17,82,96
146,18,82,96
143,16,82,96
139,11,82,96
136,6,82,96
134,4,82,96
134,3,82,96
133,2,82,96
134,3,82,96
135,5,82,96
135,9,82,96
138,13,82,96
140,15,82,96
141,13,82,96
143,10,82,96
144,6,82,96
144,2,82,96
147,0,82,96
148,0,82,96
149,0,82,96
147,0,82,96
144,0,82,96
143,3,82,96
142,6,82,96
142,10,82,96
142,12,82,96
142,14,82,96
141,12,82,96
142,8,82,96
142,4,82,96
142,1,82,96
141,0,82,96
141,0,82,96
140,0,82,96
140,1,82,96
143,5,82,96
145,6,82,96
144,8,82,96
142,11,82,96
139,13,82,96
135,15,82,96
131,15,82,96
126,13,82,96
124,11,82,96
121,9,82,96
118,8,82,96
115,8,82,96
115,8,82,96
116,9,82,96
117,9,82,96
122,7,82,96
125,2,82,96
130,0,82,96
131,0,82,96
133,0,82,96
138,0,82,96
143,0,82,96
145,2,82,96
150,3,82,96
154,5,82,96
155,2,82,96
158,3,82,96
159,4,82,96
159,6,82,96
162,10,82,96
164,12,82,96
165,12,82,96
166,12,82,96
166,12,82,96
164,11,82,96
160,10,82,96
156,10,82,96
152,10,82,96
147,9,82,96
142,9,82,96
141,8,82,96
139,6,82,96
138,7,82,96
138,7,82,96
142,11,82,96
145,14,82,96
150,16,82,96
154,17,82,96
160,16,82,96
165,15,82,96
171,14,82,96
174,14,82,96
176,13,82,96
179,12,82,96
181,14,82,96
181,17,82,96
178,19,82,96
176,22,82,96
173,24,82,96
171,24,82,96
170,26,82,96
170,25,82,96
169,25,82,96
169,24,82,96
173,23,82,96
174,23,82,96
175,23,82,96
178,25,82,96
178,27,82,96
179,28,82,96
179,28,82,96
178,27,82,96
175,24,82,96
173,19,82,96
172,16,82,96
171,13,82,96
171,10,82,96
170,7,82,96
170,5,82,96
170,5,82,96
171,9,82,96
169,16,82,96
169,22,82,96
171,25,82,96
173,25,82,96
175,21,82,96
177,16,82,96
178,10,82,96
180,8,82,96
180,6,82,96
179,3,82,96
177,2,82,96
176,6,82,96
175,9,82,96
174,12,82,96
175,13,82,96
171,12,82,96
165,10,82,96
159,8,82,96
155,6,82,96
151,0,82,96
145,0,82,96
142,0,82,96
139,0,82,96
137,1,82,96
136,6,82,96
137,12,82,96
136,17,82,96
138,19,82,96
141,19,82,96
148,19,82,96
153,18,82,96
158,16,82,96
167,13,82,96
169,13,82,96
168,11,82,96
166,11,82,96
162,11,82,96
157,10,82,96
152,13,82,96
145,13,82,96
140,13,82,96
133,10,82,96
127,5,82,96
121,0,82,96
118,0,82,96
117,0,82,96
114,0,82,96
113,2,82,96
112,9,82,96
109,14,82,96
106,17,82,96
102,20,82,96
94,18,82,96
88,16,82,96
83,14,82,96
83,9,82,96
83,5,82,96
85,4,82,96
90,4,82,96
95,8,82,96
98,11,82,96
100,15,82,96
106,16,82,96
111,18,82,96
117,17,82,96
122,13,82,96
129,8,82,96
136,0,82,96
147,0,82,96
158,0,82,96
167,0,82,96
173,1,82,96
176,3,82,96
180,6,82,96
183,6,82,96
186,8,82,96
186,9,82,96
185,7,82,96
186,4,82,96
187,3,82,96
185,0,82,96
187,0,82,96
185,4,82,96
186,6,82,96
188,11,82,96
187,14,82,96
187,15,82,96
188,16,82,96
190,16,82,96
191,12,82,96
193,7,82,96
196,0,82,96
196,0,82,96
198,1,82,96
197,9,82,96
196,14,82,96
196,21,82,96
195,24,82,96
196,19,82,96
193,18,82,96
174,23,82,96
178,18,82,96
183,22,82,96
182,25,82,96
182,31,82,96
175,34,82,96
168,37,82,96
162,37,82,96
156,37,82,96
148,33,82,96
142,28,82,96
141,23,82,96
145,21,82,96
146,24,82,96
144,25,82,96
145,28,82,96
144,31,82,96
143,32,82,96
140,33,82,96
137,34,82,96
134,31,82,96
137,27,82,96
138,25,82,96
140,24,82,96
146,26,82,96
149,29,82,96
153,29,82,96
159,25,82,96
163,23,82,96
167,20,82,96
168,19,82,96
170,18,82,96
169,14,82,96
170,11,82,96
169,9,82,96
166,9,82,96
165,11,82,96
167,17,82,96
164,24,82,96
159,29,82,96
155,30,82,96
148,29,82,96
143,26,82,96
143,22,82,96
148,18,82,96
152,16,82,96
153,18,82,96
153,20,82,96
152,23,82,96
154,25,82,96
153,27,82,96
155,29,82,96
156,31,82,96
159,32,82,96
161,29,82,96
159,26,82,96
160,27,82,96
165,32,82,96
163,37,82,96
160,39,82,96
157,41,82,96
151,42,82,96
149,42,82,96
148,40,82,96
144,38,82,96
140,35,82,96
132,33,82,96
131,31,82,96
127,26,82,96
127,20,82,96
125,19,82,96
122,23,82,96
122,25,82,96
121,26,82,96
118,29,82,96
117,31,82,96
116,31,82,96
114,30,82,96
115,28,82,96
119,28,82,96
126,29,82,96
132,30,82,96
137,30,82,96
141,28,82,96
143,30,82,96
141,33,82,96
142,32,82,96
146,29,82,96
145,27,82,96
144,27,82,96
136,23,82,96
132,20,82,96
135,22,82,96
133,25,82,96
134,28,82,96
132,29,82,96
131,31,82,96
136,32,82,96
137,34,82,96
139,34,82,96
140,35,82,96
143,35,82,96
142,35,82,96
142,34,82,96
140,35,82,96
137,36,82,96
134,35,82,96
131,35,82,96
130,34,82,96
124,34,82,96
119,33,82,96
117,34,82,96
112,35,82,96
114,36,82,96
109,34,82,96
107,35,82,96
109,34,82,96
108,34,82,96
108,31,82,96
108,31,82,96
108,31,82,96
109,30,82,96
109,32,82,96
106,31,82,96
107,29,82,96
108,26,82,96
109,26,82,96
112,25,82,96
115,23,82,96
113,23,82,96
117,20,82,96
118,18,82,96
117,17,82,96
111,14,82,96
110,13,82,96
109,14,82,96
104,16,82,96
103,18,82,96
98,15,82,96
100,15,82,96
101,12,82,96
106,10,82,96
109,5,82,96
110,2,82,96
113,1,82,96
118,3,82,96
119,3,82,96
121,4,82,96
123,2,82,96
123,0,82,96
125,0,82,96
128,0,82,96
131,0,82,96
128,1,82,96
128,8,82,96
121,13,82,96
112,17,82,96
106,21,82,96
100,22,82,96
90,20,82,96
91,20,82,96
88,16,82,96
86,11,82,96
89,12,82,96
91,14,82,96
93,15,82,96
98,16,82,96
100,18,82,96
103,20,82,96
110,21,82,96
113,21,82,96
115,18,82,96
116,13,82,96
116,9,82,96
117,8,82,96
118,8,82,96
119,10,82,96
118,10,82,96
118,8,82,96
116,5,82,96
114,0,82,96
110,0,82,96
107,0,82,96
99,0,82,96
99,0,82,96
95,0,82,96
91,0,82,96
88,3,82,96
90,1,82,96
91,1,82,96
92,2,82,96
91,1,82,96
91,1,82,96
93,0,82,96
97,1,82,96
98,5,82,96
101,9,82,96
100,14,82,96
99,18,82,96
100,20,82,96
97,20,82,96
98,14,82,96
101,6,82,96
104,1,82,96
107,5,82,96
109,9,82,96
108,15,82,96
107,18,82,96
106,20,82,96
105,22,82,96
105,23,82,96
105,20,82,96
108,20,82,96
109,20,82,96
103,19,82,96
100,20,82,96
97,21,82,96
93,21,82,96
86,21,82,96
81,20,82,96
76,19,82,96
71,19,82,96
74,19,82,96
75,16,82,96
77,11,82,96
80,11,82,96
84,14,82,96
87,19,82,96
91,22,82,96
97,24,82,96
105,22,82,96
109,19,82,96
113,16,82,96
116,11,82,96
119,8,82,96
121,6,82,96
121,7,82,96
120,8,82,96
120,10,82,96
119,12,82,96
115,14,82,96
111,15,82,96
111,15,82,96
109,14,82,96
110,13,82,96
109,11,82,96
109,11,82,96
109,13,82,96
108,13,82,96
108,14,82,96
111,14,82,96
113,16,82,96
114,15,82,96
113,17,82,96
115,19,82,96
114,21,82,96
109,26,82,96
109,31,82,96
111,34,82,96
111,37,82,96
107,39,82,96
104,36,82,96
104,33,82,96
106,32,82,96
103,29,82,96
104,26,82,96
107,25,82,96
110,25,82,96
113,26,82,96
117,27,82,96
119,27,82,96
122,27,82,96
124,25,82,96
125,20,82,96
124,19,82,96
120,17,82,96
117,14,82,96
112,15,82,96
107,18,82,96
102,21,82,96
98,21,82,96
95,23,82,96
90,24,82,96
85,24,82,96
84,24,82,96
81,21,82,96
81,17,82,96
83,17,82,96
86,18,82,96
89,22,82,96
93,26,82,96
100,31,82,96
105,34,82,96
111,34,82,96
115,32,82,96
122,29,82,96
128,27,82,96
131,28,82,96
133,32,82,96
135,35,82,96
136,37,82,96
134,38,82,96
130,37,82,96
125,35,82,96
123,33,82,96
121,33,82,96
118,33,82,96
116,33,82,96
116,32,82,96
115,33,82,96
112,35,82,96
110,36,82,96
107,35,82,96
106,35,82,96
106,35,82,96
105,35,82,96
105,33,82,96
107,31,82,96
108,30,82,96
111,30,82,96
116,32,82,96
121,34,82,96
125,37,82,96
127,38,82,96
130,37,82,96
131,37,82,96
134,36,82,96
134,33,82,96
134,32,82,96
134,32,82,96
132,34,82,96
133,32,82,96
133,27,82,96
135,23,82,96
137,24,82,96
136,26,82,96
137,25,82,96
140,25,82,96
138,21,82,96
139,22,82,96
137,22,82,96
132,18,82,96
127,12,82,96
121,11,82,96
118,11,82,96
118,12,82,96
126,8,82,96
123,8,82,96
122,6,82,96
118,4,82,96
115,0,82,96
111,0,82,96
110,0,82,96
105,0,82,96
111,0,82,96
116,0,82,96
119,3,82,96
123,6,82,96
122,7,82,96
123,9,82,96
123,9,82,96
120,8,82,96
118,8,82,96
114,6,82,96
114,5,82,96
112,5,82,96
108,7,82,96
107,10,82,96
105,13,82,96
103,15,82,96
98,15,82,96
93,16,82,96
92,15,82,96
89,14,82,96
86,14,82,96
86,14,82,96
82,14,82,96
82,15,82,96
82,16,82,96
84,17,82,96
87,17,82,96
91,16,82,96
96,16,82,96
101,15,82,96
105,13,82,96
107,12,82,96
110,10,82,96
112,10,82,96
113,11,82,96
114,14,82,96
113,15,82,96
111,16,82,96
111,17,82,96
109,16,82,96
105,16,82,96
99,13,82,96
99,10,82,96
94,9,82,96
91,10,82,96
86,14,82,96
84,17,82,96
83,19,82,96
81,19,82,96
78,20,82,96
78,21,82,96
77,23,82,96
73,22,82,96
74,24,82,96
69,25,82,96
66,24,82,96
