NaN,NaN,NaN,-1
140,64,97,105
136,64,97,105
136,64,93,105
133,64,92,105
130,61,92,105
129,57,90,105
128,52,89,105
127,49,90,105
126,48,89,105
124,48,89,105
118,48,89,105
111,50,90,105
106,53,90,104
101,51,91,105
100,49,91,104
100,45,92,105
101,44,94,105
104,44,94,105
106,46,94,105
110,49,92,105
107,52,94,105
107,53,95,105
108,54,95,105
107,55,96,105
113,56,90,105
111,55,92,105
114,50,90,105
116,46,93,105
120,40,97,105
124,37,96,105
128,36,95,105
133,36,96,105
136,35,98,104
136,38,102,105
141,40,92,105
140,41,93,105
135,40,97,105
135,37,96,105
133,34,96,104
130,31,94,105
126,32,94,105
119,37,94,105
112,40,97,105
108,43,95,104
103,41,97,105
99,41,100,101
98,42,98,105
97,42,98,105
97,40,97,105
98,36,97,105
99,32,98,105
102,31,97,105
105,33,98,105
106,38,98,105
108,43,98,105
112,48,98,105
116,51,98,105
119,53,99,105
122,50,98,105
128,45,97,102
132,38,97,101
136,34,98,105
136,30,100,103
138,31,98,104
138,37,96,103
135,42,97,103
133,43,96,105
131,45,96,105
132,46,94,105
129,45,95,105
129,41,94,105
130,38,95,105
130,39,93,104
131,43,92,105
128,48,93,105
126,50,93,103
122,50,96,104
122,50,96,105
120,51,98,105
120,51,97,105
120,49,92,104
113,46,94,105
114,43,93,105
116,42,91,103
114,47,91,105
113,52,92,103
112,55,95,104
112,59,95,104
114,63,96,104
119,62,95,104
123,57,92,104
127,47,92,100
129,40,94,100
133,35,94,101
137,33,94,103
136,36,95,103
138,40,96,102
139,40,97,103
140,41,97,105
142,41,95,103
144,40,94,104
144,40,92,103
145,39,90,103
144,38,89,104
142,36,90,105
140,38,91,105
132,43,93,105
127,47,96,104
128,48,91,103
123,51,92,103
121,54,90,102
120,53,87,102
120,49,88,103
120,46,89,104
120,46,89,104
120,45,89,105
120,46,90,101
119,46,90,105
120,48,91,105
122,50,91,104
123,51,92,105
124,50,94,105
127,47,95,105
127,43,98,104
129,40,100,105
134,38,99,105
139,36,99,105
142,35,100,101
144,35,100,105
143,37,102,105
143,38,103,105
143,38,103,105
143,38,104,105
141,37,102,105
139,35,102,105
138,33,101,105
139,30,100,105
141,27,99,105
139,26,98,105
134,26,100,105
129,25,101,105
128,27,101,105
126,29,99,104
123,31,99,105
120,32,99,104
118,31,97,104
116,27,97,104
115,22,97,102
113,20,97,104
115,19,96,104
110,18,99,105
115,20,95,102
116,22,95,105
116,27,95,104
118,31,96,104
119,33,98,105
119,32,102,104
121,30,105,105
122,27,103,105
123,23,104,105
125,26,91,99
125,16,105,105
127,14,104,105
126,15,102,105
125,17,102,102
123,20,102,105
122,24,102,104
122,28,101,105
121,31,102,105
122,32,102,104
121,30,102,105
122,26,101,105
122,22,101,105
122,18,101,105
122,16,100,105
122,14,99,105
121,15,99,105
123,17,100,105
126,20,98,105
126,22,98,105
126,24,96,104
126,28,93,105
121,30,96,104
117,32,95,104
113,32,95,105
110,31,94,104
107,29,95,104
104,29,96,103
100,28,95,103
97,29,95,103
97,29,92,102
96,30,95,101
98,30,94,104
101,29,95,103
109,25,90,103
113,20,89,103
113,18,91,104
114,12,89,104
118,12,89,105
125,17,89,105
128,22,88,104
133,23,88,104
136,25,89,105
138,24,89,105
138,25,92,104
142,26,89,103
142,29,90,104
143,32,92,103
147,33,90,104
148,35,91,104
149,36,90,103
148,38,91,105
145,38,94,105
140,36,96,103
134,37,88,105
127,42,84,99
124,41,82,100
116,34,103,102
115,30,103,105
113,28,98,105
110,27,105,105
111,28,87,105
113,32,101,105
114,41,89,99
119,37,89,104
121,50,91,99
125,49,92,99
128,50,95,93
134,50,94,89
138,53,93,86
142,52,92,85
146,53,91,82
148,51,94,87
149,55,89,83
148,58,91,85
148,59,91,82
144,56,94,85
146,54,96,87
146,55,85,87
145,59,89,100
144,53,98,87
140,52,103,95
149,51,97,102
150,51,99,88
155,43,97,94
157,44,98,95
157,46,98,95
157,47,99,96
157,47,101,98
156,46,101,100
152,43,101,100
149,39,103,102
148,36,103,103
145,34,104,101
144,31,104,101
142,28,105,100
143,26,104,101
143,26,104,103
144,30,104,101
143,37,103,101
143,44,104,99
146,47,103,100
148,46,104,101
150,43,104,101
153,37,103,102
155,32,103,102
157,29,103,105
157,27,103,103
156,24,103,99
155,23,104,98
154,26,102,99
152,29,102,102
152,32,103,102
151,34,103,101
147,34,103,98
141,32,103,105
135,30,104,99
130,28,102,99
125,23,103,100
117,18,103,98
112,17,104,99
108,17,102,100
107,19,101,100
105,23,101,100
105,29,100,100
104,34,101,100
105,36,101,99
108,35,100,100
118,36,96,99
119,35,99,100
124,33,100,99
132,32,101,99
133,31,100,99
132,30,102,101
131,29,100,102
124,29,103,101
120,30,98,100
112,36,97,98
104,32,97,101
96,32,101,101
89,30,98,103
81,26,101,102
76,24,99,99
69,27,99,93
76,21,85,98
81,34,85,95
74,34,91,94
78,50,85,99
65,54,95,101
72,59,84,100
66,60,83,99
59,60,84,100
53,58,82,99
48,54,84,97
48,50,84,105
48,46,90,101
51,46,82,99
56,47,95,97
61,50,90,99
64,56,80,95
65,59,91,94
70,62,92,91
75,63,78,93
80,61,89,95
86,60,77,91
90,57,93,91
96,47,90,95
105,40,78,93
114,35,89,100
120,37,93,101
125,40,92,102
128,45,90,99
130,47,91,99
132,47,91,100
133,47,75,91
133,50,85,97
123,48,83,90
121,46,88,90
136,43,71,92
135,42,73,91
137,42,70,91
136,44,71,91
132,45,76,90
132,46,74,90
132,47,73,89
132,48,78,96
134,49,72,88
136,46,74,101
138,43,76,100
142,38,74,100
141,35,94,105
142,35,83,105
146,42,80,105
146,50,80,105
145,57,78,105
144,62,79,105
142,64,80,105
138,61,80,105
140,55,77,105
143,50,81,105
148,47,81,105
155,49,78,105
153,52,79,105
153,56,78,105
138,59,88,105
143,61,74,105
139,61,74,105
133,61,73,104
125,56,72,105
121,52,72,105
119,46,71,105
123,45,72,105
123,47,70,105
123,49,70,105
122,52,69,105
124,55,70,105
121,56,70,105
120,57,70,105
116,58,70,105
113,55,71,105
112,52,76,103
106,50,85,105
112,48,82,103
134,53,71,105
138,56,68,105
147,57,69,105
152,54,74,105
157,52,73,105
160,50,74,105
163,50,73,105
164,49,72,105
164,45,72,105
166,42,70,105
167,40,70,105
165,39,69,105
165,41,70,105
168,48,68,105
168,55,65,105
162,61,67,103
158,66,66,99
152,62,66,102
148,60,63,99
149,56,63,100
153,52,64,98
155,50,66,100
156,52,66,99
155,56,65,98
157,61,64,95
159,63,63,93
159,65,64,92
157,65,68,93
158,68,69,91
161,70,68,89
161,67,70,88
162,63,68,89
165,62,67,87
167,64,65,90
158,68,73,90
165,73,63,86
154,65,71,96
157,77,62,84
156,77,60,83
149,63,66,96
151,72,61,84
142,61,69,90
143,68,64,81
141,68,63,83
136,64,65,77
143,57,57,79
132,56,67,79
135,62,61,76
131,64,66,75
135,64,62,77
131,69,64,72
130,71,62,75
129,70,64,76
131,70,61,78
135,70,60,79
135,70,65,80
146,70,61,82
155,71,58,79
156,58,63,93
160,61,63,90
161,62,63,92
154,55,68,98
156,56,66,95
159,47,66,99
159,48,64,96
158,48,64,94
153,48,61,88
146,44,80,90
152,46,71,89
149,47,69,85
149,53,68,79
148,57,65,78
149,59,68,74
154,61,63,80
157,63,63,78
157,62,62,87
160,65,59,87
162,60,60,93
161,67,57,85
162,66,76,87
161,67,55,86
159,68,55,85
155,68,54,85
152,66,78,86
151,65,83,86
146,64,80,87
141,63,78,91
139,62,75,74
135,61,74,87
134,61,73,79
132,59,69,88
132,59,66,78
132,56,66,83
134,55,73,84
138,52,66,86
139,52,57,87
141,51,58,87
139,50,65,90
140,50,60,92
134,49,63,93
133,50,64,97
132,52,65,93
132,49,66,101
135,48,68,96
135,47,74,97
135,45,78,96
137,44,86,96
138,41,89,97
136,42,97,95
130,36,85,100
129,39,88,97
125,42,78,96
120,43,80,100
118,44,81,100
113,42,79,101
115,42,79,102
116,40,96,101
124,37,70,101
126,32,73,101
131,29,71,100
135,29,73,101
139,30,74,102
140,30,75,103
146,31,73,102
148,29,75,103
147,26,75,101
148,18,75,105
148,18,77,104
151,16,82,105
150,19,94,105
151,24,75,105
146,28,77,105
137,31,79,105
130,33,78,105
124,33,78,105
115,30,80,105
115,31,80,105
112,28,80,105
111,24,81,105
113,24,82,105
115,25,83,105
118,25,83,105
122,27,83,105
120,30,88,105
124,33,87,105
122,36,94,105
125,38,95,102
128,34,96,105
130,29,96,104
130,22,98,105
131,20,98,105
133,21,98,105
135,24,98,103
135,24,98,104
134,22,98,105
132,19,98,101
130,15,98,105
129,10,97,103
127,6,98,105
123,6,98,98
119,6,99,102
114,8,98,105
109,10,98,103
110,10,94,101
110,11,94,105
112,12,92,104
109,14,93,103
110,15,89,103
108,15,90,103
110,13,89,103
113,15,89,102
115,18,87,103
117,22,87,103
117,27,87,103
116,31,88,102
118,33,87,102
116,32,88,103
117,25,88,102
120,17,90,102
124,10,91,103
126,14,91,102
128,18,91,103
128,23,91,103
126,26,91,102
125,28,90,102
125,30,88,100
124,31,88,101
124,29,89,101
128,29,85,101
128,29,84,101
121,30,86,97
118,29,85,101
117,32,82,98
113,32,83,97
107,32,81,99
103,31,80,99
95,28,83,101
92,29,82,100
94,28,83,101
96,25,83,101
97,20,84,102
101,20,84,102
103,24,85,103
111,30,81,103
115,35,80,102
122,36,79,102
129,33,80,103
134,30,79,101
138,24,79,103
136,22,84,101
142,19,80,101
145,18,79,102
147,18,78,103
145,20,79,102
146,21,77,103
144,23,79,103
141,25,78,103
136,26,81,103
135,26,84,103
130,26,82,102
132,24,81,102
131,23,81,101
130,23,83,101
130,24,82,101
129,25,85,101
132,25,81,102
131,26,85,101
133,27,85,102
134,28,85,102
133,29,83,102
136,31,83,101
134,34,82,101
129,39,81,101
131,44,79,101
131,47,81,101
133,51,79,101
132,52,77,102
126,51,79,100
130,48,77,101
128,47,81,101
125,44,81,102
126,40,82,102
129,39,82,102
132,39,81,102
136,40,82,102
140,40,81,103
141,41,82,102
144,41,81,102
146,40,81,102
147,35,81,103
146,34,81,102
141,32,83,102
139,30,80,101
133,31,82,101
127,34,81,102
124,37,81,101
119,38,81,102
116,40,80,102
111,41,80,102
106,41,81,102
105,40,81,103
103,39,79,102
103,34,80,102
105,32,81,103
108,34,79,103
110,39,79,102
116,44,76,102
122,50,75,101
125,54,77,101
131,54,77,101
135,54,76,99
142,51,75,99
149,49,76,99
153,51,75,98
155,54,76,98
157,58,76,99
157,61,76,99
155,60,80,101
151,62,80,98
147,57,76,101
146,55,74,101
144,56,74,100
139,56,75,100
138,55,75,100
139,54,76,101
137,56,78,99
135,56,76,100
132,56,76,100
130,55,76,101
128,54,77,101
128,50,77,105
127,54,77,101
127,51,77,102
128,45,78,105
130,44,78,105
134,44,78,104
138,45,79,105
143,47,78,105
146,49,81,105
148,51,81,105
150,55,81,103
151,55,82,103
154,59,78,98
154,56,79,99
154,50,84,103
154,48,84,104
154,47,83,104
148,45,90,101
155,45,84,99
158,42,84,98
163,39,82,101
162,43,83,100
164,43,83,101
166,43,83,104
166,46,83,102
164,45,83,102
163,45,89,102
160,44,99,104
157,44,101,103
151,42,102,103
149,42,102,105
146,44,105,103
156,45,79,105
148,44,96,105
146,43,92,105
143,40,90,105
140,36,85,105
139,32,93,105
135,31,86,104
130,30,88,103
135,30,89,103
145,32,82,102
149,37,83,100
154,40,81,101
155,41,82,101
161,41,79,102
165,41,77,102
161,41,80,103
162,41,75,103
158,38,78,104
158,36,79,104
156,37,78,103
152,39,79,104
152,43,78,104
150,47,78,104
147,48,79,105
141,46,78,105
135,44,79,105
133,42,79,105
130,40,78,105
127,39,78,105
126,39,78,104
123,39,77,105
122,40,93,104
122,43,77,104
124,44,77,103
127,44,76,103
132,44,77,103
137,44,75,103
142,44,77,103
147,43,75,103
148,42,77,103
152,39,76,104
156,42,74,102
157,44,75,103
157,49,74,102
156,52,75,103
149,56,79,102
147,57,79,103
151,58,74,103
136,58,85,103
144,55,73,102
142,51,75,103
140,49,72,103
136,49,74,103
131,53,73,103
129,54,76,103
127,54,74,103
126,52,74,103
123,51,75,103
122,50,75,104
120,49,76,105
117,49,76,104
115,49,76,104
112,48,77,104
110,46,77,104
