NaN,NaN,NaN,-1
245.28,56.134,75.358,190.93
243.2,53.634,76.024,192.21
241.13,53.678,76.229,192.2
239.13,51.203,76.876,194
234.95,50.185,77.334,195.47
226.59,46.305,78.117,197.62
224.59,49.689,78.803,199.52
222.2,49.55,79.219,200.53
220.39,50.765,78.894,199.68
217.9,53.858,79.066,199.28
216.73,54.616,78.831,198.52
213,55.307,79.522,200.84
211.73,57.746,79.175,199.92
204.28,57.19,79.194,199.79
200.02,54.462,79.493,200.48
197.91,53.657,79.549,200.43
195.83,52.763,79.356,199.56
194.77,53.525,79.281,198.54
192.32,54.088,79.442,198.89
191.98,54.543,79.022,197.26
191.71,51.713,78.626,196.42
197.2,46.962,78.675,196.92
189.77,35.238,78.398,195.96
188.23,46.247,78.945,197.65
190.97,48.67,78.944,197.75
187.5,47.822,79.138,199.01
186.57,47.531,79.888,201.24
188.25,52.673,80.049,201.57
190.35,57.908,80.153,201.56
186.18,66.005,80.426,202.02
181.31,68.46,80.054,201.31
180.97,70.949,80.02,201.28
179.7,66.723,80.167,201.56
178.9,68.028,80.432,201.92
177.65,73.643,80.406,201.67
174.25,65.936,80.675,202.03
175.92,64.738,81.159,204.42
182.95,57.324,81.218,204.08
182.63,61.433,81.182,204.24
186.39,58.703,81.236,203.84
179.69,65.131,81.281,203.67
180.28,66.283,80.612,202.03
192.74,66.736,80.244,200.6
201.08,66.932,80.588,201.21
200.78,66.231,80.95,202.56
201.91,62.816,81.008,202.77
205.87,60.21,80.049,200.44
208.66,57.171,80.043,200.31
211.04,50.809,79.715,199.72
216.68,48.695,78.844,197.99
219.85,48.878,78.275,196.9
221.86,48.372,77.912,195.84
223.68,47.849,77.271,194.19
226.98,54.199,76.957,192.96
230.34,53.748,76.199,191.06
232.43,53.864,75.892,189.97
233.07,57.381,75.434,189.24
235.18,59.99,75.358,188.17
235.93,64.294,75.825,190.1
234.81,61.751,76.568,191.05
231.79,63.532,76.722,191.16
232.36,64.325,76.292,189.24
230.4,63.812,76.025,187.49
241.71,68.232,75.775,187.74
241.95,70.006,75.969,188.22
242.19,70.323,75.081,185.56
243.79,73.055,74.637,185.22
237.21,69.511,74.865,185.86
237.62,73.502,74.67,185.33
238.66,78.295,74.997,186.38
238.04,80.705,74.644,185.17
235.27,80.648,73.952,183.43
240.62,85.096,73.786,183
253.07,82.444,73.749,182.61
260.09,84.607,74.461,184.06
262.08,85.611,74.784,184.32
258.77,84.201,75.41,185.46
257.11,83.368,75.539,185.94
254.42,79.358,76.181,187.18
250.19,82.046,76.308,186.72
248.04,78.233,76.803,187.7
242.03,72.092,76.576,186.59
238.18,68.57,76.976,187.23
234.51,66.953,77.198,188.05
231.48,65.401,77.499,188.58
226.75,68.781,77.515,189.59
224.24,68.917,76.993,188.66
221.87,69.479,77.12,189.17
219.51,69.83,77.298,189.77
216,70.344,77.515,190.58
213,72.399,77.531,191.36
213.11,72.417,77.747,191.98
213.63,72.604,77.955,191.8
214.79,74.686,77.726,190.34
214.63,74.154,77.103,188.34
214.6,73.673,77.07,188.41
214.16,72.543,77.426,189.73
214.89,65.581,77.306,189.87
216.75,53.924,76.868,188.99
213.06,46.341,76.491,188.62
215.37,50.931,76.432,187.61
214.22,48.965,76.087,187.19
210.76,44.221,76.5,188.39
209.58,44.386,76.659,188.98
208.64,46.251,76.517,188.31
201.53,54.54,76.48,187.56
199.47,55.38,76.475,187.32
196.41,63.456,77.016,188.73
191.74,62.111,77.246,189.41
193.31,66.593,77.291,188.88
194.85,69.025,77.904,190.37
199.41,71.266,77.627,190.28
206.1,68.341,77.641,191.4
212.89,68.519,77.178,190.26
216.21,69.846,76.946,190.08
218.28,69.776,76.895,190.34
220.59,70.795,76.478,189.17
224.59,71.146,75.99,187.58
226,70.394,75.89,187.62
225.06,70.797,75.423,186.4
236.44,68.702,75.468,186.45
225.4,72.644,75.273,185.93
225.56,74.519,74.854,184.61
226.62,69.035,74.425,183.38
224.16,72.518,74.63,184.07
224.14,71.067,74.203,182.77
224.51,70.847,73.662,181.37
225.9,68.399,72.829,179.81
225.85,68.568,72.561,179.55
217.25,70.614,72.956,180.58
212.09,66.845,73.377,181.83
210.5,63.004,72.799,180.09
216.47,61.233,73.124,181.44
218.25,55.088,72.836,180.28
218.41,55.736,72.907,180.55
218.18,54.551,72.505,179.87
216.66,44.925,72.754,180.41
214.29,47.323,73.269,181.79
214.88,45.532,73.248,181.74
213.69,48.323,73.4,182.39
213.71,47.958,73.715,183.43
211.79,48.569,74.126,184.09
214.09,48.239,74.194,184.23
213.61,48.287,74.774,186.13
210.81,48.786,75.553,187.8
212.48,56.144,75.589,187.73
202.21,63.314,75.733,188.21
201.94,65.297,75.872,188.88
200.02,67.147,75.165,186.95
206.55,61.932,75.387,187.52
202,62.292,75.825,188.33
201.68,63.291,75.787,188.05
201.05,63.91,75.911,186.85
202.34,66.114,75.47,185.54
199.73,67.123,76.388,188.18
199.42,68.364,76.198,187.34
194.32,71.705,76.155,186.96
189.58,72.184,75.778,185.71
185.53,75.694,75.348,184.68
178.18,74.256,75.189,183.9
174.99,75.641,74.875,182.57
169.4,76.11,75.306,183.33
164.85,78.341,74.687,181.78
170.12,75.743,75.044,183.06
166.16,76.288,75.072,183.55
170.41,70.305,74.683,182.68
171.59,60.677,75.328,184.17
180.27,61.26,75.301,184.32
178.75,55.935,75.299,184.48
168.85,57.091,75.429,184.21
165.45,60.435,75.204,184.19
162.43,64.731,74.669,182.67
160.17,62.999,74.555,182.27
156.75,67.204,74.105,181.3
154.64,70.239,73.713,179.72
156.19,72.677,74.042,181.38
157.43,74.195,74.515,182.34
157.02,76.367,74.764,182.69
164.72,86.327,74.86,182.42
164.43,88.274,74.692,181.65
163.72,84.346,74.775,182.07
164.3,86.159,74.536,181.28
171.44,84.105,74.729,181.57
178.06,87.045,74.791,182.12
177.78,82.175,74.817,181.95
182.84,80.087,74.729,182
193.56,73.267,74.746,181.65
200.79,71.577,74.89,181.93
202.81,78.056,74.239,180.8
205.46,74.469,74.706,181.76
211.25,74.368,74.134,179.98
210.97,74.994,74.472,180.86
215.94,71.704,74.306,180.56
215.77,68.517,74.734,181.82
217.65,71.973,74.81,181.23
217.95,73.681,75.352,182.62
218.24,80.591,75.088,181.88
219.24,82.607,74.956,181.67
219.29,86.32,74.667,180.62
220.57,88.111,74.229,179.68
221.53,90.283,74.434,180.62
222.52,91.009,74.693,181.19
225.49,92.533,74.436,180.18
225.31,94.305,75.066,181.14
222.26,94.131,75.22,181.52
221.64,83.562,75.43,181.17
221.98,73.055,75.503,181.78
221.98,70.632,75.867,182.6
221.78,71.644,76.092,183.68
219.9,70.94,76.424,184.44
211.83,72.473,76.112,183.62
209.76,73.827,76.018,183.53
222.22,76.333,76.347,184.21
220.91,71.396,75.942,183.58
212.69,72.637,76.311,184.23
208.74,73.765,76.925,186
207.11,74.93,76.766,185.25
211.12,77.063,76.289,184.37
221.81,79.853,76.095,184.08
226.88,79.988,76.594,184.79
223.49,80.566,76.706,184.81
231.88,80.722,76.537,185.1
232.88,82.073,77.119,186.72
243.4,82.657,77.252,186.46
236.44,83.363,77.444,186.45
242.58,84.338,77.204,185.55
238.13,81.184,77.576,186.96
238.47,81.15,78.081,187.98
230.26,80.804,78.227,188.18
224.3,80.383,78.433,188.87
230.22,81.525,77.858,187.55
236.72,88.502,77.605,186.78
243.41,89.288,77.327,185.88
242.23,89.125,77.547,186.49
242.84,87.517,77.943,186.79
247.08,87.66,77.996,187.03
244.73,87.177,78.593,188.5
235.52,89.545,78.082,186.27
235.13,88.668,78.312,186.38
230.38,88.907,78.721,186.8
229.37,83.151,78.481,185.91
232.23,89.917,78.466,185.74
232.56,83.724,78.417,185.88
228.72,87.546,78.502,186.02
233.42,91.727,77.789,183.4
236.85,92.347,77.676,183.2
228.24,92.872,76.98,182.06
226.65,93.318,77.013,182.35
228.7,92.517,77.072,182.93
231.7,92.92,77.069,182.57
231.64,91.899,77.191,183.13
232.34,91.614,77.285,183.72
228.65,91.968,77.08,183.01
228.95,90.527,77.61,184.29
232.61,88.693,77.662,184.83
230.63,88.496,77.371,184.43
232.94,86.744,76.951,183.07
226.55,86.289,76.651,182.06
232.28,82.449,77.607,183.95
238.09,86.356,77.371,183.14
243.07,84.854,77.229,182.88
247.78,78.177,77.408,184.34
254.99,80.388,77.156,182.96
247.82,74.23,77.141,183.16
244.78,70.307,76.92,182.65
249.68,72.072,76.714,181.69
248.07,62.111,76.558,180.95
251.76,60.997,76.084,180.04
263.95,64.841,75.631,179.13
263.69,62.525,76.128,180.3
267.99,59.507,76.03,180.29
270.47,58.165,75.829,179.43
271.27,56.923,75.599,179.47
277.1,54.936,75.541,179.17
270.27,52.624,75.668,179.48
267.72,52.181,75.472,178.76
268.86,51.417,74.948,177.01
269.88,52.087,73.708,174.07
269.64,51.957,73.191,173.19
268.59,52.627,73.484,173.65
266.35,48.064,73.914,174.48
269.47,48.384,74.261,174.99
265.07,47.342,73.925,174.04
265.24,47.619,73.221,171.47
267.81,48,72.512,169.81
268.02,53.272,71.953,168.09
264.5,47.396,71.772,167.35
264.67,47.334,71.493,166.17
263.88,47.813,70.574,163.17
251.55,47.26,70.604,162.87
247.29,39.486,71.161,163.82
248.51,38.244,71.036,163.16
248.15,42.492,70.704,161.85
233.88,51.596,70.772,161.91
231.2,49.088,71.104,162.76
228,48.001,70.832,162.13
227.37,46.972,70.249,160.68
231.47,46.361,69.406,158.77
243.63,48.462,69.458,159.41
251.18,44.194,69.375,159.13
261.78,44.144,69.344,159.34
272.64,43.799,69.001,158.87
274.35,46.051,69.706,160.03
264.89,45.703,69.978,160.72
264.28,44.484,70.175,160.7
265.55,43.763,69.922,160.5
263.11,43.481,70.22,161.39
264.05,46.851,69.798,160.79
262.48,42.532,69.847,160.79
261.83,45.532,70.176,161.79
254.05,55.436,70.263,161.91
250.59,64.715,69.962,160.92
247.68,63.904,70.316,161.71
246.07,68.235,69.595,159.57
239.68,67.353,68.967,158.73
234.86,66.998,68.813,158.68
235.62,73.514,68.162,158.16
229.99,76.191,67.716,156.6
228.44,75.108,68.121,158.02
225.5,77.253,68.071,158.44
223.39,78.12,68.189,158.44
222.49,79.085,67.832,157.08
219.92,78.797,67.52,156.48
219.19,77.609,68.04,157.65
218.85,76.608,68.124,158.35
218.23,76.087,68.467,158.74
215.07,69.739,68.303,157.73
214.52,68.3,69.014,158.41
213.05,67.023,69.148,159.12
211.34,68.133,68.977,159.06
217.55,65.276,68.597,157.74
218.67,63.634,69.266,159.71
217.07,63.731,69.212,159.81
216.89,61.631,68.871,158.92
219.03,59.592,68.934,158.58
218.89,58.58,69.458,159.66
218.81,57.897,70.016,161.61
218.53,54.807,70.534,163.33
214.7,55.436,71.226,165.13
211.62,58.214,71.122,164.44
210.05,54.643,71.325,164.76
207.75,54.598,71.547,164.76
201.3,52.47,71.88,165.4
198.06,52.111,72.571,166.99
195.09,48.755,73.019,167.98
194.79,39.143,73.128,168.68
190.35,36.861,73.431,169.59
188.05,41.876,73.503,169.58
183.96,55.161,73.214,168.55
192.82,61.16,72.885,167.7
188.63,61.444,73.541,168.87
184.53,61.939,73.633,169.52
182.9,62.583,73.621,170.49
177.51,60.747,74.46,172.66
173.02,59.412,75.004,174.35
173.62,59.658,75.611,175.93
174.07,62.949,76.014,176.41
172.04,63.832,77.1,178.84
169.9,63.398,77.52,179.9
168.13,64.555,77.589,179.7
164.76,58.059,77.82,180.55
163.37,57.753,78.423,182.17
163.08,61.574,78.45,182.87
163.77,61.683,78.377,182.57
164.1,60.644,77.951,181.34
166.88,61.688,77.428,180.44
173.26,64.949,77.774,180.83
177.28,70.56,77.81,181.4
180.86,70.654,77.616,181.22
186.54,69.306,77.921,181.94
198.25,73.428,77.172,180.4
208.19,70.08,77.583,181.67
217.08,71.882,77.413,181.24
223.96,75.176,77.13,180.17
237.8,77.4,77.47,180.58
239.87,83.632,77.749,180.43
243.37,86.772,77.422,179.34
250.87,78.244,76.579,176.79
256.08,77.895,76.064,175.95
250.77,79.303,76.27,176.77
244.6,90.289,76.436,177.21
240.07,90.774,76.264,177.82
236.36,92.531,76.11,177.28
235.53,96.676,76.578,178.45
239.59,98.205,76.218,177.26
235.35,105.03,75.794,175.85
232.44,107.33,74.711,173.51
226.07,111.53,74.646,173.38
222.15,100.88,74.946,173.87
216.82,100.54,74.698,173.82
215.1,102.76,74.124,171.49
204.51,98.003,74.115,171.63
199.65,99.445,73.49,169.96
194.18,93.423,73.42,169.35
192.58,87.064,73.393,169.32
189.34,90.082,73.214,169.13
192.29,85.588,73.418,169.61
190.1,86.177,74.114,171.37
182.72,75.842,74.416,171.62
174.12,74.766,73.912,170.67
184.93,74.031,73.811,170.82
186.69,70.115,73.88,171.39
189.91,62.436,73.594,170.93
182.74,63.705,73.366,171
185.75,62.949,72.958,169.48
185.68,68.841,72.62,169.21
187.38,66.34,72.138,167.7
189.73,75.349,71.409,166.33
186.55,70.429,71.169,165.74
181.42,71.651,71.176,165.62
184.36,79.085,71.543,166.51
179.43,84.331,72.013,167.07
178.78,79.103,71.281,165.94
178.44,81.151,70.942,164.64
179.71,91.549,70.87,163.77
181.74,93.103,71.429,165.01
183.32,84.155,71.756,166.24
184.48,83.846,72.438,167.53
184.75,84.878,73.331,169.09
175.84,96.553,72.903,168.35
177.18,94.273,73.485,169.9
173.92,93.086,73.401,170.09
167.45,97.463,73.209,169.72
162.78,93.243,73.53,170.91
158.2,94.946,73.686,171.03
150.21,97.47,73.813,171.21
153.06,99.336,73.604,170.47
148.32,101.04,72.909,168.82
150.73,98.286,73.004,169.57
155.33,96.407,73.375,170.24
160.99,95.615,73.319,169.84
170.57,92.603,73.734,170.43
181.67,89.835,73.451,169.34
185.26,83.654,73.197,168.66
187.29,76.512,73.253,168.79
199.57,73.55,73.024,168.35
205.82,69.306,72.628,167.58
210.66,61.708,71.977,166.07
210.8,52.991,72.205,167.28
207.12,57.935,71.747,166.6
206.1,56.511,71.126,165.09
205.15,54.536,70.937,164.34
212.01,48.999,70.623,163.81
211.09,47.75,70.531,163.4
205.23,45.79,71.238,164.98
204.31,45.657,71.557,165.76
207,52.993,70.745,163.78
205.29,51.795,70.889,164.52
205.75,52.972,71.065,165.16
204.88,52.587,71.6,166.67
205.71,55.024,71.261,165.9
211.74,57.593,70.934,164.85
214.61,56.852,70.999,165.23
213.93,53.725,71.09,166.3
208.93,56.631,71.185,166.77
208.24,52.491,71.921,168.11
208.89,57.95,72.167,169.04
206.98,57.354,72.034,168.91
204.64,56.893,72.112,169.38
200.15,57.943,71.234,167.49
200.49,60.184,70.659,165.72
199.3,61.457,70.337,164.74
197.87,62.728,70,163.75
193.19,66.86,70.077,164.03
191.23,70.704,70.007,164.2
190.38,74.919,70.177,165.55
191,76.551,69.834,164.68
188.21,82.485,69.847,165.21
191.87,84.574,69.642,164.83
190.98,83.909,69.833,165.32
189.92,82.686,70.028,166.05
200.05,80.268,69.811,164.64
198.91,86.835,69.628,164.22
198.34,86.222,69.583,163.83
198.22,86.931,69.533,163.45
199.36,79.714,69.606,163.41
201.24,81.714,69.355,163.29
204.74,72.569,69.197,163.42
205.2,71.8,69.218,163.4
206.76,74.944,69.243,163.57
207.98,77.603,69.285,163.97
208.69,74.306,69.347,163.6
200.03,70.483,68.879,162.67
202.79,73.503,69.065,163.12
201.6,70.043,69.156,163.91
203.38,71.514,68.912,163.9
203.24,72.666,68.896,164.09
202.86,74.469,69.481,165.24
202.18,75.197,70.049,166.91
201.46,76.04,70.332,167.43
200.22,77.202,70.108,166.72
199.35,79.233,69.715,165.91
204.98,76.085,69.387,164.77
204.73,77.327,69.331,164.9
204.14,78.303,69.081,164.49
204.01,84.619,68.948,164.9
204.62,83.614,68.4,163.45
205.06,80.188,67.729,161.53
204.7,80.899,67.181,160.44
