NaN,NaN,NaN,-1
139,26,33,129
138,26,33,129
138,26,33,129
138,27,33,129
137,27,34,129
136,28,33,129
135,28,34,129
135,28,34,129
135,29,34,129
134,29,34,129
134,30,34,129
133,30,34,129
132,31,35,129
132,31,35,129
131,32,36,129
130,32,35,128
130,32,36,128
130,31,36,128
131,30,36,128
131,30,36,128
131,29,36,128
132,29,36,128
132,29,36,128
132,30,36,129
133,30,37,128
133,30,37,128
133,30,37,128
134,30,37,128
133,30,37,129
134,31,38,128
134,31,38,129
134,32,38,129
133,32,38,129
133,33,38,129
132,33,38,128
132,33,39,129
131,34,39,128
130,34,38,128
129,33,39,129
129,33,39,129
129,33,39,129
129,33,39,129
128,33,39,129
128,33,39,129
129,34,39,130
129,34,39,129
129,34,39,129
129,35,39,129
129,35,39,129
129,36,39,129
128,36,39,128
128,35,39,129
128,36,40,128
128,35,39,128
127,35,40,128
127,35,40,128
127,35,40,128
128,34,40,128
127,34,41,127
128,33,40,128
129,33,40,129
129,33,41,128
129,33,41,129
128,33,42,131
128,33,42,131
128,33,42,131
128,32,42,131
128,33,42,131
129,33,42,131
128,32,43,133
128,32,44,133
127,32,45,136
132,46,43,59
131,46,43,59
127,59,45,45
122,57,46,42
119,56,47,42
112,39,49,96
106,35,50,99
103,33,51,99
98,33,51,113
93,32,53,121
95,34,49,108
90,33,53,114
89,40,54,106
94,49,49,88
88,44,56,92
89,48,69,93
104,46,58,94
98,36,66,100
81,34,85,111
84,41,78,92
83,35,87,99
101,40,74,94
105,38,73,90
111,37,68,98
101,37,86,95
94,37,96,90
90,37,99,92
93,34,91,100
93,34,84,102
89,33,87,108
93,33,80,116
94,33,78,108
91,35,80,104
98,37,76,105
116,39,59,99
104,41,73,102
94,38,87,114
100,36,87,109
99,33,89,118
118,32,61,121
123,32,57,110
121,6,58,152
109,34,68,112
102,34,74,115
93,6,81,151
102,32,77,127
114,32,73,132
115,34,89,136
106,38,100,133
125,45,80,105
117,32,94,129
107,29,91,138
119,30,82,123
122,33,89,118
122,39,128,112
126,39,95,112
120,45,100,110
98,52,122,111
125,55,97,110
119,61,103,113
122,66,96,109
111,68,105,106
122,69,94,103
51,67,213,105
5,66,226,71
104,65,137,105
5,67,240,71
88,68,157,44
18,44,271,73
5,19,246,93
113,12,121,99
115,5,118,118
5,5,222,129
162,5,62,135
19,19,234,129
5,39,231,110
40,58,202,61
134,81,119,63
129,83,106,60
128,91,113,72
125,95,100,80
125,86,94,75
136,83,81,84
135,81,76,92
145,76,63,93
150,68,57,87
140,59,62,85
129,60,74,110
125,68,78,44
102,62,96,95
88,49,102,62
75,46,112,56
75,46,119,56
95,28,102,75
98,21,97,76
122,14,68,93
136,17,53,93
146,34,41,70
149,11,39,99
155,31,34,78
158,24,37,83
158,31,49,74
156,45,64,55
159,55,63,34
155,60,69,33
153,64,58,37
155,66,63,47
155,61,61,72
153,57,60,90
164,55,32,60
163,57,41,93
165,67,44,67
175,70,35,32
167,70,40,72
167,69,43,70
168,68,30,31
164,67,36,68
164,65,37,68
162,64,41,71
154,63,49,67
154,62,53,65
155,62,53,66
170,62,36,60
160,62,50,66
174,72,30,43
176,62,33,53
178,62,32,36
178,60,32,39
177,77,36,30
181,77,31,21
186,82,12,20
179,76,28,26
179,76,23,19
192,79,26,21
