NaN,NaN,NaN,-1
130.33,116.53,82.8,93.533
128.8,116.53,84.333,93.533
125.73,115,87.4,95.067
124.2,115,88.933,95.067
124.2,115,88.933,95.067
125.73,115,87.4,95.067
124.2,115,88.933,95.067
124.2,113.47,88.933,93.533
124.2,113.47,87.4,95.067
124.2,115,87.4,95.067
124.2,115,87.4,96.6
124.2,113.47,85.867,99.667
124.2,116.53,84.333,93.533
122.67,118.07,84.333,95.067
119.6,116.53,84.333,96.6
118.07,118.07,82.8,96.6
115,121.13,84.333,95.067
108.87,121.13,87.4,96.6
105.8,122.67,85.867,95.067
102.73,121.13,85.867,98.133
102.73,116.53,84.333,98.133
101.2,111.93,85.867,102.73
99.667,115,88.933,93.533
101.2,115,87.4,87.4
98.133,113.47,90.467,84.333
99.667,110.4,92,82.8
101.2,110.4,90.467,79.733
98.133,111.93,93.533,75.133
99.667,113.47,92,69
96.6,111.93,96.6,64.4
96.6,104.27,96.6,69
99.667,104.27,93.533,69
99.667,104.27,93.533,70.533
99.667,105.8,93.533,67.467
98.133,105.8,96.6,67.467
99.667,105.8,95.067,67.467
101.2,105.8,95.067,67.467
102.73,105.8,93.533,67.467
102.73,105.8,95.067,69
104.27,105.8,95.067,65.933
107.33,105.8,95.067,65.933
108.87,104.27,95.067,67.467
111.93,105.8,93.533,65.933
113.47,104.27,93.533,67.467
115,104.27,95.067,67.467
119.6,102.73,92,69
119.6,101.2,95.067,70.533
122.67,101.2,93.533,70.533
122.67,101.2,95.067,72.067
127.27,101.2,92,72.067
127.27,101.2,95.067,73.6
131.87,104.27,92,72.067
134.93,105.8,90.467,72.067
134.93,105.8,93.533,73.6
138,108.87,90.467,72.067
139.53,107.33,90.467,75.133
141.09,108.87,90.44,76.667
142.6,110.4,88.933,78.2
144.13,110.4,87.4,82.8
144.13,110.4,88.933,88.933
144.13,111.93,90.467,92
145.67,111.93,88.933,96.6
145.67,111.93,90.467,101.2
144.13,111.93,92,105.8
144.13,110.4,92,73.6
147.2,110.4,88.933,75.133
148.73,110.4,88.933,73.6
150.27,110.4,87.4,75.133
150.27,110.4,87.4,73.6
148.73,110.4,90.467,73.6
150.27,110.4,88.933,73.6
150.27,110.4,88.933,73.6
151.8,108.87,87.4,72.067
148.73,107.33,90.467,75.133
150.27,108.87,88.933,73.6
148.73,107.33,88.933,75.133
150.27,107.33,85.867,73.6
148.73,105.8,87.4,76.667
147.2,107.33,85.867,75.133
144.13,107.33,88.933,75.133
145.67,107.33,85.867,75.133
142.6,108.87,88.933,70.533
142.6,110.4,87.4,67.467
138,111.93,90.467,67.467
136.47,102.73,92,75.133
136.47,101.2,92,75.133
133.4,92,93.533,87.4
136.47,102.73,90.467,76.667
138,98.133,87.4,82.8
134.93,101.2,90.467,79.733
131.87,98.133,92,84.333
130.33,92,92,90.467
124.2,84.333,96.6,105.8
125.73,87.4,95.067,101.2
124.2,87.4,95.067,104.27
124.2,107.33,93.533,85.867
122.67,107.33,95.067,87.4
124.2,107.33,92,87.4
153.33,107.33,62.867,85.867
151.8,107.33,64.4,85.867
153.33,107.33,61.333,85.867
151.8,107.33,62.867,85.867
151.8,107.33,62.867,84.333
151.8,107.33,62.867,84.333
151.8,107.33,62.867,84.333
151.8,107.33,61.333,85.867
151.8,107.33,61.333,85.867
151.8,107.33,59.8,87.4
151.8,108.87,59.8,85.867
153.33,108.87,58.267,85.867
151.8,108.87,59.8,85.867
151.8,108.87,62.867,85.867
154.87,108.87,59.8,84.333
151.8,108.87,59.8,85.867
151.8,108.87,62.867,84.333
151.8,110.4,61.333,84.333
151.8,110.4,59.8,84.333
151.8,110.4,59.8,84.333
150.27,110.4,61.333,84.333
148.73,110.4,62.867,85.867
150.27,110.4,61.333,85.867
150.27,110.4,61.333,85.867
148.73,110.4,62.867,84.333
148.73,110.4,62.867,84.333
148.73,110.4,62.867,84.333
148.73,110.4,62.867,84.333
148.73,108.87,64.4,85.867
148.73,110.4,65.933,85.867
148.73,110.4,65.933,85.867
148.73,110.4,65.933,85.867
148.73,108.87,67.467,87.4
147.2,108.87,67.467,85.867
147.2,108.87,67.467,85.867
147.2,108.87,65.933,85.867
145.67,107.33,65.933,87.4
148.73,107.33,61.333,87.4
150.27,107.33,61.333,85.867
145.67,105.8,67.467,85.867
144.13,105.8,67.467,88.933
142.6,105.8,69,88.933
145.67,104.27,65.933,90.467
145.67,104.27,64.4,90.467
144.13,104.27,64.4,88.933
142.6,102.73,65.933,88.933
139.53,102.73,69,88.933
141.07,102.73,65.933,88.933
138,102.73,69,88.933
138,102.73,69,88.933
141.07,102.73,64.4,87.4
139.53,102.73,64.4,87.4
138,102.73,65.933,87.4
139.53,102.73,64.4,88.933
139.53,102.73,64.4,87.4
139.53,101.2,69,85.867
139.53,101.2,70.533,84.333
139.53,102.73,65.933,82.8
139.53,102.73,64.4,85.867
138,102.73,67.467,87.4
138,101.2,67.467,90.467
136.47,101.2,69,90.467
136.47,101.2,69,90.467
136.47,101.2,69,92
136.47,101.2,69,93.533
136.47,101.2,70.533,92
136.47,101.2,70.533,92
136.47,102.73,70.533,92
134.93,102.73,72.067,88.933
134.93,102.73,70.533,85.867
136.47,102.73,69,82.8
138,102.73,70.533,79.733
138,102.73,82.8,79.733
136.47,102.73,81.267,81.267
136.47,102.73,58.267,81.267
130.33,101.2,61.333,88.933
130.33,96.6,65.933,95.067
128.8,93.533,65.933,98.133
128.8,92,62.867,101.2
130.33,90.467,59.8,101.2
128.8,88.933,58.267,105.8
128.8,87.4,59.8,108.87
127.27,87.4,67.467,115
125.73,85.867,64.4,125.73
127.27,82.8,59.8,130.33
127.27,84.333,59.8,136.47
128.8,113.47,41.4,115
127.27,115,41.4,118.07
127.27,115,39.867,118.07
128.8,115,38.333,118.07
128.8,115,38.333,119.6
128.8,115,39.867,119.6
128.8,116.53,39.867,118.07
130.33,116.53,35.267,118.07
130.33,116.53,35.267,119.6
130.33,116.53,35.267,119.6
130.33,116.53,35.267,119.6
130.33,118.07,36.8,118.07
130.33,118.07,36.8,118.07
130.33,118.07,35.267,118.07
130.33,118.07,35.267,118.07
128.8,118.07,36.8,118.07
130.33,118.07,35.267,118.07
128.8,118.07,35.267,118.07
130.33,118.07,33.733,118.07
128.8,118.07,35.267,118.07
128.8,118.07,35.267,118.07
128.8,118.07,35.267,118.07
128.8,118.07,33.733,118.07
128.8,119.6,33.733,118.07
127.27,119.6,35.267,119.6
127.27,121.13,35.267,118.07
127.27,122.67,35.267,116.53
127.27,124.2,35.267,118.07
127.27,124.2,36.8,118.07
125.73,124.2,38.333,118.07
125.73,124.2,38.333,118.07
127.27,124.2,35.267,118.07
128.8,124.2,33.733,118.07
128.8,122.67,33.733,118.07
128.8,121.13,33.733,118.07
128.8,119.6,33.733,116.53
128.8,115,35.267,119.6
128.8,111.93,35.267,116.53
130.33,107.33,33.733,118.07
125.73,102.73,39.867,118.07
125.73,98.133,42.933,119.6
127.27,95.067,42.933,118.07
127.27,92,44.467,118.07
127.27,87.4,46,119.6
127.27,85.867,44.467,119.6
127.27,84.333,44.467,119.6
127.27,84.333,44.467,118.07
125.73,82.8,47.533,118.07
125.73,82.8,47.533,118.07
125.73,82.8,47.533,115
125.73,82.8,47.533,111.93
125.73,82.8,47.533,111.93
127.27,82.8,44.467,111.93
128.8,84.333,41.4,108.87
128.8,84.333,44.467,108.87
128.8,84.333,47.533,110.4
128.8,84.333,49.067,111.93
130.33,85.867,46,110.4
130.33,87.4,46,110.4
131.87,87.4,46,111.93
131.87,88.933,46,108.87
134.93,90.467,41.4,108.87
133.4,92,44.467,108.87
133.4,93.533,42.933,108.87
133.4,93.533,44.467,110.4
136.47,92,49.067,110.4
138,93.533,47.533,111.93
139.53,93.533,46,113.47
138,95.067,47.533,113.47
138,95.067,47.533,113.47
138,96.6,47.533,111.93
138,96.6,46,111.93
136.47,98.133,47.533,111.93
136.47,98.133,46,112.72
134.93,99.667,47.533,111.93
134.93,101.2,47.533,111.93
136.47,102.73,46,111.93
136.47,102.73,47.533,111.93
134.93,102.73,47.533,111.93
134.93,102.73,47.533,111.93
134.93,102.73,47.533,113.47
134.93,102.73,47.533,113.47
134.93,102.73,47.533,113.47
134.93,104.27,47.533,111.93
133.4,104.27,49.067,111.93
134.93,104.27,46,111.93
134.93,104.27,46,111.93
134.93,105.8,46,102.73
133.4,105.8,44.467,96.6
133.4,105.8,46,92
131.87,107.33,49.067,87.4
131.87,107.33,49.067,85.867
130.33,107.33,52.133,84.333
130.33,107.33,50.6,73.776
128.8,107.33,50.6,73.6
128.8,107.33,50.6,73.6
127.27,108.87,52.133,73.6
127.27,108.87,52.133,75.133
125.73,108.87,59.8,75.133
122.67,108.87,62.867,75.133
121.13,110.4,64.4,75.133
121.13,110.4,62.867,75.133
124.2,110.4,59.8,73.6
125.73,110.4,58.267,75.133
124.2,110.4,64.4,72.067
125.73,110.4,62.867,72.067
124.2,110.4,62.867,72.067
124.2,110.4,62.867,72.067
121.13,110.4,65.933,72.067
118.07,110.4,69,72.067
119.6,110.4,67.467,72.067
121.13,110.4,65.933,72.067
121.13,110.4,65.933,72.067
121.13,110.4,65.933,72.067
119.6,110.4,67.467,72.067
119.6,110.4,67.467,72.067
119.6,110.4,67.467,72.067
119.6,110.4,65.933,72.067
118.07,110.4,67.467,72.067
118.07,111.93,65.933,72.067
118.07,111.93,67.467,72.067
119.6,111.93,65.933,72.067
118.07,111.93,67.467,70.533
119.6,111.93,65.933,70.533
121.13,111.93,64.4,70.533
119.6,111.93,65.933,70.533
119.6,111.93,67.467,70.533
121.13,113.47,65.933,70.533
121.13,115,65.933,70.533
118.07,116.53,69,70.533
118.07,116.53,70.533,69
116.53,115,72.067,72.067
121.13,115,67.467,73.6
119.6,113.47,69,78.2
121.13,113.47,67.467,76.667
122.67,113.47,67.467,76.667
122.67,113.47,67.467,75.133
122.67,111.93,67.467,75.133
121.13,111.93,69,75.133
124.2,111.93,65.933,72.067
124.2,108.87,65.933,75.133
122.67,107.33,65.933,76.667
121.13,107.33,67.467,82.8
121.13,105.8,67.467,84.333
122.67,105.8,62.867,84.333
119.6,105.8,65.933,84.333
119.6,105.8,64.4,84.333
119.6,105.8,64.4,84.333
118.07,104.27,64.4,84.333
118.07,104.27,62.867,84.333
115,104.27,65.933,84.333
113.47,104.27,67.467,82.8
111.93,104.27,67.467,84.333
113.47,104.27,65.933,84.333
113.47,104.27,64.4,84.333
111.93,105.8,64.4,82.8
108.87,105.8,65.933,84.333
107.33,107.33,64.4,82.8
105.8,107.33,64.4,82.8
104.27,107.33,62.867,79.733
101.2,107.33,64.4,79.733
98.133,107.33,65.933,79.733
96.6,107.33,65.933,78.2
93.533,105.8,69,75.133
93.533,105.8,67.467,70.533
93.533,105.8,75.133,73.6
96.6,105.8,72.067,72.067
99.667,107.33,69,69
101.2,107.33,67.467,70.533
104.27,107.33,64.4,69
105.8,107.33,62.867,81.267
107.33,108.87,61.333,78.2
105.8,108.87,62.867,79.733
105.8,108.87,62.867,81.267
105.8,108.87,62.867,81.267
107.33,108.87,61.333,81.267
105.8,108.87,62.867,82.8
104.27,108.87,64.4,81.267
105.8,107.33,62.867,82.8
105.8,107.33,62.867,82.8
105.8,107.33,64.4,82.8
105.8,107.33,64.4,82.8
108.87,107.33,61.333,90.467
107.33,107.33,64.4,93.533
108.87,107.33,64.4,95.067
110.4,107.33,62.867,96.6
111.93,107.33,61.333,99.667
113.47,107.33,60.571,98.133
115,108.87,61.333,96.6
116.53,107.33,59.8,102.73
118.07,107.33,59.8,102.73
118.07,107.33,59.8,104.27
118.07,107.33,61.333,102.73
118.07,107.33,61.333,104.27
119.6,107.33,61.333,104.27
119.6,105.8,61.333,105.8
119.6,105.8,61.333,107.33
121.13,104.27,61.333,105.8
122.67,102.73,59.8,105.8
124.2,101.2,58.267,105.8
124.2,101.2,59.8,107.33
124.2,102.59,59.8,113.61
125.73,102.73,59.8,111.93
125.73,102.73,59.8,111.93
125.73,101.2,59.8,113.47
125.73,101.2,61.333,113.47
125.73,101.2,61.333,113.47
125.73,99.667,61.333,115
124.2,99.667,62.867,113.47
125.73,99.667,62.867,113.47
124.2,99.667,64.4,115
122.67,99.667,65.933,113.47
122.67,98.133,65.933,115
121.13,98.133,67.467,115
121.13,98.133,69,113.47
121.13,98.133,69,113.47
122.67,98.133,67.467,111.93
119.6,98.133,72.067,110.4
118.07,98.133,73.6,113.47
121.13,98.133,72.067,113.47
118.07,96.6,75.133,115
119.6,96.6,73.6,115
119.6,96.6,75.133,116.53
118.07,96.6,76.667,116.53
119.6,96.6,75.133,116.53
121.13,96.6,73.6,116.53
118.07,96.6,76.667,116.53
116.53,96.6,76.667,115
116.53,96.6,76.667,115
116.53,98.133,76.667,115
