NaN,NaN,NaN,-1
152.78,77.133,66.75,74.167
151.3,77.133,75.65,80.1
136.47,65.267,81.583,87.517
133.5,57.85,87.517,97.9
137.95,69.717,77.133,87.517
139.43,71.2,66.75,78.617
136.47,66.75,69.717,78.617
137.95,68.233,62.3,72.683
133.5,63.783,65.267,74.167
134.98,63.783,62.3,75.65
123.12,59.333,75.65,80.1
117.18,68.233,74.167,74.167
111.25,62.3,78.617,81.583
106.8,65.267,77.133,78.617
105.32,63.783,81.583,80.1
111.25,63.783,65.267,78.617
114.22,62.3,63.783,81.583
115.7,63.783,59.333,81.583
121.63,68.233,59.333,81.583
118.67,65.267,62.3,87.517
112.73,74.167,62.3,71.2
112.73,72.683,62.3,74.167
114.22,74.167,60.817,72.683
111.25,75.65,60.817,74.167
111.25,79.358,57.85,68.975
109.77,87.517,57.85,54.883
120.15,83.067,51.917,65.267
129.05,83.067,48.95,63.783
137.95,83.067,48.95,59.333
146.85,91.967,54.883,53.4
148.33,100.87,60.817,47.467
154.27,100.87,53.4,44.5
157.23,100.87,54.883,53.4
160.2,94.933,45.983,62.3
160.2,96.417,47.467,65.267
158.72,97.9,48.95,66.75
155.75,100.87,48.95,65.267
152.78,99.383,47.467,63.783
146.85,91.967,53.4,74.167
142.4,90.483,54.883,75.65
140.92,86.033,53.4,84.55
145.37,89,44.5,96.417
137.95,87.517,47.467,102.35
134.98,91.967,44.499,100.87
129.05,94.933,44.5,96.417
124.6,96.417,45.983,96.417
120.15,94.933,48.95,100.87
118.67,93.45,48.95,102.35
118.67,91.967,53.4,102.35
121.63,84.55,50.433,102.35
123.12,81.583,51.917,100.87
124.6,78.617,54.883,103.83
127.57,77.133,54.883,105.32
129.05,83.067,50.433,94.933
132.02,87.517,53.4,105.32
133.5,91.967,53.4,105.32
136.47,97.9,54.883,106.8
136.47,96.417,56.367,109.77
134.98,93.45,59.333,112.73
134.98,71.2,66.75,124.6
136.47,62.3,68.233,129.05
136.47,54.883,75.65,132.02
143.88,35.6,78.617,136.47
170.58,48.95,78.617,103.83
170.58,53.4,78.617,100.87
166.13,54.883,78.617,112.73
166.13,48.95,77.133,112.73
160.2,43.017,83.067,127.57
160.2,45.983,78.617,124.6
157.23,40.05,81.583,129.05
158.72,29.667,75.65,134.98
158.72,23.733,80.1,139.43
160.2,32.633,81.583,124.6
155.75,26.7,86.033,123.12
155.75,31.15,81.583,123.12
154.27,28.183,66.75,124.6
154.27,35.6,62.3,103.83
155.75,35.6,57.85,102.35
155.75,32.633,57.85,106.8
155.75,32.633,53.4,106.8
151.3,32.633,53.4,103.83
145.37,32.633,56.367,99.383
145.37,29.667,54.883,100.87
148.33,31.15,48.95,94.933
143.88,35.6,51.917,99.383
143.88,40.05,48.95,97.9
142.4,40.05,53.4,105.32
143.88,43.017,53.4,108.28
146.85,44.5,47.467,115.7
148.33,44.5,50.433,120.15
151.3,57.85,51.917,103.83
157.23,50.433,48.95,99.383
158.72,43.017,45.983,97.9
163.17,40.05,51.917,102.35
169.1,37.083,44.5,94.933
173.55,38.567,41.533,93.45
173.55,38.567,41.533,99.383
172.07,38.567,41.533,99.383
176.52,38.567,41.533,102.35
176.52,40.05,41.533,102.35
176.52,40.05,43.017,100.87
173.55,38.567,43.017,100.87
175.03,37.083,43.017,102.35
173.55,34.117,44.5,106.8
175.03,34.117,41.533,100.87
169.1,35.6,43.017,100.87
166.13,40.05,44.5,103.83
164.65,47.467,40.05,97.9
163.17,48.95,38.567,96.417
158.72,53.4,41.533,100.87
154.27,59.333,40.05,97.9
151.3,51.917,45.983,105.32
151.3,45.983,44.5,108.28
152.78,43.017,44.5,109.77
152.78,44.5,43.017,106.8
154.27,44.5,41.533,108.28
154.27,44.5,40.05,106.8
152.78,44.5,41.533,108.28
152.78,44.5,43.017,109.77
157.23,47.467,41.533,112.73
157.23,47.467,41.533,117.18
158.72,45.983,43.017,118.67
161.68,43.017,47.467,118.67
166.13,40.05,50.433,120.15
166.13,35.6,54.883,121.63
172.07,37.083,56.367,117.18
178,38.567,57.85,112.73
182.45,40.05,60.817,111.25
186.9,38.567,50.433,106.8
188.38,40.05,54.883,109.77
189.87,43.017,56.367,108.28
191.35,43.017,54.883,108.28
192.83,44.5,54.883,106.8
182.45,41.533,63.783,109.77
179.48,41.533,65.267,106.8
178,37.083,65.267,108.28
179.48,37.083,59.333,100.91
180.97,34.117,59.333,100.87
180.97,32.633,54.883,100.87
180.97,37.083,53.4,94.933
178,32.633,50.433,97.9
175.03,31.15,51.917,100.87
172.07,35.6,47.467,96.417
167.62,31.15,48.95,105.32
164.65,31.15,45.983,105.32
161.68,31.15,50.433,103.83
160.2,29.667,48.95,99.383
157.23,22.25,50.433,103.83
155.75,19.283,48.95,103.83
151.3,17.8,53.4,102.35
148.33,19.283,54.883,100.87
148.33,20.767,56.367,100.87
148.33,25.217,56.367,96.417
146.85,31.15,59.333,96.417
146.85,34.117,60.817,97.9
146.85,34.117,63.783,102.35
146.85,34.117,65.267,103.83
148.33,32.633,66.75,102.35
149.82,32.633,66.75,100.87
149.82,29.667,65.267,97.9
149.82,20.767,71.2,108.28
149.82,17.8,72.683,108.28
151.3,19.283,72.683,102.35
148.33,22.25,74.167,99.383
146.85,19.283,74.167,102.35
143.88,23.733,72.683,100.87
142.4,26.7,75.65,102.35
143.88,29.667,75.65,100.87
140.92,29.667,75.65,102.35
143.88,35.6,75.65,97.9
142.4,34.117,77.133,97.9
142.4,31.15,77.133,97.9
143.88,26.7,77.133,96.417
142.4,22.25,77.133,96.417
142.4,22.25,75.65,93.45
142.4,20.767,75.65,93.45
140.92,19.283,75.65,94.933
142.4,22.25,74.167,93.45
143.88,22.25,74.167,97.9
145.37,23.733,74.167,97.9
145.37,28.183,72.683,94.933
145.37,31.15,72.683,94.933
140.92,34.117,72.683,93.45
137.95,40.05,72.683,89
134.98,41.533,71.2,87.517
130.53,40.05,72.683,87.517
129.05,38.567,71.2,86.033
127.57,40.05,68.233,83.067
126.08,38.567,65.267,83.067
123.12,40.05,65.267,81.583
121.63,40.05,65.267,81.583
123.12,41.533,62.3,81.583
124.6,41.533,62.3,81.583
129.05,38.567,60.817,81.583
133.5,34.117,62.3,83.067
137.95,31.15,62.3,81.583
139.43,29.667,60.817,80.1
139.43,23.733,62.3,81.583
145.37,25.217,62.3,81.583
149.82,28.183,63.783,81.583
152.78,34.117,60.817,83.067
157.23,35.6,62.3,84.55
161.68,37.083,60.817,87.517
163.17,35.6,62.3,84.329
167.62,37.083,60.817,81.583
167.62,37.083,62.3,84.55
169.1,38.567,62.3,87.517
172.07,41.533,62.3,86.033
172.07,40.05,65.267,93.45
175.03,41.533,62.3,93.45
176.52,43.017,62.3,91.967
176.52,43.017,63.783,93.45
176.52,43.017,63.783,90.483
169.1,41.533,68.233,91.967
164.65,43.017,66.75,90.483
160.2,43.017,65.267,90.483
154.27,43.017,69.717,90.483
148.33,40.05,71.2,93.45
145.37,40.05,71.2,90.483
142.4,40.05,72.683,89
140.92,40.05,72.683,89
142.4,40.05,72.683,90.483
145.37,44.5,72.683,89
148.33,45.983,72.683,91.967
154.27,48.95,69.717,90.483
158.72,50.433,68.233,89
163.17,51.917,69.717,87.517
169.1,51.917,71.2,87.517
175.03,47.467,71.2,90.483
178,47.467,72.683,90.483
182.45,45.983,69.717,91.967
185.42,44.5,69.717,90.483
186.9,44.5,68.233,90.483
186.9,48.95,68.233,87.517
183.93,51.917,69.717,86.033
182.45,53.4,72.683,86.033
182.45,54.883,66.75,86.033
182.45,56.367,62.3,86.033
182.45,56.367,60.817,86.033
180.97,53.4,63.783,89
182.45,54.883,60.817,89
182.45,57.85,62.3,84.55
186.9,56.367,59.333,89
188.38,56.367,62.3,89
189.87,54.883,62.3,89
192.83,54.883,60.817,91.967
192.83,57.85,62.3,87.517
191.35,57.85,60.817,90.483
191.35,57.85,60.817,90.483
189.87,56.367,62.3,93.45
186.9,71.2,62.3,75.65
183.93,66.75,62.3,75.65
179.48,63.783,65.267,77.133
176.52,59.333,65.267,77.133
175.03,56.367,66.75,78.617
173.55,53.4,66.75,77.133
173.55,50.433,68.233,77.133
173.55,51.917,68.233,77.133
175.03,54.883,66.75,78.617
173.55,62.3,68.233,77.133
173.55,68.233,71.2,77.133
175.03,69.717,71.2,80.1
178,69.717,69.717,78.617
180.97,66.75,68.233,78.617
183.93,60.817,68.233,78.617
183.93,54.883,69.717,81.583
185.42,51.917,71.2,81.583
185.42,50.433,71.2,81.583
185.42,47.467,71.2,86.033
183.93,47.467,69.717,84.55
182.45,50.433,69.717,83.067
180.97,53.4,69.717,83.067
179.48,56.367,71.2,78.617
179.48,57.85,71.2,78.617
175.03,57.85,71.2,78.617
167.62,54.883,71.2,84.55
161.68,54.883,72.683,83.067
157.23,51.917,71.2,83.067
151.3,45.983,71.2,83.067
143.88,41.533,71.2,90.483
136.47,40.05,74.167,90.483
132.02,38.567,77.133,93.45
130.53,41.533,75.65,93.45
130.53,44.5,71.2,93.45
130.53,50.433,72.683,93.45
129.05,56.367,75.65,90.483
120.15,57.85,87.517,90.483
121.63,57.85,86.033,89
127.57,57.85,84.55,89
133.5,56.367,84.55,91.967
137.95,54.883,89,91.967
146.85,53.4,84.55,91.967
149.82,51.917,83.067,93.45
149.82,50.433,83.067,97.9
145.37,50.433,84.55,97.9
139.43,50.433,89,97.9
133.5,48.95,91.967,100.87
127.57,50.433,91.967,100.87
118.67,50.433,93.45,106.8
109.77,48.95,94.933,109.77
102.35,44.5,96.417,109.77
94.933,39.27,94.933,112.03
89,32.633,91.967,112.73
86.033,29.667,91.967,93.45
84.55,28.183,97.9,93.45
83.067,29.667,103.83,96.417
81.583,35.6,109.77,108.28
80.1,43.017,109.77,109.77
77.133,47.467,114.22,109.77
74.167,51.917,93.45,89
69.717,53.4,91.967,90.483
62.3,53.4,93.45,86.033
56.367,51.917,93.45,87.517
51.917,47.467,91.967,90.483
51.917,43.017,91.967,90.483
51.917,40.05,91.967,89
54.883,40.05,89,89
59.333,41.533,89,87.517
65.267,44.5,86.033,90.483
66.75,48.95,86.033,89
66.75,51.917,86.033,87.517
71.2,53.4,86.033,86.721
77.133,54.883,81.583,87.517
83.067,53.4,81.583,93.45
86.033,50.433,83.067,93.45
90.483,44.5,86.033,94.933
93.45,35.6,99.383,96.417
102.35,28.183,87.517,97.9
109.77,23.733,91.967,97.9
118.67,23.733,65.267,100.87
124.6,26.7,63.783,102.35
126.08,29.667,75.65,101.77
129.05,32.633,74.167,100.87
130.53,32.633,75.65,102.35
130.53,34.117,80.1,105.32
130.53,34.117,81.583,103.83
127.57,32.633,86.033,105.32
127.57,32.633,87.517,102.35
127.57,32.633,89,100.87
124.6,29.667,90.483,100.87
126.08,29.667,91.967,100.87
124.6,34.117,93.45,97.9
123.12,32.633,75.65,100.87
123.12,34.117,74.167,100.87
121.63,34.117,77.133,100.87
120.15,35.6,80.1,99.383
120.15,37.083,80.1,97.9
123.12,37.083,80.1,96.417
126.08,34.117,77.133,94.933
130.53,29.667,77.133,94.933
134.98,28.183,77.133,93.45
137.95,26.7,78.617,102.35
139.43,34.117,80.1,99.383
140.92,41.533,78.617,97.9
139.43,47.467,78.617,100.87
139.43,51.917,78.617,100.87
137.95,53.4,78.617,100.87
136.47,53.42,75.65,91.947
133.5,48.95,78.617,87.517
137.95,43.017,77.133,87.517
143.88,41.533,77.133,87.517
149.82,43.017,75.65,89
148.33,47.467,75.65,86.033
149.82,51.917,72.683,86.033
145.37,54.883,71.2,83.067
139.43,56.367,71.2,78.617
134.98,56.367,68.233,77.133
129.05,56.367,66.75,77.133
121.63,51.917,68.233,74.167
117.18,47.467,68.233,74.167
115.7,41.533,66.75,69.717
120.15,40.05,65.267,68.233
120.15,43.017,66.75,68.233
118.67,44.5,69.717,69.717
118.67,47.467,68.233,74.167
120.15,50.433,66.75,71.2
120.15,50.433,65.267,71.2
115.7,53.4,66.75,66.75
114.22,51.917,65.267,72.683
111.25,50.433,66.75,71.2
114.22,47.467,66.75,68.233
117.18,44.5,66.75,69.717
120.15,43.017,68.233,77.133
130.53,47.467,68.233,77.133
133.5,51.917,68.233,77.133
139.43,48.95,69.717,80.1
148.33,44.5,68.233,83.067
152.78,43.017,74.167,87.517
155.75,40.05,72.683,89
158.72,38.567,69.717,89
160.2,38.567,66.75,83.067
160.2,34.117,65.267,80.1
161.68,31.15,65.267,78.617
163.17,29.667,63.783,78.617
163.17,31.15,62.3,78.617
163.17,32.633,62.3,80.1
163.17,37.083,65.267,81.583
158.72,44.5,66.75,80.1
155.75,50.433,62.3,83.067
154.27,53.4,62.3,81.583
148.33,54.883,60.817,78.617
142.4,51.917,60.817,77.133
139.43,45.983,65.267,80.1
142.4,40.05,66.75,81.583
143.88,40.05,68.233,81.583
145.37,43.017,68.233,80.1
143.88,45.983,69.717,80.1
145.37,51.917,69.717,75.65
146.85,57.85,72.683,71.2
146.85,59.333,71.2,72.683
146.85,62.3,71.2,69.717
149.82,65.267,69.717,71.2
155.75,65.267,66.75,69.717
158.72,59.333,63.783,72.683
163.17,56.367,59.333,75.65
167.62,56.367,57.85,75.65
172,59.333,54.954,83.067
172.07,63.783,54.883,83.067
167.62,66.75,65.267,81.583
164.65,72.683,62.3,78.617
161.68,71.2,60.817,80.1
158.72,71.2,62.3,80.1
158.72,68.233,59.333,81.583
155.75,65.267,56.367,80.1
152.78,63.783,53.4,78.617
145.37,62.3,62.3,77.133
143.88,62.3,60.817,74.939
137.95,59.333,59.333,74.167
137.95,51.917,56.367,74.167
136.47,51.917,57.85,74.167
133.5,56.367,59.333,74.167
132.02,57.85,62.3,75.65
132.02,59.333,62.3,75.65
129.05,62.3,62.3,75.65
123.12,62.3,65.267,77.133
123.12,63.783,62.3,75.65
118.67,63.783,66.75,78.617
118.67,63.783,69.717,78.617
120.15,65.267,78.617,77.133
124.6,65.267,80.1,77.133
133.5,65.719,78.617,78.164
149.82,66.75,66.75,77.133
152.78,66.75,66.75,77.133
157.23,66.75,63.783,80.1
155.75,71.2,63.783,75.65
158.72,69.717,60.817,74.167
161.68,68.233,60.817,75.65
160.2,68.233,59.333,74.167
161.68,66.75,56.367,72.683
159.19,66.75,51.443,66.659
151.3,60.817,56.367,66.75
154.27,63.783,56.367,63.783
152.78,68.233,54.883,59.333
152.78,71.081,53.4,54.246
154.22,74.167,49,51.917
154.27,74.167,44.5,50.433
160.2,77.133,43.017,48.95
163.17,78.617,44.5,47.467
166.13,78.617,41.374,47.467
167.62,81.583,41.533,44.5
170.58,81.583,40.05,48.95
169.1,81.583,38.567,48.95
172.07,80.1,40.05,50.433
170.2,80.009,42.187,49.46
168.75,82.919,40.732,48.006
165.84,77.1,39.277,53.824
162.93,77.1,39.277,50.915
160.02,78.554,40.732,46.329
154.2,77.1,43.641,52.37
148.38,77.1,43.641,52.37
146.93,78.554,43.641,53.824
146.93,78.554,40.732,50.915
136.74,77.1,49.46,52.37
136.74,75.645,50.915,55.279
136.74,75.645,49.46,55.279
138.2,72.736,50.915,56.734
141.11,71.281,52.37,58.189
142.56,69.826,50.915,58.189
145.47,68.372,48.006,65.462
146.93,68.372,49.46,66.917
148.38,66.917,50.915,68.372
146.93,66.917,52.37,68.372
142.56,65.462,53.824,71.281
146.93,62.553,49.46,74.19
146.93,61.098,48.006,75.645
148.38,59.643,46.551,75.645
149.84,58.189,46.551,75.645
152.74,56.734,45.096,77.1
145.47,55.279,50.915,77.1
148.38,53.824,50.915,77.1
149.84,52.37,49.46,77.1
148.38,50.915,49.46,77.065
146.93,46.551,45.096,78.554
146.93,45.096,46.551,80.009
145.47,46.551,46.551,80.009
141.11,48.006,45.096,81.464
138.2,48.006,46.551,82.919
135.29,48.006,46.551,85.828
138.2,46.551,46.551,91.647
138.2,43.641,46.683,96.011
144.02,42.187,55.279,94.556
145.47,37.823,56.734,98.92
148.38,34.913,55.279,104.74
152.74,34.913,55.279,104.74
157.11,33.458,58.189,109.1
158.56,34.913,58.189,109.1
161.47,33.458,59.643,112.01
165.84,29.094,56.734,114.92
165.84,23.275,58.189,116.38
167.29,18.911,58.189,117.83
170.2,17.457,56.734,119.29
171.66,16.002,59.643,120.74
171.66,40.732,61.098,98.92
167.29,46.551,68.372,96.011
164.38,50.915,72.736,94.556
157.11,53.824,80.009,96.011
148.38,56.734,84.373,94.556
142.56,56.734,61.098,94.556
135.29,53.824,61.098,96.011
136.74,55.279,59.643,94.556
133.83,52.37,61.098,96.011
132.38,48.006,61.098,97.466
135.29,49.46,61.098,96.011
136.74,50.915,62.553,96.011
142.56,50.915,61.098,97.466
145.47,53.824,62.553,96.011
149.72,55.279,59.754,97.466
149.84,58.189,62.553,98.92
152.74,62.553,65.462,97.466
155.65,62.553,66.917,98.92
157.11,59.643,68.372,101.83
158.56,53.824,69.826,103.28
160.02,49.46,69.826,104.74
160.02,48.006,71.281,107.65
161.47,48.006,72.736,110.56
162.93,50.915,72.736,112.01
162.93,49.46,71.281,114.92
165.84,48.006,65.462,116.38
164.38,45.096,65.462,106.19
162.93,40.732,65.462,106.19
162.93,37.811,62.553,104.75
162.93,33.458,61.098,104.74
158.56,27.64,59.643,103.28
146.93,30.549,69.826,103.28
142.56,34.913,66.917,101.83
136.74,37.069,71.281,99.674
144.02,37.823,62.553,100.38
145.47,37.823,59.643,100.38
144.02,39.277,61.098,103.28
144.02,40.732,59.643,101.83
141.11,42.187,61.098,98.92
130.92,42.187,50.915,96.011
132.38,39.277,50.915,96.011
135.29,40.732,52.37,94.556
136.74,45.096,52.37,93.102
138.2,49.46,53.824,93.102
138.2,53.824,53.824,96.011
138.2,58.189,53.824,96.011
139.65,61.098,53.824,97.466
136.74,59.643,53.824,94.556
138.2,52.37,53.824,97.466
141.11,45.096,53.824,93.102
142.56,39.277,55.279,91.606
144.02,43.641,62.553,90.192
146.93,49.46,61.098,90.192
148.38,53.824,59.643,93.102
148.38,56.734,56.734,90.192
145.47,58.189,58.189,88.737
144.02,62.553,58.189,91.647
144.02,56.734,58.189,97.466
145.47,55.279,56.734,90.192
148.38,55.279,55.279,88.737
148.38,55.279,55.279,85.828
142.56,53.824,55.279,84.373
139.65,55.279,53.824,94.556
136.74,56.734,55.279,93.102
133.83,56.734,52.37,91.647
125.11,55.279,55.279,90.192
120.74,55.279,55.279,90.192
116.38,53.824,53.824,90.192
112.01,55.279,53.824,88.737
114.92,53.824,55.279,88.737
116.38,50.915,55.279,88.737
117.83,46.551,56.734,88.737
120.74,46.551,59.643,88.737
123.65,49.46,59.643,90.192
128.01,55.279,56.734,88.737
130.92,61.098,58.189,85.828
136.74,62.553,58.189,81.485
144.02,59.643,58.189,87.283
148.38,55.279,58.189,84.373
151.29,50.915,58.189,82.919
152.74,48.006,56.916,80.009
155.65,45.096,58.189,80.009
151.29,45.096,64.007,80.009
152.74,45.096,62.553,81.464
154.2,46.551,58.189,81.464
152.74,48.006,59.643,81.464
151.29,50.915,61.098,80.009
146.93,52.37,62.553,81.464
144.02,53.824,66.917,82.919
145.47,53.824,68.372,82.919
144.02,53.824,69.826,84.373
145.47,50.915,61.098,84.373
141.11,49.46,66.917,88.737
145.47,48.006,62.553,93.102
144.02,49.46,62.553,65.462
144.02,49.46,62.553,65.462
144.02,50.915,64.007,72.736
146.93,50.915,62.553,72.736
149.84,52.37,62.553,72.736
149.84,52.37,62.553,72.736
148.38,53.824,62.553,71.281
151.29,56.734,62.553,69.826
149.84,58.189,61.098,69.826
145.47,64.007,61.098,68.372
145.47,68.372,61.098,69.826
146.93,72.736,61.098,68.372
146.93,75.645,61.098,77.1
144.02,77.1,61.098,75.645
139.65,75.645,61.098,82.919
139.65,74.19,56.734,81.464
139.65,72.736,59.643,81.464
136.74,69.826,58.189,80.009
141.11,65.462,56.734,88.737
144.02,64.007,56.734,88.737
146.93,65.462,56.734,87.283
149.84,65.462,58.189,87.283
154.2,66.917,55.279,85.828
155.65,66.917,55.279,87.283
157.11,66.917,58.189,87.283
160.02,65.462,56.734,87.283
160.02,61.098,56.734,88.737
157.11,59.643,58.189,90.192
157.11,58.189,55.279,91.647
151.29,55.279,56.734,90.192
148.38,55.279,55.279,91.647
144.02,58.189,55.279,94.556
138.2,61.098,55.279,94.556
133.83,62.553,55.279,93.102
129.47,64.007,56.734,94.556
123.65,65.462,58.189,93.102
117.83,66.917,59.643,91.647
119.29,66.917,59.643,90.192
112.01,62.553,62.553,91.647
116.38,59.643,59.643,91.647
120.74,58.189,56.734,91.647
122.2,59.643,55.279,91.647
122.2,64.007,56.734,91.647
130.92,69.826,52.37,87.283
136.74,74.19,50.915,87.283
141.11,78.554,52.37,85.828
146.93,78.554,50.165,85.828
149.84,75.645,49.46,87.283
157.11,72.736,48.006,88.737
164.38,71.281,49.46,87.283
167.29,71.281,49.46,88.737
168.75,74.19,52.37,87.283
171.66,78.554,50.915,90.192
168.75,81.464,52.37,90.192
168.75,82.919,50.915,87.283
164.38,82.919,50.915,85.828
161.47,81.464,49.46,85.828
160.02,78.554,49.46,85.828
158.56,78.554,48.006,85.828
154.2,80.009,49.46,82.919
152.74,78.554,50.915,82.177
152.74,77.1,52.37,82.919
148.38,78.554,53.824,85.828
149.84,78.554,50.915,88.737
146.93,78.554,52.37,88.737
144.02,77.1,52.37,90.192
144.02,78.554,49.46,87.283
142.56,78.554,50.915,88.737
142.56,78.554,49.46,88.737
142.56,77.1,52.37,87.283
144.02,74.19,50.915,87.283
145.47,72.736,50.915,88.737
148.38,69.826,53.824,91.647
154.2,71.281,53.824,85.671
158.56,74.19,53.801,84.373
162.93,77.1,55.279,85.828
164.38,80.009,52.37,84.373
164.38,81.464,55.279,84.373
167.29,81.464,53.824,87.283
165.84,78.554,56.734,87.283
167.29,75.645,56.734,87.283
167.29,75.645,56.734,85.828
168.75,74.19,56.734,87.283
162.93,74.19,61.098,85.828
164.38,72.736,61.098,82.919
167.29,68.372,58.189,85.828
170.2,64.007,61.098,87.283
173.11,65.462,59.643,87.283
177.47,68.372,55.279,88.737
181.84,69.826,52.37,88.737
187.41,72.736,52.617,85.828
189.11,74.19,49.46,85.828
187.66,72.736,48.006,85.828
189.11,72.736,48.006,84.373
183.29,72.736,52.37,84.373
178.93,72.736,50.915,81.464
174.57,69.826,49.46,85.828
164.38,71.281,56.734,84.373
164.38,69.826,56.734,88.737
165.84,69.826,56.734,90.192
162.93,68.372,62.553,93.102
160.02,65.462,64.007,94.614
157.11,65.462,64.007,90.192
154.2,61.098,62.553,93.102
155.65,55.279,59.643,94.556
157.11,52.37,61.098,96.011
152.74,49.46,61.098,103.28
160.02,46.551,59.643,104.74
162.93,46.551,59.643,106.19
167.29,46.551,59.643,110.56
171.66,50.915,58.189,109.1
171.66,52.37,61.098,109.1
174.57,50.915,61.098,110.56
171.66,50.915,65.462,110.56
168.75,64.007,68.372,97.466
165.84,64.007,66.917,93.102
167.29,62.553,64.007,93.102
161.47,61.098,69.826,93.102
158.56,61.098,71.281,91.647
154.2,64.007,71.281,93.102
154.2,68.372,69.826,93.102
151.29,71.281,71.281,93.102
148.38,72.736,71.281,91.647
142.56,71.281,71.281,91.647
136.74,66.917,71.281,93.102
133.83,65.462,74.19,91.647
130.92,63.912,72.736,90.287
128.01,62.553,72.736,90.192
126.56,62.553,72.736,90.192
141.11,62.553,55.279,90.192
141.11,64.007,52.37,90.192
141.11,66.917,53.824,90.192
142.56,68.372,53.824,88.737
145.47,66.917,53.824,90.192
151.29,66.917,52.37,90.192
155.65,66.917,52.37,91.647
161.47,66.917,52.37,90.192
165.84,66.917,50.915,85.828
158.56,64.007,61.098,93.102
164.38,62.553,59.643,93.102
167.29,64.007,59.643,91.647
170.2,66.917,58.189,90.192
168.75,71.281,59.643,90.192
167.29,74.19,61.098,90.192
162.93,77.1,62.553,88.737
162.93,78.554,59.643,90.192
161.47,80.009,61.098,87.283
158.56,80.009,61.098,90.192
154.2,75.645,61.098,90.192
155.65,71.281,59.643,88.737
148.38,69.826,61.098,90.192
144.02,69.826,62.553,90.192
139.65,72.736,62.553,89.486
136.74,75.645,62.553,87.283
138.2,75.645,59.643,91.647
135.29,72.736,61.098,93.102
132.38,71.281,62.553,94.556
130.92,71.281,62.553,95.261
130.92,71.281,61.098,94.556
125.11,71.281,64.007,93.102
123.65,71.281,62.553,93.102
125.11,71.281,61.098,93.102
120.74,68.372,61.098,94.556
