NaN,NaN,NaN,-1
70,77,76,258
73,77,76,258
75,77,76,258
78,76,76,258
81,76,76,258
84,75,76,258
87,75,76,258
90,75,76,258
93,75,76,258
96,75,76,258
99,74,76,258
102,74,76,258
105,74,76,258
108,74,76,258
110,74,76,258
113,74,76,258
116,74,76,258
118,74,76,258
121,74,76,258
124,74,76,258
126,74,76,258
129,74,76,258
132,74,76,258
134,74,76,258
137,74,76,258
139,73,76,258
142,73,76,258
144,73,76,258
146,73,76,258
148,73,76,258
151,72,76,258
153,72,76,258
156,72,76,258
158,71,76,258
160,71,76,258
163,71,76,258
165,70,76,258
167,70,76,258
170,70,76,258
172,69,76,258
174,69,76,258
176,69,76,258
178,69,76,258
179,68,76,258
181,68,76,258
183,68,76,258
185,67,76,258
186,67,76,258
188,67,76,258
190,66,76,258
192,66,76,258
194,66,76,258
196,66,76,258
198,66,76,258
199,66,76,258
201,65,76,258
203,65,76,258
204,65,76,258
206,65,76,258
208,65,76,258
209,64,76,258
211,64,76,258
212,64,76,258
214,64,76,258
215,64,76,258
217,63,76,258
218,63,76,258
219,63,76,258
221,63,76,258
222,62,76,258
223,62,76,258
225,62,76,258
226,62,76,258
227,61,76,258
229,61,76,258
230,61,76,258
232,61,76,258
233,61,76,258
235,61,76,258
236,61,76,258
238,61,76,258
239,61,76,258
240,60,76,258
242,60,76,258
243,60,76,258
244,60,76,258
245,60,76,258
246,60,76,258
247,60,76,258
248,60,76,258
250,59,76,258
251,59,76,258
252,59,76,258
253,58,76,258
254,58,76,258
255,58,76,258
256,57,76,258
257,57,76,258
258,57,76,258
259,56,76,258
260,56,76,258
262,56,76,258
263,55,76,258
264,55,76,258
265,55,76,258
266,55,76,258
268,55,76,258
269,54,76,258
270,54,76,258
271,54,76,258
272,54,76,258
273,53,76,258
273,53,76,258
274,52,76,258
275,51,76,258
276,50,76,258
276,50,76,258
277,49,76,258
277,48,76,258
278,47,76,258
278,47,76,258
279,46,76,258
279,45,76,258
280,44,76,258
280,44,76,258
281,43,76,258
281,42,76,258
282,41,76,258
283,40,76,258
284,40,76,258
284,39,76,258
285,38,76,258
285,38,76,258
286,37,76,258
286,37,76,258
287,36,76,258
288,36,76,258
288,36,76,258
289,35,76,258
290,35,76,258
290,35,76,258
291,34,76,258
292,34,76,258
293,34,76,258
294,34,76,258
294,33,76,258
295,33,76,258
296,33,76,258
297,32,76,258
297,32,76,258
298,32,76,258
299,31,76,258
299,31,76,258
300,31,76,258
301,31,76,258
301,30,76,258
302,30,76,258
302,30,76,258
303,29,76,258
303,29,76,258
303,29,76,258
304,28,76,258
304,28,76,258
305,27,76,258
305,27,76,258
305,26,76,258
306,26,76,258
306,26,76,258
307,25,76,258
307,25,76,258
308,24,76,258
309,24,76,258
309,23,76,258
310,23,76,258
310,23,76,258
311,22,76,258
311,22,76,258
312,21,76,258
313,21,76,258
313,20,76,258
314,20,76,258
314,20,76,258
315,19,76,258
315,19,76,258
316,19,76,258
316,19,76,258
317,19,76,258
317,18,76,258
318,18,76,258
318,18,76,258
319,18,76,258
319,18,76,258
320,18,76,258
320,18,76,258
321,18,76,258
321,18,76,258
322,18,76,258
322,18,76,258
322,18,76,258
323,17,76,258
323,17,76,258
323,17,76,258
324,17,76,258
324,17,76,258
324,16,76,258
325,16,76,258
325,16,76,258
325,16,76,258
325,16,76,258
326,15,76,258
326,15,76,258
326,15,76,258
326,15,76,258
326,14,76,258
326,14,76,258
327,13,76,258
327,13,76,258
327,13,76,258
327,13,76,258
327,12,76,258
327,12,76,258
327,12,76,258
327,12,76,258
327,12,76,258
327,11,76,258
327,11,76,258
327,11,76,258
327,10,76,258
327,10,76,258
327,10,76,258
327,10,76,258
327,10,76,258
327,10,76,258
327,10,76,258
327,10,76,258
327,10,76,258
327,9,76,258
327,9,76,258
327,9,76,258
327,9,76,258
327,9,76,258
327,9,76,258
327,8,76,258
327,8,76,258
327,8,76,258
327,8,76,258
327,8,76,258
327,8,76,258
327,8,76,258
327,8,76,258
326,8,76,258
326,8,76,258
326,8,76,258
326,8,76,258
326,8,76,258
326,8,76,258
326,8,76,258
326,7,76,258
326,7,76,258
326,7,76,258
326,7,76,258
326,7,76,258
326,7,76,258
326,7,76,258
326,7,76,258
326,6,76,258
326,6,76,258
326,6,76,258
326,6,76,258
326,5,76,258
327,5,76,258
327,5,76,258
327,5,76,258
327,4,76,258
327,4,76,258
327,4,76,258
327,4,76,258
327,4,76,258
327,3,76,258
327,3,76,258
323,1,76,258
323,1,76,258
323,1,76,258
323,1,76,258
323,1,76,258
323,1,76,258
323,1,76,258
323,1,76,258
323,1,76,258
323,1,76,258
323,1,76,258
323,1,76,258
323,1,76,258
323,1,76,258
323,1,76,258
323,1,76,258
323,1,76,258
323,1,76,258
323,1,76,258
323,1,76,258
323,1,76,258
323,1,76,258
323,1,76,258
323,1,76,258
323,1,76,258
323,1,76,258
323,1,76,258
323,1,76,258
323,1,76,258
323,1,76,258
323,1,76,258
323,1,76,258
323,1,76,258
323,1,76,258
323,1,76,258
323,1,76,258
323,1,76,258
323,1,76,258
323,1,76,258
323,1,76,258
323,1,76,258
323,1,76,258
323,1,76,258
323,1,76,258
323,1,76,258
323,1,76,258
323,1,76,258
323,1,76,258
323,1,76,258
323,1,76,258
323,1,76,258
323,1,76,258
323,1,76,258
323,1,76,258
323,1,76,258
323,1,76,258
323,1,76,258
323,1,76,258
323,1,76,258
323,1,76,258
323,1,76,258
323,1,76,258
323,1,76,258
323,1,76,258
323,1,76,258
323,1,76,258
323,1,76,258
323,1,76,258
323,1,76,258
323,1,76,258
