NaN,NaN,NaN,-1
142.97,60.052,80,93
142.67,60.539,80,93
140.59,63.489,80,93
140.39,63.734,80,93
138.23,64.306,80,93
135.92,68.448,79.2,92.07
135.72,69.015,78.408,91.149
132.59,64.32,78.408,91.149
132.59,62.298,78.408,91.149
132.21,61.387,78.408,91.149
121.6,53.978,79.192,92.061
121,54.314,79.192,92.061
111.43,54.106,79.984,92.981
109.39,54.075,79.984,92.981
108.44,54.007,79.984,92.981
107.95,53.67,79.984,92.981
108.01,53.664,79.984,92.981
108.5,54.046,79.984,92.981
110.68,53.851,79.984,92.981
112.67,53.657,79.984,92.981
113.39,53.503,79.984,92.981
113.39,53.503,79.984,92.981
113.73,53.773,79.984,92.981
114.52,53.81,79.984,92.981
116.52,54.078,79.984,92.981
117.38,54.12,79.984,92.981
117.47,53.808,79.984,92.981
117.92,54.12,79.984,92.981
130.04,43.654,80.784,93.911
130.66,43.437,80.784,93.911
133.43,39.455,80.784,93.911
133.36,37.328,80.784,93.911
133.41,35.3,80.784,93.911
133.42,34.891,80.784,93.911
133.42,34.891,80.784,93.911
133.08,36.171,79.976,92.972
133.21,35.966,79.976,92.972
133.29,35.305,79.976,92.972
133.01,34.456,79.976,92.972
132.93,32.51,79.976,92.972
132.93,33.027,79.976,92.972
132.94,33.957,79.976,92.972
129.68,39.8,79.976,92.972
126.58,42.44,79.976,92.972
127.48,43.04,79.176,92.042
127.82,44.252,78.384,91.122
118.7,46.58,79.168,92.033
120.9,46.854,78.377,91.113
121.69,47.113,77.593,90.202
117.22,42.588,78.369,91.104
117.73,42.077,78.369,91.104
119.13,40.9,78.369,91.104
119.54,40.592,78.369,91.104
120.47,40.79,78.369,91.104
120.47,40.79,78.369,91.104
120.67,39.53,77.585,90.193
123.11,39.848,76.809,89.291
131.93,48.518,77.577,90.184
132.42,48.365,77.577,90.184
136.07,43.801,77.577,90.184
139.4,38.635,77.577,90.184
143.92,33.577,78.353,91.086
143.96,32.309,79.137,91.996
143.68,30.681,79.137,91.996
143.4,29.494,79.928,92.916
142.36,28.907,80.727,93.845
141.45,28.142,81.535,94.784
140.55,27.123,82.35,95.732
139.69,26.284,83.173,96.689
139.13,25.069,84.005,97.656
138.38,24.384,84.845,98.633
136.14,22.988,85.694,99.619
135.53,22.531,86.551,100.62
135.75,25.216,86.551,100.62
134.22,25.896,85.685,99.609
133.7,26.958,84.828,98.613
133.7,26.958,84.828,98.613
134.19,27.06,84.828,98.613
134.61,27.553,83.98,97.627
135.48,27.857,83.14,96.65
136.73,28.37,82.309,95.684
131.56,15.409,82.309,95.684
128.21,6.0681,83.132,96.641
NaN,NaN,NaN,-2
NaN,NaN,NaN,0
NaN,NaN,NaN,0
NaN,NaN,NaN,0
NaN,NaN,NaN,0
NaN,NaN,NaN,-1
121.45,74.893,78,90
124.37,70.113,78,90
130.92,58.705,78.78,90.9
133.93,49.793,79.568,91.809
135.92,43.193,80.363,92.727
136,42.766,80.363,92.727
135.85,43.566,80.363,92.727
136.01,42.771,81.167,93.654
135.93,44.651,81.167,93.654
136.28,45.016,81.167,93.654
136.45,46.097,80.355,92.718
136.53,46.273,79.552,91.791
138.75,46.781,78.756,90.873
145.37,42.639,79.544,91.781
145.41,43.14,79.544,91.781
145.41,43.14,79.544,91.781
145.22,43.163,79.544,91.781
145.19,43.358,79.544,91.781
143.08,43.567,80.339,92.699
142.83,45.635,80.339,92.699
141.52,48.471,80.339,92.699
141.31,48.521,80.339,92.699
134.3,48.197,81.143,93.626
131.11,46.824,81.954,94.563
130.84,46.904,81.954,94.563
131.11,46.835,81.954,94.563
130.44,44.443,82.774,95.508
130.15,44.13,82.774,95.508
130.21,44.249,82.774,95.508
130.21,44.368,82.774,95.508
129.95,44.219,83.601,96.463
130.49,44.34,83.601,96.463
130.32,44.125,84.437,97.428
133.27,40.056,85.282,98.402
133.32,38.855,86.135,99.386
133.31,36.344,86.996,100.38
132.9,34.028,86.996,100.38
134.27,31.106,86.996,100.38
140.44,26.415,87.866,101.38
139.83,25.847,87.866,101.38
141.66,27.082,88.745,102.4
144.64,29.087,89.632,103.42
144.85,28.269,90.528,104.46
145.4,28.129,90.528,104.46
145.45,28.102,90.528,104.46
145.26,27.362,91.434,105.5
145.19,26.446,91.434,105.5
145.28,24.24,91.434,105.5
145.07,22.057,91.434,105.5
145.26,19.963,91.434,105.5
153.01,15.73,90.519,104.45
155.19,14.962,89.614,103.4
156.46,15.16,88.718,102.37
158.88,15.409,87.831,101.34
159.41,15.654,87.831,101.34
158.89,17.553,87.831,101.34
156.71,20.798,86.953,100.33
157.15,21.299,86.083,99.327
157.39,20.215,85.222,98.333
158.53,18.326,84.37,97.35
159.31,18.096,83.526,96.376
158.86,18.388,82.691,95.413
159.01,18.666,81.864,94.459
157.1,16.434,81.045,93.514
156.04,17.129,80.235,92.579
156.06,19.431,79.433,91.653
156.79,20.705,78.638,90.737
160.9,24.344,77.852,89.829
163.52,25.122,77.073,88.931
165.7,26.11,76.303,88.042
168.62,26.928,75.54,87.161
175.89,26.28,75.54,87.161
176.66,27.302,74.784,86.29
176.83,28.521,74.036,85.427
177.2,28.949,73.296,84.572
176.8,29.544,72.563,83.727
174.79,30.459,71.837,82.889
172.66,33.274,71.119,82.06
171.31,33.91,70.408,81.24
168.36,34.573,69.704,80.427
168.58,35.742,69.007,79.623
168.46,36.716,68.317,78.827
168.73,36.944,67.634,78.039
169.28,35.453,66.957,77.258
169.85,33.518,66.288,76.486
169.77,31.895,65.625,75.721
168.76,29.633,64.969,74.964
166.71,26.135,64.319,74.214
166.54,23.854,64.319,74.214
163.74,21.228,63.676,73.472
164.08,21.777,63.039,72.737
163.92,22.078,62.408,72.01
162.94,23.836,61.784,71.29
161.19,23.932,61.167,70.577
156.57,26.177,60.555,69.871
153.18,26.986,59.949,69.172
149.95,26.414,59.35,68.481
146.92,26.572,58.756,67.796
144.88,23.364,58.169,67.118
142.01,21.768,57.587,66.447
138.77,21.566,57.011,65.782
138.93,21.707,56.441,65.124
137.1,21.964,56.441,65.124
137.76,21.641,55.877,64.473
138.75,21.718,55.318,63.828
139.49,21.331,55.318,63.828
142.96,17.026,55.871,64.467
144.46,15.754,55.871,64.467
152.52,10.826,55.871,64.467
163.89,17.482,55.871,64.467
172.76,25.463,55.312,63.822
174.92,28.595,54.759,63.184
179.02,31.642,54.212,62.552
182.98,32.547,53.67,61.926
185.16,33.45,53.133,61.307
189.24,34.4,52.602,60.694
190.13,34.7,52.076,60.087
191.19,36.895,51.555,59.486
193.41,37.95,51.039,58.891
194.32,38.827,50.529,58.303
198.83,42.379,50.529,58.303
202.25,44.39,50.529,58.303
202.35,44.835,50.024,57.719
202.03,45.47,50.024,57.719
201.75,45.185,50.524,58.297
196.03,45.255,50.524,58.297
193.8,45.252,50.524,58.297
190.3,45.931,51.029,58.88
182.94,50.722,50.519,58.291
181.1,51.266,50.014,57.708
180.5,50.706,50.014,57.708
180.28,51.025,49.513,57.131
179.71,49.072,49.513,57.131
179.59,50.214,49.018,56.56
179.6,52.509,48.528,55.994
184.79,55.279,48.528,55.994
188.91,55.445,48.528,55.994
194.52,56.072,48.528,55.994
201.44,61.691,48.043,55.434
205.92,59.583,48.043,55.434
209.69,59.855,48.043,55.434
211.39,60.888,47.562,54.88
213.99,61.376,47.087,54.331
217.88,58.604,47.087,54.331
217.86,58.979,46.616,53.788
215.9,61.717,46.15,53.25
215.18,62.167,45.688,52.717
211.2,62.911,45.231,52.19
209.44,63.455,44.779,51.668
209.04,64.343,44.331,51.151
208.48,64.988,43.888,50.64
208.61,65.941,43.449,50.134
209.01,65.52,43.015,49.632
211.69,65.586,42.584,49.136
213.81,64.461,42.159,48.645
214.9,64.748,41.737,48.158
218.49,64.801,41.32,47.676
218.75,65.205,40.906,47.2
219.33,66.149,40.497,46.728
219.53,66.382,40.092,46.26
219.99,67.045,39.691,45.798
219.49,67.034,39.295,45.34
217.9,66.803,38.902,44.886
218.28,66.307,38.513,44.438
214.28,60.128,38.898,44.882
214.68,58.854,38.509,44.433
215.15,58.493,38.124,43.989
215.51,58.353,37.742,43.549
215.62,58.243,37.365,43.113
215.82,57.821,36.991,42.682
213.72,59.445,36.621,42.255
210.3,61.283,36.988,42.678
210.32,61.261,37.358,43.105
212.28,60.833,36.984,42.674
215.4,61.15,37.354,43.101
218.5,58.666,37.354,43.101
220.42,57.592,36.98,42.67
223.99,54.334,36.61,42.243
225.67,53.196,36.244,41.82
225.86,53.396,35.882,41.402
226.21,51.768,35.523,40.988
224.86,53.402,35.168,40.578
222.95,54.865,34.816,40.172
222.64,55.915,34.468,39.771
222.34,57.916,34.123,39.373
219.78,59.516,33.782,38.979
214.61,60.603,33.444,38.59
210.43,62.303,33.11,38.204
205.41,61.854,32.779,37.822
201.7,59.371,32.451,37.443
194.04,55.725,32.126,37.069
190.58,55.986,31.805,36.698
187.56,55.754,31.805,36.698
185.73,56.657,31.487,36.331
183.16,58.31,31.172,35.968
183.18,58.562,30.861,35.608
180.62,61.321,30.861,35.608
180.84,61.559,30.552,35.252
181.38,61.4,30.857,35.605
186.13,58.219,30.549,35.249
189.96,55.438,30.549,35.249
194.95,51.188,30.854,35.601
200.08,43.758,31.163,35.957
201.93,42.271,31.475,36.317
202.3,41.389,31.475,36.317
202.51,41.619,31.16,35.954
201.26,43.526,31.16,35.954
196.46,46.25,31.16,35.954
192.77,47.98,31.16,35.954
185.76,51.24,31.16,35.954
180.57,53.89,31.16,35.954
175.03,55.231,31.16,35.954
169.18,55.849,31.16,35.954
165.52,56.04,30.848,35.594
160.52,56.098,30.848,35.594
158.46,56.204,30.54,35.238
157.15,55.971,30.234,34.886
156.41,56.541,29.932,34.537
152.79,59.921,29.633,34.192
150.43,63.895,29.336,33.85
146.06,68.923,29.043,33.511
141.32,75.563,28.753,33.176
132.76,73.103,28.465,32.844
126.58,73.204,28.18,32.516
121.3,69.253,27.899,32.191
121.52,65.751,27.62,31.869
120.8,63.294,27.343,31.55
123.15,61.612,27.07,31.235
127.03,61.39,26.799,30.922
130.25,62.905,26.531,30.613
130.43,63.097,26.266,30.307
133.02,66.979,26.003,30.004
137.93,71.065,25.743,29.704
142.45,74.545,25.486,29.407
148.74,75.457,25.231,29.113
154.24,72.878,24.979,28.821
162.33,65.487,24.979,28.821
174.81,55.636,24.979,28.821
187.09,49.669,24.979,28.821
196.03,48.551,24.979,28.821
203.86,47.688,24.979,28.821
208.9,52.121,24.729,28.533
211.28,55.089,24.482,28.248
213.09,57.157,24.237,27.965
216.92,59.843,23.994,27.686
NaN,NaN,NaN,-2
NaN,NaN,NaN,0
NaN,NaN,NaN,0
NaN,NaN,NaN,0
NaN,NaN,NaN,0
NaN,NaN,NaN,-1
117.16,20.868,89,115
116.96,21.352,89,115
117.08,21.801,89,115
117.07,23.608,89,115
117.07,24.529,89,115
117.21,25.209,89,115
117.29,25.455,89,115
117.41,25.374,89,115
120.54,22.664,89,115
124.45,18.656,89,115
128.44,16.045,89,115
130.16,15.211,89,115
134.15,15.518,89,115
135.19,24.857,89,115
133.77,32.052,89,115
131.7,38.933,89,115
131.46,39.799,89,115
128.9,39.717,89,115
128.36,32.504,89,115
129.21,27.79,89,115
131.81,24.125,89,115
135.74,23.879,89,115
136.28,25.422,89,115
136.71,26.503,88.11,113.85
133.23,27.402,87.229,112.71
128.23,29.388,86.357,111.58
123.74,30.307,85.493,110.47
118.08,30.018,84.638,109.36
111.22,25.914,83.792,108.27
107.34,23.698,82.954,107.19
105.56,21.918,82.954,107.19
107.27,19.531,82.954,107.19
107.67,19.851,82.124,106.12
108.32,20.245,81.303,105.05
107.97,24.155,81.303,105.05
107.83,28.735,82.116,106.11
107.58,28.84,82.116,106.11
107.85,28.795,81.295,105.04
104.05,29.088,81.295,105.04
100.63,28.702,81.295,105.04
100.89,28.661,81.295,105.04
102.45,27.68,82.108,106.09
106.05,24.401,82.929,107.16
112.78,29.126,83.758,108.23
116.83,32.911,84.596,109.31
120.51,34.235,85.442,110.4
125.85,35.728,86.296,111.51
128.07,34.798,87.159,112.62
133.08,30.851,88.031,113.75
133.25,31.257,88.031,113.75
137.38,26.738,88.911,114.89
138.19,23.488,89.8,116.03
144.71,13.4,88.902,114.87
145.61,13.769,88.013,113.72
146.14,13.433,87.133,112.59
146.59,13.507,86.262,111.46
150.52,17.417,85.399,110.35
149.98,24.206,84.545,109.24
146.64,28.806,83.7,108.15
141.15,33.689,82.863,107.07
138,32.774,82.034,106
134.89,28.975,81.214,104.94
134.29,26.226,80.402,103.89
137.55,20.98,79.597,102.85
139.88,19.574,78.802,101.82
141.24,19.984,78.014,100.8
141.56,20.355,77.233,99.796
142.97,22.35,76.461,98.798
145.01,24.987,75.696,97.81
147.16,26.495,74.939,96.832
147.91,29.37,74.19,95.864
152.28,33.662,73.448,94.905
156.35,34.741,72.714,93.956
156.94,34.715,71.987,93.016
158.39,32.401,71.267,92.086
158.95,32.608,70.554,91.165
160.87,34.331,69.848,90.254
163.29,39.269,69.15,89.351
163.67,41.406,68.458,88.458
162.65,43.023,67.774,87.573
158.52,44.416,67.096,86.697
155.51,45.386,66.425,85.83
155.76,45.677,65.761,84.972
154.2,44.758,65.103,84.122
150.35,41.729,64.452,83.281
147.17,38.36,63.808,82.448
143.43,36.097,63.17,81.624
140.18,31.555,62.538,80.808
140.45,31.903,61.913,79.999
136.61,27.043,61.294,79.199
134.47,30.968,60.681,78.407
133.81,33.97,60.074,77.623
131.19,36.461,59.473,76.847
129.7,42.204,59.473,76.847
126.59,45.187,59.473,76.847
126.98,45.261,58.878,76.079
126.33,45.768,58.878,76.079
126.23,46.206,59.467,76.839
127.47,45.208,58.872,76.071
133.6,47.912,58.284,75.31
138.07,47.74,57.701,74.557
145.8,50.155,57.124,73.812
148.13,51.002,56.553,73.074
149.2,51.395,55.987,72.343
152.71,55.286,55.427,71.619
153.25,55.447,54.873,70.903
164.82,56.239,55.422,71.612
162.99,55.782,55.422,71.612
163.18,55.498,54.867,70.896
157,54.6,54.867,70.896
157.25,54.454,54.319,70.187
157.73,54.398,53.776,69.485
158,54.745,53.238,68.79
156.74,57.437,52.705,68.103
157.2,60.836,52.178,67.422
159.09,62.847,51.657,66.747
165.26,66.504,51.14,66.08
167.42,67.281,50.629,65.419
169.81,69.161,50.122,64.765
171.62,71.007,49.621,64.117
172.07,71.324,49.125,63.476
172.18,70.992,48.634,62.841
172.31,71.002,48.147,62.213
170.43,71.156,47.666,61.591
169.02,72.595,47.189,60.975
166.43,72.994,46.717,60.365
162.69,72.08,46.25,59.761
161.99,72.518,45.788,59.164
155.74,73.422,45.33,58.572
150.04,77.002,44.876,57.986
148.14,77.426,44.428,57.407
141.73,78.174,44.428,57.407
140.91,78.608,44.428,57.407
139.96,78.459,44.428,57.407
139.1,77.694,44.872,57.981
136.84,77.488,45.321,58.56
136.59,77.157,45.774,59.146
135.57,75.436,46.232,59.738
135.06,74.611,46.694,60.335
134.81,72.219,47.161,60.938
134.55,71.427,47.633,61.548
133.85,70.452,48.109,62.163
133.07,69.902,48.59,62.785
132.73,69.521,49.076,63.413
132.06,68.845,49.567,64.047
131.73,68.296,49.567,64.047
136.49,65.592,50.062,64.687
139.26,61.501,50.563,65.334
142.49,57.838,50.563,65.334
143.71,54.398,50.563,65.334
144.1,53.831,50.563,65.334
144.18,53.112,50.563,65.334
145.97,49.607,50.057,64.681
139.78,46.57,50.558,65.328
140.22,47.138,50.558,65.328
134.43,47.669,51.063,65.981
132.46,48.806,51.574,66.641
132.83,48.645,51.058,65.974
131.06,46.579,51.569,66.634
130.71,45.708,52.085,67.3
132.97,41.735,52.605,67.973
136.68,37.186,53.131,68.653
139.38,32.594,53.663,69.34
150.45,33.401,54.199,70.033
156.57,35.878,54.741,70.733
158.7,36.434,55.289,71.441
160.4,36.141,55.842,72.155
160.18,35.758,56.4,72.877
161.64,31.996,56.964,73.605
162.5,29.961,57.534,74.341
164.76,25.846,58.109,75.085
167.08,21.589,58.109,75.085
165.36,24.876,58.69,75.836
163.55,26.857,58.69,75.836
160.27,31.9,58.69,75.836
153.32,37.739,59.277,76.594
147.81,41.401,59.87,77.36
142.29,42.436,60.469,78.134
133.89,38.054,61.073,78.915
132.26,36.196,61.684,79.704
125.93,29.887,61.684,79.704
123.42,26.035,61.684,79.704
122.97,25.905,62.301,80.501
122.18,28.213,62.301,80.501
124.43,31.39,62.924,81.306
127.87,32.966,63.553,82.119
129.44,34.647,63.553,82.119
131.99,37.48,63.553,82.119
138.13,39.112,63.553,82.119
141.08,40.296,63.553,82.119
146.81,38.106,64.189,82.94
149.34,32.417,64.83,83.77
150.79,28.312,65.479,84.607
150.23,28.006,66.134,85.453
150.04,27.984,66.795,86.308
150.34,29.22,67.463,87.171
150.13,28.867,68.137,88.043
150.34,27.673,68.819,88.923
149.86,25.287,69.507,89.812
146.66,18.735,70.202,90.711
146.01,14.236,70.904,91.618
143.9,10.784,71.613,92.534
140.76,7.136,72.329,93.459
136.35,5.3903,73.053,94.394
130.01,12.702,73.783,95.338
125.56,14.516,74.521,96.291
125.48,14.505,74.521,96.291
124.06,13.317,73.776,95.328
124.13,13.591,73.038,94.375
120.87,19.53,73.768,95.319
120.94,18.315,73.031,94.365
120.82,17.277,72.3,93.422
118.84,22.116,73.023,94.356
119.21,22.591,72.293,93.412
120.67,24.927,72.293,93.412
123.33,29.691,72.293,93.412
124.1,33.731,72.293,93.412
124.17,35.892,72.293,93.412
125.05,36.477,71.57,92.478
125.72,36.354,70.855,91.554
126.02,34.498,70.855,91.554
126.61,29.001,71.563,92.469
128.45,24.69,72.279,93.394
128.5,24.664,72.279,93.394
131.04,25.885,72.279,93.394
134.05,28.572,72.279,93.394
133.89,30.582,72.279,93.394
132.47,33.249,72.279,93.394
131.72,33.513,72.279,93.394
129.06,38.317,73.001,94.328
128.71,37.775,73.001,94.328
128.79,38.401,73.001,94.328
126.16,42.389,72.271,93.384
122.19,42.007,72.271,93.384
120.46,40.431,72.271,93.384
118.41,39.947,72.271,93.384
116.55,38.546,72.271,93.384
111.35,36.907,72.271,93.384
107.25,34.392,72.271,93.384
104.9,33.667,72.271,93.384
99.42,33.876,72.271,93.384
99.06,33.458,72.994,94.318
99.07,32.939,72.994,94.318
99.758,27.75,73.724,95.261
102.79,26.978,74.461,96.214
105.79,28.175,75.206,97.176
107.49,28.868,75.206,97.176
112.53,35.251,75.206,97.176
116.94,35.113,75.206,97.176
122.41,34.765,75.206,97.176
122.41,34.765,75.206,97.176
121.19,29.993,75.958,98.148
120.32,28.155,76.718,99.129
120.08,27.55,76.718,99.129
120.09,27.504,76.718,99.129
120.09,27.501,76.718,99.129
120.15,27.079,75.95,98.138
119.78,26.237,75.191,97.157
122.02,28.754,75.943,98.128
120.08,28.816,75.943,98.128
119.39,29.067,75.943,98.128
117.36,29.509,75.943,98.128
117.43,31.046,76.702,99.11
117.63,30.499,77.469,100.1
120.35,28.429,77.469,100.1
120.35,27.553,77.469,100.1
120.35,27.553,77.469,100.1
120.81,27.795,77.469,100.1
122.59,28.398,77.469,100.1
124.26,29.369,77.469,100.1
125.16,29.071,77.469,100.1
126.97,30.51,77.469,100.1
128.6,31.054,77.469,100.1
130.14,32.044,77.469,100.1
130.12,32.348,77.469,100.1
125.85,39.099,77.469,100.1
125.83,44.176,77.469,100.1
126.07,47.072,77.469,100.1
126.36,48.081,76.695,99.1
123.55,51.491,76.695,99.1
120.22,50.061,76.695,99.1
119.68,48.715,76.695,99.1
121.18,48.518,76.695,99.1
118.2,47.094,75.928,98.109
118.5,45.313,75.928,98.109
120.49,44.532,75.928,98.109
122.31,44.675,75.928,98.109
124.22,45.327,75.928,98.109
132.89,42.663,75.928,98.109
135.36,41.723,75.928,98.109
138.47,41.545,75.928,98.109
140.43,40.925,75.928,98.109
141.01,36.128,75.168,97.128
141.45,34.877,74.417,96.156
138.63,32.953,74.417,96.156
134.94,32.09,74.417,96.156
131.46,32.079,74.417,96.156
127.26,33.264,74.417,96.156
126.82,33.69,73.673,95.195
117.37,39.608,74.409,96.147
112.79,41.531,75.153,97.108
106.48,41.625,75.905,98.079
104.51,40.85,75.905,98.079
102.82,39.734,75.146,97.099
101.13,38.284,75.146,97.099
100.15,35.747,75.146,97.099
100.3,34.834,75.146,97.099
101.12,35.373,75.146,97.099
103.63,37.066,74.394,96.128
108.11,44.269,73.65,95.166
114.22,51.504,72.914,94.215
120.03,56.101,72.185,93.272
125.78,56.69,72.185,93.272
127.61,56.602,72.185,93.272
130.48,56.438,72.185,93.272
146.56,47.652,71.463,92.34
152.99,48.006,70.748,91.416
157.89,49.019,70.041,90.502
161.75,55.366,70.041,90.502
161.46,55.988,69.34,89.597
161.66,56.842,68.647,88.701
161.56,56.519,67.961,87.814
159.37,53.582,67.281,86.936
158.06,50.772,66.608,86.067
156.52,49.762,65.942,85.206
154.86,50.247,65.283,84.354
153.56,49.868,64.63,83.51
153.6,50.106,63.983,82.675
154.37,49.927,63.344,81.849
149.56,54.432,63.344,81.849
146.81,57.424,63.344,81.849
140.67,56.943,63.977,82.667
140.64,56.631,63.977,82.667
140.56,56.521,63.977,82.667
136.91,54.765,63.977,82.667
135.01,52.794,64.617,83.494
134.43,51.856,65.263,84.329
135.31,48.97,65.916,85.172
136.4,48.598,66.575,86.024
140.11,48.839,66.575,86.024
145.53,51.365,66.575,86.024
151.4,55.154,67.241,86.884
151.4,55.154,67.241,86.884
154.41,54.183,66.568,86.015
154.4,55.968,66.568,86.015
155.01,55.672,66.568,86.015
155.14,55.7,65.902,85.155
157.41,52.286,65.902,85.155
157.63,51.37,66.562,86.006
158.93,52.549,67.227,86.867
170.12,57.261,67.899,87.735
170.17,56.805,68.578,88.613
170.04,52.392,69.264,89.499
169.8,51.652,69.957,90.394
167.66,52.446,70.656,91.298
167.18,52.318,71.363,92.211
166.76,51.965,72.077,93.133
165.84,51.631,72.797,94.064
162.79,51.633,73.525,95.005
159.61,52.77,74.261,95.955
152.18,53.387,73.518,94.995
137.55,59.41,73.518,94.995
134.86,58.705,74.253,95.945
134.57,58.824,74.253,95.945
134.33,59.28,74.253,95.945
131.68,65.814,74.996,96.905
129.7,66.949,75.746,97.874
167.08,56.39,74.988,96.895
164.1,53.45,74.238,95.926
158.05,52.226,73.496,94.967
156.65,49.319,72.761,94.017
155.2,46.815,72.033,93.077
150.58,41.478,71.313,92.146
155.24,40.028,70.6,91.225
158.47,40.716,69.894,90.312
161.03,41.209,69.195,89.409
164.49,44.768,69.887,90.303
164.23,46.51,69.887,90.303
166.06,47.479,69.887,90.303
169.48,47.214,69.887,90.303
169.2,47.746,69.887,90.303
168.71,47.778,69.887,90.303
165.54,44.635,69.887,90.303
164.66,41.618,69.887,90.303
163.51,41.497,69.887,90.303
160.54,42.378,69.887,90.303
159.66,43.306,69.887,90.303
157.52,46.351,69.887,90.303
154.37,48.994,69.887,90.303
152.68,46.15,69.188,89.4
147.5,42.807,68.496,88.506
144.62,39.202,67.811,87.621
141.5,35.834,67.133,86.745
141.05,35.951,66.462,85.878
140.09,34.738,65.797,85.019
133.2,31.156,66.455,85.869
131.4,29.178,67.12,86.728
130.96,28.96,67.791,87.595
131.27,29.471,67.791,87.595
131.31,29.491,67.791,87.595
136.45,29.796,67.791,87.595
142.5,30.481,67.791,87.595
147.37,30.281,67.791,87.595
147.46,29.521,68.469,88.471
150.92,27.979,69.153,89.356
152.76,27.879,69.153,89.356
154.45,29.496,69.845,90.249
154.25,29.407,70.543,91.152
154.45,35.304,71.249,92.063
155.21,48.893,70.536,91.142
157.17,52.133,69.831,90.231
158.07,53.137,69.133,89.329
157.46,55.323,68.441,88.435
157.69,55.99,67.757,87.551
154.34,53.311,67.079,86.676
154.08,51.958,66.409,85.809
149.48,46.57,65.745,84.951
146.46,45.922,65.087,84.101
138.49,51.786,65.087,84.101
138.69,52.723,64.436,83.26
138.76,53.075,63.792,82.428
138.88,51.489,63.154,81.603
131.38,53.578,63.785,82.419
131.27,53.516,63.785,82.419
128.79,46.092,63.785,82.419
126.59,39.828,64.423,83.244
127.04,39.754,64.423,83.244
126.57,40.405,64.423,83.244
124.27,39.451,65.068,84.076
