NaN,NaN,NaN,-1
154.5,61.81,88,102
152.37,61.862,88,102
148.02,61.916,88,102
146.65,62.683,87.12,100.98
145.29,63.136,86.249,99.97
137.46,58.573,86.249,99.97
137.89,59.073,85.386,98.97
137.97,59.141,84.532,97.981
137.87,59.202,83.687,97.001
133.65,52.984,83.687,97.001
125.56,45.582,83.687,97.001
125.95,45.334,82.85,96.031
116.85,46.188,82.85,96.031
113.08,45.591,82.85,96.031
112.16,45.253,82.85,96.031
112.88,44.802,82.022,95.071
113.16,44.172,82.022,95.071
113.4,43.714,82.022,95.071
113.46,43.952,82.022,95.071
115.47,44.659,81.202,94.12
118.17,44.615,80.39,93.179
119.28,44.512,79.586,92.247
121.55,44.464,78.79,91.325
122.45,44.797,78.002,90.411
123.31,44.603,77.222,89.507
123.73,44.622,76.45,88.612
124.95,43.227,75.685,87.726
128.73,40.548,75.685,87.726
134.39,34.495,75.685,87.726
134.31,32.308,75.685,87.726
135.69,29.136,76.442,88.603
135.58,28.646,76.442,88.603
135.59,28.569,76.442,88.603
135.75,28.355,76.442,88.603
136.13,28.798,75.678,87.717
136.01,29.178,74.921,86.84
135.69,28.99,74.921,86.84
130.93,25.799,74.172,85.972
131.13,25.225,74.172,85.972
130.91,23.253,74.172,85.972
130.83,22.704,74.172,85.972
130.56,23.376,74.172,85.972
126.68,28.441,74.172,85.972
126.62,28.91,73.43,85.112
126.51,29.424,72.696,84.261
126.25,30.482,71.969,83.418
126.53,31.656,71.249,82.584
126.26,32.613,70.536,81.758
126.58,33.561,69.831,80.941
127.89,34.212,69.133,80.131
129.1,32.777,69.133,80.131
129.15,31.985,69.824,80.932
129.35,31.757,70.522,81.742
129.62,31.777,71.228,82.559
130.25,32.366,71.228,82.559
131.28,32.56,70.515,81.734
135.28,38.264,70.515,81.734
140.07,42.473,70.515,81.734
141.84,41.961,71.22,82.551
141.71,41.763,71.933,83.376
141.99,41.467,72.652,84.21
150.65,30.173,73.378,85.052
150.66,29.281,74.112,85.903
150.69,26.66,74.853,86.762
150.34,23.828,75.602,87.63
150.5,21.736,76.358,88.506
150.58,20.6,77.122,89.391
150.15,19.804,77.893,90.285
149.44,18.652,78.672,91.188
149.19,17.807,79.458,92.099
147.11,15.041,80.253,93.02
146.24,12.531,81.055,93.951
145.08,11.582,81.866,94.89
143.99,10.894,82.685,95.839
134.83,0.7162,81.858,94.881
NaN,NaN,NaN,-2
NaN,NaN,NaN,0
NaN,NaN,NaN,0
NaN,NaN,NaN,0
NaN,NaN,NaN,0
NaN,NaN,NaN,-1
135.35,63.067,84.15,99.99
134.47,60.877,84.15,99.99
135.48,61.021,83.309,98.99
133.56,59.635,83.309,98.99
133.29,60.093,83.309,98.99
133,60.323,83.309,98.99
132.69,60.861,83.309,98.99
132.61,64.14,83.309,98.99
132.91,64.814,83.309,98.99
132.85,64.073,84.142,99.98
135.23,58.337,84.983,100.98
134.61,53.349,85.833,101.99
133.9,50.319,86.691,103.01
134.4,48.356,86.691,103.01
134.11,45.972,87.558,104.04
134.23,45.193,88.434,105.08
134.15,44.857,89.318,106.13
135.45,44.911,90.211,107.19
135.5,45.888,89.309,106.12
135.68,46.631,88.416,105.06
136.19,47.579,87.532,104.01
137.32,48.401,86.656,102.97
138.16,49.556,85.79,101.94
138.65,49.716,85.79,101.94
139.54,49.842,85.79,101.94
141.51,50.198,85.79,101.94
142.45,51.455,85.79,101.94
142.62,51.377,85.79,101.94
141.5,50.668,86.648,102.96
139.35,50.86,87.514,103.99
138.6,51.132,87.514,103.99
136.58,47.925,88.389,105.03
136.47,47.619,88.389,105.03
136.47,47.619,88.389,105.03
136.14,47.484,88.389,105.03
135.96,46.724,88.389,105.03
136.11,46.707,88.389,105.03
136.31,47.077,88.389,105.03
136.6,47.457,88.389,105.03
139.56,48.324,88.389,105.03
141.65,48.135,88.389,105.03
141.67,47.078,89.273,106.08
146.1,42.409,90.166,107.14
147.5,38.983,91.068,108.21
152.22,33.781,91.978,109.29
167,32.678,91.059,108.2
171.67,29.595,91.059,108.2
174,29.737,91.059,108.2
178.55,32.402,90.148,107.12
180.47,32.25,90.148,107.12
181.37,33.579,89.247,106.05
181.49,33.761,89.247,106.05
181.49,33.761,89.247,106.05
180.84,33.47,89.247,106.05
180.76,31.158,89.247,106.05
180.72,26.956,89.247,106.05
180.78,23.044,89.247,106.05
178.5,20.824,88.354,104.99
178.5,20.823,88.354,104.99
176.4,18.67,88.354,104.99
176.06,19.278,87.471,103.94
171.58,23.613,86.596,102.9
169.67,26.764,85.73,101.87
167.97,29.368,84.873,100.85
164.88,32.898,84.024,99.84
164.96,33.217,83.184,98.842
164.91,33.351,82.352,97.853
163.96,32.088,81.528,96.875
163.92,32.061,80.713,95.906
164.04,32.406,79.906,94.947
164.06,32.475,79.107,93.997
167.45,24.818,79.898,94.937
167.32,25.497,79.099,93.988
167.09,26.126,78.308,93.048
167.1,26.913,77.525,92.118
170.99,31.686,78.3,93.039
171.07,32.418,77.517,92.109
176.16,37.525,77.517,92.109
176.37,38.234,76.742,91.187
177.08,39.014,75.974,90.276
178.23,39.857,75.215,89.373
180.11,38.585,74.463,88.479
180.13,39.149,73.718,87.594
178.9,40.24,72.981,86.718
179.12,41.276,72.251,85.851
177.37,41.309,72.251,85.851
176.52,41.801,72.251,85.851
175.92,41.554,72.973,86.71
175.64,41.708,72.973,86.71
171.8,41.809,72.244,85.843
171.36,40.2,71.521,84.984
171.45,35.969,70.806,84.134
171.56,34.03,70.098,83.293
170.53,31.395,69.397,82.46
170.63,31.353,68.703,81.635
169.53,26.434,68.016,80.819
169.47,24.409,67.336,80.011
169.61,24.546,66.663,79.211
163.71,19.293,65.996,78.419
163.54,19.721,65.336,77.634
162.6,20.736,64.683,76.858
157.91,19.675,64.683,76.858
154.32,20.292,64.036,76.09
151.24,20.279,63.395,75.329
147.39,20.532,62.761,74.575
143.29,17.178,62.134,73.83
143.18,17.316,61.513,73.091
139.44,17.431,60.897,72.36
136.75,16.372,60.288,71.637
134.82,15.701,60.288,71.637
133.23,16.352,60.288,71.637
132.89,15.849,60.288,71.637
133.31,16.116,60.288,71.637
135.48,13.685,60.288,71.637
136.1,9.6715,60.891,72.353
135.86,7.3245,61.5,73.077
NaN,NaN,NaN,-2
NaN,NaN,NaN,0
NaN,NaN,NaN,0
NaN,NaN,NaN,0
NaN,NaN,NaN,0
NaN,NaN,NaN,-1
151.38,42.964,79,106
151.6,43.505,79,106
152.43,45.162,79,106
152.13,47.099,79,106
152.26,51.083,79,106
152.24,52.982,79,106
152.13,54.783,79,106
157.51,56.96,79.79,107.06
163.78,57.1,79.79,107.06
164.02,56.525,80.588,108.13
163.25,53.911,81.394,109.21
160.9,52.597,82.208,110.3
156.56,50.76,83.03,111.41
153.56,50.36,83.86,112.52
148.54,48.845,84.699,113.65
145.79,48.059,85.546,114.78
143.72,46.873,86.401,115.93
140.75,46.309,87.265,117.09
138.23,45.677,88.138,118.26
136.62,48.064,89.019,119.44
136.09,51.116,89.909,120.64
140.56,55.038,89.909,120.64
140.28,54.724,90.808,121.84
143.6,55.584,91.717,123.06
143.52,54.525,92.634,124.29
144.38,54.469,92.634,124.29
144.61,53.675,92.634,124.29
145.44,52.396,92.634,124.29
142.59,51.093,91.707,123.05
146.12,48.601,91.707,123.05
146.38,48.9,91.707,123.05
146.63,49.845,91.707,123.05
150.49,54.492,91.707,123.05
150.72,57.444,90.79,121.82
150.87,58.95,89.882,120.6
151.19,58.899,89.882,120.6
152.42,59.093,88.984,119.4
156.08,55.705,88.984,119.4
157.42,52.238,88.984,119.4
159.45,49.523,88.984,119.4
159.41,49.298,88.984,119.4
159.28,47.475,88.984,119.4
159.37,47.588,88.984,119.4
160.43,50.354,88.984,119.4
160.47,50.316,88.984,119.4
160.59,49.875,89.873,120.59
160.35,49.762,90.772,121.8
160.35,49.704,90.772,121.8
160.18,48.789,90.772,121.8
160.34,46.855,90.772,121.8
160.17,43.566,90.772,121.8
161.18,40.138,90.772,121.8
161.08,37.967,90.772,121.8
161.1,36.109,90.772,121.8
161.2,35.742,90.772,121.8
161.2,35.742,90.772,121.8
156.56,37.832,91.68,123.01
153.73,40.985,92.597,124.24
153.14,42.669,93.523,125.49
152.51,42.116,94.458,126.74
152.06,41.311,95.402,128.01
148.52,38.675,95.402,128.01
146.32,35.272,95.402,128.01
144.54,33.386,95.402,128.01
144.52,33.311,95.402,128.01
138.8,32.934,94.448,126.73
135.88,33.36,93.504,125.46
133.28,38.829,92.569,124.21
133.11,39.929,91.643,122.96
132.35,43.459,90.727,121.73
132.74,44.735,89.82,120.52
129.49,43.343,88.921,119.31
128.51,30.512,89.811,120.51
128.35,23.933,90.709,121.71
127.9,18.003,91.616,122.93
128.26,7.8364,91.616,122.93
129.02,1.0287,90.7,121.7
NaN,NaN,NaN,-2
NaN,NaN,NaN,0
NaN,NaN,NaN,0
NaN,NaN,NaN,0
NaN,NaN,NaN,0
NaN,NaN,NaN,-1
116.85,41.202,99,129
117.04,40.621,99,129
117.09,41.175,99,129
117.29,41.234,99,129
122.44,35.354,99.99,130.29
122.94,35.028,99.99,130.29
123.63,34.929,99.99,130.29
124.01,35.3,98.99,128.99
123.69,34.516,98.99,128.99
122.6,32.756,98.99,128.99
121.55,30.616,98.99,128.99
120.54,28.305,99.98,130.28
124.72,18.686,98.98,128.97
117.72,13.543,98.98,128.97
108.75,7.7327,98.98,128.97
NaN,NaN,NaN,-2
NaN,NaN,NaN,0
NaN,NaN,NaN,0
NaN,NaN,NaN,0
NaN,NaN,NaN,0
NaN,NaN,NaN,-1
84.535,32.73,100,130
81.588,37.483,100,130
80.847,37.92,100,130
71.167,39.568,101,131.3
67.069,38.254,102.01,132.61
46.537,33.976,103.03,133.94
38.73,29.634,104.06,135.28
38.689,26.035,104.06,135.28
35.637,20.474,104.06,135.28
35.53,19.685,104.06,135.28
35.523,19.494,104.06,135.28
36.409,20.587,104.06,135.28
36.93,21.263,103.02,133.93
36.964,28.669,103.02,133.93
37.217,30.672,103.02,133.93
38.206,30.956,101.99,132.59
40.712,34.899,101.99,132.59
41.251,35.126,101.99,132.59
41.452,35.03,101.99,132.59
41.491,35.008,101.99,132.59
47.437,32.527,101.99,132.59
54.374,30.12,101.99,132.59
62.887,28.675,100.97,131.26
66.922,28.849,99.96,129.95
77.921,28.814,98.96,128.65
80.046,29.4,97.971,127.36
85.882,30.021,96.991,126.09
88.109,30.452,96.021,124.83
89.217,31.202,95.061,123.58
89.633,31.215,94.11,122.34
89.945,31.194,93.169,121.12
90.518,31.343,92.238,119.91
90.466,29.219,91.315,118.71
91.112,29.338,90.402,117.52
91.381,29.202,89.498,116.35
92.244,29.979,88.603,115.18
92.687,30.555,87.717,114.03
92.525,30.862,86.84,112.89
92.285,31.834,85.971,111.76
92.382,33.723,85.971,111.76
92.956,34.54,85.112,110.65
93.775,34.969,85.112,110.65
94.492,34.729,85.112,110.65
97.404,34.034,85.112,110.65
104.46,34.631,84.261,109.54
105.9,35.192,84.261,109.54
108.14,38.536,85.103,110.63
107.54,44.784,85.954,111.74
107.95,46.924,85.954,111.74
107.89,47.015,85.954,111.74
107.63,46.921,85.954,111.74
104.14,44.191,85.954,111.74
104.6,44.753,85.095,110.62
109.26,41.91,84.244,109.52
118.51,36.293,83.401,108.42
119.16,36.681,82.567,107.34
119.68,37.194,81.742,106.26
119.7,38.206,80.924,105.2
113.92,41.686,80.924,105.2
108.22,39.209,80.115,104.15
102.47,38.649,79.314,103.11
93.761,35.086,78.521,102.08
91.857,33.155,77.735,101.06
89.075,29.972,76.958,100.05
89.797,30.272,76.189,99.045
90.811,30.617,75.427,98.055
91.649,31.176,74.672,97.074
91.824,31.991,73.926,96.103
93.003,33.01,73.186,95.142
93.083,34.905,73.186,95.142
91.144,35.589,73.186,95.142
87.93,40.567,73.918,96.094
87.022,36.487,73.179,95.133
87.956,36.916,72.447,94.181
89.002,37.993,71.723,93.24
93.268,42.472,71.006,92.307
102.24,50.138,70.296,91.384
107.93,55.33,69.593,90.47
113.27,58.3,68.897,89.566
120.07,61.128,68.208,88.67
121.77,60.064,67.526,87.783
125.15,57.738,66.85,86.905
127.46,52.971,66.85,86.905
128.32,51.737,66.182,86.036
128.34,46.546,66.182,86.036
130.2,44.076,65.52,85.176
131.43,40.617,65.52,85.176
131.06,38.371,66.175,86.028
131.21,37.531,66.837,86.888
131.33,37.665,67.505,87.757
131.49,37.697,67.505,87.757
147.1,32.902,66.83,86.879
146.77,33.185,66.162,86.011
142.97,31.785,65.5,85.151
138.63,29.341,64.845,84.299
138.92,29.726,64.197,83.456
137.26,21.958,63.555,82.621
140.61,16.833,62.919,81.795
142.78,19.958,62.29,80.977
143.52,22.82,61.667,80.168
145.76,25.885,61.051,79.366
148.14,29.277,60.44,78.572
148.48,29.837,59.836,77.786
149.97,34.177,59.237,77.009
154.33,37.649,58.645,76.239
157.77,38.272,58.059,75.476
158.72,35.21,57.478,74.721
159.22,34.145,56.903,73.974
161.22,33.605,56.334,73.234
164.66,37.18,55.771,72.502
164.54,42.713,55.213,71.777
165.72,46.579,54.661,71.059
165.2,48.42,54.114,70.349
163.83,50.067,53.573,69.645
156.78,50.822,53.037,68.949
157.59,49.57,52.507,68.259
154.9,47.038,51.982,67.577
155.54,45.548,51.462,66.901
153.23,42.543,50.948,66.232
153.03,42.184,50.438,65.57
148.98,36.821,49.934,64.914
142.98,29.744,49.434,64.265
142.25,30.105,48.94,63.622
142.06,32.616,48.451,62.986
138.67,36.02,47.966,62.356
129.59,37.816,47.486,61.732
128.12,42.971,47.012,61.115
124.98,45.67,46.542,60.504
124.56,46.47,46.076,59.899
123.44,46.94,45.615,59.3
123.47,47.489,45.159,58.707
127.5,52.052,44.708,58.12
134.13,56.706,44.261,57.539
139.51,55.054,43.818,56.963
144.91,55.722,43.38,56.394
149.37,56.369,42.946,55.83
150.06,56.291,42.516,55.271
151.59,60.881,42.091,54.719
153.82,60.431,41.67,54.172
158.68,57.343,41.254,53.63
158.72,57.53,40.841,53.093
158.69,57.346,40.433,52.563
156.05,55.854,40.028,52.037
150.73,51.413,39.628,51.517
152.33,52.831,39.232,51.001
154.72,57.503,39.232,51.001
153.81,59.892,38.84,50.491
162.12,68.383,39.228,50.996
163.48,69.782,38.836,50.486
169.56,72.312,38.447,49.981
173.52,74.066,38.063,49.482
173.76,74.373,37.682,48.987
180.71,78.269,37.305,48.497
181.49,78.528,36.932,48.012
181.01,78.24,36.563,47.532
181.21,78.08,36.197,47.057
178.83,76.916,35.835,46.586
176.97,78.645,35.477,46.12
172.92,78.88,35.122,45.659
170.18,76.803,34.771,45.202
169.99,76.81,34.423,44.75
163.32,75.786,34.079,44.303
156.84,79.02,34.42,44.746
157.28,78.799,34.076,44.298
157.33,78.725,33.735,43.855
157.27,78.672,33.398,43.417
156.99,79.66,33.064,42.983
156.31,79.819,33.064,42.983
156.88,80.158,32.733,42.553
160.82,79.796,32.406,42.127
163.04,77.84,32.082,41.706
163.36,77.798,32.082,41.706
163.7,77.44,32.402,42.123
168.8,75.601,32.078,41.702
168.96,75.809,31.758,41.285
165.47,76.271,31.44,40.872
165.48,75.973,31.126,40.463
165.7,75.903,30.814,40.059
166,76.101,30.506,39.658
166.81,75.922,30.201,39.262
167.1,75.904,29.899,38.869
167.3,75.639,29.899,38.869
172.12,66.745,29.6,38.48
170.06,64.706,29.6,38.48
171.01,64.935,29.304,38.095
164.28,58.758,29.011,37.714
164.32,59.245,28.721,37.337
162.45,60.421,28.721,37.337
159.16,62.726,28.434,36.964
157.52,63.316,28.434,36.964
151.67,59.448,28.434,36.964
153.35,57.688,28.149,36.594
155.6,56.347,27.868,36.228
165.44,56.882,27.589,35.866
169.79,54.887,27.313,35.507
173.46,53.232,27.313,35.507
179.11,50.49,27.04,35.152
184.2,50.523,26.77,34.801
185.45,51.373,26.77,34.801
188.77,50.168,26.77,34.801
192.74,48.908,26.77,34.801
194.27,49.624,26.502,34.453
196.29,48.004,26.237,34.108
198.74,46.999,25.975,33.767
200.93,42.091,26.235,34.105
197.67,44.003,26.497,34.446
193.64,43.282,26.762,34.79
186.72,46.791,27.029,35.138
183.11,49.803,26.759,34.787
175.03,52.02,26.759,34.787
168.21,51.879,27.027,35.135
164.39,51.408,27.297,35.486
163.93,51.386,27.57,35.841
162.05,50.172,27.846,36.199
157.89,41.537,27.846,36.199
158.71,41.715,27.846,36.199
160.65,42.769,27.567,35.837
162.7,42.003,27.292,35.479
162.56,41.826,27.564,35.834
162.35,41.456,27.84,36.192
162.68,40.267,27.562,35.83
162.74,40.686,27.286,35.472
159.22,43.694,27.013,35.117
159.18,43.39,27.283,35.468
158.7,42.45,27.556,35.823
156.39,38.235,27.832,36.181
156.12,37.232,28.11,36.543
156.11,36.273,28.391,36.909
156.37,35.536,28.675,37.278
156.93,34.829,28.962,37.65
156.67,34.369,29.251,38.027
156.39,33.555,29.544,38.407
155.07,28.264,29.839,38.791
155.69,21.834,30.138,39.179
154.01,15.779,29.836,38.787
154.39,12.628,30.135,39.175
154.12,12.277,30.436,39.567
149.54,9.8404,30.436,39.567
140.61,12.241,30.132,39.171
138.75,12.306,29.83,38.78
138.64,12.691,29.532,38.392
138.88,14.798,29.237,38.008
137.12,19.853,29.529,38.388
137.09,21.646,29.824,38.772
137.36,23.381,30.123,39.16
138.06,23.607,30.424,39.551
138.67,24.01,30.728,39.947
145.2,28.859,31.035,40.346
157.89,32.558,31.346,40.75
163.87,40.439,31.032,40.342
162.8,43.508,31.032,40.342
164.3,45.324,31.032,40.342
163.72,45.095,31.032,40.342
164.93,42.921,31.343,40.746
167.3,34.356,31.656,41.153
171.91,28.738,31.973,41.564
171.76,28.437,32.292,41.98
171.67,28.28,32.615,42.4
171.95,33.366,32.941,42.824
170.5,36.685,33.271,43.252
172.9,39.486,32.938,42.82
171.68,41.87,32.609,42.391
171.44,46.036,32.935,42.815
172.08,46.152,32.606,42.387
171.91,45.94,32.932,42.811
173.73,44.688,32.602,42.383
170.87,46.248,32.928,42.807
165.06,46.54,33.258,43.235
162.84,47.591,33.59,43.667
157.97,46.622,33.926,44.104
152.63,47.302,34.265,44.545
147.11,43.671,33.923,44.099
143.61,44.337,34.262,44.54
140.51,46.138,34.262,44.54
142.48,45.749,34.262,44.54
144.5,43.821,34.262,44.54
146.94,38.063,34.262,44.54
148.54,36.32,34.605,44.986
150.41,36.14,34.605,44.986
150.68,36.02,34.951,45.436
149.27,37.643,35.3,45.89
149.84,37.647,35.653,46.349
149.25,36.877,36.01,46.812
148.26,34.794,35.65,46.344
147.23,31.238,35.293,45.881
149.66,29.274,34.94,45.422
152.23,26.653,34.94,45.422
151.99,25.657,34.591,44.968
153.47,26.938,34.591,44.968
154.16,26.587,34.937,45.418
154.32,24.707,34.587,44.963
154.37,25.68,34.241,44.514
153.86,26.496,34.241,44.514
153.77,27.112,34.584,44.959
153.01,28.566,34.93,45.408
149.47,29.518,35.279,45.863
148.61,28.457,34.926,45.404
146.45,27.53,34.577,44.95
146.25,27.566,34.231,44.5
146.08,28.048,33.889,44.055
145.86,28.556,33.889,44.055
146.01,29.509,33.889,44.055
146.24,31.578,33.889,44.055
148.04,34.264,34.228,44.496
148.21,34.487,33.885,44.051
148.58,34.302,33.885,44.051
150.08,37.464,33.885,44.051
149.96,37.71,34.224,44.492
149.13,42.62,34.566,44.936
148.69,45.822,34.912,45.386
150.77,49.913,35.261,45.84
150.6,51.576,35.261,45.84
150.53,53.02,35.261,45.84
150.51,52.895,35.261,45.84
148.49,49.517,35.261,45.84
146.25,49.73,35.261,45.84
141.71,48.987,35.261,45.84
140.79,45.435,35.261,45.84
140.65,45.771,35.261,45.84
142.6,47.141,35.261,45.84
145.21,50.513,35.261,45.84
147.14,52.02,34.909,45.381
148.08,52.841,34.56,44.927
150.69,56.063,34.905,45.377
150.69,56.063,34.905,45.377
150.57,55.667,35.254,45.83
150.77,53.737,35.607,46.289
148.13,51.455,35.963,46.752
145.26,48.988,36.322,47.219
141.55,45.63,36.686,47.691
140.44,40.312,36.319,47.214
140,39.814,35.956,46.742
139.73,39.802,35.956,46.742
139.18,42.492,36.315,47.21
138.27,42.505,36.678,47.682
136.47,43.129,36.678,47.682
135.57,43.057,36.678,47.682
135.31,42.709,37.045,48.159
135.5,35.958,37.045,48.159
135.31,35.671,37.416,48.64
134.63,35.707,37.416,48.64
131.76,39.835,37.416,48.64
132.28,44.768,37.416,48.64
134.66,51.384,37.041,48.154
138.72,56.752,36.671,47.672
142.64,60.104,36.304,47.196
145.34,60.518,35.941,46.724
147.09,62.473,35.582,46.256
151.4,66.573,35.226,45.794
155.33,70.577,35.226,45.794
158.8,71.879,34.874,45.336
159.97,76.023,34.525,44.883
161.43,77.507,34.525,44.883
162.05,74.578,34.87,45.331
161.06,70.503,34.87,45.331
159.26,62.529,34.87,45.331
159.13,61.09,34.522,44.878
159.32,59.063,34.522,44.878
159.15,58.839,34.867,45.327
158.88,58.545,35.215,45.78
158.75,57.938,35.568,46.238
169.13,55.347,35.568,46.238
171.09,60.824,35.923,46.7
170.34,66.412,35.923,46.7
165.98,63.676,36.283,47.167
166.66,63.485,35.92,46.696
164.44,60.902,36.279,47.163
164.54,61.083,36.279,47.163
166.31,58.424,36.279,47.163
166.26,57.774,36.279,47.163
167.77,56.387,36.279,47.163
170.55,56.055,36.642,47.634
173.64,56.076,37.008,48.111
181.73,60.724,37.378,48.592
189.33,66.423,37.378,48.592
189.16,66.181,37.752,49.078
190.11,66.579,38.129,49.568
194.93,69.784,37.748,49.073
196.76,68.584,37.371,48.582
197.05,68.255,37.371,48.582
199.25,63.405,36.997,48.096
199.59,63.427,36.627,47.615
199.96,62.778,36.261,47.139
201.44,60.556,36.261,47.139
201.73,59.838,36.261,47.139
202.54,57.656,36.623,47.61
208.03,54.696,36.257,47.134
209.01,54.877,35.895,46.663
209.28,56.93,35.895,46.663
214.01,60.268,35.536,46.196
214.28,63.511,35.18,45.734
212.78,63.572,34.828,45.277
210.35,65.404,34.48,44.824
201.75,65.016,34.135,44.376
197.13,63.681,33.794,43.932
193.06,63.185,33.456,43.493
189.15,64.931,33.122,43.058
185.06,66.614,33.453,43.489
186.79,64.571,33.118,43.054
186.88,65.761,32.787,42.623
195.88,77.318,32.459,42.197
193.17,78.837,32.135,41.775
190.14,76.782,31.813,41.357
190.71,73.745,31.495,40.944
190.89,69.964,31.18,40.534
188.34,66.69,30.868,40.129
191.68,60.635,31.177,40.53
192.34,60.716,31.489,40.935
197.58,60.586,31.804,41.345
197.44,60.368,32.122,41.758
199.69,57.4,32.443,42.176
201.3,55.405,32.767,42.598
203.84,48.742,32.44,42.172
203.37,48.791,32.115,41.75
201.67,50.184,32.436,42.167
201.27,49.394,32.436,42.167
200.56,46.967,32.436,42.167
199.02,46.994,32.436,42.167
194.12,49.129,32.436,42.167
194.15,49.112,32.112,41.746
190.52,52.147,32.112,41.746
188.19,55.706,32.433,42.163
184.61,56.965,32.433,42.163
177.51,53.371,32.433,42.163
177.24,53.037,32.433,42.163
174.09,52.52,32.433,42.163
170.84,51.793,32.758,42.585
169.06,51.627,33.085,43.011
165.61,50.514,33.416,43.441
163.08,51.069,33.75,43.875
163.02,50.43,33.413,43.436
162.69,49.372,33.747,43.871
163.1,48.899,34.084,44.309
166.08,47.793,33.743,43.866
168.01,48.14,33.743,43.866
169.72,46.998,33.406,43.428
178.92,44.322,33.74,43.862
179.49,43.806,34.077,44.301
181.38,43.921,34.418,44.744
181.9,44.3,34.762,45.191
183.63,46.266,35.11,45.643
183.94,47.907,35.11,45.643
183.69,48.133,35.461,46.099
183.64,53.565,35.106,45.638
179.94,57.916,35.458,46.095
179.54,58.349,35.458,46.095
178.99,63.628,35.812,46.556
179.23,64.307,35.812,46.556
179.06,63.776,36.17,47.021
177.41,63.756,36.17,47.021
171.85,60.705,36.532,47.491
164.54,60.084,36.897,47.966
163.85,64.692,37.266,48.446
162.31,63.974,37.639,48.931
160.97,63.8,38.015,49.42
159.37,63.481,38.015,49.42
157.18,61.94,38.395,49.914
157.1,61.7,38.395,49.914
153.69,59.142,38.779,50.413
153.28,58.789,39.167,50.917
150.79,57.233,39.559,51.426
147.4,56.233,39.954,51.941
