NaN,NaN,NaN,-1
123,95,43,58
123,94,40,59
122,94,42,59
122,93,43,60
123,93,42,60
122,93,44,60
121,93,45,61
119,90,48,67
121,94,46,61
120,95,47,61
120,98,46,59
119,95,47,62
120,98,45,59
118,98,48,59
118,98,46,59
115,99,50,59
114,99,51,60
114,99,51,59
113,99,53,59
115,98,52,59
114,95,52,62
114,94,49,65
113,93,48,66
111,94,49,66
113,93,46,63
117,93,41,61
120,92,39,59
120,92,37,57
124,92,32,56
125,90,32,58
126,88,32,59
125,88,35,57
123,87,38,57
121,86,39,57
119,87,40,56
117,85,42,60
117,83,42,61
115,83,44,64
117,83,40,63
116,83,41,62
116,85,40,61
114,83,40,65
114,84,39,66
113,84,39,67
113,83,38,68
111,82,40,69
111,83,40,67
110,81,41,70
107,78,44,73
108,82,43,69
109,79,40,72
110,87,40,64
109,85,40,66
121,85,28,65
117,89,31,61
115,88,36,63
116,87,35,58
114,87,35,60
112,88,35,59
116,88,30,60
109,89,36,56
113,91,34,56
110,91,37,59
108,95,40,56
104,93,46,59
102,93,50,59
100,90,54,63
99,90,57,63
98,89,60,62
95,89,61,62
95,88,59,63
93,86,60,66
92,84,61,68
91,82,61,69
93,82,58,68
93,82,57,68
92,81,58,68
92,81,57,68
92,81,57,67
92,81,57,67
93,78,55,71
95,78,53,69
105,77,44,69
102,76,45,70
101,77,44,68
99,77,48,69
100,77,50,70
100,78,50,68
102,78,47,67
100,83,50,62
106,86,41,56
98,84,51,62
96,84,54,62
94,84,58,63
98,86,51,62
97,88,49,61
97,88,49,62
97,89,49,62
97,89,48,63
96,88,51,64
90,87,58,65
89,85,59,68
89,88,59,66
91,87,54,67
92,86,54,68
91,84,55,70
91,84,55,70
90,84,56,71
90,84,56,71
89,85,54,69
89,85,54,69
87,84,56,70
86,84,58,70
86,83,59,71
85,82,58,72
87,82,55,73
84,82,58,73
86,82,56,73
84,82,58,73
83,82,59,73
81,82,60,73
79,82,60,73
78,82,60,73
79,82,56,73
79,82,53,73
78,83,54,73
77,83,53,73
77,83,54,73
75,83,56,73
75,84,56,73
75,84,60,73
76,84,59,73
77,85,58,73
80,86,56,71
83,88,52,66
86,90,48,66
89,89,44,68
87,89,48,71
91,90,45,69
101,91,35,69
101,91,34,70
101,92,35,70
101,93,37,69
100,92,38,71
98,92,41,69
95,94,44,68
95,98,44,64
91,102,50,59
91,100,48,60
88,98,49,63
88,99,50,64
86,102,53,61
83,103,57,60
83,104,59,60
83,104,60,59
84,104,60,61
84,103,59,60
82,106,61,56
86,106,56,54
86,106,57,56
86,105,57,57
87,104,57,58
86,103,59,61
86,100,60,64
88,100,59,65
86,103,61,62
84,103,61,63
84,100,62,67
83,105,62,61
84,104,59,62
83,105,60,60
83,110,56,54
79,111,60,53
79,112,59,51
79,112,56,50
81,110,54,52
79,110,56,51
77,109,58,51
76,106,58,55
76,98,59,62
75,99,60,63
75,97,60,66
77,97,59,64
81,95,54,65
82,95,52,65
84,97,50,62
85,98,50,60
86,95,47,62
85,103,49,54
88,103,45,55
86,105,46,53
85,106,50,51
84,106,48,52
85,106,47,53
85,99,46,62
87,100,45,62
86,99,45,62
83,102,47,60
83,101,46,60
84,101,44,61
84,102,42,59
83,104,43,55
81,104,46,55
81,103,43,56
81,102,43,56
81,101,42,56
81,101,43,56
82,101,44,57
81,102,45,57
82,101,45,62
80,107,47,58
75,106,50,62
73,105,52,64
71,105,52,64
73,105,48,64
72,103,49,66
72,103,48,67
69,103,51,66
69,102,49,66
68,102,50,66
66,100,53,70
66,100,53,71
65,100,55,72
64,100,56,72
65,102,54,71
64,102,56,72
64,103,57,72
64,103,57,73
64,104,58,73
64,105,61,73
68,105,58,73
66,106,61,73
67,108,60,72
70,108,54,73
71,108,52,73
74,108,49,73
73,109,47,73
71,109,47,73
NaN,NaN,NaN,-2
NaN,NaN,NaN,0
NaN,NaN,NaN,0
NaN,NaN,NaN,0
NaN,NaN,NaN,0
NaN,NaN,NaN,-1
103,94,44,68
103,93,43,68
103,92,42,67
99,91,46,68
98,93,47,66
97,96,48,63
104,101,43,55
109,103,39,53
106,103,43,51
106,102,41,54
108,99,40,57
105,97,44,59
103,94,46,62
103,92,45,65
101,91,46,66
101,90,45,70
102,90,44,72
103,90,43,72
105,90,42,72
106,89,42,73
106,89,44,73
108,89,44,73
109,89,47,73
111,88,48,73
114,88,46,73
116,87,44,73
116,87,45,73
116,86,45,73
117,90,45,68
120,88,42,69
121,89,40,68
122,87,38,69
119,84,39,71
118,83,41,71
117,82,44,72
116,80,46,72
116,78,48,68
118,77,49,55
122,78,45,51
122,75,46,53
123,75,45,55
124,75,41,56
123,76,41,53
122,78,37,53
123,80,35,52
121,82,39,52
120,82,39,53
120,83,36,53
118,84,37,54
116,83,39,57
115,84,39,59
113,87,40,58
113,89,39,58
110,91,42,58
109,92,44,60
108,93,46,60
108,94,48,61
108,94,51,63
