NaN,NaN,NaN,-1
124.12,92.774,46.859,58.955
123.84,93.176,46.878,58.596
123.29,93.793,46.65,58.293
123.2,93.337,46.801,58.751
123.12,93.255,46.581,58.441
123.31,93.288,46.746,58.633
123.2,93.516,46.605,58.358
123.38,95.13,46.193,57.577
122.75,95.754,46.531,57.627
122.06,96.824,46.811,57.902
121.08,97.655,46.752,57.997
120.85,98.144,46.921,57.962
120.34,98.187,46.752,58.025
119.15,98.678,46.536,57.604
119.28,98.924,46.33,57.707
118.21,99.51,46.535,57.858
116.94,99.945,46.214,57.618
116.28,100.07,46.167,57.735
116.21,99.243,46.099,57.145
116.35,98.638,46.45,57.342
117.04,97.868,46.661,57.568
118.35,96.37,46.609,57.26
119.68,96.304,46.089,56.799
120.97,95.671,45.568,56.134
122.46,94.592,45.954,56.592
124.1,93.611,45.855,56.729
125.72,93.749,45.407,56.307
126.75,92.92,45.627,56.33
128.1,92.097,45.395,56.016
127.97,91.037,45.498,56.178
127.88,89.546,45.399,56.291
127.19,88.858,45.201,55.953
125.55,87.608,44.715,55.547
124.21,86.711,44.386,55.15
121.82,85.065,44.099,54.877
121.25,84.222,43.386,53.95
120.83,84.626,42.884,53.516
119.53,85.14,42.471,53.31
118.29,85.829,42.843,53.586
117.79,87.306,42.517,53.32
118.03,89.462,42.134,52.851
117.88,91.975,42.325,53.335
118.25,94.663,41.779,52.411
118.27,96.646,41.77,52.665
118.86,98.379,41.229,51.745
120.31,99.569,41.07,51.596
121.39,100.61,40.811,51.293
121.18,100.89,40.776,51.159
122.11,99.34,41.132,51.992
123.3,98.748,41.419,52.25
123.53,97.157,41.542,52.778
123.72,97.105,41.606,53.025
125.43,97.183,41.779,53.141
125.68,97.146,41.462,52.918
125.15,97.353,41.326,52.624
124,97.028,41.706,53.171
124.6,96.785,41.569,53.053
124.14,96.5,41.711,53.514
124.36,96.129,41.499,53.051
123.71,97.183,40.866,52.337
123.85,99.192,41.085,52.598
122.7,101.96,40.992,52.315
122.12,103.14,41.116,52.362
122.52,104.71,40.703,52.028
122.16,105.76,40.724,52.166
123.01,107.53,40.415,51.514
124.42,108.89,39.908,50.786
125.73,109.51,39.899,50.552
125.26,108.75,39.669,49.985
126.3,107.61,38.886,48.922
126.88,104.07,38.436,48.697
125.72,101.35,38.575,48.988
125.67,98.44,38.379,49.036
126.47,95.271,38.305,48.633
127.3,91.928,38.19,48.373
126.4,89.433,37.841,48.087
126.06,87.29,37.249,47.428
127.24,85.4,36.739,46.682
125.92,85.254,36.581,46.176
126.25,85.684,35.997,45.473
125.41,87.02,35.697,44.957
124.87,87.536,35.761,44.905
124.78,88.704,35.856,44.822
124.98,90.037,35.937,45.154
123.56,92.304,35.565,44.669
122.92,94.338,35.424,44.421
122.28,96.186,34.85,43.767
120.31,98.249,34.331,43.317
118.75,99.367,34.612,43.45
117.24,100.71,34.248,42.982
115.3,101.83,34.312,42.87
114.44,102.67,34.624,43.235
112.64,103.27,35.007,43.898
110.89,105.64,34.855,43.471
108.16,108.08,34.211,42.851
107.37,109.97,34.082,42.546
105.38,111.36,33.613,42.041
104.54,112.65,34.039,42.669
105.44,113.79,34.198,42.793
104.94,114.34,33.99,42.415
105.95,113.44,34.33,42.806
107.68,112.35,34.649,43.158
109.18,111.83,34.628,42.615
111.28,111.45,35.146,43.307
113.59,110.87,34.972,43.146
117.42,110.72,35.149,43.283
121.44,110.69,35.2,43.298
123.55,110.15,35.259,43.303
126.79,110.1,35.757,44.002
129.62,109.77,35.783,43.886
132.05,109.18,35.788,43.869
133.9,108.13,35.795,43.845
135.52,107.64,35.423,43.358
137.04,108.02,35.204,43.156
138.44,107.86,35.453,43.639
138.52,108.62,35.666,43.816
137.96,110.56,35.814,43.685
136.7,111.93,35.677,43.35
135.01,112.26,35.543,43.254
132.92,112.6,35.908,43.755
130.12,112.22,35.817,43.802
127.84,111.56,36.146,44.483
127.11,109.66,36.218,44.56
125.82,106.23,36.271,44.804
122.41,104.25,35.747,44.262
120.72,102.16,35.689,44.202
119.39,101.34,35.258,43.354
117.24,100.23,35.192,43.332
117.19,100.33,34.924,43.195
114.82,101.58,34.594,42.686
112.76,101.7,35.28,43.685
110.95,102.42,35.283,43.632
109.9,104.38,35.33,43.605
109.52,107.21,35.244,43.402
110.04,110.01,35.184,43.23
110.07,112.45,35.334,43.555
110.91,114.66,34.919,43.345
112.19,115.44,35.101,43.531
113.54,115.19,35.132,43.826
115.41,115.48,35.257,43.997
116.44,115.15,35.637,44.903
116.6,115.81,34.89,43.918
116.34,113.88,35.632,45.276
116.49,111.9,35.686,45.609
115.17,111.38,35.187,44.796
113.43,109.48,35.435,45.176
110.4,108.84,35.055,44.616
107.39,107.57,35.245,45.135
104.22,106.4,34.979,45.01
102.08,106.14,34.993,45.227
98.921,106.37,34.611,44.675
96.933,107.72,33.989,43.721
94.291,108.45,33.832,43.608
92.307,108.55,34.084,43.865
91.319,107.28,34.661,44.735
91.087,107.36,34.613,44.564
90.639,106.56,34.917,45.045
90.312,106.16,34.954,45.102
90.325,106.96,35.101,45.36
90.54,108.7,34.996,45.231
90.271,110.11,35.208,45.601
90.983,110.68,35.367,45.897
91.18,110.64,35.463,45.958
92.291,112.84,35.037,45.403
91.635,114.79,34.63,45.017
90.725,115.89,34.631,44.915
90.413,116,34.905,45.18
89.327,115.97,35.057,45.128
88.157,115.73,35.194,45.388
88.173,116.49,34.513,44.364
86.48,115.03,35.183,45.153
85.673,113.68,35.197,45.012
84.918,112.6,35.017,44.627
83.562,110.68,34.884,44.677
82.469,110.36,35.08,44.855
81.268,109.28,35.342,45.078
80.554,108.35,35.058,44.435
79.717,107.1,35.115,44.72
78.619,107.06,35.031,44.744
75.696,107.89,35.005,44.749
72.578,108.01,34.944,44.896
70.357,107.87,34.991,44.725
69.379,107.68,34.978,44.427
68.474,107.95,35.05,44.015
66.478,107.26,35.055,43.851
65.363,107.26,34.957,43.61
63.57,107.13,35.347,44.022
63.213,107.15,35.762,44.401
63.696,107.74,35.373,43.852
65.338,108.57,35.308,43.685
66.009,109.92,35.345,43.63
67.086,111.25,35.324,43.469
67.567,112.43,35.419,43.385
67.757,113.19,35.027,42.897
68.681,113.25,34.9,42.726
68.259,112.48,34.928,43.142
68.25,112.3,34.844,42.834
68.096,111.3,35.16,43.256
66.72,110.24,35.249,43.362
66.103,109.6,35.135,43.049
65.424,109.57,34.495,42.265
65.024,107.23,34.811,42.672
64.059,106.19,34.463,42.263
63.635,106.24,34.34,41.847
62.3,104.31,35.27,42.794
62.111,102.98,35.712,42.921
62.645,103.34,35.349,42.719
63.852,102.49,35.707,43.368
65.675,101.77,35.786,43.381
68.802,100.79,35.112,42.627
70.075,100.66,35.261,42.676
71.251,99.747,35.687,43.198
72.013,98.789,36.123,43.673
73.822,98.38,35.515,42.828
75.47,97.555,35.484,42.601
75.961,98.377,35.165,42.425
76.192,98.106,34.921,41.891
77.652,98.047,34.855,42.111
79.415,97.102,34.733,41.88
80.626,96.152,34.761,41.976
82.423,95.765,34.988,42.096
84.098,94.603,35.512,42.689
86.741,95.712,35.215,42.674
88.727,95.447,35.567,43.08
90.393,96.643,35.684,43.32
92.09,97.625,35.765,43.222
94.729,100.11,36.038,43.619
97.757,102.73,35.94,43.073
100.29,105.18,36.267,43.683
102.6,108.12,36.416,43.953
103.34,108.6,37.599,45.357
106.5,109.64,37.367,45.114
109.58,110.95,37.496,45.472
112.53,115.22,37.796,45.953
115.5,119.52,37.833,46.279
117.55,122.07,38.348,46.6
116.97,120.3,39.182,47.778
116.35,119.26,40.071,48.653
116.01,117.95,40.38,49.25
114.03,115.99,40.598,49.643
112.03,112.29,41.208,50.721
108.71,110.44,41.256,50.86
104.47,107.81,41.929,51.881
101.6,106.75,42.037,52.223
96.543,105.28,42.361,52.427
92.141,103.89,42.841,52.899
87.672,101.25,43.423,53.943
83.218,98.397,43.766,54.694
78.993,97.57,44.076,55.239
74.401,96.4,43.975,55.15
71.048,96.486,43.606,54.839
71.477,95.204,43.531,55.13
73.767,95.201,43.605,55.489
76.171,96.883,43.287,55.475
81.65,98.494,43.287,55.692
84.522,100.46,43.013,55.487
89.103,101.69,42.467,55.123
92.011,103.13,42.311,55.182
94.345,106.1,41.939,54.556
95.704,110.06,41.508,53.75
97.827,112.19,41.623,53.783
100.04,114.92,41.061,53.116
101.02,117.79,41.004,52.839
103.66,119.8,40.286,51.831
105.73,119.56,40.093,51.49
107.17,118.65,40.079,51.39
110.05,116.85,40.08,51.649
111.23,114.48,40.372,52.373
113.38,111.21,40.227,52.176
116.27,107.5,39.956,51.621
119.6,103.58,39.615,51.202
121.26,99.419,39.7,51.158
120.06,95.673,40.123,51.588
119.33,92.141,40.113,51.826
118.26,89.27,39.807,51.558
115.58,86.63,40.269,51.936
113.99,82.706,40.552,52.416
110.35,78.522,40.728,52.355
107.04,75.091,40.841,52.806
103.76,71.913,41.247,52.997
101.18,69.199,41.532,53.276
97.845,66.639,41.742,53.599
94.404,64.801,41.96,53.704
91.818,63.299,42.179,53.983
89.663,62.533,42.407,54.417
88.468,62.714,42.546,54.927
86.968,62.934,42.916,55.396
86.016,65.18,42.781,55.247
83.612,67.228,43.153,55.773
82.657,68.133,43.52,56.243
80.466,70.017,43.994,56.86
79.278,71.397,44.328,57.053
79.301,73.011,44.764,57.386
77.425,74.015,45.41,58.096
76.125,77.443,45.633,58.105
75.281,79.5,45.746,58.359
75.019,82.018,46.228,58.573
75.986,83.915,46.509,59.111
77.767,85.815,46.603,59.14
79.037,88.159,46.752,59.159
81.011,89.268,47.178,59.521
84.012,89.309,47.453,59.878
