NaN,NaN,NaN,-1
244.39,37.077,77,172
241.56,36.262,77,172
239.2,34.361,77,172
236.63,33.694,77,172
233.7,33.077,77,172
227.1,32.495,77,172
225.23,33.818,77,172
222.67,33.95,77,172
221.05,36.352,77,172
217.74,37.04,77,172
215.22,37.057,77,172
213.97,37.856,77,172
210.4,34.451,77,172
202.41,28.308,77,172
199.93,26.765,77,172
198.11,24.505,77,172
195.85,21.183,77,172
190.03,15.05,77,172
191.29,14.476,77,172
191.89,11.675,77,172
193.78,10.008,77,172
200.24,6.1859,77,172
203.18,4.9337,77,172
205.36,3.9625,77,172
205.14,6.6536,77,172
208.54,11.71,77,172
209.35,12.588,77,172
210.97,15.935,77,172
213.41,18.509,77,172
210.23,26.259,77,172
206.57,31.489,77,172
207.36,33.241,77,172
206.92,36.721,77,172
212.27,33.532,77,172
212.25,33.126,77,172
211.88,30.968,77,172
211.69,28.894,77,172
205.5,28.447,77,172
204.99,30.332,77,172
204.23,36.306,77,172
202.65,42.857,77,172
209.13,39.29,77,172
209.26,37.297,77,172
212.97,33.329,77,172
214.03,35.393,77,172
219.36,30.652,77,172
223.25,27.897,77,172
225.56,26.047,77,172
226.87,23.191,77,172
230.61,21.141,77,172
233.15,21.258,77,172
235.14,23.407,77,172
237.22,21.891,77,172
239.79,22.226,77,172
240.67,23.239,77,172
239.89,22.562,77,172
240.04,25.468,77,172
239.39,29.673,77,172
237.24,36.17,77,172
237.14,36.4,77,172
237.51,41.625,77,172
239.93,43.966,77,172
239.62,48.036,77,172
240.54,45.91,77,172
240.83,48.075,77,172
243.35,45.194,77,172
244.35,48.181,77,172
245.35,49.183,77,172
245.22,49.642,77,172
248.94,55.427,77,172
250.13,57.93,77,172
251.41,59.215,77,172
251.98,60.368,77,172
253.82,60.978,77,172
253.03,61.297,77,172
252.42,60.816,77,172
252.24,60.665,77,172
251.04,58.437,77,172
250.38,56.276,77,172
248.72,54.552,77,172
248.02,51.574,77,172
243.45,42.025,77,172
240.97,40.257,77,172
236.74,37.164,77,172
234,38.038,77,172
226.61,35.671,77,172
224.46,36.155,77,172
222.06,36.445,77,172
220.03,36.335,77,172
218.31,37.656,77,172
218.15,38.58,77,172
218.07,38.971,77,172
218.68,40.37,77,172
220.74,44.529,77,172
221.81,45.262,77,172
222.75,45.484,77,172
223.56,45.538,77,172
223.39,44.825,77,172
223.06,42.893,77,172
222.32,40.763,77,172
221.68,38.543,77,172
218.99,32.595,77,172
218.6,33.639,77,172
217.28,33.079,77,172
215.24,29.732,77,172
212.64,25.182,77,172
212.13,22.523,77,172
212.75,18.025,77,172
212.7,20.012,77,172
213.99,25.921,77,172
216.42,30.075,77,172
217.87,34.941,77,172
220.24,37.077,77,172
222.99,41.098,77,172
224.87,45.201,77,172
225.85,45.34,77,172
227.75,43.958,77,172
228.36,46.028,77,172
229.06,46.066,77,172
230.39,45.893,77,172
231.12,44.237,77,172
231.18,44.744,77,172
229.87,41.813,77,172
228.46,41.337,77,172
226.82,42.123,77,172
225.96,39.668,77,172
224.06,40.529,77,172
222.93,39.907,77,172
222.52,36.519,77,172
220.63,33.372,77,172
219.73,31.043,77,172
218.63,30.946,77,172
217.39,31.149,77,172
216.75,31.357,77,172
217.43,33.175,77,172
216.9,30.939,77,172
217.01,31.768,77,172
218.14,30.843,77,172
218.27,32.313,77,172
218.05,34.413,77,172
218.1,35.537,77,172
219.02,38.59,77,172
219.09,40.225,77,172
218.42,43.674,77,172
217.2,45.864,77,172
214.39,50.382,77,172
213.73,50.096,77,172
212.77,49.59,77,172
211.9,49.201,77,172
211.01,48.188,77,172
209.05,49.174,77,172
209.1,47.863,77,172
207.59,47.589,77,172
205.89,49.776,77,172
204.16,50.043,77,172
203.18,50.822,77,172
203.45,47.351,77,172
201.02,47.122,77,172
200.11,47.812,77,172
198.06,48.791,77,172
195.33,49.718,77,172
194.9,48.73,77,172
196.71,48.458,77,172
197.69,47.529,77,172
197.18,45.748,77,172
191.55,43.264,77,172
190.99,41.927,77,172
188.18,40.444,77,172
186.14,36.899,77,172
179.54,31.917,77,172
175.76,31.634,77,172
173.13,34.119,77,172
171.29,36.33,77,172
171.21,35.503,77,172
173.89,45.164,77,172
176.12,47.885,77,172
178.91,51.488,77,172
179.13,53.706,77,172
180.64,62.736,77,172
184.08,61.653,77,172
185.67,60.801,77,172
187.07,60.897,77,172
189.08,62.018,77,172
193.92,62.117,77,172
196.79,65.154,77,172
202.08,66.17,77,172
211.5,63.146,77,172
215.75,62.312,77,172
217.06,64.553,77,172
218.61,60.934,77,172
220.88,53.698,77,172
219.48,51.698,77,172
220.62,54.028,77,172
220.22,51.524,77,172
222.12,46.107,77,172
220.27,47.982,77,172
224.66,36.496,77,172
224.92,31.019,77,172
227.17,34.812,77,172
228.11,35.043,77,172
229.23,36.564,77,172
229.19,35.9,77,172
232.83,36.022,77,172
234.05,36.729,77,172
234.24,38.232,77,172
232.29,36.2,77,172
231.77,34.252,77,172
231.5,35.233,77,172
232.07,33.813,77,172
232.17,33.893,77,172
229.7,39.02,77,172
230.04,39.471,77,172
232.1,37.499,77,172
237.29,34.454,77,172
241.88,34.662,77,172
242.7,36.814,77,172
244.59,39.17,77,172
242.95,42.276,77,172
246.08,44.887,77,172
247.39,47.003,77,172
248.88,48.517,77,172
247.99,49.767,77,172
249.75,51.339,77,172
249.62,52.671,77,172
249.61,51.873,77,172
248.62,51.523,77,172
249.07,50.941,77,172
247.12,50.868,77,172
245.01,52.991,77,172
244.55,53.967,77,172
241.34,57.196,77,172
240.1,61.245,77,172
240.34,60.083,77,172
237.54,60.702,77,172
233.37,63.833,77,172
229.23,65.281,77,172
226.71,64.68,77,172
232.78,62.277,77,172
228.37,63.774,77,172
236.84,59.927,77,172
234.5,59.994,77,172
228.86,58.299,77,172
224.53,54.681,77,172
226.47,54.076,77,172
224.83,49.545,77,172
226.04,48.802,77,172
226.18,35.742,77,172
228.86,33.417,77,172
227.51,32.629,77,172
222.68,31.822,77,172
222.86,39.585,77,172
225.22,41.852,77,172
225.76,41.921,77,172
223.75,45.197,77,172
222.54,47.987,77,172
221.95,49.33,77,172
221.26,46.141,77,172
221.88,41.69,77,172
225.53,42.401,77,172
231.77,40.958,77,172
231.67,39.221,77,172
232.12,37.784,77,172
232.26,36.673,77,172
233.01,33.368,77,172
234.65,22.21,77,172
235.62,22.459,77,172
243.11,28.664,77,172
245.9,25.342,77,172
246.98,23.451,77,172
249.11,18.54,77,172
255.07,15.446,77,172
254.34,9.0074,77,172
254.74,9.8241,77,172
254.91,9.1632,77,172
256.89,8.4873,77,172
257.43,11.329,77,172
257.91,15.572,77,172
258.11,12.015,77,172
258.73,13.029,77,172
256.86,12.13,77,172
256.83,12.84,77,172
255.74,13.727,77,172
257.61,13.544,77,172
261.46,19.761,77,172
271.64,17.331,77,172
275.02,20.292,77,172
279.15,22.281,77,172
279.08,22.9,77,172
278.69,22.409,77,172
279.42,23.18,77,172
280.18,20.374,77,172
281.27,19.792,77,172
276.49,15.159,77,172
277.45,16.662,77,172
275.12,15.89,77,172
275.89,15.595,77,172
275.65,14.322,77,172
275.32,13.555,77,172
272.15,12.47,77,172
271.79,12.761,77,172
271.96,10.915,77,172
272.11,10.684,77,172
267.5,9.8377,77,172
266.25,8.7327,77,172
267.12,9.089,77,172
267.94,6.4645,77,172
267.85,1.0032,77,172
269.03,0.30838,77,172
269.27,1.889,77,172
269.83,4.0113,77,172
267.84,7.2806,77,172
263.11,11.79,77,172
259.6,11.217,77,172
258.84,13.261,77,172
254.68,15.011,77,172
253.46,16.603,77,172
248.4,20.243,77,172
245.88,23.077,77,172
246.73,24.725,77,172
245.13,29.073,77,172
241.06,32.098,77,172
240.64,33.245,77,172
239.19,30.61,77,172
232.94,36.702,77,172
231.43,38.062,77,172
233.41,37.821,77,172
233.68,38.628,77,172
233.92,39.096,77,172
233.34,40.496,77,172
236.24,39.572,77,172
241.09,39.865,77,172
240.32,39.807,77,172
243.99,38.37,77,172
245.8,36.745,77,172
245.42,32.938,77,172
245.5,34.413,77,172
247.22,32.803,77,172
248.43,30.942,77,172
247.94,28.69,77,172
244.97,26.816,77,172
241.47,25.423,77,172
237.14,21.878,77,172
228.45,16.039,77,172
224.51,15.024,77,172
219.03,15.347,77,172
215.16,15.44,77,172
209.28,15.331,77,172
204.85,13.754,77,172
202.84,13.752,77,172
198.92,14.124,77,172
194.9,17.955,77,172
191.91,18.769,77,172
191.35,20.436,77,172
187.7,19.022,77,172
186.42,20.657,77,172
183.32,20.451,77,172
183.09,20.119,77,172
177.65,20.46,77,172
176.35,21.918,77,172
171.83,23.073,77,172
171.54,23.607,77,172
172.47,22.7,77,172
174.8,23.13,77,172
177.32,26.713,77,172
180.1,29.249,77,172
184.45,35.427,77,172
191.37,32.188,77,172
196.22,34.492,77,172
202.42,35.743,77,172
208.6,35.946,77,172
221.28,39.405,77,172
227.64,46.888,77,172
234.43,48.807,77,172
240.45,49.859,77,172
253.27,53.293,77,172
257.68,52.588,77,172
261.03,54.674,77,172
262.32,55.548,77,172
262.98,56.648,77,172
258.98,62.5,77,172
256.92,59.36,77,172
254.78,58.988,77,172
250.99,57.093,77,172
242.92,63.129,77,172
241.93,65.504,77,172
239.33,67.414,77,172
237.25,70.327,77,172
229.07,72.379,77,172
225.29,74.097,77,172
220.74,76.568,77,172
216.63,75.459,77,172
209.95,69.334,77,172
208.66,60.531,77,172
208.01,48.101,77,172
207.71,42.718,77,172
204.55,34.383,77,172
203.53,32.111,77,172
202.35,30.751,77,172
199.64,32.116,77,172
192.9,30.318,77,172
192.16,22.424,77,172
190.22,21.866,77,172
189.6,17.421,77,172
191.91,15.874,77,172
191.14,18.512,77,172
193.18,24.094,77,172
196.32,31.132,77,172
198.03,36.424,77,172
199.17,41.051,77,172
199.33,45.913,77,172
199.89,47.82,77,172
199.28,45.276,77,172
200.11,45.348,77,172
201.03,47.303,77,172
200.72,49.625,77,172
202.45,51.947,77,172
204.05,52.99,77,172
205.49,57.445,77,172
207.16,59.08,77,172
201.8,60.171,77,172
196.63,57.92,77,172
190.47,59.031,77,172
187.41,52.585,77,172
178.12,47.237,77,172
172.24,45.994,77,172
172.14,45.76,77,172
184.47,43.11,77,172
185.05,46.771,77,172
186.66,47.923,77,172
189.66,46.495,77,172
192.72,46.335,77,172
200.18,42.072,77,172
204.59,36.542,77,172
208.86,34.308,77,172
213.19,28.977,77,172
218.09,20.512,77,172
218.38,15.142,77,172
219.05,10.876,77,172
218.58,9.5495,77,172
213.67,8.073,77,172
215.11,7.7292,77,172
216.23,7.5826,77,172
216.13,6.9539,77,172
214,10.676,77,172
214.1,13.358,77,172
214.52,13.038,77,172
210.15,18.061,77,172
206.36,22.047,77,172
205.71,24.772,77,172
207.2,29.614,77,172
208.25,30.808,77,172
211.05,30.002,77,172
214.41,27.178,77,172
210.51,11.805,77,172
212.96,11.345,77,172
211.28,6.7597,77,172
208.86,4.0269,77,172
207.37,-1.6033,77,172
205.76,-1.2195,77,172
203.78,0.50605,77,172
202.02,1.7657,77,172
207.81,7.8977,77,172
208.56,8.3522,77,172
211.14,17.46,77,172
212.58,20.328,77,172
212.04,23.654,77,172
213.05,34.985,77,172
213.87,44.643,77,172
213.52,39.123,77,172
212.76,32.839,77,172
211.95,23.645,77,172
210.75,20.533,77,172
209.43,21.771,77,172
208.78,21.974,77,172
208.1,22.464,77,172
209.02,15.525,77,172
208.66,14.786,77,172
209.55,12.707,77,172
208.82,12.159,77,172
209.75,15.015,77,172
210.34,15.358,77,172
211.85,18.106,77,172
213.55,21.733,77,172
215.34,23.367,77,172
215.68,23.14,77,172
215.53,23.239,77,172
216.15,24.35,77,172
215.76,23.881,77,172
215.02,22.828,77,172
214.23,21.426,77,172
214.09,22.995,77,172
211.25,23.156,77,172
211.36,24.853,77,172
209.97,23.869,77,172
209.81,25.998,77,172
208.29,28.583,77,172
206.9,28.123,77,172
205.63,30.129,77,172
204.26,30.142,77,172
