NaN,NaN,NaN,-1
80,90,40,52
84,92,40,54
88,94,40,52
91,93,38,53
95,94,38,54
99,94,38,53
100,97,40,54
103,96,40,54
107,99,40,53
108,99,40,54
NaN,NaN,NaN,-2
NaN,NaN,NaN,0
NaN,NaN,NaN,0
NaN,NaN,NaN,0
NaN,NaN,NaN,0
NaN,NaN,NaN,-1
181,99,33,50
184,99,34,50
186,99,34,48
190,97,32,49
193,98,32,50
197,99,32,49
200,97,32,49
201,97,34,49
201,97,34,47
199,96,34,50
199,95,31,47
190,93,32,47
187,91,33,50
181,88,31,50
179,89,31,48
182,82,32,47
NaN,NaN,NaN,-2
NaN,NaN,NaN,0
NaN,NaN,NaN,0
NaN,NaN,NaN,0
NaN,NaN,NaN,0
NaN,NaN,NaN,-1
108,95,36,53
106,96,38,51
110,96,34,53
115,97,35,53
120,100,35,55
123,96,36,53
126,96,36,53
111,82,38,53
117,83,38,53
NaN,NaN,NaN,-2
NaN,NaN,NaN,0
NaN,NaN,NaN,0
NaN,NaN,NaN,0
NaN,NaN,NaN,0
NaN,NaN,NaN,-1
207,102,33,54
207,103,33,55
203,103,35,52
199,99,33,56
192,94,33,56
180,89,35,54
169,79,35,54
163,67,36,54
157,63,34,56
NaN,NaN,NaN,-2
NaN,NaN,NaN,0
NaN,NaN,NaN,0
NaN,NaN,NaN,0
NaN,NaN,NaN,0
NaN,NaN,NaN,-1
84,106,34,50
84,106,32,51
83,107,33,52
81,106,33,52
82,106,32,54
83,109,33,53
85,110,32,52
88,109,34,52
91,110,36,53
96,107,34,52
99,112,36,53
104,114,36,54
108,113,36,54
NaN,NaN,NaN,-2
NaN,NaN,NaN,0
NaN,NaN,NaN,0
NaN,NaN,NaN,0
NaN,NaN,NaN,0
NaN,NaN,NaN,-1
204,109,38,55
203,108,37,55
201,109,38,54
199,106,34,55
196,106,35,55
192,108,35,54
189,109,36,56
183,108,35,55
179,109,35,58
169,101,34,56
157,90,35,58
145,82,36,58
141,79,37,57
NaN,NaN,NaN,-2
NaN,NaN,NaN,0
NaN,NaN,NaN,0
NaN,NaN,NaN,0
NaN,NaN,NaN,0
NaN,NaN,NaN,-1
42,110,36,56
40,109,35,57
34,108,35,58
24,102,37,57
17,98,35,56
5,92,37,57
4,93,37,55
2,95,36,55
1,99,36,58
3,105,39,56
2,116,37,57
12,119,37,56
15,121,38,56
18,123,39,56
21,128,38,56
25,127,39,58
30,133,37,55
31,136,39,57
34,139,38,57
38,140,39,58
41,140,38,56
44,142,38,56
46,143,38,55
NaN,NaN,NaN,-2
NaN,NaN,NaN,0
NaN,NaN,NaN,0
NaN,NaN,NaN,0
NaN,NaN,NaN,0
NaN,NaN,NaN,-1
97,97,35,54
94,96,36,57
89,94,34,57
86,96,35,56
81,93,34,55
78,97,35,53
77,96,34,54
73,94,36,56
77,94,35,56
79,91,35,56
80,91,36,57
83,92,38,57
84,95,38,56
88,96,38,55
92,96,37,54
99,96,38,57
107,102,36,54
111,111,38,56
113,107,38,54
117,112,38,57
118,113,34,56
122,113,38,57
112,104,36,55
118,112,38,55
114,109,35,56
108,101,38,55
107,103,38,56
111,98,38,57
114,96,36,55
115,98,36,55
108,93,36,54
107,97,36,56
NaN,NaN,NaN,-2
NaN,NaN,NaN,0
NaN,NaN,NaN,0
NaN,NaN,NaN,0
