NaN,NaN,NaN,-1
167.03,79.02,50.588,51.576
165.81,78.804,50.617,51.596
165.67,78.156,50.412,51.369
165.27,78.237,50.564,51.55
164.35,77.031,52.184,53.16
164.08,77.325,52.156,53.1
163.76,76.59,52.402,53.323
163.1,75.975,53.091,53.97
162.34,75.344,53.48,54.359
159.37,73.352,55.237,56.106
153.22,72.776,58.111,58.973
150.11,70.352,58.472,59.352
148.81,72.437,49.998,51.008
143.86,69.418,53.617,54.583
142.09,69.294,51.11,52.089
139.42,68.061,50.236,51.193
133.3,63.523,57.275,58.149
135.08,69.325,48.736,49.718
140.36,67.998,54.519,55.349
137.75,66.16,56.665,57.517
136.23,64.504,58.065,58.945
112.67,55.408,63.696,64.389
107.01,54.907,65.889,66.659
105.3,58.479,57.787,58.743
100.16,54.037,60.51,61.319
98.403,56.976,55.493,56.408
94.714,56.821,55.625,56.527
90.026,58.224,55.112,55.958
86.837,59.153,55.782,56.585
83.484,60.418,55.86,56.582
82.323,63.398,51.577,52.313
81.935,65.804,48.805,49.57
80.965,68.499,46.639,47.38
80.518,70.11,44.789,45.511
80.978,71.617,43.09,43.795
80.682,72.354,43.47,44.162
81.135,73.394,43.312,43.995
82.341,74.354,42.996,43.66
83.055,75.76,42.197,42.856
84.597,78.434,41.037,41.713
85.063,80.852,40.183,40.845
86.4,84.006,39.968,40.629
86.414,87.412,40.22,40.883
86.555,90.788,41.123,41.794
87.311,93.055,42.934,43.6
88.827,93.738,45.722,46.358
91.255,96.384,47.167,47.792
95.198,103.52,33.387,34.014
98.592,105.69,35.428,36.145
99.908,103.72,43.902,44.515
102.82,111.07,49.082,49.505
102.56,110.02,44.893,45.252
105.58,107.88,52.892,53.142
108.83,105.09,56.658,56.624
121.29,103.71,51.999,52.727
127.45,100.98,57.123,57.943
128.99,99.189,60.379,61.047
132.86,99.792,57.99,58.708
136.79,101.81,53.712,54.486
144.54,103.72,51.993,52.854
149.03,103.41,52.988,53.888
153.75,103.79,51.175,52.094
160.16,103.68,51.018,51.981
165.59,103.4,50.275,51.265
168.6,102.68,52.932,53.901
172.77,102.67,53.318,54.267
175.63,104.39,51.339,52.33
177.45,101.4,61.16,61.938
184.06,104.28,57.88,58.76
192.35,110.8,55.056,56.005
195.53,112.3,54.286,55.255
196.55,113.27,53.377,54.368
197.07,112.98,54.995,55.934
199.24,115.47,53.88,54.851
203.96,126.11,45.434,46.061
205.03,127.15,44.737,45.371
206.84,128.26,48.788,49.605
206.23,125.8,59.618,60.512
205.7,127.29,59.552,60.447
205.25,128.03,60.42,61.309
204.96,128.97,59.84,60.745
203.8,130.31,59.015,59.981
203.42,130.8,57.699,58.68
202.52,130.43,57.963,58.906
202.08,130.94,57.534,58.486
202.04,131.39,55.76,56.705
203.62,131.96,53.138,54.114
202.83,132.55,51.623,52.616
202.66,132.72,50.769,51.77
203.01,132.87,49.725,50.73
202.34,132.5,49.997,51.006
202.59,132.19,50.289,51.309
200.6,131.19,52.936,53.933
200.52,130.69,53.016,54.015
200.35,130.54,53.034,54.031
201.29,130.54,53.03,54.029
200.72,131.27,52.628,53.638
200.51,130.51,53.387,54.387
200.35,130.57,53.383,54.387
200.38,130.92,53.445,54.479
199.8,130.73,53.675,54.708
200.44,130.9,53.663,54.704
200.48,130.29,54.165,55.205
199.35,129.75,54.936,55.991
199.67,130.46,54.582,55.635
200.26,130.3,54.311,55.367
200.47,130.63,54.289,55.361
199.28,130.15,55.284,56.368
199.3,129.74,56.007,57.108
198.21,129.29,56.927,58.043
197.46,129.38,57.336,58.461
196.7,129.12,57.97,59.107
195.87,128.66,58.759,59.892
196.14,128.81,59.105,60.247
196.23,128.42,58.744,59.881
196.16,128.54,58.774,59.909
196.09,128.51,58.944,60.071
195.72,128.31,59.42,60.549
195.88,128.01,59.682,60.825
195.81,127.97,59.702,60.852
196.05,127.93,59.582,60.721
196.38,128.25,59.094,60.226
197.24,128.6,58.307,59.433
198.01,128.96,57.706,58.827
198.43,129.4,57.344,58.457
199.13,129.85,56.777,57.889
198.93,129.91,56.526,57.638
198.69,129.06,57.215,58.307
198.49,129.22,56.927,58.025
198.47,129.18,57.588,58.692
198.68,128.98,57.814,58.922
197.63,127.92,58.601,59.668
NaN,NaN,NaN,-2
NaN,NaN,NaN,0
NaN,NaN,NaN,0
NaN,NaN,NaN,0
NaN,NaN,NaN,0
NaN,NaN,NaN,-1
187.61,52.8,40.028,50.649
189.29,48.188,41.067,51.155
190.34,43.922,40.37,51.441
192.21,40.767,39.228,50.415
194.58,37.759,38.254,49.213
197.5,35.125,37.077,47.62
196.38,32.005,43.227,52.468
196.06,31.587,42.836,52.109
195.17,31.013,42.946,52.463
193.47,30.565,42.686,52.317
191.68,31.093,42.541,52.423
188.8,31.779,42.036,52.807
180.9,30.56,43.362,55.697
178.01,35.088,41.187,52.79
175.16,40.618,37.749,46.424
175.1,44.775,35.933,45.114
170.86,46.655,36.411,45.23
167.68,53.23,38.584,47.605
164.02,53.767,40.596,48.324
168.97,54.145,38.256,47.552
164.96,53.872,42.556,51.819
170.68,65.364,38.952,49.785
169.18,66.589,41.766,52.344
167.52,68.346,45.619,55.983
166.78,70.288,48.321,58.55
165.18,73.491,51.145,60.891
161.75,74.476,57.765,65.639
162.97,77.71,58.508,66.501
164.92,77.473,60.009,67.488
165.66,77.593,63.616,69.95
182.68,82.985,43.535,54.953
182.88,82.872,42.977,53.767
182.5,82.945,44.229,54.64
182.4,82.836,44.673,54.795
183.37,84.133,41.07,51.882
182.34,84.897,39.472,50.412
178.71,84.701,38.205,48.878
174.77,84.306,36.647,46.439
175.43,86.047,36.355,45.471
172.84,91.733,40.022,47.867
166.93,83.746,46.138,52.697
164.96,82.954,47.401,54.166
164.44,83.266,48.566,55.61
NaN,NaN,NaN,-2
NaN,NaN,NaN,0
NaN,NaN,NaN,0
NaN,NaN,NaN,0
NaN,NaN,NaN,0
NaN,NaN,NaN,-1
67.909,66.961,45.671,51.565
61.644,65.786,46.718,52.483
54.632,64.551,48.01,53.406
48.544,66.221,48.242,53.505
42.347,66.736,49.915,54.767
36.66,67.936,51.481,56.299
32.427,71.689,51.006,55.811
30.428,75.344,50.976,55.69
30.357,79.487,50.01,54.859
32.974,83.518,48.874,53.653
35.29,85.287,48.421,52.95
37.677,87.232,49.08,53.379
43.581,92.893,45.355,50.046
48.204,98.282,43.632,48.181
51.017,101.42,42.725,47.444
54.925,107.14,42.103,47.143
55.784,111.77,43.79,48.556
57.471,117.17,45.869,50.556
59.212,122.05,48.436,52.911
65.255,130.97,40.518,45.342
67.696,135.33,40.561,45.429
68.91,135.8,47.131,51.934
72.083,137.84,47.116,51.955
78.103,142.71,41.97,46.736
82.708,145.1,37.162,42.09
91.046,143.71,40.124,44.326
94.3,144.8,39.616,43.642
98.665,146.41,40.257,44.184
96.68,146.68,52.465,55.636
99.557,147.36,52.752,55.817
102.54,150.07,55.297,58.021
104.64,153.47,56.645,59.232
109.73,158.18,58.142,60.385
113.3,161.85,60.092,61.889
117.57,164.93,62.243,63.637
122.6,168.16,63.262,64.281
126.86,171.32,63.981,64.574
131.48,172.56,63.787,63.997
136.8,172.78,63.503,63.653
141.71,172,63.435,62.968
145.94,170.73,63.856,62.88
150.98,169.6,63.613,62.366
156.75,168.04,62.813,61.712
159.95,165.3,63.251,62.263
162.8,161.83,63.395,62.155
164.78,159.28,62.639,61.176
166.17,155.64,63.243,62.269
167.73,152.84,62.568,61.753
168.51,149.98,62.496,61.702
170.21,147.58,62.501,61.506
171.69,145.07,62.286,61.076
174.05,142.91,62.287,60.974
175.55,140.99,62.319,60.953
176.5,139.7,61.507,59.744
176.66,137.93,61.67,59.958
176.96,137.34,60.984,59.29
176.61,136.19,61.097,59.312
176.74,133.01,62.852,61.604
176.21,130.15,63.962,63.243
176.42,127.47,62.993,62.004
175.37,124.13,62.554,60.788
174.56,121.22,61.047,58.825
173.63,118.68,59.378,56.47
173.85,116.46,55.687,52.129
176.17,115.9,52.04,48.147
178.91,118.27,43.766,39.633
180.97,119.73,37.054,32.783
179.37,118.5,35.41,31.59
177.99,118.51,33.532,30.079
177.06,118.6,31.999,28.477
177.18,118.29,31.972,28.465
177.53,118.19,32.334,29.095
176.95,117.97,31.849,28.774
177.48,118.57,30.605,27.617
177.28,117.74,31.589,28.799
177.19,117.32,31.816,29.18
