NaN,NaN,NaN,-1
260,164,52,38
260,164,52,38
259,164,52,38
259,164,52,38
258,164,51,38
257,164,51,38
257,164,51,37
257,164,51,37
256,164,51,37
256,164,50,37
255,164,50,37
255,164,50,37
255,164,50,37
254,163,50,37
254,163,50,37
253,163,50,36
253,163,50,36
253,163,49,36
252,163,49,36
252,163,49,36
252,163,49,36
251,163,49,36
251,163,49,36
251,162,49,36
250,162,49,36
250,162,48,36
250,162,48,35
250,162,48,35
249,162,48,35
249,162,48,35
249,162,48,35
248,161,48,35
248,161,48,35
248,161,47,35
247,161,47,35
247,161,47,35
247,161,47,35
247,161,47,34
246,161,47,34
246,160,47,34
246,160,47,34
246,160,47,34
245,160,47,34
245,160,47,34
245,160,46,34
245,160,46,34
245,160,46,34
244,159,46,34
244,159,46,34
244,159,46,34
244,159,46,34
243,159,46,34
243,159,46,34
243,159,46,34
243,159,46,34
242,158,46,34
242,158,46,34
242,158,46,34
242,158,46,33
242,158,46,33
241,158,46,33
241,158,45,33
241,158,45,33
241,157,45,33
241,157,45,33
240,157,45,33
240,157,45,33
240,157,45,33
240,157,45,33
240,157,45,33
240,157,45,33
239,156,45,33
239,156,45,33
239,156,45,33
239,156,45,33
239,156,45,33
239,156,45,33
238,156,45,33
238,156,45,33
238,155,45,33
238,155,44,33
238,155,44,32
238,155,44,32
237,155,44,32
237,155,44,32
237,155,44,32
237,155,44,32
237,155,44,32
237,154,44,32
237,154,44,32
237,154,44,32
237,154,43,32
236,154,43,32
236,154,43,32
236,154,43,32
236,154,43,32
236,154,43,32
236,154,43,32
236,154,43,31
236,153,43,31
236,153,43,31
236,153,43,31
236,153,43,31
236,153,43,31
236,153,43,31
236,153,42,31
236,153,42,31
236,153,42,31
236,153,42,31
236,153,42,31
236,153,42,31
236,153,42,31
236,153,42,31
236,153,42,31
236,153,42,31
236,153,42,31
236,153,42,31
236,152,42,31
236,152,42,31
236,152,42,31
236,152,42,31
236,152,42,31
236,152,42,31
236,152,42,31
236,152,42,31
236,152,42,31
236,152,42,31
236,152,42,31
236,152,42,31
236,152,42,31
236,152,42,31
236,152,42,31
236,152,42,31
236,152,42,31
236,152,42,31
236,152,42,31
236,152,42,31
236,152,42,31
236,152,42,31
236,152,42,31
236,152,42,31
236,152,42,31
236,152,42,31
236,152,42,31
236,152,42,31
236,152,42,31
236,152,42,31
236,152,42,31
236,152,42,31
236,152,42,31
236,152,42,31
236,152,42,31
236,152,42,31
236,152,42,31
236,152,42,31
236,152,42,31
236,152,42,31
236,152,42,31
236,152,42,31
236,152,42,31
235,152,42,31
235,152,42,31
235,152,42,31
235,152,42,31
235,152,42,31
235,152,42,31
235,152,42,31
235,152,42,31
235,152,43,31
235,152,43,31
235,152,43,31
235,152,43,31
235,152,43,31
234,152,43,32
234,152,43,32
234,152,43,32
234,152,43,32
234,152,44,32
233,152,44,32
233,152,44,32
233,152,44,32
233,152,44,32
232,152,44,33
232,152,45,33
232,152,45,33
231,152,45,33
231,152,46,33
230,152,46,34
230,152,46,34
230,152,47,34
229,152,47,34
229,152,47,35
228,152,48,35
228,152,48,35
227,152,48,36
226,152,49,36
226,151,49,36
225,151,50,37
224,151,51,37
224,151,51,37
223,151,52,38
222,151,52,38
221,151,53,39
220,151,54,39
219,151,54,39
218,150,54,40
218,151,55,40
217,150,55,40
216,150,55,41
215,150,56,41
214,150,57,42
213,150,58,42
212,150,58,43
211,150,59,43
210,149,60,44
209,150,60,44
208,149,61,44
207,149,61,45
206,149,61,45
205,149,62,45
204,149,62,46
204,149,62,46
203,149,63,46
202,149,63,47
201,149,64,47
200,149,64,47
200,149,64,47
199,149,64,47
199,149,64,47
199,149,64,47
198,149,64,47
197,149,64,47
197,149,63,46
196,149,63,46
196,150,62,46
195,150,62,46
195,150,62,45
195,150,62,45
195,150,61,44
194,150,60,44
194,151,59,43
193,151,59,43
193,151,58,42
193,151,58,42
192,151,57,42
192,151,57,42
192,151,57,42
192,152,56,41
190,151,57,42
190,152,57,42
190,152,56,41
190,152,56,41
190,152,55,41
189,152,55,40
188,152,55,41
188,152,56,41
188,152,55,40
187,152,54,39
187,153,53,39
187,153,53,39
186,153,53,39
186,152,54,39
185,153,53,39
185,153,53,39
185,153,53,39
185,153,53,39
185,152,53,39
184,152,53,39
183,152,54,40
182,152,55,40
182,152,54,40
182,152,54,40
182,152,54,39
181,152,54,40
180,152,55,40
179,151,56,41
179,151,56,41
179,151,56,41
179,151,56,41
179,151,56,41
NaN,NaN,NaN,-2
NaN,NaN,NaN,0
NaN,NaN,NaN,0
NaN,NaN,NaN,0
NaN,NaN,NaN,0
NaN,NaN,NaN,-1
121,151,48,22
120,151,48,22
119,151,47,22
118,151,47,22
117,151,46,21
116,151,46,21
114,150,45,21
113,150,45,21
112,150,45,21
112,150,43,20
110,150,43,20
109,150,42,20
108,150,42,20
107,150,41,19
106,149,41,19
105,149,40,19
104,149,40,18
103,149,40,18
101,149,39,18
100,148,39,18
99,148,39,18
97,148,39,18
96,148,39,18
94,147,38,18
93,147,38,18
92,147,38,17
91,147,37,17
89,146,37,17
88,146,36,17
87,146,36,17
85,146,36,17
84,146,36,16
83,145,35,16
81,145,35,16
80,145,35,16
79,144,35,16
77,144,35,16
76,144,35,16
75,144,34,16
73,144,34,16
72,143,34,15
71,143,33,15
69,143,33,15
68,143,33,15
67,142,32,15
65,142,32,15
64,142,32,15
63,142,32,15
62,142,31,14
60,141,31,14
59,141,31,14
58,141,31,14
57,141,30,14
55,141,30,14
54,140,30,14
53,140,30,14
52,140,30,14
50,140,30,14
49,140,30,14
48,139,30,14
47,139,30,14
46,139,29,14
44,139,29,14
43,138,29,14
42,138,30,14
41,138,30,14
39,138,30,14
38,138,30,14
37,137,30,14
36,137,30,14
34,137,30,14
33,137,30,14
32,137,29,14
31,136,29,13
30,136,29,13
28,136,29,13
27,136,29,14
26,135,29,14
25,135,29,14
24,135,29,13
22,135,29,13
21,135,29,13
20,134,29,13
19,134,29,13
17,134,29,13
16,134,29,13
15,134,29,13
