NaN,NaN,NaN,-1
225,94,43,45
225,96,43,45
225,96,43,45
225,96,43,45
223,97,43,45
221,97,43,45
220,97,43,45
219,97,43,45
218,97,43,45
217,97,43,45
215,97,43,45
214,96,43,45
212,97,43,45
209,96,43,45
205,97,43,45
203,97,43,45
201,94,43,45
197,94,43,45
194,93,43,45
193,94,43,45
194,93,43,45
194,90,43,45
199,82,43,45
200,64,43,45
NaN,NaN,NaN,-2
NaN,NaN,NaN,0
NaN,NaN,NaN,0
NaN,NaN,NaN,0
NaN,NaN,NaN,0
NaN,NaN,NaN,-1
86,99,58,64
70,100,58,64
62,103,58,64
55,111,58,64
48,112,58,64
41,113,58,64
33,116,58,64
33,117,58,64
33,117,58,64
33,119,58,64
33,123,58,64
34,128,58,64
21,126,58,64
22,126,58,64
24,125,58,64
22,125,58,64
NaN,NaN,NaN,-2
NaN,NaN,NaN,0
NaN,NaN,NaN,0
NaN,NaN,NaN,0
NaN,NaN,NaN,0
NaN,NaN,NaN,-1
132,99,54,59
149,107,54,59
162,134,54,59
165,133,54,59
167,132,54,59
168,132,54,59
NaN,NaN,NaN,-2
NaN,NaN,NaN,0
NaN,NaN,NaN,0
NaN,NaN,NaN,0
NaN,NaN,NaN,0
NaN,NaN,NaN,-1
210,49,40,66
207,44,40,66
210,58,40,66
211,74,40,66
211,86,40,66
212,92,40,66
212,98,40,66
213,99,40,66
213,100,40,66
212,101,40,66
212,102,40,66
213,106,40,66
214,109,40,66
214,114,40,66
215,119,40,66
217,122,40,66
219,125,40,66
222,127,40,66
224,128,40,66
226,129,40,66
227,131,40,66
229,133,40,66
233,134,40,66
237,136,40,66
239,138,40,66
240,141,40,66
239,143,40,66
237,144,40,66
234,144,40,66
231,143,40,66
229,140,40,66
226,137,40,66
223,133,40,66
219,131,40,66
215,128,40,66
210,126,40,66
205,126,40,66
197,128,40,66
189,132,40,66
180,131,40,66
169,128,40,66
161,128,40,66
153,129,40,66
142,127,40,66
128,123,40,66
123,118,40,66
121,117,40,66
119,108,40,66
119,104,40,66
126,113,40,66
132,115,40,66
136,111,40,66
141,109,40,66
143,108,40,66
144,107,40,66
144,106,40,66
145,105,40,66
146,105,40,66
147,105,40,66
148,105,40,66
149,104,40,66
150,104,40,66
152,103,40,66
154,103,40,66
157,103,40,66
161,102,40,66
164,102,40,66
166,102,40,66
168,102,40,66
169,102,40,66
171,102,40,66
173,102,40,66
174,102,40,66
175,103,40,66
176,103,40,66
177,103,40,66
178,103,40,66
179,103,40,66
180,103,40,66
181,103,40,66
182,105,40,66
183,109,40,66
183,116,40,66
184,121,40,66
182,126,40,66
178,132,40,66
174,136,40,66
168,143,40,66
161,149,40,66
145,153,40,66
136,156,40,66
133,159,40,66
126,160,40,66
115,158,40,66
111,161,40,66
106,164,40,66
103,167,40,66
100,171,40,66
96,172,40,66
91,172,40,66
87,172,40,66
82,172,40,66
80,172,40,66
79,171,40,66
78,170,40,66
76,170,40,66
74,171,40,66
73,171,40,66
71,171,40,66
71,170,40,66
72,167,40,66
76,162,40,66
80,157,40,66
81,149,40,66
80,142,40,66
82,140,40,66
82,138,40,66
83,136,40,66
85,132,40,66
87,130,40,66
89,128,40,66
92,126,40,66
95,123,40,66
98,121,40,66
100,119,40,66
103,117,40,66
106,116,40,66
110,115,40,66
111,115,40,66
113,116,40,66
114,117,40,66
115,118,40,66
115,119,40,66
117,120,40,66
120,122,40,66
123,124,40,66
125,125,40,66
127,126,40,66
129,127,40,66
130,128,40,66
131,129,40,66
133,129,40,66
134,129,40,66
136,129,40,66
140,129,40,66
141,129,40,66
144,130,40,66
154,131,40,66
158,131,40,66
160,132,40,66
161,133,40,66
161,134,40,66
161,134,40,66
160,135,40,66
159,135,40,66
159,135,40,66
NaN,NaN,NaN,-2
NaN,NaN,NaN,0
NaN,NaN,NaN,0
NaN,NaN,NaN,0
NaN,NaN,NaN,0
NaN,NaN,NaN,-1
221,99,45,58
223,105,45,58
223,106,45,58
220,109,45,58
219,110,45,58
218,110,45,58
217,111,45,58
218,112,45,58
219,113,45,58
219,115,45,58
219,117,45,58
218,117,45,58
218,121,45,58
219,134,45,58
221,137,45,58
223,139,45,58
225,140,45,58
