NaN,NaN,NaN,-1
224,92,43,45
223,94,43,45
223,94,43,45
223,94,43,45
222,93,43,45
220,94,43,45
219,94,43,45
218,94,43,45
217,94,43,45
215,96,43,45
213,97,43,45
212,97,43,45
210,95,43,45
207,96,43,45
204,96,43,45
201,95,43,45
199,96,43,45
195,96,43,45
191,96,43,45
190,95,43,45
191,92,43,45
180,96,43,45
173,96,43,45
167,98,43,45
161,98,43,45
152,101,43,45
142,104,43,45
132,107,43,45
121,110,43,45
109,114,43,45
95,116,43,45
84,118,43,45
72,119,43,45
64,121,43,45
57,122,43,45
49,124,43,45
42,125,43,45
43,127,43,45
46,132,43,45
46,136,43,45
51,143,43,45
53,150,43,45
45,151,43,45
53,153,43,45
63,151,43,45
80,151,43,45
96,146,43,45
109,134,43,45
118,121,43,45
130,115,43,45
134,111,43,45
139,108,43,45
143,105,43,45
149,99,43,45
157,92,43,45
164,87,43,45
170,83,43,45
174,77,43,45
177,75,43,45
179,71,43,45
180,66,43,45
185,59,43,45
192,57,43,45
199,54,43,45
205,55,43,45
212,54,43,45
216,59,43,45
222,60,43,45
226,63,43,45
228,64,43,45
230,65,43,45
230,67,43,45
228,67,43,45
225,67,43,45
224,70,43,45
225,73,43,45
225,75,43,45
226,77,43,45
228,80,43,45
229,85,43,45
231,91,43,45
233,95,43,45
235,99,43,45
237,100,43,45
239,105,43,45
240,113,43,45
244,119,43,45
248,127,43,45
249,134,43,45
249,138,43,45
247,143,43,45
244,143,43,45
242,141,43,45
238,140,43,45
235,138,43,45
232,136,43,45
228,131,43,45
224,127,43,45
219,117,43,45
215,115,43,45
209,114,43,45
200,118,43,45
189,117,43,45
178,119,43,45
173,136,43,45
166,135,43,45
155,134,43,45
142,132,43,45
133,130,43,45
127,126,43,45
122,119,43,45
119,111,43,45
122,113,43,45
131,122,43,45
135,120,43,45
139,118,43,45
142,116,43,45
NaN,NaN,NaN,-2
NaN,NaN,NaN,0
NaN,NaN,NaN,0
NaN,NaN,NaN,0
NaN,NaN,NaN,0
NaN,NaN,NaN,-1
141,59,33,52
143,60,33,52
145,60,33,52
148,60,33,52
151,60,33,52
155,60,33,52
160,60,33,52
163,60,33,52
165,60,33,52
167,61,33,52
169,60,33,52
171,58,33,52
173,56,33,52
174,56,33,52
175,56,33,52
175,54,33,52
175,55,33,52
176,54,33,52
178,55,33,52
180,58,33,52
180,60,33,52
179,62,33,52
178,67,33,52
178,74,33,52
178,79,33,52
177,87,33,52
171,94,33,52
162,102,33,52
149,108,33,52
135,115,33,52
121,120,33,52
114,125,33,52
110,129,33,52
105,131,33,52
101,137,33,52
102,146,33,52
97,149,33,52
93,152,33,52
88,155,33,52
83,157,33,52
78,157,33,52
72,158,33,52
66,159,33,52
63,159,33,52
60,158,33,52
57,157,33,52
54,157,33,52
49,156,33,52
46,156,33,52
44,156,33,52
41,154,33,52
40,149,33,52
40,140,33,52
51,132,33,52
56,122,33,52
53,113,33,52
56,111,33,52
59,108,33,52
60,102,33,52
63,96,33,52
66,92,33,52
69,88,33,52
71,83,33,52
75,80,33,52
79,77,33,52
83,75,33,52
87,73,33,52
91,71,33,52
96,70,33,52
99,71,33,52
101,73,33,52
103,75,33,52
102,78,33,52
102,81,33,52
104,84,33,52
107,87,33,52
109,90,33,52
112,92,33,52
115,96,33,52
117,99,33,52
121,104,33,52
125,109,33,52
130,111,33,52
135,113,33,52
141,115,33,52
146,118,33,52
151,120,33,52
157,121,33,52
164,120,33,52
171,118,33,52
178,115,33,52
183,114,33,52
187,111,33,52
191,110,33,52
195,108,33,52
200,105,33,52
205,104,33,52
210,99,33,52
214,98,33,52
218,97,33,52
221,98,33,52
223,97,33,52
225,96,33,52
228,97,33,52
230,100,33,52
230,105,33,52
228,109,33,52
227,111,33,52
227,112,33,52
227,115,33,52
228,116,33,52
228,118,33,52
228,120,33,52
229,123,33,52
228,125,33,52
226,129,33,52
226,134,33,52
228,139,33,52
232,141,33,52
234,145,33,52
