NaN,NaN,NaN,-1
323.59,188.83,54.933,48.925
322.73,187.98,59.225,48.925
321.02,186.26,60.942,50.642
316.73,184.54,58.367,53.217
315.01,185.4,60.942,49.783
314.15,183.68,60.083,51.5
311.58,181.97,67.808,53.217
309.86,179.39,70.383,54.933
308.14,176.82,71.242,55.792
305.57,175.96,71.242,54.933
303.85,176.82,73.817,54.933
302.13,175.1,74.675,55.792
300.42,175.1,78.108,53.217
299.56,173.38,82.4,53.217
296.98,173.38,67.808,51.5
297.81,171.67,64.406,52.358
296.13,169.95,65.233,53.217
292.69,167.38,68.667,54.933
293.55,165.66,65.233,58.367
290.98,164.8,65.233,57.508
290.98,162.23,61.8,60.083
286.68,160.51,67.808,57.508
283.25,156.22,71.242,60.942
283.25,151.93,70.383,63.517
275.53,150.21,72.958,64.375
275.53,152.78,72.958,60.083
277.24,151.07,72.958,59.225
270.38,147.63,79.825,60.942
286.68,145.92,62.658,59.225
282.39,141.63,66.95,63.517
286.68,139.91,59.225,63.517
284.11,140.77,58.367,63.517
283.25,136.48,60.083,66.95
281.53,134.76,55.792,64.375
282.39,132.18,54.075,67.808
282.39,129.61,54.075,68.667
283.25,127.89,53.217,69.525
283.25,126.18,53.217,69.525
283.25,123.6,53.217,70.383
283.25,124.46,54.075,68.667
283.25,121.03,56.65,72.1
285.83,115.02,50.642,71.242
285.83,112.44,52.358,59.225
285.83,109.87,54.075,60.083
284.97,105.58,55.792,63.517
286.68,105.58,54.075,66.95
286.68,116.73,54.075,53.217
286.68,111.58,53.217,59.225
290.12,109.87,50.642,63.517
290.98,109.01,49.783,64.375
290.12,108.15,50.642,66.95
291.83,108.15,48.067,64.375
291.83,108.15,48.925,65.233
292.69,105.58,50.642,68.667
294.41,106.43,52.358,65.233
295.27,105.58,47.208,64.375
293.55,105.58,50.642,64.375
295.27,104.72,48.925,66.95
296.13,103.86,48.067,54.075
296.98,103.86,48.067,54.933
298.7,102.14,48.067,57.508
299.56,101.28,48.067,54.933
300.42,102.14,47.208,54.933
302.13,100.43,44.633,54.933
302.99,100.43,43.775,53.217
302.99,97.85,44.633,52.293
303.85,97.85,44.633,51.5
301.28,98.708,47.208,48.925
298.7,99.567,50.642,48.067
299.56,97.85,48.925,50.642
301.28,97.85,48.925,50.642
302.13,96.992,48.925,52.358
302.13,96.992,49.783,50.642
303.85,93.558,47.208,52.358
307.28,92.7,45.492,52.358
308.14,93.558,45.492,49.783
307.28,92.7,48.067,49.783
309,91.842,47.208,49.783
309.86,90.983,47.208,49.783
309,90.125,48.067,51.5
312.43,89.267,44.633,51.5
315.03,88.408,42.891,51.5
315.01,87.55,43.775,52.358
317.58,86.692,42.058,52.358
318.44,85.833,42.058,51.5
321.02,84.975,40.342,52.358
321.88,84.975,40.342,52.358
321.02,84.975,40.342,52.358
324.45,84.975,37.767,49.783
325.31,84.117,36.908,50.642
325.31,85.833,37.767,47.208
325.31,85.833,38.625,47.208
326.17,82.4,36.05,50.642
326.17,81.975,35.192,50.209
326.17,81.542,33.475,50.642
326.17,82.4,35.192,51.5
325.31,82.4,35.192,49.783
321.88,82.4,40.342,48.925
324.45,81.542,36.908,50.642
325.31,81.542,36.05,50.642
324.44,81.542,36.056,51.5
323.59,81.542,36.908,52.358
323.59,82.4,36.05,51.5
324.45,83.258,35.192,50.642
322.73,82.4,36.488,51.5
321.88,82.4,37.767,51.5
321.02,81.542,40.127,52.358
321.88,81.542,39.483,51.5
321.88,83.258,37.767,49.783
322.73,84.117,36.908,50.642
322.73,84.117,36.908,49.783
323.59,83.258,35.28,51.5
323.59,83.258,35.192,51.5
324.45,83.258,35.192,52.358
323.59,82.4,35.192,53.217
322.73,81.542,37.767,54.933
322.73,82.4,38.625,54.075
321.88,81.542,41.2,54.933
321.02,82.4,41.2,54.933
322.73,83.258,40.342,54.933
321.88,81.542,40.342,58.367
319.3,83.258,44.633,56.65
319.3,82.4,48.067,59.225
321.02,84.117,48.067,56.65
318.44,84.117,54.075,57.508
317.58,84.975,59.225,57.508
315.01,84.975,45.492,59.225
315.87,86.692,43.775,58.367
314.15,87.55,44.633,57.508
315.87,88.408,42.917,56.65
313.29,88.408,45.492,57.508
314.15,89.267,43.775,58.367
310.72,90.983,46.35,58.367
309.86,91.842,48.067,57.508
309.86,92.7,46.35,57.508
309.86,96.133,46.35,53.217
308.14,96.992,48.067,52.358
309.86,96.992,44.633,54.075
312.43,93.558,42.058,58.367
307.28,93.558,48.067,60.942
306.43,93.558,45.492,60.083
305.57,96.133,47.208,57.508
307.28,96.133,44.633,58.367
306.43,94.417,45.492,60.942
309.86,93.558,42.058,58.367
306.43,93.558,44.633,59.225
304.71,93.558,45.492,59.225
305.57,94.417,42.058,58.367
309.86,94.417,38.625,59.225
309,92.7,37.767,61.8
309,93.558,36.05,60.942
308.14,95.275,36.05,61.8
306.43,95.275,37.767,61.8
306.43,96.133,37.767,61.8
306.43,97.85,36.908,59.225
306.43,97.85,36.05,60.942
304.71,98.708,37.767,60.083
303.85,99.567,39.483,60.942
306.43,100.43,35.192,60.942
305.57,100.43,35.192,59.225
305.57,103,35.192,57.508
305.57,103,34.755,60.083
305.57,107.29,32.617,54.933
304.71,108.15,33.475,52.358
303.85,107.29,35.192,54.933
302.99,110.73,38.625,54.075
302.99,111.58,38.625,52.358
299.56,110.73,40.342,55.792
298.7,113.3,41.2,54.075
298.7,115.88,41.2,52.358
297.84,115.88,41.2,52.358
299.56,117.59,38.625,50.642
299.56,118.45,38.625,51.5
296.98,119.31,40.342,51.5
296.13,121.03,41.2,50.642
297.84,116.73,39.483,56.65
296.13,119.31,40.342,54.933
296.13,120.17,40.342,55.792
294.41,120.17,42.058,56.65
294.41,122.74,41.2,54.075
295.27,123.6,39.483,53.217
293.55,125.32,41.2,52.358
293.55,125.32,41.2,52.358
293.55,123.6,40.342,55.792
290.98,124.46,42.058,57.508
290.12,125.32,41.2,60.942
285.83,126.18,45.492,55.792
282.39,128.75,46.35,54.933
282.39,128.75,46.35,55.792
279.82,130.47,47.208,52.358
279.82,131.33,46.35,53.217
283.25,133.04,41.2,53.217
281.53,134.76,44.633,52.793
279.82,136.48,45.492,54.933
275.53,139.05,50.642,52.358
274.67,140.77,49.783,53.217
277.24,143.34,46.35,50.642
276.38,145.06,48.067,52.358
273.81,146.78,49.783,53.217
273.81,148.49,49.783,53.217
272.95,150.21,48.925,54.075
281.53,152.78,39.483,53.217
279.82,154.5,41.2,53.217
281.53,155.36,39.483,54.075
281.53,157.93,38.625,54.075
280.68,160.51,39.483,50.658
280.68,162.23,35.192,49.783
281.53,164.8,36.05,49.783
281.53,165.66,36.908,51.5
280.68,169.09,35.192,49.783
279.82,170.81,35.192,49.783
278.1,172.53,35.192,48.925
278.1,173.38,35.192,48.067
278.1,175.1,36.05,47.208
277.24,175.1,36.05,47.208
274.67,177.68,37.767,45.492
274.67,180.68,37.767,42.49
272.95,181.97,38.625,41.2
273.81,182.83,37.767,40.342
272.95,183.68,40.342,42.917
272.09,182.83,39.483,41.2
272.09,182.83,42.917,42.058
272.09,182.83,45.492,42.058
271.23,183.68,45.492,41.659
270.38,182.83,47.202,42.917
269.52,182.83,46.35,42.058
267.8,182.83,48.067,43.775
