NaN,NaN,NaN,-1
325.31,188.83,53.217,48.925
322.73,187.98,59.225,48.067
321.02,187.12,60.942,49.783
318.44,182.83,58.367,53.217
315.87,178.53,60.083,57.508
315.01,175.96,65.233,59.225
311.58,173.38,71.242,60.942
310.7,173.38,70.4,60.942
307.28,170.81,78.967,60.942
307.28,170.81,79.825,60.083
304.71,169.09,66.092,62.658
302.99,168.23,70.383,62.658
301.28,165.66,75.533,62.658
299.56,164.8,67.808,61.8
296.98,162.23,68.667,65.233
297.84,163.94,65.233,62.658
296.13,162.23,66.092,60.942
294.42,158.79,69.513,64.375
294.41,162.23,65.233,59.225
293.55,162.23,66.092,58.367
292.69,163.08,70.383,55.792
285.83,161.37,61.8,56.65
284.11,159.65,62.658,57.508
283.25,157.93,60.083,57.508
293.55,156.22,50.642,55.792
292.69,153.64,51.5,58.367
290.98,151.93,53.217,57.508
289.26,151.07,52.358,58.367
289.26,146.78,50.642,60.942
287.54,144.2,51.5,61.8
286.68,143.34,51.5,60.942
286.68,140.77,50.642,61.8
283.25,135.62,56.65,65.233
281.53,133.04,59.225,65.233
281.53,131.33,58.367,64.375
282.39,130.47,57.508,63.517
284.97,128.75,55.792,62.658
285.83,127.03,50.642,61.8
286.68,125.32,49.783,62.658
286.68,120.17,49.783,69.525
287.54,120.17,50.642,69.525
285.83,115.88,52.358,73.817
285.83,115.02,50.642,74.675
285.83,113.3,52.358,77.25
287.54,111.58,51.5,79.825
286.68,109.87,54.933,80.129
287.54,109.01,56.65,61.8
287.54,108.15,52.358,60.942
288.4,109.01,50.642,57.508
288.4,108.15,51.5,59.225
290.12,104.72,49.783,60.083
290.98,104.72,49.783,60.942
291.83,104.35,50.642,58.734
291.83,103.86,50.642,60.083
294.41,102.14,48.067,60.083
294.41,102.14,50.642,59.225
296.98,98.708,47.208,60.083
298.7,96.133,44.633,62.658
302.13,96.992,41.2,66.092
300.42,96.992,44.633,64.375
301.28,96.992,47.208,62.658
302.13,95.275,52.358,68.667
302.99,96.133,49.783,61.8
302.99,94.417,54.075,60.942
302.99,93.558,57.508,60.083
301.28,94.417,63.517,60.083
301.28,95.275,62.658,60.942
301.28,95.275,50.642,61.8
302.99,95.275,54.933,63.517
303.85,94.417,59.225,50.642
304.71,91.842,63.517,54.075
305.57,91.842,47.208,54.075
309.86,91.92,43.775,50.563
310.72,90.125,42.495,55.792
310.72,90.125,45.492,54.933
315.01,91.842,41.2,50.642
315.01,90.983,40.342,49.783
315.01,89.267,42.058,52.358
315.87,90.125,41.2,50.642
318.44,90.983,40.342,48.067
317.58,89.267,42.917,50.642
319.3,88.408,41.2,50.642
319.3,88.408,42.058,50.642
321.02,86.692,42.058,51.5
322.73,85.833,38.625,51.5
322.73,85.833,40.342,52.358
323.59,84.975,38.625,51.5
323.59,84.975,41.2,51.5
327.03,84.975,37.767,49.783
327.88,84.975,42.058,48.067
326.17,84.117,48.925,48.925
327.88,82.4,51.5,51.5
329.6,82.4,32.617,50.642
330.46,81.542,31.758,51.5
327.88,80.683,34.333,54.075
329.6,80.683,33.475,51.5
333.89,80.683,28.325,38.625
333.03,80.683,28.325,39.483
333.89,79.825,26.608,38.625
333.03,79.825,27.467,38.625
333.03,79.825,27.467,37.767
331.32,78.967,28.325,38.625
330.46,78.967,29.183,38.625
328.74,79.825,30.9,36.908
332.18,78.967,27.467,41.2
333.03,79.825,27.467,39.483
333.03,79.825,26.608,39.483
332.18,80.683,27.467,38.625
333.03,81.979,26.608,36.471
333.03,82.4,27.467,37.767
333.03,81.542,28.325,39.483
333.03,81.542,27.467,39.483
331.32,81.542,30.042,40.342
332.18,81.542,29.183,42.058
333.89,81.542,26.608,42.058
334.75,81.542,27.467,42.917
333.89,83.258,26.608,41.2
334.75,84.117,25.75,38.625
333.89,84.117,27.467,39.483
333.03,83.258,29.183,41.2
332.18,83.258,28.325,42.058
333.03,84.117,27.467,41.2
333.03,84.117,27.467,42.917
333.03,84.975,27.467,42.917
333.03,85.833,26.608,42.917
330.46,85.833,29.183,43.775
332.18,86.692,27.467,43.775
328.74,86.692,30.042,47.208
329.6,88.408,30.042,45.492
329.6,89.267,30.042,46.35
330.46,89.267,28.325,47.208
328.74,90.125,29.183,47.208
329.6,90.125,29.183,48.067
330.46,91.842,27.467,46.35
327.03,92.7,30.042,50.642
326.17,91.842,30.042,51.5
326.17,92.7,30.042,54.933
326.17,93.558,29.183,54.075
324.45,93.558,30.042,54.933
326.17,93.558,29.183,58.367
327.03,92.7,29.183,60.083
327.03,94.417,27.467,58.367
327.03,93.558,26.608,57.508
325.31,95.275,28.325,56.65
322.73,95.275,30.9,56.65
322.73,94.417,30.042,58.367
319.3,96.133,31.758,64.375
319.3,96.992,30.9,61.8
319.3,96.992,30.042,63.517
319.3,97.85,29.183,65.233
316.73,98.708,30.042,62.658
317.58,96.133,29.183,67.808
316.73,96.133,30.9,69.525
313.29,97.85,36.05,70.383
312.43,94.417,41.2,72.1
313.29,96.992,44.633,69.525
313.29,96.133,32.617,63.517
312.43,96.992,32.617,62.658
312.43,97.85,31.758,62.658
311.13,98.708,33.923,61.8
310.72,99.567,34.333,60.942
309.86,101.28,35.192,60.942
308.14,103,37.767,60.083
308.14,103.86,36.05,60.083
307.28,104.72,35.192,60.083
306.43,105.58,36.908,60.083
305.57,105.58,36.908,60.942
304.71,107.29,36.908,58.367
304.71,108.15,36.05,57.508
304.71,109.01,36.05,57.508
302.99,110.73,36.05,56.65
302.99,110.73,38.625,59.225
302.13,111.58,38.625,59.225
302.13,113.3,38.625,57.508
301.28,113.3,39.483,58.367
300.42,116.73,40.342,57.508
300.42,117.59,40.342,56.65
299.56,118.45,40.342,56.65
298.7,118.45,40.342,55.792
298.7,119.31,40.342,57.508
297.84,120.17,41.2,56.65
296.98,121.88,39.421,56.65
296.98,121.88,37.767,55.816
296.13,119.31,38.625,59.225
295.27,119.31,39.483,60.083
297.84,118.45,35.192,62.658
296.13,117.59,36.908,64.375
295.27,117.59,36.148,65.233
296.13,117.59,33.475,65.233
295.27,119.31,36.05,65.233
290.12,122.74,38.625,61.8
291.83,121.88,36.908,65.233
289.26,121.03,37.767,67.808
289.26,121.03,38.625,68.667
291.83,128.75,35.192,62.658
290.12,129.61,34.333,65.233
290.12,130.47,32.617,66.092
289.26,130.47,32.617,67.808
288.4,131.82,32.617,68.172
287.54,146.78,33.475,54.075
285.83,149.35,33.475,53.217
285.83,151.07,32.617,54.075
285.83,152.78,32.617,54.075
283.25,155.36,34.333,53.217
283.25,157.93,34.333,53.217
281.53,158.79,36.05,54.075
282.39,161.37,34.333,53.217
283.25,163.94,34.333,52.358
284.11,164.8,32.617,54.933
284.97,166.52,31.758,54.075
284.97,167.38,31.758,54.933
284.97,169.09,30.9,53.217
283.25,170.81,31.758,52.358
282.39,172.53,34.333,51.5
281.53,174.24,35.192,49.783
278.96,175.96,37.767,48.067
278.96,173.38,36.908,50.642
278.1,178.53,38.625,45.492
278.1,180.25,37.767,44.633
277.24,181.11,38.625,44.633
277.24,182.07,39.483,43.673
276.38,183.22,40.342,43.376
277.24,183.68,38.625,42.917
276.38,182.83,38.625,44.633
275.53,183.68,37.767,43.775
273.81,184.54,37.767,43.775
274.67,182.83,36.05,46.35
