NaN,NaN,NaN,-1
151.67,93.841,19.495,49.124
151.15,93.773,20.669,49.471
150.29,90.673,19.707,49.596
148.08,89.076,19.881,49.287
148.71,88.335,20.756,49.249
150.17,86.68,19.548,49.222
151.5,84.666,19.154,50.022
153.33,84.644,18.954,49.605
154.64,84.102,18.891,49.64
156.75,84.549,18.699,48.56
157.29,84.715,19.449,48.989
155.95,84.054,19.805,49.617
154.54,83.697,20.694,50.068
152.19,83.58,21.719,51.069
151.9,83.301,19.642,52.083
147.82,82.457,20.071,52.205
142.38,83.448,20.66,52.991
138.04,81.856,20.283,53.936
133.21,81.549,21.426,55.138
130.25,81.155,21.103,54.201
129.46,80.604,21.275,55.523
129.41,79.707,21.699,56.479
130.25,79.316,21.425,55.409
130.04,78.423,23.61,57.598
130.87,77.391,24.009,58.336
132.33,76.448,23.761,59.267
133.18,75.579,25.258,60.305
134.17,74.898,27.274,61.668
136.86,74.78,26.463,61.757
138.35,74.302,26.822,61.971
142.48,75.59,24.126,61.157
144.54,74.822,24.368,61.52
146.33,72.305,26.277,64.814
148.67,71.856,26.124,65.281
147.43,71.101,27.87,67.168
148.38,71.822,25.541,65.542
148.36,70.774,26.691,66.97
148.99,69.984,27.914,68.976
150,69.957,28.318,69.535
151.08,69.787,28.799,69.974
151.92,70.738,29.73,70.405
152.83,70.751,30.057,70.838
152.96,69.993,31.769,71.943
150.57,72.257,29.932,68.254
151.66,72.527,29.922,68.037
152.78,70.539,28.688,69.937
148.11,69.456,37.977,70.655
149.27,69.101,38.818,70.374
150.21,68.97,40.628,71.313
150.24,68.215,40.223,72.18
151.05,68.325,38.992,72.639
150.18,68.684,39.198,72.701
149.39,68.104,39.796,73.612
146.43,68.359,41.169,74.046
144.55,68.334,41.106,74.67
141.5,68.383,41.124,75.14
136.79,69.517,40.929,74.538
129.62,69.663,40.775,74.231
121.97,68.756,41.173,75.457
117.53,67.863,39.721,75.353
113.75,67.076,39.853,75.714
114.21,65.048,39.091,75.413
114.43,64.147,40.217,75.97
115.57,63.36,40.944,76.529
119.87,62.608,41.069,76.527
125.39,62.875,40.568,76.113
130.28,61.522,40.318,77.157
135.28,60.394,40.324,78.261
141.74,59.921,40.146,78.335
148.07,59.688,40.531,78.902
152.87,60.439,40.712,78.664
156.99,60.371,40.678,78.747
160.41,60.868,40.89,79.616
163.67,60.566,40.081,80.093
165.2,61.492,39.433,79.255
163.61,61.782,39.97,79.108
163.43,62.916,40.627,79.773
162.85,64.336,38.981,79.138
164.24,65.723,38.21,78.403
164.66,67.294,38.388,78.553
165.02,68.119,39.325,78.706
166.89,68.454,38.757,78.775
169.41,68.705,37.791,78.978
170.44,69.506,39.139,79.948
172.42,69.706,38.982,79.897
174.46,69.696,39.448,79.725
177.3,70.638,38.394,79.59
179.75,71.001,38.194,78.919
182.02,71.208,37.946,78.281
184.47,71.28,37.175,77.829
186.56,71.194,37.391,77.874
185.74,69.517,37.538,77.591
184.92,67.792,36.674,78.493
185.23,66.113,36.187,77.827
184.63,64.191,37.238,77.731
180.83,62.237,37.598,78.709
176.67,61.263,37.128,78.211
175.06,59.798,36.411,77.55
174.19,59.026,36.276,77.183
173.32,57.912,36.525,77.442
172.78,57.103,35.232,77.567
173.45,57.173,33.911,77.352
172.88,56.009,34.356,77.608
173.21,55.299,35.594,78.265
173.02,55.457,36.033,78.156
173.82,55.482,36.252,77.638
174.75,55.555,36.24,77.433
172.12,55.786,35.586,76.748
168.56,55.741,34.733,76.366
167.32,56.767,33.522,76.561
166.29,57.216,33.297,74.861
164.27,57.313,33.783,74.685
162.87,58.031,32.597,73.376
158.3,57.512,32.828,73.712
156.66,57.615,32.786,73.865
154.74,58.63,31.439,73.6
151.93,59.969,31.081,72.927
150.11,61.47,30.671,71.923
150.2,62.77,29.395,71.523
149.59,64.5,28.576,71.733
148.03,66.46,28.539,72.202
146.17,67.74,28.354,71.962
144.89,69.638,28.725,70.6
144.05,72.218,28.525,69.437
146.68,73.458,29.275,69.101
152.82,74.521,29.342,69.07
159.37,74.75,30.133,68.847
166.88,75.123,29.136,67.621
172.41,74.018,28.57,68.006
176.5,71.874,29.161,68.899
178.58,70.152,30.221,67.964
182.65,69.04,29.887,66.036
187.48,69.271,30.401,64.237
191.49,68.404,30.748,63.956
195.08,66.918,29.916,63.033
197.76,66.19,30.501,62.769
201.38,66.434,30.166,62.889
201.31,65.684,30.943,62.125
NaN,NaN,NaN,-2
NaN,NaN,NaN,0
NaN,NaN,NaN,0
NaN,NaN,NaN,0
NaN,NaN,NaN,0
NaN,NaN,NaN,-1
160.11,78.402,25.804,64.214
155.08,80.965,26.083,63.143
150.12,81.236,29.724,67.275
147.64,82.999,31.771,65.739
145.93,84,29.829,63.361
144.74,83.338,32.144,63.594
147.86,82.772,25.208,59.723
150.71,79.301,25.694,59.199
152.18,76.003,26.325,60.764
153.36,75.457,25.933,59.522
153.55,74.414,27.188,59.41
152.53,72.23,27.681,59.653
151.03,72.745,27.193,59.032
152.32,71.887,26.202,58.281
149.75,69.496,30.206,61.032
149.82,70.48,25.533,59.012
146.34,69.396,26.292,59.145
144.15,69.061,25.236,59.815
139.16,68.371,25.124,60.869
135.49,68.389,24.081,60.064
131.67,69.218,23.997,59.773
129.39,69.26,24.405,59.664
133.28,68.169,26.947,64.6
131.95,68.675,28.965,66.078
117.49,74.251,49.897,68.262
115.93,76.85,47.968,66.59
114.72,75.878,43.837,64.357
118.65,80.16,53.276,57.95
114.65,76.657,54.56,59.532
105.53,72.616,63.836,64.208
100.33,69.721,71.066,68.285
96.26,67.679,77.725,73.205
92.299,66.179,81.887,74.566
103.23,65.534,74.323,79.826
100.59,67.33,74.178,79.444
96.962,69.984,73.718,79.547
93.982,73.83,71.506,77.65
91.981,78.017,67.823,76.541
87.91,79.304,67.785,76.381
89.418,80.935,66.624,74.939
94.17,82.994,64.88,72.457
98.937,84.327,63.479,71.917
102.47,84.445,63.992,71.708
106.69,85.319,63.581,70.024
110.35,86.567,61.844,68.064
112.83,87.524,61.863,65.782
116.21,88.187,60.196,64.587
118.92,88.329,59.416,65.288
121.19,88.713,59.433,64.428
123.53,89.078,59.428,63.81
125.24,89.36,57.01,61.787
125.14,89.898,57.299,60.85
126.38,90.444,55.136,59.492
125.59,89.139,55.524,60.801
126.21,89.595,54.394,59.935
126.21,89.751,55.838,59.148
127.12,90.729,53.753,56.926
125.59,91.417,53.181,55.535
124.7,92.34,50.204,54.028
122.77,91.57,50.01,55.401
122.99,92.627,49.799,54.425
125.13,91.662,50.386,55.292
132.66,89.508,32.248,54.686
132.56,88.27,33.342,54.651
131.71,86.899,34.207,55.236
130.25,86.961,34.7,55.102
128.31,86.655,34.719,54.804
125.18,85.922,35.839,56.391
121.05,84.336,39.715,57.903
117.72,82.178,43.628,60.628
115.73,80.815,47.15,60.592
109.63,78.426,51.532,61.868
103.37,77.601,57.39,63.654
98.769,76.573,62.717,66.541
93.305,76.506,67.109,68.929
102.08,74.938,52.119,72.465
101.78,73.858,54.184,75.056
103.14,78.178,50.477,76.864
104.86,77.004,50.799,76.622
106.07,76.817,51.277,77.173
105.09,76.33,54.113,79.028
102.72,75.869,55.836,79.424
100.41,74.317,57.374,81.655
100.76,73.606,59.357,83.126
102.1,73.546,59.198,83.31
102.17,73.313,59.364,82.944
102.56,73.136,59.322,83.196
NaN,NaN,NaN,-2
NaN,NaN,NaN,0
NaN,NaN,NaN,0
NaN,NaN,NaN,0
NaN,NaN,NaN,0
NaN,NaN,NaN,-1
163.23,87.59,15.936,36.186
162.39,87.976,15.641,35.806
162.84,88.009,15.642,35.54
162.78,87.909,17.193,36.563
164.75,87.112,17.123,35.999
167.27,87.317,18.104,35.912
169.7,86.843,15.462,35.224
170.34,86.202,15.827,36.483
171.55,84.517,17.4,37.79
172.13,84.572,19.443,38.273
173.1,85.049,18.929,37.759
172.95,82.536,21.562,41.519
174.51,82.188,26.398,41.969
177.28,83.488,16.235,37.849
178.6,88.895,14.523,32.169
179.25,90.843,13.449,31.177
176.77,91.164,15.806,32.871
176.87,92.043,15.433,33.411
NaN,NaN,NaN,-2
NaN,NaN,NaN,0
NaN,NaN,NaN,0
NaN,NaN,NaN,0
NaN,NaN,NaN,0
NaN,NaN,NaN,-1
174.46,97.896,14.088,32.36
174.31,99.748,13.026,30.823
173.46,98.878,12.943,31.837
171.41,99.086,14.401,32.091
172.22,99.102,13.423,32.29
171.74,98.113,15.5,33.316
173.07,99.085,14.599,31.802
173.56,99.3,14.778,32.132
174.2,97.725,20.013,34.1
