NaN,NaN,NaN,-1
152,93,19,44
151,92,19,44
150,89,19,45
149,87,19,45
149,85,19,46
150,84,20,46
151,83,20,47
152,82,20,47
154,81,20,47
155,81,20,48
156,80,21,49
155,80,21,49
153,80,21,50
152,80,21,50
151,80,21,50
147,79,21,50
142,79,22,51
137,79,22,51
133,79,22,52
130,78,22,52
129,78,22,52
129,77,22,53
130,77,22,53
130,76,23,53
131,75,23,54
132,74,23,54
134,74,23,55
135,73,23,55
137,73,24,55
140,73,24,55
142,73,24,56
144,73,24,56
146,73,24,56
148,72,24,57
148,72,25,57
147,72,25,58
148,71,25,59
148,71,25,59
150,71,25,59
151,71,25,60
152,71,26,60
153,71,26,60
153,72,26,61
154,72,26,61
155,72,26,61
156,72,26,61
158,72,26,62
159,71,27,62
161,71,27,63
161,71,27,63
160,71,27,64
159,71,28,65
159,70,28,65
156,70,28,65
154,70,28,66
151,71,28,66
146,71,28,66
139,71,29,67
132,70,29,67
126,69,29,68
122,68,29,68
122,66,29,69
123,65,30,69
124,64,30,69
129,63,30,69
134,63,30,70
138,61,30,71
143,61,30,71
149,60,31,71
156,60,31,72
161,61,31,72
165,61,31,72
168,61,31,72
171,62,31,72
171,62,31,72
171,62,31,73
170,63,31,73
170,64,31,73
170,66,31,73
171,67,31,73
172,68,31,73
173,68,32,74
175,68,32,74
177,68,32,74
179,69,32,75
181,69,32,75
183,70,32,74
186,70,32,75
188,70,32,75
190,70,32,75
191,69,32,75
190,68,32,75
189,66,32,76
189,64,33,76
189,62,32,76
185,61,32,75
181,59,32,75
179,58,32,75
178,57,32,75
177,56,32,75
176,55,32,75
175,55,32,76
176,54,32,75
176,54,32,76
177,54,32,76
177,53,32,75
178,53,32,76
175,54,32,76
172,54,32,75
169,54,32,75
168,54,32,75
166,54,32,75
164,54,32,75
160,54,32,75
158,54,32,75
156,55,32,74
153,57,32,74
151,58,31,74
150,58,31,73
149,61,31,73
147,63,31,73
145,65,31,73
144,66,31,73
143,68,31,72
146,69,31,72
153,70,31,71
160,70,31,72
166,70,31,72
171,69,31,71
175,67,30,71
179,65,30,71
183,64,30,70
187,64,30,70
192,63,30,69
195,62,29,68
198,61,29,68
201,60,29,68
201,60,29,68
201,60,29,68
198,61,29,67
191,64,29,67
182,67,29,68
175,71,29,67
168,75,29,67
162,77,28,66
157,79,28,66
154,81,28,66
151,82,28,66
149,82,28,65
148,81,28,65
149,80,28,64
152,76,28,65
154,73,27,64
155,73,27,64
156,71,27,63
154,70,27,63
153,70,26,62
154,69,26,61
153,69,26,61
151,69,26,60
148,69,25,60
145,68,25,59
140,68,25,59
135,68,25,58
132,69,25,58
130,70,24,57
132,70,24,57
133,71,24,56
134,71,24,55
134,71,23,54
128,70,23,54
126,68,23,53
119,67,22,52
112,66,22,52
109,66,22,52
NaN,NaN,NaN,-2
NaN,NaN,NaN,0
NaN,NaN,NaN,0
NaN,NaN,NaN,0
NaN,NaN,NaN,0
NaN,NaN,NaN,-1
116,82,20,49
112,83,20,49
113,84,20,49
117,85,20,49
121,86,20,48
125,86,20,49
128,87,20,48
131,87,20,48
134,87,20,48
137,87,20,48
139,88,20,48
142,88,19,47
143,88,19,47
144,88,19,46
144,88,19,46
144,88,19,45
144,88,18,45
144,87,19,45
144,87,19,45
144,87,18,45
142,87,18,45
140,88,18,44
138,88,18,44
138,88,18,44
140,88,18,44
143,86,18,43
144,85,18,43
144,85,18,42
142,85,17,42
140,85,17,41
138,85,17,40
139,85,16,40
139,85,16,39
138,85,16,38
137,85,16,38
135,85,15,37
134,85,15,37
132,87,15,37
130,87,15,36
131,88,15,36
136,88,15,36
141,89,15,36
144,89,15,36
147,88,15,36
148,88,15,36
149,88,15,35
153,88,15,35
157,88,14,35
159,87,15,35
161,87,15,35
162,87,15,36
163,86,15,36
163,86,15,36
164,86,15,36
165,87,15,36
165,87,15,36
165,87,15,35
164,87,14,35
164,87,14,35
165,87,14,35
167,87,14,35
170,86,14,34
172,86,14,34
173,86,14,34
174,86,14,34
176,86,14,34
178,86,14,33
179,86,14,33
179,86,14,33
179,86,13,33
179,87,13,32
179,89,13,31
179,91,13,30
179,93,12,30
178,94,12,29
177,95,12,29
176,96,12,28
175,97,12,29
175,97,12,28
174,98,11,27
173,99,11,27
172,100,11,26
171,100,11,27
170,101,11,27
170,101,11,27
170,101,10,26
171,101,10,25
172,101,10,25
173,101,10,25
