NaN,NaN,NaN,-1
150,92,18,51
149,91,18,51
148,88,18,52
147,86,18,52
147,85,18,53
148,83,18,53
149,82,19,54
150,81,19,54
152,80,19,55
153,80,19,55
154,79,19,56
153,79,20,57
151,79,20,57
150,78,20,58
148,78,20,58
144,78,20,58
139,78,20,59
135,78,21,59
130,77,21,60
127,77,21,60
126,76,21,61
126,76,21,61
127,75,21,61
128,75,21,61
128,74,22,62
130,73,22,63
131,72,22,63
133,72,22,64
135,72,22,64
137,72,22,64
139,72,22,65
141,72,23,65
144,71,23,66
145,71,23,66
145,70,23,67
144,70,24,68
145,70,24,68
145,70,24,69
147,69,24,69
148,70,24,70
149,70,24,70
149,70,25,71
150,70,25,71
150,70,25,72
151,70,25,72
153,70,25,73
154,70,25,73
156,70,26,73
157,69,26,74
157,69,26,75
156,69,26,76
156,68,27,76
155,68,27,77
153,68,27,77
150,68,27,78
148,69,27,78
142,69,27,78
135,68,27,79
128,68,28,80
122,67,28,80
118,65,28,81
118,63,28,81
119,63,28,82
120,62,29,82
125,61,29,82
130,60,29,83
134,59,29,83
139,59,29,84
145,58,29,84
151,58,30,85
157,58,30,85
161,59,30,85
164,59,30,85
166,59,30,86
167,59,30,87
166,59,30,87
165,60,31,87
165,61,31,88
165,62,31,88
166,63,31,88
167,64,31,88
168,64,31,89
170,65,31,89
171,65,31,90
173,65,31,90
176,66,31,90
178,66,32,90
180,66,32,90
182,66,32,90
184,66,32,91
186,66,32,91
185,64,32,91
184,62,32,92
184,61,32,92
183,58,32,92
180,57,32,92
176,55,32,92
173,54,32,91
172,53,32,91
171,52,32,91
170,51,32,92
170,51,32,92
170,50,32,92
170,50,32,92
171,50,32,92
171,49,32,92
172,49,32,92
169,50,32,92
166,50,32,92
164,50,32,92
162,51,32,91
161,51,32,91
158,51,32,91
155,50,32,91
152,51,32,91
150,51,32,91
147,53,32,90
145,54,31,90
144,55,31,89
143,57,31,89
141,59,31,89
140,61,31,89
138,62,31,89
138,64,31,88
141,65,31,88
147,66,31,87
154,66,31,87
161,66,30,87
166,65,30,87
169,63,30,87
173,61,30,86
178,60,30,86
182,60,30,85
186,58,30,85
189,57,30,85
192,56,30,85
195,56,30,85
196,55,30,85
195,55,30,85
193,56,29,84
185,60,29,84
177,62,29,83
170,66,29,83
163,70,29,83
156,73,29,82
152,75,28,82
149,76,29,82
146,77,28,82
143,78,28,81
143,77,28,81
144,75,28,81
147,72,28,80
149,69,28,80
150,69,28,79
151,68,28,79
149,66,27,79
148,65,27,78
149,65,27,77
147,65,27,77
145,65,26,76
143,65,26,75
140,64,26,74
135,64,26,74
130,64,26,73
127,65,25,73
125,66,25,72
127,66,25,71
128,67,24,70
129,67,24,69
130,68,24,68
128,67,23,67
126,65,23,67
119,64,23,66
112,63,23,65
109,63,23,65
NaN,NaN,NaN,-2
NaN,NaN,NaN,0
NaN,NaN,NaN,0
NaN,NaN,NaN,0
NaN,NaN,NaN,0
NaN,NaN,NaN,-1
114,80,19,56
110,81,19,56
111,83,19,56
115,84,19,55
119,84,19,55
123,84,19,56
126,85,19,56
129,85,19,56
132,85,19,56
135,85,19,56
137,85,19,55
140,85,19,55
141,85,19,55
142,85,19,54
142,85,19,54
142,85,19,54
142,85,18,53
142,84,18,53
142,84,18,53
142,85,18,52
141,85,18,52
138,85,18,52
136,85,18,51
136,86,18,51
138,86,17,51
141,84,17,50
142,83,17,50
142,83,17,49
140,83,17,48
138,83,16,47
137,83,16,47
137,83,16,46
137,83,16,46
136,82,15,45
135,82,15,45
133,83,15,44
132,83,15,44
130,84,15,43
128,85,15,43
129,86,15,42
134,86,14,42
139,87,14,42
143,87,14,42
145,86,14,42
146,86,14,42
147,86,14,41
151,86,14,41
155,86,14,41
157,85,14,41
160,85,14,41
161,85,14,42
161,85,14,41
162,85,14,41
163,85,14,41
164,85,14,40
164,85,14,40
164,85,14,40
163,85,14,40
163,86,14,40
164,86,13,39
166,86,13,39
169,85,13,39
170,85,13,39
172,85,13,38
173,85,13,38
175,85,13,37
177,85,13,37
178,85,13,37
178,85,12,36
178,85,12,36
178,87,12,35
178,88,12,35
178,90,12,34
178,92,11,33
177,93,11,33
176,95,11,32
176,96,11,32
175,96,11,32
174,97,11,31
173,98,10,30
172,99,10,29
171,100,10,29
170,100,10,28
170,101,10,28
169,101,10,28
170,101,9,28
171,101,9,28
172,101,9,27
172,101,9,27
