NaN,NaN,NaN,-1
141.45,43.05,19.475,88.15
141.45,43.05,19.475,89.175
140.42,38.95,20.5,94.3
139.4,39.975,20.5,90.2
140.42,33.825,21.525,93.275
139.4,33.825,22.55,79.95
138.38,33.825,21.525,79.95
138.38,33.825,21.525,80.975
138.38,34.85,21.525,78.925
138.38,33.825,23.575,79.95
138.38,33.825,21.525,79.95
138.38,34.85,21.525,80.975
138.38,34.85,24.6,82
137.35,35.875,26.65,83.025
136.32,35.875,26.65,82
136.32,35.875,27.675,84.05
135.3,35.875,30.75,82
135.3,35.875,31.775,80.975
135.3,34.85,31.775,80.975
134.27,35.875,32.8,79.95
133.25,34.85,33.825,80.975
133.25,36.9,32.8,77.9
129.15,38.95,35.875,74.825
127.1,38.95,37.925,74.825
126.07,36.9,38.95,78.925
126.07,37.925,37.925,78.925
126.07,34.85,37.925,80.975
126.07,31.775,37.925,83.025
124.02,29.725,38.95,87.125
124.02,27.675,39.975,89.175
124.02,26.65,44.075,90.2
123,25.625,44.075,90.2
123,22.55,44.075,93.275
121.97,22.55,45.1,91.225
121.97,18.45,44.075,97.375
121.97,52.275,39.975,65.6
120.95,49.2,43.05,68.675
119.92,46.125,42.025,71.75
119.92,49.2,41,73.8
113.77,47.15,49.2,79.95
109.67,45.1,58.425,84.05
124.02,39.975,47.15,89.175
121.97,38.95,48.175,80.975
120.95,36.9,52.275,85.075
123,35.875,51.25,86.1
119.92,35.875,52.275,86.1
121.97,33.825,51.25,88.15
121.97,31.775,49.2,79.95
119.92,27.675,51.25,68.675
121.97,26.65,47.15,67.65
120.95,23.575,49.2,71.75
115.82,21.525,54.325,74.825
118.9,17.425,50.225,79.95
119.92,15.375,50.225,82
118.9,6.15,49.2,80.975
119.92,7.175,49.2,77.9
119.92,3.075,50.225,84.05
119.92,5.125,50.225,82
119.92,8.2,48.175,77.9
118.9,5.125,48.175,80.975
112.75,4.1,55.35,79.95
112.75,3.075,56.375,76.875
112.75,2.05,56.375,75.85
112.75,1.025,55.35,75.85
113.77,1.025,52.275,74.825
109.67,-1.025,55.355,74.825
109.67,-1.025,56.375,80.975
109.67,1.025,57.4,79.95
108.65,2.05,59.45,68.675
108.65,1.025,58.425,69.7
107.62,3.075,59.45,67.65
108.65,3.075,59.45,67.65
107.62,5.125,59.45,59.45
106.6,7.175,60.475,58.425
106.6,7.175,61.5,59.45
106.6,8.2,60.475,59.45
106.6,11.275,60.475,57.4
106.6,12.3,60.475,55.35
106.6,10.25,59.45,58.425
105.57,12.3,61.5,59.45
105.57,13.325,64.575,61.5
104.55,16.4,64.575,60.475
103.52,13.325,64.575,65.6
104.55,15.375,63.55,64.575
103.52,16.4,63.55,64.575
102.5,19.475,64.575,62.525
102.5,21.525,64.025,62.525
102.5,22.55,64.575,65.6
101.47,25.625,65.6,62.525
100.45,26.65,66.625,52.275
100.45,25.625,67.65,55.35
99.425,27.675,67.65,57.4
98.4,32.8,71.75,53.3
98.4,36.9,71.75,50.225
97.375,41,71.75,48.175
96.35,41,70.725,48.339
95.325,42.025,71.75,48.175
95.325,42.025,72.775,51.25
93.275,45.1,74.825,50.225
93.275,46.125,73.8,51.25
93.275,48.175,73.8,51.25
92.25,50.225,72.325,54.325
91.225,47.15,71.75,60.475
90.2,43.05,77.9,66.625
89.175,41,83.025,66.625
88.15,45.1,82,60.475
88.15,47.15,78.925,64.575
86.1,47.15,83.025,65.6
85.075,49.2,83.388,63.55
85.075,51.25,84.05,60.475
84.05,50.225,70.725,61.5
83.025,50.225,71.75,62.525
82,50.225,73.8,65.6
80.975,49.2,74.825,69.7
80.975,54.325,74.825,65.6
79.95,63.55,75.85,58.425
77.9,60.475,77.9,61.5
77.9,57.4,77.9,67.65
77.9,56.375,69.7,72.775
76.875,54.325,69.7,75.85
NaN,NaN,NaN,-2
NaN,NaN,NaN,0
NaN,NaN,NaN,0
NaN,NaN,NaN,0
NaN,NaN,NaN,0
NaN,NaN,NaN,-1
128.8,48.3,38.5,48.3
125.3,49.7,44.1,48.3
121.8,49,51.1,49
121.1,46.9,53.9,51.8
121.8,50.4,55.3,47.6
121.8,51.1,54.6,45.135
121.8,50.776,54.6,46.524
123.9,50.4,51.1,45.5
122.5,49,52.5,46.9
119,49,55.3,45.5
118.3,49,53.2,45.5
118.3,43.4,51.8,49.7
117.6,42,49.7,51.8
116.2,43.4,49,51.1
114.8,42.7,49.7,50.4
115.5,44.1,49.7,50.4
114.1,43.4,53.2,51.1
116.2,40.6,52.5,51.8
114.1,39.9,56.7,53.2
114.8,39.9,57.4,54.6
114.1,40.6,58.8,53.2
114.1,42.7,60.2,49
113.91,43.4,60.388,46.9
116.9,46.2,59.5,42.7
116.9,45.5,60.9,42.7
119.7,45.5,57.4,43.089
120.4,50.4,56,42
121.8,49.7,58.1,44.8
119,49,65.8,49
119,47.6,67.2,50.4
141.4,44.8,46.9,57.4
137.9,43.4,51.8,60.9
136.5,58.8,42,48.3
138.6,58.8,42.7,46.9
135.8,60.9,42.7,45.5
132.3,63,44.8,41.3
128.8,65.8,47.6,41.3
128.1,68.6,48.3,38.5
125.3,72.1,53.2,39.9
125.3,74.2,49,42.7
127.4,74.2,45.5,43.4
128.8,72.1,44.1,31.096
128.8,71.4,42.7,37.8
130.2,72.8,41.3,37.8
142.1,74.2,26.6,35.7
142.1,77,23.913,33.6
141.4,77,28.7,35
140.7,79.8,29.4,32.2
140,81.9,28.7,30.1
136.5,83.3,28.7,28
133.7,85.4,30.1,29.4
132.3,85.4,30.8,32.9
130.9,81.9,30.1,25.9
127.4,80.5,37.8,28
142.1,80.5,25.9,28
141.4,80.5,28,29.4
143.5,80.5,23.8,29.4
141.4,80.5,22.4,26.6
141.4,81.2,21,27.3
139.3,81.9,21,25.2
140,83.3,21.7,24.5
142.1,83.3,21,26.6
151.2,83.3,12.6,25.9
151.9,84,12.6,25.2
154.7,84.7,11.9,25.2
154.7,86.8,13.3,19.6
156.1,87.5,11.9,17.5
157.5,88.564,11.9,16.436
158.2,88.9,13.3,17.5
159.6,90.3,13.3,17.5
159.6,91,14,18.9
157.5,86.8,15.965,22.682
158.9,88.2,15.4,23.8
158.9,88.9,15.4,25.9
158.2,91,16.8,25.9
157.5,92.4,17.5,25.2
158.2,93.1,16.1,25.98
159.6,95.2,14,25.9
157.5,95.9,16.1,27.3
156.8,94.5,14.005,21.7
156.8,95.9,14,21
156.1,96.6,14,22.4
156.1,98,14,21.7
156.1,99.4,13.3,22.4
156.8,101.5,11.9,21
157.5,102.9,10.5,23.1
155.4,105.7,13.3,23.8
155.4,107.1,12.6,25.9
155.4,109.2,12.6,24.5
154.7,112.41,14.7,28.293
155.4,114.8,15.063,26.6
154,112,15.18,22.4
156.1,107.1,16.1,27.3
156.8,102.9,16.1,26.6
158.86,99.4,14.744,18.9
158.2,96.6,14.7,18.9
158.9,93.8,14,18.2
158.9,91,13.3,23.1
158.2,91,16.1,20.3
156.8,88.2,18.9,20.3
159.6,86.438,19.6,19.962
159.6,85.4,21,20.3
160.3,83.3,20.3,21
159.6,81.2,22.4,19.6
