NaN,NaN,NaN,-1
164.3,80.524,45.451,50.429
163.84,80.234,45.237,50.187
163.23,79.041,46.624,51.573
162.85,79.237,46.409,51.423
162.06,77.884,47.491,52.61
161.83,77.298,47.922,53.103
161.44,77.765,47.572,52.664
160.98,77.439,47.69,52.889
160.46,76.368,47.957,53.596
158.5,75.698,48.796,54.651
156.97,74.741,49.24,54.998
154.27,73.938,48.827,54.756
149.66,71.412,49.908,55.565
143.85,70.698,51.207,56.82
142.05,69.559,48.385,54.27
140.22,68.957,47.895,53.81
137.05,68.316,47.456,53.196
133.72,69.126,47.29,52.866
132.02,69.904,46.361,51.872
127.95,68.859,46.554,51.917
123.93,68.143,46.517,51.724
121.92,66.769,45.961,51.486
118.58,65.903,45.576,50.966
110.61,65.605,44.959,50.456
108.44,65.463,44.392,49.912
105.47,65.659,44.619,49.924
102.73,66.697,44.349,49.471
115.65,69.67,44.882,50.16
116.34,68.894,44.912,49.974
125.96,68.068,45.186,50.341
125.34,68.287,45.471,50.69
125.47,68.145,45.767,50.938
126.96,68.598,44.104,49.512
NaN,NaN,NaN,-2
NaN,NaN,NaN,0
NaN,NaN,NaN,0
NaN,NaN,NaN,0
NaN,NaN,NaN,0
NaN,NaN,NaN,-1
81.139,81.68,36.216,48.3
82.229,83.618,36.177,48.179
82.506,87.205,36.174,48.059
83.023,90.74,36.565,48.229
83.014,93.833,36.164,48.132
84.773,97.148,36.964,48.685
87.224,99.059,36.921,48.728
90.275,101.42,36.226,47.799
92.316,103.35,36.699,47.808
93.787,103.62,37.161,47.952
95.288,104.78,36.736,47.422
95.88,105.96,36.671,47.073
94.742,107.89,37.867,48.088
94.649,108.74,37.9,47.73
94.213,104.32,38.121,47.86
94.288,103.69,38.192,48.149
94.564,104.28,37.814,47.623
NaN,NaN,NaN,-2
NaN,NaN,NaN,0
NaN,NaN,NaN,0
NaN,NaN,NaN,0
NaN,NaN,NaN,0
NaN,NaN,NaN,-1
155.6,105.42,47.846,51.695
162.91,105.64,47.392,51.144
167.5,105.35,47.05,50.877
169.26,107.32,46.431,50.309
178.27,105.25,46.174,49.978
180.16,105.75,47.466,51.444
188.46,108.67,45.085,48.748
192.52,109.84,45.76,49.277
195.77,112.34,45.968,49.558
198.69,114.24,44.933,48.505
199.34,115.58,46.169,49.867
202.33,118.44,45.609,49.169
205.24,120.68,45.341,48.707
209.15,121.09,45.437,48.999
209.93,123.71,46.004,49.174
210.12,124.16,46.435,49.924
209.29,128.78,46.308,49.832
208.84,131.17,47.018,50.598
208.81,132.95,45.828,48.676
208.05,134.19,46.053,48.923
204.9,136.4,46.595,49.892
202.36,138.6,47.086,49.992
200.91,140.7,45.858,48.62
198.25,140.91,48.057,50.878
196.38,140.71,46.971,50.062
192.24,141.21,49.067,52.246
189.29,142.05,48.665,51.832
187.09,142.73,46.11,49.656
181.74,140.53,50.074,53.13
179.3,140.79,48.454,51.437
177.95,138.36,49.873,52.856
177.95,136.31,47.955,51.061
176.76,131.08,49.4,52.22
176.63,127.45,48.27,51.283
174.83,124.94,48.432,51.675
174.31,121.07,48.023,51.243
174.12,116.33,47.855,51.283
173.34,113.07,48.449,51.352
174.03,110.73,46.607,49.778
172.96,105.07,45.442,49.128
169.34,105.84,45.903,49.727
170.11,106.49,45.101,48.946
177.39,104.82,45.459,49.264
177.43,104.89,45.528,49.308
178.82,103.71,44.966,48.804
178.49,103.49,45.225,49.087
176.42,103.05,46.396,50.148
176.4,104.58,45.12,48.588
175.61,106.39,44.574,48.047
169.83,106.44,44.954,48.462
168.98,107.08,45.604,49.126
169.38,107.19,44.736,48.37
169.47,106.53,45.075,48.648
169.6,106.63,45.192,48.855
169.62,106.09,45.742,49.292
169.88,106.56,45.407,48.765
170.15,106.65,45.116,48.429
169.75,106.48,44.514,47.823
170.66,106.91,44.177,47.367
170.3,106.6,44.124,47.22
170.75,106.32,43.748,46.989
171.14,106.82,43.931,47.196
170.76,106.14,44.52,47.833
171.09,105.86,43.98,47.239
172.04,104.56,45.052,48.211
172.43,103.08,45.417,48.805
172.58,104.44,45.335,48.576
172.53,105.31,45.441,48.743
170.19,107.62,44.908,48.064
169.95,106.92,44.349,47.759
170.07,107.09,44.36,47.484
169.95,106.73,44.341,47.408
169.26,107.1,44.504,47.558
169.52,106.84,44.282,47.483
169.45,107.11,43.932,46.841
NaN,NaN,NaN,-2
NaN,NaN,NaN,0
NaN,NaN,NaN,0
NaN,NaN,NaN,0
NaN,NaN,NaN,0
NaN,NaN,NaN,-1
194.87,41.159,30.434,49.97
196.4,41.305,30.129,49.311
196.1,42.177,29.234,48.106
193.95,42.38,29.613,48.483
192.93,42.759,29.242,47.756
190.92,43.097,29.093,47.954
188.63,43.838,28.919,47.704
184.86,43.386,29.712,48.727
181.94,43.032,30.688,49.11
179.72,42.237,29.859,47.964
176.31,43.345,30.531,48.794
173.95,44.476,28.931,46.671
184.05,52.471,29.797,47.086
173.58,59.609,28.91,45.936
173.22,61.913,28.648,45.367
173.69,65.25,29.042,45.871
175.71,71.004,28.116,44.498
176.52,72.324,28.436,45.554
176.33,76.195,29.095,45.618
175.44,79.152,30.267,47.186
175.89,82.183,29.638,46.126
176.92,85.973,28.594,45.453
176.5,87.758,28.394,46.152
174.94,88.58,31.187,48.646
187.49,97.639,30.621,48.125
191.86,99.749,29.979,48.097
197.1,102.37,30.119,47.12
197.87,102.73,29.938,47.197
196.79,102.37,30.542,47.727
193.15,100.94,30.098,47.557
189.37,99.815,29.691,47.278
184.19,98.32,30.097,47.418
173.75,92.558,30.004,47.331
173.43,95.001,30.394,47.016
165.78,91.02,28.823,46.334
158.85,88.066,27.994,45.798
150.43,87.357,28.12,45.937
142.09,84.807,27.736,45.336
132.21,82.982,28.222,45.957
125.35,81.587,26.746,43.329
117.5,79.166,28.195,44.935
114.62,77.492,27.568,44.079
104.2,77.672,27.51,43.985
98.898,77.963,27.076,43.365
91.505,77.57,26.544,42.832
82.85,77.26,25.979,42.06
77.58,78.095,25.613,41.79
71.412,78.242,25.71,41.843
66.534,80.963,25,40.295
61.246,84.243,25.273,40.541
57.329,86.977,25.23,40.601
55.131,89.29,25.209,40.675
54.742,93.15,25.609,41.17
55.746,95.648,25.519,41.44
58.53,97.932,25.526,41.061
61.14,100.32,25.07,39.949
65.16,104.07,24.539,38.979
68.234,107.47,24.598,39.278
71.903,112.89,24.559,38.983
74.898,118.81,24.843,38.927
77.182,124.25,24.13,38.201
79.817,129.55,23.546,37.705
83.586,136.8,23.081,36.93
87.421,141.17,22.239,36.312
90.973,144.54,22.224,36.265
93.451,147.8,22.89,36.645
97.07,149.18,23.02,37.21
102.2,153.6,23.42,37.296
104.1,153.7,23.705,37.862
106.85,155.01,24.428,38.265
111.6,156.66,24.006,38.147
116.56,159.43,22.783,36.487
121.2,160.95,22.142,35.591
125.55,162.62,23.46,36.511
130.48,166.56,22.47,35.19
135.02,170.79,22.311,34.983
138.94,175.48,23.259,35.634
145.41,179.23,21.977,34.208
150.7,182.78,22.121,34.192
156.79,186.61,21.144,33.4
161.33,188.74,22.065,34.162
166.22,190.75,21.976,33.958
171.03,190.46,21.153,33.586
176.01,188.89,21.083,33.213
181.6,187.86,20.597,33.089
186.71,187.27,20.156,32.499
192.19,184.5,20.063,32.115
195.65,182.32,20.148,32.413
198.28,178.99,20.294,31.901
199.93,175.34,20.272,31.618
200.69,170.61,21.841,33.519
204.14,167.97,19.683,30.526
204.84,164.72,20.747,31.795
206.84,162.33,20.228,30.871
209.5,159.18,20.223,30.895
210.73,155.64,20.913,31.6
213.17,153.87,20.154,30.466
214.51,151.42,19.699,30.214
214,149.89,20.372,30.547
213.86,148.51,20.636,30.815
214.49,147.08,20.009,30.282
215.28,146.41,18.562,28.602
214.41,143.49,20.539,30.936
214.68,139.79,19.955,30.205
213.76,135.66,19.628,29.925
212.65,132.34,19.686,29.633
211.98,129.07,19.429,29.586
210.66,123.18,20.065,29.39
210.46,118.42,20.198,29.579
210.6,116.79,19.439,29.142
208.5,112.22,19.877,29.169
207.95,108.89,18.932,28.535
206.79,106.65,18.356,27.643
204.13,104.59,19.345,28.808
204.27,107.22,17.201,25.957
203.53,106.72,17.72,26.434
203.52,106.44,17.387,25.723
203.11,107.13,16.527,24.926
202.84,106,15.83,23.973
202.81,106,15.425,23.312
