NaN,NaN,NaN,-1
259,164,59,35
259,164,59,35
258,164,59,35
258,164,59,35
256,163,59,35
256,163,59,35
255,163,59,35
254,163,59,35
254,163,59,35
253,163,59,35
252,162,59,35
252,162,59,35
251,162,59,35
251,162,59,35
251,162,59,35
250,162,59,35
249,161,59,35
249,161,59,35
248,161,59,35
248,161,59,35
247,161,59,35
247,160,59,35
246,160,59,35
246,160,59,35
245,160,59,35
245,160,59,35
244,159,59,35
243,159,59,35
243,159,59,35
242,159,59,35
242,159,59,35
241,158,59,35
241,158,59,35
240,158,59,35
240,158,59,35
240,158,59,35
240,158,59,35
239,157,59,35
239,157,59,35
239,157,59,35
238,157,59,35
238,157,59,35
238,157,59,35
237,156,59,35
237,156,59,35
237,156,59,35
236,156,59,35
236,156,59,35
236,156,59,35
236,156,59,35
235,155,59,35
235,155,59,35
235,155,59,35
235,155,59,35
235,155,59,35
234,155,59,35
234,155,59,35
234,155,59,35
234,155,59,35
233,154,59,35
233,154,59,35
233,154,59,35
233,154,59,35
232,154,59,35
232,154,59,35
232,154,59,35
232,153,59,35
231,153,59,35
231,153,59,35
231,153,59,35
231,153,59,35
230,153,59,35
230,153,59,35
229,152,59,35
229,152,59,35
229,152,59,35
229,152,59,35
229,152,59,35
229,152,59,35
228,151,59,35
228,151,59,35
228,151,59,35
228,151,59,35
227,151,59,35
227,150,59,35
227,150,59,35
226,150,59,35
226,150,59,35
226,150,59,35
226,149,59,35
225,149,59,35
225,149,59,35
225,149,59,35
225,149,59,35
225,149,59,35
224,148,59,35
224,148,59,35
224,148,59,35
224,148,59,35
224,148,59,35
223,147,59,35
223,147,59,35
223,147,59,35
223,147,59,35
223,147,59,35
223,147,59,35
223,147,59,35
223,147,59,35
223,146,59,35
223,146,59,35
223,146,59,35
223,146,59,35
223,146,59,35
223,146,59,35
223,146,59,35
223,146,59,35
223,146,59,35
223,146,59,35
223,146,59,35
223,146,59,35
223,146,59,35
223,146,59,35
223,146,59,35
223,146,59,35
223,146,59,35
223,146,59,35
223,146,59,35
223,146,59,35
223,146,59,35
223,146,59,35
223,146,59,35
223,146,59,35
223,146,59,35
223,146,59,35
223,146,59,35
223,146,59,35
223,146,59,35
223,146,59,35
223,146,59,35
223,146,59,35
223,146,59,35
223,146,59,35
223,146,59,35
223,146,59,35
223,146,59,35
223,146,59,35
223,146,59,35
223,146,59,35
223,146,59,35
223,146,59,35
223,146,59,35
223,146,59,35
223,146,59,35
223,146,59,35
223,146,59,35
223,146,59,35
223,146,59,35
223,146,59,35
223,146,59,35
223,146,59,35
223,146,59,35
223,146,59,35
223,146,59,35
223,146,59,35
223,146,59,35
222,146,59,35
222,146,59,35
222,146,59,35
222,146,59,35
222,146,59,35
222,146,59,35
222,146,59,35
222,146,59,35
221,146,59,35
221,146,59,35
221,146,59,35
221,146,59,35
220,146,59,35
220,146,59,35
220,146,59,35
219,147,59,35
219,147,59,35
218,147,59,35
218,147,59,35
218,147,59,35
218,147,59,35
217,147,59,35
217,147,59,35
217,147,59,35
217,147,59,35
216,148,59,35
216,148,59,35
215,148,59,35
215,148,59,35
215,148,59,35
215,148,59,35
214,148,59,35
214,148,59,35
213,148,59,35
212,148,59,35
212,148,59,35
211,148,59,35
210,148,59,35
209,148,59,35
208,149,59,35
207,149,59,35
206,149,59,35
205,149,59,35
204,149,59,35
202,149,59,35
201,149,59,35
200,149,59,35
199,150,59,35
198,150,59,35
197,150,59,35
196,150,59,35
195,150,59,35
194,150,59,35
193,150,59,35
191,151,59,35
190,151,59,35
189,151,59,35
187,151,59,35
187,151,59,35
185,151,59,35
183,151,59,35
182,151,59,35
182,151,59,35
175,151,59,35
175,151,59,35
172,151,59,35
172,151,59,35
170,151,59,35
170,151,59,35
168,151,59,35
168,151,59,35
164,151,59,35
163,151,59,35
162,151,59,35
160,151,59,35
159,151,59,35
157,151,59,35
155,151,59,35
153,151,59,35
152,150,59,35
151,150,59,35
149,149,59,35
148,149,59,35
147,149,59,35
145,149,59,35
143,149,59,35
143,148,59,35
141,148,59,35
140,148,59,35
139,147,59,35
140,146,59,35
138,146,59,35
137,146,59,35
136,145,59,35
134,145,59,35
134,144,59,35
132,144,59,35
131,144,59,35
131,144,59,35
130,144,59,35
130,144,59,35
130,144,59,35
129,143,59,35
127,143,59,35
126,143,59,35
125,143,59,35
112,137,59,35
111,137,59,35
110,137,59,35
109,137,59,35
109,137,59,35
109,137,59,35
112,141,59,35
111,141,59,35
110,141,59,35
108,140,59,35
107,140,59,35
106,140,59,35
105,140,59,35
104,140,59,35
103,139,59,35
102,139,59,35
101,139,59,35
98,138,59,35
97,138,59,35
96,138,59,35
92,137,59,35
91,137,59,35
91,137,59,35
90,137,59,35
90,137,59,35
90,137,59,35
90,137,59,35
90,137,59,35
90,137,59,35
89,137,59,35
92,133,59,35
91,133,59,35
91,133,59,35
92,133,59,35
91,133,59,35
91,133,59,35
90,133,59,35
80,131,59,35
79,131,59,35
78,131,59,35
77,131,59,35
76,130,59,35
78,131,59,35
77,131,59,35
76,131,59,35
58,130,59,35
57,130,59,35
63,128,59,35
62,128,59,35
61,128,59,35
60,127,59,35
59,127,59,35
58,127,59,35
60,127,59,35
59,127,59,35
58,127,59,35
57,126,59,35
56,126,59,35
55,126,59,35
40,126,59,35
44,124,59,35
43,124,59,35
43,124,59,35
43,123,59,35
43,123,59,35
43,123,59,35
42,123,59,35
41,123,59,35
40,123,59,35
30,123,59,35
29,123,59,35
28,123,59,35
28,122,59,35
28,122,59,35
28,122,59,35
28,122,59,35
29,121,59,35
28,121,59,35
27,121,59,35
26,121,59,35
25,121,59,35
23,121,59,35
17,119,59,35
16,119,59,35
16,119,59,35
14,119,59,35
13,118,59,35
12,118,59,35
11,117,59,35
10,117,59,35
9,117,59,35
8,117,59,35
6,117,59,35
5,117,59,35
4,117,59,35
3,117,59,35
1,117,59,35
1,117,59,35
1,117,59,35
1,117,59,35
1,117,59,35
1,117,59,35
