NaN,NaN,NaN,-1
203.5,114.4,33,83.6
200.2,113.3,37.4,84.7
198,111.1,39.6,83.6
198,107.8,40.7,86.9
196.9,108.9,45.1,83.6
196.9,107.8,48.4,84.7
200.2,106.7,50.6,86.9
198,106.7,58.3,86.9
200.2,107.8,60.5,90.2
199.1,105.6,46.2,90.2
200.2,104.5,51.7,99
204.6,121,50.6,82.5
206.8,121,52.8,82.5
205.7,119.9,55,83.6
204.6,123.2,55,79.2
203.5,122.1,58.3,80.3
203.5,122.1,60.5,78.1
201.3,119.9,62.7,79.2
200.2,119.9,58.3,77
200.2,118.8,59.4,74.8
202.4,117.7,57.2,77
203.5,116.6,55,77
205.7,113.3,58.3,80.3
204.6,114.4,60.5,77
209,113.3,61.6,78.1
212.3,113.3,60.5,77
214.5,112.2,59.4,78.1
213.4,112.2,61.6,80.3
214.5,113.3,61.6,75.9
212.3,112.2,60.349,75.9
215.6,111.1,59.4,77
212.3,111.1,62.7,78.1
215.6,112.2,52.8,77
216.7,133.1,57.2,57.2
218.9,126.5,57.2,61.6
218.9,125.4,61.6,63.8
222.06,126.5,61.743,60.5
224.4,124.3,61.6,61.6
223.3,124.3,69.3,66
224.4,127.6,72.6,63.8
225.48,130.9,74.825,63.8
228.8,132,75.9,64.9
228.8,138.6,84.7,60.5
228.8,140.8,91.3,61.6
233.23,140.8,91.272,62.7
235.4,140.8,92.4,64.745
235.4,140.8,96.8,64.9
234.82,144.1,102.88,62.7
234.3,148.5,103.4,59.4
231,150.7,111.1,52.244
225.5,150.7,124.3,53.9
NaN,NaN,NaN,-2
NaN,NaN,NaN,0
NaN,NaN,NaN,0
NaN,NaN,NaN,0
NaN,NaN,NaN,0
NaN,NaN,NaN,-1
191.4,108.9,36.3,79.2
189.2,110,40.7,80.3
189.2,110,42.9,81.4
189.2,113.3,48.4,78.1
189.2,114.4,51.7,79.2
187,113.3,55,81.4
185.9,114.4,57.2,78.1
183.7,113.3,56.1,80.3
183.7,113.3,52.8,82.5
187,114.4,50.6,81.4
187,114.4,55,82.5
190.3,113.3,57.2,84.7
198,112.2,59.4,80.838
206.8,111.1,57.2,81.4
204.6,106.7,62.7,82.5
203.5,104.5,65.906,83.6
209,104.5,61.6,83.6
202.4,103.4,62.7,85.8
194.7,103.4,64.9,94.6
188.1,106.7,52.8,81.4
181.5,104.5,59.4,77
182.6,102.3,57.2,77
182.6,96.8,48.4,80.3
185.9,89.1,41.8,84.7
182.6,82.5,49.5,90.2
187,80.3,48.4,72.6
187,78.1,48.4,72.6
189.94,75.9,47.659,74.8
192.5,74.8,41.8,78.1
195.8,73.7,39.6,81.4
194.7,72.6,38.5,86.9
196.9,78.1,37.4,81.4
199.1,84.7,34.1,71.5
204.6,91.3,27.5,45.251
205.7,96.8,31.9,49.5
205.7,99,20.9,48.4
206.8,103.4,20.9,48.4
211.2,106.7,18.7,50.6
210.1,110,22,50.6
210.1,112.2,23.1,53.9
210.1,117.7,20.9,52.8
207.9,123.2,22,49.5
205.7,139.7,23.1,37.4
202.4,138.6,25.3,41.8
205.7,140.8,23.1,42.9
205.7,143,23.1,40.7
205.7,144.1,23.1,36.3
204.6,145.2,24.2,31.9
205.7,145.81,22,27.379
206.86,140.8,21.944,29.7
210.1,138.6,19.8,30.8
206.17,138.52,24.697,26.845
207.24,135.3,25.771,27.919
207.24,132.08,25.771,27.919
208.32,131,23.624,27.919
208.32,132.08,23.624,26.332
209.39,127.78,21.476,30.066
210.47,126.71,20.402,30.066
211.54,126.71,19.328,33.288
212.61,128.86,18.255,33.288
211.54,129.93,20.244,34.362
211.54,131,20.402,33.235
211.54,132.08,21.476,36.509
211.54,133.15,21.476,36.509
210.96,135.3,23.131,34.362
211.54,136.37,22.55,34.362
212.61,136.37,23.624,36.509
214.76,136.37,24.697,36.509
215.83,135.3,24.697,38.657
216.91,134.23,24.697,39.731
219.06,133.15,25.771,42.952
216.91,134.23,28.993,41.878
220.13,137.45,24.697,33.288
222.28,137.45,24.697,31.14
222.28,139.59,26.845,28.993
220.13,141.74,32.214,28.993
224.42,139.59,25.771,30.066
225.5,139.59,26.845,30.066
228.72,140.67,24.697,28.993
230.87,138.52,23.624,32.214
234.09,137.45,19.328,34.362
236.24,140.67,17.181,34.362
239.46,138.52,13.959,37.583
242.68,139.09,12.886,30.572
242.68,139.59,10.738,28.993
242.68,138.52,11.812,32.214
240.53,138.52,16.107,26.845
240.53,136.37,16.107,26.845
239.46,136.37,17.181,27.919
240.53,136.37,17.181,25.771
239.46,136.37,15.033,23.624
238.38,136.37,15.033,22.55
237.31,131,16.107,25.771
237.31,129.93,15.033,26.845
241.61,127.88,13.959,26.749
238.38,128.86,13.959,26.845
239.46,128.86,12.886,24.697
240.53,126.71,16.107,24.697
241.61,125.63,16.107,22.55
236.24,128.86,20.402,22.55
239.46,126.57,18.255,24.832
239.46,125.63,19.328,25.771
242.54,125.35,18.344,25.477
243.11,125.35,17.781,23.333
242.54,126.37,18.344,23.439
242.54,122.29,18.344,21.401
243.56,122.29,17.324,21.401
244.58,122.29,16.305,20.382
245.6,125.35,15.286,20.382
244.58,126.37,17.324,18.344
243.56,128.41,18.344,18.344
243.56,127.39,17.324,18.344
241.52,128.41,17.324,16.305
240.5,126.37,17.324,18.344
239.49,126.37,16.305,18.344
236.43,124.33,16.305,19.363
234.39,124.33,16.305,18.344
233.35,122.29,15.303,16.322
232.35,121.27,15.286,16.305
231.33,121.27,16.305,15.286
230.31,121.27,16.305,15.286
227.26,121.27,19.363,18.344
228.28,120.25,18.344,17.324
225.22,120.25,20.382,18.344
225.22,120.25,21.401,19.363
223.18,119.23,21.401,19.363
224.2,121.27,19.363,18.338
221.14,124.33,20.382,17.324
224.2,121.27,17.324,17.324
223.18,122.29,17.324,17.324
224.2,120.25,16.305,17.324
225.22,122.29,16.305,17.324
223.18,121.27,17.324,19.363
217.07,126.37,13.248,16.218
216.05,127.39,13.248,15.286
209.93,127.39,19.363,14.267
208.91,126.37,20.382,15.286
208.91,125.35,20.382,15.286
212.99,125.35,19.363,16.305
212.99,125.35,18.344,16.305
216.05,123.31,25.477,20.382
210.95,122.29,33.63,24.458
212.99,122.29,29.554,24.458
214.01,124.33,25.477,23.439
216.05,124.33,28.534,25.477
212.99,126.37,30.573,23.439
210.95,127.39,31.592,23.439
210.95,127.39,29.554,22.42
209.93,127.39,31.592,22.42
210.95,126.37,23.439,23.439
208.91,127.39,25.477,24.458
209.93,126.37,24.458,27.515
211.97,129.42,22.302,26.496
210.18,131.24,25.655,25.655
213.05,134.2,26.732,22.785
215.11,138.14,25.655,21.708
215.11,140.12,27.629,24.669
215.11,142.09,28.615,27.629
215.11,147.02,32.562,24.669
214.12,147.02,35.523,27.629
213.14,146.04,33.549,29.602
215.11,146.04,35.523,31.576
215.11,147.02,36.509,30.589
214.12,145.05,38.483,33.549
214.12,145.52,41.443,34.07
215.11,146.04,43.417,34.536
213.14,145.05,44.403,35.523
213.14,146.04,44.403,34.536
212.15,146.04,47.364,35.523
211.16,145.05,51.311,35.523
212.15,145.05,52.297,35.523
211.16,143.08,56.244,38.483
208.2,142.09,60.191,40.456
209.19,140.12,62.165,43.417
208.2,142.09,62.165,41.443
206.23,141.1,67.098,43.417
205.24,141.1,69.072,43.417
203.27,141.1,64.138,41.443
201.3,141.1,67.098,46.377
200.8,142.09,70.549,46.377
189.45,150.97,78.939,34.536
189.45,153.18,40.456,32.33
184.52,152.94,46.377,31.576
183.53,149.98,48.35,34.536
185.98,149.98,40.969,32.562
188.47,149.98,41.443,33.549
191.43,150.97,40.456,33.549
195.37,148.01,43.417,36.509
197.35,148.01,44.135,39.47
201.3,148.01,43.417,39.47
203.27,149,44.403,37.496
204.26,148.01,45.39,36.509
203.27,148.01,46.377,37.496
201.3,149,47.364,32.562
201.3,147.02,53.284,35.523
199.32,144.06,54.271,36.509
204.26,143.08,53.284,35.523
204.26,143.08,51.297,34.536
205.24,140.12,52.297,36.509
208.2,137.16,50.324,38.483
208.2,135.18,43.417,38.483
210.18,133.21,47.364,37.998
212.15,134.2,44.403,35.561
214.12,134.2,45.39,38.483
213.14,133.21,48.35,41.443
207.22,134.2,54.271,40.456
208.2,134.2,54.271,39.47
207.22,134.2,57.231,40.456
207.22,135.18,54.38,40.456
205.24,136.17,58.218,40.456
205.24,135.18,60.191,42.43
207.22,135.18,61.178,44.403
207.22,135.18,63.151,45.39
206.23,135.18,71.045,46.377
204.15,135.18,75.101,45.39
202.28,136.17,79.926,45.39
199.32,136.17,76.966,46.377
197.35,135.18,76.966,45.39
198.33,136.17,75.979,44.403
197.35,135.18,78.939,45.39
197.35,134.2,76.966,46.377
194.39,132.22,80.913,48.35
193.4,132.22,82.886,48.35
193.4,132.22,78.939,49.337
193.4,129.26,81.899,52.297
192.41,128.28,85.846,52.297
191.43,127.29,89.793,53.284
189.45,125.32,94.727,51.311
189.45,124.33,95.714,51.311
186.49,122.36,102.62,51.311
185.51,121.37,104.59,52.297
182.55,120.38,92.754,48.35
179.59,120.38,95.714,48.35
182.55,118.41,102.62,51.311
182.55,115.45,104.59,52.297
NaN,NaN,NaN,-2
NaN,NaN,NaN,0
NaN,NaN,NaN,0
NaN,NaN,NaN,0
NaN,NaN,NaN,0
NaN,NaN,NaN,-1
158.6,99.633,36.6,84.383
157.58,99.633,38.633,85.4
155.55,97.6,42.7,87.433
153.52,96.583,46.767,88.45
151.48,96.583,48.8,87.433
151.48,94.55,49.817,89.467
148.43,93.533,54.9,90.483
148.43,93.533,55.917,90.483
148.43,93.533,58.967,90.995
148.43,92.517,57.95,93.533
145.38,105.73,64.05,82.35
140.3,106.75,71.167,83.367
137.25,106.75,71.167,85.4
135.22,109.8,74.217,82.35
136.23,115.9,73.2,78.81
137.25,116.92,73.2,77.267
139.28,114.88,73.2,80.317
139.28,120.98,76.25,75.233
136.23,120.98,83.367,76.25
134.2,120.98,88.45,78.283
132.17,122,91.5,78.283
135.22,123.02,93.533,79.3
163.68,155.55,68.117,47.783
NaN,NaN,NaN,-2
NaN,NaN,NaN,0
NaN,NaN,NaN,0
NaN,NaN,NaN,0
NaN,NaN,NaN,0
NaN,NaN,NaN,-1
135.05,97.125,28.675,78.625
132.28,98.05,37,78.625
132.28,97.125,39.775,83.25
131.35,99.9,43.475,81.9
128.58,100.83,48.1,84.175
131.35,103.6,49.025,84.175
132.28,106.38,55.5,82.325
133.2,110.08,56.425,81.4
135.98,115.17,58.275,78.154
138.75,115.63,60.125,79.55
143.38,112.85,62.9,82.885
150.78,110.08,46.25,84.175
157.25,108.23,48.1,87.875
158.18,106.38,52.725,88.8
160.03,106.38,53.65,88.8
159.1,105.45,56.425,88.8
153.55,101.75,64.75,87.875
159.1,101.75,58.275,90.65
154.48,103.6,59.2,90.65
157.25,104.53,37,88.8
153.55,103.6,39.775,85.1
153.55,103.6,35.15,75.85
152.63,103.6,32.375,64.75
152.63,102.68,31.45,46.25
150.78,101.75,28.675,46.25
149.85,101.75,24.975,45.325
148.93,100.83,24.975,45.325
148.93,101.75,24.05,43.901
148,103.6,25.9,41.625
147.08,104.53,25.9,40.7
147.08,105.45,24.975,45.325
148,104.53,21.275,46.25
146.15,103.6,21.275,47.175
144.3,99.9,22.2,49.95
145.23,96.2,22.2,50.875
145.23,106.38,24.975,37
144.3,105.45,25.9,38.85
144.3,104.53,26.825,37.925
147.08,104.53,26.825,35.15
153.55,104.53,28.675,33.3
157.25,105.45,24.975,33.3
156.8,107.3,27.272,33.3
159.1,111.93,28.675,32.375
161.88,117.48,27.75,29.6
161.88,121.18,27.75,30.525
162.8,122.1,25.9,31.45
164.65,125.8,24.05,31.45
165.58,127.65,21.275,33.3
164.65,129.5,23.125,33.3
165.58,129.5,23.125,34.225
164.65,131.35,23.125,34.225
163.73,133.2,24.05,36.075
163.42,135.05,22.5,38.85
162.8,136.9,21.275,37.925
162.8,137.83,21.275,37.925
157.25,137.83,21.275,38.85
155.4,137.83,22.2,41.625
155.4,133.2,23.125,44.4
157.25,129.5,20.35,43.47
156.33,123.95,21.275,40.7
155.4,118.4,24.05,41.625
155.4,113.78,25.9,37.925
155.2,108.23,28.875,36.075
156.17,101.75,29.757,36.075
159.85,99.9,30.703,35.15
163.73,97.125,29.6,36.075
166.42,97.125,27.829,35.15
166.5,99.9,28.675,34.225
167.43,99.9,29.6,34.225
165.58,100.83,32.375,35.15
165.58,103.6,30.525,35.15
164.65,107.3,28.675,33.3
162.8,111.93,25.9,34.225
160.95,115.63,24.975,36.075
158.18,119.33,23.125,37
155.4,123.03,19.425,37.925
150.78,127.65,19.425,36.075
148,131.35,20.35,36.075
145.23,133.2,20.35,37.925
142.45,134.13,20.35,37.925
141.53,134.13,21.275,39.775
142.45,133.2,21.275,45.325
144.3,133.2,21.275,44.4
146.15,132.28,21.275,41.625
148.93,130.43,21.275,37
149.85,125.8,23.125,37
149.85,123.95,24.975,34.225
151.7,121.18,25.9,34.225
154.48,118.4,24.975,34.225
150.78,113.78,30.525,36.075
151.7,112.85,29.6,36.075
152.63,111.93,29.6,33.3
155.4,110.08,27.75,33.3
157.25,108.23,26.825,32.375
158.18,105.45,25.9,32.375
159.1,103.6,25.9,31.45
160.03,101.75,25.9,31.45
160.03,103.6,24.975,30.525
159.55,103.6,24.523,31.45
159.1,104.53,24.05,36.075
159.06,104.53,21.319,37.925
157.25,101.75,21.275,39.775
156.33,101.75,20.35,39.775
153.55,104.53,22.2,37
149.85,104.53,23.125,37.925
148,103.6,23.125,37.925
145.23,104.53,24.05,37
142.45,101.75,25.9,41.625
140.6,102.68,27.75,35.41
137.83,100.83,32.375,33.3
136.9,100.83,32.375,30.525
137.83,97.125,32.375,30.525
138.75,94.35,32.375,31.45
140.6,93.425,29.6,29.143
144.3,90.65,27.75,30.525
137.83,91.575,34.737,28.675
140.6,89.725,31.45,29.6
143.38,88.8,31.45,29.6
147.08,87.875,28.675,28.675
151.7,87.875,25.9,30.525
154.48,88.8,27.75,31.45
161.88,89.725,25.9,35.15
163.73,93.425,26.825,29.6
165.58,98.975,23.125,27.75
166.5,103.6,24.05,30.525
166.5,106.38,22.2,30.525
166.5,111,22.2,34.225
165.58,112.85,22.2,35.15
166.5,113.78,23.125,34.225
165.58,114.7,23.125,37
167.55,115.63,22.079,36.075
167.43,116.55,23.125,32.375
167.43,115.63,23.125,37.925
166.5,116.55,24.975,35.15
162.32,118.4,28.228,30.525
159.1,123.03,29.6,27.277
156.76,125.8,29.167,26.825
152.63,127.65,32.375,26.825
159.1,129.5,23.534,26.825
152.63,129.5,27.75,28.675
151.7,131.35,28.675,27.75
151.7,131.35,25.9,27.75
150.78,132.28,27.75,26.825
150.78,132.28,26.825,26.34
149.85,134.13,27.75,25.9
151.7,134.13,25.9,29.6
149.85,133.2,27.75,35.15
153.55,131.35,24.05,37.925
152.63,131.35,24.975,35.15
150.78,133.07,26.033,34.358
152.63,134.13,24.975,32.375
152.63,134.13,25.9,28.675
151.7,132.28,27.75,32.375
153.55,126.73,26.825,34.225
153.55,124.88,26.825,36.075
151.7,124.88,27.845,36.075
152.63,121.18,27.75,36.075
151.7,118.4,28.675,37.925
151.7,116.55,29.6,34.225
153.56,111.93,29.586,35.15
153.55,109.15,34.225,33.3
157.25,105.45,32.375,31.45
157.25,104.53,35.15,29.6
158.18,102.68,35.15,29.6
159.1,101.75,36.075,30.525
159.1,102.68,35.15,29.6
160.95,101.75,33.3,30.525
162.8,101.75,30.525,28.675
162.8,102.68,30.525,26.366
163.73,101.75,27.75,26.825
166.5,100.83,24.05,29.6
167.43,101.75,23.125,28.675
167.43,101.75,23.125,34.225
168.35,102.68,22.2,33.3
168.35,100.83,22.2,35.15
168.35,99.9,24.05,37
168.35,100.83,23.125,33.3
169.28,100.83,23.125,33.3
169.28,98.975,23.125,33.3
168.35,98.975,24.05,29.647
166.5,98.05,24.975,31.45
164.65,98.975,25.9,27.75
160.95,98.975,27.75,24.975
159.1,100.83,28.675,23.125
154.48,101.75,31.45,24.05
150.78,101.75,31.45,23.125
149.85,97.125,30.525,28.675
149.85,95.275,28.675,28.675
146.15,94.35,28.716,30.525
143.38,94.35,27.75,30.525
142.45,101.75,25.9,23.125
141.53,100.83,24.975,23.125
139.68,96.2,24.05,25.9
139.68,96.2,22.2,25.9
138.75,96.2,22.2,24.05
137.35,96.2,21.751,27.75
135.98,96.2,22.2,28.675
135.05,97.125,21.275,30.525
135.05,97.125,20.35,29.6
134.13,97.125,18.5,29.6
132.28,98.05,21.275,28.675
132.28,97.125,20.35,30.525
132.28,97.125,22.2,29.6
132.28,99.9,23.125,27.75
131.35,100.83,23.125,26.825
131.35,104.53,24.05,26.825
133.2,110.08,26.825,24.975
135.05,117.52,26.825,23.076
136.9,123.03,28.675,21.275
142.45,127.65,29.6,22.2
152.63,132.28,24.05,21.275
153.55,133.2,25.9,22.2
155.4,134.13,25.9,21.275
155.4,133.2,25.9,23.125
155.4,129.5,25.9,27.75
153.55,124.88,24.05,28.675
152.63,122.1,25.9,30.525
152.63,118.4,24.05,26.825
151.7,113.78,24.975,32.375
153.55,109.15,21.275,34.225
153.55,107.3,21.275,26.825
152.63,105.45,21.275,27.75
151.74,104.53,20.314,26.825
151.7,103.6,20.35,25.9
149.85,103.6,22.2,24.975
146.15,101.75,23.125,23.551
137.83,99.9,24.05,24.975
130.43,94.35,25.9,28.675
123.03,87.875,30.525,32.375
113.78,83.25,35.15,33.3
106.36,80.475,36.094,29.128
103.6,84.175,38.85,19.425
114.7,73.566,38.85,19.859
136.38,63.825,35.214,25.9
155.4,64.75,37,18.5
214.6,56.425,48.1,25.9
239.58,56.425,45.724,24.975
NaN,NaN,NaN,-2
NaN,NaN,NaN,0
NaN,NaN,NaN,0
NaN,NaN,NaN,0
NaN,NaN,NaN,0
NaN,NaN,NaN,-1
227.8,35.175,58.625,139.03
217.75,40.2,63.65,139.03
221.1,56.95,60.3,135.68
226.13,60.3,61.975,137.3
226.13,67,61.975,137.35
214.4,78.725,67,139.03
201,92.125,70.35,145.73
182.58,107.2,77.05,142.38
172.53,107.2,82.075,149.08
162.48,108.88,85.425,144.05
157.45,110.55,87.1,137.35
165.83,110.55,77.05,140.7
160.8,108.88,77.05,137.35
160.8,105.53,80.4,137.35
165.83,102.18,82.075,137.35
165.83,95.475,83.75,135.68
174.2,92.125,82.075,132.32
180.9,92.125,80.4,125.63
182.58,90.45,75.375,128.98
184.25,92.125,75.375,125.88
184.25,93.8,82.075,120.6
182.58,100.5,85.425,122.27
174.2,105.53,88.775,123.95
174.2,105.53,88.775,128.98
175.88,108.88,90.45,132.32
169.18,110.55,95.475,125.63
