NaN,NaN,NaN,-1
203.5,113.3,33,84.7
200.2,113.3,35.2,82.5
201.3,111.67,36.3,83.025
198,111.1,41.8,81.4
198,111.1,44,81.4
198,112.2,49.5,82.5
201.3,112.2,48.4,82.5
200.2,111.1,55,89.1
202.4,104.5,60.5,97.9
201.3,107.8,48.4,95.7
203.5,107.8,49.5,97.9
205.7,110,53.9,95.7
204.6,112.2,57.2,92.4
201.3,113.3,60.5,91.3
198,112.2,64.9,92.4
199.1,111.1,64.9,92.4
201.3,111.1,62.7,89.1
201.3,123.2,58.3,75.346
199.1,122.1,57.2,74.8
202.4,121,52.8,74.8
198,118.8,56.1,75.905
199.1,117.7,58.3,77
204.6,117.7,57.2,77
206.8,114.4,58.3,80.3
205.7,114.4,64.9,81.4
206.8,116.6,66,75.9
209,116.6,63.8,73.7
210.1,115.5,64.9,73.7
211.2,114.4,64.9,74.8
211.2,110,62.7,78.1
213.4,136.4,62.7,50.6
213.4,135.3,61.6,53.9
217.8,136.4,61.6,53.9
216.7,137.5,68.2,51.7
213.4,138.6,75.9,50.6
216.7,138.6,77,51.7
220,138.6,77,50.6
221.1,136.4,83.6,50.6
221.1,136.4,89.1,51.7
218.9,136.4,97.9,51.7
216.7,138.6,108.9,53.9
217.8,143,102.3,52.8
221.1,145.2,97.9,53.9
224.4,148.5,99,51.7
223.3,148.5,103.4,53.9
221.1,148.5,111.1,57.2
218.9,147.4,115.5,60.5
213.4,148.5,126.5,59.4
220,147.4,130.9,60.5
218.9,144.1,135.3,61.6
224.4,144.1,133.1,60.5
218.9,157.3,139.7,45.1
NaN,NaN,NaN,-2
NaN,NaN,NaN,0
NaN,NaN,NaN,0
NaN,NaN,NaN,0
NaN,NaN,NaN,0
NaN,NaN,NaN,-1
194.7,106.7,34.1,84.7
194.7,108.9,37.4,82.5
196.9,111.1,39.6,80.3
194.7,112.2,45.1,84.7
194.7,113.3,44,89.1
193.6,114.4,48.4,89.1
191.4,112.2,47.3,91.3
190.3,111.1,44,90.2
192.5,111.1,40.7,85.233
193.6,111.1,44,89.1
198,111.1,41.8,91.3
206.8,111.1,44,92.4
213.4,110,46.135,91.3
216.7,106.7,47.3,84.7
214.5,104.5,53.9,84.7
211.2,105.6,59.4,82.5
205.7,103.4,44,79.2
196.9,103.4,49.5,81.4
191.4,104.5,50.6,70.4
189.2,103.4,44,41.8
190.3,101.2,38.5,45.1
189.2,95.7,37.4,45.1
187,89.1,41.8,50.6
190.3,80.3,41.8,50.6
190.3,74.8,45.1,56.1
191.4,74.8,52.8,45.1
193.6,73.7,52.8,44
195.8,71.5,53.9,46.2
198,70.4,33,47.3
192.5,72.6,38.5,48.4
194.7,78.1,33,51.7
198,82.5,28.6,57.2
203.5,92.4,21.399,56.1
203.5,96.8,22,49.5
204.6,96.8,20.9,53.9
205.7,100.1,22,53.325
208.52,103.4,20.276,52.8
211.2,107.8,20.9,50.6
210.1,126.5,24.2,35.2
210.1,132,23.1,37.4
210.1,136.4,19.8,36.3
209,138.6,19.8,38.5
210.63,140.8,17.069,39.6
210.1,140.8,18.7,44.52
209,141.9,19.8,36.3
207.9,141.9,20.9,33
205.7,140.8,22,34.1
200.2,140.8,30.8,30.8
198,140.8,30.805,29.7
193.6,137.5,34.1,33
189.2,137.5,39.6,29.7
203.46,134.22,25.565,30.891
204.52,131.02,26.63,31.957
204.52,127.83,25.565,34.087
205.59,125.7,24.5,35.152
207.72,123.57,22.37,37.283
207.72,122.5,23.435,41.544
208.78,122.5,21.304,41.544
211.98,126.76,17.044,40.478
214.11,131.02,14.913,34.78
214.11,134.22,18.109,31.957
213.04,134.22,21.304,34.087
214.11,136.35,18.109,29.826
213.04,137.41,21.304,28.761
214.11,139.54,19.174,25.565
216.24,137.41,19.174,29.826
218.37,136.35,18.109,28.761
220.5,134.22,17.044,31.957
221.57,134.22,18.109,33.022
222.63,133.15,20.239,34.087
223.7,134.22,21.304,37.283
222.63,136.35,24.5,36.217
220.5,136.35,25.565,31.957
221.57,137.41,27.696,31.957
224.76,139.54,25.565,29.826
226.89,140.61,22.37,29.324
224.76,140.61,28.761,29.826
224.76,141.67,27.696,29.826
225.83,137.41,26.63,35.152
232.22,136.35,21.304,36.217
236.48,134.22,20.239,39.413
239.67,134.22,17.044,40.478
242.87,134.22,12.783,37.283
242.87,134.22,13.848,31.908
242.87,133.15,12.783,30.891
243.94,133.15,14.913,29.826
242.87,133.15,13.848,24.462
242.87,131.02,14.913,26.63
240.74,131.02,15.978,26.63
241.24,128.89,13.348,26.565
239.67,128.89,13.848,26.63
238.61,126.76,15.978,26.63
238.61,125.7,18.109,23.435
238.61,124.63,19.174,23.435
239.67,124.63,15.978,25.565
241.8,124.63,12.783,25.565
242.87,123.57,13.848,25.565
240.74,122.5,15.978,27.696
240.74,123.57,15.978,25.565
241.8,122.5,15.978,26.63
242.72,120.37,16.128,29.826
240.74,120.37,18.109,29.826
243.79,119.36,15.173,30.347
244.8,118.35,14.162,30.347
243.79,116.33,15.173,31.358
242.78,117.34,16.185,30.347
243.79,117.34,16.185,27.312
244.8,116.33,16.185,31.358
244.8,117.34,15.173,30.347
244.8,117.34,13.15,31.358
243.79,116.33,16.185,32.37
241.76,117.34,15.173,31.358
241.76,115.32,12.139,32.37
238.73,120.38,13.15,28.324
237.54,119.36,11.301,28.324
232.66,118.35,19.22,36.416
230.64,117.34,16.185,35.405
228.61,117.34,15.173,31.358
226.59,116.33,19.22,31.358
224.57,117.34,20.231,30.347
223.56,117.34,18.208,28.156
223.56,116.33,17.197,29.335
218.5,113.3,22.254,32.37
221.53,109.25,18.208,35.405
221.53,108.24,19.22,35.405
219.51,111.27,21.243,33.382
219.51,113.3,20.231,31.358
218.5,114.31,21.243,31.358
220.52,112.28,20.231,36.416
217.49,113.3,24.278,36.416
219.51,116.33,22.254,32.37
211.42,119.36,29.335,32.37
208.38,120.38,31.358,32.37
210.41,121.39,29.335,31.358
218.5,122.4,21.243,32.37
220.52,122.4,19.22,32.37
221.53,121.39,19.22,34.393
221.53,121.39,19.22,31.358
220.52,121.39,22.254,32.37
218.5,120.38,24.278,32.37
215.46,119.36,27.312,32.296
213.44,119.36,29.335,31.358
212.43,117.34,30.347,31.358
213.44,120.38,27.312,26.301
210.41,123.41,27.312,23.266
210.41,119.36,31.358,32.37
207.37,122.4,34.393,31.358
206.36,122.4,33.382,33.382
205.35,119.36,36.416,35.405
206.36,119.36,35.405,35.405
206.36,117.34,38.439,37.428
202.31,118.35,45.52,39.451
201.3,122.4,47.543,36.416
207.08,123.26,44.374,43.388
208.06,129.18,48.318,42.402
215.95,136.08,40.43,39.443
213.98,139.04,35.499,41.416
212.01,144.95,32.402,39.443
212.01,145.94,33.527,40.43
209.05,146.93,39.443,40.43
205.11,149.89,45.36,40.43
207.08,148.9,45.36,42.402
210.04,148.9,46.346,43.388
211.02,148.9,29.583,42.402
210.04,148.9,33.527,42.402
206.09,148.9,39.443,40.43
206.09,148.9,40.43,44.374
206.09,143.97,28.597,48.365
205.11,142,33.527,49.304
207.08,142,32.541,49.304
208.06,142,31.555,48.318
207.08,142.98,22.68,46.346
206.09,142,22.68,46.346
205.11,141.01,21.694,46.346
203.13,140.02,22.68,45.36
202.15,140.02,20.708,47.332
201.16,139.04,21.222,46.346
197.22,140.02,23.666,43.388
196.23,141.01,21.694,44.374
193.27,141.01,24.652,45.36
190.31,142.98,28.597,45.36
190.31,142.98,27.61,46.346
191.3,140.02,26.624,49.304
191.3,141.54,26.624,47.793
193.27,143.97,26.624,41.416
193.27,142,27.61,45.36
197.22,142.98,26.624,51.277
199.19,141.01,28.597,52.263
203.13,142,28.597,49.304
205.11,141.01,28.597,51.277
205.11,140.02,29.583,51.277
204.12,140.02,30.569,53.249
204.12,139.04,34.513,52.263
213.98,138.05,24.652,56.207
214,140.02,25.624,49.739
214.97,138.96,28.597,52.337
216.94,135.09,27.61,55.221
216.94,134.11,30.569,56.207
216.94,132.14,25.638,57.193
214.97,130.16,30.569,56.207
214.97,123.26,25.638,65.082
213.98,124.25,28.597,64.096
213.98,124.25,30.569,65.082
212.99,124.25,32.541,67.054
208.06,124.25,37.471,69.026
206.09,126.22,41.416,66.068
200.18,125.23,49.304,69.026
199.19,126.69,49.304,67.566
200.18,130.16,47.332,64.096
198.2,128.19,50.29,70.998
201.16,128.19,30.569,72.97
197.22,128.19,37.471,71.984
198.2,126.22,37.471,69.906
209.05,127.21,28.597,70.998
208.06,127.21,29.583,70.998
206.09,127.21,31.555,70.998
203.13,130.16,30.569,64.096
200.18,128.19,29.583,71.984
199.19,127.21,29.583,70.012
195.25,125.23,30.082,70.012
193.27,124.25,28.597,67.054
191.3,123.26,26.624,63.11
189.33,122.77,25.638,63.602
192.29,123.26,21.694,65.082
185.38,120.3,24.631,67.054
184.4,118.33,23.666,67.054
183.41,115.37,22.68,65.082
182.43,114.39,23.666,63.11
182.43,112.41,23.666,62.123
179.47,113.4,23.666,58.179
176.51,111.43,21.694,58.179
174.54,109.46,20.708,57.193
174.54,109.46,20.708,55.221
174.54,104.53,21.694,57.193
171.58,101.57,24.652,55.221
167.63,98.609,26.624,56.207
162.7,97.623,32.541,53.249
175.52,97.623,16.763,54.235
173.55,98.609,17.75,52.263
169.61,98.609,20.708,53.249
167.63,96.637,19.722,52.263
164.68,95.65,19.722,54.235
163.69,94.664,19.722,55.221
161.72,93.678,18.736,55.221
162.7,93.678,16.763,53.249
161.72,92.692,21.694,56.207
158.76,92.692,23.666,55.221
159.75,91.706,20.691,56.207
158.76,92.692,17.75,57.193
154.82,94.664,21.694,56.207
154.82,95.65,20.708,57.193
153.83,96.637,20.708,56.207
150.87,99.595,21.694,55.221
147.91,99.595,21.694,56.207
146.93,101.57,21.694,58.179
146.93,98.609,20.708,61.137
147.91,96.637,18.736,63.11
145.94,96.637,20.708,69.026
142,96.637,23.666,72.97
142,94.664,24.652,76.915
138.05,93.678,26.624,77.901
136.08,94.664,26.624,70.012
134.11,94.664,28.597,70.998
131.15,95.65,30.569,70.012
133.12,94.664,27.61,70.998
133.12,94.664,26.624,70.998
135.09,95.65,24.652,72.97
134.11,94.664,25.638,74.943
137.07,93.678,22.68,70.012
137.07,93.678,22.68,71.984
139.04,95.539,22.68,65.193
141.01,96.637,22.68,65.082
141.01,99.595,24.652,57.193
143.97,103.54,21.546,53.1
144.95,106.5,22.68,52.263
145.94,110.44,21.694,55.221
147.91,115.37,19.722,55.221
148.9,116.36,19.722,57.193
151.86,116.36,17.75,60.151
156.79,114.39,18.736,44.374
165.66,113.4,20.708,44.374
171.58,111.43,22.68,44.374
172.57,109.46,23.666,49.304
170.59,109.46,25.638,42.402
169.61,108.47,26.624,41.416
168.62,109.46,28.597,40.43
164.68,109.46,33.527,41.416
164.72,109.46,30.523,42.402
160.73,106.5,33.527,45.36
158.76,106.5,29.583,45.36
154.82,119.32,30.569,35.499
149.89,118.33,31.555,36.485
149.89,117.34,31.555,39.443
150.83,116.36,28.636,40.43
147.91,116.36,26.624,37.471
147.91,116.36,26.624,37.471
148.9,116.36,23.666,36.485
149.89,116.36,22.68,37.471
147.91,117.34,24.652,37.471
147.91,117.34,23.666,37.471
146.93,118.33,22.68,38.457
145.94,117.82,20.708,39.95
143.97,115.37,21.694,39.443
143.97,112.41,21.759,37.471
144.95,108.47,21.694,39.443
144.95,107.48,20.708,39.443
145.94,108.47,20.209,36.485
147.91,108.47,20.708,34.513
155.8,108.47,21.694,31.707
159.75,107.48,22.68,34.513
160.92,109.46,23.477,34.513
161.72,114.39,23.666,33.527
163.69,119.32,22.68,33.527
164.68,123.26,21.694,32.541
165.66,126.22,19.722,33.527
162.7,128.19,25.638,34.513
161.72,131.15,26.624,31.555
162.7,131.15,24.652,33.527
165.66,132.14,22.68,32.541
166.65,132.14,21.694,33.527
165.66,136.08,20.708,32.541
163.69,138.05,21.694,36.485
162.7,139.04,18.736,34.513
160.73,140.02,20.708,36.485
157.77,139.57,20.708,38.914
155.8,139.04,20.708,39.443
155.8,136.08,22.68,37.471
155.8,131.15,22.68,40.43
154.82,125.23,23.666,39.443
155.8,121.29,23.666,38.382
156.79,116.36,24.652,34.513
158.76,110.44,23.666,31.555
158.76,105.51,28.597,31.555
160.73,103.54,29.583,31.555
161.72,101.57,31.555,31.025
162.7,99.595,32.541,32.541
159.75,100.58,36.485,32.541
160.73,101.57,36.485,32.541
161.72,101.57,35.499,32.541
162.7,104.53,31.555,33.527
163.69,107.48,27.61,34.513
161.72,112.41,26.624,35.499
160.73,115.37,23.666,38.457
157.77,119.32,22.68,39.443
154.82,125.23,22.68,37.471
149.89,128.19,21.694,35.499
145.94,134.01,21.694,33.622
142.98,138.05,22.68,33.527
140.02,138.05,22.68,33.527
140.02,139.58,23.666,32.983
142,140.02,22.68,33.527
141.01,141.01,22.68,33.527
144.95,137.07,23.666,33.527
147.91,130.16,23.666,36.485
147.91,128.19,24.652,33.98
149.89,126.22,23.666,30.569
147.91,124.25,28.597,29.583
148.9,120.3,31.555,30.569
148.9,119.32,32.541,27.61
153.91,119.32,29.502,26.624
155.8,117.34,28.597,28.597
157.77,114.39,26.624,26.624
153.83,113.4,31.555,25.638
155.8,111.43,31.555,26.624
157.77,108.47,29.583,28.597
159.68,106.5,28.661,27.61
159.75,105.51,27.61,28.597
160.73,108.47,26.624,25.638
159.75,106.5,26.624,31.555
158.76,107.48,26.624,30.569
156.79,106.5,24.652,34.513
154.82,105.51,24.652,36.485
153.83,105.51,23.666,35.499
150.87,106.5,21.694,35.499
147.91,105.51,22.68,36.485
145.94,103.54,24.652,39.443
142,103.54,27.61,39.443
140.02,102.55,27.61,36.485
138.05,100.58,29.583,32.057
137.07,100.58,32.541,31.555
138.05,98.609,32.541,26.624
136.08,95.65,35.499,26.624
134.11,93.678,37.471,24.652
135.09,91.706,37.471,26.624
137.07,91.706,34.513,24.652
141.01,90.72,31.555,26.624
142.9,89.734,31.642,29.583
143.97,88.748,32.541,31.555
147.91,88.748,29.583,31.555
153.83,88.748,26.624,29.583
160.73,88.748,26.065,34.513
163.69,91.706,24.652,36.485
164.67,98.609,24.657,35.499
165.66,103.54,23.666,36.485
166.65,108.47,24.652,34.513
165.66,113.4,24.652,34.513
166.65,113.4,22.68,37.471
165.66,114.39,24.652,35.499
166.65,116.28,22.68,33.609
166.65,116.36,21.694,34.513
164.68,117.34,25.638,34.513
164.68,117.34,24.652,35.499
161.72,119.32,30.569,32.541
157.77,120.3,32.541,31.555
155.8,124.25,32.541,29.583
151.86,127.21,32.536,27.61
149.89,129.18,34.513,26.624
148.9,131.15,32.541,24.652
146.93,134.11,32.541,23.666
146.93,135.09,30.569,22.68
147.76,136.08,29.737,22.68
147.91,137.07,27.61,23.666
147.91,135.09,27.61,27.61
150.87,133.12,24.652,29.583
152.84,133.12,24.652,30.569
153.83,133.18,23.666,28.57
153.83,133.12,23.666,29.583
154.82,133.12,22.68,29.583
154.82,132.14,22.68,33.527
154.82,133.12,21.694,34.064
153.83,136.08,19.722,29.583
153.83,134.11,18.736,30.569
153.83,130.16,18.736,32.541
153.83,140.02,18.736,21.612
153.83,133.12,17.75,23.666
152.84,129.18,22.68,26.624
151.86,125.23,23.666,28.597
151.86,126.22,21.694,22.68
152.84,120.3,27.61,24.652
155.2,117.34,27.228,24.652
156.79,116.36,28.597,22.68
161.72,112.41,24.652,25.638
162.7,111.43,25.638,23.666
163.69,110.44,27.61,23.666
163.69,108.47,27.61,24.652
161.72,106.5,30.569,26.624
162.7,106.5,28.597,25.638
162.7,105.51,28.597,24.652
163.69,105.51,26.624,25.638
165.66,101.57,24.652,29.583
165.66,101.57,24.652,29.583
166.65,102.55,23.666,31.555
167.63,101.57,22.68,31.555
168.62,100.58,21.694,33.527
168.62,101.57,22.68,33.527
169.61,100.58,22.68,33.527
168.62,99.595,23.666,32.541
167.63,99.595,24.652,35.499
167.63,99.595,24.652,31.555
166.09,98.609,26.198,30.009
163.69,97.623,27.61,30.569
159.75,97.623,30.089,28.597
155.8,98.609,32.541,27.61
152.84,99.595,32.541,26.624
149.89,99.595,32.576,26.624
160.73,99.595,19.722,25.638
158.76,101.57,19.722,23.666
155.8,102.55,19.722,23.666
152.84,101.57,19.722,22.68
149.89,99.595,19.722,24.652
147.91,99.595,20.708,22.68
144.95,95.65,21.694,25.638
142.98,95.65,22.68,24.652
141.01,95.65,23.666,22.68
141.01,94.664,23.666,22.68
139.04,93.678,20.708,26.624
137.07,94.664,20.708,26.624
136.08,94.664,20.708,25.638
135.09,96.637,20.708,28.597
134.11,95.65,20.708,27.61
133.12,94.664,22.68,29.583
132.14,93.678,23.666,30.569
132.14,94.664,24.652,30.569
131.15,96.637,25.638,30.569
130.16,102.55,27.61,27.61
131.15,108.47,29.583,28.597
133.12,114.39,29.583,25.638
135.09,119.32,31.555,23.666
142,123.26,29.583,26.624
150.87,127.21,28.597,23.666
153.83,129.18,27.61,26.624
152.84,130.16,28.597,26.624
152.84,129.18,29.583,26.624
152.84,126.22,26.624,26.624
152.43,120.3,23.981,27.61
152.84,117.34,22.68,28.597
156.79,113.4,18.736,27.61
152.84,108.47,22.68,27.089
151.86,103.54,22.68,29.583
152.84,102.55,21.694,28.597
152.84,100.58,20.708,31.555
150.87,98.609,20.708,30.569
150.87,97.623,20.708,30.569
149.89,97.623,21.694,29.583
145.94,95.65,23.666,31.555
139.04,94.664,23.666,30.569
131.15,93.678,28.22,27.61
123.26,87.762,33.527,31.555
115.37,81.845,37.471,34.513
121.29,72.97,27.61,38.457
117.34,70.998,37.471,29.583
142,69.026,32.541,25.674
162.7,63.11,35.499,26.624
187.36,57.193,26.624,27.61
227.83,56.207,25.593,26.624
251.45,56.207,28.597,25.638
246.52,56.207,24.652,26.624
237.65,61.137,25.638,21.694
239.62,62.123,25.638,21.694
245.54,63.11,25.638,21.694
245.54,59.165,28.597,29.583
243.56,61.137,33.527,33.527
239.62,69.529,34.513,31.052
232.72,76.915,25.638,29.583
234.69,84.5,21.694,27.914
240.61,92.692,21.694,29.449
238.63,98.609,21.694,29.583
229.76,112.41,21.694,25.638
217.93,128.19,20.708,20.708
202.15,129.18,25.638,29.583
192.29,134.11,24.652,34.513
183.41,136.08,26.624,30.569
177.5,134.11,24.657,31.555
170.59,137.07,29.583,24.652
164.68,133.12,30.569,23.666
165.66,129.18,31.555,23.666
171.58,120.3,27.61,26.624
174.54,109.46,27.61,32.541
179.47,107.48,32.541,30.569
186.37,106.5,30.569,31.555
190.31,107.48,30.569,30.569
189.33,108.47,31.555,30.569
190.31,109.46,29.583,31.555
188.34,118.33,35.499,25.638
183.41,122.27,35.499,21.694
179.47,125.23,37.471,20.708
179.47,127.21,38.457,23.666
173.55,132.14,38.457,21.694
