NaN,NaN,NaN,-1
326,187,54,51
324,186,55,52
322,184,56,53
319,183,57,54
317,181,58,55
315,179,59,56
313,178,60,57
310,176,61,58
308,175,62,59
306,173,62,60
304,172,63,61
302,170,64,62
300,168,65,63
298,166,66,64
297,164,68,65
295,162,69,66
293,160,70,68
291,158,71,69
289,156,72,70
287,154,73,71
286,152,74,72
284,150,75,73
282,148,76,74
280,145,77,75
278,143,78,77
277,141,80,78
275,138,80,79
274,136,81,79
274,134,81,80
273,132,82,80
272,130,82,80
272,127,82,80
271,125,82,81
271,123,82,81
270,121,82,81
270,118,82,81
270,116,82,81
270,114,82,81
270,112,82,81
270,110,82,81
270,109,82,81
270,107,83,81
270,105,83,82
270,103,83,82
270,101,84,83
270,100,84,83
270,99,85,83
270,97,85,84
270,96,85,84
271,95,85,84
271,95,85,84
272,94,85,84
272,93,85,84
273,93,85,84
273,92,84,83
274,92,84,83
275,92,83,82
276,91,83,82
276,91,83,82
277,91,82,81
278,91,82,81
278,90,82,81
279,90,81,80
280,90,81,80
281,90,81,80
282,89,80,79
283,89,80,79
284,89,80,78
285,89,80,78
286,88,79,78
287,88,79,78
288,88,79,77
289,88,78,77
291,88,77,76
292,87,77,75
293,87,76,75
294,87,76,74
296,86,75,74
297,86,75,73
298,85,74,72
299,85,74,72
300,85,73,71
301,84,72,70
302,84,72,70
303,83,71,69
304,83,71,69
305,82,71,68
306,82,70,68
306,82,69,67
307,82,69,66
307,81,69,66
308,81,68,66
308,81,67,65
309,81,67,64
309,80,66,64
310,80,66,63
310,80,65,63
311,80,65,62
311,80,64,62
311,80,64,61
311,80,63,61
311,80,63,60
311,80,62,60
311,80,62,59
311,80,62,59
312,80,62,59
312,80,62,59
312,80,61,59
312,80,61,59
312,81,61,59
313,81,61,58
313,81,61,59
313,81,61,59
313,81,61,59
313,81,62,59
313,81,62,59
313,82,62,59
313,82,62,59
313,83,61,59
312,83,62,59
312,83,62,59
312,84,62,59
312,85,62,59
312,85,62,59
312,86,62,59
311,86,62,59
311,87,62,59
311,88,62,59
310,88,62,59
310,89,62,59
310,90,62,59
309,91,62,59
309,91,62,59
308,92,62,59
308,92,62,59
308,93,62,59
307,94,62,59
307,94,62,59
307,95,62,59
306,95,62,58
306,96,61,58
306,96,61,58
306,97,61,57
306,97,60,57
305,98,61,57
304,98,61,58
303,98,61,58
303,98,61,58
302,99,61,58
301,99,62,58
301,99,62,58
300,100,62,58
300,100,62,59
299,100,62,59
299,101,62,59
298,101,62,59
297,102,63,60
296,102,63,60
296,103,63,60
295,104,63,60
295,104,63,60
294,105,63,60
294,106,63,60
293,106,63,61
293,107,64,61
292,108,64,61
291,109,64,61
291,109,64,61
290,110,64,61
290,111,64,62
289,112,65,62
289,113,65,62
288,113,65,62
287,114,65,62
287,115,65,62
286,115,65,63
286,116,66,63
285,116,66,64
284,117,67,64
283,117,67,64
282,118,68,65
282,118,68,65
281,119,68,66
280,120,69,66
279,120,69,67
278,121,69,67
277,122,69,67
277,123,70,67
276,124,70,67
275,125,70,67
275,126,70,68
274,127,70,68
273,129,71,68
272,130,71,69
271,132,71,69
270,133,71,69
270,135,71,69
269,137,71,69
268,139,71,69
268,141,71,68
267,143,71,68
267,145,70,68
266,147,70,68
266,149,70,68
266,152,70,67
267,154,68,66
267,156,67,64
267,159,66,63
268,161,65,62
268,163,64,61
268,165,63,60
269,167,62,59
269,168,60,58
269,170,59,56
269,171,57,55
269,172,56,53
269,173,55,53
269,174,55,52
268,175,55,52
268,175,55,52
268,176,55,52
267,176,55,53
266,176,56,53
265,175,57,54
264,175,57,55
263,175,58,55
262,175,58,56
