NaN,NaN,NaN,-1
326,187,54,51
324,186,55,52
321,184,56,53
319,183,57,54
317,181,58,55
315,179,59,56
312,178,60,58
310,176,61,59
308,174,62,59
306,173,63,60
304,171,63,61
302,170,64,62
300,168,65,63
298,166,67,64
296,164,68,65
295,162,69,67
293,160,70,68
291,158,71,69
289,156,72,70
287,154,73,71
285,152,74,72
283,150,75,73
281,147,77,75
279,145,78,76
278,143,79,77
276,140,80,78
275,138,81,79
274,136,81,79
273,134,81,80
272,132,82,80
272,129,82,80
271,127,82,81
271,125,82,81
270,122,83,81
270,120,83,81
270,118,83,81
270,116,83,81
270,114,82,81
270,112,83,81
270,110,83,81
270,108,83,81
270,106,83,82
270,105,83,82
270,103,84,82
270,101,84,83
270,100,85,83
270,98,85,84
270,97,85,84
270,96,85,84
271,95,85,84
271,94,85,84
271,94,85,84
272,93,85,84
272,93,84,84
273,92,84,83
274,92,84,83
275,92,83,82
275,91,83,82
276,91,82,81
277,91,82,81
278,91,82,81
278,90,82,81
279,90,81,80
280,90,81,80
281,89,81,80
281,89,80,79
283,89,80,79
284,89,80,78
284,88,80,78
286,88,79,78
287,88,79,77
288,88,78,77
289,88,78,77
291,88,77,76
292,87,77,75
293,87,76,74
294,87,76,74
295,86,75,73
296,86,75,73
298,85,74,72
299,85,73,71
300,85,72,71
301,84,72,70
302,84,72,70
303,83,71,69
304,83,71,69
305,82,70,68
305,82,70,67
306,82,69,67
307,82,69,66
307,81,69,66
308,81,68,65
308,81,67,65
309,81,67,64
309,80,66,64
310,80,66,63
310,80,65,63
310,80,65,62
310,80,64,62
311,80,64,61
310,80,63,61
311,80,63,60
311,80,62,60
311,80,62,60
311,80,62,59
311,80,62,59
311,80,62,59
312,80,62,59
312,80,61,59
312,80,61,59
312,81,61,59
312,81,61,59
312,81,61,59
312,81,61,59
312,81,62,59
312,81,62,59
312,82,62,59
312,82,62,59
312,83,62,59
312,83,62,59
312,84,62,59
312,84,62,59
312,85,62,59
311,85,62,59
311,86,62,59
311,86,62,59
311,87,62,59
310,88,62,59
310,88,62,59
310,89,62,59
309,90,62,59
309,91,62,59
309,91,62,59
308,92,62,59
308,92,62,59
307,93,62,59
307,93,63,59
306,94,62,59
306,94,62,59
306,95,62,59
306,96,62,58
306,96,61,58
305,97,61,58
305,97,61,57
305,98,61,57
304,98,60,57
303,98,60,57
303,99,61,57
302,99,61,57
301,99,61,58
301,100,61,58
300,100,61,58
300,100,61,58
299,101,61,58
298,101,62,59
298,102,62,59
297,102,62,59
296,103,62,59
296,103,63,60
295,104,63,60
294,104,63,60
294,105,63,60
293,106,63,60
293,106,63,60
292,107,63,61
292,108,64,61
291,109,64,61
290,110,64,61
290,110,64,61
289,111,64,61
289,112,64,62
288,113,65,62
288,113,65,62
287,114,65,62
287,115,65,62
286,115,66,63
285,116,66,63
284,116,66,64
284,117,67,64
283,117,67,64
282,118,68,65
281,118,68,66
280,119,69,66
279,120,69,66
279,120,69,67
278,121,70,67
277,122,70,67
276,123,70,67
275,124,70,68
275,125,70,68
274,126,70,68
273,127,71,68
272,129,71,69
271,130,71,69
270,131,72,69
270,133,72,69
269,135,72,69
268,137,72,69
268,139,71,69
267,141,71,69
267,143,71,69
266,145,71,68
266,147,71,68
266,149,70,68
266,152,70,67
266,154,68,66
267,156,67,65
267,159,66,63
267,161,65,63
268,163,64,62
268,165,63,61
268,167,62,59
269,169,60,58
269,170,58,56
269,171,57,54
269,173,56,53
269,174,55,52
268,174,55,52
268,175,54,52
268,175,54,52
267,176,55,52
267,176,55,52
266,176,56,53
265,176,56,54
264,175,57,54
262,176,58,55
261,176,58,56
