NaN,NaN,NaN,-1
147,95,22,46
148,94,21,47
143,91,25,47
143,89,24,48
144,88,25,47
143,86,26,48
142,85,28,48
140,84,31,47
148,82,25,48
148,83,27,47
151,82,25,48
150,82,27,48
147,82,28,47
140,81,34,48
136,81,36,48
139,83,29,46
134,82,32,47
130,82,34,47
129,82,31,48
123,82,30,48
125,82,28,47
123,81,30,47
126,81,27,48
123,81,33,48
130,80,23,48
130,80,29,48
132,79,25,48
124,79,35,46
136,79,26,47
137,79,26,46
134,79,33,48
134,80,34,45
144,79,28,46
140,79,34,48
141,79,34,46
145,79,30,47
144,79,32,43
143,79,32,47
146,79,29,48
149,79,29,45
150,80,31,45
150,80,29,45
144,80,36,45
152,80,30,45
151,80,31,45
154,80,30,45
151,81,35,44
157,81,30,45
158,81,31,45
152,81,37,46
157,81,32,45
155,81,33,46
150,81,40,46
153,81,34,46
151,81,32,47
143,81,39,47
141,82,35,46
133,82,34,46
128,82,32,46
119,81,37,48
115,80,36,47
117,78,35,47
112,78,38,47
121,77,38,48
124,77,40,47
129,76,42,47
132,76,44,47
138,76,40,46
144,76,37,47
152,76,41,47
156,76,40,47
160,76,38,48
163,77,42,47
168,77,38,48
166,77,40,48
166,78,42,48
165,79,40,48
167,80,35,48
165,82,39,48
164,84,38,48
168,85,39,48
170,85,38,47
172,86,39,47
172,86,39,47
174,87,37,46
175,87,37,48
179,88,36,48
180,88,37,47
184,89,33,47
186,89,35,47
187,88,35,48
186,87,35,48
186,86,34,47
185,84,35,48
185,82,39,47
181,80,40,47
177,79,42,47
173,78,43,47
174,77,38,47
173,76,36,47
172,75,37,47
172,75,36,47
170,74,37,47
172,74,37,47
169,74,45,47
171,73,39,47
174,73,33,48
171,74,35,47
167,74,35,47
163,74,37,47
160,75,38,47
162,74,35,47
159,74,35,47
154,74,36,47
153,75,34,47
152,75,35,47
148,76,36,47
146,77,33,47
145,78,35,46
144,80,35,46
142,82,33,47
141,84,32,46
139,85,38,46
138,86,34,46
139,87,35,46
148,88,31,48
155,88,32,45
162,88,38,48
161,87,42,48
167,85,35,48
174,83,32,48
177,81,32,47
181,80,39,47
183,79,38,47
189,77,35,45
191,76,39,47
193,76,34,44
193,75,40,47
192,75,38,48
192,77,35,46
183,79,34,48
175,82,40,47
169,86,36,48
161,90,36,45
155,92,37,45
150,94,35,47
146,95,35,48
144,96,36,47
141,97,35,46
142,96,34,48
143,94,34,48
146,91,34,48
147,88,33,48
147,87,36,48
149,86,35,48
148,85,36,47
148,84,32,47
148,83,32,46
146,83,34,47
144,83,38,46
141,82,36,48
138,81,33,46
127,81,39,46
127,80,34,46
119,81,38,48
117,81,46,47
125,83,35,44
119,82,39,47
122,82,40,45
120,83,38,43
119,84,37,37
118,82,37,42
124,79,31,42
117,78,40,43
123,75,40,45
123,75,31,43
120,78,35,40
120,78,34,41
115,80,40,42
110,81,40,45
109,86,41,42
101,88,41,43
96,90,41,42
101,91,37,42
105,90,38,44
105,90,41,45
112,91,38,44
116,90,37,45
120,90,36,46
119,91,40,46
124,91,36,46
124,91,40,47
126,91,40,48
130,90,38,47
130,90,38,47
134,90,35,48
133,90,40,48
134,89,36,48
131,89,37,48
134,89,34,46
132,89,35,48
132,89,41,48
130,89,42,47
128,89,41,46
127,89,42,47
127,88,46,47
130,86,43,47
128,85,42,45
129,85,39,46
126,85,38,46
129,85,35,46
125,85,39,46
125,84,40,47
128,83,35,46
124,83,45,45
119,83,46,45
120,84,41,43
118,84,41,43
119,85,37,45
114,86,42,44
112,86,47,42
116,87,47,45
122,87,45,43
124,88,45,42
126,87,46,42
129,87,44,42
131,86,41,46
133,86,44,44
136,86,45,41
140,86,47,42
145,86,44,41
145,86,45,42
143,86,48,41
145,86,42,40
145,86,44,40
149,86,39,40
152,86,35,41
150,86,42,41
147,86,42,41
147,86,46,41
146,86,45,41
149,83,45,43
152,83,42,42
155,82,39,43
158,82,37,42
159,82,37,42
161,82,39,41
161,84,38,39
159,83,39,41
159,82,43,41
166,82,42,41
163,83,43,41
166,84,42,41
164,86,41,40
163,87,41,42
160,89,41,41
157,90,43,40
160,91,38,41
157,91,44,42
156,92,42,43
154,93,42,42
152,93,44,42
152,93,43,42
152,93,42,43
151,94,42,42
149,93,41,42
150,94,42,41
154,95,37,40
155,94,43,40
154,94,46,39
