NaN,NaN,NaN,-1
244.6,51.642,85.115,187.58
241.48,48.818,87.843,189.52
240,48.482,87.657,189.79
237.34,47.004,87.375,190.58
230.66,46.357,91.321,191.97
226.38,47.291,88.386,190.95
223.1,48.506,89.297,191.22
220.43,48.738,91.008,194.27
218.54,50.522,90.709,194.06
215.33,52.256,88.469,192.88
212.97,52.152,90.474,193.46
210.97,51.526,90.759,193.49
208.34,51.007,87.791,193.41
201.97,50.719,88.573,193.5
199.68,52.326,86.501,191.91
196.74,51.658,87.808,192.45
190.15,49.571,95.898,195.49
187,50.245,97.534,195.29
185.63,49.318,103.23,198.19
182.98,47.96,108.41,199.18
183.65,47.111,108.64,199.57
185.64,45.637,106.94,197.79
178.95,42.891,116.5,201.98
180.19,47.717,119.51,205.52
188.72,57.057,111.9,205.37
192.69,58.81,109.15,203.72
193.31,65.461,106.47,202.68
194.83,67.77,103.96,202.11
197.08,70.209,102.44,199.73
193.85,69.65,103.41,200.32
190.32,70.421,105.43,199.47
187.4,72.252,104.62,198.49
184.52,70.691,108.85,198.47
189.03,72.255,107.51,197.54
197.16,74.228,101.5,195.2
197.52,73.99,102.11,194
198.6,73.397,102.43,193.42
203,70.672,102.05,196.16
204.44,68.621,102.19,195.97
208.03,67.197,99.71,195.09
214.93,66.963,92.697,189.65
219.82,66.565,87.022,185.53
225.75,66.467,83.583,185.17
226.64,64.806,84.188,185
228.13,62.877,87.781,187.37
229.48,59.065,89.231,186.65
230.81,56.052,96.624,189.11
232,51.888,99.504,189.16
232.55,50.711,101.76,188.74
237.65,47.628,102.15,187.74
239.76,45.927,104.25,188.44
241.78,46.255,104.23,187.8
243.26,44.601,106.31,188.77
244.99,43.51,108.11,189.25
246.07,42.014,110.34,190.69
245.87,43.417,113.53,189.42
246.01,42.657,115.12,189.48
245.44,44.089,117.7,190.23
243.77,41.594,121.28,190.91
242.18,45.842,123.97,191.08
243.05,45.838,124.67,189.59
238.88,46.178,129.28,191.89
236.1,45.835,133.73,192.26
236.16,47.674,136.2,191.55
234.87,45.792,141.37,194.26
235.52,47.136,142.43,194.58
235.99,48.012,143.66,194.83
238.17,49.1,143.77,196
241.24,50.716,145.08,196.99
245.58,55.956,146.02,197.4
247.75,58.886,143.65,195.18
248.82,61.716,143.84,195.66
253.11,63.938,139.17,195.04
255.62,64.39,143.81,196.43
256.89,64.292,141.74,196.54
257.79,65.024,140.15,195.17
254.91,62.171,144.6,198.31
254.64,57.969,143.8,198.12
255.11,56.222,143.03,194.32
252.39,51.828,144.9,194.47
250.59,47.868,144.5,194.22
245.63,41.278,142.85,193.98
242.99,38.53,142.42,194.31
238.71,36.513,143.32,193.95
235.49,36.498,141.1,189.77
229.11,34.983,138.86,191.45
227.18,36.53,137.69,191.16
220.32,36.272,143.31,191.65
217.2,37.361,143.73,190.73
213.13,36.718,146.12,192.16
213.76,38.32,143.86,190.63
215.55,40.324,141.29,188.92
217.36,40.554,139.41,189.67
217.44,41.246,139.02,189.96
213.96,38.973,145.5,189.79
217.97,39.992,140.8,189.92
218.32,38.112,138.56,188.6
219.24,33.951,141.41,191.91
217.24,38.406,139.81,189.72
213.85,37.925,144.73,189.46
214.48,36.011,143.11,190.5
213.17,36.333,143.72,190.52
211.87,34.1,143.08,191.3
212.06,36.246,138.88,189.13
209.22,34.699,140.21,188.95
207.2,32.506,139.4,191
205.48,30.219,139.33,189.53
210.31,42.356,134.45,191.94
210.85,48.579,132.1,191.78
210.69,46.038,128.04,190.63
212.85,49.441,129.36,191.7
216.32,53.93,127.21,189.27
216.07,53.361,130.6,188.54
223.96,56.346,130.56,188.48
226.62,58.985,128.84,188
228.22,59.34,132.31,188.24
229.68,59.839,131.26,187.67
233.94,60.367,128.59,186.56
235.22,61.786,127.07,185.75
234.66,60.554,125.8,184.19
235.48,61.082,123.62,183.93
234.27,65.812,127.88,185.86
234.08,65.967,131.26,187.4
235.5,64.645,132.08,184.34
233.47,64.938,133.63,184.91
230.37,60.94,136.72,186.96
229.38,59.164,137.73,187.95
226.59,57.299,138.79,191.29
226.14,56.099,136.88,190.28
220.07,55.683,137.81,192.59
219.72,55.402,136.46,193.41
219.73,54.315,135.93,193.36
219.15,54.288,131.07,186.71
219.25,57.108,127.56,186.1
218.91,57.884,126.99,185.27
219.14,57.666,125.21,185.97
220.89,58.777,121.29,186.39
221.25,61.879,118.23,184.9
222.39,62.397,115.8,184.96
221.94,61.182,114.51,185.85
223.42,64.226,111.04,183.23
223.23,65.952,108.5,182.22
225.29,64.957,103.34,181.73
226.27,62.006,102.93,183.12
226.5,61.583,102.77,182.97
227,67.245,100.45,180.81
227.32,67.474,96.71,179.08
227.17,69.735,93.46,178.74
226.26,70.215,91.72,179.37
226.05,69.669,94.378,179.56
224.49,69.575,94.061,180.69
225.13,71.258,91.008,178.25
221.05,69.513,100.86,184.09
222.86,71.309,93.511,180.01
222.25,72.208,91.082,177.93
218.47,72.43,95.288,183.73
217.65,70.367,95.621,184.31
218.85,80.828,98.373,183.35
226.06,81.575,92.364,181.27
228.85,85.292,91.34,180.88
226.45,84.837,95.704,183.89
223.82,84.283,96.929,184.86
224.08,84.813,92.648,183.11
221.21,83.795,94.896,186.25
218.71,79.498,95.68,187.17
216.96,80.868,93.642,184.65
211.09,77.714,99.22,188.79
205.85,77.146,103.13,189.32
203.08,76.858,100.09,188.69
196.55,80.893,92.468,184.51
194.54,80.862,92.673,183.17
191.36,81.402,89.557,182.57
187.1,81.857,93.434,183.53
186.44,85.2,91.464,182.16
185.99,87.085,90.273,181.54
188.58,89.481,89.665,181.24
189.97,91.222,89.413,179.38
191.39,93.1,85.367,177.07
200.5,91.925,87.793,178.18
205.09,93.982,86.878,175.1
204.94,95.235,85.699,174.03
206.05,96.947,85.34,173.24
204.73,95.634,85.274,173.32
209.63,98.267,77.773,170.75
214.09,100.37,75.343,169.08
218.53,100.88,74.517,168.16
226.5,99.825,75.217,168
231.95,102.63,74.826,166.31
233.23,104.02,76.994,165.96
232.07,102.74,82.397,167.71
233.41,103.3,81.382,166.41
232.44,103.44,83.963,167.08
232.84,105.33,83.305,165.36
234.95,106.69,81.826,163.56
230.55,103.13,88.042,166.76
230.71,104.91,89.49,166.43
231.95,105.76,88.896,164.79
233.02,107.25,88.95,164.29
233.97,107.86,90.261,163.16
239.23,112.99,81.388,158.29
240.02,112.98,81.878,158.32
239.94,113.82,82.88,157.93
242.42,116.49,81.169,155.37
242.7,117.7,80.972,153.99
244.6,118.75,80.115,152.4
244.24,118.6,80.098,152.8
245.68,120.02,77.936,151.59
246.25,119.99,78.267,151.54
246.34,119.98,78.371,151.68
247.15,121.06,77.512,150.63
248.46,122.54,76.194,149.48
248.11,122.16,78.706,149.32
251.4,124.37,75.152,147.44
253.41,125.45,74.827,146.32
256.5,126.14,70.42,144.62
257.99,127.51,68.088,143.35
258.57,128.47,68.586,142.42
258.8,129.91,67.805,140.94
256.81,131.93,67.113,139.71
253.66,132.52,69.423,138.96
249.87,133.06,70.942,138.71
259.3,133.06,69.876,138.25
263.19,134.84,68.217,136.33
265.21,136.51,67.245,134.79
271.89,137.74,65.94,133.41
272.92,137.98,66.338,132.88
270.01,140.02,65.693,131.72
277.17,142.66,61.322,127.99
282.96,144.93,57.62,125.78
289.34,144.56,59.304,126.25
286.48,145.19,59.715,125.54
285.07,145.87,60.639,125.18
279.91,147.16,59.514,123.85
273.78,147.94,59.441,123.08
281.39,148.5,59.669,122.64
281.28,149.52,58.283,121.19
279.59,150.55,57.908,120.42
275.13,150.65,57.474,120.43
277.22,152.11,55.534,118.6
279.26,152.14,56.587,118.48
280.96,152.31,56.695,118.62
285.04,152.83,54.793,117.79
289.8,152.54,54.64,117.96
292.5,151.25,56.039,119.35
300.46,151.28,56.514,119.49
304,151.03,56.346,119.34
NaN,NaN,NaN,-2
NaN,NaN,NaN,0
NaN,NaN,NaN,0
NaN,NaN,NaN,0
NaN,NaN,NaN,0
NaN,NaN,NaN,-1
237,65.352,77.033,153.77
237.59,65.728,77.219,152.56
237.65,64.825,75.876,151.87
235.73,64.106,76.096,150.94
232.3,62.822,76.069,151.3
233.33,62.084,75.013,150.15
233.26,58.408,80.023,152.63
231.88,57.278,78.066,151.85
226.98,55.777,80.148,151.16
225.63,55.253,77.541,148.35
227.43,52.192,76.993,148.24
225.68,51.489,76.117,146.72
228.89,50.523,77.505,146.67
233.72,49.79,77.156,145.7
245.44,49.12,77.933,146.42
246.78,47.634,77.384,145.81
249.42,46.288,77.803,145.75
250.03,44.423,77.561,144.68
252.45,40.903,77.706,145.33
254.57,39.906,77.921,143.92
255.12,38.813,77.752,141.84
257.29,37.981,76.916,141.69
257.25,36.614,79.015,141.8
259.66,36.475,78.891,140.64
259.89,36.65,77.97,139.91
259.93,36.685,78.672,139.42
260.14,36.749,78.237,138.39
258.62,37.201,78.521,137.84
260.66,37.528,77.809,136.85
263.47,38.061,78.306,136.15
260.42,37.658,78.44,135.94
261.6,38.314,77.831,134.04
259.19,38.601,75.64,132.15
257.2,37.35,77.709,133.23
256.85,37.17,78.926,133.03
257.51,36.949,78.943,131.79
258.74,36.369,78.964,131.19
260.7,35.234,78.615,130.03
264.79,33.282,80.148,130.23
262.46,33.494,75.379,126.47
264.1,32.822,74.989,126.03
261.92,31.107,77.191,126.55
265.04,30.013,73.068,124.17
262.86,29.146,72.932,122.64
264.42,28.436,73.545,122.63
262.98,27.896,74.371,122.19
262.14,27.282,74.11,121.62
259.5,26.532,75.58,121.76
259.29,25.839,77.104,121.74
261.08,26.294,73.784,119.21
258.87,24.639,76.546,120.56
260.56,23.85,76.807,120.07
259.34,21.938,79.435,122.39
258.53,21.965,78.503,121.61
255.26,20.529,78.376,122.44
254.89,19.974,79.581,123.58
255.08,19.631,80.268,123.66
252.38,17.927,85.686,126.73
250.69,17.571,83.028,125.83
247.3,16.806,82.866,125.77
245.64,15.575,85.933,128.13
242.83,15.057,85.945,128.42
235.35,13.843,86.835,129.36
232.03,12.424,88.263,130.89
230.64,10.966,91.039,131.46
228.03,10.047,91.97,132.37
224.14,7.8402,91.675,132.49
221.69,6.0948,91.481,131.85
221.08,4.5262,91.189,131.39
220.88,2.4123,92.661,131.92
219.75,-3.8537,94.06,133.33
217.94,-6.7621,94.433,133.16
219.84,-10.339,95.11,133.23
222.1,-14.156,96.094,133.66
225,-19.911,93.559,132.2
227.46,-23.209,93.349,132.27
231.23,-25.688,91.649,130.38
226.89,-19.764,92.386,130.31
225.71,-19.299,92.739,130.87
224.7,-19.45,91.528,129.23
228.18,-23.797,94.024,130.59
228.59,-26.38,93.247,131.24
224.64,-19.936,94.463,131
222.44,-19.402,92.784,130.19
221.66,-19.53,92.48,129.93
221.18,-24.762,92.413,131.8
220.07,-25.368,90.717,128.46
215.62,-25.107,89.662,128.44
212.36,-25.512,91.785,129.11
203.79,-25.906,92.347,131.3
197.46,-25.679,91.724,129.15
192.36,-25.526,91.469,129.65
185.15,-25.663,91.582,129.86
182.14,-25.258,89.983,128.4
175.37,-25.714,90.78,129.03
171.46,-25.572,91.237,129.05
165.82,-25.252,89.456,126.98
161.97,-24.895,88.789,126.25
157.05,-25.141,89.088,126.01
147.72,-24.647,88.746,125.57
144.75,-25.066,89.426,126.29
140.85,-24.922,89.044,125.98
139.74,-22.542,87.252,125.07
137.62,-19.617,85.926,124.63
135.75,-17.216,85.682,125.59
134.68,-15.679,85.701,124.56
132.23,-17.672,87.53,125.7
129.6,-8.6727,88.67,126.21
115.07,-25.08,90.664,126.26
121.06,-24.877,89.729,126.31
115.5,-18.766,89.059,125.19
123.14,-18.539,89.355,125.47
114.55,-24.673,87.809,125.15
111.67,-21.41,86.745,124.84
113.62,-24.897,88.663,124.61
125.08,-22.726,87.468,124.49
114.41,-19.893,87.033,123.74
135.18,-17.578,86.784,123.71
141.4,-13.236,88.032,123.44
132.27,-10.866,87.258,124.36
139.51,-8.0823,87.203,123.42
145.11,-5.737,86.085,122.01
NaN,NaN,NaN,-2
NaN,NaN,NaN,0
NaN,NaN,NaN,0
NaN,NaN,NaN,0
NaN,NaN,NaN,0
NaN,NaN,NaN,-1
260.25,84.796,67.871,159.65
256.41,86.947,70.643,161.31
252.74,90.655,73.257,161.77
245.46,96.14,76.204,162.88
240.56,97.67,79.309,163.64
237.47,99.801,79.142,164.23
233.05,102.76,80.468,163.72
228.18,108.47,79.386,162.08
224.56,110.02,78.48,160.66
221.25,112.18,75.261,158.75
219,113.04,74.609,157.97
213.76,114.27,72.713,156.29
220.93,113.71,72.426,156.03
220.77,115.83,71.589,154.55
223.38,118.11,67.354,151.94
215.55,116.13,72.518,153.74
209.28,118.15,67.376,151.92
210.56,119.92,66.347,149.75
204.86,120.21,62.837,149.35
197.52,123.18,63.474,146.03
202.84,120.81,65.04,148.22
195.45,120.43,61.69,148.37
192.84,116.2,64.371,149.75
195.9,121.59,64.183,148.66
195.35,121.98,63.888,148.23
197.42,122.54,64.249,147.93
201.23,121.69,66.185,148.35
202.51,119.91,61.691,147.91
201.54,116.8,62.775,150.72
196.34,117.15,65.561,152.72
195.5,116.2,64.402,152.5
193.21,119.13,62.788,149.98
193.42,120.6,62.567,149.59
192.84,121.89,64.544,148.24
191.58,122.57,65.073,147.83
195.85,123.49,63.448,146.87
198.2,124.47,63.01,145.94
196.77,124.91,63.485,145.49
197.9,127.02,62.175,143.11
194.1,128.56,60.762,141.74
188.88,126.72,63.896,143.76
184.1,124.94,67.246,144.67
178.42,125.31,68.932,145.31
179.58,126.23,66.376,144.23
176.6,125.97,65.927,144.46
171.06,125.24,68.994,145.44
169.34,125.33,70.229,145.49
172.69,123.98,70.885,146.04
171.23,121.9,74.748,147.79
176.62,121.11,74.152,146.61
181.86,119.63,73.147,147.66
192.92,113.8,72.66,146.62
200.95,110.58,71.699,146.36
206.72,108.98,69.394,145.18
211.79,106.29,69.003,145.71
220.24,99.313,65.452,141.87
222.9,96.551,64.306,140.84
223.28,94.683,65.111,140.55
223.93,89.16,64.626,144.02
223.49,87.146,62.468,141.16
222,88.264,63.273,140.18
220.17,87.246,65.493,140.2
221.24,86.677,63.804,139.77
220.23,86.526,65.04,140.74
221.77,87.275,62.081,138.05
219.79,87.034,65.482,141.81
218.21,88.68,66.222,140.81
220.5,91.296,63.637,140.26
222.06,93.834,61.355,137.02
223.63,94.193,60.2,137.98
227.19,96.72,57.585,137.83
223.61,98.504,60.92,140.65
225.87,107.07,60.324,141.24
226.04,116.16,60.427,140.21
230.21,125.47,58.632,140.74
231.05,119.48,61.322,144.49
230.35,121.82,63.647,143.97
231.06,122.32,62.462,141.3
231.32,124.85,57.245,138.9
231.64,129.8,58.766,139.46
231.63,132.4,56.89,136.86
229.8,133.2,55.673,134.18
225.49,135.44,59.383,134.31
227.77,137.76,57.345,132.42
226.76,139.41,56.203,130.81
227.41,141.18,56.399,128.8
228.36,141.88,55.589,127.89
239.17,140.79,56.253,129.07
237.66,144.25,55.838,125.93
239.13,143.46,52.873,126.46
238.42,144.64,52.831,124.8
227.88,142.76,58.817,126.1
227.46,147.37,52.288,121.79
226.56,148.7,51.669,121.44
226.9,148.55,50.236,120.86
227.73,149.2,50.271,120.8
226.42,148.21,51.026,121.35
226.49,148.54,52.236,121.32
226.17,149.61,50.896,120.23
220.68,146.71,54.746,120.46
225.04,148.73,50.491,119.97
224.8,149.6,51.25,120.22
226.06,151.05,51.457,118.88
228.79,149.07,50.301,121
228.73,148.28,50.464,121.99
232.32,154.94,47.902,114.54
231.96,154.77,48.864,115.52
229.8,155.82,48.224,113.98
227.57,156.2,49.792,113.68
227.65,156.68,48.881,113.42
225.38,157.19,50.032,112.77
222.42,155.71,50.702,114.05
222.58,156.52,49.426,113.45
221.67,158.21,49.231,110.81
219.44,157.65,50.535,111.32
215.02,156.7,53.199,111.57
213.08,158.74,54.045,111.33
212.55,157.43,53.301,111.9
206.85,153.83,57.491,113.84
