NaN,NaN,NaN,-1
241.39,63.32,79.503,178.88
238.41,61.278,79.973,181.71
236.45,58.253,83.808,183.46
233.88,58.427,81.916,182.04
229.5,54.947,83.906,184.51
222.61,56.025,83.475,181.87
219.56,56.623,84.775,183.18
216.46,56.578,85.631,184.36
215.93,58.086,83.514,182.44
212.5,60.964,84.002,182.43
211.55,62.35,83.219,180.98
211.78,62.574,79.669,180.51
207.96,64.139,79.325,179.24
201.84,65.378,78.207,178.51
197.3,63.361,79.375,179.83
195.22,61.591,78.824,178.95
188.97,58.626,84.246,180.87
189.37,56.541,80.803,182.4
184.45,54.241,90.727,184.32
185.26,53.22,91.585,183.52
184.7,51.254,93.284,186.71
188.61,50.906,88.298,184.12
191.14,51.954,84.983,182.34
193.89,49.421,81.09,180.69
196.44,60.052,82.209,181.53
195.92,63.576,82.457,181.89
195.69,65.547,84.54,181.99
197.4,69.732,81.574,182.98
196.61,75.354,79.171,182.15
191.42,84.477,84.283,183.82
189.71,87.739,84.975,182.57
186.99,88.253,85.013,181.42
183.59,88.102,87.859,182.09
176.55,87.866,93.267,182.51
180.34,90.369,88.55,179.91
178.29,87.586,93.556,182.87
177.16,86.973,97.038,183.17
179.5,82.311,99.907,184.75
186.76,81.932,96.091,181.38
195.81,82.778,90.15,179.57
199.45,82.246,87.411,177.93
204.77,76.363,86.372,177.41
207.25,78.24,82.859,176.28
210.74,78.719,82.04,175.16
210.32,77.468,82.863,174.18
216.48,74.322,77.488,171.86
222.36,72.417,73.843,169.62
223.55,68.44,76.716,169.29
227.24,68.582,75.447,166.98
229.74,65.261,79.157,168.71
232.23,63.975,82.035,169.67
233.73,63.05,83.349,170.84
235.68,62.209,84.384,170.54
238.2,63.13,86.808,170.93
239.4,62.114,88.169,170.88
240.1,62.073,90.53,171.97
238.82,61.809,93.637,173.62
238.79,64.329,97.084,175.09
238.04,65.736,99.623,175.59
236.15,66.81,102.93,177.38
235.92,67.472,105.32,177.95
235.37,68.966,108.34,178.8
232.48,68.379,113.02,179.66
232.45,70.064,115.67,179.25
231.65,70.713,119.13,179.01
234.07,71.967,121.78,179.58
233.66,73.125,123.95,181.45
225.44,74.417,122.01,179.31
228.31,78.449,119.02,178.42
231.37,80.012,118.38,180.94
231.33,82.269,119.96,180.55
233.79,84.694,119.74,180.57
234.13,87.302,120.91,178.84
234.82,88.419,124.28,180.86
236.77,90.321,124.1,179.73
237.02,89.795,123.78,179.23
235.75,88.6,124.87,179.09
235.78,84.501,124.36,178.1
234.5,81.932,124.98,176.34
234.03,79.697,126.14,176.21
230.94,75.152,127.2,174.71
225.97,68.306,129.43,175.14
222.78,66.093,129.7,174.43
220.22,64.481,127.98,174.25
216.97,63.337,127.45,173.82
210.44,62.504,127.68,173.28
207.09,63.418,126.21,172.43
206.66,64.849,122.94,171.69
205.36,65.76,120.56,170.77
200.24,66.328,124.22,170.3
200.25,66.946,122.98,169.45
201.63,68.238,121.5,169
203.61,68.879,119.28,169.31
204.96,68.575,118.6,168.43
205.88,67.596,119.51,170.1
207.68,67.264,116.26,170.69
208.46,66.389,115.79,171.17
208.13,65.73,116.82,172.85
208.63,63.4,118.56,175.1
208.59,60.179,116.8,174.32
207.6,58.999,117.95,177.46
206.02,58.068,118.67,177.75
206.33,62.492,116.54,174.03
205.95,65.292,114.47,172.7
205.41,64.285,112.6,171.95
202.27,63.997,111.11,171.16
200.45,65.366,110.24,172.02
197.46,62.686,114.1,175.69
198.62,64.374,109.88,173.69
201.1,69.184,108.79,173.78
204.83,73.591,105.97,173.54
207.23,76.668,105.16,173.2
212.26,80.496,101.25,172.98
218.91,79.593,99.228,171.87
220.85,78.536,100.95,172.57
221.01,76.873,105.01,176.83
223.56,77.884,102.97,175.92
225.33,75.521,106.08,177.85
226.5,75.609,106.4,178.96
226.78,77.157,106.27,179.38
227.61,79.275,102.08,177.59
225.48,80.719,109.79,179.06
223.98,78.343,111.05,178.81
221.98,76.413,113.49,178.31
220.72,71.732,115.33,179.13
218.51,69.333,118.14,179.16
217.39,67.149,118.5,181.36
216.1,67.581,118.84,182.16
212.54,65.851,124.96,183.66
208.62,70.69,126.52,184.87
208.99,70.032,123.24,181.07
207.3,67.86,125.98,185.47
206.65,65.009,126.36,188.67
205.96,70.119,122.6,182.29
206.54,69.531,119.41,182.89
206.42,69.96,117.08,182.88
208.09,70.399,114.27,182.12
206.87,73.759,111.56,180.85
208.45,75.29,107.69,179.46
208.97,74.919,105.11,177.63
208.98,78.021,102.24,177.52
208.62,76.264,99.284,176.36
208.75,77.655,97.701,176.26
208.89,77.95,94.803,175.98
209.78,80.486,90.417,172.47
210.16,82.088,88.069,172.88
210.35,81.778,81.623,170.86
211.48,83.768,79.911,170.23
210.87,84.814,80.927,171.38
213.75,84.901,77.379,167.95
212.45,84.453,76.483,167.23
213.02,84.386,76.461,167.53
214.86,84.023,73.652,166.13
209.92,83.589,77.421,169.71
207.14,83.424,79.336,172.57
204.16,83.622,80.043,173.14
197.96,84.542,85.815,171.16
201.88,84.589,78.839,174.16
199.29,85.924,78.697,174.42
191.51,88.858,75.754,168.72
187.87,87.332,78.866,172.05
179.63,87.761,84.886,178.07
178.81,85.111,85.758,176.17
170.98,83.444,91.371,178.76
178.54,82.395,88.434,179.67
170.35,82.714,87.653,179.11
173.01,81.595,82.323,174.98
163.62,74.973,98.843,181.54
159.16,75.717,100.67,181.28
152.82,77.362,104.57,183.55
150.94,78.485,102.55,182.3
146.1,77.636,104.44,182.52
142.74,79.502,104.81,183.12
143.71,83.532,98.914,181.46
143.05,84.822,96.865,178.94
145.3,88.698,94.804,179.28
146.59,90.675,93.989,179.55
150.47,92.183,92.295,178.05
158.39,94.354,89.279,174.96
162.8,95.489,86.183,174.25
164.53,96.594,84.719,173.58
162.69,97.469,88.092,172.71
170.33,98.383,82.994,171.42
171.15,95.905,87.177,172.84
175.17,99.379,86.456,169.46
179.44,99.185,86.509,170.86
187.5,97.707,87.857,171.54
192.83,96.414,90.346,172.49
196.49,96.683,89.44,171.63
197.71,97.599,92.184,171.66
198.72,98.324,92.152,171.01
198.71,99.339,92.188,171.14
198.22,99.995,91.777,169.95
199.68,101.94,92.694,168.49
200.08,102.7,92.248,167.8
202.07,104.46,90.893,166.13
203.27,105.18,90.552,165.46
205.65,106.25,90.048,164.39
206.72,109.44,90.118,163.01
209.31,109.95,88.898,161.16
211.84,112.47,86.19,159.08
211.79,113.34,87.157,158.61
212.36,114.47,88.002,158.31
212.67,115.72,87.735,156.86
214.47,116.25,86.537,155.18
215.53,117.82,84.76,154.65
217.75,118.73,82.114,153.5
217.03,118.67,82.6,153.52
218.07,120.32,80.116,151.39
219.22,120.01,78.562,151.59
213.11,121.74,79.664,150
209.47,122.51,79.301,149.14
205.15,122.37,81.55,149.46
204.19,123.4,81.417,148.25
207.02,125.28,78.994,145.86
209.53,126.71,78.392,144.58
210.18,127.74,78.742,143.5
212.04,128.55,78.933,142.51
214.84,130.91,78.373,141.36
221.72,134.28,75.708,138.22
221.75,135.17,74.977,137.17
231.6,134.94,74.189,137
236.6,137.14,70.832,134.06
233.73,138.55,68.754,132.79
234.03,140.85,67.059,130.36
231.23,139.92,70.24,131.59
227.14,140.07,69.749,131.5
225.91,142.58,68.155,129.23
223.63,141.91,68.969,129.8
217.56,144.41,66.684,127.29
219.06,143.55,69.495,128.36
220.9,145,66.1,126.69
219.97,145.41,67.929,126.64
219.75,145.82,67.362,125.85
215.26,147.41,69.361,124.74
214.24,147.75,67.371,123.98
208.78,147.42,70.691,124.6
208.34,147.7,68.499,124.14
205,148.4,69.596,123.79
206.07,149.62,67.645,122.31
207.34,149.22,69.378,122.66
214.38,150.21,65.08,121.29
219.11,149.88,64.966,121.54
223.4,149.8,64.346,121.59
230.86,152.22,61.467,118.8
232.55,149.01,62.037,121.97
232.44,149.34,61.21,121.6
232.27,149.43,62.508,121.76
231.7,149.62,65.148,121.73
234.72,150.64,64.837,120.57
237.27,150.65,65.373,120.63
242.73,152.35,61.614,118.91
242.91,151.59,65.289,119.36
231.87,151.04,65.647,119.78
221.92,145.73,67.237,122.09
220.02,145.82,68.4,121.82
220.09,144.44,68.156,121.16
223.91,143.26,67.101,120.37
231.94,140.79,67.015,121.36
236.56,139.03,67.294,121.36
242.05,137.57,68.055,121.69
251.63,135.95,68.157,121.71
251.67,132.14,68.621,121.12
247.45,130.47,68.174,120.29
245.9,128.49,69.033,119.15
248.98,127.66,68.499,120.01
259.29,124.04,67.64,121.29
267.11,123.95,65.562,119.66
268.94,121.55,67.99,120.75
271.28,119.71,69.174,120.57
280.51,117.65,67.588,121.15
261.47,112.69,68.077,121.68
264.27,110.59,70.626,123.04
264.99,108.99,68.625,120.72
268.18,107.99,66.283,118.87
263.34,105.03,66.747,119.11
259.87,102.64,64.642,117.47
255.11,102.13,64.898,117.33
251.8,100.01,67.198,116.02
254.98,99.018,65.724,115.05
259.47,100.01,64.576,113.23
254.59,98.555,64.796,112.48
240.36,96.426,66.482,113.86
233.15,96.643,66.945,112.91
230.12,95.841,66.71,111.8
231.39,94.346,67.026,112.25
233.21,92.969,63.71,109.49
233.51,92.042,64.635,108.41
234.32,91.319,62.906,106.84
235.76,90.01,62.039,106.02
240.52,87.191,60.017,106.17
240.97,85.982,60.314,103.95
242.87,84.494,59.451,103.54
243.72,82.794,58.979,101.28
247.32,80.361,59.176,101.44
248.54,79.467,56.946,100.3
247.25,78.06,56.105,97.848
232.65,76.016,57.26,100.3
228.51,74.236,56.517,99.523
230.24,73.635,56.387,98.554
226.48,72.87,55.946,98.43
220.74,72.135,55.58,98.05
230.28,71.432,53.809,97.693
229,70.73,54.083,94.281
236.59,70.268,54.129,94.763
235.15,69.269,53.192,94.004
235.74,68.214,53.083,94.248
236.6,67.912,53.253,93.675
234.12,67.474,52.232,94.01
235.59,67.221,51.616,93.032
229.72,66.107,52.154,91.972
224.34,65.789,50.595,89.348
222.72,65.037,51.302,90.892
222.71,64.449,51.261,90.438
212.79,62.95,53.629,92.994
214.42,62.543,51.554,91.12
213,61.971,51.409,90.012
211.98,60.79,52.055,91.019
204.62,58.293,52.393,91.002
212.78,56.933,52.049,90.561
204.75,54.946,51.996,90.263
210.26,52.992,51.795,89.972
209.87,47.315,54.059,91.238
211.68,44.558,51.032,87.988
210.19,41.354,50.655,87.315
207.16,37.569,50.18,88.775
214.61,30.412,51.749,87.737
217.81,26.925,52.414,88.495
215.72,23.316,48.999,86.042
199.75,19.14,49.102,85.572
209.48,12.014,49.392,87.072
226.31,8.5515,51.082,88.316
218.4,4.403,50.571,86.482
230.16,0.97247,50.954,87.796
226.92,-5.1912,50.959,87.559
234.55,-8.2053,49.097,86.195
204.96,-12.773,47.738,85.223
245.11,-15.856,52.198,90.369
248.62,-2.2956,47.151,84.102
245,-2.5719,48.205,83.919
242.41,-2.0914,45.812,82.072
238.65,-2.2968,44.272,80.929
224.03,-2.0464,47.449,83.084
212.85,0.3303,48.076,82.658
206.38,-2.1713,46.177,82.193
203.65,-1.2028,44.951,81.416
191.55,6.8335,49.498,81.296
186.88,9.8048,45.873,81.514
175.49,9.2761,46.343,80.689
181.98,1.1261,43.065,81.092
176.01,-2.4124,44.839,79.173
169.38,18.177,44.14,80.559
171.74,-1.8662,47.888,78.979
165.42,1.0723,41.55,76.629
166.12,2.9177,48.065,80.111
157.58,10.354,40.1,75.161
162.44,7.7973,45.618,79.898
163.36,10.671,40.999,75.037
144.55,24.114,40.558,76.762
154.96,26.053,40.76,74.11
159.89,18.998,35.665,69.647
150.43,20.318,38.949,71.312
149.5,26.449,43.148,73.262
151.75,28.276,37.674,70.369
132.82,33.16,46.081,80.601
143.32,35.272,40.827,71.871
150.3,40.482,40.959,69.251
162.57,42.316,39.913,68.097
NaN,NaN,NaN,-2
NaN,NaN,NaN,0
NaN,NaN,NaN,0
NaN,NaN,NaN,0
NaN,NaN,NaN,0
NaN,NaN,NaN,-1
237.59,79.681,76.561,163.65
240.19,83.344,75.969,162.1
243.34,85.831,75.95,162.87
244.56,88.81,76.215,162.44
242.89,90.169,81.214,165.21
239.8,94.742,83.063,165.07
234.96,94.027,87.499,167.38
231.34,97.668,90.733,167.72
228.71,101.58,93.181,168.37
222.53,101.67,92.783,167.99
220.61,105.51,89.027,164.87
217.32,106.77,87.817,164.04
213.75,108.65,86.184,161.93
207.61,110.04,85.108,160.91
203.13,111.15,85.55,159.77
200.45,111.68,84.822,159.35
198.17,112.51,84.665,158.4
199.51,114.17,83.522,156.43
196.12,114.47,85.985,156.4
188.81,100.14,90.807,160.62
188.02,98.608,92.589,160.21
183.32,101.8,89.55,159.08
187.15,113.73,86.444,157.99
181.3,104.63,86.273,158.15
172.66,105.14,84.903,157.66
173.08,104.88,90.119,160.6
171.5,103.53,88.694,160.31
169.79,99.242,92.826,163.78
168.85,97.396,91.392,163.13
166.66,106.55,83.891,157.56
171.18,104.7,82.084,157.86
172.62,110.19,79.017,154.44
175.29,114.01,79.11,154.21
174.83,113.57,79.788,156.82
168.64,108,82.946,157.06
167.87,108.59,79.356,153.83
165.13,110.19,77.834,153.84
162.04,111.36,81.299,155.53
163.61,117.4,73.647,150.69
163.99,119.2,71.569,149.79
165.78,121.08,71.771,148.48
169.95,119.65,72.721,149.75
171.6,121.55,70.429,148.57
170.38,123.03,71.476,146.87
171.32,122.88,70.784,147.24
168.99,121.27,68.81,148.95
164.24,119.18,70.514,149.44
157.2,117.15,73.32,152.23
152.84,116.42,74.758,152.81
143.66,116.29,75.369,152.88
137.25,115.79,77.826,154.36
131.41,113.57,81.786,155.88
129.43,113.39,82.798,156.21
130.04,111.59,84.214,156.46
132.15,109.78,86.926,157.36
137.99,108.73,86.103,158.12
142.44,108.31,85.111,157.84
151.25,104.67,85.559,160.86
161.6,100.22,83.711,159.85
171.96,95.838,79.924,158.01
176.05,92.265,79.209,158.67
180.69,92.653,76.166,156.99
183.82,85.805,74.776,156.71
183.02,87.884,75.145,155.69
183.94,82.752,72.101,156.4
182,81.791,72.161,155.59
180.86,81.444,73.316,154.55
181.49,79.893,72.568,156.05
180.63,77.968,73.728,158.09
182.12,78.409,72.123,156.97
179.49,78.226,74.571,158.97
181.27,79.038,71.968,155.91
181.56,79.947,72.091,156.65
180.45,82.581,73.642,159.07
181.31,84.499,73.001,158.17
180.9,87.244,78.768,158.17
182.55,90.183,80.266,158.59
189.79,100.44,78.859,157.34
193.6,103.71,82.105,159.23
193.53,102.17,88.721,163.3
194.13,100.65,91.616,164.05
194.31,96.393,96.393,167.13
193.86,93.18,98.676,167.74
193.45,95.082,102.26,168.64
193.72,98.535,108.36,170.46
189.84,100.9,105.63,169.31
186.82,100.03,107.66,170.14
185.46,101.93,105.06,167.52
182.99,102.65,105.64,167.75
179.38,102.71,105.53,167.59
179.9,105.71,104.22,165.16
181.09,106.95,103.11,163.73
175.43,105.27,103,164.35
176.24,107.86,100.39,162.4
178.14,110.85,93.505,158.88
177.33,111.4,100.85,158.72
176.63,111.13,97.67,157.92
173.12,107.13,94.697,158.49
172.7,107.26,91.826,156.51
173.05,106.69,88.523,154.42
172.44,105.85,88.029,156.12
172.85,103.98,88.995,157.41
174.15,104.66,86.758,157.6
175.18,106.46,80.056,154.16
176.45,103.72,79.837,153.39
178.26,108.67,77.707,152.53
178.54,106.94,72.894,154.2
179.39,106.73,71.31,154.51
179.81,108.45,72.605,154.86
178.45,105.43,75.851,156.82
183.06,110.03,71.774,156.26
184.37,112.15,71.182,155.54
182.77,110.8,72.442,154.91
179.82,109.85,75.438,155.62
180.58,111.66,73.591,153.18
179.14,111.91,73.928,156.58
178.02,111.52,74.326,155.82
176.93,113.78,72.878,153.59
173.83,112.34,75.769,157.51
175.31,114.67,72.932,152.19
172.88,115.5,74.937,153.34
170.73,116.58,75.089,153.4
163.21,109.18,83.17,159.76
161.65,109.37,84.799,159.89
159.95,109.91,85.006,159.47
