NaN,NaN,NaN,-1
NaN,NaN,NaN,-2
NaN,NaN,NaN,0
NaN,NaN,NaN,0
NaN,NaN,NaN,0
NaN,NaN,NaN,0
NaN,NaN,NaN,-1
NaN,NaN,NaN,-2
NaN,NaN,NaN,0
NaN,NaN,NaN,0
NaN,NaN,NaN,0
NaN,NaN,NaN,0
NaN,NaN,NaN,-1
NaN,NaN,NaN,-2
NaN,NaN,NaN,0
NaN,NaN,NaN,0
NaN,NaN,NaN,0
NaN,NaN,NaN,0
NaN,NaN,NaN,-1
NaN,NaN,NaN,-2
NaN,NaN,NaN,0
NaN,NaN,NaN,0
NaN,NaN,NaN,0
NaN,NaN,NaN,0
NaN,NaN,NaN,-1
NaN,NaN,NaN,-2
NaN,NaN,NaN,0
NaN,NaN,NaN,0
NaN,NaN,NaN,0
NaN,NaN,NaN,0
NaN,NaN,NaN,-1
NaN,NaN,NaN,-2
NaN,NaN,NaN,0
NaN,NaN,NaN,0
NaN,NaN,NaN,0
NaN,NaN,NaN,0
NaN,NaN,NaN,-1
NaN,NaN,NaN,-2
NaN,NaN,NaN,0
NaN,NaN,NaN,0
NaN,NaN,NaN,0
NaN,NaN,NaN,0
NaN,NaN,NaN,-1
177.97,88.406,56,242
178.12,87.905,56,242
177.99,87.81,56,242
178.09,87.594,56,242
178.09,87.594,56,242
178.21,87.24,56,242
178.19,86.506,56,242
178.5,86.782,56,242
178.63,86.641,56,242
180.86,86.769,56,242
181.83,87.305,55.44,239.58
185.37,86.916,54.886,237.18
186.94,84.075,54.337,234.81
189.34,86.053,53.793,232.46
198.7,91.302,53.793,232.46
199.11,92.574,53.255,230.14
202.19,89.149,52.723,227.84
202.49,90.253,52.196,225.56
207.06,83.398,51.674,223.3
209.14,86.61,51.157,221.07
211.99,84.787,50.645,218.86
214.27,86.068,50.139,216.67
216.16,84.609,49.638,214.51
216.52,85.802,49.141,212.36
217.4,86.314,48.65,210.24
220.33,90.058,48.163,208.13
221.86,89.274,47.682,206.05
223.17,91.585,47.205,203.99
225.28,92.653,46.733,201.95
227.23,95.628,46.265,199.93
227.52,96.526,45.803,197.93
227.95,96.992,45.345,195.95
230.14,92.97,44.891,193.99
233.97,88.788,44.442,192.05
237.57,84.498,43.998,190.13
239.56,83.03,43.558,188.23
240.52,82.965,43.122,186.35
241.18,84.73,42.691,184.49
244.79,84.098,42.264,182.64
246.9,84.369,41.842,180.82
249.2,85.249,41.423,179.01
249.62,85.731,41.009,177.22
252.26,85.991,40.599,175.45
253.18,87.542,40.193,173.69
254.02,87.654,39.791,171.95
255.68,85.907,39.393,170.23
256.36,87.773,38.999,168.53
257.02,88.639,38.609,166.85
257.89,89.984,38.223,165.18
259.63,89.574,37.841,163.53
260.46,91.919,37.462,161.89
260.75,92.742,37.088,160.27
261.1,94.154,36.717,158.67
261.7,95.806,36.35,157.08
263.9,95.168,35.986,155.51
264.59,94.119,35.626,153.96
264.59,95.426,35.27,152.42
264.75,96.472,34.917,150.89
264.88,97.558,34.568,149.38
265.94,100.76,34.223,147.89
267.02,101.35,33.88,146.41
267.82,103.2,33.542,144.95
276.9,98.312,33.542,144.95
277.29,97.902,33.206,143.5
278.13,98.278,32.874,142.06
278.3,98.989,32.545,140.64
278.35,100.08,32.22,139.24
278.13,101.61,31.898,137.84
278.27,102.87,31.579,136.47
278.22,104.18,31.263,135.1
278.18,105.47,30.95,133.75
278.36,107.84,30.641,132.41
278.42,107.81,30.334,131.09
278.97,108.71,30.031,129.78
279.04,108.75,29.731,128.48
279.16,109.5,29.433,127.19
279.3,109.89,29.139,125.92
279.7,110.37,28.848,124.66
280.08,110.77,28.559,123.42
281.01,109.98,28.274,122.18
281.67,110.34,27.991,120.96
282.21,110.86,27.711,119.75
284.2,110.49,27.434,118.55
284.43,110.53,27.16,117.37
285.16,109.97,26.888,116.19
285.52,110.37,26.619,115.03
287.22,109.53,26.353,113.88
288.34,109.23,26.089,112.74
289.08,111.13,25.828,111.62
289.27,111.52,25.57,110.5
290.07,111.65,25.314,109.39
290.66,111.94,25.061,108.3
291.27,112.96,24.811,107.22
291.66,113.04,24.563,106.15
291.8,113.35,24.317,105.08
292.43,114.25,24.074,104.03
293.21,114.33,23.833,102.99
293.44,114.83,23.595,101.96
294.4,115.9,23.359,100.94
296.2,117.2,23.125,99.934
297.47,119.56,22.894,98.934
299.8,121.73,22.665,97.945
300.29,124.55,22.438,96.966
301.52,126.48,22.214,95.996
303.37,128.17,21.992,95.036
305.59,130.87,21.772,94.086
306.51,130.98,21.554,93.145
310.14,125.85,21.554,93.145
310.69,126.15,21.554,93.145
312.16,126.55,21.554,93.145
313.51,129,21.339,92.213
314.47,129.48,21.125,91.291
315.42,128.34,20.914,90.378
316.02,129.36,20.705,89.475
316.94,129.58,20.498,88.58
318.5,126.69,20.293,87.694
319.17,127.18,20.09,86.817
319.3,127.62,19.889,85.949
320.07,128.69,19.69,85.089
320.09,128.58,19.69,85.089
321.89,128.98,19.493,84.239
321.88,128.21,19.493,84.239
322.72,128.49,19.298,83.396
323.24,128.21,19.298,83.396
323.13,127.62,19.298,83.396
323.11,128.27,19.298,83.396
323.64,127.56,19.298,83.396
324.05,129.38,19.491,84.23
324.21,130.36,19.686,85.072
327.98,126.56,19.686,85.072
329.5,129.56,19.489,84.222
329.97,130.12,19.489,84.222
330.08,128.52,19.489,84.222
330.02,128,19.489,84.222
333.49,130.37,19.294,83.379
333.19,127.59,19.294,83.379
333.2,127.52,19.294,83.379
333.2,127.52,19.294,83.379
333.32,125.99,19.294,83.379
333.5,125.86,19.294,83.379
335.34,125.6,19.487,84.213
335.75,125.55,19.292,83.371
335.78,125.52,19.292,83.371
336.46,124.86,19.292,83.371
336.94,125.63,19.485,84.205
337.79,125.99,19.291,83.363
338.4,124.89,19.483,84.196
338.93,125.42,19.289,83.354
339.58,124.48,19.482,84.188
341.87,125.21,19.287,83.346
342.6,125.3,19.094,82.513
343.45,125.87,19.094,82.513
343.48,126.14,19.094,82.513
344.42,127.76,19.094,82.513
344.42,127.76,19.094,82.513
345.95,131.18,19.094,82.513
346.31,130.36,19.094,82.513
346.41,129.59,19.094,82.513
346.46,129.67,19.094,82.513
346.66,130.51,19.094,82.513
347.44,130.76,19.094,82.513
347.79,130.95,19.094,82.513
348.39,128.87,19.094,82.513
348.39,128.87,19.094,82.513
348.71,129.28,19.094,82.513
349.23,127.19,19.094,82.513
349.56,126.54,19.094,82.513
351.41,127.05,18.903,81.688
351.59,127.32,18.714,80.871
352.3,127.59,18.714,80.871
352.59,128.08,18.527,80.062
352.84,125.83,18.712,80.863
353.11,126.25,18.712,80.863
352.88,125.41,18.899,81.671
352.99,125.47,18.899,81.671
353,125.5,18.899,81.671
353,125.5,18.899,81.671
352.71,124.53,19.088,82.488
352.91,122.11,19.279,83.313
353.14,122.34,19.279,83.313
353.14,122.43,19.279,83.313
353.13,122.48,19.279,83.313
353.12,122.49,19.279,83.313
353.12,122.5,19.279,83.313
353.12,122.5,19.279,83.313
353.12,122.5,19.279,83.313
353.16,122.8,19.279,83.313
353.16,122.8,19.279,83.313
353.05,122.13,19.472,84.146
353.08,121.85,19.667,84.987
354.33,123.24,19.667,84.987
354.58,124.55,19.47,84.138
355.52,125.51,19.275,83.296
355.41,119.57,19.468,84.129
355.56,124.63,19.273,83.288
355.78,125.7,19.08,82.455
355.72,120.35,19.271,83.279
355.58,120.46,19.271,83.279
355.58,120.46,19.271,83.279
355.58,120.46,19.271,83.279
355.58,120.46,19.271,83.279
355.58,120.46,19.271,83.279
355.58,120.49,19.271,83.279
355.58,120.5,19.271,83.279
355.58,120.5,19.271,83.279
355.58,120.5,19.271,83.279
355.58,120.5,19.271,83.279
355.99,122.67,19.079,82.447
355.75,122.89,19.079,82.447
355.91,123.56,18.888,81.622
356.19,124.64,18.699,80.806
356.11,124.68,18.699,80.806
356.21,124.75,18.699,80.806
356.04,124.37,18.699,80.806
356.08,123.65,18.699,80.806
356.09,123.57,18.699,80.806
356.03,123.19,18.699,80.806
356,122.5,18.699,80.806
355.99,121.86,18.699,80.806
355.99,121.86,18.699,80.806
355.96,122.34,18.699,80.806
355.73,122.12,18.699,80.806
355.73,122.12,18.699,80.806
355.73,122.12,18.699,80.806
355.73,122.12,18.699,80.806
355.92,121.85,18.699,80.806
356.04,121.81,18.699,80.806
356.13,122.72,18.512,79.998
356.23,123.52,18.327,79.198
356.31,123.93,18.144,78.406
355.73,122.77,18.325,79.19
355.45,121.69,18.508,79.982
354.99,121.44,18.508,79.982
355.18,119.2,18.508,79.982
355.01,118.55,18.508,79.982
355.01,118.55,18.508,79.982
355.3,118.41,18.508,79.982
355.28,117.94,18.508,79.982
355.31,117.71,18.508,79.982
355.43,117.59,18.508,79.982
355.41,117.53,18.508,79.982
355.6,118.02,18.508,79.982
356.52,117.83,18.508,79.982
357.31,116.81,18.508,79.982
357.12,116.56,18.508,79.982
357.41,116.8,18.323,79.182
357.5,117.2,18.14,78.39
357.5,117.2,18.14,78.39
357.59,117.59,17.959,77.606
357.69,117.84,17.959,77.606
357.69,117.84,17.959,77.606
358.32,118.08,17.779,76.83
358.41,118.74,17.601,76.062
358.17,119.01,17.601,76.062
358.43,119.08,17.425,75.301
358.52,119.45,17.251,74.548
358.52,119.45,17.251,74.548
358.53,118.88,17.251,74.548
358.47,119.68,17.078,73.803
358.47,119.68,17.078,73.803
357.78,119.15,17.078,73.803
357.79,118.22,17.078,73.803
357.74,118.11,17.078,73.803
358.02,119.3,16.908,73.065
358.08,120.09,16.738,72.334
358.16,120.97,16.571,71.611
358.21,121.82,16.405,70.895
358.3,122.29,16.241,70.186
357.86,122.34,16.241,70.186
357.72,122.49,16.241,70.186
357.72,122.49,16.241,70.186
357.61,121.93,16.241,70.186
357.61,121.93,16.241,70.186
357.61,121.93,16.241,70.186
357.56,122.33,16.079,69.484
357.53,123.1,15.918,68.789
357.53,123.1,15.918,68.789
357.53,123.1,15.918,68.789
357.37,123.97,15.759,68.101
357.45,124.31,15.601,67.42
357.52,124.64,15.445,66.746
357.48,124.87,15.291,66.079
357.56,125.2,15.138,65.418
357.63,125.55,14.987,64.764
357.7,125.88,14.837,64.116
357.78,126.2,14.688,63.475
358.38,126.04,14.541,62.84
358.33,125.07,14.687,63.468
358.38,125.45,14.54,62.834
358.34,126.59,14.395,62.205
358.38,127.41,14.251,61.583
358.41,128.26,14.108,60.968
358.47,128.66,13.967,60.358
358.22,128.6,14.107,60.961
358.02,129.08,14.107,60.961
358.09,129.38,13.966,60.352
357.28,128.15,14.105,60.955
357.21,127.84,14.246,61.565
356.71,125.93,14.389,62.181
356.71,125.93,14.389,62.181
356.71,125.93,14.389,62.181
356.77,125.38,14.389,62.181
356.9,124.62,14.389,62.181
357.52,124.9,14.245,61.559
357.97,125.1,14.245,61.559
358.55,125.04,14.103,60.943
358.62,125.34,13.962,60.334
358.65,124.85,13.822,59.73
