NaN,NaN,NaN,-1
122.1,105.6,90.75,103.95
122.1,103.95,90.75,103.95
122.1,102.3,90.75,103.95
122.1,100.65,90.75,107.25
122.1,100.65,90.75,105.6
120.45,103.95,92.4,105.6
120.45,100.65,92.4,110.55
122.1,107.25,92.4,103.95
120.45,105.6,90.75,100.65
118.8,108.9,92.4,99
118.8,103.95,92.4,103.95
117.15,107.25,92.4,103.95
117.15,108.9,90.75,100.65
117.15,110.55,89.1,100.65
113.85,112.2,90.75,99
110.55,112.2,90.75,99
107.25,115.5,90.75,97.35
102.3,115.5,94.05,99
99,113.85,94.05,99
97.35,113.85,92.4,99
95.7,113.85,90.75,99
92.4,113.85,94.05,103.95
92.4,113.85,97.35,97.35
94.05,114.67,95.7,91.58
94.05,113.85,102.3,89.1
95.7,113.85,100.65,85.8
96.523,113.85,94.877,80.85
95.7,113.85,95.7,75.9
85.8,113.85,107.25,72.6
84.15,110.55,110.55,69.3
85.8,110.55,108.9,67.65
84.15,108.9,110.55,67.65
85.8,107.25,108.9,69.3
87.45,107.25,107.25,69.3
89.1,107.25,105.6,69.3
89.1,107.25,107.25,69.3
82.5,110.55,113.85,64.35
80.85,107.25,115.5,66
84.15,107.25,113.85,66
85.8,107.25,115.5,67.65
89.1,107.25,113.85,66
89.1,108.9,115.5,61.05
90.75,108.9,115.5,62.7
92.4,107.25,115.5,66
95.7,107.25,115.5,66
100.65,108.9,112.2,62.7
100.65,105.6,113.85,69.3
100.65,105.6,115.5,67.65
102.3,103.95,117.15,69.3
105.6,103.95,115.5,69.3
107.25,105.6,115.5,70.95
108.9,105.6,117.15,72.6
110.55,107.25,117.15,70.95
108.9,107.25,120.45,72.6
110.55,110.55,120.45,70.95
133.65,108.9,99,74.25
135.3,110.55,97.35,74.25
133.65,112.2,100.65,66
135.3,113.85,99,66
135.3,115.5,99,66
135.3,117.15,100.65,66
136.95,117.15,99,67.65
136.95,117.15,100.65,74.25
135.3,117.15,102.3,74.25
135.3,118.8,102.3,72.6
135.3,120.45,102.3,70.95
135.3,118.8,102.3,74.25
136.95,120.45,102.3,74.25
135.3,120.45,103.95,72.6
136.95,120.45,102.3,72.6
136.95,120.45,103.95,72.6
136.95,118.8,103.95,75.9
136.95,118.8,103.95,75.9
136.95,118.8,103.95,74.25
136.95,117.15,103.95,74.25
136.95,117.15,103.95,75.9
136.95,115.5,102.3,74.25
136.95,115.5,102.3,74.25
135.3,115.5,102.3,72.6
135.3,115.5,100.65,72.6
133.65,115.5,100.65,69.3
132,115.5,102.3,69.3
132,115.5,102.3,66
132,108.9,100.65,69.3
135.3,105.6,95.7,69.3
133.65,99,97.35,75.9
132,91.573,99,83.327
128.7,80.85,99,95.7
123.75,74.25,102.3,117.15
122.1,75.9,105.6,115.5
118.8,72.6,103.95,120.45
113.85,69.3,107.25,127.05
110.55,66,108.9,132
107.25,64.35,112.2,133.65
105.6,66,112.2,133.65
105.6,75.9,110.55,125.4
143.55,79.2,72.6,120.45
146.85,82.5,69.3,120.45
145.2,80.85,69.3,125.4
145.2,82.5,69.3,122.1
148.5,108.9,64.35,103.95
148.5,108.9,64.35,107.25
148.5,108.9,64.35,108.9
148.5,108.9,64.35,103.95
148.5,108.9,64.35,105.6
148.5,108.9,64.35,105.6
148.5,108.9,64.35,107.25
148.5,108.9,64.35,107.25
148.5,110.55,64.35,105.6
148.5,110.55,64.35,105.6
148.5,110.55,64.35,105.6
148.5,110.55,62.7,103.95
151.8,110.55,59.4,112.2
151.8,110.55,59.4,112.2
151.8,112.99,59.4,109.76
151.8,112.2,59.4,112.2
151.8,113.85,61.05,112.2
151.8,113.85,61.05,112.2
151.8,113.85,61.05,115.5
151.8,113.85,59.4,115.5
151.8,113.85,59.4,115.5
151.8,113.85,59.4,115.5
151.8,112.2,59.4,117.15
151.8,112.2,59.4,115.5
151.8,112.2,61.05,113.85
151.8,112.2,59.4,113.85
150.15,112.2,61.05,115.5
151.8,112.2,59.4,115.5
150.15,112.2,61.05,117.15
150.15,112.2,61.05,118.8
150.15,112.2,61.05,117.15
148.5,112.2,62.7,117.15
151.8,110.55,59.4,117.15
148.5,110.55,62.7,117.15
145.2,108.9,66,120.45
145.2,108.9,66,123.75
143.55,108.9,67.65,125.4
140.25,108.9,70.95,125.4
138.6,108.9,74.25,127.05
140.25,108.9,72.6,99
135.3,108.9,77.55,99
136.95,108.9,74.25,99
138.6,107.25,72.6,99
140.25,107.25,70.95,99
141.9,105.6,67.65,100.65
140.25,105.6,69.3,99
140.25,105.6,69.3,99
140.25,105.6,69.3,97.35
138.6,105.6,69.3,97.35
138.6,105.6,67.65,99
136.95,105.6,69.3,99
136.95,105.6,69.3,99
136.95,103.95,67.65,100.65
135.3,103.95,69.3,100.65
135.3,103.95,69.3,100.65
136.73,103.95,67.871,100.65
136.95,103.95,67.65,108.9
136.95,103.95,67.65,108.9
133.65,103.95,70.95,108.9
133.65,103.95,70.95,107.25
135.3,103.95,67.65,108.9
135.3,103.95,69.3,108.9
135.3,103.95,69.3,112.2
136.95,103.95,67.65,110.55
138.6,103.95,66,110.55
138.6,105.6,66,108.9
138.6,105.6,66,99
136.95,105.6,67.65,102.3
135.3,105.6,72.6,108.9
135.3,105.6,75.9,105.6
135.3,105.6,79.2,105.6
132,105.6,75.9,113.85
127.05,105.6,92.4,105.6
128.7,105.6,92.4,99
128.7,107.25,90.75,97.35
128.7,107.25,90.75,99
127.05,108.9,90.75,112.2
128.7,110.55,72.6,113.85
127.05,110.55,61.05,113.85
125.4,112.2,52.8,115.5
125.4,113.85,52.8,122.1
128.7,113.85,54.45,123.75
123.75,115.5,59.4,122.1
123.75,117.15,56.1,125.4
123.75,117.15,57.75,127.05
123.75,117.97,62.7,126.23
123.75,117.15,59.4,127.05
123.75,117.15,59.4,125.4
125.4,118.8,57.75,123.75
127.05,118.8,56.1,123.75
127.05,118.8,54.45,123.75
127.05,118.8,56.1,125.4
127.05,118.8,56.1,122.1
127.05,118.8,56.1,122.1
127.05,118.8,56.1,122.1
127.05,118.8,57.75,122.1
128.7,118.8,56.1,122.1
128.7,118.8,56.1,123.75
128.7,118.8,54.45,123.75
128.7,118.8,56.1,122.1
128.7,120.45,56.1,120.45
128.7,118.8,54.45,122.1
130.35,118.8,52.8,122.1
128.7,120.45,52.8,120.45
128.7,120.45,51.15,120.45
128.7,120.45,54.45,120.45
128.7,120.45,52.8,120.45
127.05,122.1,52.8,120.45
127.05,123.75,52.8,118.8
128.7,123.75,51.15,118.8
128.7,125.4,51.15,118.8
128.7,125.4,49.5,122.1
128.7,127.05,49.5,120.45
128.7,127.05,49.5,120.45
127.05,127.05,49.5,120.45
127.05,125.4,49.5,122.1
125.4,125.4,52.8,122.1
127.05,125.4,51.15,120.45
125.4,123.75,54.45,120.45
127.05,120.45,54.45,122.1
128.7,117.15,54.45,120.45
128.7,113.85,51.15,120.45
128.7,108.9,49.5,120.45
128.7,103.95,47.85,122.1
127.05,100.65,49.5,120.45
127.05,95.7,49.5,122.1
125.4,92.4,54.45,123.75
127.05,89.1,54.45,123.75
127.05,87.45,52.8,128.7
127.05,85.8,47.85,125.4
127.05,84.15,54.45,127.05
125.4,84.15,54.45,133.65
125.4,82.5,54.45,127.05
127.05,82.5,52.8,127.05
128.7,82.5,51.15,122.1
127.05,82.5,52.8,132
127.05,82.5,52.8,140.25
128.7,84.15,51.15,145.2
130.35,84.15,49.5,115.5
130.35,85.8,52.8,112.2
128.7,85.8,56.1,115.5
132,87.45,54.45,115.5
132,87.45,56.1,117.15
132,87.45,56.1,118.8
132,89.1,57.75,115.5
132,89.1,59.4,117.15
132,90.75,59.4,113.85
133.65,90.75,57.75,115.5
133.65,92.4,56.1,117.15
133.65,92.4,56.1,115.5
133.65,94.05,57.75,115.5
133.65,95.7,57.75,115.5
133.65,95.7,59.4,117.15
133.65,97.35,61.05,117.15
135.3,97.35,59.4,118.8
133.65,99,61.05,117.15
135.3,99,61.05,118.8
135.3,100.65,59.4,118.8
135.3,102.3,59.4,117.15
133.65,102.3,59.4,118.8
135.3,103.95,57.75,118.8
133.65,103.95,59.4,118.8
133.65,103.95,59.4,117.15
135.3,103.95,56.1,118.8
133.65,103.95,56.1,120.45
133.65,105.6,56.1,118.8
133.65,105.6,56.1,118.8
133.65,105.6,56.1,118.8
133.65,105.6,56.1,117.15
132,105.6,57.75,120.45
133.65,105.6,56.1,113.85
133.65,107.25,56.1,103.95
132,107.25,57.75,97.35
130.35,108.9,57.75,91.582
125.4,110.55,69.3,87.45
123.75,108.9,70.95,87.45
125.4,108.9,67.65,85.8
123.75,108.9,67.65,85.8
123.75,110.55,67.65,82.5
122.1,110.55,67.65,82.5
122.1,110.55,66,82.5
120.45,110.55,67.65,80.85
120.45,110.55,75.9,80.85
118.8,110.55,79.2,79.2
118.8,112.2,79.2,80.85
115.5,112.2,80.85,80.85
115.5,112.2,79.2,79.2
117.15,112.2,75.9,79.2
117.15,112.2,75.9,77.55
117.15,110.55,74.25,79.2
115.5,108.9,75.9,80.85
113.85,108.9,75.9,80.85
115.5,110.55,74.25,79.2
115.5,110.55,74.25,79.2
115.5,110.55,72.6,79.2
115.5,108.9,70.95,80.85
115.5,108.9,69.3,80.85
115.5,110.55,69.3,79.2
108.9,110.55,77.55,77.55
107.25,110.55,75.9,79.2
107.25,110.55,75.9,79.2
107.25,110.55,75.9,79.2
103.95,110.55,79.2,79.2
102.3,110.55,82.5,79.2
103.95,113.85,82.5,75.9
103.95,115.5,82.5,74.25
103.95,113.85,80.85,75.9
105.6,113.85,79.2,75.9
107.25,113.85,75.9,75.9
108.9,112.2,74.25,77.55
102.3,112.2,80.85,77.55
100.65,112.2,82.5,79.2
100.65,112.2,84.15,79.2
105.6,112.2,80.85,80.85
105.6,112.2,82.5,82.5
105.6,112.2,82.5,82.5
103.95,112.2,87.45,84.15
105.6,110.55,87.45,89.1
105.6,110.55,89.1,92.4
103.95,108.9,92.4,100.65
103.95,108.9,92.4,97.35
117.15,107.25,79.2,77.55
117.15,107.25,77.55,80.85
117.15,107.25,75.9,75.9
117.15,105.6,75.9,75.9
115.5,105.6,74.25,77.55
115.5,105.6,74.25,77.55
115.5,105.6,74.25,77.55
115.5,104.77,74.25,84.977
113.85,105.6,74.25,82.5
112.2,105.6,70.95,82.5
112.2,105.6,70.95,84.15
110.55,107.25,74.25,80.85
110.55,107.25,74.25,79.2
110.55,103.95,74.25,82.5
108.9,103.95,74.25,80.85
108.9,103.95,74.25,80.85
107.25,103.95,74.25,82.5
107.25,103.95,70.95,89.1
105.6,105.6,69.3,87.45
103.95,105.6,67.65,85.8
102.3,107.25,69.3,87.45
102.3,112.2,67.65,80.85
100.65,112.2,66,80.85
95.7,113.85,69.3,82.5
94.05,105.6,72.6,90.75
94.05,105.6,70.95,85.8
94.05,105.6,70.95,85.8
90.75,105.6,74.25,89.1
92.4,103.95,74.25,90.75
95.7,103.95,70.95,90.75
99,105.6,67.65,87.45
100.65,105.6,66,89.1
105.6,107.25,61.05,95.7
105.6,107.25,61.05,95.7
107.25,107.25,59.4,95.7
107.25,107.25,59.4,97.35
107.25,107.25,59.4,99
105.6,108.9,61.05,102.3
103.95,108.9,62.7,110.55
102.3,108.9,64.35,110.55
102.3,108.9,64.35,115.5
103.95,107.25,62.7,117.15
105.6,107.25,62.7,118.8
108.9,105.6,59.4,123.75
107.25,105.6,61.05,120.45
108.9,105.6,61.05,120.45
108.9,105.6,61.05,122.1
110.55,107.25,61.05,122.1
112.2,107.25,61.05,125.4
113.85,107.25,59.4,127.05
117.15,108.9,56.1,122.1
118.8,107.25,56.1,122.1
120.45,105.6,56.1,128.7
120.45,107.25,56.1,128.7
122.1,107.25,56.1,130.35
122.1,107.25,56.1,128.7
123.75,107.25,54.45,135.3
123.75,107.25,56.1,133.65
125.4,105.6,54.45,132
125.4,105.6,54.45,132
125.4,107.25,56.1,132
127.05,103.95,52.781,132
127.05,102.3,54.45,136.95
127.05,100.65,52.8,138.6
127.05,100.65,54.45,136.95
128.7,100.65,52.8,133.65
128.7,99,52.8,135.3
128.7,99,52.8,136.95
128.7,99,54.45,138.6
128.7,99,54.45,135.3
128.7,99,56.1,133.65
128.7,99,56.1,133.65
128.7,99,56.1,133.65
130.35,99,56.1,132
130.35,99,54.45,132
130.35,99,54.45,128.7
130.35,99,54.45,128.7
130.35,99,54.45,127.05
132,99,54.45,125.4
132,97.35,56.1,127.05
133.65,97.35,54.45,127.05
132,95.7,56.1,130.35
132,95.7,56.1,132
133.65,95.7,56.1,133.65
130.35,95.7,59.4,133.65
130.35,95.7,59.4,133.65
132.82,95.7,56.933,132
132,95.7,57.75,133.65
130.35,95.7,59.4,133.65
132,95.7,54.45,133.65
132,95.7,54.45,133.65
130.35,95.7,57.75,133.65
130.35,97.35,57.75,130.35
