NaN,NaN,NaN,-1
130.03,123.77,78.333,100.27
130.03,123.77,78.333,100.27
130.03,125.33,78.333,98.7
130.03,123.77,78.333,100.27
130.03,123.77,78.333,98.7
130.03,120.63,78.333,103.4
130.03,122.2,76.767,100.27
130.03,123.77,76.767,97.133
128.47,123.77,78.333,98.7
126.9,125.33,79.9,100.27
126.9,125.33,78.333,100.27
123.77,126.9,79.9,100.27
119.07,126.9,83.033,98.7
117.5,128.47,83.033,98.7
114.37,128.47,84.6,100.27
109.67,130.03,86.167,100.27
106.53,131.6,86.167,98.7
103.4,131.6,86.167,100.27
100.27,130.03,84.6,103.4
97.133,128.47,87.733,100.27
95.567,126.9,94,111.23
92.433,126.9,90.867,111.23
90.867,126.9,92.433,104.97
92.433,123.77,94,101.83
90.867,123.77,90.867,92.433
90.867,125.33,90.867,90.867
89.3,126.9,94,84.6
92.433,128.47,90.867,78.333
92.433,126.9,90.867,71.148
94,122.2,90.867,70.5
97.885,114.37,86.982,75.2
98.7,114.37,86.167,73.633
97.133,114.37,87.733,73.633
97.133,114.37,87.733,79.9
98.7,111.23,86.167,78.333
98.7,111.23,87.733,83.033
100.27,111.23,87.733,87.733
101.83,111.23,86.167,89.3
103.4,114.37,86.167,90.867
101.83,112.8,89.3,100.27
106.53,114.37,86.167,73.633
108.1,112.8,86.167,75.2
108.1,112.8,89.3,76.767
112.8,112.8,86.167,76.767
114.37,111.23,87.733,84.6
117.5,109.67,86.167,86.167
117.5,109.67,87.733,86.167
119.07,111.23,89.3,84.6
120.63,111.23,89.3,79.9
122.2,109.67,90.867,79.9
128.47,109.67,86.167,79.9
130.03,111.23,86.167,79.9
131.6,111.23,86.167,84.6
133.17,112.8,86.167,83.033
134.73,114.37,86.167,84.6
136.3,114.37,86.167,86.167
136.3,114.37,87.733,87.733
136.3,119.07,87.733,83.033
137.87,120.63,86.167,84.6
137.87,122.2,87.733,83.033
139.43,122.2,86.167,87.733
139.43,122.2,87.733,97.133
139.43,120.63,87.733,100.27
141,117.5,86.167,72.067
141,117.5,86.167,72.067
141,115.93,87.733,72.067
142.57,115.93,86.167,70.5
142.57,117.5,87.733,70.5
144.13,119.07,86.167,67.367
144.13,119.07,86.167,67.367
144.13,120.63,86.167,65.8
147.25,122.2,84.615,72.067
147.27,119.07,84.6,75.2
147.27,115.93,84.6,76.767
147.27,117.5,84.6,75.2
147.27,117.5,83.033,75.2
145.7,117.5,84.6,75.2
145.7,114.37,83.033,76.767
144.13,115.93,83.033,73.633
142.57,115.93,84.6,72.067
141,114.37,84.6,69.676
141,114.37,83.033,67.367
141,114.37,83.033,65.8
139.43,112.8,83.033,61.1
137.87,111.23,84.6,59.533
139.43,104.97,81.467,67.367
134.73,104.97,86.167,67.367
130.03,104.97,89.3,68.933
139.43,104.97,79.9,75.2
137.87,106.53,81.467,76.767
134.73,101.83,83.033,83.033
131.6,97.133,84.6,89.3
125.33,94,89.3,94
125.33,84.6,87.733,106.53
119.07,84.6,92.433,108.1
117.5,83.033,92.433,109.67
119.07,83.033,89.3,109.67
119.07,81.467,89.3,112.8
123.77,81.467,83.033,112.8
123.77,81.467,81.467,114.37
123.77,81.467,83.033,114.37
123.77,83.033,81.467,112.8
120.63,83.033,84.6,112.8
117.5,83.033,87.733,112.8
115.93,83.033,89.3,120.63
120.63,83.033,84.6,120.63
123.77,83.033,81.467,123.77
123.77,83.033,79.9,123.77
123.77,83.033,81.467,125.33
120.63,84.6,84.6,122.2
117.5,84.6,87.733,122.2
120.63,84.6,84.6,123.77
120.63,84.6,84.6,123.77
117.5,84.6,87.733,123.77
123.77,95.567,81.467,112.8
123.77,97.133,81.467,111.23
120.63,97.133,84.6,111.23
119.07,97.133,86.167,111.23
115.93,95.567,89.3,112.8
115.93,95.567,89.3,112.8
137.87,97.133,68.933,111.23
134.73,97.133,72.067,111.23
133.17,95.567,73.633,114.37
133.17,100.27,72.067,106.53
131.6,100.27,73.633,106.53
131.6,100.27,72.067,109.67
131.6,100.27,72.067,108.1
130.03,100.27,73.633,108.1
133.17,98.7,70.5,109.67
134.73,98.7,70.5,109.67
134.73,97.133,68.933,111.23
133.17,97.133,70.5,111.23
133.17,97.133,70.5,109.67
133.17,100.27,70.5,104.97
128.47,95.567,76.767,109.67
126.9,98.7,78.333,104.97
123.77,104.97,83.033,100.27
130.03,97.133,73.633,108.1
122.2,101.83,83.033,104.97
131.6,106.53,73.633,97.133
145.7,106.53,59.533,95.567
144.13,104.97,61.1,100.27
144.13,104.97,59.533,98.7
145.7,103.4,57.967,101.83
144.13,101.83,59.533,101.83
144.13,101.83,57.967,103.4
142.57,101.83,59.533,103.4
142.57,101.83,57.967,103.4
142.57,101.83,56.4,103.4
142.57,101.83,54.833,104.97
142.57,101.83,56.4,101.83
141,101.83,57.967,103.4
139.43,100.27,59.533,104.97
139.43,100.27,59.533,104.97
137.87,100.27,61.1,101.83
136.3,100.27,62.667,101.83
134.73,100.27,64.233,101.83
134.73,101.83,64.233,100.27
136.3,101.83,61.1,100.27
134.73,101.83,64.233,98.7
134.73,103.4,64.233,98.7
134.73,101.83,64.233,108.1
134.73,100.27,64.233,112.8
136.3,101.83,62.667,108.1
134.73,101.83,64.233,104.97
133.17,101.83,65.8,106.53
133.17,101.83,65.8,101.83
133.17,101.83,67.367,98.7
134.73,100.27,65.8,103.4
134.73,100.27,61.876,106.53
130.03,100.27,68.933,114.37
126.9,100.27,67.367,119.07
128.47,100.27,76.767,115.93
128.47,101.83,79.9,117.5
128.47,101.83,78.333,117.5
128.47,103.4,61.1,119.07
128.47,101.83,57.967,117.5
126.9,100.27,62.667,122.2
126.9,97.133,64.233,128.47
128.47,97.133,61.1,130.03
128.47,97.133,62.667,134.73
128.47,95.567,59.533,136.3
126.9,92.433,65.8,141
126.9,94,70.5,137.87
126.9,92.433,72.067,139.43
123.77,112.8,43.867,120.63
128.47,114.37,37.6,120.63
130.03,114.37,37.6,120.63
128.47,115.93,39.167,120.63
128.47,115.93,39.167,122.2
128.47,114.37,39.167,125.33
128.47,115.93,39.167,126.9
126.9,115.93,39.167,125.33
126.9,115.93,42.3,126.9
126.9,115.93,40.733,126.9
128.47,115.93,39.167,126.9
130.03,115.93,37.6,126.9
123.77,115.93,43.867,126.16
123.77,115.93,42.3,125.33
123.77,115.93,43.867,123.77
123.77,115.93,47,126.9
123.77,115.93,43.867,123.77
123.77,115.93,43.867,123.77
123.77,115.93,43.867,123.77
122.2,115.93,43.867,125.33
122.2,117.5,45.433,123.77
122.2,117.5,42.3,123.77
122.2,117.5,43.867,125.33
122.2,119.07,42.3,123.77
122.2,119.07,42.3,125.33
122.2,120.63,42.3,123.77
122.2,122.2,40.733,125.33
122.2,123.77,40.733,122.2
122.2,123.77,40.733,123.77
122.2,123.77,40.733,125.33
122.2,125.33,40.733,123.77
122.2,125.33,42.3,122.2
122.2,123.77,40.733,122.2
122.2,122.2,42.3,125.33
122.2,119.07,42.3,126.9
122.2,115.93,43.867,125.33
120.63,112.8,45.433,122.2
122.2,108.1,43.867,122.2
123.77,103.4,43.867,122.2
123.77,100.27,43.867,122.2
123.77,97.133,45.433,120.63
123.77,94,48.567,125.33
123.77,89.3,50.133,125.33
123.77,87.733,50.133,122.2
123.77,84.6,51.7,126.9
123.77,81.467,50.133,125.33
123.77,81.467,51.7,123.77
123.77,79.9,51.7,125.33
123.77,79.9,51.7,122.2
123.77,79.9,51.7,117.5
123.77,79.9,51.7,126.9
123.77,83.025,51.7,133.17
122.2,83.033,53.267,137.87
125.33,84.6,51.7,108.1
125.33,86.167,50.133,106.53
123.77,86.167,51.7,108.1
125.33,86.167,50.133,109.67
125.33,86.167,50.133,109.67
126.9,87.733,48.567,109.67
126.9,87.733,50.133,109.67
128.47,89.3,48.567,109.67
128.47,90.867,48.567,109.67
130.03,90.867,47,111.23
131.6,92.433,45.433,109.67
131.6,92.433,47,109.67
131.6,94,47,111.23
130.03,95.567,48.567,109.67
133.17,95.567,47,111.23
131.6,97.133,50.133,109.67
131.6,97.133,50.133,109.67
131.6,97.133,51.7,111.23
131.6,98.7,50.133,111.23
131.6,100.27,48.567,111.23
131.6,100.27,47,111.23
130.03,101.83,53.267,111.23
130.03,103.4,51.7,109.67
130.03,103.4,53.267,111.23
130.03,103.4,53.267,111.23
128.47,103.4,53.267,111.23
128.47,104.97,53.267,109.67
128.47,104.97,54.833,109.67
128.47,104.97,53.267,109.67
130.03,104.97,51.7,111.23
130.03,104.97,51.7,111.23
130.03,104.97,51.7,108.1
130.03,104.97,48.569,111.23
128.47,106.53,50.133,103.4
125.33,106.53,51.7,97.133
123.77,106.53,53.267,94
123.77,108.1,54.833,89.3
122.2,108.1,57.967,86.167
120.63,108.1,57.967,86.167
120.63,108.1,57.967,84.6
119.07,109.67,57.967,81.467
120.73,109.67,57.869,81.467
120.63,109.67,56.4,81.467
119.07,109.67,56.4,81.467
119.07,109.67,59.533,81.467
119.07,109.67,59.533,83.033
119.07,111.23,59.533,81.467
120.63,111.23,56.4,81.467
117.5,111.23,59.533,79.9
119.07,111.23,56.4,79.9
117.5,112.8,57.967,76.767
114.37,111.23,64.233,78.333
114.37,111.23,64.233,78.333
114.37,111.23,64.233,78.333
114.37,112.8,65.8,76.767
114.37,112.8,65.8,75.2
114.37,112.8,65.8,75.2
114.37,112.8,70.5,75.2
114.37,112.8,75.2,75.2
114.37,112.8,75.2,75.2
114.37,114.37,75.2,73.633
112.8,114.37,76.767,73.633
112.8,114.37,75.2,73.633
112.8,112.8,75.2,76.767
112.8,112.8,75.2,76.767
112.8,114.37,75.2,75.2
112.8,114.37,73.633,75.2
112.8,112.8,73.633,76.767
112.8,112.8,72.067,76.767
112.8,112.8,73.633,76.767
112.8,111.23,73.633,76.767
114.37,111.23,70.5,76.767
114.37,111.23,70.5,78.333
114.37,112.8,70.5,78.333
115.93,112.8,70.5,78.333
115.93,111.23,70.5,81.467
115.93,111.23,70.5,83.033
119.07,111.23,65.8,83.033
115.93,109.67,70.5,86.167
115.93,109.67,75.2,89.3
115.93,108.1,75.2,87.733
115.93,108.1,76.767,90.867
117.5,108.1,75.2,89.3
115.93,106.53,76.767,87.733
115.93,106.53,76.767,86.167
115.93,106.53,75.2,86.167
115.93,106.53,75.2,84.6
114.37,106.53,75.2,84.6
114.37,106.53,75.2,84.6
114.37,106.53,75.2,84.6
114.37,106.53,72.067,84.6
112.8,106.53,72.067,86.167
112.8,106.53,70.5,87.733
111.23,106.53,72.067,87.733
111.23,106.53,70.5,87.733
109.67,108.1,70.5,86.166
109.67,109.67,70.5,83.033
108.1,109.67,73.633,79.9
108.1,109.67,73.633,81.467
108.1,111.23,73.633,79.9
106.53,111.23,73.633,79.9
103.4,111.23,76.767,79.9
101.83,111.23,75.2,81.467
100.27,111.23,75.2,81.467
98.7,111.23,75.2,81.467
97.133,111.23,73.633,83.033
94,111.23,73.633,83.033
92.433,111.23,73.633,83.033
86.167,112.8,78.333,83.033
92.433,114.37,70.5,79.9
96.519,114.37,64.847,78.333
98.7,114.37,59.533,83.033
100.27,114.37,61.1,83.033
103.4,114.37,56.4,81.467
106.53,114.37,53.267,78.333
109.67,114.37,51.7,72.067
111.23,114.37,51.7,72.067
112.8,114.37,50.133,73.633
112.8,114.37,50.133,73.633
111.23,114.37,51.7,73.633
111.23,108.1,51.7,86.167
109.67,108.1,54.833,86.167
108.1,108.1,56.4,89.3
106.53,108.1,57.967,87.733
106.53,108.1,57.967,86.167
106.53,106.53,57.967,92.433
108.1,106.53,56.4,90.867
109.67,106.53,54.833,90.867
109.67,106.53,56.4,92.433
111.23,106.53,56.4,87.733
112.8,109.67,54.833,84.6
114.37,111.23,54.833,84.6
115.93,111.23,53.267,94
117.5,108.1,53.267,95.567
117.5,108.1,54.833,95.567
119.07,108.1,53.267,95.567
119.07,108.1,53.267,98.7
120.63,108.1,53.267,106.53
120.63,106.53,53.267,108.1
120.63,108.1,54.833,106.53
122.2,106.53,53.267,108.1
122.2,104.97,54.833,112.8
123.77,104.97,54.833,111.23
123.77,104.97,54.833,109.67
125.33,101.83,54.833,112.8
125.33,101.83,54.833,109.67
126.9,100.27,53.267,111.23
126.9,100.27,53.267,111.23
128.47,100.27,51.7,111.23
128.47,98.7,53.267,111.23
128.47,98.7,53.267,112.8
128.47,98.7,53.267,111.23
128.47,98.7,53.267,111.23
128.47,98.7,54.833,109.67
128.47,98.7,54.833,109.67
128.47,98.7,54.833,109.67
125.33,98.7,57.967,109.67
125.33,98.7,57.967,109.67
125.33,97.133,59.533,112.8
123.77,97.133,61.1,112.8
123.77,97.133,61.1,112.8
123.77,97.133,61.1,112.8
125.33,97.133,59.533,114.37
122.2,95.567,64.233,117.5
123.77,95.567,64.233,115.93
122.2,95.567,65.8,115.93
122.2,95.567,67.367,114.37
126.9,97.133,62.667,112.8
131.6,98.7,57.967,108.1
126.9,98.7,62.667,106.53
131.6,98.7,57.967,104.97
134.73,98.7,54.833,106.53
134.73,98.7,53.267,106.53
131.6,98.7,56.4,106.53
130.03,100.27,57.967,114.37
133.17,100.27,54.833,114.37
