NaN,NaN,NaN,-1
256.84,162.78,57.148,36.56
256.5,162.91,56.475,36.484
254.34,161.46,58.937,38.189
253.98,161.38,59.096,38.652
254.16,161.61,58.622,38.386
253.14,161.18,59.372,39.167
250.69,160.22,59.463,39.324
251.75,159.95,59.491,39.804
250.34,160.21,58.558,39.305
250.6,160.19,58.265,39.432
249.84,159.44,58.677,40.763
249.24,159.62,58.069,40.41
249.28,159.46,57.622,40.118
249.03,158.79,58.625,41.413
248.95,160.84,55.109,34.813
249.35,160.69,54.956,35.126
248.03,160.37,55.831,35.856
247.25,159.84,56.172,35.852
247.38,160.05,55.315,35.382
247.54,160.27,54.365,34.982
247.49,160.93,53.599,34.146
247.53,161.36,52.688,33.454
245.72,159.35,54.424,35.574
245.85,159.49,54.114,35.472
244.5,158.81,55.186,36.848
242.95,157.4,56.981,39.043
243.51,157.41,55.938,38.389
243.78,157.28,55.39,38.249
242.63,156.38,56.662,39.934
241.29,155.43,57.575,41.56
240.13,154,57.736,42.839
239.57,152.82,59.687,45.121
238.67,152.02,61.161,46.147
239.05,152.56,60.315,45.708
239.34,153.42,58.053,43.321
238.48,152.28,60.269,45.204
237.88,152.2,61.063,45.813
237.31,151.65,60.41,44.85
237.57,151.9,60.073,44.416
237.73,152.7,58.227,43.024
237.14,151.71,60.119,44.601
236,150.54,61.547,46.036
235.86,149.85,62.159,47.168
236.27,150.18,61.357,45.738
235.46,149.5,61.879,46.624
236.32,150.57,60.23,45.063
236.64,151.31,60.203,43.439
236.35,151.62,59.576,43.063
237.23,152.18,58.03,41.913
237.91,151.99,56.741,40.49
236.21,152.23,57.298,40.955
236.78,151.38,58.928,42.326
237.27,152.12,56.979,40.164
236.02,150.62,58.912,42.99
236.76,151.5,57.577,41.005
236.5,151.45,58.054,40.889
236.35,151.87,56.749,40.081
236.39,151.32,56.779,40.611
235.51,150.86,57.6,41.435
234.69,149.65,59.558,43.208
233.95,148.96,61.079,44.584
233.85,149.48,60.913,44.065
233.23,147.99,62.002,44.742
232.44,147.75,62.679,45.633
231.88,147.71,62.908,45.844
231.61,147.46,63.682,46.324
231.37,147.49,64.515,46.239
230.19,145.36,65.567,48.14
231.19,146.47,64.01,46.796
230.51,145.98,64.422,47.795
230.6,145.98,64.796,47.839
230.39,145.53,65.549,48.521
229.83,144.37,65.925,49.352
230.03,144.99,65.599,49.097
229.68,144.49,66.56,49.769
230.24,144.39,65.359,49.228
231.24,145.3,63.416,47.339
230.84,144.69,63.74,48.327
230.9,144.46,64.368,49.026
229.75,142.85,65.145,50.307
230.14,143.53,64.706,49.813
230.38,144.05,64.598,49.179
229.82,143.75,64.745,49.429
230.42,143.9,63.566,48.401
230.54,144.25,63.219,47.95
230.72,144.27,63.599,48.11
230.34,144.04,63.587,48.712
230.72,144.64,63.066,47.488
231.55,144.4,61.553,46.746
231.16,143.81,61.906,48.141
231.49,143.97,61.445,47.686
231.82,144.38,60.796,47.016
232.23,144.56,59.97,46.153
232.74,144.91,59.12,45.675
232.99,145.28,58.889,45.395
232.72,145.07,59.004,45.789
232.03,144.11,59.574,46.421
232.46,144.38,58.898,45.826
231.12,143.77,60.387,47.335
231.49,143.3,60.378,48.068
231.74,143.4,59.827,47.959
231.85,143.58,59.89,47.994
232.35,143.38,58.998,47.482
231.82,143.45,59.354,47.535
232.25,143.69,58.541,47.136
233.45,144.11,57.157,46.185
233.67,143.94,56.928,46.023
233.76,143.97,56.651,45.827
233.29,143.42,57.115,46.848
233.38,143.24,57.066,46.813
233.38,142.89,57.149,47.033
232.8,142.78,57.68,47.182
232.2,142.67,58.125,47.566
232.31,142.31,58.533,47.992
232.28,141.85,58.464,47.985
232.49,142.15,58.26,47.726
231.44,141.5,59.918,49.132
231.46,141.31,59.823,49.115
231.61,141.04,59.821,49.17
231.55,140.97,59.83,49.285
231.6,141.08,59.787,49.256
231.57,140.96,59.873,49.298
231.51,140.89,59.977,49.443
231.47,140.76,60.067,49.501
231.62,140.74,59.963,49.458
231.06,140.58,60.426,49.901
231.03,140.35,60.481,50.074
231.12,140.26,60.442,49.982
231.03,140.28,60.49,50.116
231.09,140.17,60.522,50.133
231.14,140.18,60.51,50.092
231.07,140.31,60.538,50.1
231.01,140.49,60.601,50.112
231.01,140.55,60.679,50.125
230.79,140.41,60.959,50.362
230.64,140.28,61.409,50.806
231.09,140.27,61.418,50.737
230.95,140.05,61.456,50.782
231.03,140.12,61.519,50.885
230.52,139.94,61.569,50.926
230.49,139.79,61.532,50.861
230.55,139.94,61.458,50.8
230.66,139.76,61.35,50.776
230.71,139.99,61.278,50.685
230.78,139.88,61.224,50.658
230.77,139.98,61.226,50.695
230.82,140.08,61.221,50.637
230.78,139.86,61.293,50.752
231.23,139.92,61.312,50.701
231.3,140.03,61.358,50.77
231.4,139.88,61.373,50.811
231.42,139.53,61.17,50.618
231.59,139.45,60.972,50.412
231.65,139.6,60.863,50.36
231.39,139.5,60.903,50.555
231.4,139.3,60.882,50.562
231.85,139.29,60.904,50.5
231.88,139.38,60.923,50.555
231.94,139.16,60.959,50.644
232.17,139.49,60.779,49.982
232.31,139.75,60.636,49.776
232.29,139.97,60.61,49.711
231.64,139.78,61.201,50.105
231.66,139.66,61.492,50.128
231.71,139.88,61.858,50.428
231.46,139.64,62.333,50.808
230.96,139.57,63.163,51.588
230.35,138.97,64.623,52.421
230.19,139,65.157,53.031
230.21,138.95,65.267,53.009
230.11,139.13,65.483,53.078
229.87,138.82,65.738,53.3
229.99,138.42,65.851,53.296
229.94,138.19,65.866,53.157
229.85,138.36,65.728,52.844
229.98,138.7,65.495,52.605
230.19,138.98,65.143,52.213
230.44,139.25,64.848,51.814
230.54,139.59,64.526,51.439
229.79,139.04,65.386,52.332
230.05,139.37,65.131,52.028
229.33,139.07,65.533,52.52
228.75,138.67,66.021,52.978
228.56,138.72,66.417,53.09
228.28,138.97,66.87,53.427
228.37,139.08,67.257,53.592
227.66,138.67,67.796,54.301
227.65,138.61,67.625,54.183
227.96,139.15,67.623,54.022
227.95,139.49,67.51,53.764
227.56,139.3,67.497,53.886
227.36,139.01,67.621,54.129
227.02,138.81,68.058,54.412
227.13,138.72,68.519,54.655
226.47,138.73,69.163,55.177
225.76,138.55,69.511,55.638
225.5,138.43,69.811,56.048
224.6,138,70.641,57.042
224.43,138.33,70.423,56.589
224.59,138.53,70.225,56.271
224.23,138.33,71.39,56.94
223.22,137.71,72.566,58.218
222.33,137.11,73.509,59.176
221.49,136.7,74.149,59.918
220.67,136.1,75.209,61.218
219.95,135.72,75.847,61.898
219,135.29,76.72,62.856
218.65,134.65,78.029,63.972
217.56,134.12,79.584,65.426
216.62,133.57,80.574,66.281
215.59,133.08,81.811,67.5
214.87,132.86,82.363,67.948
214.61,132.36,83.481,68.801
213.57,132.09,84.3,69.681
212.6,131.48,85.395,70.59
211.26,131.05,86.686,71.73
210.6,131.1,87.069,72.155
210.22,130.41,88.424,73.251
208.54,130.12,88.754,73.57
208.8,129.89,89.135,74.121
208.13,129.99,89.393,74.151
206.91,129.35,90.571,75.174
205.79,128.9,91.584,76.26
204.93,128.51,92.085,76.813
204,128.22,92.771,77.455
203.22,127.69,93.32,78.138
201.93,127.02,94.529,79.28
202.13,126.65,94.968,79.913
200.88,126.43,96.02,80.695
199.9,125.84,97.158,81.831
200.37,125.67,96.359,81.875
200.66,125.56,95.964,81.293
200.74,125.47,96.666,81.654
199.88,125.29,97.151,82.33
199.4,124.88,97.349,82.79
199.72,124.81,97.615,82.876
198.85,124.71,97.535,83.078
198.88,124.77,97.615,83.027
199.21,124.46,97.695,83.351
199.05,124.38,97.827,83.399
NaN,NaN,NaN,-2
NaN,NaN,NaN,0
NaN,NaN,NaN,0
NaN,NaN,NaN,0
NaN,NaN,NaN,0
NaN,NaN,NaN,-1
168.74,157.87,65.72,22.632
167.3,157.75,66.324,23.39
165.5,156.58,66.585,25.053
163.83,156.35,66.094,25.366
162.77,156.64,65.097,24.891
162.11,156.35,65.084,25.451
158.57,156.61,65.701,24.824
157.85,155.51,65.02,25.988
156.07,155.57,64.974,26.145
154.36,154.23,65.699,27.973
152.26,153.61,66.496,29.071
151.72,153.27,65.913,29.758
150.35,152.74,65.859,30.776
148.94,151.9,65.524,31.43
147.5,152.37,64.681,30.668
145.49,151.71,65.552,31.82
143.98,151.85,65.883,31.918
142.58,151.06,65.352,33.133
141.34,151.44,64.725,32.179
140.61,152.47,64.247,30.282
137.86,151.93,64.128,29.346
137.66,151.92,63.759,30.019
136.21,151.64,63.095,30.715
135.56,151.39,61.712,31.267
134.86,151.49,61.22,30.791
132.82,150.91,60.297,30.425
132.92,151.54,58.686,29.732
131.33,151.44,58.448,29.356
130.75,151.68,57.9,28.989
129.14,152.22,56.978,28.116
127.87,151.76,56.053,27.063
126.75,151.88,54.801,27.152
126.02,151.87,55.31,27.088
124.84,151.59,54.07,26.14
124.32,152.24,52.277,25.883
123.69,152.75,50.724,24.884
122.95,151.94,49.888,24.351
121.08,152.02,49.603,24.684
122.27,152.89,46.865,22.51
121.67,152.76,46.716,22.509
121.91,153.6,43.667,20.68
120.81,152.65,42.336,20.468
118.94,152.86,42.086,19.943
119.07,152.8,41.079,19.648
117.11,153.28,42.336,18.905
113.95,152.7,42.407,18.093
113.74,153.16,41.401,17.058
113.78,152.82,40.331,17.707
113.3,153.12,38.951,17.097
110.77,152.58,38.864,17.074
106.59,149.42,38.045,21.508
104.09,148.61,38.787,21.958
102.25,147.86,38.71,22.667
100.17,147.78,39.89,23.269
98.21,147.55,40.465,23.826
97.904,147.92,39.683,23.121
95.712,147.02,39.883,23.106
93.943,146.75,40.491,22.297
92.349,147.28,41.275,21.044
91.659,148.65,40.668,18.972
89.333,144.93,40.012,23.869
88.829,145.55,38.246,23.391
87.676,145.8,38.262,22.357
86.979,146.26,35.571,21.266
83.224,145.21,38.446,21.387
NaN,NaN,NaN,-2
NaN,NaN,NaN,0
NaN,NaN,NaN,0
NaN,NaN,NaN,0
NaN,NaN,NaN,0
NaN,NaN,NaN,-1
79.458,146.44,41.437,14.16
77.244,145.86,41.822,15.141
74.855,145.27,43.046,14.995
73.745,144.6,43.651,15.636
71.89,144.17,44.003,15.493
70.738,143.64,42.115,15.36
69.267,143.98,42.348,14.584
66.934,143.78,42.884,14.716
65.594,142.8,43.31,15.47
65.059,143.18,42.138,14.872
62.632,142.76,42.402,15.147
61.64,142.22,42.303,15.136
60.098,141.7,41.502,15.193
59.789,142.11,40.735,14.515
57.594,141.83,40.759,14.286
55.345,141.5,41.046,14.15
54.661,141.24,40.963,15.08
53.563,140.68,41.298,14.895
51.6,140.2,41.905,14.775
50.85,139.87,40.519,15.179
48.91,140.33,39.795,13.889
48.983,140.48,38.971,13.862
47.6,139.9,40.246,14.124
46.912,139.34,39.874,15.199
44.051,139.52,38.82,13.428
43.063,139.15,39.193,14.123
42.585,139.01,38.115,13.373
41.162,138.96,37.306,13.754
39.614,138.37,37.991,13.677
38.504,138.38,36.546,13.96
36.632,137.28,38.259,15.32
35.007,136.72,38.689,16.412
NaN,NaN,NaN,-2
NaN,NaN,NaN,0
NaN,NaN,NaN,0
NaN,NaN,NaN,0
NaN,NaN,NaN,0
NaN,NaN,NaN,-1
27.065,136.62,38.069,14.806
26.014,136.1,37.112,15.29
23.85,135.81,37.89,14.88
23.116,135.9,37.325,13.995
21.922,135.66,37.404,15.245
21.132,136.24,36.477,13.541
20.259,135.8,35.996,13.628
19.1,135.72,35.916,13.479
17.156,134.63,36.954,14.519
16.712,135.18,35.321,13.311
15.017,134.47,35.789,13.86
14.066,134.46,34.955,14.107
12.946,134.73,34.958,12.973
11.921,134.56,34.937,13.324
9.9221,133.71,35.185,13.442
9.2097,134.07,35.39,13.25
7.6375,133.27,35.338,14.168
5.7765,132.77,36.241,14.082
