NaN,NaN,NaN,-1
243.31,49.064,79.342,175.56
238.93,42.813,81.072,183.75
236.72,40.003,79.751,186
233.08,40.324,80.796,184.79
227.58,38.285,81.673,183.88
221.17,36.683,82.765,187.4
217.15,37.525,87.95,187.2
214.33,38.989,87.726,187.28
212.97,40.16,88.342,187.36
205.97,40.053,93.728,191.22
202.68,42.123,94.651,184.44
203.98,41.91,94.28,188.44
199.21,45.235,98.873,169.24
201.3,48.862,80.892,173.41
195.41,46.615,83.124,172.53
193.37,47.02,85.125,177.01
190.5,46.229,89.03,186.48
187.29,42.167,86.124,185.91
181.28,40.21,98.659,173.76
178.63,46.733,102.95,153.97
182.5,53.489,105.65,140.13
177.69,49.347,102.42,151.5
184.77,30.257,98.666,165.28
179.56,26.33,99.633,147.61
184.37,19.53,86.347,161.76
175.86,17.176,77.546,158.64
171.07,8.8573,70.926,170.44
187.07,8.2423,72.725,167.37
188.27,12.756,73.116,139.49
193.27,27.108,72.249,122.2
187.2,24.919,66.804,119.45
189.96,25.857,59.026,123.55
186.81,21.823,64.362,128.6
179.05,22.382,67.89,142.88
175.46,26.46,69.032,144.32
184.88,22.787,71.142,144.23
188.54,17.44,69.638,142.6
195.65,17.753,75.59,143.11
203.87,14.152,76.442,116.64
205.29,7.5598,75.069,121.3
217.04,14.096,73.115,123.69
223.94,14.655,72.194,126.19
215.68,8.7808,76.284,128.61
214.14,4.7478,83.315,130.14
212.52,7.3737,95.062,130.32
215.71,5.7983,86.753,127.18
224.26,0.41418,86.579,126.43
221.3,7.022,79.118,127.9
223.01,4.6213,75.986,127.62
224.69,17.279,78.083,147.79
223.05,26.861,79.369,134.83
221.3,24.448,92.999,147.64
220.36,19.958,100.44,148.95
230.05,25.012,94.363,142.22
226.49,27.641,86.514,129.9
235.55,31.26,75.911,122.91
233.53,29.038,79.294,125.52
229.19,28.833,84.873,132.67
233.38,7.6946,85.765,134.66
229.99,31.383,82.099,130.57
230.84,53.616,81.535,138.05
229.09,67.754,81.768,150.15
227.33,68.167,89.831,158.63
226.43,69.256,101.2,157.85
230.94,56.21,104.87,171.74
231.96,58.39,108.78,162.39
235.41,59.53,99.717,166.76
234.3,54.604,108.4,166.91
229.51,51.532,121.88,175.46
224.72,55.288,134.12,172.28
228.41,61.563,129.69,164.8
234.92,63.081,112.8,166.56
235.39,69.645,114.52,165.53
239,80.576,102.06,158.48
241.37,88.509,106.93,145.34
243.58,89.812,100.67,140.57
249.61,93.037,93.907,137.13
248.73,85.699,92.377,142.27
251.11,77.669,83.542,148.66
256.25,73.792,74.179,146.54
252.84,65.13,79.987,152.09
249.09,65.507,77.776,145.94
250.05,59.605,70.479,133.21
250.47,62.546,61.369,140.23
238.03,60.356,62.496,138.91
235.23,52.015,62.735,142.06
222.3,52.11,62.782,148.68
226.01,51.375,68.141,145.01
219.24,56.173,70.985,145.65
220.62,57.859,68.516,137.08
225.23,61.501,58.927,136.14
225.63,63.048,59.551,128.62
221.31,63.377,61.596,132.64
223.98,59.559,60.86,150.97
223.74,56.112,57.585,153.32
226.65,60.272,57.06,149.56
229.8,55.9,51.482,145.99
226.91,58.865,53.215,141.14
222.55,60.438,57.439,141.95
228.48,61.676,60.389,145.03
227.03,53.491,56.891,149.74
220.3,40.288,62.401,160.99
222.56,38.101,64.322,163.55
217.27,20.787,65.61,187.3
215.74,18.913,64.969,187.04
214.32,18,59.533,200.02
216.54,22.091,53.176,181.32
213.7,22.891,51.838,146.33
220.79,6.1464,46.812,119.37
217.56,3.6211,45.451,120.42
221.12,0.038297,40.506,119.71
226.74,9.1033,39.271,117.81
223.24,8.7072,33.895,126.09
233.22,11.742,28.671,132.17
233.4,16.367,29.379,138.79
239.45,9.252,26.268,145.39
242.45,16.228,28.992,160.04
245.98,25.241,28.667,144.52
247.41,15.968,28.807,155.24
250.91,19.351,26.772,142.33
256.69,20.537,23.992,150.58
250.83,14.033,21.7,153
253.36,22.382,21.733,128.68
244.4,26.762,22.802,117.83
245.81,30.419,25.135,112.93
243.37,14.267,26.729,126.95
239.35,2.1114,29.181,122.19
237.69,7.6667,31.541,126.78
237.64,9.6625,30.724,128.28
235.47,7.8234,33.404,128.67
232.82,7.3928,36.407,122.19
234.27,4.4707,40.591,111.5
243.49,8.717,40.654,105.82
252.62,8.5368,43.739,110.03
252.77,16.933,42.47,110.29
250.81,7.949,41.594,117.72
253.89,19.926,39.674,113.99
264.48,11.333,39.792,117.71
273.93,0.064525,43.684,108.76
275.98,3.6647,40.898,103.04
285.36,12.678,42.186,105.4
284.65,9.7,38.61,95.42
286.99,12.308,44.065,89.758
NaN,NaN,NaN,-2
NaN,NaN,NaN,0
NaN,NaN,NaN,0
NaN,NaN,NaN,0
NaN,NaN,NaN,0
NaN,NaN,NaN,-1
211.48,61.905,78.754,152.35
209.44,61.404,77.879,156.17
207.47,61.084,78.5,160.43
206.85,60.599,78.231,161.14
204.61,66.033,78.37,154.59
203.72,66.637,77.928,158.62
198.98,67.847,83.25,156.44
192.74,69.501,85.065,156.88
191.7,71.549,80.443,144.98
188.39,71.001,83.414,148.84
181.7,73.656,94.124,143.27
176.27,73.681,97.746,145.8
164.98,71.442,110.06,143.73
160.97,74.745,118.98,139.29
160.99,73.853,121.52,126.84
144.96,72.129,131.28,136.04
155.15,73.534,121.95,126.85
158.81,74.215,106.78,115.16
166.41,76.135,101.99,110.52
166.01,76.712,95.431,108.41
162.48,79.173,97.665,103.96
160.53,78.367,96.892,105.55
155.87,78.427,94.974,117.81
147.48,77.828,88.324,128.55
147.56,83.415,85.827,135.05
146.29,83.897,93.467,113.6
142.89,76.864,90.239,105.67
151.49,86.763,90.322,110.82
153.35,89.175,93.57,108.21
155.96,90.603,89.011,98.223
162.45,91.133,83.498,111.5
172.59,92.195,74.548,109.39
176.61,89.858,65.674,111.47
183.64,80.879,70.341,108.66
186.92,94.59,70.26,118.2
194.65,85.382,63.855,128.89
204.24,86.788,58.153,124.77
198.08,84.6,58.554,111.93
211.33,84.907,57.62,110.85
214.87,106.41,58.069,116.87
212.34,89.414,55.811,115.72
222.71,86.245,61.852,123.36
222.78,87.858,68.884,117.82
219.91,92.98,71.532,113.82
223.59,95.764,67.827,105.65
225.05,95.487,66.981,106.01
223.17,101.03,71.011,96.435
242.19,100.44,62.65,90.032
241.57,105.64,65.659,83.179
244.58,109.46,67.389,82.75
241.65,111.81,80.317,86.944
227.87,113.25,80.105,86.238
243.03,115.24,83.711,80.542
243.84,115.16,77.599,82.075
245.32,104.82,85.219,76.145
245.23,102.01,86.009,75.45
247.33,104.72,92.056,72.764
245.24,105.38,90.341,72.412
243.32,105.46,89.446,71.254
262.39,109.13,79.494,67.484
261.93,106.6,76.31,77.659
271.63,108.52,81.829,77.878
263.49,106.5,67.965,72.875
258.83,112.19,72.167,66.837
266.01,109.86,70.302,66.797
259.91,109.18,75.341,71.682
257.78,105.95,90.659,84.155
255.5,107.52,98.408,84.523
253.36,115.16,95.01,93.614
243.98,117.56,99.344,71.631
243.71,123.13,97.184,68.657
251.73,124.81,101.03,64.734
258.02,122.84,114.11,71.235
252.9,128.48,112.01,67.251
259.92,129.3,120.14,69.532
263.71,127.85,117.07,72.24
271.01,123.95,110.94,69.297
278.75,130.66,111.94,64.4
271.68,129.02,113.74,65.749
264.35,135.46,111.08,66.164
267.89,141.08,105.26,65.301
268.73,135.03,94.705,57.455
264.6,140.72,99.674,52.232
271.04,151.91,109.88,44.014
268.39,153.16,114.05,45.391
256.63,149.16,96.719,49.449
256.13,141.54,94.549,52.777
252.08,142.88,94.702,53.898
248.61,146.18,87.715,54.52
247.41,149.37,86.767,50.353
248.42,152.43,71.979,48.672
247.34,127.46,64.241,46.762
249.12,127.46,61.33,48.286
253.24,121.62,56.943,56.194
251.58,122.18,60.218,57.794
251.66,117.49,57.977,61.379
258.02,117.19,52.702,57.244
258.3,121.08,49.783,51.199
255.48,108.05,51.841,54.622
254.78,104.26,59.206,56.754
247.1,109.92,57.576,46.573
244.14,107.26,60.577,42.286
239.59,107.81,64.976,40.667
235.83,110.13,75.767,37.463
223.87,103.94,79.111,38.029
226.03,109.79,80.622,39.409
221.96,104.87,80.572,40.179
219.32,91.232,78.14,42.859
226.61,91.497,73.393,43.244
238.15,89.291,64.431,51.723
239.68,87.507,63.809,53.297
239.43,91.441,65.727,51.186
241.91,87.494,67.298,48.425
237.78,82.189,63.254,50.614
247.51,93.96,62.243,46.271
247.24,85.935,69.462,48.665
246.89,83.37,73.783,50.661
248.51,84.497,76.987,47.313
242.1,80.309,81.703,51.701
250.1,73.443,94.215,46.464
244.59,75.195,92.471,43.938
233.66,71.977,91.355,43.608
249.77,69.35,84.469,43.953
256.06,63.696,76.928,42.754
254.66,63.1,79.953,43.797
252.88,61.507,73.776,43.292
249.67,61.237,75.067,41.461
251.59,63.992,74.541,41.441
262.96,74.016,77.932,33.288
263.39,73.687,75.812,34.129
260.62,73.443,76.076,30.447
260.07,72.05,69.392,33.092
269.55,74.013,65.949,35.566
267.43,75.613,66.543,36.673
267.72,79.759,72.425,35.732
268.87,80.504,69.578,37.152
279.35,77.278,60.377,42.188
277.83,80.828,49.553,37.459
272.66,60.756,48.158,37.72
274.89,61.185,46.691,36.386
278.71,61.776,46.411,36.243
286.84,59.155,43.446,39.079
282.95,52.698,39.003,36.627
283.94,51.052,41.357,37.371
299.41,50.346,39.043,38.22
278.93,48.774,39.745,37.826
277.59,47.043,40.262,36.241
268.8,46.159,43.116,36.285
274.78,45.348,45.282,37.348
276.28,46.049,49.385,34.684
282.08,50.8,48.326,34.123
279.75,43.162,43.519,36.896
279.71,43.545,40.644,35.71
278.22,43.28,37.565,38.527
281.31,41.65,38.4,40.2
285.04,39.593,35.437,47.875
284.71,39.139,35.278,46.856
288.66,35.27,36.355,49.549
295.08,39.46,30.473,48.119
294.01,41.28,26.177,51.897
298.78,40.934,25.506,52.939
303.55,44.21,21.51,52.663
307.38,44.69,21.454,59.215
321.72,56.831,21.232,55.024
327.88,53.95,24.371,61.648
310.94,49.799,27.21,57.192
301.81,54.329,25.51,60.298
308.06,51.28,25.563,60.717
311.07,52.739,23.075,58.073
312.19,50.533,24.514,51.814
302.68,45.115,26.167,54.533
297.56,48.427,28.336,54.277
276.41,41.191,28.917,48.999
279.16,42.908,30.051,49.687
283.5,47.799,27.86,55.304
NaN,NaN,NaN,-2
NaN,NaN,NaN,0
NaN,NaN,NaN,0
NaN,NaN,NaN,0
NaN,NaN,NaN,0
NaN,NaN,NaN,-1
215.9,85.829,121.84,122.91
217.8,83.243,117.33,123.85
216.77,82.388,119.57,122.46
216.92,81.269,119.97,124.69
217.6,78.172,120.79,127.41
218.76,77.959,119.31,127.75
215.53,75.46,123.72,134.05
215.49,75.242,122,131.8
212.43,70.521,121.46,134.02
211.93,66.088,119.6,141.04
206.28,67.502,124.39,138.79
208.23,72.867,120.44,130.67
201.59,77.86,125.73,126.7
201.23,78.521,119.41,119.18
195.77,77.039,119.36,125.67
193.52,77.096,117.4,127.94
187.22,80.936,118.31,124.21
188.6,81.436,112.2,122.79
180.35,87.852,118.68,119.67
182.42,90.025,110.53,118.03
175.79,90.819,111.84,111.37
174.14,94.143,111.95,112.3
171.17,89.109,118.26,122.25
167.76,79.572,121.35,144.46
167.3,80.842,117.4,145.04
169.16,79.427,108.32,144.21
167.39,90.475,113.81,130.42
168.25,87.69,106.74,138.72
165.14,83.724,108.71,141.12
159.62,82.508,114.98,146.7
161.96,83.568,110.74,144.15
167.89,80.988,97.466,145.08
165.77,89.285,95.176,126.74
171.98,87.779,89.179,127.44
173.16,93.777,86.812,117.79
174.41,89.046,94.862,125.55
185.25,85.855,89.182,125.09
189.22,93.002,86.694,118.63
196.87,95.581,78.435,110.4
202.13,96.008,77.752,106.68
214.48,102.13,75.642,104.45
224.56,101.64,73.293,98.275
232.61,100.91,71.779,104.68
238.34,109.4,72.878,95.375
254.39,111.89,64.391,93.07
264.76,112.21,57.202,92.279
267.27,118.85,53.088,93.387
268.42,118.18,56.882,88.991
269.58,114.13,57.475,94.191
268.04,123.72,57.987,88.231
267.93,124.69,53.779,78.071
266.64,125.13,52.28,83.615
265.13,123.35,48.319,84.34
238.87,130.25,54.531,84.687
236.71,136.13,53.933,82.951
233.87,137.12,52.538,80.819
232.61,142.77,48.563,83.653
246.02,144.06,52.04,84.416
225.13,149.82,52.458,91.271
218.93,146.91,54.235,92.145
223.3,143.31,55.303,89.334
216.99,137.63,53.306,88.213
224.59,135.45,54.486,91.605
231.82,144.44,49.598,77.048
234.58,144.12,47.071,73.345
229.52,156,44.792,78.134
226.55,162.33,38.139,73.571
213.73,169.83,41.172,73.405
217.02,166.27,43.349,73.197
211.17,161.36,42.811,65.128
200.81,169.73,46.092,64.026
206.59,163.9,39.599,60.804
202.9,176.2,43.439,68.069
202.83,182.63,42.666,56.802
211.36,186.47,39.477,52.971
200.19,170.04,45.435,47.594
208.13,167.04,39.851,42.777
212.89,165.16,42.283,37.429
218.22,166.92,43.231,36.968
224.13,156.56,44.338,36.986
220.41,150.07,44.15,41.056
211.2,161.75,47.49,42.583
211.75,167.22,49.154,44.149
204.34,175.07,54.771,43.376
204.74,178.8,55.694,39.104
206.82,178.96,60.494,41.198
205.17,186.8,56.114,39.244
213.33,177.03,56.321,35.891
201.8,185.43,65.068,38.502
202.21,177.41,61.538,43.215
195.94,179.19,63.256,42.689
187.78,186.13,61.145,42.655
190.14,173.23,59.933,45.412
175.41,177.7,61.226,49.419
171.41,179.44,55.826,44.141
166.57,182.66,55.373,41.309
162.56,181.55,58.676,43.437
155.75,190.72,56.23,45.767
155.84,188.61,62.223,44.674
161.96,188.77,57.847,44.71
174.14,179.06,55.332,50.044
178.28,184.73,54.63,52.173
181.68,186.58,57.091,51.608
190.14,183.6,52.323,47.905
198.52,175.76,48.031,53.782
207.5,162.69,50.723,57.358
207.48,160.95,51.773,60.963
207.31,161.83,49.934,60.067
209,159.33,46.144,58.87
209.9,152.87,42.917,55.923
209.63,147.93,46.335,64.248
217.09,132.18,48.098,60.05
215.31,128.51,51.418,65.935
208.76,147.57,46.833,65.165
212.16,141.01,42.109,68.939
223,120.19,43.617,64.13
215.34,135.88,45.14,68.531
228.14,116.62,38.521,67.411
229.37,111.55,43.347,67.965
229.47,112.08,49.623,64.836
233.38,116.58,51.938,61.135
237.28,115.83,47.841,62.817
234.56,120.22,49.1,60.933
218.16,113.88,55.801,58.903
217.96,111.98,56.667,64.443
217.38,112.58,61.38,69.678
225.69,104.43,56.947,65.89
219.76,92.349,53.768,70.194
221.66,106.17,53.924,74.523
220.07,108.29,54.246,78.066
215.57,97.87,56.137,77.405
215.8,96.252,54.402,85.737
212.89,90.393,55.376,89.607
213.38,111.95,53.438,88.073
209.77,113.87,56.868,85.915
209.72,115.1,58.204,87.616
214.56,117.66,52.999,87.325
203.16,101.62,55.993,96.817
193.91,94.475,55.43,114
195.2,100.48,53.332,100.31
203.15,94.304,52.002,107.96
201.98,96.047,48.554,112.47
202.16,92.363,45.381,117.04
202.83,87.546,44.285,114.56
203.62,91.761,44.01,110.52
202.26,98.243,46.122,104.12
211.31,100.95,40.025,103.9
217.4,100.89,42.145,104.46
221.44,110.24,43.317,99.511
222.58,111.74,43.015,100.91
224.08,114.7,41.421,102.37
221.4,116.54,42.908,102.26
222.08,107.82,47.284,116.49
220.46,101.04,50.286,126
221.56,99.968,52.029,134.08
220.47,99.749,54.326,135.05
221.06,102.97,53.367,132.42
217.56,108.33,57.629,131.9
217.16,109.01,57.66,133.72
217.31,111.15,56.772,131.7
213.21,113.55,61.393,131.93
215.25,111.96,57.367,140.24
211.37,110.29,58.977,145.37
213.43,109.1,56.354,151.05
208.44,108.24,63.198,157.77
202.94,102.17,58.502,139.59
206.63,99.682,55.439,147.14
204.77,99.968,51.871,137.83
205.45,102.8,50.686,138.92
