NaN,NaN,NaN,-1
151.46,96.279,17.325,50.692
146.53,96.862,23.1,50.692
141.72,94.588,26.308,49.408
136.85,92.167,30.8,51.333
133.12,91.029,35.933,50.692
130.64,89.862,39.142,50.692
127.4,89.162,46.2,53.258
142.04,88.579,32.083,53.258
140.64,87.938,37.217,54.542
140.58,87.325,38.5,55.183
145.43,86.712,34.65,55.825
146.1,86.712,32.725,55.825
143.12,86.712,34.008,55.825
140.67,87.325,36.575,55.183
137.7,86.683,37.858,56.467
128.65,86.712,44.275,55.825
133.18,86.683,34.65,56.467
127.84,86.712,36.575,55.825
123.81,86.829,35.292,53.258
120.84,85.632,36.575,53.927
120.37,86.188,34.008,54.542
120.95,85.517,34.008,56.467
121.51,84.992,34.65,55.183
123.35,81.346,32.725,58.392
122.76,80.15,32.725,59.033
118.36,81.375,39.783,57.75
116.32,82.6,46.2,56.467
121.74,82.017,42.35,56.467
122.85,80.821,43.633,57.108
136.18,79.013,32.725,58.392
136.03,78.371,35.933,59.675
132.82,78.4,42.35,59.033
130.29,78.342,46.842,60.317
132.68,77.117,45.558,61.6
144.32,77.117,33.367,61.6
143.15,80.179,33.367,58.392
143.09,80.821,34.65,57.108
143.68,80.179,34.65,58.392
144.14,83.913,37.217,53.258
144.08,83.913,38.5,53.258
146.5,84.438,36.575,54.542
146.36,83.854,39.783,54.542
146.33,83.767,40.425,56.467
146.24,84.379,42.35,55.825
143.76,83.708,45.558,57.75
145.51,88.638,45.558,51.975
147.26,88.521,45.558,54.542
148.4,88.608,46.2,52.617
152.6,88.638,43.633,51.975
152.51,88.521,45.558,54.542
151.9,88.55,46.2,53.9
150.73,87.413,46.2,53.258
149.48,88.025,48.125,52.617
147.76,88.638,47.483,51.975
144.81,88.55,48.125,53.9
140.96,90.417,42.992,51.333
135.13,90.3,42.992,53.9
127.55,90.329,42.992,53.258
119.9,90.388,44.275,51.975
116.52,90.358,41.708,52.617
112.41,87.938,42.35,54.542
111.18,86.771,43.633,54.542
111.74,86.829,44.275,53.258
114.1,86.246,43.633,53.258
118.71,85.663,44.917,53.258
123.87,84.467,46.842,53.9
128.57,83.854,46.2,54.542
133.15,83.271,48.125,54.542
138.95,82.746,48.767,53.258
144.11,82.717,50.692,53.9
149.97,82.688,50.05,54.542
152.92,83.942,49.408,52.617
155.87,83.825,48.767,55.183
157.53,83.154,50.692,57.108
157.53,83.883,50.692,53.9
156.92,84.467,51.333,53.9
153.88,84.992,53.9,55.183
155.11,86.362,52.617,50.692
156.3,88.2,51.975,48.767
158.11,89.892,50.692,50.05
158.75,90.388,49.408,51.975
160.47,91.875,50.05,44.917
162.08,91.817,53.258,46.2
163.8,92.458,53.9,44.917
166.78,92.983,52.617,46.2
169.08,93.596,53.258,45.558
172.64,93.596,51.975,45.558
174.39,94.208,51.975,44.917
174.85,94.208,54.542,44.917
178.12,92.983,46.842,46.2
178.7,93.596,46.842,45.558
177.48,90.797,48.125,46.657
177.51,88.842,47.483,47.483
180.66,87.092,42.35,47.483
183.17,84.642,38.5,50.05
180.16,84.758,40.425,47.483
177.28,81.667,39.783,51.333
173.63,80.558,42.992,50.05
172.43,80.033,43.633,48.767
170.63,78.254,44.917,49.408
170.1,77.088,43.633,49.408
168.18,77.058,47.483,50.05
167.62,74.608,46.842,52.617
168.26,75.221,45.558,51.975
168.88,74.696,44.917,50.692
168.85,75.338,45.558,49.408
169.46,76.008,44.917,47.483
167.74,75.367,44.275,48.767
164.21,75.367,44.917,48.767
161.18,75.95,47.483,48.767
160.68,75.221,45.558,51.975
158.9,73.996,46.2,53.258
157.82,75.833,44.275,51.333
155.52,73.996,43.633,53.258
150.12,75.221,46.842,51.975
147.73,76.358,48.125,52.617
145.45,77.525,46.842,52.617
143.18,78.721,45.558,51.975
142.01,77.467,45.558,53.9
141.4,77.992,46.2,55.183
140.35,83.418,43.633,51.298
139.18,84.583,43.633,51.333
137.4,86.362,44.275,50.692
136.21,88.171,44.917,49.408
139.07,89.425,46.2,47.483
144.93,88.229,45.566,48.125
151.93,88.842,45.558,47.483
158.4,88.838,44.275,47.558
163.01,86.479,45.558,48.125
167.1,80.413,45.558,53.258
171.27,78.692,43.633,52.617
174.71,87.383,44.917,41.067
178.15,86.8,46.2,41.067
180.98,85.662,48.125,40.425
183.9,84.554,48.125,39.142
188.07,83.329,46.2,40.425
190.43,81.805,45.558,42.022
190.4,82.162,46.2,40.425
189.85,81.521,45.558,41.708
186.38,81.404,44.917,44.275
181.27,86.1,41.708,43.633
171.97,88.987,41.067,44.275
165.46,93.042,42.992,44.917
156.65,95.842,44.275,47.483
150.21,96.892,44.917,50.05
146.94,99.196,39.783,50.692
144.73,101.87,37.217,49.108
140.53,102.08,39.783,51.333
137.61,102.78,39.783,48.767
137.61,101.62,39.783,48.767
140.03,98.204,37.858,46.842
144.75,96.688,36.575,41.708
145.89,93.742,37.217,42.35
147.7,91.35,35.933,43.633
148.25,90.125,36.575,44.917
146.53,89.017,35.933,43.633
146.01,87.208,34.65,44.917
145.34,87.179,36.575,45.558
144.26,86.45,34.65,48.767
143.76,84.729,32.725,48.125
138.86,84.175,37.858,47.483
136.06,82.979,35.292,48.125
131.43,81.783,34.65,48.767
125.5,81.842,36.575,47.483
122.62,83.65,35.933,46.2
118.36,84.263,39.783,45.558
119.5,83.65,40.425,46.2
115.97,83.154,41.067,44.275
123.99,83.189,31.442,44.239
124.34,83.213,36.575,42.992
123.81,82.133,35.292,41.067
122.18,82.104,32.725,41.708
114.57,79.829,33.367,40.425
106.98,79.45,33.367,35.933
102.73,78.954,37.217,34.008
98.525,78.342,39.783,34.65
93.158,75.658,42.35,42.35
87.938,74.375,41.708,44.917
NaN,NaN,NaN,-2
NaN,NaN,NaN,0
NaN,NaN,NaN,0
NaN,NaN,NaN,0
NaN,NaN,NaN,0
NaN,NaN,NaN,-1
114.73,90.48,21.45,54.34
115.8,89.148,26.455,55.055
115.67,86.32,29.315,60.06
113.43,87.035,35.75,58.63
113.26,87.035,39.325,58.63
119.89,83.525,36.465,64.35
130,84.923,28.6,62.205
131.4,84.338,26.455,60.775
135.43,84.37,23.595,60.06
140.11,85.703,20.735,59.345
141.44,85.703,20.02,59.345
140.76,83.655,20.735,61.49
140.73,84.305,21.45,61.49
140.73,84.338,21.45,60.775
140.04,84.338,22.165,60.775
140.6,84.435,24.31,58.63
141.31,84.175,22.88,64.35
139.36,86.223,22.88,62.205
137.61,83.427,18.59,66.495
135.01,84.76,18.59,65.78
134.29,85.442,20.02,65.065
136.92,85.475,19.305,64.35
139.56,83.525,18.59,64.35
139.49,82.875,20.02,64.35
134,81.543,26.455,65.065
137.48,82.81,21.45,51.48
135.53,84.207,21.45,49.335
133.61,84.858,20.735,49.335
135.01,81.413,18.59,53.625
133.61,81.575,20.735,50.05
132.93,80.828,21.45,52.195
133.06,79.561,18.59,51.456
131.11,79.365,18.59,55.77
127.73,78.715,21.45,55.77
122.36,77.968,25.025,57.915
116.97,77.968,29.315,57.915
114.89,78.618,32.175,57.915
117.33,80.632,35.75,56.485
119.11,79.267,39.325,57.915
119.6,86.775,42.9,50.05
120.19,87.457,44.33,49.335
121.45,87.523,45.045,47.905
119.37,88.303,47.905,45.045
143.1,88.4,26.455,42.9
143.59,86.32,30.03,45.76
144.79,86.974,32.175,44.394
143.2,88.465,38.61,41.47
141.8,87.782,40.755,42.185
140.4,86.385,42.9,44.33
137.67,89.765,45.76,41.47
136.92,87.718,47.905,43.615
145.18,87.1,37.895,42.9
143.81,86.97,39.325,45.76
141.05,87.685,42.9,44.33
137.05,87.003,45.045,45.045
134.35,88.335,47.19,44.33
156.1,86.32,26.455,45.76
157.98,84.988,27.885,46.475
157.98,84.305,27.885,47.19
157.2,85.053,30.745,45.045
157.14,87.165,32.175,41.47
160.49,88.628,30.03,37.895
158.96,88.66,35.035,37.18
158.21,86.547,37.18,40.755
156.81,87.223,39.325,39.366
154.73,87.912,42.185,39.325
157.5,90.025,38.61,35.75
159.54,92.008,36.465,35.035
158.76,91.975,39.325,35.75
158.15,93.958,38.61,35.035
158.86,95.29,37.18,34.32
156.07,95.16,41.47,37.18
154.05,97.208,42.9,35.035
154.31,101.17,37.18,33.605
152.33,101.82,37.895,33.605
148.95,100.49,40.755,34.32
146.25,103.16,42.9,32.89
147.71,104.55,39.325,30.745
146.35,103.84,40.755,32.175
141.63,103.81,44.33,32.89
138.94,104.49,46.475,32.175
137.6,105.92,47.19,29.315
143.03,106.6,42.185,28.6
142.32,105.85,43.615,30.745
143.62,108.58,43.615,27.885
146.32,109.27,41.47,27.17
