NaN,NaN,NaN,-1
149.24,92.593,19.965,44.165
145.72,93.142,24.805,44.165
141.05,89.237,30.855,45.375
136.51,87.588,33.88,45.375
132.5,85.91,37.51,45.98
129,84.838,41.745,45.375
126.58,81.84,46.585,50.82
154.16,81.868,20.57,50.215
155.27,82.182,20.57,49.309
155.79,83.022,21.175,49.005
150.89,82.445,32.065,49.61
148.66,80.657,32.67,52.635
149.3,78.951,30.855,53.878
147.62,78.98,31.46,53.24
145.36,79.53,32.67,53.24
141.49,80.135,33.275,52.03
136.01,79.558,32.67,52.635
130.98,79.558,34.485,52.635
126.56,78.403,35.09,53.845
122.65,87.038,36.3,45.375
121.5,87.038,37.51,45.375
122.59,86.377,37.51,47.795
122.51,85.14,39.325,50.82
123.48,85.112,42.35,51.425
122.79,83.93,45.375,53.24
126.75,83.27,42.955,55.66
127.27,83.352,31.46,53.845
128.21,82.775,35.09,54.45
128.67,82.692,36.905,56.265
136.07,80.96,31.46,58.08
135.36,82.088,35.09,57.475
138.66,82.06,35.09,58.08
140.86,81.868,35.09,50.215
142.53,81.812,34.485,51.425
141.38,81.868,35.695,50.215
140.83,81.812,35.695,51.425
139.56,81.812,39.325,51.425
140.66,81.263,39.325,51.425
140.03,81.235,41.14,52.03
142.86,81.235,39.325,52.03
143.85,81.812,41.745,51.425
143.25,81.868,42.955,50.215
143.11,82.335,45.98,52.03
140.17,80.575,50.215,54.45
143.14,83.462,45.375,51.425
144.84,84.04,44.165,50.82
144.13,84.04,47.795,50.82
145.2,84.068,48.4,50.215
153.12,83.435,43.56,52.03
152.57,83.435,43.56,52.03
151.94,83.435,45.375,52.03
150.87,83.38,44.77,53.24
149.82,83.627,43.56,47.795
147.7,83.545,41.745,49.61
145.56,84.15,40.535,48.4
141.02,84.095,43.56,49.61
137.34,84.15,39.93,48.4
129.53,84.068,42.35,50.215
122.32,81.675,43.56,54.45
116.24,80.602,44.165,53.845
119.32,80.052,36.905,53.845
117.59,79.585,38.72,52.03
118.72,78.458,38.115,52.635
120.31,77.33,39.325,53.24
124.71,75.653,39.325,53.845
129.64,76.038,39.93,45.375
134.45,74.882,42.955,46.585
139.92,74.25,43.56,48.4
147.21,74.278,28.435,47.795
153.23,74.222,29.04,49.005
158.18,73.618,29.04,50.215
162.03,74.772,29.04,49.005
165.25,75.322,30.855,49.005
166.84,75.295,32.065,49.61
167.89,75.267,33.275,50.215
167.89,75.818,33.275,50.215
167.31,77.522,33.88,49.005
167.25,77.99,35.09,50.82
167.72,78.458,36.905,52.635
167.75,80.135,36.3,52.03
168.25,81.812,37.51,51.425
169.26,81.758,39.325,52.635
170.31,81.208,40.535,52.635
173.19,82.858,37.51,52.635
176.55,82.748,36.3,55.055
178.72,83.875,36.905,54.45
179.77,84.453,38.115,53.845
180.24,85.168,39.93,50.215
182.41,85.168,40.535,50.215
184.47,84.562,43.56,51.425
186.2,84.068,41.745,50.215
186.2,82.94,41.745,50.82
186.15,80.74,30.855,50.82
185.57,78.485,31.46,52.03
184.41,76.258,32.67,52.635
181.14,75.212,32.065,51.425
177.29,74.222,32.065,49.005
175.09,71.995,32.065,49.61
174.05,70.868,30.855,50.215
172.92,70.345,31.46,49.61
171.19,68.53,33.275,53.24
171.19,68.668,33.275,50.215
171.19,68.09,33.275,50.82
171.76,67.904,32.67,54.472
172.29,67.98,33.275,53.24
171.11,68.008,35.09,52.635
172.84,67.98,33.275,53.24
170.06,69.108,33.88,52.635
167.36,69.135,32.67,52.03
165.14,69.712,33.275,51.425
164.06,69.63,32.67,53.24
161.84,69.657,33.275,52.635
159.09,69.08,33.275,53.24
156.36,69.108,32.67,52.635
153.61,69.08,32.67,53.24
154.3,70.208,29.645,52.635
152.13,71.308,29.04,52.635
149.93,71.858,29.04,52.635
148.28,72.958,29.04,52.635
147.18,75.185,29.04,52.03
145.53,77.962,29.04,51.425
144.46,79.145,28.435,49.61
143.3,80.245,29.645,49.61
141.08,82.39,30.25,50.82
144.4,82.912,29.645,51.425
151.03,84.013,29.04,51.425
158.18,84.013,29.04,51.425
164.81,84.04,28.435,50.82
169.7,83.022,29.645,49.005
173.61,81.345,28.435,49.61
176.88,79.807,29.04,47.147
181.86,78.76,28.435,45.98
185.1,77.605,29.645,47.19
188.95,76.505,29.645,47.19
191.76,74.855,28.331,47.19
193.96,74.305,28.435,47.19
196.68,73.755,29.04,47.19
197.26,73.782,28.435,46.585
196.49,73.728,28.659,47.795
193.38,74.828,29.04,47.795
187.96,72.38,27.225,53.24
178.31,70.84,33.88,62.92
170.69,76.22,32.065,60.165
163.54,84.343,32.065,44.165
157.05,89.402,29.645,41.745
152.51,92.207,32.67,40.535
149.38,94.38,29.04,41.14
146.71,96.058,27.225,40.535
144.51,96.878,27.225,40.828
144.59,96.58,25.41,41.14
144.51,94.38,27.225,41.15
147.79,91.63,27.83,41.14
149.41,87.725,28.435,42.35
151.06,87.203,28.435,41.745
151.53,86.68,30.25,41.14
150.23,84.78,34.485,40.826
149.74,83.435,33.852,39.93
150.92,82.885,31.46,39.93
147.48,81.207,34.485,40.535
145.83,81.207,34.485,40.535
143.06,79.448,35.09,42.955
139.75,79.42,35.09,43.56
134.94,78.979,32.065,41.166
130.54,78.375,32.065,42.35
127.27,79.558,31.46,40.535
125.1,80.162,30.855,39.325
128.45,79.612,29.645,39.325
125.07,80.767,31.46,38.115
125.82,80.767,27.103,38.115
125.43,80.795,23.595,37.51
122.24,80.328,21.175,35.695
122.87,85.624,19.36,28.994
113.36,84.728,22.99,35.695
NaN,NaN,NaN,-2
NaN,NaN,NaN,0
NaN,NaN,NaN,0
NaN,NaN,NaN,0
NaN,NaN,NaN,0
NaN,NaN,NaN,-1
118.25,74.016,24.75,49.144
116.41,77.812,24.063,48.125
111.38,80.28,24.75,48.831
108.16,81.469,26.813,50.188
110.06,82.719,26.125,50.188
110.69,82.719,26.125,50.188
114.84,82.656,30.938,51.563
114.75,85.156,33,51.563
113.28,85.094,37.812,52.938
126.97,83.75,25.438,55
129.47,83.688,25.438,56.375
133.97,81.688,22.688,59.125
135.88,80.969,22,61.188
135.03,81,26.813,60.5
136.84,82.03,28.188,45.671
136.12,81.656,30.25,46.063
132.19,82.312,34.375,45.375
128.28,80.344,37.812,47.438
122.41,81.031,43.312,46.063
118.44,81.031,48.125,46.063
115.03,81.719,54.313,44.688
129.5,83.031,38.5,43.312
130.94,85.688,34.375,39.875
127.06,85,37.125,41.25
121.91,85,40.562,41.25
118.5,85.656,46.75,40.562
124.43,89.263,39.88,36.784
126.09,88.375,44.688,35.75
126.75,86.469,44,36.438
127.97,82.469,44.688,41.938
127.41,84.406,43.312,40.562
126.84,85.094,41.938,39.188
123,84.469,44,39.188
124.41,83.844,40.562,39.188
121.16,83.875,43.312,38.5
122,80.594,38.5,41.938
118.31,79.344,37.125,41.938
113.12,79.281,41.25,43.312
113.88,91.719,38.5,30.938
114.53,93,37.812,30.25
114.03,93.75,35.062,27.5
112.06,95.062,37.125,26.125
114.41,95.062,40.562,26.125
116.75,95.719,44,25.437
117.22,94.406,47.438,26.813
116.34,94.438,52.938,26.125
120.19,94.406,50.875,26.813
120.31,94.531,48.125,24.063
131.38,94.531,38.5,24.063
133.03,93.844,43.312,25.438
131.62,93.062,46.75,28.875
130.78,93.656,51.563,29.563
154.41,93.562,26.813,31.625
156.88,92.906,27.5,32.312
156.97,92.875,25.438,33
158.84,92.219,25.438,33.688
158.81,93.531,26.125,32.312
162,93.562,24.75,31.625
160.75,93.469,24.75,33.688
157.5,92.25,27.5,33
154.88,91.85,30.25,34.074
158.75,91.562,27.5,34.375
161.88,91.594,27.5,33.687
162.38,90.969,30.25,33.688
166.12,91.125,30.25,30.25
169.44,91.485,26.125,30.528
171.34,91.062,25.438,31.625
174.53,91.781,24.063,29.563
175.78,91.781,24.063,29.563
177.06,91.781,23.375,29.563
177.62,91.781,24.75,29.563
177.62,91.844,24.75,28.188
177.66,92.469,24.063,28.188
176.31,94.406,26.125,26.813
174.41,95.719,26.813,25.437
171.19,96.406,28.875,24.063
175.22,99.031,22.688,21.312
172.09,100.25,22.688,22
173.59,102.12,17.188,22
170.34,99.406,19.938,26.813
167.78,98.75,21.312,27.5
165.25,98.75,22,27.5
164.66,102.71,21.312,22.795
167.31,102.06,17.875,23.375
165.41,103.34,18.562,22.688
164.78,103.94,18.562,23.375
166.09,102.69,17.188,23.375
165.44,103.5,17.875,19.25
165.38,105.31,19.25,16.04
167.34,107.53,17.188,13.063
166.62,107.56,19.25,12.375
