NaN,NaN,NaN,-1
149.37,57.421,81.598,95.403
147.73,60.55,81.703,95.461
144.98,65.439,79.816,93.395
142.16,66.786,79.444,92.784
139.44,66.09,78.161,91.332
137.64,62.686,77.951,91.037
136.35,58.436,76.712,89.579
135.44,55.627,77.319,90.036
134.21,54.495,78.015,90.774
129.78,52.722,81.017,93.336
123.5,53.019,82.422,94.682
119.36,56.921,78.885,91.842
112.12,57.756,81.484,94.226
108.03,57.382,82.592,95.176
105.97,53.771,84.765,97.266
105.57,50.102,86.29,98.642
107.31,50.152,87.459,99.668
110.05,50.86,87.814,100.01
111.78,52.354,87.626,99.971
114.46,55.539,86.449,98.912
115.04,58.88,85.152,97.786
115.51,60.438,84.816,97.508
115.13,59.452,87.408,99.483
115.74,61.903,87.293,99.463
117.41,61.834,86.772,98.988
115.9,60.04,88.773,100.74
118.78,56.181,87.878,99.894
120.34,50.474,88.953,100.79
125.3,44.94,89.397,101.3
129.83,41.617,89.369,101.31
136.5,43.299,80.894,93.861
141.61,43.997,80.409,93.418
146.01,44.027,78.625,91.75
148.67,46.555,79.3,92.268
150.09,49.642,78.982,91.889
150.56,51.287,76.621,89.651
148.55,49.429,77.585,90.305
146.86,46.515,77.385,90.055
143.28,43.625,77.632,90.519
139.61,41.782,78.818,91.766
135.81,42.599,78.951,92.11
128.77,46.44,80.399,93.388
122.54,51.135,81.31,94.156
117.29,52.178,82.44,95.295
113.78,52.135,82.439,95.342
110.72,51.801,84.404,97.262
107.92,52.411,86.583,99.479
105.85,51.59,86.83,99.567
104.49,49.675,87.454,100.16
105.31,44.057,87.488,100.28
106.52,39.686,88.375,101.01
109.46,37.547,89.833,102.2
111.84,38.942,90.733,103.11
114.34,44.368,88.526,100.97
117.14,49.142,89.176,101.51
119.81,53.795,89.83,102.1
123.73,56.546,89.986,102.12
126.52,57.936,90.815,102.82
129.53,55.311,91.033,103.27
132.82,49.821,93.733,105.63
136.6,43.503,93.36,105.63
140.33,39.926,92.742,105.12
142.2,34.632,89.762,103.98
143.01,34.317,89.398,103.7
142.41,39.995,87.03,101.62
142.55,51.302,82.58,95.893
142.15,52.496,80.079,93.707
139.07,53.551,81.53,94.884
140.3,55.292,80.401,94.007
137.57,54.577,79.646,93.181
137.66,51.729,79.591,93.08
138.98,48.515,79.122,92.417
139.59,49.384,79.529,92.336
140.47,54.574,77.115,90.229
138.91,59.832,76.247,89.184
132.25,56.044,84.658,96.84
131.72,55.654,85.709,97.84
132.65,58.215,83.593,95.97
133.15,59.84,82.293,94.849
131.2,59.736,82.176,94.709
127.73,57.226,80.994,93.663
124.78,54.761,78.289,91.036
123.44,51.939,79.713,92.419
124.47,50.69,79.975,92.455
122.78,55.064,79.601,92.069
122.35,60.222,79.134,91.632
123.43,63.754,79.377,91.826
124.89,68.182,79.086,91.689
127.13,70.88,79.518,92.076
130.59,71.353,79.229,91.949
132.03,65.701,78.987,91.922
135.92,56.286,78.721,91.835
137.63,49.91,80.642,93.836
142.09,45.079,81.943,95.43
145.8,43.679,81.424,95.078
147.99,46.024,80.495,93.99
149.01,49.411,79.942,93.204
151.38,51.814,79.672,92.971
153.22,51.707,79.393,92.654
154.47,52.627,79.562,92.744
155.58,52.796,77.313,90.45
155.76,53.064,76.374,89.323
155.05,51.745,76.228,89.097
152.44,50.974,77.429,90.083
151.42,49.26,77.615,89.749
150.64,51.803,76.31,88.604
145.67,55.687,79.062,90.678
141.89,58.499,79.147,90.493
139.46,57.94,78.616,89.944
135.73,60.107,80.724,91.737
133,64.825,76.296,87.978
129.5,63.646,74.926,86.861
127.37,56.97,79.712,91.197
128.92,54.848,78.486,90.016
130.31,54.768,77.547,89.393
130.79,55.184,76.408,88.449
130.63,55.051,77.552,89.32
129.71,55.364,78.298,89.723
130.99,56.837,78.521,90.093
132.27,59.268,78.853,90.513
133.73,61.554,78.367,90.322
136.4,60.743,77.421,89.957
139.75,56.847,77.004,89.885
141.05,53.124,78.354,91.311
136.75,42.754,86.788,99.554
139.34,51.307,74.595,86.065
140.78,46.273,80.156,91.487
144.02,45.565,80.865,92.265
146.42,44.973,81.279,92.765
146.69,46.915,81.024,92.429
150.95,36.953,89.046,101.68
154.73,43.322,92.098,100.85
167.46,63.862,79.024,92.267
164.87,63.119,78.642,91.936
150.6,39.613,101.22,112.66
150.23,39.271,99.795,110.9
150.78,35.066,100.97,111.36
151.3,32.351,102.81,112.64
149.35,30.092,104.68,114.31
146.44,29.167,106.08,115.67
141.6,28.962,105.72,115.23
129.79,27.936,97.121,109.15
126.87,29.583,98.114,109.98
125.02,32.644,97.292,108.96
121.87,33.733,96.066,107.76
119.95,33.024,95.5,106.72
118.05,29.465,95.312,106.37
117.32,24.733,94.922,105.97
117.34,23.053,91.977,103.24
117.85,23.241,91.781,103.16
115.61,21.449,92.341,104.09
117.25,23.829,90.718,103.15
119.47,27.388,88.979,101.55
120.14,31.879,88.575,101.6
120.77,36.239,88.62,102.1
122.44,38.631,89.658,103.41
121.73,36.509,91.411,105.3
122.69,32.115,94.995,108.65
120.16,27.316,98.738,112.57
118.07,20.832,104.11,118.05
117.09,15.207,107.36,121.75
115.75,10.452,111.15,125.68
116,9.24,111.43,126.57
114.33,10.132,110.77,125.76
112.43,11.325,110.94,125.9
113.21,15.939,107.05,121.93
114.92,7.8442,123.8,134.97
115.26,12.291,121.84,132.72
116.71,15.698,118.73,130.07
118.43,18.164,116.54,128.08
118.82,17.01,114.74,126.47
118.53,12.823,116.29,128.06
118.77,8.6562,115.79,127.39
120.21,6.9406,112.58,124.46
119.95,5.3875,111.21,122.89
121.22,5.412,108.56,120.22
120.37,5.9657,108.5,120.06
122,9.2148,106.99,118.47
124.48,12.352,106.02,117.2
127.07,14.976,104.81,116.11
126.67,17.698,103.8,115.15
125.76,21.541,102.97,113.77
122.06,23.47,103.58,114.49
120.56,25.739,100.52,111.8
117.36,27.746,98.474,109.93
114.23,25.77,98.233,109.95
112.96,23.946,97.863,109.48
110.19,22.709,96.832,108.54
110.98,32.669,78.529,91.862
106.97,31.87,80.183,93.367
105.59,30.677,82.156,94.941
106.26,31.844,83.216,95.786
106.6,30.98,86.01,98.182
110.4,28.87,86.361,98.263
118.22,33.336,74.835,87.174
121.71,28.643,75.572,88.391
121.81,24.791,79.55,92.341
122.58,18.671,79.077,92.116
127.52,19.908,79.332,92.677
128.71,21.05,85.543,97.211
131.36,24.491,83.832,95.435
136.44,26.94,84.514,96.091
140.16,28.887,85.143,96.583
142.9,27.924,84.58,96.047
145.81,29.128,84.698,96.006
147.32,30.32,83.45,94.707
148.92,33.569,82.663,93.936
152,37.04,82.622,93.997
152.69,38.115,84.618,95.748
153.02,38.83,86.789,98.135
148.4,53.714,101.75,109.62
147.32,54.407,103.24,111.19
143.87,52.854,105.49,113.27
137.77,50.081,106.78,114.45
134.03,51.201,107.19,114.91
130.32,50.571,106.34,114.24
133.18,37.337,97.984,112.76
120.05,27.653,103.77,118.07
118.44,25.786,104,118.45
118.21,30.499,114.13,127.96
115.15,30.175,115.16,128.89
113.55,30.145,118.49,132.17
120.99,35.934,103.07,120.03
123.35,39.438,101.43,118.58
128.05,40.805,101.41,118.57
130.44,40.518,104.54,121.89
132.82,38.767,109.12,126.36
115.9,29.291,136.55,149.56
149.82,41.279,102.86,119.3
153.45,42.241,102.1,118.15
157.46,41.189,99.937,115.68
160.27,40.245,100.32,115.74
164.37,41.533,97.258,112.53
163.83,44.568,97.324,111.94
161.77,47.531,95.414,109.94
162.68,51.735,92.329,106.54
161.47,54.923,89.252,103.44
161.96,57.453,85.683,100.1
161.16,57.925,85.297,99.526
162.44,58.44,84.326,98.532
162.39,58.344,83.684,97.401
163.05,57.174,83.917,97.208
166.34,56.409,84.214,97.357
168.68,56.137,83.287,96.639
170.09,56.4,82.579,96.052
173.23,58.805,82.32,95.748
173.37,60.564,83.029,96.618
173.08,61.361,84.812,98.194
172,60.767,86.383,99.677
170.86,59.868,87.807,101.18
157.29,50.38,89.906,104.35
154.71,45.851,89.751,104.58
154.01,42.375,90.659,105.71
150.66,38.615,92.481,107.27
149.5,33.778,97.775,112.29
148.99,31.126,92.854,107.51
149.41,28.777,93.71,108.43
148.81,28.83,94.274,108.91
149.36,33.739,94.167,108.88
147.07,38.928,95.545,110.07
146.74,44.655,97.408,111.84
150.46,49.068,94.762,109.34
151.06,47.77,96.967,111.47
153.07,43.522,98.076,112.58
155.51,38.324,98.059,112.65
157.28,33.939,97.491,112.15
158.64,29.896,98.432,112.82
159.2,28.327,97.563,111.62
157.95,25.44,99.749,113.32
157.13,24.838,99.441,112.84
156,28.787,97.791,111.07
155.22,31.711,97.177,110.54
154.62,35.091,97.027,110.36
156.1,37.395,95.137,108.95
152.96,37.986,92.57,106.84
147.78,37.415,90.672,105.23
143.12,36.24,90.718,105.26
137.31,32.937,90.887,105.34
132.53,28.476,90.704,105.33
123.91,23.998,90.308,104.96
120.48,23.048,88.83,103.64
116.51,23.91,87.651,102.46
114.16,24.769,89.676,104.01
111.97,28.711,90.243,104.45
111.47,34.267,91.166,105.27
110.29,39.098,92.134,106.38
109.7,40.193,94.164,108.16
112.49,38.65,94.655,108.64
118.34,40.292,93.952,108.2
122.94,38.543,94.751,109.04
127.71,36.012,93.499,108.87
134.28,32.933,95.553,110.34
135.24,32.279,96.557,111.07
134.39,30.995,96.981,111.57
129.69,29.177,99.356,113.75
125.03,27.938,101.44,115.92
119.67,28.805,101.31,116.27
115.31,31.365,98.023,113.72
108.3,32.238,96.96,113.22
98.954,29.126,101.1,117.1
90.327,24.038,104.86,120.43
83.86,18.845,106.37,121.96
75.902,11.061,109.93,125.16
71.433,8.9982,107.69,123.06
72.026,9.0862,105.05,120.5
71.98,11.591,103.69,119.47
72.327,18.641,101.53,117.33
70.921,26.147,100.68,116.52
69.252,31.499,100.09,115.81
65.132,35.7,99.616,115.32
59.053,38.012,99.652,115.22
53.589,37.501,98.367,113.95
47.741,35.946,97.591,113.2
41.72,32.057,98.037,113.56
43.313,28.955,96.577,112.16
43.375,24.995,96.315,111.46
46.824,26.109,93.965,109.41
52.649,27.659,91.302,106.74
57.197,31.574,91.078,106.28
60.77,36.759,89.42,104.59
61.882,40.294,88.423,103.27
67.701,42.49,87.035,101.79
72.126,45.171,86.446,101.1
76.212,45.063,87.932,102.23
81.602,42.76,87.049,101.22
86.66,38.243,86.866,101.09
89.536,28.375,90.901,105.09
96.997,19.192,93.372,107.28
105.92,15.107,94.275,108.22
112.87,15.055,95.112,109.16
118.06,19.553,95.562,109.72
119.65,22.724,95.324,109.57
122.59,26.017,93.184,107.76
124.49,26.495,93.995,108.8
125.18,27.584,95.274,110.21
124.64,26.831,96.306,111.65
123.07,25.329,96.634,112.31
124.37,23.463,96.974,112.69
124.34,21.805,96.936,112.57
123.72,19.005,97.162,112.86
124.89,19.318,95.7,111.58
123.47,22.061,95.189,111.12
123.27,22.563,96.325,112.31
122.4,24.319,96.851,112.45
120.92,23.393,99.905,115.15
119.43,22.383,102.54,117.3
119.72,22.629,102.49,117.04
122.01,22.091,101.75,116.15
124.37,18.376,101.64,115.88
128.07,14.408,100.11,114.33
133.45,11.979,99.355,113.32
137.43,11.144,99.423,113.16
139.64,17.928,98.894,112.55
138.89,25.81,98.809,112.15
138.12,32.287,98.045,110.97
138.51,37.531,97.307,109.99
137.77,39.841,96.969,109.49
134.3,36.911,95.875,108.21
134.5,31.906,93.714,106.1
139.04,26.549,92.917,105.29
145.13,23.982,91.823,104.1
150.21,26.253,90.443,102.47
150.78,30.686,89.204,100.55
151.29,35.7,87.134,98.114
147.66,39.208,86.001,96.623
141.91,41.885,84.263,94.625
136.14,42.394,83.984,94.069
130.09,42.105,84.258,94.069
122.11,37.545,84.243,93.898
117.03,33.304,84.415,93.765
116.27,27.913,83.467,93.096
119.72,26.315,83.294,93.162
120.01,27.556,84.098,93.932
119.52,30.798,83.955,93.795
119.79,33.076,83.42,93.297
120.8,36.224,83.136,92.972
118.88,36.592,83.793,93.287
115.94,37.577,84,93.455
114.6,39.525,81.857,91.542
112.08,36.791,81.289,90.896
115.16,32.617,82.727,92.041
118.72,30.961,82.037,91.397
122.84,30.399,81.366,91.112
132.56,34.948,81.125,91.148
136.79,37.843,81.324,91.324
142.98,38.084,81.822,91.837
150.94,35.147,82.647,92.641
155.31,33.547,82.147,92.061
158.44,31.445,83.255,92.757
160.78,31.113,82.783,92.081
162.38,31.204,82.822,91.612
162.37,27.332,82.494,90.895
163.93,24.857,81.499,89.899
165.5,23.734,78.879,87.393
164.05,24.094,78.844,86.928
164.49,26.353,77.966,86.016
167.4,34.079,76.598,84.611
165.89,41.893,74.746,82.713
161.85,46.438,73.569,81.884
157.9,49.823,72.041,80.59
151.53,48.794,71.976,80.665
146.25,45.379,69.143,78.959
146.85,41.072,69.118,79.204
151.09,36.294,68.642,78.762
152.9,35.917,68.677,79.089
154.19,37.691,68.06,78.471
153.57,41.276,67.815,78.159
154.57,45.908,66.57,76.932
156.1,48.585,66.478,76.864
154.66,53.366,59.949,69.928
156.34,56.58,58.816,68.535
158.03,59.339,57.575,67.177
160.26,60.749,56.272,65.661
161.7,55.655,57.716,67
159.9,52.117,57.014,66.211
163.66,52.315,55.073,64.223
154.99,38.704,60.284,69.415
154.99,43.98,58.817,67.824
152.93,47.898,58.527,67.168
150.31,50.089,58.288,66.833
146.48,51.87,57.551,65.834
144.52,50.887,57.54,65.67
143.66,49.347,58.068,65.728
140.6,46.29,58.271,65.766
137.54,45.032,56.852,64.384
132.42,43.734,55.423,62.958
130.43,43.479,53.95,61.51
127.22,38.779,52.78,60.255
125.36,31.778,52.64,60.636
124.03,32.319,51.613,59.506
122.14,38.039,49.76,57.817
121.56,39.953,51.124,58.821
130.69,54.233,49.751,57.572
128.96,57.44,49.989,57.987
127.39,59.96,49.995,58.078
127.32,61.088,48.276,56.351
125.19,60.038,50.031,57.809
128.71,59.504,49.866,57.738
135.02,59.823,49.306,57.11
142.79,61.281,48.123,55.812
149.22,61.609,47.449,55.122
151.39,59.662,51.485,58.147
155.01,60.202,50.358,56.929
156.6,62.701,50.154,56.803
156.64,65.566,48.226,54.988
157.66,65.214,47.095,53.496
160.48,62.023,48.278,54.216
159.64,61.906,48.065,53.747
159.08,62.254,47.137,52.697
157.98,58.562,40.252,46.209
150.9,46.035,51.32,57.634
150.52,46.507,52.014,58.165
149.13,52.041,48.42,54.375
147.25,49.466,55.486,60.349
145.29,59.35,43.383,45.936
144.15,57.843,47.426,48.715
149.29,52.904,44.551,47.513
151.51,53.736,44.359,46.8
154.18,54.446,45.677,48.14
155.18,56.888,44.95,47.436
157.44,58.207,43.489,46.111
156.76,57.017,43.665,46.238
156.6,57.356,44.007,46.306
155.98,57.259,44.231,46.715
154.24,58.532,43.12,45.829
161.05,66.12,38.686,40.857
159.53,64.463,39.427,41.45
158.23,64.065,39.119,40.735
153.59,63.04,39.912,41.231
148.78,61.471,41.118,42.235
146.55,60.75,41.954,42.969
144.21,60.459,40.699,41.562
143.36,59.295,42.783,43.562
142.87,58.49,42.168,42.884
144.75,58.332,40.334,40.988
147.29,56.982,39.107,39.735
149.64,54.94,39.83,40.433
152.67,52.509,39.995,40.67
154.68,51.813,40.034,40.758
152.32,46.894,39.925,41.264
155.06,46.169,39.296,40.617
154.57,47.19,39.82,40.786
150.84,46.268,41.579,42.409
150.61,44.3,41.25,42.077
151.64,42.562,41.146,41.787
152.64,41.86,40.489,41.163
153.73,40.91,39.928,40.71
155.6,40.325,40.098,40.847
157.3,38.957,34.194,37.957
160.91,37.681,34.325,37.907
158.9,37.141,31.233,33.73
159.94,35.68,31.165,33.556
153.83,32.755,31.925,34.199
152.22,29.746,32.311,34.418
150.89,31.087,31.473,33.6
146.64,31.349,31.886,34.208
145.69,33.298,32.181,34.46
142.06,31.343,32.57,34.943
144.47,30.823,34.552,36.932
145.96,27.682,34.602,37.305
152.31,25.5,35.217,37.913
156.2,19.859,36.437,38.796
160.22,16.672,37.219,39.516
165.22,16.49,38.009,40.261
170.52,17.802,38.457,40.773
177.02,21.184,32.187,35.948
178.61,21.845,27.394,30.845
181.11,20.201,26.711,30.218
183.3,19.912,23.481,26.877
183.01,20.513,21.134,23.617
191.84,23.344,19.196,21.869
196.88,24.967,16.397,19.178
192.07,24.407,25.084,27.694
191.08,28.684,21.028,24.473
180.19,24.88,33.143,35.864
173.12,28.655,32.718,35.54
166.36,31.298,32.347,35.332
159.97,31.098,33.441,36.342
160.24,35.872,26.602,30.599
160.48,36.061,26.856,30.912
160.22,38.654,28.258,31.363
158.97,33.166,28.169,31.329
164.97,34.243,25.942,30.087
163.45,34.351,28.266,31.171
169.21,37.227,27.549,30.893
167.24,31.505,28.502,32.082
168.9,33.68,29.481,33.079
172.17,36.248,31.029,34.568
176.51,38.616,32.231,35.732
180.8,41.211,30.605,34.697
185.14,41.534,24.927,29.071
188.73,37.249,26.424,29.708
185.89,29.02,26.71,30.61
184.53,24.298,29.48,33.109
183.19,21.653,31.634,35.346
184.22,23.403,29.603,33.637
184.38,25.408,28.7,32.155
186.52,23.078,32.908,37.364
185.55,19.912,31.314,35.847
183.25,16.205,30.957,35.448
182.38,11.287,29.853,34.233
182.36,7.0232,28.084,32.66
179.32,3.1685,26.859,31.401
178.05,6.5407,26.527,30.958
172.16,5.9301,33.367,37.896
164.91,5.3629,36.285,41.265
163.36,6.9906,35.44,40.924
163.74,7.4866,35.581,41.071
165.51,9.8184,34.934,40.446
164.27,11.96,34.537,40.098
162.91,13.647,34.941,40.288
161.82,14.782,35.007,40.234
162.98,12.655,35.011,40.002
166.21,15.125,34.022,38.854
167.13,18.121,34.328,39.075
169.29,22.731,34.202,39.009
169.53,27.39,35.184,39.956
168.54,29.923,36.105,41.123
169.65,31.589,38.412,43.325
168.32,31.081,37.153,42.402
172.86,27.227,35.494,40.896
177.75,19.569,34.129,39.923
181.4,12.269,36.098,41.965
182.97,14.875,37.048,42.646
184.76,19.839,37.308,42.869
183.74,23.577,38.016,43.295
183.4,37.462,25.961,30.311
181.76,38.846,25.818,30.123
178.37,36.928,29.134,33.329
176.51,39.71,26.495,30.187
173.2,33.184,28.179,31.652
176.53,34.971,28.969,32.144
175.93,35.296,26.184,29.967
171.95,36.696,25.443,28.723
162.92,32.838,39.694,40.331
163.32,37.809,22.631,26.143
158.16,35.831,37.395,38.846
154.77,40.681,35.531,35.025
154.96,44.423,31.018,33.014
150.12,43.765,31.211,33.095
146.5,43.935,30.781,32.658
149.24,42.334,30.697,32.538
150.41,39.713,31.499,33.633
151.84,34.278,32.426,34.796
154.71,33.112,34.336,36.729
157.23,36.393,35.474,38.023
161.61,43.932,34.926,37.699
164.64,48.898,36.783,39.553
170.16,49.253,37.35,40.079
177.6,46.627,36.784,39.529
183.67,44.455,35.449,38.423
187.12,40.249,34.649,37.578
191.31,38.755,32.8,35.571
195.25,38.046,30.9,33.598
197.92,35.526,30.062,32.741
198.02,37.548,29.61,32.272
203.27,40.679,18.718,21.771
196.84,43.841,27.242,28.492
203.31,49.386,17.686,19.029
201.56,51.734,20.788,21.144
179.62,30.754,28.699,32.693
183.33,34.186,29.037,33.046
181.61,35.096,28.167,32.391
182.07,36.48,24.149,27.426
184.05,36.601,22.563,26.339
181.88,32.036,23.72,27.516
179.85,32.727,22.057,25.505
171.83,24.505,32.867,34.348
169.76,24.162,33.746,35.008
172.47,24.585,33.81,35.151
174.12,26.019,34.171,35.329
176.82,26.79,32.698,34.314
174.83,28.304,33.89,35.462
175.69,29.906,34.557,35.936
173.87,31.971,35.29,36.461
169.6,37.906,34.624,36.009
168.08,41.485,35.723,36.902
168.59,44.372,36.129,37.21
170.71,49.436,35.414,36.898
170.93,52.92,34.423,36.52
172.1,57.144,33.348,35.886
171.86,52.57,34.587,37.067
166.87,45.561,38.05,39.35
161.5,40.441,37.95,39.193
163.36,37.277,37.101,38.03
166.55,35.082,37.94,39.11
169.33,35.795,38.446,39.815
173.91,37.34,37.378,38.779
178.36,38.449,36.828,38.799
180.49,39.389,36.705,38.854
183.66,39.635,36.952,39.124
186.03,38.533,36.322,38.581
186.59,33.98,36.999,39.216
185.41,31.646,37.485,39.627
182.7,31.017,37.528,39.751
178.23,27.978,37.718,39.85
172.97,28.361,37.115,38.968
166.99,31.877,36.517,38.226
161.63,34.044,38.002,39.701
156.62,35.041,39.166,40.804
153.07,36.356,38.893,40.727
158.72,46.433,24.485,28.463
154.68,47.52,25.028,29.062
154.8,50.053,34.053,36.334
152.77,50.504,31.416,33.825
154.61,47.305,29.493,31.909
156.44,45.593,29.981,32.383
158.57,46.617,29.553,31.823
161.23,51.802,28.478,30.826
164.98,56.625,29.414,31.856
169.54,60.43,30.191,32.869
174.93,65.558,29.368,31.993
181.41,65.904,29.189,31.791
184.73,64.682,28.747,31.281
191.9,62.849,26.199,28.893
198.92,61.018,26.042,28.593
202.64,61.621,26.833,29.252
205.12,64.467,27.627,30.046
207.46,69.006,27.51,29.97
207.92,71.437,26.696,29.228
205.37,72.414,26.191,28.813
202.12,71.622,25.461,27.647
198.92,73.878,21.813,23.456
195.08,68.572,24.207,25.916
191.89,67.339,25.175,26.483
188.76,65.228,24.357,27.535
186.37,63.262,25.925,29.132
187.07,62.586,26.478,29.647
185.06,61.917,27.166,30.163
183.31,63.149,26.862,29.845
181.4,65.175,25.58,28.344
168.9,55.027,39.926,41.401
168.68,54.74,40.193,41.705
168.48,54.731,39.401,41.219
167.83,54.582,39.577,41.141
174.03,51.508,28.76,33.193
176.4,49.67,28.553,32.84
178.58,48.479,28.577,32.758
181.92,47.926,28.297,32.264
187.53,49.837,28.497,32.414
192.78,52.085,27.657,31.672
196.59,54.856,28.902,32.673
198.98,56.459,27.954,31.94
201.01,58.05,29.955,33.53
203.19,62.628,26.263,29.885
205.28,60.705,26.027,29.35
207.62,57.716,24.889,28.811
204.75,53.166,27.764,32.028
202.81,49.818,32.399,36.575
200.81,48.342,33.498,37.726
200.73,46.473,33.696,37.608
202.14,42.679,33.508,37.363
203.6,39.202,34.585,38.27
206.8,39.5,35.129,38.832
206.24,42.414,35.632,39.559
207.43,45.199,36.444,40.409
209.46,46.86,37.375,41.368
208.85,48.474,37.443,41.519
207.59,48.703,36.652,40.946
206.07,48.794,35.992,40.361
202.92,47.27,37.041,41.61
198.06,44.918,37.78,42.346
196.53,47.771,35.269,39.653
194.15,47.689,34.533,38.828
194.14,49.01,34.692,39.037
193.33,49.069,35.11,39.405
191.5,49.437,34.974,39.259
191,48.848,33.986,38.405
187.6,45.738,34.463,38.747
183.12,41.41,35.081,39.235
182.07,37.507,34.943,38.888
188.52,39.048,31.381,36.641
179.16,28.647,36.34,42.286
184.4,26.539,38.082,43.941
182.87,30.843,33.639,37.687
186.63,34.559,31.724,35.621
190.92,38.597,31.048,34.736
192.36,39.925,30.335,34.214
195.88,40.192,29.404,33.164
198.34,39.669,31.207,34.837
198.44,39.333,30.294,34.215
198.97,40.186,29.432,34.056
195.67,34.568,34.197,38.903
194.53,30.562,35.082,39.681
194.6,33.551,32.241,37.622
190.33,35.284,33.047,38.363
189.9,38.494,32.824,38.088
187.75,42.591,32.797,38.213
186.29,44.333,32.375,37.892
180.81,43.132,33.477,38.924
173.73,40.405,35.165,40.316
172.98,38.698,33.601,38.719
169.38,36.887,33.23,38.234
166.71,37.013,32.421,37.412
166.09,36.59,32.028,37.034
163.28,37.172,32.001,37.139
162.17,38.121,32.126,37.052
162.59,41.39,32.152,37.127
164.32,42.535,31.813,36.742
167.39,42.574,31.387,36.234
172,42.564,31.095,35.895
176.79,42.471,31.526,36.25
181.81,42.74,31.217,35.736
187.09,42.069,30.425,34.931
189.22,41.162,30.988,35.482
191.92,38.869,31.542,35.878
193.64,39.721,31.638,35.913
192.73,42.594,30.413,34.742
193.12,47.316,30.128,34.68
189.34,46.252,34.819,39.14
192.18,53.017,36.322,40.931
189.51,55.394,29.686,34.698
187.69,55.13,32.742,37.773
186.21,56.303,31.684,36.837
182.75,54.115,32.17,37.318
183.12,50.677,31.808,36.969
178.74,48.412,32.131,37.202
174.61,48.143,32.689,37.614
168.66,50.816,33.534,38.18
166.58,52.164,33.518,38.348
168.45,54.193,31.102,36.223
165.77,50.585,31.763,36.852
163.08,49.656,32.814,37.845
163.06,49.34,33.113,38.108
163.52,51.174,31.777,36.983
159.54,48.5,33.467,38.614
152.26,39.108,47.472,51.49
139.21,22.788,55.746,61.818
142.12,29.405,46.036,52.3
