NaN,NaN,NaN,-1
128,60.8,36.267,83.2
126.93,60.8,38.4,84.267
126.93,60.8,38.4,84.267
128,60.8,39.467,85.333
128,61.867,39.467,84.267
128,62.933,37.333,84.267
125.87,61.867,39.467,86.4
125.87,62.933,37.333,86.4
125.87,65.067,37.333,85.333
125.87,61.867,36.267,90.667
125.87,64,36.267,90.667
125.87,66.133,36.267,90.667
126.93,69.333,36.267,90.667
129.07,73.6,35.2,89.6
129.07,78.933,39.467,88.533
133.33,83.2,37.333,73.6
136.53,89.6,37.333,71.467
141.87,93.867,37.333,71.467
147.2,98.133,38.4,72.533
154.67,103.47,37.333,71.467
160,106.67,40.533,72.533
165.33,108.8,41.6,74.667
172.8,113.07,42.667,70.874
183.47,110.93,41.6,75.733
192,110.93,40.533,77.867
199.47,110.93,42.667,77.867
206.93,112,43.733,77.867
215.47,112,40.533,84.267
221.87,113.07,41.6,83.2
225.07,110.93,39.467,85.333
227.2,112,39.467,84.267
228.27,108.8,38.4,86.4
225.07,109.92,39.467,84.218
220.8,108.8,36.267,86.4
213.33,107.73,37.333,86.4
205.87,107.73,36.267,85.333
197.33,107.73,35.2,85.333
186.67,108.8,35.2,85.333
176,108.8,34.133,85.333
165.33,109.87,35.2,84.267
154.67,110.93,34.133,85.333
146.13,112,34.133,84.267
139.73,113.07,33.067,84.267
130.13,114.13,33.067,84.267
120.53,116.27,34.133,83.2
112,116.27,34.133,84.267
103.47,119.47,35.2,82.133
97.067,119.47,35.2,83.2
91.733,120.53,35.2,83.2
81.067,120.53,39.467,83.2
77.867,119.47,38.4,83.2
76.8,117.33,36.267,82.133
73.6,114.13,39.467,81.067
74.667,107.73,37.333,83.2
73.6,103.47,39.467,82.133
74.667,97.067,40.533,82.133
78.933,89.6,38.4,83.2
82.133,82.133,38.4,82.133
85.333,74.667,38.4,83.2
88.533,69.333,39.467,82.133
91.733,64,39.467,82.133
96,58.667,39.467,84.267
103.47,55.467,39.467,82.133
114.13,53.333,34.133,82.133
120.53,51.2,37.333,83.2
129.07,50.133,37.333,82.133
137.6,50.133,38.4,82.133
146.13,51.2,39.467,82.133
153.6,53.333,39.467,83.2
162.13,56.533,40.533,82.133
169.6,57.6,40.533,83.2
177.07,62.933,40.533,80
184.53,65.067,41.6,80
194.13,66.133,41.6,80
201.6,65.067,41.6,82.133
208,67.2,42.667,78.933
213.33,67.2,42.667,82.133
216.53,67.2,43.733,82.133
218.67,67.2,42.667,82.133
217.6,67.2,42.667,80
213.33,65.067,41.6,81.067
205.87,62.933,41.6,81.067
197.33,60.8,40.533,80
187.73,57.6,41.6,81.067
178.13,55.467,40.533,81.067
168.53,53.333,40.533,80
158.93,51.2,40.533,80
149.33,49.067,40.533,81.067
139.73,46.933,39.467,82.133
130.13,48,39.467,80
120.53,51.2,38.4,77.867
110.93,49.067,38.4,81.067
101.33,53.333,38.4,80
91.733,56.533,38.4,80
84.267,59.733,38.4,78.933
76.8,64,39.467,77.867
73.6,68.267,37.333,76.8
72.533,72.533,37.333,76.8
73.6,77.867,37.333,75.733
75.733,83.2,37.333,75.733
78.933,89.6,36.267,75.733
82.133,93.867,36.267,75.733
86.4,102.46,36.267,72.478
91.733,107.73,34.133,72.533
93.867,113.07,34.133,72.533
97.067,120.53,36.267,71.467
100.27,125.87,35.2,71.467
102.4,131.2,35.2,71.467
103.47,137.5,38.4,69.434
106.67,141.87,37.333,68.267
112,142.93,37.333,69.333
117.33,144,36.267,68.267
123.73,142.93,34.133,68.267
131.2,139.73,34.133,70.4
138.67,136.53,34.133,70.4
146.13,130.13,35.2,72.533
152.53,129.07,34.133,69.333
160,124.8,33.067,69.333
166.4,121.6,34.133,69.333
173.87,118.4,33.067,69.333
181.33,115.2,32,69.333
185.6,110.93,33.067,70.4
190.93,107.73,33.067,70.4
197.33,104.53,32,70.4
202.67,102.4,32,69.333
208,98.133,34.133,71.467
213.33,94.933,33.067,71.467
217.6,92.8,33.067,72.533
221.87,89.6,33.067,71.467
225.07,87.467,33.067,70.4
226.13,85.333,30.933,71.467
225.07,81.067,33.067,71.467
219.73,78.933,34.133,72.533
215.47,75.733,34.133,72.533
209.07,72.533,35.2,72.533
203.73,70.4,33.067,72.533
196.27,66.133,33.067,74.667
187.73,64,33.067,74.667
178.13,64,33.067,71.467
168.53,60.8,33.067,72.533
157.87,57.6,35.2,74.667
148.27,55.467,35.2,74.667
138.67,53.333,38.4,75.733
130.13,52.267,38.4,75.733
121.6,51.2,38.4,74.667
113.72,49.067,37.751,74.667
106.67,48,37.333,75.733
100.27,48,37.333,75.733
93.867,48,38.4,75.733
88.533,49.067,39.467,75.733
86.4,50.133,38.4,75.733
85.333,51.2,38.4,76.8
87.467,53.333,38.4,75.733
90.667,55.467,38.4,74.667
94.933,56.533,38.4,74.667
99.2,58.667,37.333,76.8
102.4,62.933,38.4,75.733
104.53,66.133,38.4,76.8
107.73,70.4,37.333,75.733
110.93,73.6,36.267,74.667
112,76.8,37.333,73.6
114.13,80,37.333,72.533
116.27,81.067,36.267,71.467
118.4,81.067,36.267,71.467
118.4,82.133,37.333,69.333
120.53,82.133,37.333,68.267
123.73,82.133,36.267,67.2
129.07,80,34.133,69.333
133.33,80,34.133,67.2
139.73,78.933,33.067,66.078
145.07,80,33.067,65.067
151.47,78.933,32,64
155.73,80.026,33.067,60.774
162.13,77.867,32,60.8
164.27,77.867,30.933,59.733
166.4,77.867,30.933,58.667
169.6,77.867,29.867,58.667
172.8,77.867,33.067,57.6
176,78.933,34.133,56.533
184.53,81.067,28.8,55.467
188.8,83.2,29.867,56.533
193.07,83.2,30.933,56.533
198.4,85.333,29.867,54.758
202.67,85.333,29.867,53.333
206.93,85.333,28.8,53.333
210.13,84.267,27.733,53.333
212.27,81.067,26.667,54.4
213.33,80,29.867,55.467
213.96,76.8,30.304,56.533
216.53,76.8,29.867,54.4
218.67,78.933,30.933,53.333
222.93,85.333,27.733,51.2
225.23,92.62,28.417,48.541
228.39,103.14,27.365,48.415
229.44,113.67,27.365,49.467
229.44,119.96,26.312,50.548
230.5,127.35,26.312,48.415
226.29,133.67,28.417,50.52
223.13,137.88,25.26,51.572
219.97,141.03,26.312,50.52
217.87,144.19,25.26,49.467
212.6,145.24,24.207,49.467
207.34,146.3,24.207,48.415
199.97,144.19,25.26,48.415
192.61,142.09,25.26,49.467
182.08,139.98,25.26,48.415
172.61,137.88,25.26,49.467
161.03,136.82,24.207,49.467
149.45,135.77,27.365,49.467
137.88,132.61,28.417,49.467
126.3,128.4,27.365,51.572
115.77,123.14,28.417,53.677
105.25,122.09,27.365,51.572
94.725,121.04,26.312,51.572
84.2,118.93,27.365,51.572
76.832,116.83,27.365,51.572
70.517,115.77,27.365,50.52
65.255,112.62,27.365,50.52
63.15,110.51,27.365,49.467
64.202,105.25,26.312,48.415
66.307,101.06,28.417,46.288
70.517,93.672,28.417,46.31
75.78,85.252,28.417,47.362
82.095,77.885,29.47,46.31
88.41,70.517,28.417,47.362
94.725,62.097,28.417,47.362
99.987,50.52,28.417,51.572
104.2,43.152,27.365,51.572
106.3,35.785,29.47,51.572
111.56,29.47,27.365,51.572
115.77,24.207,27.365,51.572
121.04,22.102,26.312,49.467
125.25,21.05,27.365,49.467
129.46,22.052,28.417,49.518
135.77,25.26,28.417,50.52
141.03,31.575,29.47,49.467
146.3,36.837,29.47,50.52
152.61,42.1,28.417,50.52
158.93,49.467,28.417,49.467
166.29,54.73,28.417,50.52
172.61,58.94,29.47,51.572
181.03,64.202,28.417,50.52
190.5,69.465,28.417,51.572
198.02,74.647,29.029,50.801
207.35,80.867,29.029,49.764
216.68,85.014,29.029,48.728
224.98,87.088,27.993,51.838
231.2,91.235,30.066,51.838
238.45,95.382,29.029,51.838
244.68,99.529,29.029,51.838
249.86,103.68,30.066,52.875
255.04,106.79,29.029,52.875
258.15,109.9,29.029,52.875
260.23,113.01,29.029,51.838
258.15,115.08,29.029,52.875
255.04,117.15,29.029,51.838
249.86,117.15,29.029,52.875
242.6,117.15,27.993,52.875
233.27,118.19,29.029,52.875
222.9,118.19,30.066,51.838
215.65,119.23,29.029,50.801
206.32,119.23,27.993,50.801
195.95,117.15,29.029,53.912
185.58,119.23,30.066,53.912
177.29,119.23,29.029,54.948
167.96,120.26,29.029,53.912
157.59,121.3,29.029,53.912
148.26,121.3,29.029,53.912
138.93,122.34,29.029,53.912
129.59,122.34,29.029,52.875
121.3,121.3,29.029,52.875
113.01,121.3,30.066,51.838
105.75,119.23,30.066,51.838
99.529,118.19,30.066,51.838
93.308,115.08,30.066,53.912
88.125,115.08,30.066,50.801
83.978,110.93,30.066,51.838
80.867,105.75,30.066,52.875
76.72,101.6,30.066,51.838
73.61,94.345,30.066,54.948
71.536,88.125,30.066,55.985
69.463,86.051,29.029,51.838
67.389,79.83,30.066,52.875
66.353,72.573,30.066,53.912
66.353,63.242,30.066,57.022
66.353,59.095,30.066,53.912
66.353,49.764,31.103,55.985
67.389,43.544,30.066,55.985
68.426,38.36,29.029,55.985
68.426,34.213,27.993,55.985
66.353,30.066,27.993,55.985
64.279,27.993,27.993,55.985
64.279,26.956,25.919,55.985
62.206,30.066,25.919,55.985
59.095,35.25,26.956,55.985
57.022,40.434,26.956,55.985
54.948,44.581,26.956,57.022
53.912,47.691,26.956,58.059
52.875,50.801,26.956,58.059
52.875,53.977,26.956,56.956
53.912,57.022,27.993,54.948
57.022,60.132,27.993,53.912
59.095,62.206,27.993,54.948
62.206,68.426,27.993,51.838
66.353,71.536,27.993,53.912
69.463,77.757,27.993,54.948
73.61,85.014,27.993,53.912
79.83,91.235,26.956,54.948
86.051,97.455,27.993,53.912
91.235,100.57,30.066,57.022
99.529,105.75,29.029,57.022
108.86,108.86,29.029,57.022
118.72,111.56,32.751,56.261
131,113.61,33.775,56.291
141.24,113.61,35.822,55.268
152.5,114.2,34.798,52.631
163.76,113.61,34.798,50.15
175.01,109.51,33.775,50.15
183.2,103.37,33.775,52.197
190.37,100.3,33.775,52.197
196.51,97.23,31.728,53.221
200.6,95.183,32.751,53.221
203.67,93.136,32.751,52.197
202.65,91.089,33.775,52.197
201.62,90.066,32.751,51.174
198.55,86.995,32.751,51.174
192.41,83.925,33.775,51.174
187.3,78.808,34.798,52.197
182.18,74.714,33.775,53.221
175.01,72.667,34.798,52.197
168.87,68.573,34.798,53.221
162.73,66.526,33.775,52.197
156.59,64.479,32.751,52.197
149.43,62.432,33.775,54.244
142.26,62.432,33.775,56.291
134.08,64.479,34.798,55.268
127.93,67.549,33.775,56.291
120.77,75.737,35.822,54.244
116.68,83.925,35.822,52.197
114.63,89.042,32.751,52.197
113.61,94.16,31.728,52.197
113.61,99.277,30.83,52.197
116.68,103.64,31.728,50.908
122.82,105.42,30.704,51.174
128.96,106.44,32.751,50.15
138.17,107.46,31.728,50.15
147.38,104.39,31.728,54.244
157.62,104.39,31.728,54.244
166.83,103.37,32.751,54.244
177.06,103.37,31.728,53.221
185.25,105.42,31.728,51.174
192.41,106.44,31.728,51.174
200.6,108.49,30.704,51.174
205.72,109.51,31.728,51.174
209.81,111.56,30.704,52.197
212.88,115.65,29.703,51.174
213.91,118.72,30.704,52.197
212.88,123.84,29.681,51.174
209.81,128.96,29.681,50.15
203.67,132.03,29.681,51.174
196.51,134.08,29.681,51.174
190.37,136.12,29.681,50.15
183.2,136.12,29.681,51.174
176.04,136.12,29.681,52.197
167.85,136.12,29.681,51.174
158.64,135.1,29.681,51.174
148.53,132.37,29.303,51.533
139.44,130.35,29.303,50.522
130.35,126.31,29.303,49.512
120.24,120.24,30.313,50.522
110.14,113.17,30.313,53.553
100.03,109.13,30.313,52.543
91.95,103.07,30.313,52.543
83.867,97.002,30.313,51.533
76.794,90.94,31.324,51.533
72.752,83.867,29.303,50.522
68.71,76.794,29.303,51.533
66.689,69.72,30.313,51.533
67.7,62.647,30.313,52.543
71.741,58.606,30.313,51.533
75.783,54.564,30.313,51.533
81.846,49.512,29.303,51.533
86.898,45.47,29.303,51.533
91.95,43.449,30.313,49.512
98.013,40.418,29.303,50.522
102.05,37.386,29.303,50.522
105.09,36.376,31.324,47.491
110.14,36.376,29.303,49.512
114.18,31.324,29.303,54.564
117.21,34.355,29.303,55.574
121.25,37.386,29.303,56.585
125.29,41.428,29.303,56.585
129.34,47.491,29.303,54.564
133.38,51.533,29.303,54.564
137.42,55.574,29.303,54.564
140.45,59.616,29.303,54.564
143.48,61.637,29.303,54.564
146.51,63.658,30.313,53.553
149.55,64.668,30.313,54.564
152.58,65.679,29.303,55.574
154.6,66.689,30.313,55.574
156.62,69.72,29.303,54.564
157.63,69.72,30.313,56.585
