NaN,NaN,NaN,-1
149,61,78,93
146,63,84,94
143,67,84,99
139,69,86,92
136,68,91,92
134,62,95,94
133,59,95,93
131,57,98,91
131,56,98,92
128,55,97,93
120,50,100,99
112,56,91,95
108,60,89,94
98,91,38,72
100,87,37,74
97,55,24,64
103,55,26,64
107,53,25,67
115,51,21,32
120,54,21,32
121,57,21,32
122,58,20,32
122,59,21,32
122,61,21,32
119,67,11,20
114,82,11,13
113,74,12,14
NaN,NaN,NaN,-2
NaN,NaN,NaN,0
NaN,NaN,NaN,0
NaN,NaN,NaN,0
NaN,NaN,NaN,0
NaN,NaN,NaN,-1
137,42,82,106
137,40,90,110
137,46,83,105
134,46,84,104
133,43,85,105
130,41,85,105
126,41,88,105
123,41,89,107
121,40,87,118
114,53,36,122
113,57,34,120
73,111,53,55
71,113,82,88
68,114,86,89
69,112,83,93
68,114,85,89
71,107,84,89
71,103,86,90
74,101,88,93
76,102,91,93
79,105,89,96
80,109,90,96
77,109,98,100
79,105,102,108
80,105,108,115
74,102,111,124
75,96,118,125
73,93,124,127
73,87,131,128
70,83,137,131
69,78,147,138
64,84,153,140
59,87,158,140
54,87,162,143
49,87,165,144
49,89,167,144
47,87,167,146
47,85,167,146
48,80,168,147
49,78,167,152
51,81,167,155
59,85,158,154
64,85,153,154
67,88,149,151
69,85,154,154
72,84,151,155
70,83,152,155
61,83,155,154
56,81,160,151
57,78,158,151
59,76,157,151
58,80,157,153
56,82,157,156
55,82,158,157
57,85,158,154
60,88,159,151
57,87,142,152
47,74,161,157
117,58,104,140
118,52,106,141
122,46,108,145
140,107,62,119
141,109,62,118
140,111,64,122
141,112,65,122
142,112,65,123
144,112,64,120
143,108,66,121
142,107,66,120
143,104,67,123
141,105,66,120
122,68,57,84
124,68,54,86
124,71,50,88
123,80,133,159
118,79,134,160
115,80,135,159
111,82,139,157
107,78,139,160
107,75,140,160
109,72,141,161
109,72,141,162
109,71,140,162
109,72,141,163
108,70,142,166
109,72,144,167
108,74,147,165
107,74,151,165
106,72,155,167
104,72,161,167
100,66,169,170
96,61,176,173
92,62,186,174
90,54,192,183
90,50,194,189
90,51,196,188
89,54,198,185
90,53,201,186
91,53,208,186
90,53,205,186
87,52,205,187
85,51,204,188
84,50,203,188
84,46,202,189
87,43,202,189
87,41,200,189
82,38,208,190
79,37,210,192
78,39,214,193
75,40,215,196
73,41,216,198
71,41,214,197
71,34,220,202
71,29,220,203
186,5,120,171
183,1,136,231
184,1,135,234
184,1,135,236
186,3,133,236
187,4,132,235
188,6,129,233
190,1,128,238
191,2,128,237
192,1,127,238
193,6,126,233
193,1,126,238
191,5,128,234
190,1,129,238
190,1,129,238
188,1,131,238
185,3,134,236
183,1,136,238
181,3,136,236
180,4,139,235
178,3,141,236
178,3,141,236
177,1,142,238
174,1,144,237
175,1,142,236
175,1,142,237
174,1,144,238
172,1,142,237
171,1,141,236
170,1,141,235
171,1,142,236
173,5,143,234
174,1,145,238
173,1,146,238
170,1,149,238
165,2,153,237
161,3,155,236
157,4,159,235
153,1,159,235
151,1,159,234
147,1,161,233
144,1,161,232
140,1,162,233
140,1,162,231
141,2,160,230
140,2,162,231
142,1,161,230
146,1,159,231
149,1,158,233
150,1,155,235
149,1,149,236
154,5,150,234
160,8,153,231
161,12,156,227
166,13,150,226
170,14,149,225
172,13,147,226
174,11,145,228
175,11,144,228
176,13,143,226
178,14,141,225
177,15,142,224
178,16,141,223
177,16,137,223
175,17,133,222
172,16,139,223
167,14,139,225
162,16,147,223
158,14,145,225
151,12,157,227
143,7,165,232
141,2,171,237
137,1,175,238
133,1,176,238
133,4,178,235
135,5,180,234
135,10,180,229
138,12,180,227
140,17,179,222
144,16,175,223
148,14,171,225
152,14,167,224
155,15,164,224
158,15,161,224
161,12,158,225
164,13,155,221
163,16,156,221
161,16,156,221
160,18,156,219
156,21,157,215
156,22,155,214
155,22,154,213
155,20,155,213
155,17,156,214
156,14,156,215
158,12,157,215
160,11,159,219
159,9,159,222
161,11,158,224
158,14,161,225
157,14,162,225
156,14,163,225
154,11,165,228
148,7,170,232
144,1,175,238
94,62,119,169
92,56,119,172
92,55,118,170
89,47,119,174
92,45,117,175
91,46,117,175
91,48,118,176
87,52,122,177
88,59,122,177
90,61,122,178
91,60,124,179
140,68,117,137
141,61,119,140
142,56,120,141
143,52,122,142
143,50,123,143
142,47,123,143
139,47,126,142
138,50,126,145
137,52,127,147
135,54,128,146
134,55,129,147
129,55,129,146
122,54,129,146
117,51,130,147
16,47,123,111
28,45,111,107
23,41,106,108
NaN,NaN,NaN,-2
NaN,NaN,NaN,0
NaN,NaN,NaN,0
NaN,NaN,NaN,0
NaN,NaN,NaN,0
NaN,NaN,NaN,-1
112,40,86,117
114,39,88,118
119,40,89,119
123,38,92,120
127,36,93,123
134,33,95,124
135,32,95,125
134,31,96,126
130,29,98,128
125,29,100,129
120,28,101,132
111,28,104,135
101,26,109,140
93,24,113,143
84,19,116,146
77,12,119,150
70,7,119,151
65,4,119,151
63,4,121,152
62,6,122,153
61,12,122,152
59,19,123,151
57,24,123,151
53,28,124,150
47,29,123,151
133,85,77,121
NaN,NaN,NaN,-2
NaN,NaN,NaN,0
NaN,NaN,NaN,0
NaN,NaN,NaN,0
NaN,NaN,NaN,0
NaN,NaN,NaN,-1
59,36,86,112
62,40,86,111
62,43,86,110
67,44,87,110
71,47,87,110
76,48,87,109
81,44,87,110
85,38,88,111
88,28,91,115
95,20,95,118
104,15,96,121
111,15,97,123
115,19,98,124
115,22,101,124
116,23,103,126
116,23,106,128
117,24,108,129
212,22,89,132
210,19,83,133
211,16,78,134
103,51,190,153
101,48,191,153
102,47,194,157
100,49,194,158
99,49,195,160
96,50,196,162
93,49,197,164
92,48,198,165
90,47,199,167
93,46,196,167
14,73,137,156
NaN,NaN,NaN,-2
NaN,NaN,NaN,0
NaN,NaN,NaN,0
NaN,NaN,NaN,0
NaN,NaN,NaN,0
NaN,NaN,NaN,-1
194,35,121,200
206,34,105,201
215,41,92,190
199,42,73,105
214,46,45,99
212,71,103,137
203,123,87,100
NaN,NaN,NaN,-2
NaN,NaN,NaN,0
NaN,NaN,NaN,0
NaN,NaN,NaN,0
NaN,NaN,NaN,0
NaN,NaN,NaN,-1
123,34,72,102
119,30,72,103
116,24,74,104
118,21,76,106
119,23,76,106
117,25,78,107
117,28,79,108
117,30,79,107
116,31,79,107
113,32,79,107
111,32,79,107
170,16,88,124
NaN,NaN,NaN,-2
NaN,NaN,NaN,0
NaN,NaN,NaN,0
NaN,NaN,NaN,0
NaN,NaN,NaN,0
NaN,NaN,NaN,-1
144,34,75,99
148,32,76,100
151,30,77,101
153,29,77,99
155,28,77,99
155,24,77,99
156,20,76,99
149,11,94,145
85,94,88,132
87,94,87,134
100,97,70,78
92,99,77,86
90,104,78,86
86,106,81,87
NaN,NaN,NaN,-2
NaN,NaN,NaN,0
NaN,NaN,NaN,0
NaN,NaN,NaN,0
NaN,NaN,NaN,0
NaN,NaN,NaN,-1
166,7,68,116
169,21,56,40
94,56,80,157
92,64,79,170
72,65,159,136
96,116,81,90
NaN,NaN,NaN,-2
NaN,NaN,NaN,0
NaN,NaN,NaN,0
NaN,NaN,NaN,0
NaN,NaN,NaN,0
NaN,NaN,NaN,-1
104,42,171,193
102,46,198,189
98,47,154,188
93,47,154,186
105,46,137,184
103,43,136,185
87,42,146,189
81,39,150,192
74,36,161,196
89,31,138,192
86,22,144,195
85,22,147,197
82,25,149,199
80,27,154,202
75,28,160,208
69,31,166,208
65,33,171,206
81,122,112,113
NaN,NaN,NaN,-2
NaN,NaN,NaN,0
NaN,NaN,NaN,0
NaN,NaN,NaN,0
NaN,NaN,NaN,0
NaN,NaN,NaN,-1
115,41,163,194
119,43,164,192
116,46,109,188
127,49,122,184
145,58,61,175
94,44,178,188
148,45,76,188
86,53,138,181
142,48,109,181
145,41,70,172
145,45,68,187
145,48,67,187
144,52,93,183
143,52,67,181
147,56,91,179
149,57,91,178
152,58,88,177
154,60,87,175
157,62,86,173
155,63,88,172
156,64,88,171
154,64,90,171
152,65,91,170
168,66,96,163
165,64,95,164
163,63,94,165
139,62,93,172
132,60,97,175
133,62,93,173
128,58,95,177
127,58,98,177
125,60,100,175
125,55,101,180
122,53,108,182
128,51,106,184
132,53,105,182
132,48,107,187
151,48,89,185
151,48,91,189
150,48,92,191
145,47,95,192
178,61,61,110
121,41,119,194
119,40,125,197
118,41,128,194
119,39,129,198
114,35,132,199
115,33,154,202
114,44,160,178
114,29,138,205
109,27,138,207
109,27,140,207
107,34,141,201
101,34,143,204
100,35,145,204
159,87,75,86
112,26,136,205
107,22,144,209
112,19,146,214
189,82,71,144
119,11,146,223
126,10,149,228
209,86,67,149
NaN,NaN,NaN,-2
NaN,NaN,NaN,0
NaN,NaN,NaN,0
NaN,NaN,NaN,0
NaN,NaN,NaN,0
NaN,NaN,NaN,-1
86,21,96,214
208,43,99,190
NaN,NaN,NaN,-2
NaN,NaN,NaN,0
NaN,NaN,NaN,0
NaN,NaN,NaN,0
NaN,NaN,NaN,0
NaN,NaN,NaN,-1
174,46,98,181
169,62,80,131
166,59,87,130
168,59,92,131
174,64,97,154
176,65,101,155
191,68,62,110
192,70,65,112
194,74,67,114
198,72,70,120
200,74,73,123
201,72,78,126
NaN,NaN,NaN,-2
NaN,NaN,NaN,0
NaN,NaN,NaN,0
NaN,NaN,NaN,0
NaN,NaN,NaN,0
NaN,NaN,NaN,-1
130,5,147,153
213,71,101,121
125,8,109,148
123,6,159,223
120,5,115,187
125,11,106,116
123,15,108,116
187,55,108,154
184,56,120,179
187,57,119,178
184,58,128,158
198,60,114,152
166,9,145,206
NaN,NaN,NaN,-2
NaN,NaN,NaN,0
NaN,NaN,NaN,0
NaN,NaN,NaN,0
NaN,NaN,NaN,0
NaN,NaN,NaN,-1
NaN,NaN,NaN,-2
NaN,NaN,NaN,0
NaN,NaN,NaN,0
NaN,NaN,NaN,0
NaN,NaN,NaN,0
NaN,NaN,NaN,-1
6,6,213,228
9,89,133,146
12,92,132,147
NaN,NaN,NaN,-2
NaN,NaN,NaN,0
NaN,NaN,NaN,0
NaN,NaN,NaN,0
NaN,NaN,NaN,0
NaN,NaN,NaN,-1
11,6,304,229
150,57,72,75
142,56,75,86
138,56,76,87
69,30,188,203
NaN,NaN,NaN,-2
NaN,NaN,NaN,0
NaN,NaN,NaN,0
NaN,NaN,NaN,0
NaN,NaN,NaN,0
NaN,NaN,NaN,-1
106,21,73,51
121,16,58,29
125,16,58,29
131,42,60,103
85,22,121,134
61,29,145,206
58,31,147,204
62,28,152,205
56,96,113,135
64,22,227,207
NaN,NaN,NaN,-2
NaN,NaN,NaN,0
NaN,NaN,NaN,0
NaN,NaN,NaN,0
NaN,NaN,NaN,0
NaN,NaN,NaN,-1
76,96,99,127
70,97,102,128
134,23,106,99
114,49,162,115
31,69,255,163
60,21,224,214
59,20,221,215
60,21,217,214
126,29,44,115
76,22,185,213
78,20,186,219
84,20,180,219
88,21,179,218
89,22,177,217
89,23,175,216
91,24,177,215
89,25,177,214
84,29,176,210
83,39,132,166
86,42,130,151
74,47,141,183
66,131,80,101
NaN,NaN,NaN,-2
NaN,NaN,NaN,0
NaN,NaN,NaN,0
NaN,NaN,NaN,0
NaN,NaN,NaN,0
NaN,NaN,NaN,-1
5,5,310,230
64,19,186,216
66,19,186,216
67,19,187,217
68,19,189,217
72,17,188,218
83,98,86,115
79,30,155,196
81,29,176,201
137,26,89,90
71,27,151,208
126,32,42,121
122,28,88,126
117,29,89,126
114,29,91,127
109,30,90,127
105,30,89,128
104,30,88,128
101,28,88,128
100,23,89,129
102,21,90,129
105,23,90,128
63,34,110,165
66,37,112,164
74,44,127,191
75,49,131,161
129,51,83,118
80,50,165,185
83,48,169,185
89,46,169,186
88,48,103,187
85,51,178,184
86,54,179,181
86,57,179,178
88,60,145,175
87,59,142,176
141,56,84,125
141,58,82,121
138,53,83,125
134,53,84,125
132,51,84,126
136,50,82,112
113,50,105,140
97,51,119,168
92,54,123,176
125,55,87,110
123,54,90,112
77,43,135,191
76,50,167,185
75,48,170,186
77,46,172,186
76,44,174,186
75,42,176,190
131,42,90,168
81,41,165,194
81,49,168,186
78,52,172,183
77,55,175,180
73,54,182,181
71,58,192,177
71,44,197,191
71,43,201,192
75,42,200,193
79,41,204,194
88,40,197,194
141,56,144,175
136,67,130,113
122,36,165,196
138,38,133,175
148,67,126,150
163,44,123,132
164,47,121,148
129,42,173,193
128,39,154,196
148,40,119,135
159,37,103,99
153,35,82,95
74,39,104,196
119,50,63,170
115,59,67,176
78,63,224,172
73,37,212,198
62,32,214,203
142,44,31,102
134,14,149,215
68,30,211,199
NaN,NaN,NaN,-2
NaN,NaN,NaN,0
NaN,NaN,NaN,0
NaN,NaN,NaN,0
NaN,NaN,NaN,0
NaN,NaN,NaN,-1
88,5,169,136
215,74,100,161
213,74,102,163
208,73,103,163
206,71,104,163
207,69,105,162
NaN,NaN,NaN,-2
NaN,NaN,NaN,0
NaN,NaN,NaN,0
NaN,NaN,NaN,0
NaN,NaN,NaN,0
NaN,NaN,NaN,-1
132,5,180,228
130,39,88,121
127,38,89,121
124,36,89,121
123,35,89,121
120,35,89,121
118,36,91,121
118,38,91,121
120,39,91,120
123,40,90,120
127,39,90,120
131,39,91,120
135,38,94,122
89,51,95,182
91,39,186,196
95,38,137,194
97,52,110,183
152,41,83,111
103,57,76,178
103,48,100,187
102,51,188,184
102,125,79,110
NaN,NaN,NaN,-2
NaN,NaN,NaN,0
NaN,NaN,NaN,0
NaN,NaN,NaN,0
NaN,NaN,NaN,0
NaN,NaN,NaN,-1
60,48,212,167
82,50,185,185
124,50,113,130
79,48,187,187
75,47,190,190
72,46,192,189
175,53,85,176
155,48,99,177
NaN,NaN,NaN,-2
NaN,NaN,NaN,0
NaN,NaN,NaN,0
