NaN,NaN,NaN,-1
149,56,88,89
147,58,94,90
142,62,95,89
139,65,96,87
135,64,102,88
134,58,107,90
132,54,107,88
131,53,109,87
130,52,109,87
127,50,108,89
120,45,111,95
112,51,98,92
108,55,97,90
97,49,104,96
100,1,168,151
100,1,180,161
102,1,189,167
104,2,186,168
100,1,181,176
103,7,176,174
105,5,179,179
106,5,179,181
106,4,181,183
104,7,181,184
102,9,191,182
98,9,193,183
94,1,191,199
90,1,209,204
87,1,218,207
85,1,225,211
80,1,232,215
79,1,234,221
79,4,240,223
77,3,242,227
76,6,243,227
74,7,243,226
73,6,246,226
72,2,247,230
68,1,249,234
69,1,250,238
67,1,251,238
63,4,246,235
64,7,233,232
67,6,231,233
65,18,227,221
62,7,244,232
64,2,247,237
65,1,246,238
64,1,255,238
62,1,257,238
65,1,254,238
67,1,252,238
69,4,250,235
69,7,247,232
70,14,249,225
70,14,248,225
47,20,247,219
34,20,262,219
47,21,254,215
42,10,277,220
39,7,280,220
36,1,283,226
30,1,289,224
23,1,296,233
16,4,301,235
6,11,310,228
1,11,313,228
1,9,318,230
1,14,318,225
1,13,318,225
2,10,317,225
4,3,315,230
1,4,317,234
6,6,309,233
12,10,298,229
16,10,295,228
23,1,296,238
26,5,290,234
33,1,286,238
31,3,288,236
29,3,278,229
26,1,286,228
27,1,282,232
30,1,282,234
28,4,279,235
26,7,283,232
22,7,286,232
16,6,291,233
5,1,311,238
1,3,318,236
1,7,318,232
1,13,318,226
1,1,318,238
1,1,318,238
2,1,317,236
1,1,318,238
1,3,318,236
2,5,317,234
7,3,312,236
10,1,309,237
11,1,305,236
14,1,301,236
17,1,296,238
18,1,284,238
18,4,284,234
23,3,277,236
17,13,278,226
13,17,271,222
14,15,268,224
11,18,271,221
13,17,266,222
13,12,264,227
14,2,267,232
14,1,286,238
15,1,287,238
15,1,288,238
14,1,289,238
14,1,289,238
16,2,290,237
18,3,291,236
16,2,295,237
17,1,302,238
20,1,299,238
22,1,297,238
20,1,299,238
20,1,299,238
22,1,297,237
24,1,295,238
22,2,297,237
22,4,297,235
23,4,296,235
23,6,296,233
22,8,297,231
19,7,300,232
16,5,300,233
14,5,299,234
15,3,299,234
15,4,299,233
12,2,303,235
7,1,312,238
3,1,313,238
12,1,307,238
5,1,311,238
4,3,311,236
3,3,309,236
2,1,312,238
5,1,310,238
186,5,120,171
183,1,136,231
184,1,135,234
184,1,135,236
186,3,133,236
187,4,132,235
188,6,129,233
190,1,128,238
191,2,128,237
192,1,127,238
193,6,126,233
193,1,126,238
191,5,128,234
190,1,129,238
190,1,129,238
188,1,131,238
185,3,134,236
183,1,136,238
181,3,136,236
180,4,139,235
178,3,141,236
178,3,141,236
177,1,142,238
174,1,144,237
175,1,142,236
175,1,142,237
174,1,144,238
172,1,142,237
171,1,141,236
170,1,141,235
171,1,142,236
173,5,143,234
174,1,145,238
173,1,146,238
170,1,149,238
165,2,153,237
161,3,155,236
157,4,159,235
153,1,159,235
151,1,159,234
147,1,161,233
144,1,161,232
140,1,162,233
140,1,162,231
141,2,160,230
140,2,162,231
142,1,161,230
146,1,159,231
149,1,158,233
150,1,155,235
149,1,149,236
154,5,150,234
160,8,153,231
161,12,156,227
166,13,150,226
170,14,149,225
172,13,147,226
174,11,145,228
175,11,144,228
176,13,143,226
178,14,141,225
177,15,142,224
178,16,141,223
177,16,137,223
175,17,133,222
172,16,139,223
167,14,139,225
162,16,147,223
158,14,145,225
151,12,157,227
143,7,165,232
141,2,171,237
137,1,175,238
133,1,176,238
133,4,178,235
135,5,180,234
135,10,180,229
138,12,180,227
140,17,179,222
144,16,175,223
148,14,171,225
152,14,167,224
155,15,164,224
158,15,161,224
161,12,158,225
164,13,155,221
163,16,156,221
161,16,156,221
160,18,156,219
156,21,157,215
156,22,155,214
155,22,154,213
155,20,155,213
155,17,156,214
156,14,156,215
158,12,157,215
160,11,159,219
159,9,159,222
161,11,158,224
158,14,161,225
157,14,162,225
156,14,163,225
154,11,165,228
148,7,170,232
144,1,175,238
94,62,119,169
92,56,119,172
92,55,118,170
89,47,119,174
92,45,117,175
91,46,117,175
91,48,118,176
87,52,122,177
88,59,122,177
90,61,122,178
91,60,124,179
140,68,117,137
141,61,119,140
142,56,120,141
143,52,122,142
143,50,123,143
142,47,123,143
139,47,126,142
138,50,126,145
137,52,127,147
135,54,128,146
134,55,129,147
129,55,129,146
122,54,129,146
117,51,130,147
16,47,123,111
28,45,111,107
23,41,106,108
NaN,NaN,NaN,-2
NaN,NaN,NaN,0
NaN,NaN,NaN,0
NaN,NaN,NaN,0
NaN,NaN,NaN,0
NaN,NaN,NaN,-1
112,35,98,112
113,35,100,113
117,35,102,115
121,32,105,118
126,27,105,119
133,25,109,120
134,25,109,120
131,22,111,121
128,21,112,123
123,21,115,125
116,21,117,127
107,20,122,132
97,19,128,137
90,15,130,142
82,13,134,143
74,6,137,148
66,2,139,148
62,1,137,149
60,1,139,149
58,2,140,149
57,9,141,148
56,15,141,149
54,20,141,148
50,24,141,148
44,25,141,149
133,85,77,121
NaN,NaN,NaN,-2
NaN,NaN,NaN,0
NaN,NaN,NaN,0
NaN,NaN,NaN,0
NaN,NaN,NaN,0
NaN,NaN,NaN,-1
59,31,98,107
61,35,98,107
62,38,98,107
67,39,98,107
71,42,98,107
76,42,98,106
81,39,98,108
86,34,98,108
89,24,101,111
96,16,105,114
173,5,126,146
181,6,124,148
185,10,122,149
186,13,121,149
192,77,100,73
194,77,96,76
NaN,NaN,NaN,-2
NaN,NaN,NaN,0
NaN,NaN,NaN,0
NaN,NaN,NaN,0
NaN,NaN,NaN,0
NaN,NaN,NaN,-1
107,69,53,98
104,72,55,99
103,72,56,100
101,73,58,101
98,73,61,103
96,73,64,103
95,73,66,103
102,123,41,49
99,116,46,52
98,82,45,55
110,77,39,57
101,97,54,70
103,101,54,70
7,76,150,91
15,79,133,83
NaN,NaN,NaN,-2
NaN,NaN,NaN,0
NaN,NaN,NaN,0
NaN,NaN,NaN,0
NaN,NaN,NaN,0
NaN,NaN,NaN,-1
77,10,221,225
215,38,99,192
85,23,157,212
83,26,155,209
75,90,86,137
70,89,85,136
64,89,87,137
56,84,87,136
49,129,77,98
73,121,57,42
83,114,54,38
83,116,54,39
82,119,55,38
NaN,NaN,NaN,-2
NaN,NaN,NaN,0
NaN,NaN,NaN,0
NaN,NaN,NaN,0
NaN,NaN,NaN,0
NaN,NaN,NaN,-1
158,20,93,102
NaN,NaN,NaN,-2
NaN,NaN,NaN,0
NaN,NaN,NaN,0
NaN,NaN,NaN,0
NaN,NaN,NaN,0
NaN,NaN,NaN,-1
211,5,104,230
214,2,101,231
214,3,97,227
NaN,NaN,NaN,-2
NaN,NaN,NaN,0
NaN,NaN,NaN,0
NaN,NaN,NaN,0
NaN,NaN,NaN,0
NaN,NaN,NaN,-1
159,29,84,90
156,36,84,90
151,39,86,92
145,39,90,97
138,36,91,103
172,26,61,104
102,5,147,131
102,5,213,220
99,5,141,115
171,6,64,113
166,8,67,109
165,9,71,110
165,14,72,106
61,6,169,87
72,65,159,136
96,116,81,90
NaN,NaN,NaN,-2
NaN,NaN,NaN,0
NaN,NaN,NaN,0
NaN,NaN,NaN,0
NaN,NaN,NaN,0
NaN,NaN,NaN,-1
104,42,171,193
102,46,198,189
98,47,154,188
93,47,154,186
105,46,137,184
103,43,136,185
87,42,146,189
81,39,150,192
74,36,161,196
89,31,138,192
86,22,144,195
85,22,147,197
82,25,149,199
80,27,154,202
75,28,160,208
69,31,166,208
65,33,171,206
81,122,112,113
NaN,NaN,NaN,-2
NaN,NaN,NaN,0
NaN,NaN,NaN,0
NaN,NaN,NaN,0
NaN,NaN,NaN,0
NaN,NaN,NaN,-1
115,41,163,194
119,43,164,192
116,46,109,188
127,49,122,184
145,58,61,175
94,44,178,188
148,45,76,188
86,53,138,181
142,48,109,181
145,41,70,172
145,45,68,187
145,48,67,187
144,52,93,183
143,52,67,181
147,56,91,179
149,57,91,178
152,58,88,177
154,60,87,175
157,62,86,173
155,63,88,172
156,64,88,171
154,64,90,171
152,65,91,170
168,66,96,163
165,64,95,164
163,63,94,165
139,62,93,172
132,60,97,175
133,62,93,173
128,58,95,177
127,58,98,177
125,60,100,175
125,55,101,180
122,53,108,182
128,51,106,184
132,53,105,182
132,48,107,187
151,48,89,185
151,48,91,189
150,48,92,191
145,47,95,192
178,61,61,110
121,41,119,194
119,40,125,197
118,41,128,194
119,39,129,198
114,35,132,199
115,33,154,202
114,44,160,178
114,29,138,205
109,27,138,207
109,27,140,207
107,34,141,201
101,34,143,204
100,35,145,204
159,87,75,86
112,26,136,205
107,22,144,209
112,19,146,214
189,82,71,144
119,11,146,223
126,10,149,228
209,86,67,149
NaN,NaN,NaN,-2
NaN,NaN,NaN,0
NaN,NaN,NaN,0
NaN,NaN,NaN,0
NaN,NaN,NaN,0
NaN,NaN,NaN,-1
86,21,96,214
208,43,99,190
NaN,NaN,NaN,-2
NaN,NaN,NaN,0
NaN,NaN,NaN,0
NaN,NaN,NaN,0
NaN,NaN,NaN,0
NaN,NaN,NaN,-1
174,46,98,181
169,62,80,131
166,59,87,130
168,59,92,131
174,64,97,154
176,65,101,155
191,68,62,110
192,70,65,112
194,74,67,114
198,72,70,120
200,74,73,123
201,72,78,126
NaN,NaN,NaN,-2
NaN,NaN,NaN,0
NaN,NaN,NaN,0
NaN,NaN,NaN,0
NaN,NaN,NaN,0
NaN,NaN,NaN,-1
130,5,147,153
213,71,101,121
125,8,109,148
123,6,159,223
120,5,115,187
125,11,106,116
123,15,108,116
187,55,108,154
184,56,120,179
187,57,119,178
184,58,128,158
198,60,114,152
166,9,145,206
NaN,NaN,NaN,-2
NaN,NaN,NaN,0
NaN,NaN,NaN,0
NaN,NaN,NaN,0
NaN,NaN,NaN,0
NaN,NaN,NaN,-1
NaN,NaN,NaN,-2
NaN,NaN,NaN,0
NaN,NaN,NaN,0
NaN,NaN,NaN,0
NaN,NaN,NaN,0
NaN,NaN,NaN,-1
6,6,213,228
9,89,133,146
12,92,132,147
NaN,NaN,NaN,-2
NaN,NaN,NaN,0
NaN,NaN,NaN,0
NaN,NaN,NaN,0
NaN,NaN,NaN,0
NaN,NaN,NaN,-1
11,6,304,229
150,57,72,75
142,56,75,86
138,56,76,87
69,30,188,203
NaN,NaN,NaN,-2
NaN,NaN,NaN,0
NaN,NaN,NaN,0
NaN,NaN,NaN,0
NaN,NaN,NaN,0
NaN,NaN,NaN,-1
106,21,73,51
121,16,58,29
125,16,58,29
131,42,60,103
85,22,121,134
61,29,145,206
58,31,147,204
62,28,152,205
56,96,113,135
64,22,227,207
65,19,224,206
67,16,227,200
68,14,228,202
67,14,231,204
66,15,232,204
64,15,235,206
61,17,238,207
55,19,238,209
134,23,106,99
114,49,162,115
31,69,255,163
60,21,224,214
59,20,221,215
60,21,217,214
64,19,216,220
76,22,185,213
78,20,186,219
84,20,180,219
88,21,179,218
89,22,177,217
89,23,175,216
91,24,177,215
89,25,177,214
84,29,176,210
83,39,132,166
86,42,130,151
74,47,141,183
66,131,80,101
NaN,NaN,NaN,-2
NaN,NaN,NaN,0
NaN,NaN,NaN,0
NaN,NaN,NaN,0
NaN,NaN,NaN,0
NaN,NaN,NaN,-1
5,5,310,230
64,19,186,216
66,19,186,216
67,19,187,217
68,19,189,217
72,17,188,218
83,98,86,115
79,30,155,196
81,29,176,201
137,26,89,90
71,27,151,208
126,32,42,121
122,28,88,126
117,29,89,126
114,29,91,127
109,30,90,127
105,30,89,128
104,30,88,128
101,28,88,128
100,23,89,129
102,21,90,129
105,23,90,128
63,34,110,165
66,37,112,164
74,44,127,191
75,49,131,161
129,51,83,118
80,50,165,185
83,48,169,185
89,46,169,186
88,48,103,187
85,51,178,184
86,54,179,181
86,57,179,178
88,60,145,175
87,59,142,176
141,56,84,125
141,58,82,121
138,53,83,125
134,53,84,125
132,51,84,126
136,50,82,112
113,50,105,140
97,51,119,168
92,54,123,176
125,55,87,110
123,54,90,112
77,43,135,191
76,50,167,185
75,48,170,186
77,46,172,186
76,44,174,186
75,42,176,190
131,42,90,168
81,41,165,194
81,49,168,186
78,52,172,183
77,55,175,180
73,54,182,181
71,58,192,177
71,44,197,191
71,43,201,192
75,42,200,193
79,41,204,194
88,40,197,194
141,56,144,175
136,67,130,113
122,36,165,196
138,38,133,175
148,67,126,150
163,44,123,132
164,47,121,148
129,42,173,193
128,39,154,196
148,40,119,135
159,37,103,99
153,35,82,95
74,39,104,196
119,50,63,170
115,59,67,176
78,63,224,172
73,37,212,198
62,32,214,203
56,27,221,202
134,14,149,215
68,30,211,199
NaN,NaN,NaN,-2
NaN,NaN,NaN,0
NaN,NaN,NaN,0
NaN,NaN,NaN,0
NaN,NaN,NaN,0
NaN,NaN,NaN,-1
88,5,169,136
215,74,100,161
213,74,102,163
208,73,103,163
206,71,104,163
207,69,105,162
204,69,106,163
201,69,106,163
122,89,67,117
120,92,68,118
117,45,114,145
113,43,113,140
132,41,89,120
130,39,88,121
127,38,89,121
124,36,89,121
123,35,89,121
120,35,89,121
118,36,91,121
118,38,91,121
120,39,91,120
123,40,90,120
127,39,90,120
131,39,91,120
135,38,94,122
89,51,95,182
91,39,186,196
95,38,137,194
97,52,110,183
152,41,83,111
103,57,76,178
103,48,100,187
102,51,188,184
102,125,79,110
NaN,NaN,NaN,-2
NaN,NaN,NaN,0
NaN,NaN,NaN,0
NaN,NaN,NaN,0
NaN,NaN,NaN,0
NaN,NaN,NaN,-1
60,48,212,167
82,50,185,185
124,50,113,130
79,48,187,187
75,47,190,190
72,46,192,189
175,53,85,176
155,48,99,177
NaN,NaN,NaN,-2
NaN,NaN,NaN,0
NaN,NaN,NaN,0
