NaN,NaN,NaN,-1
81,91,38,52
86,90,39,53
91,91,39,53
96,92,39,52
103,94,40,52
110,95,40,52
116,95,39,51
122,95,39,51
121,88,50,61
120,83,58,71
116,76,68,83
114,70,77,94
113,67,79,98
112,65,80,101
111,64,81,102
110,64,82,103
109,63,82,103
108,63,82,104
NaN,NaN,NaN,-2
NaN,NaN,NaN,0
NaN,NaN,NaN,0
NaN,NaN,NaN,0
NaN,NaN,NaN,0
NaN,NaN,NaN,-1
202,94,31,49
198,94,31,49
194,93,31,49
188,93,31,49
181,92,31,49
173,92,32,49
172,92,32,50
170,94,32,48
169,94,32,48
NaN,NaN,NaN,-2
NaN,NaN,NaN,0
NaN,NaN,NaN,0
NaN,NaN,NaN,0
NaN,NaN,NaN,0
NaN,NaN,NaN,-1
104,99,36,50
106,100,38,51
108,102,39,52
113,102,40,52
120,101,40,51
118,95,49,64
127,96,49,64
135,96,48,64
146,96,47,63
157,97,45,62
167,97,45,61
176,96,47,63
184,97,48,63
189,97,49,64
192,98,51,65
191,99,51,65
187,100,51,65
188,106,42,53
183,103,50,62
182,103,48,58
181,103,49,59
NaN,NaN,NaN,-2
NaN,NaN,NaN,0
NaN,NaN,NaN,0
NaN,NaN,NaN,0
NaN,NaN,NaN,0
NaN,NaN,NaN,-1
92,109,34,50
88,110,34,50
85,110,35,50
82,110,36,51
80,110,37,52
79,110,37,52
80,110,37,52
81,111,37,52
83,112,37,52
86,111,37,52
92,110,37,52
92,109,38,54
92,108,40,55
92,108,39,55
NaN,NaN,NaN,-2
NaN,NaN,NaN,0
NaN,NaN,NaN,0
NaN,NaN,NaN,0
NaN,NaN,NaN,0
NaN,NaN,NaN,-1
205,108,36,54
205,110,36,54
205,110,35,53
203,110,34,52
200,110,34,52
197,110,34,52
191,110,36,53
184,113,39,55
176,117,40,55
167,119,41,55
154,116,42,56
140,108,42,56
152,117,27,36
151,116,29,37
NaN,NaN,NaN,-2
NaN,NaN,NaN,0
NaN,NaN,NaN,0
NaN,NaN,NaN,0
NaN,NaN,NaN,0
NaN,NaN,NaN,-1
42,114,36,54
35,115,37,54
26,117,36,55
18,116,37,55
13,111,44,62
12,110,45,64
6,108,46,64
-2,107,47,65
-1,118,40,57
-1,118,39,57
-2,118,40,58
-2,117,44,61
-2,117,44,61
4,117,43,61
6,118,42,60
8,119,40,58
NaN,NaN,NaN,-2
NaN,NaN,NaN,0
NaN,NaN,NaN,0
NaN,NaN,NaN,0
NaN,NaN,NaN,0
NaN,NaN,NaN,-1
81,125,39,54
80,124,42,59
79,123,46,62
79,123,47,64
78,123,48,65
78,122,47,65
80,122,45,62
75,125,45,62
69,127,45,62
63,128,45,63
58,129,45,65
53,128,49,67
50,126,51,68
47,125,54,70
47,123,56,72
47,123,56,74
48,122,57,75
52,122,55,74
57,124,54,73
65,127,51,69
65,125,55,74
64,125,57,75
63,124,58,76
62,123,60,78
NaN,NaN,NaN,-2
NaN,NaN,NaN,0
NaN,NaN,NaN,0
NaN,NaN,NaN,0
NaN,NaN,NaN,0
NaN,NaN,NaN,-1
120,100,42,52
115,100,43,53
110,98,43,53
109,95,43,53
110,95,42,52
113,96,41,51
118,97,41,51
124,97,42,51
131,97,42,52
139,96,43,52
146,95,44,53
153,94,44,53
157,94,44,53
