NaN,NaN,NaN,-1
167,80,49,50
167,79,50,51
166,79,50,51
165,78,50,51
165,78,51,52
165,78,51,52
164,78,51,52
164,77,52,53
162,76,52,53
160,75,53,54
158,74,54,55
154,73,54,55
151,72,55,56
148,70,56,57
145,68,57,58
141,66,59,60
137,65,59,60
134,63,61,62
132,62,63,64
131,61,64,65
130,61,65,66
130,60,66,67
129,60,66,67
129,60,66,67
129,60,66,67
129,60,67,68
129,60,67,68
129,60,67,68
129,60,67,68
129,60,67,68
129,60,67,68
NaN,NaN,NaN,-2
NaN,NaN,NaN,0
NaN,NaN,NaN,0
NaN,NaN,NaN,0
NaN,NaN,NaN,0
NaN,NaN,NaN,-1
84,77,40,47
84,78,40,47
85,80,40,47
85,82,40,48
85,85,41,48
85,88,42,49
84,91,44,51
86,93,45,52
88,95,47,53
91,98,48,55
96,102,42,50
99,104,40,48
99,105,41,47
100,106,42,47
103,107,39,43
109,111,29,31
108,110,33,35
109,110,32,35
109,110,32,35
109,110,32,34
109,110,32,35
NaN,NaN,NaN,-2
NaN,NaN,NaN,0
NaN,NaN,NaN,0
NaN,NaN,NaN,0
NaN,NaN,NaN,0
NaN,NaN,NaN,-1
170,105,51,51
174,105,51,51
176,105,55,55
177,104,60,60
179,104,63,63
183,106,62,62
187,108,61,61
190,111,60,60
193,114,59,59
196,116,58,58
199,118,56,56
202,121,55,55
204,124,53,53
205,127,51,51
206,130,49,49
207,132,48,48
206,132,49,49
203,132,52,52
199,131,55,55
197,132,58,58
196,132,59,59
194,131,61,61
191,131,63,63
188,130,64,64
186,130,65,65
184,129,66,66
182,128,67,67
181,127,67,67
180,126,67,67
181,126,65,65
182,125,63,63
183,124,61,61
183,120,61,61
183,116,61,61
182,113,61,61
182,109,61,61
182,106,61,61
183,104,60,60
183,103,60,60
184,103,59,59
184,103,58,58
185,102,57,57
186,101,56,56
186,101,55,55
186,102,54,54
185,103,53,53
184,103,54,54
183,104,54,54
183,104,54,54
183,104,54,54
183,104,53,53
183,104,54,54
183,104,54,54
183,104,54,54
182,104,54,54
182,104,55,55
182,104,54,54
183,104,54,54
183,104,54,54
183,104,54,54
184,104,55,55
184,103,55,55
185,102,55,55
185,101,55,55
185,98,55,55
185,96,55,55
185,93,55,55
185,90,56,56
185,87,56,56
185,87,56,56
185,86,55,55
185,85,55,55
185,85,55,55
185,85,55,55
185,85,56,56
185,84,56,56
185,84,56,56
185,84,57,57
185,84,57,57
185,84,57,57
185,84,57,57
NaN,NaN,NaN,-2
NaN,NaN,NaN,0
NaN,NaN,NaN,0
NaN,NaN,NaN,0
NaN,NaN,NaN,0
NaN,NaN,NaN,-1
188,35,28,52
185,39,27,51
182,42,26,49
179,45,25,49
177,47,27,50
176,48,28,52
174,48,30,55
173,48,33,59
172,47,36,62
172,47,37,63
172,47,38,65
171,47,39,66
171,47,39,67
171,46,40,67
170,46,40,68
170,46,40,68
170,46,41,68
170,46,41,68
170,46,41,69
170,46,42,69
170,46,41,69
170,46,41,68
170,46,41,68
170,46,40,68
170,46,40,68
170,46,40,68
170,46,40,68
170,46,40,68
170,46,40,68
NaN,NaN,NaN,-2
NaN,NaN,NaN,0
NaN,NaN,NaN,0
NaN,NaN,NaN,0
NaN,NaN,NaN,0
NaN,NaN,NaN,-1
74,68,49,53
67,66,50,54
61,66,49,54
55,66,49,54
49,67,49,53
44,69,48,53
39,72,47,52
36,75,46,51
34,79,45,50
34,83,45,49
36,87,44,49
38,89,44,49
41,91,44,48
45,95,44,48
49,99,43,48
53,104,43,47
56,110,43,47
58,115,42,46
61,121,41,46
63,126,42,46
66,131,43,47
68,135,45,49
70,137,46,49
73,139,46,49
75,140,46,48
78,141,45,47
81,143,43,44
85,145,42,44
89,146,42,43
93,148,43,44
97,149,44,45
99,153,45,46
103,158,42,43
111,167,29,29
119,174,22,22
125,179,21,21
130,183,21,21
134,189,20,20
139,191,20,20
145,192,19,18
149,193,18,17
154,192,19,18
154,191,25,23
155,189,29,26
157,186,33,30
159,184,33,30
161,182,32,30
163,179,32,29
165,177,31,29
166,175,31,29
168,173,31,29
170,170,31,29
172,168,31,29
173,165,32,30
173,163,33,31
173,162,34,32
173,161,34,32
173,160,34,32
174,158,34,32
174,156,35,33
174,154,34,33
174,152,33,32
175,150,32,31
176,147,31,30
176,143,31,30
176,139,31,30
175,136,31,31
175,133,32,32
174,130,34,34
173,129,33,34
173,128,34,35
173,128,33,34
173,127,33,34
173,127,33,34
173,127,33,34
173,127,33,34
173,126,32,34
