NaN,NaN,NaN,-1
167,79,50,51
167,79,50,51
166,78,50,51
165,78,51,52
165,78,51,52
165,78,51,52
164,77,51,52
164,77,52,53
162,76,52,53
160,75,53,54
158,74,54,54
154,73,54,55
151,71,55,56
148,70,56,57
145,68,57,58
141,66,59,60
137,64,60,60
134,63,62,63
132,62,64,65
131,61,65,66
131,60,66,67
130,60,66,67
130,60,67,68
130,60,67,68
129,59,67,68
129,59,67,68
129,59,68,68
129,59,68,69
129,59,68,69
129,59,68,69
129,59,68,69
NaN,NaN,NaN,-2
NaN,NaN,NaN,0
NaN,NaN,NaN,0
NaN,NaN,NaN,0
NaN,NaN,NaN,0
NaN,NaN,NaN,-1
84,77,40,48
84,78,40,48
85,80,40,48
85,82,41,48
85,85,41,49
85,88,42,50
84,91,44,51
85,93,46,53
88,95,47,54
91,98,48,55
95,102,42,50
98,104,41,48
99,105,42,48
100,105,42,48
102,107,40,44
109,111,30,32
108,109,33,36
108,109,33,36
108,109,33,36
108,109,33,36
108,109,33,36
NaN,NaN,NaN,-2
NaN,NaN,NaN,0
NaN,NaN,NaN,0
NaN,NaN,NaN,0
NaN,NaN,NaN,0
NaN,NaN,NaN,-1
170,105,50,50
174,105,51,51
175,104,55,55
177,104,60,60
179,104,63,63
183,106,63,63
187,108,62,62
190,111,61,61
192,113,60,60
196,116,58,58
199,118,57,57
202,120,56,56
204,123,54,54
205,127,51,51
206,129,49,49
206,131,48,48
206,131,49,49
203,131,53,53
200,131,55,55
198,131,57,57
196,131,59,59
194,130,61,61
191,130,63,63
189,129,64,64
187,129,65,65
185,128,66,66
183,128,66,66
182,127,66,66
182,126,65,65
183,126,63,63
184,126,61,61
185,125,59,59
185,121,59,59
185,117,59,59
184,113,59,59
184,110,59,59
184,107,59,59
185,105,58,58
186,104,56,56
187,104,55,55
188,104,55,55
188,102,54,54
189,101,53,53
189,101,51,51
189,102,51,51
188,102,50,50
186,102,51,51
185,103,52,52
185,103,51,51
185,103,51,51
185,103,51,51
185,103,51,51
185,103,52,52
185,103,52,52
185,103,52,52
184,103,53,53
184,103,53,53
185,103,52,52
185,103,52,52
185,103,53,53
186,102,53,53
186,102,53,53
187,101,54,54
187,99,54,54
187,97,54,54
188,95,53,53
187,92,54,54
187,89,54,54
187,85,55,55
187,81,55,55
186,77,55,55
185,74,54,54
184,72,52,52
185,71,51,51
186,67,51,51
187,62,51,51
188,58,51,51
190,55,50,50
192,53,50,50
194,51,49,49
195,50,49,49
194,49,49,49
193,49,49,49
191,48,50,50
189,49,50,50
187,50,49,49
184,52,48,48
181,55,47,47
177,57,47,47
177,58,46,46
177,59,46,46
175,59,47,47
173,59,49,49
173,59,50,50
173,60,50,50
173,60,50,50
174,61,50,50
174,62,50,50
174,62,50,50
173,63,51,51
172,63,52,52
172,63,53,53
172,63,53,53
173,63,52,52
173,63,52,52
173,63,52,52
173,63,52,52
173,63,53,53
173,63,52,52
172,63,53,53
172,63,53,53
171,63,53,53
171,62,54,54
171,62,54,54
171,62,54,54
171,62,54,54
NaN,NaN,NaN,-2
NaN,NaN,NaN,0
NaN,NaN,NaN,0
NaN,NaN,NaN,0
NaN,NaN,NaN,0
NaN,NaN,NaN,-1
74,68,49,54
67,67,49,54
61,66,49,53
55,66,49,53
49,67,48,53
44,69,48,52
39,72,47,51
36,76,46,50
34,80,44,49
34,84,43,48
36,87,43,48
38,89,43,48
41,92,43,47
45,95,43,47
49,100,42,46
53,105,42,46
56,110,41,46
58,116,40,45
60,121,42,46
63,127,42,47
66,132,43,47
68,135,45,48
70,138,46,49
73,140,46,48
76,141,45,47
79,143,44,46
83,145,43,45
87,146,43,45
91,147,44,46
94,148,45,47
98,150,46,48
101,153,47,49
104,157,49,50
107,162,50,51
112,166,51,52
117,170,52,53
123,174,53,53
127,177,53,53
132,179,53,53
137,179,53,53
142,178,53,53
147,177,53,53
152,175,53,53
157,173,53,53
161,170,54,54
163,167,55,54
165,164,55,55
166,161,55,55
167,158,55,55
169,155,55,54
170,153,55,54
172,151,55,53
175,149,55,53
176,147,55,53
177,145,54,53
177,144,54,53
177,142,54,52
177,141,54,52
177,140,54,52
177,137,54,52
177,135,53,51
177,133,52,49
177,131,50,47
177,127,49,46
177,125,46,43
179,125,41,38
181,126,35,32
181,126,31,28
182,126,30,27
181,125,28,26
181,125,27,25
181,125,27,25
181,125,26,24
181,125,26,24
181,125,25,23
181,125,25,23
181,125,24,23
