NaN,NaN,NaN,-1
165,81,45,50
164,80,45,50
163,80,45,50
162,80,45,50
162,80,45,50
162,79,45,50
161,79,45,50
160,79,45,50
159,78,45,50
157,78,45,50
154,77,45,50
151,75,45,50
147,75,45,50
144,73,45,50
141,72,45,50
138,71,45,50
134,69,45,50
130,68,45,50
126,67,45,50
121,66,45,50
118,65,45,50
114,64,45,50
111,63,45,50
107,62,45,50
102,62,45,50
98,62,45,50
95,62,45,50
91,63,45,50
88,65,45,50
85,66,45,50
83,67,45,50
82,69,45,50
81,70,45,50
81,71,45,50
81,72,45,50
81,73,45,50
81,73,45,50
82,74,45,50
83,76,45,50
83,78,45,50
84,80,45,50
84,83,45,50
85,87,45,50
85,90,45,50
87,93,45,50
90,96,45,50
93,98,45,50
96,101,45,50
99,103,45,50
101,105,45,50
104,106,45,50
108,107,45,50
112,108,45,50
117,107,45,50
123,107,45,50
128,106,45,50
133,106,45,50
136,106,45,50
140,106,45,50
144,106,45,50
149,106,45,50
153,106,45,50
159,106,45,50
164,106,45,50
169,106,45,50
173,106,45,50
177,107,45,50
182,108,45,50
186,110,45,50
191,112,45,50
194,114,45,50
197,116,45,50
199,118,45,50
202,120,45,50
204,122,45,50
206,124,45,50
207,127,45,50
207,130,45,50
206,133,45,50
206,135,45,50
205,137,45,50
203,140,45,50
200,142,45,50
198,144,45,50
196,145,45,50
194,146,45,50
191,147,45,50
188,148,45,50
185,148,45,50
181,148,45,50
178,147,45,50
176,146,45,50
174,145,45,50
174,141,45,50
174,137,45,50
174,132,45,50
173,127,45,50
173,123,45,50
173,119,45,50
172,115,45,50
172,111,45,50
172,107,45,50
172,103,45,50
172,98,45,50
173,94,45,50
173,91,45,50
173,89,45,50
173,88,45,50
172,89,45,50
170,89,45,50
169,90,45,50
168,91,45,50
167,93,45,50
166,94,45,50
167,94,45,50
167,94,45,50
169,94,45,50
169,95,45,50
170,95,45,50
170,95,45,50
171,95,45,50
172,95,45,50
174,95,45,50
174,95,45,50
175,95,45,50
176,95,45,50
177,94,45,50
177,93,45,50
177,91,45,50
177,89,45,50
178,85,45,50
178,83,45,50
179,79,45,50
179,75,45,50
178,71,45,50
177,67,45,50
176,64,45,50
175,60,45,50
176,56,45,50
198,54,45,50
198,51,45,50
181,43,45,50
167,31,45,50
170,30,45,50
170,30,45,50
170,30,45,50
183,35,45,50
181,35,45,50
179,35,45,50
176,36,45,50
172,37,45,50
169,37,45,50
170,34,45,50
170,33,45,50
170,33,45,50
170,33,45,50
170,33,45,50
170,33,45,50
170,33,45,50
170,33,45,50
170,33,45,50
170,33,45,50
170,33,45,50
170,33,45,50
170,33,45,50
NaN,NaN,NaN,-2
NaN,NaN,NaN,0
NaN,NaN,NaN,0
NaN,NaN,NaN,0
NaN,NaN,NaN,0
NaN,NaN,NaN,-1
176,96,44,48
173,95,44,48
169,94,44,48
164,92,44,48
158,90,44,48
152,88,44,48
145,86,44,48
138,84,44,48
129,82,44,48
120,79,44,48
114,78,44,48
106,76,44,48
98,73,44,48
90,71,44,48
82,70,44,48
74,70,44,48
67,69,44,48
61,68,44,48
55,68,44,48
49,69,44,48
44,71,44,48
39,73,44,48
36,77,44,48
34,80,44,48
34,84,44,48
35,87,44,48
38,89,44,48
41,92,44,48
44,95,44,48
48,99,44,48
52,104,44,48
55,110,44,48
57,115,44,48
59,121,44,48
62,127,44,48
65,132,44,48
68,136,44,48
71,140,44,48
75,142,44,48
78,144,44,48
81,145,44,48
85,147,44,48
89,148,44,48
93,150,44,48
98,151,44,48
103,153,44,48
107,156,44,48
111,161,44,48
116,166,44,48
121,170,44,48
127,175,44,48
133,179,44,48
138,182,44,48
142,183,44,48
147,183,44,48
152,182,44,48
156,181,44,48
161,179,44,48
166,178,44,48
171,175,44,48
174,172,44,48
176,168,44,48
178,165,44,48
179,162,44,48
180,159,44,48
182,156,44,48
184,154,44,48
186,151,44,48
187,149,44,48
188,147,44,48
188,146,44,48
188,144,44,48
188,143,44,48
188,142,44,48
188,139,44,48
188,136,44,48
187,133,44,48
186,128,44,48
185,124,44,48
185,120,44,48
184,116,44,48
183,112,44,48
182,109,44,48
180,106,44,48
179,104,44,48
177,103,44,48
176,102,44,48
176,102,44,48
175,101,44,48
175,101,44,48
174,100,44,48
174,100,44,48
