NaN,NaN,NaN,-1
168,85,53,48
167,84,53,48
166,84,53,48
165,84,53,48
165,84,53,48
165,84,53,48
164,83,53,48
163,83,53,48
162,82,53,48
160,82,53,48
157,81,53,48
153,80,53,48
150,79,53,48
147,77,53,48
144,76,53,48
141,75,53,48
137,74,53,48
133,72,53,48
128,71,53,48
124,70,53,48
120,69,53,48
117,68,53,48
113,67,53,48
109,66,53,48
105,66,53,48
101,66,53,48
97,66,53,48
93,67,53,48
90,68,53,48
88,69,53,48
86,71,53,48
84,72,53,48
83,73,53,48
82,74,53,48
82,75,53,48
82,75,53,48
83,76,53,48
83,77,53,48
84,79,53,48
85,81,53,48
85,83,53,48
86,86,53,48
86,90,53,48
86,93,53,48
88,96,53,48
91,98,53,48
94,101,53,48
97,103,53,48
100,106,53,48
103,108,53,48
106,109,53,48
109,111,53,48
114,111,53,48
119,111,53,48
125,110,53,48
130,110,53,48
135,110,53,48
139,110,53,48
143,110,53,48
147,110,53,48
151,110,53,48
156,110,53,48
161,110,53,48
167,110,53,48
171,110,53,48
176,110,53,48
180,111,53,48
185,113,53,48
189,114,53,48
193,116,53,48
196,118,53,48
199,120,53,48
201,122,53,48
204,125,53,48
206,126,53,48
208,128,53,48
209,131,53,48
209,134,53,48
208,137,53,48
208,139,53,48
207,141,53,48
205,143,53,48
202,146,53,48
200,148,53,48
198,149,53,48
196,150,53,48
193,150,53,48
190,151,53,48
187,152,53,48
184,152,53,48
180,151,53,48
178,150,53,48
176,148,53,48
176,145,53,48
176,141,53,48
176,136,53,48
175,131,53,48
175,127,53,48
175,122,53,48
174,119,53,48
174,115,53,48
174,111,53,48
174,106,53,48
174,102,53,48
175,97,53,48
175,94,53,48
175,92,53,48
175,92,53,48
174,92,53,48
172,93,53,48
171,94,53,48
169,95,53,48
168,96,53,48
168,97,53,48
168,97,53,48
169,98,53,48
170,98,53,48
171,98,53,48
171,98,53,48
171,98,53,48
172,98,53,48
173,98,53,48
174,99,53,48
175,99,53,48
175,99,53,48
176,99,53,48
177,98,53,48
177,97,53,48
177,95,53,48
177,93,53,48
178,89,53,48
178,87,53,48
179,84,53,48
179,79,53,48
178,75,53,48
176,71,53,48
175,68,53,48
174,64,53,48
175,60,53,48
176,56,53,48
178,51,53,48
180,47,53,48
181,44,53,48
183,42,53,48
184,41,53,48
183,40,53,48
182,40,53,48
181,40,53,48
178,40,53,48
176,40,53,48
172,41,53,48
167,43,53,48
163,47,53,48
159,50,53,48
156,54,53,48
154,57,53,48
154,60,53,48
154,63,53,48
155,67,53,48
156,70,53,48
157,74,53,48
158,78,53,48
159,81,53,48
160,85,53,48
160,88,53,48
161,90,53,48
164,92,53,48
168,94,53,48
172,97,53,48
176,98,53,48
177,99,53,48
176,99,53,48
173,98,53,48
169,97,53,48
163,95,53,48
158,93,53,48
152,91,53,48
145,89,53,48
137,87,53,48
129,85,53,48
120,82,53,48
113,80,53,48
106,78,53,48
98,76,53,48
90,74,53,48
82,73,53,48
74,73,53,48
66,72,53,48
61,71,53,48
55,71,53,48
49,72,53,48
44,74,53,48
39,76,53,48
35,79,53,48
33,83,53,48
33,87,53,48
34,89,53,48
37,92,53,48
40,94,53,48
43,97,53,48
47,101,53,48
51,107,53,48
53,112,53,48
55,117,53,48
58,123,53,48
61,129,53,48
64,134,53,48
67,139,53,48
70,142,53,48
74,144,53,48
77,146,53,48
80,147,53,48
84,149,53,48
88,150,53,48
92,151,53,48
96,152,53,48
101,154,53,48
105,158,53,48
109,162,53,48
106,156,53,48
110,157,53,48
110,157,53,48
110,156,53,48
109,156,53,48
109,156,53,48
109,156,53,48
110,156,53,48
110,156,53,48
110,156,53,48
110,156,53,48
NaN,NaN,NaN,-2
NaN,NaN,NaN,0
NaN,NaN,NaN,0
NaN,NaN,NaN,0
NaN,NaN,NaN,0
NaN,NaN,NaN,-1
178,161,50,42
180,159,50,42
183,156,50,42
184,154,50,42
185,152,50,42
185,151,50,42
185,149,50,42
185,148,50,42
185,147,50,42
185,144,50,42
185,141,50,42
184,137,50,42
183,133,50,42
182,129,50,42
181,125,50,42
181,121,50,42
180,117,50,42
179,114,50,42
177,111,50,42
176,109,50,42
174,108,50,42
173,107,50,42
173,107,50,42
172,106,50,42
172,106,50,42
171,105,50,42
171,105,50,42
