NaN,NaN,NaN,-1
325.52,186.49,55.051,52.173
322.57,185.02,55.883,53.062
320,183.24,57.437,54.693
317.29,181.29,58.797,56.133
316.08,180.11,59.438,56.84
313.58,178.89,59.682,57.178
311.22,177.31,60.976,58.523
309.1,174.95,62.301,59.962
306.69,173.33,63.555,61.29
304.54,171.43,64.998,62.835
302.64,170.34,65.258,63.138
301.17,169.11,65.236,63.189
299.5,167.17,65.828,63.918
298.08,165.81,66.27,64.466
296.62,163.89,66.448,64.696
294.91,162,68.116,66.459
292.94,159.89,68.774,67.161
291,158.83,69.435,67.856
289.69,156.67,70.614,69.036
287.84,155.01,71.031,69.585
285.71,152.72,71.808,70.435
283.73,143.19,74.323,73.641
281.21,153.65,67.996,66.239
279.08,151.82,68.961,67.11
278.18,150.28,68.542,66.736
277.15,148.05,69.446,67.696
274.65,146.26,69.816,68.103
274.81,144.41,69.209,67.462
274.36,141.86,69.43,67.778
272.12,139.31,70.622,69.072
274.31,133.37,71.599,70.192
273.52,130.7,72.12,70.824
273,128.53,72.725,71.488
271.99,126.68,72.405,71.262
271.31,123.68,73.602,72.552
271.04,121.83,74.072,73.074
271.26,120.4,73.487,72.506
272.04,118.17,72.507,71.482
272.39,116.71,71.65,70.649
272.73,115.19,70.916,69.945
272.86,113.49,70.331,69.455
273.2,111.31,70.297,69.441
276.52,113.96,68.748,68.35
277.76,112.23,67.751,67.432
276.96,110.87,68.751,68.496
277.04,110.02,68.463,68.242
276.89,108.1,69.92,69.638
276.02,107.36,69.14,68.898
277.42,107.07,59.771,58.082
278.11,106.73,58.552,56.842
277.9,105.42,59.012,57.319
284.05,110,50.345,48.125
283.01,108.12,52.11,49.9
283.31,107.12,52.226,50.122
284.2,106.5,52.743,50.741
284.94,106.6,50.45,48.463
286.22,106.41,47.851,45.583
291.69,108.64,39.477,37.37
292.71,109.24,38.267,36.105
291.8,107.21,42.269,40.68
292.73,107.2,41.685,40.221
293.12,107.68,40.89,39.368
298.5,107.22,36.499,34.758
298.95,106.07,37.302,35.526
299.82,106.13,36.405,34.546
302.18,106.56,34.403,32.532
303.8,106.86,33.451,31.642
305.31,106.45,32.603,30.894
306.73,106.89,31.71,30.035
308.2,106.11,31.227,29.565
309.44,106.38,30.72,29.09
310.38,106.25,30.996,29.407
311.54,105.6,30.685,29.141
313.11,106.57,29.471,27.913
314.49,106.14,28.595,27.054
315.8,106.41,28.811,27.26
317.27,105.96,27.298,25.792
318.51,105.12,26.917,25.449
319.32,104.96,27.418,25.933
319.15,104.07,28.126,26.577
320.3,103.1,27.632,26.1
321.79,102.52,27.085,25.606
321.99,101.67,27.672,26.157
322.56,100.53,27.617,26.064
322.64,100.52,27.536,26.032
323.82,99.643,27.12,25.609
323.89,98.525,27.962,26.42
323.94,98.87,27.445,25.895
324.9,97.281,27.781,26.23
324.33,96.896,27.909,26.359
324.28,96.764,27.906,26.364
325.34,95.81,27.985,26.47
325.56,95.072,28.273,26.771
325.56,95.241,28.138,26.699
325.82,94.209,27.788,26.293
326.24,94.711,26.752,25.266
327.17,94.866,25.845,24.462
326.99,94.718,26.589,25.155
326.93,93.36,27.078,25.706
323.83,85.54,34.261,33.531
323.83,86.143,32.819,32.095
323.18,85.71,32.887,32.089
322.23,84.731,33.221,32.394
321.64,84.486,32.672,31.854
321.96,84.487,31.955,31.213
322.21,84.792,31.31,30.592
322.15,84.267,32.122,31.412
321.48,83.684,33.323,32.563
321.88,83.747,33.143,32.424
322.37,84.89,32.142,31.413
322.1,84.513,32.104,31.374
322.35,84.5,31.931,31.294
331.03,86.325,25.372,24.559
329.81,85.558,26.402,25.616
329.39,85.262,27.127,26.378
324.04,84.18,29.855,28.996
319.93,82.643,35.285,34.457
318.24,85.541,28.979,27.458
313.51,82.984,35.514,34.221
317.25,80.87,40.304,40.245
317.07,81.456,39.693,39.641
317.31,81.887,39.677,39.642
317.31,83.429,39.293,39.254
316.5,83.249,39.925,39.972
316.09,83.885,39.913,39.94
316.07,84.184,40.597,40.559
314.2,84.786,41.37,41.343
314.4,84.145,42.781,42.689
313.64,84.381,43.151,43.095
313.59,85.874,42.155,42.019
313.09,86.014,42.35,42.322
313.27,86.461,41.9,41.877
312.32,86.753,41.758,41.715
311.37,87.66,42.771,42.836
310.24,87.899,43.953,44.021
308.49,88.425,44.703,44.905
308.71,88.501,45.221,45.401
308.46,90.064,43.933,44.121
308.92,90.478,43.113,43.35
308.99,91.651,42.565,42.894
309.24,92.347,40.726,41.122
310.15,93.614,39.306,39.638
309.37,93.983,39.594,39.919
308.58,94.194,39.607,39.98
307.93,94.417,39.105,39.494
305.3,99.374,43.991,44.219
304.8,99.725,44.376,44.566
303.41,99.382,45.269,45.435
303.13,99.84,44.445,44.655
301.34,99.506,45.34,45.603
301.4,100.91,45.339,45.631
300.85,101.4,44.873,45.189
310.69,104.62,37.918,39.676
310.38,104.94,38.274,40.022
309.67,105.37,38.098,39.847
309.48,107.04,36.752,38.467
311.5,109.83,32.746,34.444
311.27,111.33,31.158,32.896
310.98,113.01,29.755,31.512
311.42,113.47,29.696,31.461
309.7,114.84,29.144,30.862
309.31,115.78,29.969,31.688
308.54,115.44,30.644,32.286
307.91,117.03,30.243,31.895
306.95,118.2,29.955,31.557
307.59,119.84,28.855,30.429
307.35,121.66,27.166,28.761
306.42,122.6,27.148,28.666
305.71,123.7,26.843,28.328
305.73,124.82,26.648,28.05
304.32,126.08,26.759,28.14
303.24,126.81,27.242,28.592
303.03,128.71,25.893,27.2
301.96,129.55,26.246,27.482
301.07,130.86,25.675,26.888
300.3,131.78,26.152,27.387
298.61,130.74,28.069,29.238
297.3,131.19,29.148,30.233
296.04,131.41,30.154,31.217
295.31,131.74,30.505,31.587
294.25,132.94,31.421,32.499
293.57,133.67,31.839,32.919
292.92,134.43,32.067,33.151
298.91,139.54,30.823,29.48
299.55,131.52,36.116,35.043
298.8,132.7,36.304,35.208
298,133.92,35.857,34.769
297.74,135.26,36.12,35.011
296.68,136.17,36.235,35.182
295.84,146.56,30.377,28.849
283.27,139.67,43.148,42.304
279.54,145.84,44.036,42.808
278.73,147.02,44.264,43.101
277.24,148.67,44.979,43.906
276.93,151.02,45.232,44.174
276.9,152.95,43.542,42.472
283.45,163.34,33.081,31.468
282.82,165.37,32.409,30.881
282.97,167.23,30.856,29.336
283.24,169.47,30.374,28.895
281.4,172.35,30.494,29.073
278.35,171.92,33.551,33.354
277.59,174.35,33.025,32.797
276.61,175.87,32.973,32.802
275.77,176.6,35.05,34.869
276.22,177.21,35.144,35.145
276.82,179.14,34.593,34.658
276.9,181.76,32.984,33.184
277.95,183.88,32.377,32.593
277.47,185.76,31.501,31.725
278.89,187.03,31.261,31.462
276.67,187.86,31.625,31.8
276.99,189.1,31.978,32.155
275.36,189.92,31.644,31.928
272.97,189.05,33.67,33.954
271.1,193.85,32.567,31.82
271.56,194.27,32.631,31.882
269.51,194.7,32.801,32.094
270.08,194.98,32.854,32.124
270.47,195.02,32.998,32.237
269.53,196.14,33.139,32.381
270.63,196.21,33.165,32.408
269.63,196.5,33.285,32.56
268.71,196.63,34.301,33.539
268.73,196.68,34.189,33.465
267.31,196.99,35.298,34.526
266.46,196.55,35.495,34.743
