NaN,NaN,NaN,-1
326.25,187.04,54.197,51.231
322.91,185.42,55.489,52.562
320.9,183.97,56.297,53.463
319.06,183.06,56.106,53.308
316.79,181,57.59,54.922
314.42,179.62,58.444,55.843
312.74,178.19,58.853,56.348
310.1,176.54,60.367,57.928
309.26,175.77,59.729,57.375
306.89,173.97,60.891,58.653
304.94,171.31,61.893,59.832
302.16,169.65,63.899,61.952
301.19,168.5,63.215,61.453
299.63,165.98,64.335,62.651
295.99,163.82,67.096,64.98
295.25,162.59,67.451,65.384
293.16,160.24,68.291,66.302
291.57,158.46,69.652,67.777
288.88,156.64,71.238,69.454
287.82,154.38,71.86,70.185
285.53,152.91,72.835,71.235
284.04,150.55,73.135,71.617
281.75,148.39,74.239,72.787
279.98,146.14,75.563,74.29
278.35,144.24,76.211,74.961
277.08,141.9,77.056,75.893
276.2,139.98,77.379,76.308
275.43,137.72,77.495,76.664
274.54,136.13,77.262,76.432
273.86,134.3,77.648,76.836
275.15,131.76,76.708,75.011
273.87,129.49,77.801,76.202
273.73,126.12,78.665,77.125
273.67,123.98,78.942,77.487
273.37,122.4,78.065,76.507
273.54,120.87,77.186,75.752
273.97,119.28,76.289,74.917
274.24,117.46,75.752,74.408
274.57,115.8,75.093,73.801
274.56,113.95,74.895,73.664
274.95,112.34,74.048,72.806
275.86,110.4,73.676,72.512
275.12,109.02,73.967,72.832
275.42,106.86,74.21,73.108
275.27,105.67,75.042,74.022
274.94,104.46,75.658,74.716
275.51,102.68,75.772,74.939
275.98,102.13,74.729,73.947
276.6,101.88,73.259,72.493
276.92,101.43,72.94,72.13
277.31,100.78,72.307,71.489
276.95,100.66,72.248,71.451
275.68,102.96,62.037,60.372
277.88,102.43,61.747,60.156
279.47,102.04,60.926,59.342
281.41,102.03,59.413,57.932
276.09,115.34,55.077,53.089
267.22,115.67,55.048,53.251
269.71,115.35,53.999,52.074
272.95,112.04,56.416,54.66
285.27,124.56,49.523,47.135
284.54,123,51.018,48.754
284.56,122.15,51.366,49.022
286.03,119.86,53.881,51.442
285.87,117.53,56.221,53.91
293.21,109.53,55.019,52.542
294.89,109.26,53.592,51.049
296.38,93.489,67.541,64.848
297.99,92.651,66.609,63.982
298.96,93.087,64.907,62.301
300.2,92.613,64.454,61.812
301.66,92.672,63.584,60.972
303.36,91.865,62.632,60.064
303.79,92.031,62.848,60.242
305.72,91.751,60.799,58.213
306.45,91.558,60.615,57.956
307.08,90.122,61.43,58.804
308.4,90.889,60.261,57.619
308.01,89.595,61.728,58.973
309.39,89.262,60.525,57.786
310.48,88.503,60.002,57.4
312.56,88.533,58.052,55.525
313.69,88.076,52.887,50.305
314.27,86.795,54.904,51.922
314.05,85.911,55.6,52.595
315.45,86.676,53.789,50.794
316.46,85.726,53.788,50.817
317.13,86.091,52.93,49.993
318.22,86.005,51.315,48.461
318.73,84.589,51.665,48.864
319.56,85.536,49.962,47.202
320.06,85.232,49.798,47.133
319.86,84.586,50.169,47.477
320.94,84.251,49.004,46.297
320.35,83.957,50.113,47.426
320.35,83.205,50.529,47.841
320.65,83.543,50.313,47.621
321.66,83.253,48.81,46.119
315.49,76.958,53.114,50.727
308.54,70.514,62.608,60.731
308.61,69.802,61.943,60.019
318.82,79.425,46.959,44.475
319.43,79.141,45.969,43.563
314.43,73.997,53.093,51.042
315.41,74.644,51.563,49.548
316.33,75.286,50.136,48.147
316.64,75.224,49.471,47.6
317.19,75.836,48.577,46.711
317.44,76.062,48.104,46.281
318.97,76.393,47.661,45.833
319.51,77.944,47.694,45.619
318.77,77.226,49.045,47.057
320.09,79.521,47.019,44.761
319.44,78.712,47.717,45.474
318.86,77.725,48.845,46.61
318.66,78.831,49.05,46.849
319.42,79.258,47.717,45.606
319.85,80.662,46.993,44.877
319.85,80.328,46.98,44.912
320.08,80.09,47.017,44.876
319.76,79.237,48.329,46.123
321.16,80.185,46.987,44.427
321.57,80.604,46.573,43.962
319.76,78.906,49.623,47.021
319.07,78.862,49.471,46.886
317.34,78.043,51.54,48.826
316.38,78.112,51.609,48.824
315.92,78.166,51.424,48.685
316.44,79.195,50.214,47.488
315.85,79.258,50.645,48.05
316.2,80.044,49.03,46.461
314.93,80.197,49.452,46.888
314.51,80.529,48.856,46.313
313.71,80.639,48.884,46.398
312.07,80.245,50.006,47.475
311.45,80.748,49.418,46.864
310.88,80.843,49.633,47.136
311.16,81.935,48.163,45.686
309.71,81.581,48.777,46.317
309.2,81.812,48.725,46.319
308.89,82.36,48.934,46.553
309.28,82.609,48.464,46.102
308.4,92.014,47.764,45.461
307.7,91.989,48.287,46.041
307.77,90.395,56.082,54.211
307.14,90.642,55.706,53.92
305.98,90.99,56.642,54.755
305.54,91.164,56.201,54.317
305.64,92.329,55.723,53.793
305.71,93.484,53.144,51.081
302.45,92.448,56.329,54.487
300.58,91.375,56.98,55.097
300.74,92.141,57.319,55.465
299.39,91.925,57.256,55.318
298.76,92.288,57.169,55.237
298.13,92.577,57.011,54.987
299.89,99.035,48.845,46.158
298.36,99.567,50.104,47.365
297.51,99.975,50.758,48
296.72,100.75,51.006,48.216
296.01,101.33,51.955,49.254
296.42,102.54,51.308,48.621
295.85,104.28,49.69,46.934
296.26,105.54,49.042,46.286
295.6,106.01,49.264,46.495
294.75,107.16,48.935,46.179
294.91,108.22,49.453,46.672
293.99,109.25,49.42,46.69
293.48,109.88,49.499,46.706
292.2,110.2,50.48,47.747
292.54,111.37,49.97,47.244
291.25,112.87,49.989,47.296
291.44,113.25,50.176,47.49
290.95,115.21,48.896,46.163
291.47,116.57,48.119,45.412
291,116.1,49.111,46.48
290.45,117.29,48.595,45.957
290.77,117.3,48.802,46.144
288.37,117.64,50.744,48.077
287.81,118.88,50.612,47.943
287.62,119.34,50.8,48.11
287.02,120.51,50.862,48.154
286.16,120.92,50.987,48.228
285.22,121.24,51.566,48.849
283.48,121.67,53.338,50.659
283.89,122.73,52.98,50.275
281.74,124.19,52.807,50.11
281.74,125.6,52.376,49.671
280.84,126.58,52.076,49.386
280.13,127.84,51.918,49.243
280.03,128.8,51.869,49.195
279.23,131.01,51.315,48.645
278.45,131.97,50.963,48.213
277.46,134.5,50.935,48.124
276.73,135.97,50.382,47.57
275.67,137.84,50.627,47.874
275.08,139.07,51.741,49.028
272.67,140.39,52.559,49.856
272.74,142.24,52.599,50.004
270.78,143.17,54.364,51.828
270.66,144.33,55.146,52.631
268.57,147.05,55.27,52.836
269.9,149.14,53.729,51.199
268.6,151.88,54.168,51.697
270.02,153.89,52.143,49.715
268.44,156.14,52.756,50.355
267.08,157.05,55.032,52.761
266.45,158,56.343,54.128
266.26,159.43,56.678,54.499
265.35,159.82,58.321,56.256
263.37,160.69,60.603,58.6
261.86,161.41,61.628,59.772
261.81,161.56,62.347,60.643
261.14,163.26,61.799,60.139
261.49,163.66,61.097,59.584
262.92,164.96,59.199,57.767
260.38,166.06,59.397,57.991
259.55,165.77,61.421,60.096
259.09,165.29,60.715,59.454
258.77,165.65,59.962,58.554
258.45,165.59,60.248,58.876
258.46,166.1,60.114,58.741
257.81,166.19,60.262,58.896
261.16,179.1,55.947,53.089
260.67,179.6,55.132,52.304
260,179.88,55.577,52.756
259.07,179.21,56.11,53.338
