NaN,NaN,NaN,-1
239,31,80,190
235,25,80,190
236,27,80,190
234,29,80,190
229,25,80,190
218,25,80,190
219,26,80,190
220,27,80,190
213,27,80,190
208,28,80,190
205,24,80,190
205,27,80,190
199,26,80,190
196,32,80,190
191,30,80,190
190,32,80,190
191,34,80,190
184,20,80,190
188,23,80,190
191,24,80,190
189,22,80,190
189,22,80,190
190,20,80,190
195,17,80,190
189,24,80,190
167,37,80,190
165,44,80,190
170,37,80,190
175,43,80,190
173,50,80,190
172,52,80,190
172,55,80,190
167,58,80,190
165,48,80,190
163,48,80,190
168,47,80,190
171,44,80,190
178,36,80,190
180,36,80,190
181,33,80,190
183,33,80,190
183,27,80,190
187,21,80,190
189,22,80,190
188,22,80,190
195,20,80,190
199,14,80,190
200,15,80,190
205,14,80,190
211,10,80,190
209,14,80,190
218,9,80,190
221,11,80,190
222,9,80,190
225,12,80,190
224,10,80,190
221,17,80,190
223,14,80,190
227,18,80,190
224,16,80,190
223,22,80,190
226,26,80,190
224,25,80,190
227,26,80,190
227,32,80,190
226,31,80,190
225,37,80,190
224,36,80,190
231,38,80,190
231,36,80,190
236,37,80,190
237,35,80,190
235,36,80,190
231,34,80,190
222,28,80,190
217,17,80,190
219,15,80,190
208,-1,80,190
208,-3,80,190
207,-6,80,190
206,-9,80,190
204,-19,80,190
202,-19,80,190
187,-24,80,190
160,-7,80,190
224,51,80,190
212,32,80,190
NaN,NaN,NaN,-2
NaN,NaN,NaN,0
NaN,NaN,NaN,0
NaN,NaN,NaN,0
NaN,NaN,NaN,0
NaN,NaN,NaN,-1
205,48,91,158
202,44,91,158
205,45,91,158
202,46,91,158
205,45,91,158
202,46,91,158
202,46,91,158
199,44,91,158
204,43,91,158
200,41,91,158
200,41,91,158
197,46,91,158
194,49,91,158
194,57,91,158
192,57,91,158
193,60,91,158
194,55,91,158
195,59,91,158
194,59,91,158
199,57,91,158
205,64,91,158
207,69,91,158
209,64,91,158
212,61,91,158
214,59,91,158
213,61,91,158
213,76,91,158
210,64,91,158
213,69,91,158
211,63,91,158
212,62,91,158
215,65,91,158
213,55,91,158
213,54,91,158
212,59,91,158
206,59,91,158
205,57,91,158
205,57,91,158
201,58,91,158
201,58,91,158
201,59,91,158
199,56,91,158
197,61,91,158
195,62,91,158
194,68,91,158
194,67,91,158
193,69,91,158
190,70,91,158
186,69,91,158
184,72,91,158
184,69,91,158
183,69,91,158
185,72,91,158
181,72,91,158
178,69,91,158
175,68,91,158
175,68,91,158
168,74,91,158
166,75,91,158
164,72,91,158
164,76,91,158
182,72,91,158
185,72,91,158
177,74,91,158
189,77,91,158
190,76,91,158
194,80,91,158
197,80,91,158
194,79,91,158
191,79,91,158
193,80,91,158
189,80,91,158
180,77,91,158
180,81,91,158
180,79,91,158
178,82,91,158
163,80,91,158
154,10,91,158
147,6,91,158
150,11,91,158
154,73,91,158
153,79,91,158
155,84,91,158
159,83,91,158
162,97,91,158
164,96,91,158
167,92,91,158
167,82,91,158
161,62,91,158
166,64,91,158
169,63,91,158
175,65,91,158
177,66,91,158
186,69,91,158
192,62,91,158
194,63,91,158
195,60,91,158
198,48,91,158
195,36,91,158
200,38,91,158
198,42,91,158
202,42,91,158
200,44,91,158
202,48,91,158
204,43,91,158
207,50,91,158
208,42,91,158
209,49,91,158
209,20,91,158
210,13,91,158
210,25,91,158
213,19,91,158
209,22,91,158
213,22,91,158
213,57,91,158
212,55,91,158
210,62,91,158
209,31,91,158
206,24,91,158
207,24,91,158
208,25,91,158
211,25,91,158
211,27,91,158
211,23,91,158
218,23,91,158
215,25,91,158
218,21,91,158
216,18,91,158
221,4,91,158
225,36,91,158
230,40,91,158
228,39,91,158
230,43,91,158
240,30,91,158
228,32,91,158
221,27,91,158
223,40,91,158
213,33,91,158
210,30,91,158
206,35,91,158
208,43,91,158
204,48,91,158
200,45,91,158
200,48,91,158
197,47,91,158
194,55,91,158
214,50,91,158
215,-14,91,158
195,-14,91,158
162,-22,91,158
217,49,91,158
214,53,91,158
219,55,91,158
219,51,91,158
221,45,91,158
221,30,91,158
222,43,91,158
218,34,91,158
217,8,91,158
220,2,91,158
209,1,91,158
200,-4,91,158
177,-16,91,158
173,-20,91,158
169,-24,91,158
216,10,91,158
224,33,91,158
224,34,91,158
222,30,91,158
232,39,91,158
239,28,91,158
234,28,91,158
239,26,91,158
239,24,91,158
242,26,91,158
243,21,91,158
249,21,91,158
254,16,91,158
250,12,91,158
251,8,91,158
252,6,91,158
252,13,91,158
252,14,91,158
249,16,91,158
257,13,91,158
260,0,91,158
260,-4,91,158
254,-3,91,158
254,0,91,158
262,20,91,158
268,20,91,158
269,24,91,158
268,27,91,158
266,31,91,158
268,33,91,158
268,28,91,158
271,32,91,158
268,27,91,158
269,23,91,158
265,21,91,158
258,23,91,158
257,15,91,158
255,15,91,158
254,14,91,158
251,11,91,158
255,10,91,158
249,2,91,158
249,-5,91,158
252,-3,91,158
249,-3,91,158
252,3,91,158
243,1,91,158
246,-3,91,158
244,-1,91,158
240,-10,91,158
241,-2,91,158
240,-6,91,158
242,-3,91,158
239,3,91,158
238,-2,91,158
233,-3,91,158
234,-3,91,158
233,-5,91,158
228,-3,91,158
226,-2,91,158
217,-2,91,158
223,-3,91,158
219,-7,91,158
237,74,91,158
238,71,91,158
240,65,91,158
239,62,91,158
235,66,91,158
238,65,91,158
235,60,91,158
237,66,91,158
240,57,91,158
240,59,91,158
243,57,91,158
243,56,91,158
241,57,91,158
246,56,91,158
247,52,91,158
245,54,91,158
242,45,91,158
241,43,91,158
234,40,91,158
234,41,91,158
231,34,91,158
226,30,91,158
223,33,91,158
218,35,91,158
213,33,91,158
205,22,91,158
203,23,91,158
200,20,91,158
193,31,91,158
191,32,91,158
185,39,91,158
188,33,91,158
184,32,91,158
180,31,91,158
178,30,91,158
177,27,91,158
176,31,91,158
169,30,91,158
169,30,91,158
164,23,91,158
163,24,91,158
159,27,91,158
161,26,91,158
168,33,91,158
172,34,91,158
176,39,91,158
179,42,91,158
188,42,91,158
191,43,91,158
200,54,91,158
207,57,91,158
213,57,91,158
221,57,91,158
232,64,91,158
233,66,91,158
243,70,91,158
237,72,91,158
245,75,91,158
238,81,91,158
236,83,91,158
236,87,91,158
236,97,91,158
229,98,91,158
227,100,91,158
222,102,91,158
216,106,91,158
208,97,91,158
206,99,91,158
200,96,91,158
196,88,91,158
186,76,91,158
181,42,91,158
179,22,91,158
181,26,91,158
184,38,91,158
181,30,91,158
178,44,91,158
170,48,91,158
168,6,91,158
168,9,91,158
162,10,91,158
163,8,91,158
171,7,91,158
168,9,91,158
166,5,91,158
175,25,91,158
173,10,91,158
176,14,91,158
175,84,91,158
176,84,91,158
176,84,91,158
173,87,91,158
174,88,91,158
162,87,91,158
164,90,91,158
166,80,91,158
167,83,91,158
164,86,91,158
161,77,91,158
156,80,91,158
154,77,91,158
149,79,91,158
138,75,91,158
130,76,91,158
131,77,91,158
117,78,91,158
116,77,91,158
115,83,91,158
124,77,91,158
125,84,91,158
163,65,91,158
184,53,91,158
186,46,91,158
188,42,91,158
194,32,91,158
194,27,91,158
194,24,91,158
193,24,91,158
189,16,91,158
194,11,91,158
190,10,91,158
190,9,91,158
189,6,91,158
187,8,91,158
186,8,91,158
184,11,91,158
181,16,91,158
185,20,91,158
186,15,91,158
187,20,91,158
185,22,91,158
184,23,91,158
186,22,91,158
190,25,91,158
189,27,91,158
191,27,91,158
190,29,91,158
189,28,91,158
191,15,91,158
189,18,91,158
191,37,91,158
191,53,91,158
194,61,91,158
195,61,91,158
195,63,91,158
198,64,91,158
198,66,91,158
199,69,91,158
195,65,91,158
195,56,91,158
192,59,91,158
192,58,91,158
198,62,91,158
186,61,91,158
188,64,91,158
188,49,91,158
188,50,91,158
185,44,91,158
185,46,91,158
183,18,91,158
183,0,91,158
187,-1,91,158
189,4,91,158
192,6,91,158
186,2,91,158
189,6,91,158
189,9,91,158
186,1,91,158
183,0,91,158
183,6,91,158
181,-2,91,158
180,3,91,158
182,-1,91,158
180,3,91,158
176,-2,91,158
175,-3,91,158
174,0,91,158
176,-2,91,158
