NaN,NaN,NaN,-1
67.717,79.758,68.567,239.98
70.692,76.635,65.45,246.22
73.383,73.808,68.567,246.22
75.792,73.808,77.917,246.22
78.625,73.95,77.917,243.1
81.458,73.383,77.917,255.57
87.267,70.408,74.8,258.68
90.1,80.968,74.8,244.65
92.933,82.45,74.8,243.1
95.767,82.592,74.8,239.98
98.317,85.567,81.033,236.87
101.15,85.567,81.033,236.87
103.98,85.283,81.033,243.1
106.96,85.142,77.917,246.22
109.79,85.283,77.917,243.1
109.51,85.283,84.15,243.1
103.42,82.308,93.5,246.22
100.3,82.308,99.733,246.22
103.13,79.333,99.733,249.33
105.83,76.358,102.85,252.45
105.97,76.358,99.733,252.45
108.8,76.075,99.733,258.68
108.8,79.05,99.733,255.57
111.63,69.983,99.733,268.03
111.49,66.725,102.85,277.38
117.3,63.892,99.733,277.38
123.25,57.8,93.5,286.73
122.54,57.233,109.08,299.2
125.52,62.9,105.97,299.2
125.38,68.992,109.08,289.85
128.35,71.967,105.97,286.73
128.21,77.917,109.08,280.5
134.29,81.033,100.06,274.27
143.08,74.942,93.5,283.62
143.08,72.108,93.5,283.62
142.94,78.2,96.617,274.27
145.78,78.2,96.617,274.27
148.61,72.25,96.617,280.5
145.78,78.2,96.617,274.27
145.63,75.508,99.733,271.15
139.54,72.817,109.08,268.03
145.35,81.742,105.97,258.68
136.57,72.675,112.2,271.15
118.43,70.267,137.13,261.8
123.82,79.05,143.37,255.57
126.51,87.975,146.48,246.22
129.34,93.925,146.48,239.98
135.15,97.042,143.37,233.75
132.32,99.875,143.37,233.75
132.46,103.27,140.25,221.43
129.2,100.44,149.6,221.28
132.18,105.97,146.48,224.4
126.08,106.11,155.83,221.28
122.97,100.3,162.07,224.4
129.06,100.16,152.72,227.52
135.01,100.3,146.48,224.4
129.06,100.16,152.72,227.52
128.92,105.12,155.83,243.1
125.94,99.025,158.95,252.45
125.94,101.86,158.95,252.45
125.8,104.69,162.07,252.45
125.66,101.58,165.18,258.68
125.66,110.78,165.18,243.1
137.28,104.69,158.95,252.45
137.28,101.86,158.95,252.45
146.06,101.86,152.72,252.45
134.16,107.95,165.18,243.1
134.02,104.83,168.3,249.33
134.09,104.97,166.72,246.22
136.71,105.12,171.42,243.1
136.57,93.217,174.53,255.57
136.42,96.333,177.65,249.33
136.57,99.308,174.53,246.22
130.47,99.167,183.88,249.33
139.26,90.1,177.65,261.8
142.23,90.525,174.53,252.45
138.9,90.459,185.63,253.91
138.69,93.5,190.12,249.33
141.53,102.57,190.12,236.87
141.81,72.817,183.88,268.03
129.91,73.242,196.35,258.68
171.28,76.358,158.95,252.45
168.3,70.408,162.07,258.68
165.18,70.55,168.3,255.57
150.88,70.692,171.42,252.45
147.9,70.55,174.53,255.57
147.76,70.692,177.65,252.45
147.62,70.692,180.77,252.45
144.36,73.525,190.12,252.45
147.19,72.958,190.12,264.92
147.26,75.933,188.61,261.8
147.19,87.975,190.12,246.22
150.17,76.075,187,258.68
147.05,76.075,193.23,258.68
150.17,70.692,187,252.45
135.01,70.975,208.82,246.22
119.98,73.95,251.28,243.1
127.92,73.95,239.98,243.1
130.9,71.117,236.87,243.1
130.9,71.117,236.87,243.1
133.73,71.117,236.87,243.1
130.62,68.142,243.1,246.22
130.47,65.167,246.22,249.33
130.62,71.258,243.1,239.98
124.52,68.283,252.45,243.1
124.1,68.283,261.8,243.1
189.41,67.717,196.35,255.57
186.43,67.717,199.47,255.57
183.32,61.908,205.7,258.68
189.27,73.808,199.47,246.22
189.27,70.833,199.47,249.33
189.12,70.833,202.58,249.33
188.98,64.883,205.7,255.57
195.08,71.117,196.35,243.1
198.05,70.975,193.23,246.22
198.19,72.619,190.12,241.53
194.93,73.95,199.47,243.1
183.03,73.95,211.93,243.1
168.16,74.092,227.52,239.98
159.23,74.092,236.87,239.98
159.23,74.092,236.87,239.98
159.23,74.092,236.87,239.98
150.17,62.333,249.33,249.33
185.87,59.358,211.93,252.45
182.04,59.358,233.75,252.45
182.04,59.5,233.75,249.33
185.02,59.642,230.63,246.22
184.73,59.642,236.87,246.22
184.59,59.642,239.98,246.22
184.73,59.642,236.87,246.22
184.59,56.808,239.98,246.22
187.57,56.808,236.87,246.22
181.62,56.808,243.1,246.22
181.62,50.858,243.1,252.45
184.59,50.858,239.98,252.45
187.71,50.858,233.75,252.45
202.58,39.1,218.17,261.8
199.61,35.983,221.28,268.03
202.58,42.783,218.17,243.1
202.58,31.308,218.17,246.22
203.43,16.433,199.47,261.8
205.13,16.575,224.4,258.68
210.8,20.258,224.4,239.98
210.8,20.258,224.4,239.98
210.8,21.958,224.4,202.58
211.08,18.983,218.17,205.7
213.92,16.008,218.17,208.82
217.03,24.971,211.93,199.43
220.01,31.025,208.82,190.12
220.01,31.025,208.82,190.12
220.01,31.025,208.82,190.12
216.75,31.025,218.17,190.12
216.75,28.05,218.17,193.23
216.89,28.05,215.05,193.23
210.8,28.05,224.4,193.23
211.08,31.025,218.17,190.12
211.23,31.025,215.05,190.12
211.08,28.192,218.17,190.12
210.94,28.192,221.28,190.12
217.03,28.192,211.93,190.12
215.92,19.267,213.1,199.47
190.4,16.292,236.87,202.58
193.66,22.242,227.52,196.35
193.66,37.258,227.52,177.65
193.66,43.208,227.52,171.42
193.8,43.208,224.4,171.42
193.66,37.258,227.52,177.65
196.21,34.283,233.75,180.77
193.09,37.258,239.98,177.65
196.21,34.425,233.75,177.65
196.21,13.458,233.75,202.58
195.93,19.55,239.98,193.23
195.78,22.525,243.1,190.12
195.78,28.475,243.1,183.88
196.21,37.4,233.75,174.53
196.35,40.375,230.63,171.42
196.07,43.35,236.87,168.3
199.33,43.35,227.52,168.3
184.45,43.492,243.1,165.18
184.45,46.467,243.1,162.07
187.57,43.492,236.87,165.18
190.68,46.467,230.63,162.07
187.71,46.467,233.75,162.07
191.25,37.542,218.17,171.42
191.25,37.542,218.17,171.42
194.23,34.567,215.05,174.53
191.39,40.517,215.05,168.3
194.37,43.829,211.93,164.83
197.34,43.633,208.82,162.07
197.48,46.608,205.7,158.95
203.43,46.467,199.47,162.07
203.43,55.392,199.47,152.72
203.58,40.658,196.35,165.18
203.58,37.683,196.35,168.3
200.6,37.825,199.47,165.18
200.74,37.683,196.35,168.3
200.74,37.683,196.35,168.3
197.77,37.683,199.47,168.3
194.79,40.985,202.58,157.99
194.51,40.942,208.82,158.95
197.34,40.658,208.82,165.18
197.34,40.658,208.82,165.18
197.62,43.775,202.58,158.95
182.61,25.642,221.28,183.88
187.85,28.758,230.63,177.65
187.99,28.758,227.52,177.65
190.97,31.733,224.4,174.53
191.4,25.783,214.83,180.77
173.4,22.805,236.87,183.96
176.23,43.633,236.87,162.07
173.68,34.708,230.63,171.42
168.02,31.733,230.63,174.53
168.3,34.708,224.4,171.42
159.38,37.825,233.75,165.18
156.12,37.683,243.1,168.3
153.57,37.825,236.87,165.18
197.62,40.8,202.58,162.07
197.62,23.092,202.58,177.65
197.91,25.925,196.35,177.65
200.32,28.9,205.7,174.53
200.03,22.95,211.93,180.77
200.03,32.017,211.93,168.3
194.37,29.042,211.93,171.42
193.52,37.967,230.63,162.07
193.52,32.017,230.63,168.3
193.52,32.017,230.63,168.3
184.59,26.067,239.98,174.53
184.73,26.067,236.87,174.53
179.07,29.042,236.87,171.42
178.93,29.042,239.98,171.42
172.83,29.183,249.33,168.3
181.76,23.092,239.98,177.65
175.67,26.067,249.33,174.53
175.67,26.208,249.33,171.42
178.78,26.208,243.1,171.42
187.71,20.117,233.75,180.77
196.63,20.4,224.4,174.53
202.58,23.375,218.17,171.42
181.9,23.375,236.87,171.42
187.71,26.35,233.75,168.3
190.68,26.208,230.63,171.42
179.07,23.092,236.87,177.65
185.02,26.067,230.63,174.53
185.16,26.067,227.52,174.53
188.13,29.183,224.4,168.3
191.39,32.3,215.05,162.07
188.42,32.153,218.17,168.16
191.25,34.425,218.17,177.65
191.11,31.188,221.28,181.04
191.11,25.642,221.28,183.88
190.83,4.8167,227.52,205.7
190.83,5.3833,227.52,193.23
194.02,13.175,221.2,208.82
194.08,13.175,218.17,208.82
190.83,25.075,227.52,196.35
202.87,22.1,211.93,199.47
211.93,22.1,199.47,199.47
211.93,10.2,199.47,211.93
211.93,-1.7,199.47,224.4
212.08,-1.7,196.35,224.4
212.08,3.6833,196.35,230.63
214.77,9.775,199.47,221.28
214.91,9.6333,196.35,224.4
214.77,9.6333,199.47,224.4
214.91,12.467,196.35,224.4
211.93,15.442,199.47,221.28
211.93,21.392,199.47,215.05
212.22,27.483,193.23,205.7
212.36,21.817,190.12,205.7
215.19,18.842,190.12,208.82
215.19,15.725,190.12,215.05
215.19,18.275,190.12,221.28
215.19,15.725,190.12,215.05
215.33,15.725,187,215.05
215.05,27.483,193.23,205.7
218.31,30.458,183.88,202.58
218.59,27.483,177.65,205.7
218.59,21.675,177.65,208.82
218.03,27.342,190.12,208.82
215.05,42.217,193.23,193.23
215.05,39.242,193.23,196.35
215.47,39.242,183.88,196.35
215.47,39.242,183.88,196.35
215.33,30.317,187,205.7
215.47,30.317,183.88,205.7
215.19,30.317,190.12,205.7
215.47,33.433,183.88,199.47
215.47,36.408,183.88,196.35
218.45,39.383,180.77,193.23
218.45,39.383,180.77,193.23
218.45,42.358,180.77,190.12
218.45,42.358,180.77,190.12
221.43,39.383,177.65,193.23
218.45,42.358,180.77,190.12
218.45,42.358,180.77,190.12
221.57,42.358,174.53,190.12
221.43,42.358,177.65,190.12
221.43,42.358,177.65,190.12
224.54,39.383,171.42,193.23
224.68,45.333,168.3,187
224.68,42.5,168.3,187
221.85,45.475,168.3,183.88
222.13,45.475,162.07,183.88
222.13,48.45,162.07,180.77
225.11,48.308,158.95,183.88
225.53,54.258,149.6,177.65
225.39,54.258,152.72,177.65
222.42,57.375,155.83,171.42
222.42,60.35,155.83,168.3
225.39,60.492,152.72,165.18
222.42,63.467,155.83,162.07
222.56,66.442,152.72,158.95
216.61,72.533,158.95,149.6
216.89,71.825,152.72,165.18
216.75,71.825,155.83,165.18
222.84,74.8,146.48,162.07
222.84,74.942,146.48,158.95
219.87,66.017,149.6,168.3
219.73,68.992,152.72,165.18
222.56,66.158,152.72,165.18
219.58,66.158,155.83,165.18
222.7,68.85,149.6,168.3
204.57,68.992,174.53,165.18
204.71,71.967,171.42,162.07
201.73,71.825,174.53,165.18
204.57,77.917,174.53,155.83
198.19,78.058,190.12,152.72
204,75.225,187,152.72
204,75.225,187,152.72
204,75.083,187,155.83
209.95,75.083,180.77,155.83
209.95,78.058,180.77,152.72
209.1,78.058,199.47,152.72
208.96,78.2,202.58,149.6
209.1,78.2,199.47,149.6
206.12,81.175,202.58,146.48
205.98,80.892,205.7,152.72
206.12,80.892,202.58,152.72
203.15,80.75,205.7,155.83
209.1,80.75,199.47,155.83
209.24,83.725,196.35,152.72
212.22,80.75,193.23,155.83
209.1,80.75,199.47,155.83
215.05,80.75,193.23,155.83
212.36,80.75,190.12,155.83
212.22,80.75,193.23,155.83
212.36,83.725,190.12,152.72
215.33,83.725,187,152.72
215.47,83.725,183.88,152.72
214.34,80.75,208.82,155.83
