NaN,NaN,NaN,-1
67.717,76.783,68.567,243.1
61.625,70.55,77.917,255.57
58.367,70.692,87.267,252.45
61.2,67.717,87.267,255.57
63.892,49.867,90.383,274.27
84.575,52.842,71.683,271.15
84.433,55.817,74.8,268.03
89.958,58.65,77.917,268.03
92.792,55.817,77.917,268.03
95.342,55.675,84.15,271.15
98.175,55.675,84.15,271.15
101.01,58.65,84.15,268.03
100.73,61.625,90.383,264.92
106.68,61.908,84.15,258.68
109.65,61.767,81.033,261.8
112.48,61.767,81.033,261.8
115.32,58.792,81.033,264.92
118.29,58.792,77.917,264.92
120.98,55.817,81.033,268.03
112.06,55.533,90.383,274.27
111.92,54.542,93.5,296.08
108.8,78.342,99.733,271.15
111.78,78.342,96.617,271.15
114.47,81.458,99.733,264.92
123.25,91.766,93.5,254.12
117.16,92.801,102.85,253.03
119.99,93.5,102.85,249.33
122.54,93.5,109.08,249.33
125.23,92.933,112.2,261.8
125.23,95.908,112.2,258.68
128.21,95.908,109.08,258.68
131.26,96.05,104.35,255.57
134.16,95.908,102.85,258.68
136.99,95.908,102.85,258.68
139.82,99.025,102.85,252.45
142.66,99.234,102.85,247.86
145.63,96.192,99.733,252.45
148.74,96.9,93.632,236.87
151.58,96.617,93.5,243.1
154.56,96.785,90.383,239.4
157.54,99.733,87.174,236.87
160.22,96.758,90.383,239.98
160.08,99.733,93.5,236.87
166.03,96.9,87.267,236.87
168.87,96.9,87.267,236.87
165.89,96.758,90.383,239.98
165.89,99.733,90.383,236.87
165.75,99.733,93.5,236.87
174.68,99.733,84.15,236.87
177.22,108.52,90.383,230.63
179.63,108.94,99.733,221.28
185.72,106.11,90.383,221.28
188.56,108.66,90.383,227.52
187.99,102.57,102.85,236.87
191.53,108.94,87.267,221.28
188.56,104.83,90.383,249.33
191.53,99.025,87.267,252.45
191.53,110.92,87.267,239.98
191.39,110.92,90.383,239.98
194.22,111.21,90.383,233.75
200.18,113.9,84.15,236.87
208.96,107.67,77.917,249.33
208.96,110.5,77.917,249.33
211.79,110.78,77.917,243.1
214.63,113.76,77.917,239.98
211.65,123.42,81.033,229.86
205.7,125.8,87.267,224.4
208.68,117.02,84.15,230.63
205.13,113.9,99.733,236.87
210.94,111.07,96.617,236.87
210.94,99.025,96.617,252.45
201.45,96.333,118.43,249.33
189.69,96.333,127.78,249.33
186.43,87.408,137.13,258.68
186.15,93.358,143.37,252.45
185.73,78.483,152.72,268.03
173.82,90.383,165.18,255.57
177.37,93.642,149.6,246.22
173.68,93.783,168.3,243.1
180.06,99.592,152.72,239.98
179.63,102.85,162.07,230.63
177.51,102.85,146.48,230.63
177.51,102.71,146.48,233.75
177.51,87.833,146.48,249.33
177.51,90.95,146.48,243.1
180.48,93.925,143.37,239.98
180.34,102.85,146.48,230.63
168.44,102.85,158.95,230.63
165.47,106.87,162.07,226.43
165.32,102.85,165.18,230.63
165.32,111.92,165.18,218.17
162.35,117.87,168.3,211.93
162.35,117.87,168.3,211.93
165.18,120.84,168.3,208.82
157.25,114.89,185.52,215.05
134.58,118.01,218.17,208.82
119.57,108.94,236.87,221.28
191.11,112.06,158.95,215.05
200.32,114.47,143.37,224.4
187.99,111.49,165.18,227.52
178.64,111.63,183.88,224.4
178.64,111.63,183.88,224.4
181.47,117.58,183.88,218.17
184.45,117.73,180.77,215.05
181.19,123.82,190.12,205.7
184.03,125.66,190.12,227.52
181.19,119.71,190.12,233.75
181.33,122.68,187,230.63
178.5,122.97,187,224.4
190.12,126.22,180.77,215.05
204.85,129.25,168.3,211.88
204.71,126.22,171.42,215.05
207.68,126.37,168.3,211.93
207.82,117.44,165.18,221.28
207.68,108.8,168.3,224.4
210.38,102.99,171.42,227.5
213.35,105.97,168.3,224.4
216.32,105.97,165.18,224.4
216.18,109.08,168.3,218.17
218.31,109.08,183.88,218.17
203.43,109.08,199.47,218.17
205.84,103.28,208.82,221.28
202.87,103.28,211.93,221.28
202.73,101.15,215.05,205.7
193.8,98.175,224.4,208.82
193.8,95.2,224.4,211.93
190.97,92.225,224.4,215.05
184.88,92.367,233.75,211.93
225.53,92.225,211.93,215.05
225.68,98.317,208.82,205.7
225.39,98.317,215.05,205.7
225.39,95.483,215.05,205.7
219.73,84.15,215.05,205.7
222.42,81.175,218.17,208.82
222.56,81.175,215.05,208.82
216.75,81.175,218.17,208.82
216.75,72.108,218.17,221.28
216.61,66.158,221.28,227.52
213.63,60.208,224.4,233.75
213.49,48.167,227.52,249.33
216.33,47.883,227.52,255.57
225.39,48.45,215.05,243.1
227.09,48.45,177.65,243.1
226.95,45.192,180.77,252.45
232.62,49.3,180.77,224.4
229.78,49.158,180.77,227.52
232.76,49.158,177.65,227.52
227.23,49.3,174.53,224.4
227.23,52.417,174.53,218.17
233.18,52.133,168.3,224.4
230.35,48.733,168.3,236.87
230.63,51.708,162.07,233.75
218.88,27.625,171.42,264.92
225.11,27.2,158.95,274.27
224.54,24.792,171.42,264.92
218.59,28.475,177.65,246.22
212.36,28.05,190.12,255.57
212.5,22.95,187,243.1
215.33,-6.6583,187,271.15
215.33,-3.825,187,271.15
215.19,-0.14167,190.12,252.45
209.1,7.5083,199.47,208.82
218.31,10.625,183.88,202.58
212.36,7.65,190.12,205.7
206.41,7.5083,196.35,208.82
209.24,7.5083,196.35,208.82
208.96,7.65,202.58,205.7
199.89,13.6,215.05,199.47
200.03,22.667,211.93,187
199.89,25.642,215.05,183.88
202.87,19.55,211.93,193.23
203.01,19.55,208.82,193.23
188.13,22.525,224.4,190.12
185.16,25.642,227.52,183.88
190.97,25.642,224.4,183.88
197.06,34.425,215.05,177.65
200.03,28.758,211.93,177.65
175.53,34.85,252.45,168.3
178.64,31.733,246.22,174.53
178.64,31.592,246.22,177.65
178.78,25.642,243.1,183.88
181.62,7.7917,243.1,202.58
181.62,7.9333,243.1,199.47
189.02,8.075,235.34,196.35
190.54,8.2167,233.75,193.23
187.71,14.167,233.75,187
187.57,11.05,236.87,193.23
187.57,11.192,236.87,190.12
190.68,11.192,230.63,190.12
190.68,14.167,230.63,187
190.54,14.025,233.75,190.12
190.54,21.858,233.75,178.94
193.52,32.017,230.63,168.3
193.66,25.925,227.52,177.65
193.52,28.758,230.63,177.65
196.63,28.9,224.4,174.53
199.75,34.992,218.17,165.18
199.75,35.122,218.17,162.32
190.83,44.058,227.52,152.72
193.94,41.083,221.28,155.83
193.66,41.083,227.52,155.83
193.8,47.033,224.4,149.6
184.88,26.208,233.75,171.42
178.93,29.325,239.98,165.18
178.93,32.158,239.98,165.18
181.9,32.017,236.87,168.3
172.97,29.208,246.22,167.75
175.81,26.208,246.22,171.42
175.95,26.282,243.1,169.79
175.38,47.175,255.57,146.48
172.41,44.342,258.68,146.48
166.46,29.467,264.92,162.07
166.46,38.25,264.92,155.83
178.5,41.225,249.33,152.72
178.07,44.058,258.68,152.72
182.04,35.417,233.75,155.83
184.73,38.25,236.87,155.83
184.73,26.492,236.87,165.18
184.73,20.542,236.87,171.42
160.93,23.233,261.8,174.53
163.77,23.233,261.8,174.53
164.05,26.067,255.57,174.53
163.91,29.042,258.68,171.42
163.06,29.183,277.38,168.3
163.06,29.467,277.38,162.07
163.62,32.3,264.92,162.07
167.17,26.492,249.33,165.18
170.28,8.5,243.1,187
173.26,8.5,239.98,187
176.23,11.758,236.87,177.65
176.23,11.758,236.87,177.65
177.66,14.733,238.34,174.53
179.07,14.308,236.87,183.88
179.07,14.308,236.87,183.88
182.04,17.283,233.75,180.77
187.99,17.283,227.52,180.77
200.03,26.633,211.93,162.07
200.18,29.608,208.82,158.95
194.65,32.583,205.7,155.83
193.8,17.708,224.4,171.42
199.75,20.683,218.17,168.3
200.03,26.633,211.93,162.07
202.87,23.658,211.93,165.18
199.75,17.85,218.17,168.3
202.87,17.708,211.93,171.42
203.29,17.708,202.58,171.42
191.11,20.683,221.28,168.3
191.11,23.658,221.28,165.18
191.11,20.683,221.28,168.3
194.08,20.683,218.17,168.3
190.83,12.19,227.52,177.2
190.83,22.098,227.52,169.79
190.83,14.592,227.52,177.65
190.83,11.617,227.52,180.77
193.8,-3.2583,224.4,196.35
196.92,14.45,218.17,180.77
196.63,22.383,224.4,193.23
199.33,10.483,227.52,205.7
199.33,13.458,227.52,202.58
199.47,16.433,224.4,199.47
199.89,19.408,215.05,196.35
199.89,34.283,215.05,180.77
200.03,36.125,211.93,202.58
196.92,30.175,218.17,208.82
185.02,12.467,230.63,224.4
185.16,12.467,227.52,224.4
176.23,15.725,236.87,215.05
175.95,27.625,243.1,202.58
176.23,33.575,236.87,196.35
155.55,30.743,255.67,196.33
155.41,30.742,258.68,196.35
155.69,30.742,252.45,196.35
185.44,15.867,221.28,211.93
185.44,24.792,221.28,202.58
185.44,18.842,221.28,208.82
182.18,18.983,230.63,205.7
188.28,43.622,221.28,179.89
187.99,54.683,227.52,168.3
190.12,54.683,243.1,168.3
187.14,51.85,246.22,168.3
184.17,51.708,249.33,171.42
187.14,51.85,246.22,168.3
186.72,54.825,255.57,165.18
189.69,54.825,252.45,165.18
189.69,48.875,252.45,171.42
190.83,53.692,227.52,190.12
190.83,50.717,227.52,193.23
190.68,56.667,230.63,187
193.52,59.642,230.63,183.88
190.54,62.617,233.75,180.77
193.52,59.642,230.63,183.88
193.66,62.617,227.52,180.77
193.8,62.758,224.4,177.65
190.68,62.758,230.63,177.65
190.68,62.9,230.63,174.53
190.68,66.017,230.63,168.3
190.68,66.017,230.63,168.3
193.8,65.733,224.4,174.53
196.78,66.017,221.28,168.3
196.78,65.875,221.28,171.42
196.63,62.9,224.4,174.53
196.78,65.875,221.28,171.42
193.8,65.875,224.4,171.42
196.78,65.875,221.28,171.42
196.78,65.875,221.28,171.42
196.78,66.017,221.28,168.3
196.92,62.9,218.17,174.53
199.75,60.208,218.17,171.42
196.78,62.9,221.28,174.53
196.78,62.9,221.28,174.53
196.78,62.9,221.28,174.53
199.75,65.875,218.17,171.42
199.75,71.825,218.17,165.18
199.75,77.492,218.17,165.18
202.73,86.417,215.05,155.83
199.75,77.492,218.17,165.18
200.03,80.608,211.93,158.95
205.7,80.608,211.93,158.95
205.84,83.725,208.82,152.72
202.87,86.7,211.93,149.6
199.89,86.983,215.05,143.37
196.92,86.983,218.17,143.37
193.94,86.983,221.28,143.37
191.11,89.958,221.28,140.25
194.08,89.958,218.17,140.25
194.08,89.817,218.17,143.37
196.92,89.817,218.17,143.37
196.92,89.958,218.17,140.25
196.92,84.008,218.17,146.48
196.63,89.958,224.4,140.25
193.52,89.958,230.63,140.25
193.52,89.958,230.63,140.25
193.8,92.083,224.4,155.83
193.8,95.058,224.4,152.72
193.66,95.058,227.52,152.72
192.95,94.917,243.1,155.83
195.93,91.942,239.98,158.95
195.93,95.058,239.98,152.72
195.93,95.058,239.98,152.72
195.93,92.083,239.98,155.83
196.07,92.083,236.87,155.83
195.07,95.058,258.68,152.72
195.36,95.058,252.45,152.72
195.5,95.058,249.33,152.72
195.36,95.058,252.45,152.72
198.33,95.058,249.33,152.72
198.33,95.058,249.33,152.72
198.33,95.058,249.33,152.72
198.33,95.058,249.33,152.72
200.74,95.058,258.68,152.72
