NaN,NaN,NaN,-1
249.69,54.294,70.125,161.29
242.78,51.956,81.812,165.96
235.34,49.831,105.19,165.96
237.04,50.044,114.54,161.29
229.82,47.812,133.24,163.62
225.57,46.889,133.24,162.37
221.21,47.812,135.58,163.62
214.73,47.812,137.91,163.62
212.61,50.044,137.91,161.29
205.81,49.619,147.26,170.64
203.47,49.512,151.94,172.98
199.11,51.319,107.53,179.99
203.15,51.319,112.2,179.99
202.94,51.319,116.88,179.99
200.17,48.875,130.9,187
193.16,44.519,144.93,189.34
188.91,45.475,144.93,168.3
188.59,36.55,151.94,177.65
191.67,29.75,130.9,187
191.46,16.362,135.58,201.03
191.78,21.569,128.56,179.99
194.65,17.531,112.2,175.31
195.29,10.944,98.175,179.99
192.84,10.837,105.19,182.33
199.49,12.962,99.164,182.33
183.39,24.119,126.23,170.64
183.39,30.6,126.23,168.3
172.23,35.053,137.91,163.83
167.98,41.756,137.91,156.61
161.18,48.237,147.26,154.28
163.84,52.169,135.58,161.29
166.39,60.987,126.23,154.28
157.46,65.313,135.58,149.74
157.25,66.831,140.25,165.96
161.82,68.744,133.24,170.64
164.26,66.831,126.23,165.96
168.94,69.062,116.88,163.62
175.42,66.725,114.54,168.3
179.56,75.756,116.88,156.61
183.92,73.419,114.54,161.29
181.9,71.294,112.2,161.29
199.75,69.062,93.5,163.62
204.11,66.725,91.163,168.3
206.34,64.6,88.825,168.3
208.57,62.475,86.488,168.3
210.48,58.119,91.163,170.64
214.84,55.887,88.825,172.98
221.42,51.531,84.15,175.31
223.44,53.975,86.488,168.3
229.82,47.387,86.488,172.98
231.84,40.694,88.825,179.99
236.19,40.8,86.488,177.65
240.55,40.8,84.15,177.65
242.46,38.675,88.825,177.65
242.25,36.337,93.5,182.33
244.38,38.569,93.5,179.99
248.41,38.569,98.175,179.99
246.07,36.337,102.85,182.33
246.39,43.562,95.838,163.62
243.95,38.887,102.85,172.98
237.26,41.012,109.86,172.98
232.69,49.725,116.88,168.3
235.03,54.147,112.2,165.89
235.03,56.206,112.2,165.96
234.71,56.206,119.21,165.96
239.17,67.362,114.54,154.28
239.18,71.825,114.35,149.6
232.58,78.519,119.21,142.59
228.12,82.875,123.89,140.25
235.03,96.156,112.2,128.56
235.13,96.05,109.86,130.9
242.98,95.944,99.41,133.24
244.16,97.856,98.175,137.91
239.92,104.44,97.99,133.24
235.45,106.67,102.85,130.9
237.79,102.21,98.175,135.58
240.02,102.32,95.838,133.24
244.48,91.481,91.163,137.91
246.71,91.481,88.825,137.91
244.59,87.231,88.825,137.91
247.05,85.531,81.375,128.56
247.35,77.031,74.8,128.56
240.87,79.475,77.138,121.55
241.08,77.456,72.463,119.21
239.06,79.794,70.125,114.54
235.03,79.475,65.45,121.55
230.78,79.475,65.45,121.55
230.99,77.137,60.775,126.23
228.97,77.031,58.347,128.56
229.18,85.956,53.763,119.21
233.64,83.725,49.088,121.55
231.52,83.619,49.088,123.89
231.41,83.406,51.425,128.56
235.77,81.175,49.088,130.9
229.07,74.481,56.1,137.91
222.28,72.25,65.45,140.25
220.04,72.25,67.788,140.25
217.71,72.25,72.463,140.25
217.71,70.019,72.463,142.59
217.71,70.019,72.463,142.59
219.94,65.556,70.125,147.26
215.37,49.831,77.138,165.96
215.47,45.369,74.8,170.64
215.69,43.137,70.125,172.98
211.44,43.031,70.125,175.31
209.63,47.387,63.113,172.98
205.28,49.619,65.45,170.64
207.4,51.637,65.45,172.98
211.97,49.3,58.438,177.65
218.56,53.337,53.763,182.33
223.02,58.012,49.088,172.98
220.57,55.569,56.1,179.99
222.7,57.694,56.1,179.99
224.51,53.019,63.113,189.34
224.4,48.45,65.45,196.35
224.19,46.325,70.125,196.35
226.31,44.2,70.125,196.35
235.13,42.075,63.113,196.35
239.59,42.075,58.438,196.35
241.61,35.487,60.775,201.03
241.82,33.362,56.1,201.03
232.79,33.362,67.788,201.03
226.21,33.256,72.463,203.36
217.39,26.669,79.475,208.04
208.36,33.362,91.163,201.03
208.25,31.025,93.5,205.7
208.25,28.794,93.5,208.04
212.71,28.581,88.825,212.71
217.39,28.687,79.475,210.38
221.42,28.581,84.15,212.71
216.86,26.35,91.163,215.05
217.07,21.781,86.488,222.06
216.96,24.437,88.825,210.38
216.96,27.306,88.825,194.01
216.86,34.106,91.163,184.66
216.91,33.894,90.02,189.34
216.75,29.431,93.5,194.01
218.66,31.662,98.175,191.68
218.66,38.25,98.175,187
218.45,38.144,102.85,189.34
218.24,42.712,107.53,182.33
220.15,44.944,112.2,179.99
219.94,42.712,116.88,182.33
219.72,42.606,121.55,184.66
221.62,37.931,126.24,194.01
216.54,62.262,98.175,172.98
214.31,64.706,100.51,165.96
214.31,64.706,100.51,165.96
212.07,58.119,102.85,170.64
198.69,58.65,116.88,158.95
196.14,54.081,126.23,165.96
200.6,51.85,121.55,168.3
198.58,52.062,119.21,163.62
199.01,52.062,109.86,163.62
196.67,56.312,114.54,163.62
194.54,53.975,114.54,168.3
192.53,65.237,112.2,154.28
188.38,71.825,109.86,149.6
188.81,79.571,100.51,141.49
182.22,82.875,105.19,140.25
180.09,83.087,105.19,135.58
169.15,78.625,112.2,140.25
162.46,76.394,119.21,142.59
155.76,74.162,126.23,144.93
144.29,76.287,144.93,144.93
142.59,58.544,135.58,161.29
147.05,58.65,130.9,158.95
144.61,58.969,137.91,151.94
147.37,54.294,123.89,161.29
159.27,47.706,95.838,165.96
159.48,47.6,91.163,168.3
157.25,47.706,93.5,165.96
152.89,47.6,95.838,168.3
159.69,51.744,86.488,170.64
155.02,58.47,95.838,161.36
161.61,65.025,91.163,158.95
163.31,69.381,100.51,156.61
153.96,73.631,119.21,156.61
142.61,80.112,135.11,154.28
142.8,82.237,130.9,154.28
136.32,82.237,133.24,154.28
129.62,81.919,140.25,161.29
136.21,82.237,135.58,154.28
136,82.237,140.25,154.28
144.71,82.178,135.58,155.59
151.51,80.006,126.23,156.61
157.57,75.438,133.24,163.62
162.03,75.225,128.56,168.3
164.26,72.994,126.23,170.64
166.49,68.637,123.89,172.98
168.67,61.837,122.81,182.33
166.28,57.587,128.56,182.33
164.05,53.125,130.9,187
168.6,48.662,124.27,191.68
166.39,57.587,126.23,182.33
164.16,59.712,128.56,182.33
159.59,61.837,135.58,182.33
152.79,66.3,144.93,177.65
152.57,72.887,149.6,172.98
150.34,75.119,151.94,170.64
178.92,72.675,130.9,177.65
190.19,72.675,116.88,177.65
188.06,70.337,116.88,182.33
183.17,68.106,130.9,184.66
182.86,68,137.91,187
185.3,70.337,130.9,182.33
185.41,66.087,128.56,182.33
185.19,64.069,133.24,179.99
187.21,61.837,135.58,182.33
187.42,61.837,130.9,182.33
178.39,63.962,142.59,182.33
180.84,63.962,135.58,182.33
176.06,66.087,147.26,182.33
178.82,70.656,133.24,175.31
182.56,75.225,124.86,168.3
183.49,68.531,123.89,175.31
183.28,66.087,128.56,182.33
187.74,66.3,123.89,177.65
181.05,63.75,130.9,187
171.81,65.769,147.26,189.34
214.2,70.877,102.85,168.4
209.63,64.281,109.86,175.31
218.56,53.231,100.51,184.66
211.65,59.819,112.2,179.99
213.99,68.744,107.53,170.64
206.66,68.85,128.56,168.3
201.98,68.744,137.91,170.64
200.17,68.85,130.9,168.3
200.07,66.725,133.24,168.3
202.41,71.4,128.56,158.95
188.81,71.4,147.26,158.95
202.3,73.525,130.9,158.95
199.22,73.525,151.94,158.95
201.88,75.862,140.25,154.28
204,75.969,140.25,151.94
208.57,75.862,133.24,154.28
204,80.325,140.25,149.6
201.77,73.631,142.59,156.61
198.05,71.612,130.9,154.28
199.75,69.487,140.25,154.28
199.54,67.575,144.93,149.6
204,54.294,140.25,161.29
199.64,56.312,142.59,163.62
205.7,43.299,149.6,169.41
205.81,36.656,147.26,175.31
196.46,74.587,165.96,135.58
198.69,72.356,163.62,137.91
201.03,74.694,158.95,133.24
205.38,74.587,156.61,135.58
209.95,74.587,149.6,135.58
200.49,78.944,170.64,133.24
185.3,72.462,177.65,135.58
216.96,74.8,135.58,130.9
214.52,79.822,142.59,116.73
214.52,86.062,142.59,116.88
210.06,83.831,147.26,119.21
212.5,81.706,140.25,119.21
215.05,79.369,130.9,123.89
222.59,80.112,105.19,107.53
218.77,78.094,95.838,105.19
223.34,78.094,88.825,105.19
230.14,77.987,79.475,107.53
236.83,73.525,72.463,112.2
241.08,75.65,72.463,112.2
247.35,68.956,74.8,119.21
253.62,73.525,77.138,112.2
257.87,73.844,77.138,105.19
259.89,67.15,79.475,112.2
257.44,65.237,86.488,107.53
255.11,63.219,91.163,105.19
259.78,60.987,81.812,107.53
257.44,58.862,86.488,107.53
261.8,58.862,84.15,107.53
252.77,58.969,95.838,105.19
257.44,61.412,86.488,98.175
259.78,66.087,81.812,88.825
257.44,63.644,86.488,95.838
264.03,59.712,81.812,88.825
263.82,62.05,86.488,84.15
266.05,66.619,84.15,77.138
263.82,66.619,86.488,77.138
254.89,64.388,95.838,79.475
257.12,71.081,93.5,72.463
263.93,77.881,84.15,63.113
255,77.775,93.5,65.45
239.49,80.006,107.53,63.113
253.19,77.775,86.488,65.45
251.39,79.794,79.475,67.788
248.73,82.344,91.163,58.438
257.66,75.438,81.812,70.125
264.46,73.312,72.463,70.125
257.87,72.044,77.138,73.68
268.92,75.969,67.788,58.438
268.81,67.044,70.125,67.788
277.8,64.812,62.935,70.125
279.86,62.475,60.775,74.8
291.12,66.938,46.75,70.125
284.22,62.369,58.438,77.138
268.18,60.35,84.15,74.8
265.73,60.35,91.163,74.8
265.41,60.137,98.175,79.475
271.68,60.137,100.51,79.475
278.18,55.462,104.83,88.825
284.11,53.444,107.53,86.488
285.92,57.906,114.54,81.812
289.85,55.675,121.55,84.15
294.63,46.537,109.86,98.175
294.63,46.537,109.86,98.175
291.66,44.094,128.56,105.19
291.34,44.094,135.58,105.19
286.45,43.987,149.6,107.53
286.34,41.65,105.19,112.2
283.9,41.544,112.2,114.54
281.35,41.65,121.55,112.2
274.66,41.544,128.56,114.54
273.59,39.206,58.438,119.21
269.02,54.825,65.45,102.85
266.79,61.306,67.788,100.51
259.68,58.862,84.15,107.53
257.34,58.969,88.825,105.19
257.23,56.737,91.163,107.53
252.66,43.244,98.175,123.89
252.98,47.6,91.163,121.55
250.43,45.369,100.51,123.89
249.9,43.35,112.2,121.55
249.47,38.994,121.55,123.89
239.81,50.15,100.51,112.2
235.77,30.069,95.838,133.24
235.03,97.325,65.45,56.1
239.38,95.094,63.113,58.438
239.28,92.969,65.45,58.438
241.4,90.844,65.45,58.438
241.4,88.612,65.45,60.775
232.47,97.431,74.8,53.763
232.26,94.775,79.475,65.45
232.26,92.65,79.475,65.45
232.16,86.169,81.812,67.788
232.16,83.831,81.812,72.463
232.37,79.369,77.138,77.138
227.91,77.138,81.812,79.475
223.55,74.8,84.15,84.15
221.64,67.894,79.475,95.838
212.92,63.112,84.15,107.53
213.14,58.65,79.475,112.2
208.89,52.062,79.475,116.88
204.53,53.34,81.812,113.31
200.39,54.294,79.475,114.54
198.26,51.956,79.475,119.21
196.14,54.081,79.475,119.21
191.78,54.081,81.812,119.21
187.64,53.975,79.475,121.55
185.41,51.637,81.812,126.23
185.62,48.981,77.138,137.91
183.49,46.537,77.138,144.93
181.26,43.881,79.475,156.61
179.14,43.244,79.475,170.64
179.24,45.581,77.138,165.96
179.35,47.812,74.8,163.62
177.33,49.937,72.463,163.62
177.44,50.15,70.125,158.95
175.21,52.275,72.463,158.95
175.21,50.15,72.463,158.95
175.42,52.381,67.788,156.61
175.42,54.612,67.788,154.28
177.65,56.737,65.45,154.28
182.01,59.181,63.113,147.26
190.61,59.181,60.775,147.26
192.63,61.306,63.113,147.26
199.11,61.306,60.775,147.26
205.59,63.644,58.438,142.59
218.24,68,60.775,140.25
229.07,72.356,56.1,137.91
237.68,72.356,53.763,137.91
246.18,81.343,53.763,128.5
267.54,85.793,51.425,122.81
276.36,87.55,44.413,130.9
280.22,92.012,44.812,126.23
282.84,91.906,42.075,128.56
282.94,96.48,39.738,121.43
278.8,103.38,37.4,109.86
276.78,103.27,35.062,112.2
272.32,107.68,39.738,108.78
270.19,109.86,39.738,107.53
263.71,114.01,42.075,109.86
261.48,116.34,44.413,105.19
259.36,118.36,44.413,107.53
252.56,120.49,53.763,107.53
250.43,120.27,53.763,112.2
243.84,120.17,58.438,114.54
242.04,120.17,51.425,114.54
238.51,122.29,35.424,114.54
234.18,108.91,37.4,128.56
229.61,97.75,44.413,140.25
217.3,93.925,59.533,130.9
216.01,85.212,63.113,135.58
216.43,68.212,53.763,135.58
216.86,72.994,44.413,123.89
214.73,70.762,44.413,126.23
212.93,66.087,37.4,135.58
210.59,67.02,42.075,139.05
212.61,56.844,44.413,151.94
210.38,59.181,46.75,147.26
208.57,54.612,39.738,154.28
208.14,56.631,49.088,156.61
210.27,49.619,49.088,170.64
212.07,44.837,56.1,182.33
213.78,44.519,65.45,189.34
219.19,56.206,39.738,165.96
218.66,51.744,51.425,170.64
213.56,47.281,70.125,175.31
208.46,47.281,88.825,175.31
208.04,96.475,51.425,121.55
210.06,96.262,53.763,126.23
212.18,101.61,53.763,122.85
211.97,102.74,58.438,123.89
213.99,109.33,60.775,119.21
213.88,109.22,63.113,121.55
211.44,106.89,70.125,126.23
209.1,109.01,74.8,126.23
204.64,113.47,79.475,121.55
200.17,113.47,84.15,121.55
193.59,113.47,88.825,121.55
187,113.47,93.5,121.55
164.69,113.58,116.88,119.21
155.34,115.92,135.58,114.54
150.88,115.71,140.25,119.21
146.62,113.37,140.25,123.89
148.86,113.2,146.82,127.62
152.68,113.47,147.26,121.55
154.7,110.92,149.6,130.9
163.52,111.14,142.59,126.23
174.04,97.644,144.93,142.59
180.41,95.519,144.93,142.59
189.44,91.162,133.24,144.93
193.48,86.806,137.91,147.26
209.63,78.306,109.86,147.26
209.84,73.95,105.19,149.6
212.07,67.469,102.85,151.94
211.97,63.112,105.19,154.28
209.63,58.756,109.86,156.61
209.1,54.4,121.55,158.95
208.78,52.275,128.56,158.95
208.57,52.275,133.24,158.95
211.12,52.487,123.89,154.28
208.78,52.381,128.56,156.61
208.78,50.256,128.56,156.61
211.01,50.15,126.23,158.95
204.11,52.594,137.91,151.94
204,54.612,140.25,154.28
208.67,56.737,130.9,154.28
215.58,56.631,119.21,156.61
220.57,54.294,102.85,161.29
222.91,51.85,98.175,168.3
223.02,49.831,95.838,165.96
220.89,45.262,95.838,172.98
221.11,38.781,91.163,175.31
221.32,36.55,86.488,177.65
225.99,34.212,77.138,182.33
226.31,32.194,70.125,179.99
220.04,39.206,67.788,165.96
231.31,41.544,53.763,161.29
229.18,43.775,53.763,158.95
231.41,50.087,51.425,156.79
229.18,54.719,53.763,151.94
226.84,56.844,58.438,151.94
224.67,56.844,59.597,151.94
224.61,58.756,60.775,156.61
222.49,72.087,60.775,143.84
231.62,74.269,46.75,142.59
231.57,74.269,47.931,142.59
229.5,69.806,46.75,147.26
222.59,63.219,58.438,151.94
222.49,61.094,60.775,151.94
222.28,70.019,65.45,142.59
220.15,70.125,65.45,140.25
224.82,67.894,56.1,142.59
223.51,67.894,55.251,142.59
222.81,67.894,53.763,142.59
222.91,67.894,51.425,142.59
223.02,69.912,49.088,144.93
222.91,68.692,51.425,146.2
222.81,69.912,53.763,144.93
222.7,72.144,56.1,142.59
227.06,76.606,53.763,137.91
227.06,67.681,53.763,147.26
227.06,60.987,53.763,154.28
229.18,60.987,53.763,154.28
226.95,60.987,56.1,154.28
227.06,60.881,53.763,156.61
227.06,60.987,53.763,154.28
224.82,60.881,56.1,156.61
224.93,60.881,53.763,156.61
222.7,60.881,56.1,156.61
222.7,60.775,56.1,158.95
218.34,67.362,58.438,154.28
220.57,65.344,56.1,151.94
220.68,61.2,53.763,149.6
220.68,60.562,53.763,163.62
220.79,56.1,51.425,168.3
