NaN,NaN,NaN,-1
247.46,54.187,72.463,163.62
236.09,51.956,88.825,165.96
240.76,52.062,79.475,163.62
238.64,47.6,79.475,168.3
231.62,47.494,93.5,170.64
228.76,45.217,109.86,173.97
224.19,45.05,116.88,177.65
221.74,44.944,123.89,179.99
219.72,49.3,121.55,177.65
216.86,49.194,91.163,179.99
214.73,49.194,91.163,179.99
210.16,49.087,98.175,182.33
201.03,51.319,112.2,179.99
187.32,49.406,133.24,175.31
189.12,47.175,140.25,177.65
182.01,40.587,156.61,182.33
186.68,39.289,147.26,185.91
177.44,31.981,163.62,184.66
180.09,27.412,151.94,191.68
179.56,25.181,163.62,194.01
177.01,21.462,172.98,182.33
181.58,17.531,165.96,175.31
180.94,13.069,179.99,179.99
187.32,13.069,179.99,179.99
188.81,19.869,147.26,170.64
186.57,28.794,149.6,161.29
195.82,33.362,133.24,154.28
189.12,39.631,140.25,156.61
184.56,55.356,147.26,137.91
190.61,63.962,154.28,135.58
185.72,65.662,168.3,144.93
185.51,65.45,126.23,149.6
187.53,65.556,128.56,147.26
187.53,63.325,128.56,149.6
191.67,61.094,130.9,151.94
184.88,56.737,140.25,154.28
191.78,49.937,128.56,163.62
195.71,54.4,135.58,158.95
201.66,52.594,144.93,151.94
199.11,50.469,154.28,151.94
189.44,48.344,179.99,151.94
213.24,44.094,77.138,151.94
213.24,44.2,77.138,149.6
215.16,41.969,81.812,151.94
219.72,39.844,74.8,151.94
221.64,38.009,79.475,149.41
226.21,38.037,72.463,144.93
228.22,37.931,74.8,147.26
228.44,38.25,70.125,140.25
237.36,38.356,60.775,137.91
239.81,34,53.763,140.25
237.57,38.462,56.1,135.58
244.1,38.569,52.837,133.24
243.84,36.231,58.438,137.91
243.74,34.106,60.775,137.91
241.29,36.337,67.788,135.58
236.83,36.337,72.463,135.58
241.29,45.262,67.788,126.23
241.29,51.637,67.788,126.23
241.4,52.487,65.45,132.01
241.19,55.732,70.125,129.64
227.8,75.851,84.15,107.54
223.4,75.65,87.533,112.2
214.52,75.65,95.838,112.2
210.06,77.987,100.51,107.53
205.28,84.575,112.2,102.85
205.28,89.037,112.2,98.175
202.72,86.487,121.55,107.53
194.02,86.275,125.98,112.2
207.29,88.506,114.54,109.86
211.65,94.562,112.2,116.88
213.78,96.794,112.2,114.54
209.31,98.919,116.88,114.54
209.1,103.27,121.55,112.2
211.22,98.706,121.55,119.21
204.53,98.281,128.56,128.56
197.84,96.156,135.58,128.56
220.15,94.137,112.2,126.23
213.56,87.656,116.88,128.56
215.9,80.962,112.2,135.58
220.47,74.587,105.19,135.58
214.15,65.981,104.04,137.91
209.84,63.856,105.19,137.91
207.82,61.731,102.85,137.91
203.47,55.037,105.19,144.93
186.15,55.144,112.2,142.59
172.87,50.575,123.89,149.6
182.11,52.806,107.53,147.26
177.65,55.144,112.2,142.59
177.86,50.575,107.53,149.6
180.09,48.237,105.19,154.28
177.86,48.237,107.53,154.28
184.67,46.118,98.046,154.15
175.63,50.575,109.86,149.6
173.29,41.65,114.54,158.95
177.76,41.65,109.86,158.95
179.88,39.312,109.86,163.62
177.54,34.956,114.54,165.96
177.54,30.387,114.54,172.98
177.54,26.031,114.54,175.31
177.54,26.031,114.54,175.31
184.24,28.156,107.53,175.31
186.57,30.387,102.85,172.98
182.32,34.85,102.85,168.3
180.09,37.081,105.19,165.96
171.58,35.903,105.44,168.19
171.59,32.194,105.19,179.99
162.56,32.087,116.88,182.33
164.58,41.012,119.21,172.98
164.58,47.281,119.21,175.31
162.24,49.194,123.89,179.99
162.14,51.212,126.23,182.33
166.49,58.012,123.89,172.98
168.72,57.694,121.55,179.99
172.97,59.819,121.55,179.99
175.21,57.694,119.21,179.99
175.1,59.819,121.55,179.99
179.46,55.462,119.21,182.33
179.24,44.2,123.89,196.35
181.69,43.987,116.88,201.03
179.35,43.881,121.55,203.36
172.66,35.062,128.45,210.38
177.01,41.756,126.23,203.36
172.66,39.419,128.56,208.04
174.57,43.881,133.24,203.36
176.59,34.85,135.58,215.05
176.8,30.494,130.9,217.39
176.91,30.884,128.56,208.8
172.87,33.15,123.89,205.7
170.64,24.225,126.23,215.05
166.07,30.919,133.24,208.04
159.16,28.687,144.93,210.38
154.49,31.025,154.28,205.7
152.15,33.256,158.95,203.36
216.86,33.469,91.163,198.69
216.86,31.237,91.163,201.03
214.62,35.594,93.5,198.69
216.43,33.256,100.51,203.36
216.43,33.15,100.51,205.7
209.74,35.912,107.53,191.68
209.74,40.481,107.53,184.66
212.18,40.587,100.51,182.33
218.88,40.481,93.5,184.66
218.88,38.037,93.5,191.68
214.41,31.344,98.175,198.69
216.8,42.925,92.418,177.65
214.62,47.281,93.5,175.31
212.29,40.375,98.175,187
207.82,38.356,102.85,184.66
201.13,31.875,109.86,187
198.79,31.981,114.54,184.66
200.92,78.837,114.54,135.58
196.46,78.837,119.21,135.58
194.33,85.425,119.21,130.9
192.21,85.319,119.21,133.24
190.08,87.634,119.21,129.05
187.96,89.887,119.21,126.23
186.15,94.35,112.2,121.55
184.03,100.94,112.2,116.88
184.24,100.94,107.53,116.88
182.11,94.244,107.53,123.89
171.17,96.369,114.54,123.89
164.47,89.781,121.55,128.56
155.66,87.55,128.56,130.9
146.84,82.981,135.58,137.91
142.69,74.269,133.24,142.59
136,67.787,140.25,144.93
129.52,63.112,142.59,154.28
129.94,63.112,133.24,154.28
130.47,67.575,121.55,149.6
130.63,67.575,118.06,149.6
139.61,67.469,107.53,151.94
133.13,69.81,109.86,147.19
139.93,78.519,100.51,142.59
139.4,82.929,112.2,139.07
134.41,85.212,128.56,135.58
131.64,94.031,142.59,128.56
129.09,96.05,151.94,130.9
124.42,102.53,161.29,128.56
124.31,100.19,163.62,133.24
124.52,102.11,158.95,137.91
124.63,106.46,156.61,135.58
120.17,108.59,161.29,135.58
119.85,113.05,168.3,130.9
119.74,110.71,170.64,135.58
157.67,108.8,130.9,130.9
165.75,106.14,140.25,142.59
171.7,103.91,149.6,144.93
173.72,101.68,151.94,147.26
171.28,99.237,158.95,154.28
171.38,92.544,156.61,161.29
171.38,90.206,156.61,165.96
173.93,85.637,147.26,172.98
176.16,80.962,144.93,182.33
176.38,82.981,140.25,184.66
174.57,82.875,133.24,187
169.89,84.787,142.59,191.68
169.47,93.712,151.94,182.33
169.15,91.056,158.95,194.01
164.58,93.5,165.96,187
162.14,93.287,172.98,191.68
162.03,97.856,175.31,184.66
161.92,97.856,177.65,184.66
186.36,102.21,154.28,182.33
188.49,100.09,154.28,182.33
192.74,99.875,154.28,187
190.29,97.644,161.29,189.34
187.85,100.19,168.3,179.99
183.07,97.75,179.99,187
184.03,97.856,158.95,184.66
174.99,102.11,170.64,184.66
172.66,105.06,175.31,143.73
167.03,106.57,158.95,133.24
164.47,106.46,168.3,135.58
160.12,97.431,170.64,147.26
162.56,97.431,163.62,147.26
167.24,101.68,154.28,147.26
171.7,97.325,149.6,149.6
160.44,94.456,163.62,165.96
161.93,96.475,159.83,168.3
176.16,98.612,144.93,166.06
171.91,96.475,144.93,168.3
165.22,98.706,151.94,165.96
153.85,94.35,168.3,168.3
149.28,94.244,175.31,170.64
178.18,92.012,147.26,172.98
169.36,91.906,154.28,175.31
169.36,94.031,154.28,175.31
167.13,96.262,156.61,172.98
164.9,80.644,158.95,189.34
160.54,80.962,161.29,182.33
156.19,80.962,163.62,182.33
158.53,85.531,158.95,175.31
181.05,89.994,130.9,170.64
183.49,89.994,123.89,170.64
181.58,87.762,119.21,172.98
152.47,92.331,151.94,165.96
154.59,94.562,151.94,163.62
190.19,94.35,116.88,168.3
187.96,94.35,119.21,168.3
187.85,91.906,121.55,175.31
189.97,87.337,121.55,182.33
196.56,83.406,116.88,175.31
196.46,81.175,119.21,177.65
203.26,76.819,109.86,179.99
196.24,79.262,123.89,172.98
185.51,76.925,126.23,177.65
180.84,74.8,135.58,177.65
200.39,68.106,126.23,184.66
193.91,67.894,128.56,189.34
194.01,70.231,126.23,184.66
205.59,76.041,105.19,176.35
212.29,77.244,98.175,170.64
216.54,77.35,98.175,168.3
226.95,82.025,102.85,158.95
222.06,81.919,116.88,161.29
225.28,70.656,117.96,175.31
228.33,68.106,119.21,184.66
231.09,73.1,105.19,121.55
235.56,73.1,100.51,121.55
235.98,73.312,91.163,116.88
238.32,77.775,86.488,112.2
240.34,77.562,88.825,116.88
244.38,73.1,93.5,121.55
248.41,73.1,98.175,121.55
250.43,70.975,100.51,121.55
254.15,73.312,112.2,116.88
255.85,68.85,121.55,121.55
253.09,60.031,135.58,128.56
259.89,62.262,126.23,126.23
261.69,58.119,133.24,123.89
266.26,58.012,126.23,126.23
261.91,58.119,128.56,123.89
266.58,58.225,119.21,121.55
270.09,58.756,88.825,109.86
272.11,63.325,91.163,102.85
274.34,63.325,88.825,102.85
269.66,63.112,98.175,107.53
269.56,65.45,100.51,102.85
275.3,67.681,92.272,100.51
273.91,67.575,98.175,102.85
271.36,74.162,107.53,98.175
273.7,76.5,102.85,93.5
276.16,78.837,98.051,88.825
276.04,78.837,98.175,88.825
277.74,78.625,107.53,93.5
280.07,78.837,102.85,88.825
275.51,76.606,109.86,91.163
268.92,74.481,114.54,91.163
269.24,74.587,107.53,88.825
260.1,70.337,121.55,88.825
257.44,70.3,133.24,89.655
253.19,68.425,133.24,84.15
253.09,70.55,135.58,84.15
248.31,70.656,147.26,81.812
248.09,75.119,151.94,77.138
256.91,65.981,144.93,91.163
254.26,65.875,156.61,93.5
251.71,70.337,165.96,88.825
242.87,74.906,175.22,81.812
238,72.25,187,93.5
244.27,65.556,189.34,100.51
260.21,67.362,119.21,107.53
266.79,62.794,114.54,114.54
278.06,60.562,100.51,116.88
278.16,60.562,98.175,116.88
278.48,44.731,91.163,137.91
275.93,42.394,100.51,142.59
273.91,42.287,98.175,144.93
271.79,42.181,98.175,147.26
267.54,39.737,98.175,154.28
267.75,39.631,93.5,156.61
265.52,39.631,95.838,156.61
261.16,39.525,98.175,158.95
252.45,52.594,102.85,151.94
245.76,54.719,109.86,151.94
241.61,52.381,107.53,156.61
235.03,45.581,112.2,165.96
228.33,40.906,119.21,175.31
225.99,43.137,123.89,172.98
223.66,43.031,128.56,175.31
221.42,43.031,130.9,175.31
218.88,34,140.25,187
218.77,31.769,142.59,189.34
218.77,29.537,142.59,191.68
212.26,27.35,153.86,193.05
211.65,25.075,158.95,196.35
211.65,38.462,158.95,182.33
211.54,22.844,161.29,198.69
211.22,29.537,168.3,191.68
213.14,85.319,172.98,133.24
213.14,83.087,172.98,135.58
213.14,80.962,172.98,135.58
213.24,85.319,170.64,133.24
213.14,83.087,172.98,135.58
213.14,83.087,172.98,135.58
215.37,83.194,170.64,133.24
219.51,78.519,172.98,142.59
217.07,74.056,179.99,147.26
215.37,71.719,170.64,151.94
208.78,71.719,175.31,151.94
201.45,67.256,196.35,156.61
197.73,60.669,184.66,161.29
206.97,59.394,121.55,142.59
205.49,57.056,107.53,147.26
198.9,54.612,112.2,154.28
195.07,52.169,102.85,161.29
195.39,52.381,95.838,156.61
193.27,56.844,95.838,151.94
191.25,56.884,93.5,151.05
184.77,56.631,95.838,156.61
182.75,52.062,93.5,163.62
180.62,52.062,93.5,163.62
175.95,49.619,102.85,170.64
176.16,51.85,98.175,168.3
176.16,54.081,98.175,165.96
176.69,60.881,86.488,156.61
176.8,60.987,84.15,154.28
174.67,64.347,84.15,150.76
172.55,65.45,84.15,149.6
172.76,65.662,79.475,144.93
170.32,65.769,86.488,142.59
168.3,67.469,84.15,151.94
169.85,62.687,80.302,163.62
172.87,65.025,77.138,158.95
176.91,65.025,81.812,158.95
185.51,68.377,79.475,157.66
190.84,69.381,78.344,156.61
196.14,71.719,79.475,151.94
199.23,74.056,85.144,147.26
216.56,78.625,84.791,140.25
227.71,80.75,79.791,140.25
236.62,82.875,77.138,140.25
247.35,72.037,74.8,144.93
262.44,78.731,70.125,137.91
271.11,83.087,61.04,135.58
275.61,89.675,60.775,130.9
271.26,85.106,63.113,137.91
273.59,91.906,58.438,128.56
267.22,100.72,58.438,121.55
265.31,102.85,53.763,121.55
263.07,107.52,56.1,112.2
256.49,109.76,60.775,109.86
252.24,113.9,60.775,112.2
250.01,116.02,63.113,112.2
250.22,118.47,58.438,105.19
245.97,118.04,58.438,114.54
240.41,120.27,62.038,112.2
237.36,117.72,60.775,121.55
235.34,120.16,58.438,114.76
233.64,122.29,49.088,114.54
223.12,109.22,46.75,121.55
225.9,103.17,50.516,114.54
218.34,87.125,58.438,140.25
216.22,94.456,58.438,119.21
217.45,90.206,54.917,119.21
218.34,90.844,58.438,105.19
216.01,95.519,63.113,95.838
216.01,96.578,63.113,103.63
216.43,94.881,53.763,109.86
209.95,83.512,56.1,126.23
210.28,79.262,51.305,126.23
206.02,88.081,49.088,119.21
197.09,92.119,58.438,123.89
201.56,92.012,53.763,126.23
203.68,96.156,53.763,128.56
203.57,98.069,56.1,133.24
212.61,109.76,44.413,109.86
208.36,114.31,44.413,103.2
208.25,118.79,46.75,98.175
207.93,116.54,53.763,100.93
205.38,116.56,63.113,100.51
207.61,118.79,60.775,98.175
205.81,125.53,53.763,95.563
199.64,127.39,49.13,95.838
196.99,131.64,60.775,95.838
198.79,133.77,67.788,95.838
207.29,135.89,67.788,95.838
207.29,138.34,67.788,88.825
207.51,140.46,63.113,88.825
200.81,140.46,70.125,88.825
194.12,140.46,77.138,88.825
185.51,140.46,79.475,88.825
172.34,138.29,88.825,89.972
163.31,140.36,100.51,91.163
158.06,140.37,101.56,90.92
154.81,140.25,100.51,93.5
156.94,142.53,98.274,90.043
159.27,142.48,95.838,91.163
163.73,135.68,91.163,100.51
167.88,137.91,93.5,98.175
180.84,131.32,88.825,102.85
189.55,129.2,84.15,102.85
196.14,124.84,79.475,105.19
202.72,118.26,74.8,109.86
206.97,107.52,74.8,112.2
208.99,103.17,77.138,114.54
211.01,98.812,79.475,116.88
208.36,96.794,91.163,114.54
208.25,92.438,93.5,116.88
208.67,88.081,84.15,119.21
208.46,88.188,88.825,116.88
208.36,85.956,91.163,119.21
208.36,86.062,91.163,116.88
205.91,83.725,98.175,121.55
206.02,81.6,95.838,121.55
208.67,77.031,84.15,128.56
211.01,76.925,79.475,130.9
213.35,70.125,74.8,140.25
217.92,70.125,67.788,140.25
220.15,70.125,65.45,140.25
209.1,69.912,74.8,144.93
211.44,65.45,70.125,149.6
209.31,63.325,70.125,149.6
213.78,61.2,65.45,149.6
213.56,68.106,70.125,137.91
213.67,65.662,67.788,144.93
211.44,63.537,70.125,144.93
209.21,59.287,72.463,144.93
208.99,61.519,77.138,142.59
211.33,63.856,72.463,137.91
211.33,65.981,72.463,137.91
206.87,68,77.138,140.25
202.3,74.587,84.15,135.58
208.99,77.031,77.138,128.56
215.69,81.494,70.125,123.89
208.99,83.512,77.138,126.23
211.54,74.587,67.788,135.58
209.31,74.587,70.125,135.58
209.42,74.587,67.788,135.58
209.21,74.481,72.463,137.91
211.22,70.125,74.8,140.25
215.69,70.231,70.125,137.91
213.46,70.231,72.463,137.91
211.33,63.537,72.463,144.93
204.93,68.259,73.116,134.55
202.72,68.212,74.8,135.58
200.49,68.212,77.138,135.58
200.6,68.425,74.8,130.9
202.83,67.894,72.463,142.59
205.06,67.787,70.125,144.93
205.06,70.019,70.125,142.59
204.96,70.019,72.463,142.59
209.31,74.375,70.125,140.25
211.54,78.837,67.788,135.58
209.42,69.912,67.788,144.93
207.29,69.912,67.788,144.93
207.19,74.325,70.125,141.36
200.6,74.269,74.8,142.59
200.6,78.837,74.8,135.58
202.83,63.112,72.463,154.28
198.58,65.237,72.463,154.28
196.35,60.669,74.8,161.29
196.24,60.35,77.138,168.3
194.12,58.119,77.138,170.64
191.89,60.031,79.475,175.31
189.66,57.694,81.812,179.99
189.76,57.587,79.475,182.33
189.76,57.481,79.475,184.66
