NaN,NaN,NaN,-1
82.382,92.959,36.098,50.468
86.719,91.413,38.341,50.363
92.602,93.587,36.936,49.676
97.506,95.427,35.911,48.698
104.89,97.019,36.232,46.757
113.66,97.425,33.714,46.715
118.4,98.433,32.986,46.811
124.16,97.935,34.865,45.875
129.97,95.879,36.405,47.149
138.02,94.69,33.304,46.56
141.68,94.869,32.103,48.848
147.6,96.145,34.081,47.928
153.89,97.699,35.232,46.739
160.26,98.134,36.209,44.691
165.46,98.269,36.698,45.757
172.52,95.833,34.955,48.543
179.22,94.693,35.908,47.632
183.81,94.037,35.095,48.359
190.22,93.08,33.868,47.88
193.92,95.182,34.862,45.521
200.05,97.603,31.669,41.54
202.61,97.617,30.263,43.916
201.21,95.944,32.053,46.566
200.13,92.816,31.9,49.837
199.92,93.526,30.515,46.428
197.15,94.116,28.421,45.134
192.75,92.736,28.596,47.002
186.15,92.328,28.899,46.123
180.08,92.099,28.073,46.18
171.61,92.184,28.075,45.528
163.08,91.894,30.732,49.585
152.45,93.955,29.247,49.44
140.58,95.625,30.489,48.39
130.37,97.776,30.462,47.906
119.71,99.159,30.67,45.743
112.53,97.25,31.362,47.187
107.66,96.005,30.358,45.521
105.55,93.966,30.903,47.302
103.7,92.816,32.429,48.664
104.16,94.006,30.984,49.45
105,96.326,31.198,47.537
106.26,96.703,36.548,49.811
107.26,97.395,38.871,50.237
109.94,97.811,45.321,47.175
116.28,96.575,48.025,48.591
124.41,95.444,47.732,50.826
127.07,94.518,53.851,51.87
144.15,96.979,46.407,46.494
156.94,99.039,41.406,44.845
169.39,101.35,38.45,46.525
184.69,97.444,34.448,47.274
193.25,98.956,33.546,47.217
200.93,100.26,30.72,47.553
205.03,101.01,27.656,45.554
204.42,102.82,27.578,45.318
199.33,103.06,29.851,46.619
193.25,103.71,29.109,44.054
184.66,104.29,29.882,43.051
173.35,103.67,28.429,43.271
158.97,103.04,28.193,43.21
142.23,101.49,31.326,40.809
129.62,100.15,30.134,42.858
118.07,102.54,31.117,41.687
106.58,100.16,34.896,47.573
99.252,103.45,30.401,47.607
93.499,103.93,28.803,50.519
89.403,106.79,27.846,50.913
83.291,108.83,30.117,51.052
82.285,108.81,32.345,49.809
78.352,107.69,31.921,51.901
76.874,105.86,32.849,53.784
75.765,107.8,32.883,53.03
75.131,107.64,32.749,53.449
76.623,108.87,33.294,52.351
77.841,109.64,35.419,51.599
82.809,111.53,33.789,48.827
87.947,109.86,35.512,50.114
98.097,106.76,31.339,50.221
108.48,104.95,31.884,48.685
123.6,99.158,27.798,51.845
136,98.37,32.175,52.318
151.01,95.008,34.412,50.172
168.22,93.537,33.515,51.118
182,97.641,34.192,46.306
193.77,102.57,37.657,47.22
203.3,108.05,32.845,46.796
209.55,109.31,32.933,49.569
208.06,112.8,33.784,45.112
208.95,109.25,30.858,52.18
207.85,108.81,28.171,51.783
206.3,108.52,27.537,51.702
201.45,106.74,30.941,52.844
194.65,112.21,33.921,45.843
189.49,114.75,31.956,47.157
181.89,120.55,31.633,43.207
173.85,119.04,30.454,50.147
161.93,115.99,30.333,48.449
147.53,107.37,32.674,49.319
129.89,99.444,32.597,50.905
112.05,97.013,33.774,53.105
94.902,100.21,32.548,57.361
81.012,108.6,28.856,56.946
70.3,112.76,29.07,56.018
62.52,113.85,29.898,54.73
55.406,115.21,29.488,52.278
50.226,113.49,30.307,54.004
40.214,112.76,33.814,55.808
34.682,114.12,33.09,56.835
25.466,116.21,33.302,57.96
14.993,115.59,34.58,55.628
5.2538,110.93,37.37,50.276
1.7304,101.39,40.395,51.609
1.5773,104.49,34.303,60.506
2.8045,111.74,32.977,62.028
2.1419,118.21,31.416,59.071
6.4749,129.7,35.161,60.9
13.821,137.86,36.953,59.316
20.936,138.56,37.36,57.018
27.913,137.67,38.678,55.589
33.829,138.77,36.707,52.54
39.473,135.8,35.893,57.377
43.641,133.73,33.928,56.873
45.504,133.75,34.232,53.828
49.098,133.16,30.485,51.615
52.311,133.59,31.79,51.508
57.354,134.05,32.644,53.061
64.929,135.95,33.465,49.099
71.783,129.62,36.38,53.464
80.229,120.79,34.18,58.039
90.915,114.53,32.055,55.948
96.946,112.81,34.644,44.689
101.73,103.83,34.135,44.907
106.52,99.136,31.636,50.11
104.96,96.086,33.516,50.235
102.07,101.04,34.614,46.443
97.113,102.78,32.661,48.168
90.56,101.91,34.11,50.246
84.853,103.89,33.793,51.746
78.808,105.77,36.642,49.208
73.392,100.13,37.293,54.631
71.199,100.49,35.215,52.875
69.417,100.78,36.527,48.661
71.309,99.63,34.826,50.599
68.218,96.312,38.426,54.287
72.433,98.005,39.595,50.645
75.311,98.511,37.5,51.098
80.976,96.516,37.685,56.472
84.999,99.636,40.931,54.873
94.326,100.19,39.36,56.014
102.22,101.93,39.3,54.018
114.2,99.155,37.401,53.954
122.52,97.254,35.527,55.396
126.7,95.975,37.345,54.177
131.56,98.899,36.97,50.628
134.21,98.013,34.176,51.364
133.89,100.45,35.474,45.268
133.53,99.448,33.306,48.396
128.29,98.488,35.711,51.186
122.91,99.512,34.815,50.518
120.74,99.667,31.888,50.019
117.11,97.132,31.686,50.92
114.98,94.537,31.733,49.397
115.84,94.317,32.52,48.919
118.01,95.149,32.474,47.674
123.61,95.949,29.135,49.076
128.98,99.615,33.632,44.02
136.09,100.24,34.22,40.435
144.47,97.121,36.708,46.206
151.31,95.022,33.143,49.373
159.83,91.524,30.065,55.183
165.22,93.238,31.183,51.788
