NaN,NaN,NaN,-1
131,50,37,90
131,51,37,89
131,51,37,89
131,51,37,89
131,52,37,89
131,52,37,89
131,53,37,89
130,55,37,89
130,56,37,89
130,58,37,89
130,60,37,89
130,62,37,89
131,65,37,89
132,69,37,89
135,73,36,89
137,78,37,89
140,83,37,89
145,86,38,89
150,91,38,89
157,95,39,89
164,98,39,90
171,100,40,90
178,102,41,90
185,104,41,91
194,105,42,91
201,105,42,91
208,106,43,92
214,106,43,92
219,107,44,92
222,107,44,92
224,107,44,92
224,106,44,92
221,105,44,92
215,105,43,92
209,105,42,91
202,104,42,91
193,105,41,90
182,105,40,90
172,106,39,90
162,107,38,89
152,108,37,89
144,109,36,88
137,110,37,88
127,111,37,88
118,113,38,88
109,114,38,88
102,114,38,89
95,115,39,89
89,115,39,89
84,115,39,89
79,115,39,89
76,112,39,89
75,108,39,89
75,104,39,89
76,98,39,89
77,92,39,89
80,85,39,89
84,78,39,89
87,70,39,89
91,64,39,89
95,59,39,89
99,54,38,89
107,51,38,89
114,48,37,89
123,46,37,89
131,44,37,89
140,44,38,89
148,45,39,89
155,47,39,89
164,50,40,90
172,52,41,90
179,54,41,90
187,56,42,91
196,57,42,91
204,58,43,91
210,58,43,91
215,59,44,92
219,59,44,92
221,59,44,92
219,58,44,91
215,56,44,91
208,54,43,91
199,52,43,91
190,49,42,91
180,47,42,90
171,45,41,90
161,43,40,90
152,41,39,89
143,40,39,89
133,39,38,89
123,40,37,88
113,42,36,88
104,45,36,88
94,48,37,88
86,51,37,88
79,53,38,88
74,57,38,88
73,61,38,88
73,66,39,88
75,72,38,88
78,77,39,88
82,83,38,88
86,88,38,88
89,93,38,87
92,99,38,87
95,105,37,87
97,112,37,87
100,117,37,86
103,122,36,86
106,125,36,86
111,127,36,86
117,127,36,86
123,126,36,86
130,124,36,86
138,121,35,86
145,117,36,86
151,113,36,86
158,109,37,87
165,105,37,87
172,102,37,87
177,99,38,88
183,95,39,88
188,92,39,88
194,88,40,89
200,85,40,89
205,82,40,89
210,79,40,89
214,76,41,90
218,73,41,90
221,70,42,90
221,68,42,90
221,65,42,90
218,62,42,90
214,59,42,90
208,56,41,90
202,54,41,90
194,52,40,89
186,50,40,89
176,48,39,89
167,46,39,89
158,44,38,88
149,42,38,88
139,41,37,88
131,39,36,88
122,38,36,88
114,37,37,88
106,36,37,88
99,36,38,88
93,36,38,88
88,37,39,88
85,38,39,88
84,39,39,87
86,41,38,87
89,43,38,87
94,44,38,86
98,47,38,86
101,52,37,85
104,55,37,85
107,59,36,84
110,63,36,83
113,66,35,82
115,68,35,82
116,69,34,81
119,70,33,80
121,70,33,79
123,71,32,78
126,70,32,77
130,69,32,77
136,69,31,76
142,69,32,75
148,69,32,75
154,68,31,74
159,67,31,73
164,66,31,73
167,65,31,72
169,65,30,71
172,65,30,71
175,66,29,70
178,68,29,69
183,69,29,69
188,71,29,68
193,72,29,68
198,73,29,67
202,73,29,67
207,73,29,67
210,72,29,66
212,70,29,66
213,69,29,65
215,67,28,65
217,66,28,64
220,67,28,64
222,72,28,64
225,78,28,63
227,89,28,63
228,101,28,63
228,108,28,63
229,115,29,63
226,122,28,62
223,127,28,62
219,130,28,62
216,132,28,62
212,134,27,62
206,134,27,61
200,133,26,61
192,131,26,61
182,129,26,61
172,128,26,60
161,127,25,60
150,125,25,60
139,123,25,60
130,135,29,45
NaN,NaN,NaN,-2
NaN,NaN,NaN,0
NaN,NaN,NaN,0
NaN,NaN,NaN,0
NaN,NaN,NaN,0
NaN,NaN,NaN,-1
66,103,27,62
63,99,27,62
64,94,27,62
67,88,27,62
70,93,23,49
76,86,23,49
84,95,14,28
87,114,10,7
NaN,NaN,NaN,-2
NaN,NaN,NaN,0
NaN,NaN,NaN,0
NaN,NaN,NaN,0
NaN,NaN,NaN,0
NaN,NaN,NaN,-1
121,13,25,61
125,11,25,61
130,12,25,61
136,15,25,61
142,21,25,61
147,27,25,61
154,33,25,61
159,39,26,61
166,45,26,61
173,50,26,61
181,56,26,61
190,61,27,61
199,66,27,61
208,71,27,61
217,75,27,61
224,79,28,61
231,83,28,62
238,87,28,62
244,92,29,62
250,96,29,62
254,100,29,62
258,103,29,62
259,106,29,62
258,108,28,62
254,109,28,62
249,110,28,62
242,110,27,61
234,111,27,61
224,111,27,61
216,111,26,61
206,111,26,60
197,112,26,60
187,113,26,60
178,114,26,60
169,115,25,60
159,116,25,60
150,117,25,59
140,117,24,59
131,116,24,59
123,116,24,59
115,114,24,59
108,113,24,59
101,112,24,59
95,110,24,59
90,108,24,59
86,104,24,59
82,100,24,59
79,95,24,59
75,90,24,59
73,85,24,59
71,79,24,59
69,73,24,59
68,67,24,60
68,61,24,60
69,65,21,49
69,59,21,49
70,52,21,49
70,46,21,49
69,42,21,49
67,39,22,49
65,37,22,49
64,36,22,49
62,39,22,49
60,44,21,49
57,49,22,49
55,53,22,49
54,56,22,49
52,59,22,49
53,62,22,49
54,64,23,49
57,65,23,49
59,68,23,49
63,72,23,49
66,77,23,49
69,78,24,55
74,79,25,59
80,86,24,59
86,92,24,59
94,98,24,59
102,102,24,59
111,106,24,59
122,108,24,59
133,110,24,59
144,110,24,59
154,109,25,59
166,106,25,59
167,106,24,60
175,102,25,61
182,98,25,61
187,95,26,61
191,93,26,61
194,91,26,61
194,89,26,61
192,87,26,61
189,84,25,61
184,81,25,61
184,82,24,58
184,81,20,48
185,89,17,35
185,90,17,34
188,91,13,32
181,89,13,32
174,88,14,33
167,89,14,33
NaN,NaN,NaN,-2
NaN,NaN,NaN,0
NaN,NaN,NaN,0
NaN,NaN,NaN,0
NaN,NaN,NaN,0
NaN,NaN,NaN,-1
114,92,24,58
118,95,24,59
123,97,24,59
131,98,24,59
140,99,24,59
149,99,25,59
159,99,25,59
168,98,25,59
178,97,26,60
186,97,26,60
193,98,27,60
200,100,27,60
205,102,27,61
209,104,27,61
212,107,27,61
214,111,27,60
213,116,27,60
210,120,27,60
203,123,27,60
197,126,27,60
190,127,26,60
183,128,26,60
176,129,26,60
168,128,26,60
159,127,26,59
149,125,25,59
140,122,25,59
131,129,35,49
121,124,35,49
111,119,34,49
101,113,34,49
92,107,34,49
85,100,34,49
79,94,34,49
73,87,34,49
69,80,34,49
67,74,34,49
69,68,34,49
72,63,34,49
77,58,35,49
82,54,35,49
87,49,35,49
93,46,35,49
98,43,35,49
102,40,35,49
106,38,35,49
110,38,35,49
114,39,35,49
117,42,35,49
121,46,35,49
125,50,35,49
130,55,35,49
134,59,35,49
137,64,35,49
140,67,35,49
144,70,35,49
147,72,35,49
150,73,35,49
152,74,35,49
155,76,35,49
157,77,35,49
158,78,35,49
