NaN,NaN,NaN,-1
71,96,39,50
77,96,39,50
82,98,39,50
87,99,39,50
95,101,39,50
102,102,39,50
108,102,39,50
113,103,39,50
117,113,39,50
122,111,39,50
129,104,39,50
135,105,39,50
141,107,39,50
148,107,39,50
154,107,39,50
160,106,39,50
166,105,39,50
172,104,39,50
176,104,39,50
181,105,39,50
185,106,39,50
188,107,39,50
188,107,39,50
187,106,39,50
186,105,39,50
182,105,39,50
177,105,39,50
171,104,39,50
165,104,39,50
156,105,39,50
147,106,39,50
136,107,39,50
125,110,39,50
114,111,39,50
106,111,39,50
100,110,39,50
95,109,39,50
93,109,39,50
92,109,39,50
94,111,39,50
96,115,39,50
99,117,39,50
105,117,39,50
111,116,39,50
118,115,39,50
126,115,39,50
135,114,39,50
145,113,39,50
155,113,39,50
165,113,39,50
175,114,39,50
182,114,39,50
188,115,39,50
191,116,39,50
190,116,39,50
186,117,39,50
179,117,39,50
171,117,39,50
159,116,39,50
145,115,39,50
131,114,39,50
117,109,39,50
103,112,39,50
93,114,39,50
84,121,39,50
80,123,39,50
74,127,39,50
69,129,39,50
66,129,39,50
64,128,39,50
63,128,39,50
62,127,39,50
62,128,39,50
63,128,39,50
64,129,39,50
70,125,39,50
77,115,39,50
87,115,39,50
99,112,39,50
112,108,39,50
123,113,39,50
137,108,39,50
151,108,39,50
165,112,39,50
179,117,39,50
187,121,39,50
191,124,39,50
192,125,39,50
191,125,39,50
189,125,39,50
187,124,39,50
184,124,39,50
181,125,39,50
176,128,39,50
169,132,39,50
161,134,39,50
149,131,39,50
136,124,39,50
122,119,39,50
108,119,39,50
94,115,39,50
80,120,39,50
69,123,39,50
61,123,39,50
54,123,39,50
48,123,39,50
41,124,39,50
34,125,39,50
25,127,39,50
16,126,39,50
8,118,39,50
1,109,39,50
1,107,39,50
1,113,39,50
1,126,39,50
8,139,39,50
15,146,39,50
23,147,39,50
30,147,39,50
35,146,39,50
39,145,39,50
42,143,39,50
44,140,39,50
47,139,39,50
51,139,39,50
56,139,39,50
63,138,39,50
70,136,39,50
78,132,39,50
86,123,39,50
94,114,39,50
100,106,39,50
102,102,39,50
101,101,39,50
99,103,39,50
94,106,39,50
88,108,39,50
83,108,39,50
78,109,39,50
74,107,39,50
71,105,39,50
70,103,39,50
70,102,39,50
71,102,39,50
73,102,39,50
77,102,39,50
82,104,39,50
88,106,39,50
96,108,39,50
105,108,39,50
115,106,39,50
122,103,39,50
127,103,39,50
127,116,39,50
126,119,39,50
126,118,39,50
124,117,39,50
121,117,39,50
117,119,39,50
113,119,39,50
110,117,39,50
109,114,39,50
110,113,39,50
112,114,39,50
117,115,39,50
124,115,39,50
131,115,39,50
140,114,39,50
148,113,39,50
154,113,39,50
159,112,39,50
