NaN,NaN,NaN,-1
335.75,166.46,26.917,57.375
333.63,164.33,30.458,58.811
330.79,163.63,31.875,60.208
325.83,162.21,34.708,61.625
316.63,160.79,39.667,62.333
312.38,162.92,43.917,59.5
310.25,161.5,46.75,60.917
304.58,160.79,52.417,68
306.71,152.29,65.167,82.167
306,150.88,66.583,81.458
310.25,164.33,63.042,68
315.21,159.38,45.333,63.75
311.67,170.71,47.458,51
306.71,173.54,48.167,47.458
320.88,174.96,35.417,45.333
313.79,172.13,34.708,48.875
315.92,172.13,33.292,47.458
315.21,174.96,35.417,43.208
313.08,172.13,39.667,45.333
315.92,170.71,40.375,43.208
317.33,170,41.083,41.792
323.71,162.21,45.333,45.333
323,161.5,41.792,43.917
324.42,159.38,40.375,44.625
327.25,160.08,36.833,41.792
323.71,159.38,34,41.792
327.96,157.96,29.75,42.5
325.83,163.63,32.583,35.417
323.71,159.38,37.542,40.375
322.29,159.38,38.25,43.208
325.13,160.08,38.25,44.625
325.83,159.38,39.667,46.042
325.13,157.96,53.125,42.5
324.42,158.67,48.932,41.792
320.17,157.96,53.125,50.292
333.63,157.25,37.542,40.375
335.75,157.96,34.708,35.417
337.17,159.38,33.292,33.292
338.58,157.25,33.292,36.125
336.46,156.52,34.708,36.148
332.92,155.83,36.833,38.25
334.77,157.25,38.525,38.958
333.63,155.13,39.667,43.917
332.92,155.13,46.042,39.667
332.21,154.42,48.167,40.375
329.38,153.71,53.125,45.333
329.38,155.13,40.375,43.208
328.67,155.83,39.667,43.208
334.33,160.08,35.417,39.667
335.04,157.25,34.708,42.5
336.4,156.54,36.18,41.792
337.17,158.64,38.958,46.07
336.46,157.25,38.839,47.458
335.04,154.42,32.583,41.792
332.21,154.42,40.375,41.083
332.92,154.42,39.667,43.917
333.63,154.42,38.958,44.625
335.04,158.67,36.125,38.25
339.29,155.83,38.25,31.875
339.29,155.83,31.875,29.042
338.58,155.13,32.583,30.458
335.75,155.13,35.417,31.167
334.33,157.25,31.875,28.333
331.5,155.13,36.833,31.875
328.67,153.71,42.5,32.583
328.67,153.71,33.292,33.292
326.54,155.83,30.458,30.458
323.71,153,32.583,29.75
324.42,155.83,31.875,28.333
323.71,155.83,31.875,28.333
326.54,156.54,29.042,35.417
325.83,152.29,32.583,40.375
320.88,149.46,35.417,43.917
325.13,150.17,33.292,45.333
325.13,148.75,32.583,43.208
325.13,150.17,34.708,41.083
325.83,150.17,35.417,42.5
326.54,150.88,35.417,37.542
324.42,156.54,31.875,28.333
325.83,156.54,29.75,26.917
325.83,155.83,31.167,31.875
326.54,156.54,31.167,31.875
319.46,148.75,36.833,36.833
316.63,148.04,38.25,38.958
315.21,148.04,39.667,40.375
313.79,147.33,49.583,40.375
311.67,147.33,50.292,42.5
313.08,147.33,46.75,42.5
312.38,149.46,43.53,44.625
313.79,150.17,42.5,44.625
319.46,149.46,36.833,45.333
318.04,148.48,40.375,47.733
320.17,148.04,38.958,38.958
318.75,146.63,41.083,43.917
320.17,148.75,40.375,44.625
325.13,147.33,38.25,46.042
325.83,144.5,38.958,46.75
327.25,146.63,39.667,45.333
328.67,146.63,38.25,45.685
328.67,146.63,38.25,46.75
330.08,150.17,35.417,41.424
327.25,148.75,39.667,42.5
327.25,148.04,39.667,42.5
325.83,148.37,40.375,44.3
328.67,148.75,39.667,43.917
329.38,148.75,41.792,43.917
330.79,147.33,45.333,42.5
329.38,147.33,46.75,41.083
332.21,148.75,44.625,40.375
333.63,150.17,43.917,38.25
335.75,150.17,46.042,38.25
339.29,146.63,46.042,38.958
342.13,143.79,43.208,43.208
355.58,146.63,34.708,40.375
359.13,148.04,31.167,35.417
360.54,149.46,36.833,36.833
363.38,148.04,41.792,40.375
364.08,144.5,42.5,43.917
364.08,143.08,42.454,46.75
367.63,143.79,26.917,47.458
368.68,149.46,24.441,38.25
368.33,151.58,31.167,41.792
367.63,150.88,32.583,41.083
367.63,151.58,31.875,41.792
365.5,151.58,33.292,41.792
365.5,153,34,39.667
364.79,153.71,38.958,40.375
361.25,152.29,44.625,41.083
361.96,154.42,46.042,38.958
366.21,155.83,45.333,38.958
371.17,156.54,41.792,36.833
376.13,156.54,36.833,37.542
378.25,157.25,38.958,41.792
380.38,156.54,39.667,41.792
381.08,160.79,40.375,34.708
382.5,157.96,38.25,36.833
385.33,158.67,25.5,36.125
384.63,159.38,29.042,37.542
389.58,157.96,28.333,40.375
390.29,160.79,31.167,38.958
392.42,161.5,30.458,42.5
396.67,162.92,26.208,44.625
397.38,165.04,24.792,42.5
400.18,164.33,24.109,27.625
406.58,165.04,21.25,24.792
409.42,165.04,20.542,25.5
412.96,165.04,20.542,29.042
416.28,165.04,18.639,30.458
415.08,164.33,23.375,31.167
415.08,164.33,21.958,24.083
415.08,164.33,22.667,24.083
416.5,164.68,24.792,24.441
415.08,164.33,24.792,29.042
411.54,163.63,29.042,28.333
413.67,169.29,24.792,19.833
416.5,168.58,21.25,20.542
416.5,163.63,21.25,22.667
416.5,163.63,21.958,21.958
414.38,167.17,24.792,19.833
410.13,162.21,30.458,29.042
410.46,162.21,31.544,31.875
410.83,161.5,33.292,32.583
412.96,162.92,28.333,25.12
416.5,163.63,27.625,28.333
417.21,167.88,29.042,28.333
421.46,165.04,30.458,29.75
435.63,161.5,25.5,33.292
444.83,166.46,25.5,29.75
447.67,170.71,21.958,24.792
450.5,170,20.542,26.208
451.92,171.42,22.667,25.5
452.63,170.71,26.208,26.208
454.75,170.33,26.208,28.003
457.58,170.71,26.208,28.333
464.67,170,20.542,27.625
470.33,162.92,21.958,34.708
468.21,157.25,24.792,37.542
468.21,156.54,27.625,40.375
469.63,153.71,19.833,38.25
471.75,153,17.708,39.667
468.92,153,20.542,41.792
468.21,155.13,22.667,41.792
466.79,155.13,24.792,43.208
465.38,160.08,26.208,39.667
468.92,162.21,23.387,39.667
473.17,165.75,22.667,31.875
476,166.46,19.125,32.583
477.42,165.04,17.708,31.167
475.29,162.21,19.833,36.125
473.88,161.5,19.833,38.958
466.79,164.33,23.375,34.708
460.42,164.33,27.625,34.708
454.75,165.75,32.583,37.542
453.33,165.04,31.167,40.375
450.5,176.38,31.875,33.292
449.79,177.08,33.292,34.708
458.29,175.67,25.5,36.125
459.71,175.67,24.083,29.75
460.42,173.54,26.917,29.042
459,171.42,26.208,29.042
458.29,170.71,26.208,30.458
463.25,170,14.167,29.75
459.71,170,15.595,29.75
459,165.75,19.125,31.875
459,166.46,17.708,28.333
457.58,164.33,19.125,30.458
457.58,166.46,19.833,29.042
457.58,168.27,18.417,27.939
456.88,167.17,17.708,32.583
457.58,165.75,14.875,30.458
456.88,162.92,16.292,33.292
454.75,161.5,17.708,33.649
451.21,162.92,19.833,34.708
448.38,163.63,21.25,33.292
441.29,162.21,28.333,31.875
454.75,159.38,13.458,31.875
454.75,159.38,14.167,31.875
456.17,159.38,14.875,31.875
454.04,160.08,16.292,30.458
454.04,158.67,20.542,28.333
456.17,157.96,16.292,29.042
456.17,157.96,17,32.583
456.17,157.25,17,31.875
456.17,156.54,16.292,29.534
456.88,158.67,15.583,29.042
453.33,155.83,19.125,26.917
451.21,153.71,21.958,29.042
450.5,153,21.25,29.75
455.46,152.29,17,29.042
460.42,150.17,14.167,30.458
451.92,150.88,22.667,30.458
452.98,151.58,26.565,31.167
462.54,149.46,19.833,31.875
464.67,148.75,23.375,30.458
468.92,148.04,22.667,28.333
473.17,147.29,22.667,27.67
478.83,148.04,19.833,27.625
485.92,147.33,19.125,27.966
495.83,143.08,24.792,29.75
506.46,138.83,21.25,29.344
508.58,138.13,21.958,29.042
514.25,136,21.25,31.167
523.46,136,20.542,27.625
528.42,133.88,23.375,31.167
529.83,133.17,24.792,31.875
533.38,131.04,27.625,29.75
536.21,129.23,27.625,29.435
536.92,128.92,26.917,29.042
535.5,129.63,26.917,28.333
534.79,128.21,21.958,31.875
535.5,128.21,19.833,29.042
534.08,127.5,20.542,26.917
533.38,126.79,19.833,26.208
531.96,126.08,21.25,26.917
529.13,127.5,24.083,28.333
526.29,126.79,24.792,30.458
523.46,126.08,24.083,31.875
521.33,125.38,24.792,30.795
519.21,124.67,24.792,29.75
516.38,125.38,24.083,28.333
513.54,126.79,23.714,27.625
510.71,124.67,19.833,31.875
509.29,122.54,19.833,30.458
508.58,121.83,19.125,29.042
506.46,120.42,18.348,28.333
504.33,119,20.542,28.333
501.5,118.29,22.667,30.458
500.79,118.27,22.667,29.767
497.96,116.88,24.083,29.75
495.83,111.92,24.792,29.382
493.71,107.67,22.667,27.625
493,106.96,21.958,27.625
490.17,103.42,20.542,29.75
490.11,100.58,19.18,32.583
489.46,101.29,16.292,29.042
489.46,99.167,16.292,29.075
488.04,97.75,17.708,28.333
489.46,97.042,15.583,28.333
488.75,97.042,16.819,29.75
489.46,97.75,17.708,28.333
489.46,96.333,18.417,31.167
489.46,94.208,19.125,30.458
489.46,93.5,19.125,29.042
489.46,92.792,20.542,28.333
491.58,94.208,18.417,27.625
493,92.792,17,30.458
494.42,89.958,17,31.875
495.13,91.375,17,26.208
495.83,88.542,17.708,26.917
496.54,87.125,19.125,26.917
495.83,87.833,19.833,26.917
495.13,88.542,19.125,27.625
494.42,89.958,18.417,29.75
493.71,87.125,21.25,33.292
493,85.708,21.958,35.417
490.17,83.583,21.958,37.542
488.75,84.292,21.958,37.542
486.63,92.792,20.542,29.042
484.5,92.792,19.125,29.75
481.67,91.375,19.833,31.875
477.42,90.667,17.708,30.458
471.04,90.667,19.833,27.947
464.67,92.083,21.25,26.917
460.42,92.792,23.375,27.625
458.29,95.625,21.958,29.75
454.04,97.042,22.667,31.875
450.5,97.75,28.333,31.875
443.42,98.458,25.5,30.458
439.88,99.167,23.654,30.458
437.75,100.58,25.5,29.042
438.46,102,21.958,29.042
433.5,101.29,24.792,29.042
431.38,101.29,25.5,26.917
430.67,100.58,24.792,26.951
428.54,99.875,27.625,29.042
428.54,99.875,23.375,29.75
428.54,100.58,24.083,30.458
427.83,102,27.625,29.75
428.54,102.71,25.5,29.75
426.42,102.71,29.042,27.986
423.58,102,31.167,29.042
422.88,102,31.167,29.042
420.75,102.71,32.583,27.625
430.67,104.13,24.083,30.458
428.54,101.29,24.083,28.333
428.54,100.58,21.25,26.208
427.13,99.167,20.542,26.917
425.71,99.167,21.25,26.208
424.92,100.58,19.201,26.208
423.62,101.29,19.09,24.792
419.33,99.875,19.125,25.5
417.21,99.167,17.708,25.5
416.5,99.167,18.417,25.5
413.67,100.58,20.542,26.208
410.13,99.875,24.083,29.042
408,99.167,26.208,29.75
405.17,98.458,25.5,28.333
404.46,98.458,19.833,28.333
402.33,98.458,21.25,33.292
398.08,100.58,21.958,31.875
394.54,99.167,23.375,27.625
393.13,99.167,23.375,25.5
390.29,98.458,21.958,26.208
384.63,99.875,21.958,24.792
378.96,99.875,22.667,26.208
375.42,99.167,24.792,25.5
375.42,98.458,22.667,24.792
374.71,97.042,23.375,25.39
374.71,96.333,23.375,26.208
