NaN,NaN,NaN,-1
125,93,47,59
125,93,47,59
125,93,47,59
125,93,47,59
125,93,47,59
125,93,47,59
125,93,47,59
125,94,47,59
124,95,47,59
124,96,47,59
123,97,47,59
123,98,47,59
122,98,47,59
121,98,47,59
121,98,47,59
119,99,47,59
118,99,47,59
118,99,47,59
118,99,47,59
118,98,47,59
119,97,47,59
120,96,47,59
121,95,47,59
122,94,47,59
124,94,47,59
125,93,47,59
127,93,47,59
128,92,47,59
129,91,47,59
129,90,47,59
129,89,47,59
129,88,47,59
127,86,47,59
125,85,47,59
123,84,47,59
122,83,47,59
121,83,47,59
120,83,47,59
119,84,47,59
119,86,47,59
118,88,47,59
117,90,47,59
116,93,47,59
116,95,47,59
116,95,47,59
117,96,47,59
118,96,47,59
118,97,47,59
119,96,47,59
120,95,47,59
120,94,47,59
121,94,47,59
122,94,47,59
122,94,47,59
122,94,47,59
121,94,47,59
121,94,47,59
121,94,47,59
121,93,47,59
120,94,47,59
120,96,47,59
119,98,47,59
118,100,47,59
118,101,47,59
119,102,47,59
119,103,47,59
121,104,47,59
122,105,47,59
122,104,47,59
122,101,47,59
122,98,47,59
121,96,47,59
121,94,47,59
121,90,47,59
121,86,47,59
121,82,47,59
121,80,47,59
121,77,47,59
120,76,47,59
120,77,47,59
119,77,47,59
119,78,47,59
119,79,47,59
118,80,47,59
117,82,47,59
116,84,47,59
114,85,47,59
113,87,47,59
111,88,47,59
109,89,47,59
108,90,47,59
107,91,47,59
105,92,47,59
103,94,47,59
101,96,47,59
99,98,47,59
98,99,47,59
97,101,47,59
97,102,47,59
97,102,47,59
98,101,47,59
100,100,47,59
102,100,47,59
104,99,47,59
107,99,47,59
110,99,47,59
114,98,47,59
117,98,47,59
120,98,47,59
123,98,47,59
125,98,47,59
127,97,47,59
129,96,47,59
130,96,47,59
131,97,47,59
131,98,47,59
131,99,47,59
129,101,47,59
127,101,47,59
125,102,47,59
122,102,47,59
120,101,47,59
119,100,47,59
117,97,47,59
114,94,47,59
112,92,47,59
110,91,47,59
109,90,47,59
108,90,47,59
106,90,47,59
104,92,47,59
102,93,47,59
100,96,47,59
100,99,47,59
99,101,47,59
99,103,47,59
99,104,47,59
100,105,47,59
102,105,47,59
104,104,47,59
104,104,47,59
105,104,47,59
105,103,47,59
105,101,47,59
104,100,47,59
103,98,47,59
100,97,47,59
97,96,47,59
94,95,47,59
91,95,47,59
88,95,47,59
85,95,47,59
83,96,47,59
82,96,47,59
81,96,47,59
80,96,47,59
79,95,47,59
79,95,47,59
79,96,47,59
80,97,47,59
80,99,47,59
81,99,47,59
82,100,47,59
82,101,47,59
81,103,47,59
80,103,47,59
80,104,47,59
80,104,47,59
79,104,47,59
78,104,47,59
77,103,47,59
76,102,47,59
75,100,47,59
74,99,47,59
73,98,47,59
72,97,47,59
70,96,47,59
68,95,47,59
68,95,47,59
65,96,47,59
63,96,47,59
61,96,47,59
60,96,47,59
58,96,47,59
56,95,47,59
55,95,47,59
54,95,47,59
54,95,47,59
55,95,47,59
55,96,47,59
56,97,47,59
57,98,47,59
58,99,47,59
58,100,47,59
58,100,47,59
58,100,47,59
57,99,47,59
56,98,47,59
55,97,47,59
54,96,47,59
53,96,47,59
51,95,47,59
50,94,47,59
49,93,47,59
48,92,47,59
48,91,47,59
48,91,47,59
49,91,47,59
51,90,47,59
53,89,47,59
54,88,47,59
56,88,47,59
57,87,47,59
57,86,47,59
58,85,47,59
58,85,47,59
57,85,47,59
57,85,47,59
58,84,47,59
58,83,47,59
59,82,47,59
60,81,47,59
62,80,47,59
64,82,47,59
65,82,47,59
66,83,47,59
68,85,47,59
73,87,47,59
76,90,47,59
78,92,47,59
80,93,47,59
83,94,47,59
87,95,47,59
90,98,47,59
92,104,47,59
93,105,47,59
91,105,47,59
86,104,47,59
83,103,47,59
77,105,47,59
72,103,47,59
67,103,47,59
61,103,47,59
56,102,47,59
52,102,47,59
48,101,47,59
44,100,47,59
41,98,47,59
37,98,47,59
34,97,47,59
32,97,47,59
32,97,47,59
35,97,47,59
39,97,47,59
43,97,47,59
48,96,47,59
51,96,47,59
55,95,47,59
57,95,47,59
58,95,47,59
60,96,47,59
61,96,47,59
62,95,47,59
64,95,47,59
66,94,47,59
68,93,47,59
70,92,47,59
71,91,47,59
73,90,47,59
73,89,47,59
74,89,47,59
75,89,47,59
75,88,47,59
73,88,47,59
NaN,NaN,NaN,-2
NaN,NaN,NaN,0
NaN,NaN,NaN,0
NaN,NaN,NaN,0
NaN,NaN,NaN,0
NaN,NaN,NaN,-1
100,68,43,54
97,66,43,54
94,64,43,54
91,63,43,54
89,63,43,54
88,64,43,54
87,65,43,54
86,67,43,54
85,69,43,54
84,71,43,54
83,73,43,54
81,74,43,54
80,76,43,54
79,78,43,54
77,81,43,54
77,84,43,54
77,86,43,54
78,89,43,54
80,91,43,54
81,93,43,54
84,94,43,54
86,95,43,54
