NaN,NaN,NaN,-1
125,92,47,59
125,93,47,59
125,94,47,59
125,94,47,59
125,94,47,59
125,94,47,59
125,94,47,59
125,95,47,59
124,96,47,59
124,97,47,59
123,98,47,59
123,99,47,59
122,99,47,59
121,99,47,59
121,99,47,59
119,100,47,59
118,100,47,59
118,100,47,59
118,100,47,59
118,99,47,59
119,98,47,59
120,97,47,59
121,96,47,59
122,95,47,59
124,95,47,59
125,94,47,59
127,93,47,59
128,93,47,59
129,92,47,59
129,91,47,59
129,90,47,59
129,89,47,59
126,87,47,59
124,86,47,59
123,85,47,59
122,84,47,59
121,83,47,59
120,84,47,59
119,85,47,59
118,86,47,59
118,88,47,59
117,91,47,59
116,93,47,59
116,95,47,59
116,96,47,59
117,97,47,59
118,97,47,59
118,97,47,59
120,96,47,59
121,95,47,59
121,94,47,59
121,94,47,59
123,94,47,59
123,94,47,59
122,94,47,59
122,94,47,59
122,94,47,59
122,94,47,59
121,93,47,59
120,94,47,59
120,96,47,59
120,98,47,59
119,100,47,59
119,101,47,59
119,102,47,59
120,103,47,59
121,104,47,59
122,104,47,59
122,104,47,59
122,101,47,59
122,98,47,59
121,95,47,59
121,93,47,59
121,90,47,59
121,88,47,59
121,83,47,59
121,80,47,59
121,78,47,59
120,77,47,59
120,77,47,59
119,78,47,59
119,79,47,59
119,80,47,59
118,81,47,59
117,83,47,59
116,85,47,59
115,86,47,59
113,88,47,59
111,89,47,59
109,90,47,59
108,91,47,59
107,92,47,59
105,94,47,59
103,95,47,59
101,97,47,59
99,99,47,59
98,100,47,59
98,102,47,59
98,103,47,59
98,103,47,59
99,103,47,59
101,102,47,59
103,101,47,59
105,101,47,59
107,100,47,59
111,100,47,59
115,100,47,59
118,99,47,59
121,99,47,59
124,99,47,59
125,99,47,59
127,98,47,59
129,97,47,59
130,97,47,59
131,97,47,59
132,99,47,59
131,100,47,59
129,101,47,59
127,102,47,59
126,102,47,59
123,102,47,59
121,101,47,59
119,100,47,59
117,97,47,59
114,94,47,59
113,92,47,59
111,90,47,59
109,90,47,59
108,90,47,59
106,90,47,59
104,91,47,59
103,92,47,59
101,94,47,59
101,96,47,59
101,99,47,59
101,101,47,59
102,102,47,59
103,103,47,59
105,103,47,59
106,103,47,59
107,103,47,59
107,103,47,59
107,102,47,59
107,101,47,59
106,99,47,59
104,98,47,59
102,97,47,59
98,96,47,59
95,95,47,59
93,95,47,59
90,95,47,59
87,96,47,59
85,96,47,59
83,96,47,59
83,96,47,59
82,96,47,59
81,96,47,59
81,96,47,59
82,96,47,59
82,98,47,59
82,100,47,59
83,100,47,59
83,101,47,59
83,102,47,59
83,104,47,59
82,105,47,59
82,105,47,59
81,105,47,59
80,105,47,59
80,105,47,59
79,104,47,59
78,103,47,59
77,101,47,59
76,100,47,59
75,99,47,59
74,98,47,59
73,97,47,59
71,97,47,59
69,97,47,59
67,97,47,59
65,98,47,59
63,98,47,59
62,97,47,59
60,97,47,59
59,96,47,59
58,96,47,59
56,96,47,59
56,96,47,59
57,97,47,59
57,97,47,59
58,98,47,59
59,100,47,59
59,101,47,59
60,102,47,59
60,101,47,59
60,101,47,59
60,100,47,59
59,100,47,59
58,99,47,59
57,98,47,59
56,97,47,59
55,96,47,59
54,95,47,59
54,93,47,59
53,92,47,59
53,92,47,59
53,92,47,59
54,92,47,59
57,91,47,59
59,90,47,59
61,89,47,59
62,88,47,59
63,87,47,59
63,86,47,59
63,86,47,59
63,86,47,59
62,85,47,59
62,85,47,59
63,84,47,59
64,82,47,59
65,81,47,59
66,81,47,59
68,81,47,59
71,81,47,59
74,81,47,59
75,83,47,59
79,84,47,59
81,87,47,59
84,89,47,59
86,92,47,59
88,93,47,59
91,94,47,59
95,96,47,59
98,100,47,59
99,105,47,59
101,107,47,59
100,108,47,59
98,107,47,59
98,104,47,59
97,103,47,59
95,101,47,59
91,99,47,59
90,98,47,59
86,96,47,59
82,95,47,59
77,93,47,59
73,91,47,59
69,88,47,59
65,87,47,59
60,86,47,59
57,85,47,59
56,85,47,59
59,85,47,59
62,86,47,59
66,88,47,59
70,89,47,59
74,90,47,59
78,91,47,59
80,94,47,59
81,98,47,59
83,100,47,59
85,102,47,59
87,105,47,59
89,107,47,59
91,106,47,59
93,105,47,59
96,104,47,59
98,102,47,59
100,99,47,59
103,95,47,59
105,91,47,59
107,87,47,59
108,83,47,59
107,80,47,59
105,77,47,59
102,75,47,59
99,72,47,59
96,68,47,59
93,65,47,59
90,62,47,59
87,59,47,59
84,57,47,59
81,54,47,59
79,52,47,59
77,52,47,59
76,52,47,59
76,53,47,59
74,55,47,59
72,57,47,59
71,59,47,59
70,61,47,59
69,62,47,59
67,64,47,59
66,66,47,59
65,69,47,59
65,72,47,59
65,74,47,59
66,77,47,59
68,79,47,59
70,80,47,59
73,81,47,59
76,82,47,59
