NaN,NaN,NaN,-1
258,166,51,37
259,166,51,37
259,165,51,37
258,165,51,37
257,165,51,37
257,165,51,37
256,165,51,37
255,165,51,37
255,164,51,37
254,164,51,37
254,164,51,37
253,164,51,37
252,164,51,37
252,164,51,37
252,164,51,37
251,163,51,37
250,163,51,37
250,163,51,37
250,163,51,37
249,163,51,37
250,163,51,37
249,162,51,37
248,162,51,37
247,162,51,37
247,162,51,37
247,162,51,37
246,161,51,37
246,161,51,37
245,161,51,37
245,161,51,37
245,161,51,37
244,160,51,37
244,160,51,37
244,160,51,37
243,160,51,37
243,160,51,37
242,159,51,37
242,159,51,37
242,159,51,37
241,159,51,37
241,159,51,37
240,158,51,37
240,158,51,37
239,158,51,37
239,158,51,37
239,158,51,37
238,157,51,37
238,157,51,37
238,157,51,37
237,157,51,37
237,157,51,37
237,157,51,37
237,156,51,37
236,156,51,37
236,156,51,37
236,156,51,37
235,155,51,37
235,155,51,37
235,155,51,37
234,155,51,37
234,155,51,37
234,154,51,37
234,154,51,37
234,154,51,37
234,154,51,37
233,154,51,37
233,153,51,37
233,153,51,37
232,153,51,37
232,153,51,37
232,153,51,37
232,153,51,37
232,152,51,37
232,152,51,37
232,152,51,37
231,152,51,37
231,152,51,37
231,151,51,37
231,151,51,37
231,151,51,37
231,151,51,37
230,151,51,37
230,150,51,37
230,150,51,37
230,150,51,37
230,150,51,37
230,149,51,37
230,149,51,37
230,149,51,37
230,149,51,37
229,149,51,37
229,149,51,37
229,148,51,37
228,148,51,37
228,148,51,37
228,148,51,37
228,148,51,37
228,147,51,37
227,147,51,37
227,147,51,37
227,147,51,37
227,147,51,37
227,147,51,37
227,146,51,37
227,146,51,37
227,146,51,37
227,146,51,37
227,146,51,37
227,146,51,37
227,146,51,37
227,146,51,37
227,146,51,37
227,146,51,37
227,146,51,37
227,145,51,37
227,145,51,37
227,145,51,37
227,145,51,37
227,145,51,37
227,145,51,37
227,145,51,37
227,145,51,37
227,145,51,37
227,145,51,37
227,145,51,37
227,145,51,37
227,145,51,37
227,145,51,37
227,145,51,37
227,145,51,37
227,145,51,37
227,145,51,37
227,145,51,37
227,145,51,37
227,145,51,37
227,145,51,37
227,145,51,37
227,145,51,37
227,145,51,37
227,145,51,37
227,145,51,37
227,145,51,37
227,145,51,37
227,145,51,37
227,145,51,37
227,145,51,37
227,145,51,37
227,145,51,37
227,145,51,37
227,145,51,37
227,145,51,37
227,145,51,37
227,145,51,37
227,145,51,37
227,145,51,37
227,145,51,37
227,145,51,37
227,145,51,37
227,145,51,37
227,145,51,37
227,145,51,37
227,145,51,37
227,145,51,37
227,145,51,37
227,145,51,37
227,145,51,37
227,145,51,37
227,145,51,37
227,145,51,37
227,145,51,37
227,145,51,37
227,145,51,37
227,145,51,37
227,145,51,37
227,145,51,37
226,146,51,37
226,146,51,37
226,146,51,37
226,146,51,37
226,146,51,37
226,146,51,37
225,146,51,37
225,146,51,37
225,146,51,37
224,147,51,37
224,147,51,37
224,147,51,37
223,147,51,37
223,147,51,37
223,147,51,37
222,147,51,37
222,148,51,37
221,148,51,37
221,148,51,37
221,148,51,37
221,148,51,37
220,148,51,37
219,148,51,37
219,148,51,37
218,149,51,37
218,148,51,37
217,149,51,37
216,149,51,37
216,149,51,37
215,149,51,37
215,149,51,37
214,149,51,37
213,149,51,37
212,150,51,37
211,150,51,37
210,150,51,37
210,150,51,37
209,150,51,37
209,150,51,37
208,150,51,37
206,150,51,37
205,150,51,37
204,150,51,37
203,150,51,37
202,150,51,37
200,150,51,37
198,151,51,37
196,151,51,37
195,151,51,37
194,151,51,37
193,151,51,37
192,151,51,37
191,151,51,37
190,151,51,37
188,151,51,37
187,151,51,37
186,151,51,37
184,151,51,37
183,151,51,37
182,151,51,37
182,151,51,37
180,151,51,37
178,151,51,37
177,151,51,37
177,151,51,37
174,151,51,37
174,151,51,37
173,151,51,37
171,151,51,37
170,151,51,37
169,151,51,37
167,151,51,37
166,151,51,37
165,151,51,37
165,150,51,37
163,150,51,37
162,150,51,37
160,150,51,37
157,149,51,37
155,149,51,37
155,149,51,37
153,149,51,37
152,148,51,37
149,148,51,37
148,148,51,37
147,147,51,37
146,147,51,37
145,147,51,37
145,147,51,37
145,147,51,37
145,147,51,37
144,147,51,37
146,148,51,37
146,147,51,37
145,147,51,37
145,147,51,37
144,147,51,37
143,147,51,37
142,146,51,37
140,146,51,37
139,146,51,37
137,146,51,37
136,145,51,37
134,145,51,37
133,145,51,37
131,145,51,37
131,144,51,37
130,144,51,37
128,144,51,37
127,144,51,37
125,144,51,37
124,144,51,37
122,143,51,37
121,143,51,37
119,142,51,37
118,142,51,37
116,142,51,37
114,141,51,37
113,141,51,37
111,141,51,37
110,140,51,37
109,140,51,37
107,140,51,37
106,140,51,37
104,140,51,37
103,139,51,37
102,139,51,37
100,139,51,37
99,139,51,37
97,138,51,37
95,138,51,37
94,138,51,37
92,138,51,37
90,137,51,37
88,137,51,37
87,136,51,37
85,136,51,37
84,136,51,37
82,135,51,37
80,135,51,37
79,135,51,37
77,135,51,37
75,135,51,37
73,134,51,37
71,134,51,37
70,133,51,37
68,133,51,37
67,133,51,37
65,132,51,37
64,132,51,37
62,132,51,37
60,132,51,37
59,132,51,37
57,131,51,37
55,131,51,37
53,131,51,37
52,130,51,37
50,130,51,37
49,130,51,37
47,129,51,37
46,129,51,37
44,128,51,37
43,127,51,37
42,127,51,37
41,126,51,37
40,126,51,37
39,126,51,37
38,126,51,37
36,126,51,37
34,126,51,37
32,125,51,37
30,125,51,37
29,125,51,37
28,124,51,37
26,124,51,37
25,124,51,37
24,123,51,37
23,123,51,37
21,123,51,37
19,123,51,37
18,122,51,37
17,122,51,37
15,122,51,37
14,122,51,37
13,121,51,37
12,121,51,37
10,121,51,37
9,121,51,37
8,121,51,37
6,121,51,37
5,120,51,37
3,120,51,37
2,120,51,37
1,119,51,37
1,119,51,37
1,118,51,37
1,117,51,37
1,117,51,37
