NaN,NaN,NaN,-1
130,114,86,100
130,113,86,100
129,113,86,100
129,112,86,100
129,112,86,100
129,112,86,100
129,112,86,100
129,112,85,100
128,113,86,100
128,113,86,100
127,114,86,100
125,114,86,100
124,115,86,100
122,116,86,99
120,117,86,99
117,118,86,99
114,119,86,99
111,120,85,99
108,120,86,99
105,120,86,99
103,120,86,100
101,119,86,99
100,118,86,100
100,118,87,100
99,117,88,101
99,117,88,101
99,115,89,102
99,114,90,103
99,111,88,102
100,108,88,101
100,106,87,100
101,106,87,100
101,105,87,100
102,106,87,100
102,106,87,100
103,106,87,100
104,106,86,99
105,106,87,99
107,106,86,99
109,106,87,99
111,106,87,99
113,105,87,99
115,106,86,99
117,105,86,99
119,106,86,99
122,105,86,100
124,105,86,100
126,105,86,100
127,106,87,100
129,106,87,100
131,107,87,100
132,108,87,100
133,109,87,101
135,111,87,101
136,112,88,101
136,113,88,102
135,114,90,104
136,116,87,101
137,118,87,100
138,119,86,100
139,120,86,99
140,120,86,99
140,120,86,99
141,120,87,100
141,121,88,101
141,122,88,102
142,122,89,102
143,123,89,103
144,123,89,102
144,122,89,103
144,122,89,103
144,121,90,103
144,121,90,103
144,120,90,103
144,120,90,103
143,120,90,104
143,120,90,103
142,120,90,103
141,120,89,103
141,121,88,101
140,121,87,101
140,121,87,100
139,120,86,100
137,120,87,101
134,119,90,103
133,118,90,104
131,119,90,104
128,118,93,107
126,117,94,108
124,117,95,109
121,116,97,111
118,115,98,113
116,115,99,114
115,115,99,114
113,116,99,114
113,116,99,114
113,116,99,114
113,116,99,113
112,116,98,113
112,117,98,112
113,117,98,112
113,118,97,111
112,118,97,111
112,117,97,111
112,118,97,111
112,118,96,110
112,118,96,110
112,118,96,110
113,119,96,110
113,119,96,110
113,119,96,110
112,119,96,110
112,119,96,110
112,120,96,111
112,120,97,111
112,120,96,111
111,120,97,111
111,120,97,111
111,120,97,111
111,120,97,111
111,120,97,111
111,120,97,111
110,120,97,112
110,120,97,112
110,119,97,112
110,119,97,112
109,119,98,112
109,119,98,112
109,120,98,112
109,120,98,112
109,120,97,112
109,119,97,112
108,119,97,112
107,119,98,113
106,118,98,114
104,117,101,116
104,116,101,117
104,116,101,117
103,116,101,117
102,115,102,118
102,115,102,117
103,115,100,116
104,116,98,114
104,115,98,114
104,115,97,113
104,115,97,113
104,115,97,113
103,115,96,112
103,115,96,112
102,115,96,112
102,115,97,112
102,114,96,112
101,114,97,112
101,113,97,112
101,113,97,112
101,114,96,112
101,114,96,112
101,114,96,112
100,113,96,112
100,113,96,112
100,113,96,112
100,113,96,112
100,114,96,112
101,114,96,112
101,114,96,111
101,114,96,112
101,114,96,112
101,115,96,112
101,115,96,112
101,115,96,112
101,115,97,112
101,115,97,113
100,115,97,113
100,115,98,113
100,116,97,113
101,117,96,112
100,117,96,112
98,116,98,113
97,115,100,116
97,115,102,118
96,114,104,120
95,113,106,122
95,112,107,123
94,112,108,124
94,111,109,124
94,111,109,124
94,112,108,123
94,113,108,122
94,114,107,122
94,114,107,121
94,114,107,121
94,114,107,122
94,114,107,122
95,114,107,122
95,114,107,122
95,114,107,122
94,114,107,122
95,115,107,122
94,115,107,122
94,115,107,122
94,115,107,122
94,115,107,122
94,115,107,122
94,115,107,122
94,115,107,122
94,116,107,121
94,116,107,121
93,117,106,121
93,118,107,121
93,119,106,121
93,121,106,120
93,122,106,120
93,123,106,120
94,124,105,120
94,124,105,120
94,124,105,120
94,124,105,120
95,125,103,118
95,125,101,116
96,125,99,114
97,124,97,112
99,123,95,110
99,120,95,110
99,118,96,111
98,117,97,111
99,113,97,111
99,111,97,111
100,108,96,110
100,105,97,111
100,104,97,111
100,102,97,111
100,102,98,112
100,101,98,112
100,101,97,111
100,101,97,111
100,101,97,111
100,101,97,111
100,102,96,110
101,103,96,110
101,104,96,110
102,104,96,110
102,105,96,110
103,105,97,111
103,106,97,111
104,106,97,111
105,107,97,111
105,108,97,111
106,108,98,111
106,109,97,111
106,110,97,111
107,111,97,111
107,112,97,111
107,114,97,111
107,115,97,111
107,115,97,111
107,116,97,111
107,117,96,110
107,118,96,110
107,119,96,110
107,120,95,110
107,121,95,109
107,122,95,110
106,122,96,110
106,122,96,110
106,122,96,110
106,123,96,110
106,123,96,110
106,123,96,110
106,123,96,110
106,123,95,110
106,124,95,110
105,124,95,109
105,125,94,108
105,125,94,108
105,124,93,107
105,123,91,105
105,123,90,104
106,122,90,103
107,122,88,102
108,122,87,101
108,123,86,100
108,123,86,100
106,123,87,101
104,123,88,102
104,124,89,103
104,124,88,102
104,123,88,102
105,123,87,101
104,122,87,100
104,123,86,100
104,123,86,100
104,123,86,99
104,123,86,99
104,123,86,99
104,123,86,99
103,123,86,99
103,123,86,99
103,123,86,99
103,124,86,99
103,124,86,99
103,124,86,99
103,124,86,99
103,124,86,99
102,124,86,99
102,125,86,99
102,124,86,99
102,124,86,99
102,123,86,100
102,123,86,100
101,123,87,100
101,123,87,100
100,124,88,101
99,124,89,102
99,125,89,103
99,125,89,103
98,126,90,104
97,127,90,105
97,127,91,105
97,127,91,105
98,126,91,106
98,126,91,106
97,126,92,106
97,125,93,107
97,125,92,107
96,124,93,108
95,124,93,108
95,124,92,107
95,124,92,107
94,123,92,107
93,124,92,107
92,124,92,107
91,124,92,107
91,123,92,107
90,124,92,107
90,123,92,107
89,123,92,107
88,123,92,107
88,123,92,107
86,124,92,106
85,124,92,106
83,125,91,106
81,126,91,106
80,127,91,105
78,127,90,105
75,127,91,106
73,127,91,105
72,127,91,106
71,127,91,106
71,127,91,106
70,126,92,106
71,126,92,106
72,127,91,105
73,127,91,104
76,128,88,102
77,128,85,99
77,128,85,99
77,128,86,100
76,128,87,101
75,127,88,102
73,127,89,103
73,127,89,104
72,126,90,104
72,126,91,105
72,125,91,105
72,125,91,105
73,125,91,106
73,124,91,106
75,125,91,105
76,125,91,105
77,125,91,105
78,125,91,105
79,125,91,105
80,125,91,105
81,125,91,105
82,125,91,105
83,125,91,104
83,125,91,104
84,124,91,105
85,124,91,105
85,123,91,105
85,122,92,105
86,121,91,105
87,120,91,105
87,119,91,105
87,119,92,105
88,118,91,105
89,118,92,105
89,118,92,106
89,117,92,106
89,117,92,106
89,116,92,106
89,116,92,106
89,116,92,106
89,116,92,106
89,116,93,107
88,116,93,107
88,116,93,108
87,116,94,109
86,116,94,109
85,115,96,111
85,115,96,112
84,114,97,113
84,114,98,114
84,114,99,114
85,114,99,114
87,114,98,113
88,114,98,113
89,115,97,111
91,116,95,109
94,117,92,107
93,117,92,107
93,117,92,106
93,118,91,106
93,119,91,106
