NaN,NaN,NaN,-1
207,112,29,103
206,110,29,103
205,108,29,103
206,105,29,103
206,105,29,103
204,104,29,103
204,103,29,103
203,103,29,103
199,103,29,103
200,106,29,103
204,106,29,103
211,104,29,103
213,102,29,103
213,102,29,103
213,102,29,103
213,102,29,103
213,102,29,103
211,101,29,103
209,102,29,103
208,103,29,103
209,102,29,103
209,101,29,103
211,102,29,103
212,98,29,103
213,96,29,103
214,95,29,103
214,94,29,103
213,93,29,103
213,93,29,103
213,93,29,103
212,94,29,103
215,96,29,103
219,96,29,103
219,94,29,103
220,92,29,103
220,91,29,103
221,90,29,103
222,89,29,103
223,89,29,103
222,90,29,103
220,94,29,103
218,99,29,103
217,105,29,103
216,108,29,103
217,109,29,103
219,110,29,103
221,109,29,103
222,108,29,103
220,107,29,103
217,106,29,103
213,105,29,103
207,105,29,103
202,105,29,103
196,105,29,103
194,106,29,103
193,106,29,103
192,103,29,103
193,104,29,103
195,104,29,103
197,105,29,103
200,107,29,103
201,108,29,103
202,109,29,103
202,109,29,103
199,109,29,103
196,109,29,103
197,107,29,103
200,106,29,103
205,108,29,103
214,106,29,103
223,103,29,103
228,99,29,103
228,96,29,103
225,96,29,103
218,95,29,103
210,96,29,103
202,98,29,103
196,98,29,103
191,97,29,103
190,91,29,103
192,84,29,103
195,77,29,103
200,73,29,103
201,71,29,103
202,70,29,103
203,70,29,103
204,71,29,103
203,74,29,103
202,79,29,103
200,86,29,103
200,92,29,103
201,99,29,103
202,101,29,103
205,101,29,103
209,103,29,103
213,105,29,103
214,109,29,103
213,114,29,103
212,118,29,103
209,121,29,103
208,125,29,103
207,128,29,103
205,130,29,103
204,130,29,103
204,129,29,103
205,127,29,103
207,126,29,103
209,123,29,103
211,121,29,103
212,118,29,103
214,114,29,103
205,114,29,103
206,113,29,103
208,111,29,103
208,109,29,103
211,109,29,103
214,109,29,103
217,110,29,103
220,110,29,103
223,112,29,103
226,113,29,103
230,114,29,103
235,116,29,103
NaN,NaN,NaN,-2
NaN,NaN,NaN,0
NaN,NaN,NaN,0
NaN,NaN,NaN,0
NaN,NaN,NaN,0
NaN,NaN,NaN,-1
219,126,29,93
222,127,29,93
223,128,29,93
224,129,29,93
226,130,29,93
229,130,29,93
232,131,29,93
231,131,29,93
230,130,29,93
231,130,29,93
232,129,29,93
235,129,29,93
238,128,29,93
240,127,29,93
242,126,29,93
244,126,29,93
250,126,29,93
NaN,NaN,NaN,-2
NaN,NaN,NaN,0
NaN,NaN,NaN,0
NaN,NaN,NaN,0
NaN,NaN,NaN,0
NaN,NaN,NaN,-1
230,111,29,93
231,110,29,93
232,109,29,93
233,109,29,93
234,108,29,93
233,108,29,93
233,107,29,93
233,108,29,93
234,108,29,93
234,108,29,93
236,107,29,93
237,108,29,93
238,109,29,93
239,109,29,93
239,110,29,93
239,111,29,93
239,112,29,93
237,113,29,93
236,116,29,93
234,118,29,93
229,117,29,93
226,118,29,93
225,116,29,93
226,115,29,93
225,114,29,93
225,111,29,93
225,111,29,93
226,110,29,93
223,110,29,93
223,110,29,93
222,111,29,93
219,111,29,93
217,112,29,93
216,112,29,93
218,113,29,93
219,116,29,93
220,115,29,93
221,116,29,93
222,117,29,93
223,118,29,93
222,117,29,93
222,117,29,93
222,118,29,93
222,120,29,93
222,122,29,93
225,123,29,93
228,123,29,93
231,124,29,93
233,125,29,93
235,126,29,93
237,127,29,93
NaN,NaN,NaN,-2
NaN,NaN,NaN,0
NaN,NaN,NaN,0
NaN,NaN,NaN,0
NaN,NaN,NaN,0
NaN,NaN,NaN,-1
207,108,29,89
206,112,29,89
207,114,29,89
208,118,29,89
209,121,29,89
210,123,29,89
210,126,29,89
209,127,29,89
209,128,29,89
209,129,29,89
210,129,29,89
211,129,29,89
212,128,29,89
212,128,29,89
213,128,29,89
215,128,29,89
215,127,29,89
216,128,29,89
217,128,29,89
217,127,29,89
216,126,29,89
215,127,29,89
214,126,29,89
209,123,29,89
208,123,29,89
208,124,29,89
208,125,29,89
208,127,29,89
205,126,29,89
206,128,29,89
206,128,29,89
206,127,29,89
205,127,29,89
205,126,29,89
206,125,29,89
208,126,29,89
211,125,29,89
214,125,29,89
217,125,29,89
219,125,29,89
220,125,29,89
221,124,29,89
222,124,29,89
222,122,29,89
221,119,29,89
219,117,29,89
218,114,29,89
218,112,29,89
219,111,29,89
221,111,29,89
221,113,29,89
223,113,29,89
223,113,29,89
221,112,29,89
220,112,29,89
218,112,29,89
216,113,29,89
214,113,29,89
210,112,29,89
210,112,29,89
209,111,29,89
208,111,29,89
207,111,29,89
206,109,29,89
204,110,29,89
201,110,29,89
199,109,29,89
196,108,29,89
194,108,29,89
192,108,29,89
189,106,29,89
189,104,29,89
188,104,29,89
186,102,29,89
185,100,29,89
184,97,29,89
184,95,29,89
183,92,29,89
181,91,29,89
178,90,29,89
175,88,29,89
174,86,29,89
173,83,29,89
173,79,29,89
173,77,29,89
172,75,29,89
172,75,29,89
171,74,29,89
169,74,29,89
167,73,29,89
165,72,29,89
162,71,29,89
160,70,29,89
158,70,29,89
158,69,29,89
157,69,29,89
156,69,29,89
154,71,29,89
153,72,29,89
151,74,29,89
150,76,29,89
147,78,29,89
145,79,29,89
144,79,29,89
144,78,29,89
143,77,29,89
142,76,29,89
142,74,29,89
142,74,29,89
141,74,29,89
140,74,29,89
139,74,29,89
138,74,29,89
137,74,29,89
136,74,29,89
136,74,29,89
136,74,29,89
135,74,29,89
135,74,29,89
136,74,29,89
138,75,29,89
139,77,29,89
140,80,29,89
141,83,29,89
142,87,29,89
143,90,29,89
144,91,29,89
146,93,29,89
152,91,29,89
162,88,29,89
170,86,29,89
172,86,29,89
172,85,29,89
173,85,29,89
173,85,29,89
171,85,29,89
166,86,29,89
162,86,29,89
158,86,29,89
154,86,29,89
151,86,29,89
150,85,29,89
149,84,29,89
148,83,29,89
148,83,29,89
149,84,29,89
149,84,29,89
148,85,29,89
147,85,29,89
147,85,29,89
144,86,29,89
142,84,29,89
142,80,29,89
142,77,29,89
141,75,29,89
141,75,29,89
144,75,29,89
151,76,29,89
156,77,29,89
158,80,29,89
160,84,29,89
162,88,29,89
161,92,29,89
161,95,29,89
162,97,29,89
162,99,29,89
161,101,29,89
163,101,29,89
164,102,29,89
163,103,29,89
162,105,29,89
161,106,29,89
159,107,29,89
156,107,29,89
154,105,29,89
154,102,29,89
153,98,29,89
152,92,29,89
152,87,29,89
154,83,29,89
156,77,29,89
159,72,29,89
163,69,29,89
166,67,29,89
167,67,29,89
167,68,29,89
168,69,29,89
168,69,29,89
167,71,29,89
164,76,29,89
161,80,29,89
158,83,29,89
155,86,29,89
151,90,29,89
147,95,29,89
144,98,29,89
142,100,29,89
140,101,29,89
139,102,29,89
139,102,29,89
140,101,29,89
142,99,29,89
144,97,29,89
145,95,29,89
146,92,29,89
148,90,29,89
151,86,29,89
153,84,29,89
154,84,29,89
155,82,29,89
156,79,29,89
156,77,29,89
157,75,29,89
158,72,29,89
159,70,29,89
158,70,29,89
158,69,29,89
157,69,29,89
156,70,29,89
154,71,29,89
153,71,29,89
151,71,29,89
148,71,29,89
145,71,29,89
143,70,29,89
141,68,29,89
140,67,29,89
140,66,29,89
140,66,29,89
141,64,29,89
142,62,29,89
143,59,29,89
144,57,29,89
145,56,29,89
146,55,29,89
147,55,29,89
148,54,29,89
151,53,29,89
155,53,29,89
161,53,29,89
163,56,29,89
163,63,29,89
164,68,29,89
165,72,29,89
164,77,29,89
164,79,29,89
165,80,29,89
165,81,29,89
164,82,29,89
164,82,29,89
164,82,29,89
165,82,29,89
164,84,29,89
162,86,29,89
161,90,29,89
160,91,29,89
158,93,29,89
157,94,29,89
155,95,29,89
154,96,29,89
153,96,29,89
152,97,29,89
152,96,29,89
153,95,29,89
153,95,29,89
154,95,29,89
154,96,29,89
154,96,29,89
153,97,29,89
153,96,29,89
152,94,29,89
153,91,29,89
152,90,29,89
152,88,29,89
152,85,29,89
153,82,29,89
153,81,29,89
155,78,29,89
158,75,29,89
161,73,29,89
162,71,29,89
163,69,29,89
163,67,29,89
163,66,29,89
164,65,29,89
164,65,29,89
164,64,29,89
164,64,29,89
165,64,29,89
166,64,29,89
167,65,29,89
167,65,29,89
167,65,29,89
168,64,29,89
168,63,29,89
168,62,29,89
168,61,29,89
167,60,29,89
166,59,29,89
165,59,29,89
164,59,29,89
161,60,29,89
159,60,29,89
157,61,29,89
155,61,29,89
152,62,29,89
149,62,29,89
146,61,29,89
143,60,29,89
141,59,29,89
139,58,29,89
138,57,29,89
137,57,29,89
137,57,29,89
134,58,29,89
133,59,29,89
132,59,29,89
131,59,29,89
130,59,29,89
130,59,29,89
130,59,29,89
130,59,29,89
131,61,29,89
132,66,29,89
136,71,29,89
139,76,29,89
141,82,29,89
147,87,29,89
153,90,29,89
155,92,29,89
155,92,29,89
155,92,29,89
154,88,29,89
152,84,29,89
151,80,29,89
152,76,29,89
151,71,29,89
151,66,29,89
150,65,29,89
149,63,29,89
148,61,29,89
147,61,29,89
147,60,29,89
144,59,29,89
137,57,29,89
132,54,29,89
128,51,29,89
123,47,29,89
117,42,29,89
115,36,29,89
121,27,29,89
134,20,29,89
152,17,29,89
NaN,NaN,NaN,-2
NaN,NaN,NaN,0
NaN,NaN,NaN,0
NaN,NaN,NaN,0
NaN,NaN,NaN,0
NaN,NaN,NaN,-1
249,25,41,148
248,26,41,148
244,25,41,148
238,31,41,148
241,46,41,148
246,50,41,148
246,57,41,148
237,69,41,148
223,83,41,148
209,95,41,148
200,100,41,148
192,100,41,148
187,99,41,148
180,99,41,148
175,96,41,148
177,93,41,148
181,90,41,148
182,84,41,148
186,79,41,148
191,76,41,148
195,77,41,148
196,76,41,148
196,76,41,148
196,81,41,148
191,86,41,148
192,87,41,148
192,88,41,148
188,92,41,148
