NaN,NaN,NaN,-1
206,114,26,102
206,114,26,102
206,111,26,102
203,111,26,102
203,111,26,102
203,108,26,102
203,108,26,102
206,108,26,102
206,105,26,102
214,110,26,102
211,105,26,102
214,102,26,102
217,102,26,102
214,105,26,102
214,102,26,102
214,102,26,102
211,105,26,102
211,102,26,102
211,102,26,102
211,102,26,102
211,102,26,102
211,99,26,102
214,99,26,102
214,99,26,102
217,99,26,102
217,96,26,102
217,93,26,102
217,93,26,102
217,93,26,102
214,93,26,102
217,93,26,102
217,93,26,102
220,90,26,102
220,90,26,102
217,93,26,102
220,93,26,102
220,90,26,102
220,90,26,102
223,90,26,102
220,93,26,102
220,98,26,102
220,101,26,102
220,101,26,102
223,106,26,102
220,106,26,102
220,106,26,102
220,109,26,102
220,104,26,102
217,107,26,102
214,104,26,102
211,101,26,102
206,101,26,102
201,104,26,102
198,104,26,102
198,101,26,102
198,98,26,102
193,101,26,102
193,101,26,102
196,104,26,102
196,104,26,102
199,104,26,102
199,107,26,102
202,107,26,102
202,110,26,102
199,107,26,102
199,107,26,102
199,104,26,102
202,107,26,102
207,104,26,102
212,101,26,102
220,101,26,102
223,98,26,102
223,95,26,102
220,95,26,102
212,95,26,102
207,95,26,102
202,95,26,102
197,95,26,102
194,92,26,102
191,87,26,102
191,79,26,102
194,71,26,102
199,68,26,102
199,68,26,102
199,65,26,102
202,62,26,102
202,65,26,102
202,68,26,102
202,73,26,102
199,78,26,102
199,86,26,102
202,89,26,102
202,92,26,102
202,95,26,102
205,98,26,102
205,103,26,102
205,108,26,102
205,113,26,102
205,116,26,102
205,119,26,102
202,122,26,102
197,127,26,102
202,124,26,102
202,124,26,102
202,124,26,102
202,124,26,102
202,124,26,102
205,121,26,102
205,118,26,102
205,115,26,102
205,115,26,102
205,112,26,102
202,112,26,102
202,109,26,102
205,106,26,102
205,106,26,102
208,106,26,102
205,109,26,102
208,109,26,102
208,112,26,102
208,112,26,102
208,112,26,102
208,115,26,102
211,115,26,102
214,115,26,102
214,115,26,102
214,115,26,102
217,115,26,102
220,115,26,102
220,118,26,102
223,118,26,102
223,118,26,102
223,121,26,102
226,121,26,102
226,121,26,102
226,121,26,102
226,121,26,102
229,118,26,102
232,118,26,102
229,118,26,102
232,115,26,102
232,115,26,102
232,115,26,102
232,112,26,102
232,112,26,102
232,112,26,102
229,112,26,102
229,112,26,102
232,109,26,102
229,109,26,102
229,106,26,102
229,106,26,102
229,106,26,102
232,103,26,102
232,103,26,102
232,103,26,102
232,103,26,102
232,103,26,102
232,103,26,102
232,100,26,102
235,100,26,102
232,100,26,102
235,97,26,102
235,97,26,102
235,100,26,102
235,97,26,102
235,100,26,102
235,100,26,102
235,100,26,102
232,100,26,102
232,100,26,102
229,100,26,102
229,97,26,102
226,97,26,102
223,97,26,102
223,97,26,102
220,97,26,102
220,97,26,102
220,97,26,102
217,97,26,102
217,97,26,102
217,97,26,102
217,94,26,102
214,97,26,102
214,97,26,102
217,94,26,102
214,97,26,102
217,97,26,102
217,97,26,102
217,97,26,102
217,100,26,102
214,103,26,102
214,103,26,102
214,103,26,102
214,100,26,102
214,103,26,102
217,100,26,102
214,100,26,102
217,97,26,102
214,100,26,102
214,100,26,102
211,100,26,102
208,103,26,102
208,103,26,102
208,103,26,102
205,103,26,102
205,103,26,102
205,103,26,102
205,103,26,102
208,103,26,102
205,108,26,102
205,111,26,102
208,114,26,102
208,119,26,102
208,122,26,102
208,125,26,102
205,128,26,102
205,128,26,102
205,128,26,102
205,131,26,102
205,131,26,102
205,131,26,102
205,131,26,102
205,131,26,102
205,131,26,102
205,131,26,102
205,131,26,102
205,131,26,102
205,131,26,102
205,131,26,102
202,131,26,102
202,128,26,102
199,128,26,102
196,128,26,102
196,128,26,102
193,128,26,102
193,128,26,102
190,131,26,102
190,131,26,102
193,128,26,102
193,128,26,102
193,131,26,102
193,128,26,102
196,128,26,102
199,128,26,102
202,128,26,102
205,128,26,102
208,128,26,102
211,128,26,102
211,128,26,102
211,128,26,102
211,125,26,102
211,125,26,102
211,122,26,102
211,119,26,102
214,116,26,102
211,116,26,102
211,113,26,102
211,113,26,102
211,113,26,102
211,113,26,102
211,113,26,102
211,110,26,102
208,113,26,102
208,113,26,102
205,116,26,102
205,116,26,102
205,113,26,102
202,116,26,102
202,116,26,102
202,116,26,102
202,116,26,102
199,116,26,102
199,113,26,102
196,113,26,102
193,113,26,102
193,113,26,102
190,113,26,102
187,113,26,102
187,110,26,102
184,110,26,102
184,107,26,102
181,107,26,102
178,107,26,102
178,104,26,102
178,101,26,102
175,101,26,102
175,101,26,102
172,98,26,102
169,98,26,102
169,95,26,102
169,92,26,102
169,89,26,102
169,86,26,102
169,86,26,102
169,83,26,102
166,86,26,102
163,83,26,102
163,83,26,102
160,83,26,102
157,83,26,102
157,80,26,102
157,80,26,102
154,80,26,102
154,80,26,102
154,77,26,102
151,80,26,102
151,80,26,102
148,83,26,102
148,83,26,102
145,86,26,102
142,86,26,102
142,86,26,102
142,86,26,102
142,83,26,102
142,83,26,102
139,83,26,102
139,83,26,102
139,83,26,102
139,80,26,102
136,83,26,102
136,83,26,102
133,83,26,102
133,83,26,102
133,83,26,102
133,83,26,102
133,83,26,102
133,83,26,102
133,83,26,102
136,83,26,102
136,86,26,102
136,89,26,102
136,92,26,102
139,95,26,102
139,100,26,102
142,100,26,102
145,100,26,102
150,100,26,102
161,97,26,102
166,97,26,102
166,97,26,102
169,94,26,102
166,97,26,102
166,97,26,102
163,97,26,102
163,97,26,102
160,97,26,102
157,97,26,102
149,97,26,102
146,97,26,102
146,97,26,102
146,94,26,102
143,94,26,102
146,94,26,102
146,94,26,102
146,94,26,102
143,97,26,102
143,97,26,102
143,94,26,102
140,97,26,102
140,94,26,102
140,91,26,102
140,88,26,102
140,85,26,102
140,85,26,102
143,85,26,102
151,85,26,102
156,88,26,102
159,91,26,102
162,94,26,102
162,99,26,102
162,102,26,102
162,105,26,102
165,108,26,102
162,111,26,102
162,111,26,102
165,111,26,102
162,111,26,102
162,114,26,102
159,117,26,102
159,117,26,102
156,117,26,102
153,117,26,102
150,120,26,102
153,115,26,102
153,110,26,102
153,105,26,102
153,100,26,102
156,95,26,102
156,90,26,102
161,85,26,102
166,80,26,102
169,80,26,102
169,80,26,102
172,80,26,102
172,80,26,102
172,80,26,102
169,85,26,102
166,88,26,102
161,93,26,102
158,96,26,102
155,99,26,102
150,104,26,102
147,107,26,102
142,112,26,102
139,115,26,102
139,115,26,102
139,115,26,102
139,115,26,102
142,115,26,102
142,112,26,102
145,112,26,102
148,109,26,102
148,106,26,102
151,103,26,102
154,100,26,102
157,97,26,102
157,97,26,102
157,97,26,102
157,94,26,102
157,91,26,102
160,88,26,102
160,85,26,102
160,85,26,102
160,85,26,102
157,85,26,102
160,82,26,102
155,85,26,102
152,85,26,102
152,85,26,102
152,85,26,102
147,85,26,102
144,85,26,102
144,82,26,102
141,82,26,102
141,82,26,102
144,79,26,102
141,79,26,102
144,79,26,102
144,76,26,102
144,73,26,102
147,70,26,102
147,70,26,102
147,70,26,102
150,67,26,102
150,67,26,102
153,67,26,102
156,67,26,102
161,70,26,102
161,73,26,102
161,78,26,102
164,83,26,102
164,86,26,102
164,91,26,102
161,94,26,102
164,94,26,102
164,94,26,102
164,94,26,102
164,94,26,102
164,94,26,102
164,97,26,102
164,97,26,102
161,100,26,102
158,105,26,102
158,105,26,102
155,108,26,102
155,111,26,102
152,111,26,102
152,111,26,102
152,111,26,102
152,111,26,102
152,111,26,102
149,111,26,102
152,111,26,102
152,111,26,102
152,111,26,102
152,111,26,102
152,111,26,102
152,111,26,102
152,108,26,102
152,105,26,102
152,105,26,102
152,102,26,102
152,99,26,102
152,96,26,102
152,96,26,102
155,93,26,102
158,90,26,102
161,87,26,102
161,87,26,102
164,84,26,102
161,84,26,102
164,81,26,102
164,81,26,102
164,81,26,102
164,81,26,102
161,81,26,102
161,81,26,102
164,81,26,102
164,81,26,102
164,81,26,102
164,81,26,102
164,81,26,102
164,81,26,102
164,81,26,102
164,78,26,102
167,75,26,102
167,75,26,102
164,75,26,102
164,75,26,102
161,75,26,102
156,78,26,102
156,75,26,102
153,78,26,102
150,78,26,102
145,78,26,102
142,78,26,102
139,78,26,102
139,75,26,102
136,75,26,102
136,72,26,102
133,75,26,102
133,72,26,102
130,75,26,102
130,75,26,102
130,75,26,102
127,75,26,102
127,75,26,102
127,75,26,102
127,75,26,102
130,75,26,102
127,78,26,102
127,83,26,102
132,88,26,102
135,93,26,102
138,98,26,102
143,103,26,102
151,106,26,102
151,109,26,102
154,109,26,102
154,106,26,102
151,103,26,102
148,100,26,102
148,97,26,102
148,94,26,102
148,89,26,102
148,84,26,102
148,84,26,102
148,81,26,102
145,78,26,102
145,78,26,102
145,78,26,102
142,75,26,102
134,75,26,102
131,70,26,102
126,67,26,102
121,64,26,102
116,59,26,102
116,54,26,102
135,43,26,102
157,40,26,102
182,35,26,102
204,19,26,102
223,16,26,102
234,30,26,102
226,30,26,102
242,33,26,102
258,30,26,102
255,30,26,102
252,33,26,102
247,36,26,102
239,44,26,102
234,44,26,102
237,52,26,102
237,57,26,102
240,62,26,102
226,76,26,102
212,87,26,102
204,90,26,102
199,90,26,102
194,90,26,102
183,112,26,102
180,109,26,102
180,106,26,102
185,103,26,102
188,98,26,102
191,95,26,102
196,92,26,102
199,92,26,102
199,92,26,102
199,92,26,102
199,92,26,102
191,97,26,102
188,100,26,102
188,103,26,102
185,106,26,102
