NaN,NaN,NaN,-1
124,93,53,56
123,94,55,56
124,94,55,56
124,94,55,56
124,94,55,54
124,94,55,56
124,95,55,54
124,95,55,54
123,96,55,54
123,98,55,54
123,99,54,54
122,99,55,54
121,99,55,54
120,101,56,52
120,100,54,53
119,100,54,54
118,100,55,54
117,100,55,54
117,100,55,53
117,99,55,54
118,98,55,54
119,97,54,54
120,96,54,53
122,96,54,52
123,95,54,53
125,94,54,54
126,94,55,53
128,93,53,53
129,92,54,58
129,91,54,53
129,90,53,53
128,89,55,58
127,87,53,53
125,86,53,54
123,84,53,53
122,83,54,53
120,83,53,53
119,83,54,53
119,84,54,53
119,86,54,53
118,88,53,53
117,90,53,54
119,93,51,53
117,96,55,52
117,96,53,54
115,98,58,53
119,98,55,53
120,98,55,53
121,98,55,52
123,97,53,51
123,95,54,52
123,95,55,52
124,94,55,53
125,94,55,53
124,94,55,53
124,93,55,54
122,94,58,53
123,92,57,54
123,92,57,54
121,97,58,50
121,97,58,53
123,97,55,54
122,99,55,54
122,100,55,54
122,102,55,53
122,103,55,54
123,103,55,53
124,105,56,51
125,106,54,49
125,106,54,47
127,104,53,47
125,101,53,48
125,94,52,55
122,93,57,49
124,95,55,45
126,92,51,47
127,87,52,45
126,88,49,43
126,88,53,41
125,91,54,39
124,91,53,39
124,86,53,44
124,94,52,37
124,94,53,39
123,97,53,37
121,98,54,40
120,100,51,38
119,101,52,38
117,102,52,41
115,103,53,39
114,104,52,39
113,107,52,37
111,108,50,37
109,109,51,37
108,111,49,37
105,112,50,38
104,113,50,38
103,115,51,38
104,116,50,38
103,116,52,39
104,115,52,39
106,115,53,39
108,113,51,40
110,112,50,41
112,113,50,39
116,112,50,40
119,112,50,40
123,111,50,41
125,110,50,42
128,111,50,41
131,111,50,40
133,109,51,41
135,110,49,40
136,108,51,41
137,104,54,47
138,111,53,41
138,112,53,42
136,115,52,41
134,114,54,41
132,115,53,39
129,113,53,41
127,112,53,41
126,112,53,41
124,109,53,40
121,106,52,43
120,104,52,43
118,102,52,43
116,102,53,40
115,101,52,42
114,103,52,41
112,103,51,43
110,105,51,42
109,101,51,46
108,110,54,41
108,112,52,40
109,114,52,40
109,116,53,40
111,112,52,45
112,117,53,40
113,117,55,40
113,118,54,40
113,118,55,39
113,117,54,40
112,114,56,41
110,114,57,45
109,112,55,40
107,109,55,42
102,109,57,41
100,109,55,40
98,108,57,40
95,109,53,39
91,109,57,40
89,110,56,40
88,110,56,40
86,110,58,40
88,105,56,45
85,106,56,43
87,104,56,45
88,109,55,41
87,110,55,45
88,109,55,44
88,114,54,40
91,114,52,40
88,117,55,39
89,119,53,39
88,120,53,39
88,120,53,39
87,120,54,39
86,120,53,38
86,120,53,38
85,120,52,38
85,118,51,38
81,116,54,38
81,116,53,37
77,114,56,38
80,114,52,37
79,111,53,39
77,111,53,38
75,110,53,39
72,111,55,39
72,112,51,38
66,112,56,39
64,112,56,39
66,111,53,39
63,111,54,39
64,110,53,40
62,110,52,40
63,110,51,40
64,111,50,40
64,112,52,40
66,113,50,39
67,115,50,38
68,116,50,39
67,116,51,44
67,116,52,38
65,115,54,39
63,114,54,39
63,115,54,38
64,113,52,39
66,112,50,39
64,111,51,40
63,111,51,37
63,108,50,40
62,108,50,39
60,106,52,39
62,106,50,40
63,106,49,39
64,106,50,39
66,98,50,46
68,98,50,46
69,97,51,46
69,96,53,48
69,93,55,48
69,95,55,46
70,94,56,46
72,94,55,46
71,93,55,47
71,93,57,47
74,92,56,47
73,91,58,47
82,90,51,47
84,90,51,47
86,90,52,48
89,90,50,48
90,90,52,49
91,92,52,49
95,94,52,49
97,96,53,50
99,99,53,54
102,101,53,53
104,102,53,54
106,103,53,55
108,104,54,55
111,108,55,51
114,113,54,51
115,115,56,53
113,114,58,53
113,113,56,53
114,111,55,53
110,110,58,53
109,108,57,52
108,107,56,52
104,106,57,51
99,106,58,50
95,105,58,50
90,104,58,50
87,102,57,50
82,101,58,49
78,100,58,49
73,99,58,50
70,99,58,49
69,98,58,49
72,99,58,49
74,100,58,49
79,102,58,49
83,104,58,48
87,106,57,47
90,106,57,49
92,111,57,47
93,113,58,47
95,116,57,47
97,118,58,47
99,121,58,46
101,123,58,45
103,122,58,46
104,121,58,46
107,120,57,45
109,118,57,45
111,115,57,45
115,110,55,46
116,107,57,45
117,102,57,47
117,97,58,48
117,95,56,46
116,94,58,44
115,89,57,46
112,87,58,45
110,84,57,44
106,80,58,45
104,77,57,45
102,74,57,45
98,72,57,45
94,70,58,45
92,68,58,46
90,67,58,46
89,68,58,46
88,68,58,47
86,71,57,47
85,72,58,47
84,73,58,48
83,75,58,48
82,78,58,47
81,77,58,49
79,80,58,49
78,82,58,50
77,85,58,49
77,87,58,50
78,87,58,52
79,89,58,53
81,91,58,52
83,92,58,53
86,93,57,53
