NaN,NaN,NaN,-1
NaN,NaN,NaN,-2
NaN,NaN,NaN,0
NaN,NaN,NaN,0
NaN,NaN,NaN,0
NaN,NaN,NaN,0
NaN,NaN,NaN,-1
195,106,39,96
200,108,39,96
205,106,38,93
176,102,68,91
183,96,62,89
185,107,68,79
192,100,54,83
197,108,49,76
195,100,54,85
204,99,47,85
202,91,53,76
203,90,53,83
210,104,47,72
195,103,53,61
189,98,63,59
192,99,62,58
201,99,56,59
202,98,61,57
207,98,61,57
209,95,49,60
202,97,55,58
204,99,51,59
200,94,53,58
208,94,45,58
213,95,39,56
212,91,41,60
219,93,33,58
217,94,39,55
218,94,39,56
216,95,45,53
214,96,51,56
214,95,51,56
215,96,59,55
216,97,64,55
217,98,65,53
218,101,67,55
224,104,31,59
225,106,29,56
224,107,25,62
221,108,31,56
219,109,31,56
222,109,25,59
219,109,25,55
216,109,25,54
204,108,34,54
206,108,27,55
199,106,30,55
198,102,28,58
200,99,24,64
199,100,24,57
191,98,31,60
191,103,33,50
188,106,36,49
185,106,43,50
188,108,40,49
189,108,39,55
191,110,40,47
193,111,39,49
194,108,36,47
195,108,32,52
200,110,27,47
201,110,27,50
208,106,23,54
215,109,23,51
223,107,23,52
194,97,55,58
227,100,22,53
224,102,20,51
219,101,19,51
212,101,20,52
204,102,22,51
201,101,20,60
199,100,20,49
194,93,24,50
191,86,29,46
191,80,32,48
192,78,33,41
192,77,34,43
192,77,36,43
194,77,35,40
197,77,33,43
198,79,32,39
200,85,26,41
203,91,26,42
205,97,23,44
205,103,23,44
206,104,24,45
208,111,21,42
208,113,23,42
177,117,58,62
182,122,49,61
184,130,48,59
186,134,46,59
186,136,44,67
183,137,45,53
192,139,37,53
209,141,18,40
209,137,20,42
204,137,24,41
201,137,26,39
199,138,29,55
199,136,30,35
199,134,31,31
200,131,30,33
200,129,30,33
202,127,28,55
202,122,27,40
202,124,32,59
210,123,17,39
209,122,21,43
212,123,17,43
202,124,32,47
213,125,18,39
213,127,18,37
213,128,19,36
213,129,20,35
213,130,19,36
215,131,21,36
218,131,18,36
219,131,18,37
220,130,19,38
222,132,17,37
222,133,18,37
191,104,52,74
219,134,28,38
218,135,31,37
212,138,41,37
208,134,47,55
218,140,38,35
223,138,33,37
226,137,32,39
231,136,27,40
236,135,23,40
234,132,27,43
225,133,33,41
233,131,25,42
238,131,23,40
233,128,23,41
237,128,21,40
235,127,22,41
235,126,22,41
236,123,18,44
235,122,19,45
235,124,19,44
234,122,38,58
237,119,19,43
235,118,45,62
231,118,49,57
229,119,56,62
227,119,62,61
227,118,66,61
227,117,31,35
229,119,29,33
230,117,28,34
231,115,28,38
237,113,22,41
233,112,26,41
240,114,21,47
237,112,22,42
234,114,25,40
232,115,27,40
236,115,25,41
235,107,27,47
212,105,48,52
236,116,21,40
229,115,24,41
229,115,22,41
230,113,19,43
229,113,19,48
226,112,19,40
221,113,23,45
217,112,27,37
215,113,30,35
213,114,32,41
212,112,32,31
213,108,31,36
214,112,28,33
215,111,26,36
215,113,25,35
217,110,21,39
221,111,18,46
220,112,21,48
221,112,18,49
216,114,25,43
213,107,25,49
212,108,26,54
213,108,26,51
213,108,25,49
215,108,25,50
212,106,26,51
210,106,31,51
213,105,32,50
209,104,38,50
211,105,32,48
211,106,34,45
209,107,33,47
206,106,42,47
204,107,46,48
187,99,73,56
178,98,77,55
175,98,83,55
178,98,83,56
175,99,89,56
180,103,87,65
184,105,94,65
188,109,95,64
192,113,93,65
197,117,93,66
200,119,91,63
203,124,96,67
208,127,94,68
211,128,91,67
213,130,92,67
218,132,91,67
221,133,90,67
224,134,91,67
225,135,92,68
224,134,95,68
225,135,96,68
228,135,95,68
229,135,96,68
NaN,NaN,NaN,-2
NaN,NaN,NaN,0
NaN,NaN,NaN,0
NaN,NaN,NaN,0
NaN,NaN,NaN,0
NaN,NaN,NaN,-1
NaN,NaN,NaN,-2
NaN,NaN,NaN,0
NaN,NaN,NaN,0
NaN,NaN,NaN,0
NaN,NaN,NaN,0
NaN,NaN,NaN,-1
NaN,NaN,NaN,-2
NaN,NaN,NaN,0
NaN,NaN,NaN,0
NaN,NaN,NaN,0
NaN,NaN,NaN,0
NaN,NaN,NaN,-1
NaN,NaN,NaN,-2
NaN,NaN,NaN,0
NaN,NaN,NaN,0
NaN,NaN,NaN,0
NaN,NaN,NaN,0
NaN,NaN,NaN,-1
NaN,NaN,NaN,-2
NaN,NaN,NaN,0
NaN,NaN,NaN,0
NaN,NaN,NaN,0
NaN,NaN,NaN,0
NaN,NaN,NaN,-1
NaN,NaN,NaN,-2
NaN,NaN,NaN,0
NaN,NaN,NaN,0
NaN,NaN,NaN,0
NaN,NaN,NaN,0
NaN,NaN,NaN,-1
NaN,NaN,NaN,-2
NaN,NaN,NaN,0
NaN,NaN,NaN,0
NaN,NaN,NaN,0
NaN,NaN,NaN,0
NaN,NaN,NaN,-1
NaN,NaN,NaN,-2
NaN,NaN,NaN,0
NaN,NaN,NaN,0
NaN,NaN,NaN,0
NaN,NaN,NaN,0
NaN,NaN,NaN,-1
NaN,NaN,NaN,-2
NaN,NaN,NaN,0
NaN,NaN,NaN,0
NaN,NaN,NaN,0
NaN,NaN,NaN,0
NaN,NaN,NaN,-1
NaN,NaN,NaN,-2
NaN,NaN,NaN,0
NaN,NaN,NaN,0
NaN,NaN,NaN,0
NaN,NaN,NaN,0
NaN,NaN,NaN,-1
NaN,NaN,NaN,-2
NaN,NaN,NaN,0
NaN,NaN,NaN,0
NaN,NaN,NaN,0
NaN,NaN,NaN,0
NaN,NaN,NaN,-1
NaN,NaN,NaN,-2
NaN,NaN,NaN,0
NaN,NaN,NaN,0
NaN,NaN,NaN,0
NaN,NaN,NaN,0
NaN,NaN,NaN,-1
NaN,NaN,NaN,-2
NaN,NaN,NaN,0
NaN,NaN,NaN,0
NaN,NaN,NaN,0
NaN,NaN,NaN,0
NaN,NaN,NaN,-1
153,89,31,65
153,89,30,65
152,90,31,65
151,92,33,65
148,94,36,66
146,96,33,66
143,100,35,65
144,101,31,65
144,101,29,65
144,101,26,65
146,102,26,65
143,102,25,65
142,101,28,65
142,100,29,65
139,100,29,65
136,101,35,65
134,102,33,65
133,102,33,64
133,101,33,65
133,101,32,59
135,100,33,65
136,100,28,59
137,99,25,65
131,99,34,65
134,99,32,63
137,101,31,65
138,104,29,64
143,108,27,64
138,112,31,63
142,115,28,60
144,115,27,61
147,118,25,59
153,115,26,61
161,112,23,63
168,111,27,64
168,112,29,63
170,111,27,63
168,111,29,60
166,112,32,55
158,113,39,51
153,111,42,53
154,113,37,51
146,111,43,51
144,112,41,49
146,113,38,55
149,110,31,55
140,110,37,57
146,111,27,49
148,110,27,51
149,112,24,50
149,111,22,51
145,112,29,50
148,110,27,52
147,112,23,51
145,110,23,51
142,111,22,50
144,105,22,54
146,103,19,48
145,101,21,49
136,99,30,45
146,100,24,43
149,102,28,41
151,104,31,39
152,107,32,45
153,111,33,39
156,117,31,37
154,121,33,46
156,123,31,55
159,127,29,53
161,128,27,59
163,131,25,59
161,133,28,59
163,134,28,61
165,135,27,62
164,136,26,59
163,136,26,59
161,139,27,59
158,139,27,55
156,137,27,54
157,134,24,55
156,130,25,53
151,123,27,54
156,118,24,55
155,116,25,52
155,107,28,56
156,105,30,54
159,101,30,55
160,100,32,53
161,99,32,53
162,98,31,55
163,101,31,55
162,102,32,56
163,104,29,58
163,108,27,59
158,112,29,60
160,114,23,61
157,116,24,65
149,122,29,63
147,125,27,61
146,129,25,62
144,130,24,61
142,134,25,59
141,132,24,59
141,134,23,59
143,133,23,59
145,131,22,50
148,128,23,55
146,126,27,53
146,123,27,60
146,120,28,63
147,117,30,58
145,117,34,58
148,114,32,60
150,113,31,57
151,110,32,57
152,108,31,59
155,106,29,61
155,105,30,61
160,101,25,59
157,101,28,63
158,101,27,63
157,101,27,58
156,101,27,57
152,103,28,53
153,103,27,57
153,103,24,60
149,103,24,57
145,103,26,58
139,102,30,63
137,101,31,59
141,100,26,59
139,99,28,57
137,98,31,61
136,96,32,63
137,93,32,63
136,92,34,59
136,89,35,62
138,89,33,61
140,88,32,59
142,88,31,59
145,85,30,63
149,84,28,63
154,85,27,63
161,86,25,63
163,89,25,58
166,95,22,59
166,97,23,55
168,103,22,53
163,101,27,56
166,103,21,55
165,109,23,53
169,103,21,56
167,102,23,54
166,106,22,53
166,104,24,56
165,108,26,59
163,110,26,57
157,114,30,55
154,117,31,58
152,119,32,55
150,120,32,56
149,122,31,56
148,125,31,53
148,124,30,59
147,125,30,59
150,124,27,62
151,122,26,64
152,121,25,62
153,120,25,63
155,122,23,65
153,122,25,65
155,121,21,64
155,123,22,60
152,123,25,64
155,120,23,63
155,118,23,65
156,117,22,65
154,116,26,65
155,113,24,64
155,111,24,65
153,110,28,65
153,109,30,63
155,104,42,64
157,102,42,62
158,101,33,61
158,101,34,61
160,98,35,63
159,98,36,61
162,97,33,62
164,99,49,61
164,95,29,65
165,98,27,61
165,97,27,65
166,100,27,63
164,104,28,60
164,101,29,65
164,102,30,65
166,104,30,65
166,103,30,66
165,103,30,65
167,102,27,66
167,100,27,66
168,99,23,66
164,99,26,65
161,98,29,65
157,97,31,65
154,97,32,63
151,99,33,61
148,95,35,65
145,100,35,61
142,100,35,60
140,99,35,61
139,98,34,61
137,97,32,61
137,95,32,61
136,95,29,61
137,95,30,61
134,93,28,63
132,93,30,65
132,96,28,63
131,95,28,65
130,96,28,65
131,96,27,65
129,96,28,65
112,95,44,65
114,96,42,64
116,97,41,65
119,102,38,65
122,106,40,65
127,111,36,64
131,118,38,63
137,121,34,65
146,126,34,63
148,128,33,63
149,128,31,63
149,128,32,63
148,125,32,63
146,118,32,65
149,116,28,63
151,113,25,63
149,107,27,65
151,103,23,65
148,103,28,65
148,101,28,65
149,100,26,65
149,99,27,63
148,97,26,65
147,97,24,65
137,96,30,65
131,93,25,65
125,90,30,63
117,85,37,66
108,80,41,63
115,74,37,60
132,63,44,64
154,57,45,62
178,52,48,61
184,47,54,57
207,40,55,64
198,39,59,64
193,41,58,63
214,42,53,63
231,38,51,65
232,38,49,63
230,42,47,61
228,43,45,61
221,48,49,63
224,64,47,62
234,70,42,60
232,75,43,60
226,87,43,60
213,100,42,61
202,107,39,63
194,113,38,61
185,113,41,60
179,113,44,53
171,114,45,50
162,112,53,58
160,107,58,56
164,105,59,55
165,102,60,49
170,96,60,56
179,93,57,57
183,95,56,52
187,96,51,50
187,99,53,48
184,104,51,48
182,108,49,51
171,110,53,58
175,113,47,55
168,117,51,58
