NaN,NaN,NaN,-1
255.84,160.32,54.856,37.833
255.25,160.35,54.855,37.741
254.58,159.9,54.805,37.825
254.25,159.89,54.615,37.79
253.64,159.6,54.985,38.104
253.15,159.82,54.588,37.561
252.26,159.36,54.904,38.157
251.78,158.78,54.901,38.245
251.54,158.95,54.866,38.064
250.01,158.38,55.279,38.408
250.01,158.28,55.522,38.703
248.95,158.11,55.363,38.391
248.38,157.7,55.504,38.948
247.92,157.65,55.235,38.728
248.29,157.39,54.872,38.705
248.42,157.58,54.703,38.488
247.71,157.1,54.857,38.851
246.7,157.13,55.402,38.504
246.31,156.91,54.519,38.985
245.96,156.61,54.871,38.825
245.21,156.09,55.26,39.84
245.58,156.48,54.239,38.954
244.96,155.9,54.457,39.303
244.6,155.98,53.984,38.76
244.37,156.03,53.953,38.699
243.66,155.37,54.613,39.62
243.27,155.08,54.407,39.514
243.7,155.19,54.087,39.217
242.87,155.37,53.766,39.207
242.82,155.16,53.335,38.839
242.08,154.74,54.039,39.298
242.62,155.2,52.557,38.573
242.78,154.98,52.301,38.625
241.92,154.67,51.911,38.568
241.47,154.48,51.699,38.381
240.95,153.97,51.777,38.589
241.38,154.33,51.418,38.142
241.21,154.29,51.009,38.073
240.48,153.97,50.795,37.973
241.08,154.23,50.076,37.353
241.33,154.23,49.574,37.149
241.07,154.11,49.482,37.129
240.79,153.86,49.416,37.353
240.39,153.33,49.846,37.575
239.9,153.36,49.826,37.718
239.61,153.15,50.018,37.983
239.55,153.26,49.584,37.525
239.35,152.73,50.108,38.064
238.19,151.9,50.381,38.548
238.76,152.5,49.54,37.746
238.24,152.11,49.81,37.949
238.39,152.3,49.589,38.04
238.09,151.65,49.952,38.357
238.41,152.16,49.114,37.466
237.31,151.91,49.025,37.358
236.92,151.69,49.178,37.422
237.21,151.72,48.859,37.183
236.69,151.49,49.116,37.543
236.9,151.37,49.026,37.281
236.36,151.04,49.048,37.511
236.27,151.05,48.831,37.571
235.64,150.73,49.211,37.953
235.27,150.11,49.788,38.443
235.37,150.26,49.418,37.998
235.72,150,49.162,37.861
235.21,150.19,48.902,37.267
235.19,150.45,48.768,37.091
235.79,150.21,48.513,36.637
234.97,149.3,49.38,38.154
234.96,148.76,49.676,38.501
234.96,148.49,49.663,38.687
235.13,148.96,49.457,38.138
234.17,148.36,49.763,38.617
234.42,148.05,49.543,38.636
234.31,147.91,49.711,38.547
234.71,148.19,49.109,38.091
233.89,148.29,48.762,37.565
233.57,147.31,49.675,39.099
233.59,147.61,49.228,37.959
233.44,147.42,49.235,38.066
233.89,147.58,48.478,37.31
233.55,147.19,48.656,37.636
233.28,147.39,48.648,37.561
233.04,146.5,48.988,38.364
232.67,145.93,49.503,38.966
232.69,145.97,49.192,38.526
232.44,145.81,49.065,38.544
232.5,145.85,49.362,38.749
232.6,146.04,48.503,38.118
232.7,145.47,48.367,38.447
232.09,145.49,48.479,38.491
231.68,144.95,48.614,38.915
232.33,145.26,48.542,38.502
231.77,144.76,48.883,38.863
231.92,144.79,48.764,38.891
231.72,144.55,49.113,39.375
232.49,144.7,48.215,38.56
231.99,144.54,48.376,38.531
231.78,144.69,48.018,38.07
231.88,144.42,48.352,38.537
232.21,144.94,47.473,37.567
232.16,144.71,47.874,37.932
231.99,144.75,47.86,37.91
231.48,143.99,48.155,38.297
231.75,143.92,48.089,38.13
231.53,144.41,47.864,37.62
231.4,144.02,48.2,38.193
231.47,143.86,48.183,38.381
231.37,143.89,47.616,38.186
232.27,143.63,47.475,38.208
232.13,144.08,47.234,37.766
231.36,143.51,47.749,38.28
232.44,143.18,47.551,38.115
232.39,143.76,47.108,37.801
231.39,143.16,48.037,38.542
231.86,143.08,48.261,38.564
231.32,143.66,47.718,37.839
231.65,143.57,47.482,37.648
231.14,143.18,48.287,38.478
231.15,142.88,48.427,38.711
232.24,143.33,47.648,37.971
231.88,143.29,47.751,38.079
231.4,143.15,47.965,38.511
232.14,142.96,47.921,38.498
231.92,143,47.878,38.455
231.04,143.08,48.195,38.568
231.22,143.05,48.322,38.286
230.74,143.26,48.33,38.308
230.93,143.01,48.428,38.639
231.64,143.38,47.999,38.165
232.17,143.17,47.727,38.256
232.01,142.98,47.984,38.429
231.37,142.94,48.138,38.449
231.9,142.98,48.088,38.589
231.27,143.09,48.144,38.293
231.59,142.76,48.166,38.803
231.66,142.67,48.568,39.073
231.76,142.7,48.458,38.935
232.21,143.12,48.09,38.334
231.36,142.95,48.473,38.434
231.57,142.84,48.432,38.88
231.71,143.51,48.24,37.87
230.36,142.78,49.164,38.992
230.72,143.02,48.262,38.435
231.79,142.89,48.127,38.36
231.72,142.65,48.304,38.938
230.99,142.8,48.392,38.9
231.37,142.94,48.453,38.983
231.71,143.19,47.892,38.468
231.63,143.15,47.901,38.807
231.94,143.07,47.787,38.658
232.14,143.05,47.914,38.435
230.94,142.83,48.553,38.972
231.8,143.01,48.409,38.922
231.1,143.01,48.519,38.626
231.21,142.99,48.117,38.453
230.52,142.87,48.554,38.727
230.95,143.17,48.101,38.158
231.37,143.18,48.372,38.798
231.63,143.31,48.198,38.544
231.49,142.99,48.355,38.912
231.32,143.02,48.329,38.677
232.31,143.47,47.469,37.775
230.97,142.75,48.501,38.713
231.37,143.3,48.342,38.486
231.18,143.37,48.363,38.582
231.47,143.38,48.172,38.177
231.5,143.12,48.083,38.134
230.83,143.44,48.508,38.522
231.18,143.09,48.404,38.475
230.81,143.38,48.257,38.281
231.7,143.77,47.718,37.877
231.03,142.88,48.957,38.954
230.71,143.34,48.513,38.585
230.98,143.05,48.364,38.651
230.62,142.93,48.606,39.021
230.75,143.55,48.146,38.197
230.7,143.25,48.314,38.259
230.49,143,48.76,38.932
229.71,143.51,48.335,38.107
229.55,143.26,48.764,38.762
229.73,143.33,48.655,38.749
229.56,143.45,48.573,38.538
228.88,143.13,48.797,38.566
228.91,143.45,48.837,38.66
228.27,142.91,49.488,39.298
228.49,143.38,48.912,38.748
227.68,143.03,49.098,39.028
227.77,143.54,48.91,39.014
227.05,143.43,49.199,39.197
226.81,143.18,49.411,39.632
226.16,143.35,49.235,39.085
225.66,143.63,49.218,39.009
225.8,144.23,48.915,38.83
224.7,144.44,49.107,38.801
224.46,144.67,48.717,38.678
223.84,144.58,48.84,38.619
223.12,144.89,49.132,38.957
222.82,144.64,49.212,39.005
220.76,144.45,50.187,39.97
219.92,144.44,50.471,39.935
219.49,144.32,50.597,40.251
218.93,144.86,50.308,39.891
217.87,145.11,50.344,40.298
216.91,144.81,51.558,41.182
216.13,144.65,51.801,41.336
215.08,144.72,51.408,41.667
213.71,144.76,51.68,42.245
213.05,145.24,51.568,41.818
211.09,144.97,52.036,42.492
210.6,145.22,51.445,42.032
209.23,145.04,51.813,42.656
208.19,145.17,52.052,43.012
206.7,145.33,52.238,43.165
206.18,145.06,52.549,43.448
204.56,145.39,52.647,43.809
203.84,144.97,52.971,44.14
202.58,145.69,52.373,43.292
200.94,144.91,53.509,45.017
199,144.64,53.767,45.46
198.53,144.88,53.081,44.779
197.12,145.07,53.414,45.348
195.31,144.81,53.735,45.646
194.53,144.98,54.055,45.706
192.09,145.02,53.96,45.728
190.56,144.4,54.574,46.838
189.17,144.66,54.627,46.938
187.02,144.4,55.113,47.297
186.73,145.19,54.208,46.507
185,145.08,54.351,46.657
183.89,145.45,54.142,46.093
181.45,145.34,54.486,46.551
180.35,145.41,54.052,46.095
179.91,145.56,53.217,45.782
178.3,145.81,52.748,45.45
177.9,145.45,53.267,45.92
175.31,145.58,52.504,45.522
174.07,145.83,52.528,45.543
172.04,145.94,52.64,45.89
171.44,146.13,51.675,44.88
170.66,146.11,52.384,45.338
168.17,146.35,51.52,44.553
167.23,146.56,51.188,44.345
165.27,146.19,51.449,44.968
163.83,145.97,51.579,45.412
163.44,146,51.461,45.406
160.53,146.02,51.698,45.542
159.54,146.4,50.376,44.204
157.98,146.35,49.828,43.745
156.8,146.05,49.649,43.761
155.89,145.96,49.447,43.714
154.05,145.41,49.877,44.448
152.68,145.68,49.61,44.096
150.88,145.2,49.148,43.956
148.8,145.31,48.924,43.655
148.03,145.11,48.925,43.65
146.12,144.8,48.848,43.584
145.08,144.24,49.314,43.987
143.13,143.95,49.138,43.893
141.86,144.51,48.371,43.016
140.61,144.31,48.507,43.019
139.45,143.94,48.095,42.778
137.7,144.1,47.95,42.537
136.37,143.89,48.029,42.653
135.03,143.5,47.844,42.593
133.33,143.34,48.047,42.881
131.97,142.99,48.051,42.921
130.3,143.06,47.223,42.188
129.97,142.73,46.72,41.922
129.43,143.05,46.083,41.473
128.98,142.93,45.205,40.779
126.86,142.92,45.478,40.985
125.61,142.62,44.664,40.391
125.31,142.63,44.129,40.124
123.67,142.69,43.55,39.647
122.61,142.27,43.657,39.654
121.65,142.55,42.643,38.891
120.71,142.39,42.663,38.902
119.07,142.61,42.277,38.275
117.55,142.57,41.52,37.641
117.25,142.47,41.917,37.879
115.26,142.42,40.772,37.252
113.97,142.24,40.623,37.195
112.26,141.78,40.434,37.116
110.95,141.64,40.554,37.157
110.52,141.55,40.444,36.879
108.97,140.9,41.021,37.512
107.09,141.73,39.32,35.794
106.02,140.76,39.957,36.686
104.85,140.49,39.695,36.476
103.44,140.8,39.073,35.608
103.21,140.11,38.973,36.032
101.52,140.38,38.718,35.195
100.29,140.33,38.439,35.092
98.791,139.98,38.466,35.226
97.89,139.6,38.363,35.463
97.274,139.92,37.539,34.566
95.751,139.13,37.984,35.031
94.297,139.17,37.628,34.693
92.642,139,36.645,33.617
91.354,138.89,36.723,33.734
90.076,138.36,36.787,33.82
88.384,138.06,37.057,33.955
87.571,137.94,36.83,33.8
85.949,137.83,36.453,33.455
84.858,137.66,36.31,33.261
84.209,137.59,35.989,32.907
81.89,137.56,35.663,32.648
80.627,137.44,35.546,32.564
79.218,137.14,35.607,32.701
77.78,136.93,35.904,32.855
76.86,136.61,34.919,32.197
74.034,136.18,35.983,32.678
72.915,135.95,35.794,32.437
71.176,135.86,35.799,32.277
70.386,136.08,35.228,31.884
68.872,135.99,34.939,31.218
68.126,135.24,34.733,31.574
67.022,135.14,34.747,31.382
65.095,135.05,34.097,30.811
64.326,134.92,34.373,30.967
62.451,134.95,33.592,30.367
61.17,134.58,33.461,30.147
59.653,134.5,33.564,30.017
58.465,134.56,32.964,29.626
57.742,134.46,32.71,29.37
55.842,134.3,32.141,29.006
54.384,133.86,32.013,28.712
52.94,133.6,32.294,28.833
52.138,133.35,32.494,29.073
50.117,133.21,32.612,29.023
49.107,132.77,32.515,29.093
47.284,132.92,31.855,28.332
46.343,132.95,31.607,28.118
44.726,133.22,30.737,27.226
43.4,132.92,30.68,27.065
41.96,132.92,30.628,26.962
40.97,132.72,30.443,26.639
40.482,132.55,30.204,26.577
38.896,132.15,30.048,26.545
37.953,132.1,29.754,26.243
37.046,132.07,29.431,26.114
36.002,131.78,29.312,26.106
34.427,131.58,29.218,26.124
33.125,131.24,29.16,26.048
32.575,131.36,28.84,25.808
31.217,131.36,28.131,25.176
29.587,130.27,29.418,26.338
28.328,130.61,28.486,25.499
27.391,130.38,28.462,25.524
25.983,130.05,28.539,25.451
24.485,129.53,29.239,26.22
23.008,129.44,29.108,26.007
21.859,128.68,29.707,26.584
21.574,129.42,28.182,25.043
19.789,128.97,28.331,25.074
18.897,129.3,27.615,24.406
17.271,128.64,28.268,25.018
16.8,128.86,27.55,24.39
15.86,128.88,27.233,24.199
14.953,128.83,27.111,24.219
13.3,128.04,27.568,24.558
11.809,128.15,27.102,24.22
10.801,127.61,27.476,24.64
9.3913,127.67,27.286,24.193
8.6814,127.68,26.898,23.771
7.7287,127.85,26.345,23.165
6.1809,127.83,26.206,22.922
4.7455,127.26,26.249,23.03
3.5675,126.82,26.56,23.414
2.4016,126.83,26.206,22.905
1.1433,126.9,26.023,22.903
0.33155,126.5,25.807,22.655
