NaN,NaN,NaN,-1
259.83,164.31,53.88,39.841
259.24,164.34,53.876,39.754
258.53,164.35,53.395,39
257.32,163.44,54.599,40.737
256.14,162.66,54.365,40.664
255.86,162.8,54.727,41.202
254.84,161.97,54.623,41.334
254.41,162.62,53.475,40.086
253.6,161.63,54.156,41.084
252.65,161.27,54.05,41.025
251.71,160.67,54.836,41.722
251.52,160.64,55.035,41.947
251.2,160.96,54.162,41.222
250.35,160.14,54.387,41.799
249.95,160.44,54.185,41.697
250.09,160.65,54.008,41.474
248.52,159.8,54.617,42.3
248.3,159.92,54.321,41.777
248.1,159.97,54.124,41.665
247.43,158.6,54.492,42.638
247.6,158.78,54.107,42.321
246.77,159.11,54.115,42.197
246.17,158.56,54.312,42.496
245.81,158.64,53.829,41.948
245.74,158.68,53.16,41.338
245.54,158.62,53.055,41.419
245.15,158.34,52.844,41.292
244.92,157.83,53.268,41.548
244.11,158.05,52.907,41.448
243.36,156.85,53.735,42.445
243.37,156.86,53.65,42.001
243.45,156.88,53.291,41.787
242.05,156.55,53.853,42.459
241.65,156.02,54.055,42.415
241.46,156.01,54.082,42.458
240.87,155.79,53.919,42.47
240.53,155.6,54.368,42.892
240.28,154.89,54.569,43.093
239.37,154.36,54.886,43.704
239.99,154.87,54.194,42.952
240.27,154.92,53.629,42.663
240,154.8,53.551,42.651
238.71,153.93,54.497,43.724
238.79,154.1,53.564,42.637
238.32,154.13,53.517,42.75
238.03,153.92,53.706,43.014
237.97,154.05,53.261,42.537
237.77,153.52,53.778,43.084
236.62,152.68,54.04,43.562
237.2,153.3,53.178,42.721
236.67,152.9,53.462,42.947
236.32,152.73,53.421,43.152
236.79,152.82,53.265,42.845
236.36,152.6,52.929,42.55
236.44,152.44,53.133,42.777
236.35,152.14,53.777,43.39
235.85,151.59,53.197,43.37
235.67,152.27,51.903,41.36
236.25,152.73,51.793,41.192
235.54,152.09,52.473,41.931
235.45,152.1,52.242,41.965
236.16,152.37,51.538,41.09
235.15,152.04,51.718,41.343
235.26,152.18,51.35,40.897
235.61,151.93,51.096,40.755
235.02,151.71,51.96,41.598
234.4,151.35,52.189,41.504
234.65,151.22,51.867,41.202
234.57,151.54,50.856,40.218
234.56,151,51.154,40.567
234.42,151.03,50.953,40.538
234.33,150.65,50.872,40.497
234.61,151.31,50.368,39.908
234.48,150.9,50.126,39.72
234.23,150.67,50.405,39.893
234.23,150.94,49.864,39.781
233.83,150.1,50.65,40.487
233.62,150.22,50.287,39.887
233.27,150.28,50.41,40.045
233.13,150.1,50.401,40.132
233.59,150.27,49.635,39.361
233.25,149.88,49.807,39.675
233.16,149.75,49.665,39.615
232.68,149.86,49.46,39.419
232.29,149.28,49.989,40.023
232.81,149.43,49.473,39.327
232.17,149.24,49.891,39.605
232.6,149.54,48.69,38.828
232.94,149.56,48.573,38.548
231.82,148.99,48.986,38.867
231.91,149.12,48.943,38.767
231.47,148.57,49.134,39.219
232.15,148.89,49.024,38.772
231.07,147.95,49.286,39.479
231.07,148.03,48.726,38.971
230.87,147.78,49.091,39.462
231.64,147.94,48.182,38.643
231.14,147.78,48.352,38.612
230.42,147.04,49.106,39.568
230.51,146.77,49.448,40.044
231.81,147.53,47.576,38.003
230.65,146.47,49.301,39.974
230.29,146.43,49.138,39.829
230.16,146.38,48.954,39.652
230.43,146.32,48.885,39.486
229.89,146.09,49.265,39.915
229.76,145.71,49.604,40.479
229.83,145.57,49.58,40.643
229.65,145.65,49.703,40.319
229.78,145.43,49.746,40.284
230.03,145.58,49.235,39.789
229.98,145.51,49.175,39.909
229.99,144.85,50.136,41.042
228.86,144.71,50.315,41.335
229.26,144.76,50.085,41.365
229.06,144.64,50.538,41.527
228.89,144.54,50.91,41.757
229.22,144.45,50.668,41.555
228.54,144.41,50.455,41.504
228.45,144.43,50.716,41.859
228.97,144.45,50.342,41.347
228.6,144.41,50.453,41.453
228.94,144.34,50.584,41.609
229.04,144.25,50.968,41.878
228.82,144.29,50.924,41.833
228.68,144.38,50.513,41.697
229.4,144.11,50.794,42.117
228.83,144.57,49.913,41.081
229.01,144.32,50.021,41.404
228.97,144.08,50.369,41.985
228.86,143.86,50.782,42.297
228.65,143.75,50.783,42.319
228.86,144.18,50.268,41.788
229.35,144.27,50.418,42.081
228.83,144.32,49.985,41.626
229.44,143.75,50.676,42.457
228.51,143.63,51.092,42.978
228.44,143.95,50.736,42.182
229.16,144.37,50.174,41.589
229.05,144.37,50.091,41.1
229.05,144.14,50.614,41.78
229.29,144.07,50.343,41.429
229.01,144.35,50.213,41.082
228.48,143.93,50.766,42.013
228.53,143.91,50.987,41.971
228.54,143.86,51.213,42.57
229.08,143.78,51.067,42.297
228.6,143.91,50.851,42.458
228.61,144.01,50.646,42.355
228.68,143.94,51.036,42.75
228.99,143.86,50.915,42.599
228.67,143.72,51.532,43.096
228.4,143.6,51.181,42.819
229,143.75,51.142,42.424
228.89,144.05,50.7,42.48
228.91,143.82,50.979,42.492
229.16,144.35,50.063,41.629
229.18,143.84,50.69,42.377
228.89,143.88,50.75,42.516
228.76,143.88,50.86,42.241
229.65,144.17,50.47,42.451
228.9,143.81,50.761,42.453
228.12,143.96,51.218,42.362
228.35,143.91,51.135,42.62
228.96,144.15,50.844,42.238
228.45,144.21,50.807,42.283
228.52,144.12,50.904,42.323
228.06,143.71,51.253,42.486
228.14,143.78,51.348,42.512
228.34,143.94,50.837,42.177
227.53,143.5,51.875,43.081
228.21,144.28,51.084,42.169
228.01,144.23,51.25,42.45
227.36,143.96,51.489,42.597
228.51,144.26,50.855,41.917
227.27,143.89,51.517,42.641
227.32,143.49,51.998,43.049
227.62,144,51.303,42.484
227.83,143.97,51.269,42.42
227.51,144.4,51.146,42.18
227.74,144.3,51.196,42.159
226.65,144.13,51.855,42.698
226.5,144.26,51.748,42.486
226.88,144.54,51.726,42.359
226.18,144.62,51.51,42.25
225.74,144.6,51.809,42.343
225.95,144.92,51.466,41.995
224.9,144.39,52.706,43.144
225.25,144.79,51.367,42.274
224.23,145.35,51.531,41.977
223.9,145.3,51.538,41.978
223.8,145.36,51.404,41.989
223.3,145.64,51.376,41.911
222.15,145.52,52.218,42.496
221.96,146.15,51.574,41.681
221.24,145.85,52.164,42.374
220.82,146.03,51.877,42.202
219.91,146.06,52.353,42.593
218.88,146.31,52.638,42.625
217.63,145.9,53.726,43.817
216.82,145.9,53.967,43.763
216.07,145.99,54.249,44.27
215.28,146.49,54.105,43.707
214.73,146.21,54.187,44.267
213.93,146.7,53.699,43.739
213.31,146.93,53.756,43.635
212.36,147.06,53.905,43.799
210.54,146.59,55.231,44.767
210.17,146.93,54.973,44.535
208.17,146.62,55.523,45.26
207.61,147.01,55.307,44.937
207.11,147.14,55.218,45.006
205.03,147.03,55.856,45.661
203.86,146.85,55.765,45.592
202.67,146.85,56.809,46.685
201.2,146.84,56.805,46.79
199.72,146.6,57.091,47.291
198.73,147.1,57.112,46.979
197.29,146.83,57.533,48.011
195.32,146.53,57.859,48.506
194.45,146.76,57.927,48.681
192.51,146.69,57.841,48.803
191.54,146.84,58.245,49.36
190.01,147.39,57.548,48.637
188.2,147.01,58.17,49.335
187.44,147.92,57.111,47.962
185.77,147.04,58.058,49.445
183.75,147.46,57.714,48.923
182.23,147.31,58.379,49.477
181.8,147.71,57.915,49.016
181.19,147.57,58.345,49.606
178.71,147.61,58.211,49.383
177.46,148.22,56.643,48.004
176.97,148.33,55.917,47.758
174.65,148.27,56.382,48.395
174.25,147.94,56.606,48.729
171.43,147.87,56.43,49.012
170.37,148.13,55.93,48.328
168.67,148.21,55.558,48.098
168.11,148.63,54.902,47.61
167.81,148.28,55.185,47.882
164.69,148.2,54.878,47.879
163.75,148.41,54.56,47.67
161.77,148.03,54.864,48.325
160.28,147.95,54.118,47.558
159.53,147.59,54.668,47.88
157.7,147.87,54.377,47.717
155.63,148.14,53.798,47.02
154.59,147.48,53.835,47.617
152.12,147.06,54.012,48.038
151.21,147.36,53.141,47.246
149.35,146.79,53.627,48.013
148.68,147.15,52.571,46.847
147.35,147.15,51.763,46.281
145.09,146.79,52.194,46.531
144.32,146.59,52.208,46.53
142.64,146.59,52.094,46.51
141.89,146.1,52.093,46.547
139.53,145.9,52.146,46.396
138.2,145.99,51.472,46.121
136.96,145.88,51.468,45.934
135.74,145.48,50.921,45.636
135.14,145.75,50.242,45.118
132.87,145.4,50.489,45.03
131.47,145.26,50.488,45.149
129.62,145.12,50.655,45.12
129.25,144.72,50.162,45.032
127.81,144.9,49.303,44.115
126.5,145.03,48.738,43.655
125.08,144.7,48.647,43.534
123.75,144.45,48.48,43.496
122.51,144.58,48.028,43.043
121.51,144.23,47.744,43.198
120.49,144.17,47.594,42.855
119.79,144.36,47.202,42.407
118.43,144.19,47.36,42.548
118.52,144.18,46.798,41.956
115.96,144.18,46.257,41.257
115.1,144.17,45.84,40.866
113.97,144.2,45.81,40.888
113.29,144.04,45.477,40.472
111.72,143.95,45.168,40.474
110.5,143.28,45.402,40.949
110.16,143.66,44.372,39.828
107.93,143.19,44.275,39.869
107.52,143.12,44.115,39.549
105.15,142.63,44.409,39.93
104.35,142.4,44.057,39.719
102.84,142.21,44.123,39.735
102.27,142.31,43.581,38.949
101.25,141.92,43.191,38.754
99.929,141.6,43.68,39.232
98.308,141.15,44.026,39.669
97.023,140.89,43.711,39.292
95.45,140.93,43.267,38.78
94.207,140.25,43.762,39.529
93.46,139.92,43.927,39.713
92.388,139.85,43.307,39.172
90.655,139.76,43.089,39.015
89.037,139.6,42.031,37.893
88.2,139.16,41.771,38.013
86.361,139.17,41.366,37.506
85.886,139.23,41.203,37.227
84.529,138.9,41.243,37.298
83.357,138.9,40.98,37.126
82.564,138.83,40.12,36.553
81.366,138.22,40.763,37.047
78.982,138.23,40.34,36.518
77.686,138.23,39.384,35.542
76.256,137.92,39.487,35.701
74.826,137.72,39.77,35.837
74.22,137.62,39.414,35.87
71.912,137.22,39.141,35.187
70.64,137.48,38.422,34.492
69.754,137.16,38.425,34.552
68.959,137.37,37.864,34.178
67.489,137.32,37.486,33.455
66.577,136.82,37.753,33.739
65.301,136.71,37.383,33.579
64.178,136.46,37.321,33.76
63.682,136.68,36.346,32.623
61.306,136.06,36.646,33.159
59.591,135.78,36.48,32.733
58.036,135.48,37.012,33.151
55.795,135.02,36.938,33.043
54.782,134.85,36.943,33.244
53.873,134.65,36.661,32.828
52.957,134.63,35.43,31.951
51.195,134.08,36.055,32.685
50.534,134.33,35.474,32.115
49.864,134.2,35.161,31.719
47.879,134.27,35.309,31.654
46.107,133.32,35.281,31.963
45.167,133.35,35.032,31.744
43.563,133.64,34.137,30.815
43.148,133.47,34.068,30.648
42.313,133.42,33.479,30.251
40.663,133.39,33.448,30.094
39.329,132.99,33.582,30.133
37.839,132.84,33.617,30.211
36.673,132.65,33.372,30.21
35.983,132.76,33.012,29.785
34.932,132.47,32.909,29.787
33.091,132.51,32.375,29.145
31.304,131.75,32.72,29.399
30.743,131.86,32.423,29.174
29.391,131.86,31.702,28.536
28.136,131.73,31.845,28.55
26.767,131.41,32.231,28.926
25.823,131.18,32.222,28.96
24.066,130.88,32.043,28.762
22.759,130.64,32.436,29.19
21.975,130.19,32.448,29.304
21.21,130.64,31.263,28.189
19.908,130.04,31.666,28.617
19.658,130.21,30.972,28.065
18.384,130.04,30.724,27.873
16.716,129.87,30.508,27.634
15.954,129.88,30.113,27.288
13.845,128.92,30.843,27.921
12.924,128.86,30.748,27.957
12.321,129.03,30.178,27.546
11.102,128.75,30.332,27.621
9.8063,128.75,29.771,27.131
9.0298,128.52,29.701,26.932
8.3274,128.54,29.297,26.494
5.8786,128.12,29.763,26.871
4.8327,128.01,30.049,27.051
3.9263,127.45,29.959,26.988
2.7047,127.83,29.134,26.067
1.6476,127.42,29.404,26.457
0.72188,127.81,28.084,25.091
-0.33154,127.05,28.729,26.02
