NaN,NaN,NaN,-1
131,51,37,88
131,51,37,88
131,52,37,88
131,52,37,88
131,53,37,88
131,53,37,88
131,54,37,88
130,55,37,88
130,57,37,88
130,59,37,88
130,61,37,88
130,63,37,88
131,66,37,88
132,69,37,88
135,74,37,88
137,79,37,88
141,83,37,88
146,87,37,88
151,92,37,88
158,96,37,88
165,99,37,88
173,102,37,88
180,104,37,88
188,105,37,88
197,106,37,88
205,107,37,88
212,108,37,88
218,108,37,88
223,109,37,88
227,109,37,88
229,109,37,88
229,108,37,88
226,107,37,88
220,107,37,88
213,106,37,88
206,106,37,88
196,106,37,88
185,106,37,88
175,107,37,88
164,108,37,88
153,109,37,88
145,110,37,88
138,110,37,88
129,111,37,88
120,113,37,88
111,114,37,88
104,115,37,88
98,115,37,88
92,116,37,88
87,116,37,88
82,115,37,88
79,113,37,88
78,109,37,88
78,104,37,88
79,99,37,88
80,93,37,88
83,86,37,88
86,78,37,88
90,71,37,88
94,64,37,88
97,59,37,88
101,55,37,88
108,51,37,88
116,48,37,88
124,46,37,88
132,45,37,88
141,45,37,88
150,46,37,88
157,48,37,88
166,51,37,88
174,53,37,88
182,55,37,88
190,57,37,88
199,58,37,88
207,59,37,88
214,60,37,88
219,61,37,88
223,61,37,88
225,61,37,88
223,60,37,88
219,58,37,88
211,56,37,88
202,54,37,88
193,51,37,88
183,48,37,88
173,46,37,88
163,44,37,88
153,42,37,88
144,40,37,88
133,40,37,88
123,40,37,88
113,42,37,88
104,45,37,88
94,48,37,88
86,51,37,88
80,53,37,88
75,57,37,88
74,61,37,88
75,66,37,88
77,72,37,88
79,77,37,88
83,82,37,88
87,87,37,88
91,93,37,88
93,99,37,88
96,105,37,88
98,111,37,88
100,117,37,88
104,121,37,88
107,124,37,88
112,126,37,88
118,126,37,88
124,125,37,88
131,123,37,88
139,120,37,88
146,116,37,88
153,112,37,88
160,108,37,88
167,105,37,88
173,102,37,88
180,98,37,88
185,95,37,88
191,92,37,88
197,88,37,88
203,85,37,88
208,82,37,88
213,79,37,88
218,77,37,88
222,74,37,88
225,71,37,88
225,69,37,88
225,66,37,88
222,63,37,88
217,60,37,88
212,57,37,88
205,55,37,88
197,52,37,88
188,50,37,88
179,48,37,88
169,46,37,88
160,44,37,88
150,42,37,88
140,40,37,88
131,39,37,88
123,38,37,88
114,37,37,88
107,36,37,88
100,35,37,88
94,36,37,88
89,37,37,88
86,38,37,88
85,39,37,88
87,40,37,88
90,42,37,88
95,43,37,88
99,46,37,88
102,50,37,88
105,53,37,88
107,57,37,88
110,60,37,88
112,62,37,88
114,64,37,88
115,65,37,88
117,64,37,88
120,65,37,88
122,64,37,88
125,63,37,88
129,62,37,88
135,61,37,88
141,60,37,88
146,60,37,88
152,59,37,88
158,57,37,88
162,55,37,88
165,54,37,88
167,54,37,88
170,54,37,88
173,54,37,88
177,55,37,88
181,57,37,88
187,58,37,88
192,59,37,88
197,60,37,88
201,61,37,88
206,60,37,88
209,59,37,88
211,58,37,88
212,57,37,88
214,55,37,88
216,54,37,88
219,55,37,88
221,60,37,88
224,66,37,88
227,77,37,88
227,88,37,88
227,95,37,88
228,102,37,88
226,109,37,88
222,114,37,88
218,117,37,88
215,119,37,88
210,120,37,88
205,120,37,88
199,119,37,88
191,117,37,88
180,115,37,88
171,114,37,88
159,113,37,88
148,111,37,88
137,109,37,88
125,106,37,88
114,102,37,88
104,100,37,88
93,98,37,88
83,97,37,88
76,95,37,88
70,93,37,88
65,90,37,88
62,86,37,88
62,81,37,88
65,75,37,88
70,68,37,88
76,60,37,88
82,52,37,88
88,44,37,88
94,36,37,88
99,29,37,88
103,21,37,88
107,14,37,88
110,8,37,88
115,3,37,88
119,1,37,88
123,1,37,88
127,1,37,88
131,1,37,88
140,9,37,88
145,15,37,88
152,20,37,88
158,27,37,88
165,33,37,88
172,37,37,88
180,43,37,88
189,48,37,88
197,53,37,88
207,58,37,88
216,62,37,88
224,66,37,88
231,71,37,88
238,75,37,88
244,79,37,88
249,84,37,88
254,88,37,88
258,91,37,88
259,94,37,88
258,96,37,88
254,97,37,88
249,98,37,88
241,98,37,88
233,98,37,88
223,98,37,88
215,98,37,88
205,98,37,88
195,99,37,88
186,100,37,88
176,101,37,88
167,102,37,88
157,103,37,88
147,103,37,88
137,103,37,88
129,103,37,88
120,102,37,88
112,101,37,88
105,100,37,88
98,98,37,88
93,97,37,88
87,94,37,88
83,91,37,88
80,86,37,88
76,82,37,88
73,77,37,88
70,71,37,88
68,66,37,88
67,60,37,88
66,54,37,88
66,47,37,88
66,41,37,88
67,34,37,88
67,28,37,88
68,22,37,88
67,18,37,88
65,15,37,88
63,12,37,88
62,12,37,88
60,15,37,88
57,20,37,88
55,25,37,88
53,29,37,88
52,32,37,88
50,35,37,88
51,37,37,88
52,39,37,88
55,41,37,88
58,43,37,88
61,47,37,88
64,52,37,88
68,59,37,88
72,65,37,88
78,72,37,88
84,78,37,88
91,84,37,88
99,88,37,88
108,92,37,88
119,94,37,88
130,96,37,88
141,96,37,88
152,95,37,88
163,93,37,88
174,89,37,88
183,84,37,88
189,81,37,88
195,78,37,88
199,76,37,88
202,74,37,88
202,72,37,88
200,70,37,88
197,67,37,88
192,64,37,88
187,60,37,88
181,56,37,88
174,53,37,88
168,50,37,88
162,47,37,88
155,45,37,88
148,45,37,88
141,46,37,88
133,48,37,88
127,52,37,88
121,58,37,88
116,64,37,88
113,70,37,88
111,75,37,88
112,79,37,88
115,82,37,88
121,84,37,88
129,85,37,88
137,86,37,88
146,86,37,88
157,86,37,88
166,85,37,88
176,85,37,88
184,85,37,88
192,86,37,88
199,88,37,88
204,90,37,88
208,92,37,88
211,95,37,88
213,99,37,88
212,104,37,88
208,108,37,88
202,111,37,88
195,113,37,88
189,115,37,88
182,116,37,88
175,116,37,88
167,115,37,88
157,114,37,88
147,112,37,88
138,109,37,88
129,104,37,88
119,99,37,88
109,94,37,88
99,89,37,88
90,83,37,88
83,76,37,88
76,70,37,88
71,63,37,88
67,56,37,88
65,50,37,88
67,44,37,88
70,38,37,88
75,34,37,88
80,29,37,88
85,25,37,88
91,21,37,88
96,18,37,88
101,16,37,88
105,14,37,88
109,14,37,88
112,15,37,88
116,18,37,88
120,22,37,88
124,26,37,88
128,30,37,88
132,35,37,88
136,39,37,88
139,43,37,88
142,45,37,88
145,47,37,88
148,49,37,88
151,50,37,88
153,51,37,88
155,53,37,88
157,54,37,88
