NaN,NaN,NaN,-1
81,91,37,51
86,90,37,51
91,91,37,51
97,92,37,51
104,93,37,51
111,94,37,51
117,95,37,51
121,98,37,51
125,109,37,51
127,105,37,51
132,107,37,51
139,106,37,51
145,108,37,51
152,109,37,51
158,108,37,51
164,106,37,51
170,106,37,51
176,105,37,51
180,105,37,51
184,105,37,51
190,106,37,51
192,107,37,51
193,106,37,51
193,105,37,51
190,104,37,51
187,104,37,51
183,102,37,51
176,102,37,51
170,101,37,51
162,100,37,51
153,100,37,51
143,100,37,51
132,100,37,51
121,101,37,51
112,100,37,51
106,97,37,51
102,95,37,51
99,95,37,51
98,94,37,51
99,95,37,51
102,98,37,51
105,98,37,51
110,98,37,51
115,97,37,51
122,98,37,51
131,99,37,51
139,101,37,51
149,101,37,51
159,102,37,51
169,106,37,51
179,109,37,51
186,110,37,51
192,111,37,51
195,112,37,51
194,113,37,51
190,115,37,51
184,115,37,51
174,115,37,51
163,114,37,51
150,114,37,51
135,110,37,51
119,104,37,51
109,91,37,51
107,114,37,51
95,132,37,51
88,134,37,51
83,137,37,51
79,140,37,51
77,140,37,51
75,140,37,51
73,140,37,51
72,140,37,51
73,140,37,51
74,141,37,51
76,142,37,51
80,141,37,51
86,141,37,51
94,138,37,51
104,135,37,51
116,130,37,51
128,128,37,51
142,114,37,51
158,109,37,51
173,111,37,51
185,117,37,51
192,122,37,51
196,124,37,51
197,125,37,51
196,125,37,51
194,124,37,51
191,123,37,51
188,124,37,51
185,125,37,51
179,128,37,51
173,132,37,51
164,134,37,51
153,131,37,51
140,124,37,51
123,117,37,51
105,115,37,51
92,114,37,51
80,119,37,51
69,122,37,51
61,123,37,51
54,122,37,51
47,122,37,51
40,123,37,51
33,125,37,51
25,126,37,51
16,125,37,51
8,117,37,51
0,109,37,51
0,105,37,51
0,112,37,51
0,128,37,51
8,141,37,51
16,146,37,51
23,148,37,51
30,147,37,51
35,146,37,51
39,145,37,51
41,144,37,51
44,142,37,51
48,140,37,51
51,141,37,51
56,141,37,51
63,138,37,51
69,138,37,51
78,132,37,51
86,125,37,51
93,116,37,51
99,108,37,51
102,104,37,51
101,103,37,51
98,106,37,51
93,109,37,51
87,111,37,51
82,111,37,51
78,112,37,51
72,111,37,51
71,109,37,51
70,107,37,51
70,106,37,51
71,106,37,51
74,105,37,51
77,106,37,51
82,107,37,51
89,109,37,51
96,112,37,51
106,111,37,51
115,109,37,51
123,107,37,51
128,105,37,51
125,115,37,51
122,139,37,51
114,149,37,51
NaN,NaN,NaN,-2
NaN,NaN,NaN,0
NaN,NaN,NaN,0
NaN,NaN,NaN,0
NaN,NaN,NaN,0
NaN,NaN,NaN,-1
120,101,38,49
123,101,38,49
127,98,38,49
135,101,38,49
142,98,38,49
151,97,38,49
160,101,38,49
165,98,38,49
169,97,38,49
