NaN,NaN,NaN,-1
262,161,55,37
262,161,55,37
260,162,55,37
260,160,55,37
259,160,55,37
259,160,55,37
259,161,55,37
258,160,55,37
258,161,55,37
259,160,55,37
256,160,55,37
254,158,55,37
254,159,55,37
254,159,55,37
255,159,55,37
253,159,55,37
254,158,55,37
251,158,55,37
252,158,55,37
251,158,55,37
251,159,55,37
251,158,55,37
252,158,55,37
249,157,55,37
250,157,55,37
249,157,55,37
249,156,55,37
250,157,55,37
250,157,55,37
247,156,55,37
247,155,55,37
246,156,55,37
246,156,55,37
245,156,55,37
245,155,55,37
244,155,55,37
245,155,55,37
242,155,55,37
243,154,55,37
243,154,55,37
244,155,55,37
243,154,55,37
241,154,55,37
245,155,55,37
242,154,55,37
243,153,55,37
244,154,55,37
242,154,55,37
242,153,55,37
242,153,55,37
241,152,55,37
246,153,55,37
245,153,55,37
245,152,55,37
246,152,55,37
244,153,55,37
239,152,55,37
245,152,55,37
244,152,55,37
245,151,55,37
243,151,55,37
244,151,55,37
244,151,55,37
244,152,55,37
245,151,55,37
243,152,55,37
243,151,55,37
243,150,55,37
243,151,55,37
242,151,55,37
242,151,55,37
243,151,55,37
242,150,55,37
241,151,55,37
241,150,55,37
242,150,55,37
241,151,55,37
241,150,55,37
248,152,55,37
247,153,55,37
245,151,55,37
247,152,55,37
246,151,55,37
241,150,55,37
246,151,55,37
246,150,55,37
246,150,55,37
246,151,55,37
247,151,55,37
245,151,55,37
244,150,55,37
245,154,55,37
245,153,55,37
247,152,55,37
246,152,55,37
245,152,55,37
246,154,55,37
243,150,55,37
244,150,55,37
244,151,55,37
243,151,55,37
242,150,55,37
243,151,55,37
243,150,55,37
243,151,55,37
242,150,55,37
242,150,55,37
243,150,55,37
242,152,55,37
242,149,55,37
243,149,55,37
242,150,55,37
243,151,55,37
241,150,55,37
243,149,55,37
242,150,55,37
243,149,55,37
242,150,55,37
241,149,55,37
242,150,55,37
243,150,55,37
242,150,55,37
241,149,55,37
243,149,55,37
242,149,55,37
241,149,55,37
241,149,55,37
242,150,55,37
240,149,55,37
243,149,55,37
242,150,55,37
242,150,55,37
241,149,55,37
242,149,55,37
241,149,55,37
244,149,55,37
242,149,55,37
242,149,55,37
242,149,55,37
242,150,55,37
243,149,55,37
241,150,55,37
240,150,55,37
242,150,55,37
242,150,55,37
242,150,55,37
242,149,55,37
242,151,55,37
243,150,55,37
241,150,55,37
241,149,55,37
242,149,55,37
243,149,55,37
242,151,55,37
242,151,55,37
241,149,55,37
242,150,55,37
241,150,55,37
242,149,55,37
243,149,55,37
241,149,55,37
242,150,55,37
242,149,55,37
242,149,55,37
241,150,55,37
242,150,55,37
241,150,55,37
242,149,55,37
241,150,55,37
240,150,55,37
241,149,55,37
243,150,55,37
239,150,55,37
241,149,55,37
239,150,55,37
239,149,55,37
239,149,55,37
239,149,55,37
240,150,55,37
239,149,55,37
239,149,55,37
240,148,55,37
240,149,55,37
240,149,55,37
237,149,55,37
240,149,55,37
238,149,55,37
239,149,55,37
238,150,55,37
239,150,55,37
237,149,55,37
239,149,55,37
238,149,55,37
237,149,55,37
240,149,55,37
237,150,55,37
236,148,55,37
238,148,55,37
238,149,55,37
238,149,55,37
237,147,55,37
238,148,55,37
237,148,55,37
236,147,55,37
236,147,55,37
233,146,55,37
231,145,55,37
211,131,55,37
201,129,55,37
204,128,55,37
202,128,55,37
202,129,55,37
202,128,55,37
202,128,55,37
202,129,55,37
202,128,55,37
200,128,55,37
200,128,55,37
201,128,55,37
200,129,55,37
201,127,55,37
201,128,55,37
200,128,55,37
201,128,55,37
199,128,55,37
199,128,55,37
200,129,55,37
199,128,55,37
200,128,55,37
199,128,55,37
198,128,55,37
199,129,55,37
198,128,55,37
198,128,55,37
198,128,55,37
197,129,55,37
199,128,55,37
198,128,55,37
198,129,55,37
200,129,55,37
202,128,55,37
200,128,55,37
192,130,55,37
166,131,55,37
165,132,55,37
165,133,55,37
163,132,55,37
160,132,55,37
159,131,55,37
159,130,55,37
150,130,55,37
128,129,55,37
124,129,55,37
118,129,55,37
121,128,55,37
121,128,55,37
119,128,55,37
121,129,55,37
119,129,55,37
122,129,55,37
121,128,55,37
123,128,55,37
122,129,55,37
121,129,55,37
122,129,55,37
119,129,55,37
120,129,55,37
120,129,55,37
119,129,55,37
121,129,55,37
121,128,55,37
120,129,55,37
119,128,55,37
121,128,55,37
117,128,55,37
117,127,55,37
120,128,55,37
119,129,55,37
119,128,55,37
119,129,55,37
118,128,55,37
119,128,55,37
119,128,55,37
122,128,55,37
119,128,55,37
120,128,55,37
118,128,55,37
118,128,55,37
116,129,55,37
117,128,55,37
118,128,55,37
115,129,55,37
114,128,55,37
115,128,55,37
113,127,55,37
115,128,55,37
115,128,55,37
115,127,55,37
119,128,55,37
118,128,55,37
117,128,55,37
114,127,55,37
113,128,55,37
114,128,55,37
114,128,55,37
114,128,55,37
115,128,55,37
115,128,55,37
115,128,55,37
116,127,55,37
113,127,55,37
114,127,55,37
115,127,55,37
115,128,55,37
112,126,55,37
90,123,55,37
92,125,55,37
118,126,55,37
70,121,55,37
75,123,55,37
NaN,NaN,NaN,-2
NaN,NaN,NaN,0
NaN,NaN,NaN,0
NaN,NaN,NaN,0
NaN,NaN,NaN,0
NaN,NaN,NaN,-1
69,144,41,15
66,143,41,15
66,143,41,15
64,142,41,15
63,142,41,15
60,142,41,15
61,141,41,15
57,141,41,15
58,141,41,15
55,141,41,15
55,140,41,15
54,140,41,15
52,140,41,15
52,139,41,15
49,139,41,15
47,139,41,15
46,139,41,15
45,138,41,15
42,138,41,15
41,138,41,15
40,138,41,15
39,137,41,15
36,137,41,15
37,137,41,15
35,137,41,15
34,137,41,15
33,136,41,15
32,136,41,15
29,136,41,15
29,136,41,15
27,135,41,15
26,135,41,15
25,135,41,15
23,135,41,15
23,135,41,15
22,135,41,15
21,134,41,15
20,134,41,15
19,134,41,15
17,134,41,15
14,133,41,15
13,133,41,15
13,133,41,15
10,132,41,15
10,132,41,15
9,132,41,15
9,132,41,15
