NaN,NaN,NaN,-1
141,71,80,98
137,67,80,98
137,76,80,98
133,72,80,98
129,72,80,98
129,68,80,98
129,64,80,98
125,60,80,98
125,60,80,98
125,60,80,98
116,60,80,98
112,64,80,98
108,68,80,98
104,64,80,98
104,64,80,98
104,60,80,98
104,60,80,98
108,60,80,98
112,60,80,98
112,64,80,98
112,68,80,98
112,68,80,98
112,68,80,98
112,68,80,98
112,72,80,98
112,68,80,98
116,68,80,98
116,59,80,98
120,55,80,98
129,51,80,98
133,51,80,98
133,51,80,98
137,47,80,98
141,51,80,98
145,51,80,98
145,55,80,98
141,55,80,98
137,51,80,98
137,51,80,98
133,47,80,98
129,47,80,98
120,51,80,98
120,55,80,98
111,59,80,98
107,59,80,98
107,59,80,98
103,59,80,98
103,59,80,98
103,59,80,98
103,50,80,98
107,46,80,98
107,46,80,98
111,50,80,98
111,54,80,98
115,58,80,98
119,62,80,98
123,66,80,98
123,66,80,98
127,62,80,98
131,58,80,98
135,54,80,98
139,50,80,98
139,46,80,98
139,46,80,98
143,50,80,98
139,54,80,98
135,58,80,98
135,58,80,98
131,62,80,98
131,58,80,98
131,54,80,98
131,54,80,98
131,54,80,98
135,63,80,98
131,63,80,98
131,67,80,98
131,67,80,98
127,67,80,98
123,67,80,98
123,67,80,98
119,63,80,98
119,63,80,98
115,59,80,98
119,59,80,98
115,63,80,98
115,67,80,98
115,67,80,98
119,76,80,98
119,76,80,98
128,80,80,98
124,71,80,98
128,62,80,98
132,58,80,98
136,54,80,98
140,50,80,98
140,50,80,98
140,54,80,98
144,58,80,98
144,54,80,98
144,58,80,98
144,58,80,98
144,58,80,98
148,58,80,98
148,58,80,98
144,54,80,98
140,54,80,98
140,63,80,98
136,63,80,98
132,63,80,98
128,63,80,98
124,67,80,98
120,67,80,98
120,63,80,98
120,59,80,98
124,63,80,98
120,59,80,98
120,59,80,98
120,59,80,98
120,59,80,98
124,63,80,98
124,67,80,98
124,63,80,98
128,63,80,98
132,59,80,98
132,55,80,98
141,55,80,98
145,51,80,98
149,51,80,98
153,47,80,98
153,51,80,98
149,60,80,98
149,60,80,98
153,56,80,98
149,52,80,98
145,52,80,98
145,48,80,98
149,44,80,98
149,44,80,98
149,44,80,98
145,44,80,98
145,40,80,98
136,44,80,98
136,44,80,98
132,48,80,98
128,48,80,98
124,48,80,98
124,44,80,98
124,44,80,98
120,35,80,98
120,35,80,98
120,35,80,98
120,35,80,98
120,39,80,98
124,43,80,98
124,47,80,98
124,47,80,98
124,47,80,98
128,47,80,98
128,43,80,98
132,39,80,98
132,30,80,98
136,34,80,98
132,34,80,98
136,34,80,98
132,34,80,98
132,38,80,98
132,42,80,98
123,46,80,98
127,50,80,98
127,50,80,98
127,46,80,98
127,42,80,98
127,38,80,98
131,38,80,98
131,38,80,98
122,29,80,98
122,29,80,98
131,38,80,98
131,38,80,98
135,42,80,98
135,46,80,98
126,46,80,98
122,46,80,98
122,50,80,98
118,50,80,98
109,46,80,98
109,46,80,98
109,46,80,98
105,42,80,98
101,42,80,98
101,42,80,98
105,46,80,98
101,42,80,98
110,42,80,98
110,33,80,98
114,33,80,98
114,29,80,98
114,25,80,98
123,29,80,98
127,29,80,98
131,38,80,98
135,34,80,98
139,38,80,98
143,38,80,98
143,38,80,98
143,38,80,98
147,42,80,98
151,46,80,98
151,46,80,98
151,46,80,98
155,50,80,98
151,50,80,98
151,50,80,98
147,50,80,98
143,50,80,98
139,50,80,98
135,46,80,98
131,46,80,98
131,46,80,98
127,46,80,98
127,46,80,98
123,46,80,98
127,46,80,98
136,55,80,98
140,59,80,98
140,59,80,98
149,59,80,98
158,59,80,98
162,59,80,98
166,59,80,98
166,59,80,98
170,55,80,98
170,55,80,98
170,59,80,98
166,59,80,98
166,63,80,98
162,63,80,98
158,63,80,98
158,63,80,98
158,63,80,98
158,63,80,98
158,59,80,98
158,63,80,98
162,59,80,98
166,59,80,98
170,63,80,98
170,63,80,98
166,67,80,98
166,71,80,98
170,67,80,98
161,67,80,98
165,58,80,98
165,58,80,98
161,54,80,98
161,50,80,98
161,50,80,98
161,46,80,98
161,46,80,98
161,50,80,98
157,59,80,98
157,63,80,98
161,67,80,98
161,67,80,98
165,63,80,98
169,59,80,98
169,55,80,98
169,51,80,98
173,47,80,98
169,47,80,98
169,43,80,98
165,47,80,98
169,51,80,98
165,55,80,98
165,55,80,98
161,55,80,98
157,55,80,98
153,55,80,98
144,51,80,98
140,47,80,98
136,43,80,98
127,39,80,98
118,39,80,98
122,39,80,98
122,48,80,98
122,52,80,98
118,56,80,98
118,56,80,98
122,56,80,98
126,56,80,98
135,56,80,98
139,56,80,98
148,52,80,98
148,52,80,98
148,52,80,98
144,48,80,98
140,48,80,98
127,48,80,98
127,52,80,98
118,48,80,98
122,48,80,98
104,57,80,98
104,39,80,98
104,48,80,98
95,35,80,98
86,22,80,98
90,31,80,98
94,40,80,98
90,44,80,98
86,44,80,98
73,35,80,98
82,53,80,98
64,53,80,98
60,49,80,98
60,49,80,98
56,45,80,98
56,41,80,98
60,41,80,98
64,41,80,98
68,45,80,98
68,49,80,98
68,49,80,98
77,53,80,98
77,53,80,98
81,53,80,98
90,53,80,98
94,49,80,98
94,40,80,98
107,31,80,98
116,27,80,98
125,27,80,98
129,31,80,98
129,35,80,98
133,39,80,98
137,39,80,98
137,39,80,98
137,39,80,98
137,39,80,98
137,39,80,98
137,35,80,98
137,35,80,98
137,35,80,98
137,35,80,98
137,35,80,98
133,39,80,98
137,39,80,98
137,39,80,98
137,39,80,98
137,39,80,98
141,35,80,98
145,31,80,98
149,27,80,98
153,27,80,98
153,31,80,98
153,40,80,98
149,44,80,98
149,53,80,98
149,53,80,98
145,49,80,98
145,45,80,98
149,36,80,98
153,36,80,98
157,36,80,98
157,40,80,98
157,44,80,98
153,48,80,98
144,48,80,98
140,48,80,98
131,48,80,98
127,44,80,98
118,40,80,98
118,31,80,98
122,31,80,98
122,35,80,98
122,35,80,98
122,39,80,98
126,39,80,98
122,43,80,98
118,43,80,98
114,43,80,98
114,43,80,98
118,39,80,98
122,35,80,98
122,35,80,98
135,39,80,98
135,43,80,98
144,43,80,98
153,39,80,98
157,39,80,98
161,35,80,98
161,35,80,98
165,35,80,98
165,31,80,98
165,27,80,98
165,27,80,98
165,27,80,98
165,27,80,98
165,36,80,98
165,40,80,98
161,44,80,98
157,48,80,98
148,48,80,98
144,44,80,98
144,40,80,98
148,36,80,98
152,36,80,98
152,36,80,98
152,40,80,98
152,44,80,98
152,44,80,98
152,48,80,98
152,52,80,98
152,56,80,98
156,56,80,98
156,52,80,98
156,48,80,98
160,48,80,98
160,48,80,98
160,52,80,98
156,56,80,98
152,60,80,98
148,60,80,98
148,60,80,98
144,60,80,98
144,56,80,98
140,56,80,98
136,52,80,98
132,52,80,98
128,48,80,98
128,39,80,98
124,39,80,98
124,43,80,98
124,47,80,98
124,47,80,98
120,47,80,98
116,51,80,98
116,51,80,98
116,51,80,98
120,51,80,98
129,55,80,98
133,55,80,98
142,55,80,98
146,55,80,98
150,55,80,98
150,55,80,98
150,59,80,98
150,55,80,98
154,55,80,98
154,51,80,98
150,55,80,98
146,51,80,98
137,47,80,98
141,51,80,98
137,55,80,98
137,59,80,98
137,63,80,98
146,67,80,98
159,76,80,98
150,72,80,98
154,72,80,98
154,72,80,98
154,72,80,98
154,72,80,98
154,72,80,98
154,72,80,98
150,72,80,98
146,72,80,98
142,68,80,98
142,68,80,98
133,68,80,98
133,68,80,98
133,68,80,98
120,64,80,98
120,64,80,98
120,64,80,98
120,64,80,98
120,55,80,98
124,55,80,98
124,55,80,98
124,55,80,98
128,51,80,98
132,51,80,98
132,51,80,98
128,51,80,98
128,51,80,98
124,51,80,98
124,47,80,98
124,47,80,98
124,47,80,98
124,43,80,98
128,43,80,98
132,43,80,98
132,39,80,98
128,35,80,98
128,35,80,98
124,39,80,98
120,39,80,98
120,39,80,98
116,39,80,98
116,43,80,98
116,39,80,98
125,35,80,98
129,31,80,98
133,27,80,98
137,27,80,98
141,27,80,98
145,31,80,98
149,31,80,98
153,31,80,98
153,27,80,98
153,23,80,98
157,19,80,98
161,19,80,98
157,23,80,98
157,32,80,98
153,36,80,98
149,40,80,98
140,40,80,98
131,44,80,98
127,40,80,98
127,40,80,98
123,36,80,98
123,32,80,98
123,32,80,98
127,36,80,98
127,36,80,98
136,36,80,98
136,40,80,98
140,44,80,98
144,48,80,98
144,48,80,98
148,44,80,98
152,40,80,98
148,36,80,98
152,32,80,98
152,32,80,98
152,36,80,98
152,36,80,98
152,36,80,98
152,32,80,98
148,28,80,98
148,24,80,98
148,20,80,98
144,11,80,98
144,15,80,98
140,19,80,98
131,19,80,98
127,23,80,98
127,23,80,98
131,23,80,98
127,23,80,98
127,23,80,98
127,23,80,98
127,23,80,98
131,23,80,98
131,27,80,98
131,31,80,98
135,35,80,98
135,39,80,98
131,43,80,98
131,43,80,98
131,34,80,98
135,25,80,98
139,21,80,98
143,25,80,98
147,29,80,98
143,33,80,98
143,37,80,98
143,37,80,98
139,41,80,98
139,41,80,98
139,41,80,98
143,41,80,98
143,41,80,98
139,37,80,98
135,37,80,98
131,41,80,98
127,41,80,98
118,41,80,98
118,37,80,98
109,41,80,98
109,37,80,98
109,37,80,98
113,33,80,98
113,29,80,98
117,29,80,98
121,33,80,98
121,42,80,98
125,46,80,98
134,46,80,98
138,46,80,98
147,42,80,98
147,38,80,98
151,34,80,98
155,30,80,98
155,30,80,98
155,30,80,98
155,30,80,98
155,34,80,98
155,34,80,98
151,38,80,98
147,38,80,98
147,42,80,98
143,42,80,98
143,38,80,98
143,34,80,98
143,34,80,98
143,34,80,98
143,34,80,98
143,34,80,98
147,38,80,98
147,38,80,98
147,38,80,98
147,38,80,98
151,42,80,98
147,46,80,98
143,50,80,98
143,54,80,98
143,58,80,98
143,62,80,98
143,62,80,98
139,62,80,98
139,58,80,98
139,58,80,98
139,54,80,98
139,50,80,98
143,50,80,98
143,50,80,98
147,50,80,98
151,50,80,98
155,50,80,98
155,50,80,98
159,50,80,98
159,46,80,98
159,42,80,98
155,42,80,98
151,38,80,98
147,38,80,98
143,42,80,98
134,46,80,98
130,50,80,98
126,50,80,98
122,50,80,98
118,50,80,98
118,50,80,98
114,50,80,98
114,46,80,98
118,42,80,98
118,46,80,98
122,50,80,98
126,54,80,98
130,58,80,98
139,62,80,98
143,62,80,98
143,62,80,98
152,58,80,98
161,54,80,98
161,58,80,98
165,58,80,98
169,62,80,98
169,66,80,98
165,66,80,98
161,66,80,98
157,66,80,98
153,66,80,98
153,62,80,98
149,66,80,98
149,62,80,98
149,62,80,98
149,62,80,98
145,62,80,98
145,62,80,98
141,62,80,98
141,62,80,98
141,62,80,98
141,62,80,98
137,62,80,98
141,58,80,98
141,58,80,98
145,58,80,98
149,58,80,98
158,62,80,98
162,62,80,98
162,66,80,98
162,66,80,98
166,66,80,98
166,66,80,98
170,62,80,98
170,62,80,98
170,62,80,98
166,62,80,98
166,62,80,98
170,53,80,98
174,53,80,98
178,53,80,98
174,57,80,98
178,61,80,98
182,61,80,98
178,65,80,98
178,65,80,98
174,65,80,98
174,61,80,98
170,61,80,98
166,61,80,98
157,57,80,98
161,57,80,98
161,57,80,98
157,57,80,98
157,57,80,98
153,53,80,98
149,49,80,98
149,49,80,98
149,45,80,98
145,45,80,98
149,41,80,98
153,41,80,98
162,45,80,98
162,49,80,98
166,49,80,98
170,53,80,98
170,53,80,98
170,53,80,98
166,53,80,98
166,49,80,98
166,49,80,98
166,49,80,98
157,53,80,98
157,57,80,98
153,61,80,98
157,57,80,98
148,57,80,98
144,57,80,98
144,53,80,98
140,53,80,98
136,53,80,98
132,53,80,98
128,53,80,98
128,53,80,98
132,53,80,98
132,53,80,98
136,53,80,98
140,53,80,98
144,53,80,98
148,53,80,98
157,53,80,98
157,53,80,98
157,53,80,98
161,53,80,98
165,53,80,98
165,57,80,98
161,61,80,98
161,65,80,98
157,65,80,98
157,69,80,98
153,69,80,98
149,65,80,98
149,61,80,98
145,57,80,98
141,57,80,98
137,61,80,98
137,61,80,98
137,61,80,98
133,61,80,98
133,61,80,98
129,61,80,98
129,61,80,98
125,61,80,98
125,57,80,98
121,57,80,98
117,57,80,98
