NaN,NaN,NaN,-1
123.41,92.091,47.274,58.928
123.12,92.214,47.902,59.565
123.38,92.495,47.707,59.48
122.91,92.543,47.821,59.456
123.18,92.893,47.137,58.944
123.13,92.861,47.21,59.027
123.46,93.115,47.341,59.134
122.65,94.042,46.941,58.641
123.17,95.476,46.193,57.898
122.2,96.404,46.766,58.398
121.76,97.366,46.83,58.549
120.83,98.486,46.461,58.197
120.78,98.567,46.56,58.277
120.13,98.63,46.441,58.176
118.93,98.685,46.678,58.208
118.43,100.01,45.761,57.063
117.35,99.91,46.17,57.322
116.32,99.994,46.316,57.358
116.41,100.21,46.312,57.214
116.83,99.138,47.055,57.873
116.51,98.178,47.441,58.127
117.5,97.106,47.324,57.975
119.29,96.275,47.14,57.79
120.85,95.667,46.843,57.613
122.23,94.523,47.488,57.96
123.39,94.388,47.774,58.195
124.93,93.503,47.775,58.226
127.24,92.546,47.871,58.273
127.23,91.619,48.057,58.184
127.94,91.282,47.322,57.597
128.35,90.6,47.209,57.563
127.63,89.071,46.561,56.767
127.03,86.649,44.987,56.334
125.32,85.539,44.381,55.502
123.67,84.924,43.62,54.606
122.44,84.06,44.109,55.043
121.3,82.892,44.868,55.733
120.37,83.89,44.856,55.7
119.43,84.85,43.922,54.842
118.97,86.262,44.644,55.591
118.28,88.653,43.977,54.784
118.19,91.099,44.33,54.996
117.49,93.484,45.543,55.858
117.32,95.89,44.928,55.137
117.32,97.411,44.786,55.09
118.61,98.764,44.424,54.554
119.44,99.22,44.273,54.717
120.61,99.686,43.635,54.125
121.53,98.93,43.925,54.324
121.94,97.457,45.134,55.274
122.16,96.821,44.744,54.934
121.64,95.844,45.702,55.678
123.45,95.82,45.891,55.801
123.68,95.919,45.799,55.659
122.98,95.926,46.212,55.976
121.96,95.616,46.375,56.24
121.26,94.981,47.318,57.302
123.06,95.335,44.603,54.584
122.95,95.582,43.774,53.963
121.42,95.004,45.39,55.261
121.28,97.037,45.729,55.342
121.29,100.75,44.598,54.024
120.33,101.85,44.655,53.997
120.81,103.5,44.203,53.604
121.06,104.89,43.666,53.038
122.96,107.41,40.364,50.576
123.87,108.27,40.726,50.708
125.55,108.44,40.295,50.215
125.79,108.82,39.359,49.188
125.68,106.86,39.528,49.243
125.46,103.8,40.36,49.72
125.12,101.59,39.832,48.981
125.32,99.462,38.409,47.831
126.34,96.046,37.686,47.017
126.6,92.728,37.969,47.341
126.64,90.163,37.804,46.978
126.11,87.381,38.311,47.359
125.52,84.798,39.324,48.008
124.65,83.595,39.547,48.156
123.81,83.127,40.894,49.774
122.75,84.694,39.785,48.373
124.52,86.177,37.978,46.465
123.57,87.432,38.048,46.237
124.43,90.295,36.328,44.841
122.17,90.968,38.461,46.654
121.42,93.375,37.918,45.868
120.8,94.771,36.898,45.147
119.01,96.801,37.035,45.178
117.34,98.114,36.664,44.708
115.78,99.134,36.488,44.525
115.12,100.19,36.516,44.753
113.46,100.68,36.734,44.993
111.88,102.41,36.483,44.724
110.42,104.79,36.003,44.342
108.81,106.33,34.8,43.361
106.65,108.34,35.667,43.986
105.47,109.52,35.97,44.34
104.82,110.91,35.601,44.158
104.43,113.16,35.891,44.439
105.65,112.28,35.817,44.286
104.55,110.89,39.609,47.374
105.91,108.35,40.956,48.517
108.08,108.51,40.789,48.276
110.57,109,39.812,47.313
112.48,108.39,40.066,47.588
115.85,107.56,40.963,48.201
119.55,107.15,41.561,48.538
122.16,106.51,42.646,49.583
125.36,106.75,41.894,48.998
129.14,107.2,39.681,47.209
131.23,107.05,40.434,47.763
133.09,106.21,40.424,47.651
135.48,105.2,39.81,47.305
136.77,105.31,39.844,47.403
138.22,106.48,39.501,47.258
138.8,107.08,39.437,47.331
137.98,109.34,39.266,47.061
136.69,110.36,38.848,46.654
134.86,109.83,40.327,47.853
132.32,109.87,41.614,49.063
129.22,109.55,42.318,49.68
127.34,108.59,41.589,49.134
124.58,106.86,43.509,50.551
123.76,104.38,39.929,47.85
120.97,101.23,40.432,48.101
118.74,99.011,41.272,48.912
116.37,97.722,42.089,49.451
114.48,96.511,42.514,49.942
113.18,96.299,43.188,50.555
111.76,96.524,42.908,50.269
108.55,97.412,43.865,51.412
110.56,102.08,36.619,45.219
109.3,103.77,36.914,45.588
108.89,106.35,35.643,44.619
108.87,109.53,35.509,44.308
108.6,110.76,36.508,45.442
108.52,112.47,37.418,46.807
110.31,112.56,38.89,47.271
110.73,111.91,40.26,48.571
111.96,111.11,41.739,49.988
112.41,112.11,41.117,49.755
112.13,112.24,41.217,49.978
112.48,109.77,42.1,50.79
112.06,108.73,42.413,51.21
110.47,107,42.751,51.43
108.35,104.35,44.925,52.954
105.83,103.01,44.744,52.734
102.44,102.84,44.331,52.282
99.632,102.06,43.959,51.899
97.349,100.67,44.744,52.479
93.413,100.61,44.794,52.399
91.337,102.29,43.753,51.592
88.487,102.58,43.842,51.645
86.29,102.59,44.913,53.03
86.118,102.72,44.556,52.918
85.569,103.2,43.538,52.173
84.957,102,43.82,52.689
83.908,101.88,44.966,53.582
84.323,102.37,45.122,53.608
84.097,103.86,46.023,54.146
87.721,108.44,40.499,49.105
88.924,109.04,40.18,48.694
88.564,108.75,41.002,49.216
89.805,111.62,38.966,47.503
89.256,113.05,37.917,46.604
88.569,114.3,37.294,46.223
87.468,112.95,38.861,47.337
86.353,112.17,39.701,47.762
85.248,112.05,39.997,48.002
84.585,112.34,39.473,47.556
83.804,112.62,39.319,47.397
83.845,111.3,38.611,47.184
82.828,109.54,38.33,46.914
81.621,109.22,39.382,47.38
80.59,108.22,39.426,47.32
79.57,107.47,39.609,47.354
77.105,106.32,40.454,47.985
75.658,104.9,41.216,48.544
74.139,105.21,41.415,48.784
72.537,106.16,40.528,47.795
70.094,106.65,40.51,47.907
68.24,106.74,40.444,47.86
66.759,106.13,40.846,48.011
64.998,105.56,41.017,48.307
63.51,105.71,40.372,47.393
62.223,105.4,41.047,47.862
60.35,103.88,42.211,49.206
59.516,103.6,42.776,49.643
62.409,105.98,39.023,46.821
62.748,105.75,40.83,48.504
63.705,107.46,40.143,47.936
64.586,108.72,39.991,47.791
65.421,109.68,40.046,47.841
65.616,110.06,40.664,48.565
66.897,109.6,39.839,47.816
66.797,110.14,39.694,47.627
66.218,109.16,39.608,47.46
64.848,107.87,42.048,49.571
64.311,106.91,42.064,49.605
63.063,105.71,42.621,50.047
65.541,107.4,37.152,45.366
63.963,105.39,38.412,46.546
63.134,104.44,38.614,46.892
62.278,103.81,38.46,46.867
62.241,102.91,38.511,47.073
61.803,101.78,39.229,47.61
62.372,101.99,38.686,46.941
63.85,102.18,38.027,46.404
65.475,101,38.624,46.807
68.168,100.23,38.412,46.655
70.412,99.353,38.547,46.914
70.982,98.729,38.559,46.976
71.937,97.423,39.403,47.907
72.205,96.218,39.949,48.498
72.449,95.651,40.786,49.405
72.5,95.031,41.596,50.305
71.695,94.588,42.357,51.061
71.978,94.269,42.709,51.567
72.735,92.652,43.666,52.675
73.103,91.025,44.475,53.598
74.31,89.53,45.737,54.74
74.463,88.065,48.38,56.883
74.778,88.186,49.826,58.422
77.105,87.622,50.841,59.496
78.125,87.939,51.337,60.055
89.974,95.077,40.772,49.724
93.397,97.431,40.531,49.658
95.437,100.67,40.053,49.336
98.206,103.02,39.818,49.316
100.15,104.33,41.713,51.091
102.06,106.8,40.833,50.251
104.25,107.38,41.84,51.088
105.87,107.66,43.958,52.812
108.33,111.13,46.371,55.264
111.83,116.8,44.803,54.35
114.74,119.02,43.909,53.836
113.75,117.05,47.032,56.686
113.04,115.92,47.843,57.374
112.48,114.24,47.782,57.413
110.42,112.31,47.751,57.189
109.07,109.33,48.355,57.625
105.91,105.64,50.312,59.278
101.99,103.39,51.778,60.671
98.09,101.43,52.464,61.436
96.981,102.43,45.542,55.379
93.001,101.85,44.575,54.484
88.575,99.247,45.178,54.945
84.902,96.863,44.518,54.62
79.228,96.412,44.158,55.096
75.513,94.98,44.245,55.228
72.798,94.969,43.57,54.5
72.231,94.943,43.802,54.486
74.59,95.442,43.008,53.5
77.044,97.152,43.658,53.97
79.395,98.047,45.068,56.317
84.774,100.17,44.171,55.363
87.809,100.6,44.838,55.565
90.364,102.27,45.821,56.291
93.546,105.56,44.5,55.158
94.966,109.6,43.652,54.314
97.248,112.09,42.932,53.689
99.312,114.36,42.796,53.353
101.92,117.36,42.375,52.766
104.17,118.54,42.103,52.516
106.55,118.88,41.201,51.601
107.94,117.36,42.48,52.65
110.75,117.02,41.132,51.436
113.07,115.14,40.761,51.068
115.23,111.55,40.404,50.631
117.35,107.58,40.449,50.617
118.72,103.67,41.317,51.248
119.3,99.371,42.482,52.163
119.15,95.413,42.399,51.946
119.53,91.977,42.271,51.878
117.42,89.098,42.436,51.885
116.3,85.776,43.219,52.606
113.25,82.838,43.49,52.713
110.01,78.681,43.695,52.778
106.85,75.185,43.769,52.971
103.88,72.25,43.685,52.933
101.32,69.032,44.577,53.666
98.444,67.086,44.502,53.47
95.497,64.907,44.664,53.547
91.151,62.176,47.237,55.962
89.672,61.866,46.458,55.452
88.914,63.243,45.766,54.673
87.909,63.435,46.532,55.378
86.84,65.248,47.203,56.044
85.708,66.833,46.887,55.95
84.412,68.439,47.267,56.204
83.328,70.57,47.697,56.608
82.493,72.767,47.022,56.071
80.937,73.957,47.171,56.329
79.324,75.918,47.57,56.691
78.838,79.324,46.501,55.787
78.146,81.725,46.731,55.98
77.922,84.059,47.134,56.387
79.328,86.729,45.756,55.461
78.338,84.724,49.283,59.889
79.863,85.809,50.191,60.777
82.267,86.736,50.301,60.891
85.233,87.642,50.374,60.878
