NaN,NaN,NaN,-1
149,65,80,99
147,68,80,99
144,71,80,99
141,71,80,99
139,71,80,99
136,65,80,99
135,61,80,99
134,57,80,99
133,57,80,99
130,57,80,99
124,57,80,99
117,59,80,99
110,61,80,99
107,62,80,99
107,60,80,99
107,58,80,99
109,57,80,99
112,59,80,99
114,60,80,99
115,63,80,99
115,65,80,99
115,67,80,99
116,68,80,99
117,69,80,99
118,69,80,99
119,68,80,99
121,63,80,99
123,58,80,99
129,53,80,99
133,50,80,99
137,48,80,99
141,49,80,99
144,48,80,99
147,50,80,99
148,52,80,99
147,53,80,99
146,51,80,99
144,48,80,99
140,46,80,99
137,45,80,99
133,46,80,99
127,51,80,99
121,56,80,99
117,58,80,99
113,59,80,99
111,59,80,99
109,61,80,99
107,61,80,99
107,59,80,99
107,53,80,99
109,49,80,99
112,48,80,99
115,50,80,99
117,53,80,99
120,58,80,99
124,62,80,99
128,65,80,99
131,67,80,99
134,65,80,99
139,61,80,99
142,55,80,99
146,51,80,99
146,49,80,99
147,49,80,99
147,55,80,99
144,59,80,99
142,59,80,99
140,61,80,99
140,61,80,99
137,60,80,99
137,56,80,99
138,53,80,99
138,53,80,99
138,56,80,99
137,61,80,99
136,62,80,99
135,62,80,99
135,63,80,99
134,65,80,99
132,65,80,99
128,61,80,99
124,58,80,99
123,55,80,99
124,53,80,99
122,58,80,99
122,63,80,99
123,66,80,99
124,70,80,99
126,74,80,99
129,74,80,99
131,69,80,99
134,60,80,99
137,54,80,99
142,51,80,99
146,49,80,99
147,51,80,99
148,54,80,99
150,55,80,99
152,55,80,99
153,55,80,99
153,54,80,99
152,53,80,99
152,52,80,99
151,52,80,99
150,50,80,99
149,52,80,99
145,57,80,99
141,59,80,99
138,59,80,99
134,62,80,99
130,65,80,99
126,63,80,99
126,59,80,99
127,56,80,99
128,55,80,99
128,55,80,99
128,55,80,99
127,56,80,99
129,58,80,99
130,61,80,99
131,62,80,99
133,61,80,99
135,58,80,99
137,56,80,99
139,53,80,99
141,50,80,99
145,49,80,99
149,48,80,99
151,48,80,99
152,50,80,99
153,51,80,99
154,51,80,99
154,50,80,99
152,49,80,99
150,48,80,99
149,45,80,99
151,41,80,99
152,39,80,99
151,37,80,99
149,37,80,99
144,36,80,99
143,38,80,99
140,40,80,99
137,42,80,99
134,42,80,99
132,41,80,99
130,37,80,99
128,32,80,99
126,29,80,99
127,28,80,99
125,28,80,99
126,29,80,99
127,32,80,99
127,37,80,99
128,42,80,99
130,44,80,99
131,44,80,99
132,42,80,99
132,38,80,99
132,35,80,99
133,31,80,99
133,28,80,99
134,27,80,99
132,28,80,99
130,29,80,99
128,32,80,99
127,36,80,99
127,39,80,99
127,42,80,99
128,43,80,99
127,41,80,99
128,37,80,99
128,33,80,99
127,29,80,99
126,27,80,99
126,25,80,99
125,25,80,99
126,28,80,99
128,30,80,99
130,32,80,99
129,34,80,99
128,37,80,99
125,39,80,99
122,41,80,99
118,41,80,99
115,39,80,99
113,37,80,99
110,35,80,99
108,34,80,99
105,34,80,99
105,34,80,99
105,35,80,99
107,35,80,99
110,33,80,99
114,29,80,99
119,25,80,99
119,22,80,99
120,17,80,99
126,19,80,99
132,22,80,99
134,26,80,99
139,28,80,99
143,30,80,99
145,29,80,99
148,30,80,99
149,31,80,99
151,34,80,99
153,37,80,99
155,39,80,99
157,41,80,99
158,42,80,99
158,43,80,99
155,43,80,99
150,41,80,99
146,42,80,99
142,42,80,99
138,42,80,99
132,41,80,99
131,39,80,99
128,39,80,99
126,38,80,99
126,40,80,99
128,44,80,99
130,47,80,99
134,49,80,99
138,50,80,99
143,50,80,99
149,50,80,99
154,49,80,99
158,49,80,99
161,48,80,99
164,47,80,99
166,47,80,99
166,50,80,99
164,52,80,99
163,55,80,99
161,57,80,99
160,57,80,99
160,58,80,99
160,58,80,99
161,57,80,99
162,56,80,99
165,55,80,99
167,55,80,99
168,55,80,99
171,57,80,99
171,59,80,99
172,60,80,99
172,61,80,99
171,60,80,99
167,58,80,99
163,53,80,99
162,50,80,99
159,47,80,99
158,44,80,99
156,40,80,99
157,39,80,99
157,39,80,99
157,43,80,99
156,50,80,99
156,56,80,99
158,59,80,99
160,59,80,99
162,55,80,99
164,49,80,99
165,44,80,99
167,41,80,99
167,39,80,99
167,37,80,99
166,36,80,99
165,39,80,99
163,42,80,99
163,45,80,99
162,46,80,99
158,46,80,99
152,44,80,99
146,42,80,99
141,40,80,99
136,35,80,99
127,30,80,99
122,29,80,99
118,28,80,99
117,30,80,99
115,34,80,99
114,40,80,99
114,45,80,99
114,47,80,99
117,46,80,99
123,47,80,99
128,46,80,99
133,44,80,99
141,42,80,99
142,41,80,99
141,40,80,99
138,39,80,99
133,39,80,99
127,39,80,99
121,41,80,99
113,41,80,99
105,39,80,99
98,36,80,99
91,30,80,99
85,24,80,99
80,21,80,99
79,20,80,99
78,21,80,99
77,27,80,99
75,33,80,99
73,38,80,99
69,41,80,99
63,43,80,99
57,42,80,99
51,40,80,99
45,36,80,99
46,32,80,99
46,28,80,99
48,28,80,99
53,28,80,99
58,32,80,99
60,36,80,99
61,39,80,99
66,40,80,99
70,42,80,99
75,42,80,99
80,39,80,99
84,34,80,99
89,26,80,99
98,18,80,99
106,14,80,99
114,15,80,99
119,19,80,99
120,23,80,99
122,25,80,99
123,26,80,99
125,28,80,99
124,28,80,99
123,27,80,99
124,25,80,99
124,23,80,99
123,20,80,99
124,20,80,99
123,22,80,99
123,23,80,99
123,25,80,99
123,25,80,99
123,26,80,99
124,26,80,99
126,25,80,99
128,21,80,99
131,16,80,99
136,14,80,99
139,13,80,99
142,20,80,99
142,28,80,99
140,34,80,99
140,39,80,99
139,40,80,99
136,36,80,99
135,31,80,99
139,25,80,99
145,22,80,99
150,24,80,99
149,27,80,99
149,32,80,99
145,35,80,99
138,37,80,99
132,37,80,99
126,37,80,99
118,32,80,99
114,28,80,99
112,22,80,99
115,20,80,99
116,22,80,99
116,25,80,99
116,27,80,99
116,30,80,99
115,30,80,99
112,32,80,99
110,32,80,99
107,29,80,99
110,26,80,99
113,24,80,99
117,23,80,99
127,27,80,99
131,30,80,99
137,30,80,99
145,28,80,99
150,26,80,99
153,24,80,99
155,23,80,99
157,23,80,99
157,19,80,99
158,16,80,99
158,14,80,99
157,14,80,99
157,16,80,99
159,23,80,99
156,30,80,99
152,35,80,99
147,37,80,99
141,36,80,99
136,32,80,99
135,28,80,99
140,22,80,99
141,22,80,99
142,24,80,99
142,27,80,99
143,31,80,99
144,33,80,99
143,35,80,99
144,38,80,99
144,40,80,99
146,41,80,99
148,37,80,99
147,33,80,99
150,33,80,99
153,37,80,99
152,41,80,99
150,45,80,99
146,47,80,99
142,48,80,99
140,47,80,99
139,46,80,99
136,43,80,99
132,41,80,99
127,39,80,99
124,38,80,99
121,33,80,99
120,26,80,99
118,26,80,99
115,30,80,99
115,33,80,99
115,34,80,99
113,38,80,99
111,40,80,99
110,40,80,99
109,40,80,99
112,39,80,99
118,39,80,99
125,40,80,99
132,40,80,99
137,40,80,99
141,40,80,99
142,41,80,99
141,43,80,99
142,42,80,99
145,40,80,99
143,39,80,99
141,39,80,99
134,37,80,99
128,34,80,99
128,35,80,99
125,39,80,99
122,42,80,99
119,44,80,99
117,45,80,99
121,46,80,99
122,46,80,99
124,46,80,99
124,47,80,99
126,47,80,99
125,46,80,99
125,46,80,99
124,46,80,99
122,47,80,99
118,47,80,99
115,45,80,99
114,44,80,99
110,44,80,99
105,43,80,99
104,43,80,99
101,42,80,99
84,43,80,99
100,42,80,99
100,42,80,99
101,40,80,99
103,39,80,99
104,38,80,99
102,39,80,99
103,39,80,99
104,39,80,99
103,40,80,99
100,40,80,99
101,39,80,99
103,37,80,99
104,36,80,99
105,35,80,99
106,34,80,99
106,33,80,99
109,31,80,99
111,30,80,99
112,29,80,99
106,26,80,99
106,25,80,99
105,27,80,99
100,28,80,99
100,30,80,99
96,29,80,99
99,30,80,99
100,27,80,99
105,26,80,99
108,22,80,99
111,20,80,99
115,21,80,99
120,23,80,99
121,25,80,99
125,26,80,99
128,25,80,99
127,20,80,99
129,17,80,99
132,16,80,99
136,16,80,99
133,19,80,99
133,25,80,99
129,30,80,99
122,33,80,99
115,35,80,99
109,36,80,99
101,33,80,99
101,34,80,99
98,32,80,99
97,28,80,99
100,29,80,99
102,30,80,99
105,31,80,99
109,33,80,99
111,36,80,99
114,39,80,99
118,42,80,99
121,43,80,99
124,40,80,99
125,34,80,99
125,30,80,99
125,29,80,99
126,30,80,99
128,33,80,99
127,33,80,99
127,31,80,99
125,28,80,99
123,24,80,99
122,19,80,99
121,14,80,99
142,1,80,99
142,1,80,99
142,1,80,99
142,1,80,99
142,1,80,99
142,1,80,99
142,1,80,99
142,1,80,99
142,1,80,99
142,1,80,99
142,1,80,99
142,1,80,99
144,5,80,99
146,9,80,99
146,14,80,99
145,17,80,99
146,20,80,99
144,19,80,99
146,12,80,99
149,4,80,99
146,1,80,99
146,1,80,99
158,7,80,99
158,12,80,99
156,14,80,99
155,16,80,99
154,17,80,99
153,18,80,99
153,16,80,99
155,16,80,99
154,16,80,99
149,15,80,99
144,16,80,99
141,17,80,99
137,17,80,99
130,16,80,99
126,15,80,99
121,14,80,99
117,14,80,99
120,13,80,99
122,11,80,99
123,6,80,99
114,1,80,99
114,1,80,99
134,15,80,99
138,20,80,99
144,21,80,99
151,19,80,99
156,15,80,99
159,11,80,99
162,8,80,99
165,5,80,99
148,1,80,99
148,1,80,99
166,6,80,99
166,8,80,99
165,10,80,99
161,12,80,99
159,13,80,99
159,13,80,99
155,13,80,99
155,11,80,99
155,10,80,99
154,10,80,99
154,12,80,99
155,12,80,99
155,13,80,99
157,14,80,99
160,15,80,99
160,15,80,99
159,16,80,99
161,18,80,99
158,20,80,99
153,25,80,99
153,29,80,99
154,32,80,99
154,36,80,99
151,38,80,99
148,37,80,99
148,34,80,99
150,33,80,99
147,31,80,99
149,27,80,99
152,26,80,99
155,26,80,99
159,27,80,99
162,28,80,99
164,28,80,99
167,28,80,99
169,27,80,99
169,23,80,99
168,21,80,99
165,19,80,99
161,16,80,99
156,17,80,99
151,20,80,99
146,23,80,99
141,24,80,99
138,26,80,99
133,27,80,99
128,27,80,99
128,27,80,99
124,25,80,99
125,21,80,99
127,19,80,99
129,21,80,99
131,25,80,99
135,30,80,99
140,35,80,99
145,39,80,99
151,40,80,99
154,39,80,99
160,38,80,99
167,35,80,99
170,35,80,99
173,37,80,99
175,41,80,99
176,44,80,99
173,45,80,99
170,44,80,99
165,42,80,99
163,40,80,99
162,39,80,99
158,40,80,99
157,39,80,99
158,38,80,99
156,38,80,99
154,40,80,99
152,40,80,99
149,40,80,99
148,40,80,99
148,40,80,99
147,39,80,99
147,37,80,99
149,35,80,99
151,35,80,99
154,35,80,99
160,36,80,99
165,39,80,99
169,42,80,99
171,44,80,99
173,46,80,99
175,46,80,99
177,44,80,99
178,41,80,99
178,39,80,99
178,39,80,99
177,38,80,99
178,37,80,99
178,33,80,99
182,30,80,99
185,31,80,99
184,34,80,99
186,37,80,99
188,39,80,99
187,41,80,99
185,41,80,99
183,40,80,99
180,39,80,99
177,37,80,99
172,35,80,99
170,35,80,99
170,37,80,99
169,37,80,99
167,36,80,99
166,35,80,99
162,32,80,99
158,28,80,99
158,25,80,99
157,23,80,99
153,21,80,99
159,20,80,99
162,22,80,99
167,25,80,99
171,28,80,99
172,29,80,99
175,29,80,99
177,29,80,99
177,29,80,99
174,29,80,99
171,26,80,99
172,24,80,99
170,25,80,99
166,27,80,99
166,31,80,99
164,34,80,99
161,35,80,99
156,34,80,99
150,32,80,99
148,30,80,99
145,28,80,99
142,27,80,99
141,26,80,99
138,27,80,99
137,27,80,99
137,30,80,99
138,31,80,99
141,31,80,99
146,31,80,99
150,31,80,99
155,31,80,99
160,29,80,99
162,29,80,99
165,27,80,99
167,28,80,99
168,31,80,99
168,34,80,99
167,38,80,99
165,40,80,99
163,43,80,99
162,44,80,99
159,44,80,99
154,40,80,99
154,36,80,99
150,34,80,99
147,35,80,99
142,38,80,99
139,40,80,99
139,40,80,99
138,38,80,99
135,37,80,99
135,37,80,99
133,37,80,99
130,36,80,99
129,36,80,99
126,35,80,99
123,33,80,99
