NaN,NaN,NaN,-1
171.52,79.841,54,46
171.07,79.985,54.54,46.46
170.37,79.907,55.085,46.925
170.1,79.672,55.636,47.394
169.52,79.566,55.636,47.394
169.54,79.529,55.636,47.394
169.09,79.219,56.193,47.868
168.13,79.273,56.755,48.346
167.39,78.939,57.322,48.83
166.42,78.199,57.895,49.318
165.39,77.956,58.474,49.811
161.14,77.079,59.059,50.31
160.21,76.736,59.65,50.813
157.7,75.949,60.246,51.321
153.26,72.463,60.849,51.834
152.36,72.023,61.457,52.352
150.01,71.223,62.072,52.876
145.76,68.994,62.692,53.405
146.06,68.386,63.319,53.939
145.82,67.993,63.952,54.478
145.65,67.365,64.592,55.023
145.32,67.09,65.238,55.573
145.35,66.427,65.89,56.129
145.3,66.201,66.549,56.69
148.35,64.802,67.215,57.257
NaN,NaN,NaN,-2
NaN,NaN,NaN,0
NaN,NaN,NaN,0
NaN,NaN,NaN,0
NaN,NaN,NaN,0
NaN,NaN,NaN,-1
89.312,67.17,50,46
87.769,67.458,50,46
87.068,67.594,50,46
85.753,68.54,50.5,46.46
84.869,68.583,51.005,46.925
84.084,68.936,51.515,47.394
84.536,70.484,52.03,47.868
84.646,70.674,52.03,47.868
84.92,72.483,52.03,47.868
85.708,74.333,52.551,48.346
85.956,75.651,53.076,48.83
84.303,79.584,52.545,48.342
84.877,83.336,53.071,48.825
86.546,87.134,53.601,49.313
88.369,89.215,53.601,49.313
93.274,93.275,53.601,49.313
93.714,93.709,53.065,48.82
97.497,96.189,53.065,48.82
100.34,98.586,53.065,48.82
101.46,99.259,53.065,48.82
104.34,99.293,53.065,48.82
110.21,102.18,53.065,48.82
113.79,102.56,53.596,49.308
117.84,101.86,54.132,49.801
132.94,102.86,54.673,50.299
136.67,98.863,55.22,50.802
136.88,98.395,55.772,51.31
137.92,98.355,56.33,51.824
141.54,98.865,56.893,52.342
147.04,101.25,57.462,52.865
151.8,102.87,58.037,53.394
162.26,103.11,58.037,53.394
168.24,103.22,58.037,53.394
171.41,102.52,58.037,53.394
177.33,100.89,58.037,53.394
181.32,102.59,58.617,53.928
184.14,103.79,58.617,53.928
189.28,105.84,58.617,53.928
192.13,106.69,59.203,54.467
197.14,109.03,59.795,55.012
200.62,110.9,60.393,55.562
203.99,114.19,60.393,55.562
204.44,114.99,60.393,55.562
206.9,118.34,60.393,55.562
212.13,118.57,60.997,56.118
212.69,119.95,61.607,56.679
213.22,121.95,61.607,56.679
212.64,123.75,62.223,57.245
212.4,125.98,62.846,57.818
212,125.92,63.474,58.396
210.88,131.84,62.839,57.812
210.56,136.21,62.211,57.234
209.78,137.08,61.589,56.662
207.59,140.05,61.589,56.662
207.76,140.36,60.973,56.095
205.95,141.26,60.363,55.534
203.89,142.65,59.76,54.979
202.14,143.42,59.162,54.429
200.87,144.34,58.57,53.885
200.96,144.63,57.985,53.346
201.05,144.93,57.405,52.812
201.1,145.25,56.831,52.284
198.95,145.93,56.262,51.761
199.06,146.18,55.7,51.244
182.83,131.54,56.257,51.756
179.75,121.3,56.819,52.274
179.93,116.66,56.819,52.274
179.96,116.57,56.819,52.274
179.05,109.68,57.388,52.797
179.45,105.61,56.814,52.269
179.25,103.28,56.246,51.746
178.17,100.75,56.246,51.746
176.5,94.945,56.808,52.263
176.66,91.694,56.808,52.263
175.93,88.646,56.808,52.263
175.51,88.128,56.808,52.263
174.62,86.563,56.808,52.263
174.13,86.547,56.808,52.263
173.42,86.836,56.808,52.263
171.7,87.098,56.808,52.263
171.06,86.773,57.376,52.786
170.45,88.419,57.376,52.786
170.6,88.191,56.802,52.258
170.77,88.297,56.234,51.736
171.48,88.236,55.672,51.218
171.61,89.037,55.115,50.706
172.31,90.555,55.115,50.706
173.06,92.374,55.115,50.706
173.89,92.696,54.564,50.199
175.03,92.677,54.018,49.697
175.76,92.778,53.478,49.2
176.07,93.005,52.943,48.708
176.88,93.289,52.414,48.221
177.37,93.307,52.414,48.221
181.16,94.9,51.89,47.739
182.24,95.351,51.371,47.261
183.46,93.748,51.371,47.261
183.97,93.811,50.857,46.789
185.81,91.546,50.349,46.321
185.58,90.963,49.845,45.858
185.66,88.812,49.347,45.399
186.02,88.488,48.853,44.945
185.95,83.219,48.365,44.496
186.39,77.614,48.848,44.941
185.95,74.528,48.848,44.941
183.67,68.412,48.36,44.491
186.57,62.345,48.844,44.936
186.9,58.236,49.332,45.385
186.32,56.208,49.825,45.839
186.54,52.896,50.324,46.298
186.92,52.555,50.324,46.298
191.54,46.798,50.827,46.761
192.07,46.611,50.827,46.761
192.15,46.54,50.827,46.761
192.16,46.511,50.827,46.761
192.16,46.511,50.827,46.761
192.11,46.503,50.827,46.761
188.74,44.707,51.335,47.228
185.29,41.653,50.822,46.756
184.45,41.203,50.822,46.756
180.69,40.978,50.822,46.756
177.04,43.62,50.313,46.288
174.3,46.865,49.81,45.826
173.96,47.651,49.312,45.367
169.91,51.31,49.312,45.367
168.67,51.999,49.312,45.367
166.79,55.796,49.805,45.821
166.13,57.841,50.303,46.279
166.36,60.442,50.806,46.742
166.1,60.418,51.315,47.209
165.83,69.58,51.315,47.209
167.63,73.185,51.828,47.681
167.85,77.25,51.828,47.681
168.47,82.259,51.828,47.681
170.19,86.089,51.828,47.681
170.31,88.179,51.828,47.681
173.16,90.518,51.828,47.681
175.52,90.826,51.309,47.205
176.17,91.031,50.796,46.733
180.27,93.85,50.796,46.733
180.28,93.67,50.796,46.733
178.52,94.183,50.796,46.733
175.01,93.688,50.796,46.733
169.27,93.687,50.796,46.733
166.64,92.983,50.796,46.733
157.43,88.705,51.304,47.2
149.82,86.902,51.817,47.672
141.19,82.937,52.335,48.149
139.97,82.697,52.859,48.63
131.23,78.761,53.387,49.116
109.02,72.883,53.921,49.608
102.87,70.915,54.461,50.104
96.595,67.119,55.005,50.605
91.864,65.58,55.005,50.605
85.391,64.819,55.005,50.605
78.891,64.778,55.555,51.111
73.022,64.425,56.111,51.622
65.276,66.101,56.672,52.138
56.518,68.203,56.672,52.138
47.118,68.514,56.105,51.617
42.474,68.707,55.544,51.101
39.282,70.938,54.989,50.59
37.898,72.828,54.439,50.084
36.873,74.963,53.894,49.583
37.614,78.69,53.355,49.087
38.14,84.377,53.355,49.087
40.433,84.875,52.822,48.596
42.657,86.629,52.294,48.11
46.929,90.052,51.771,47.629
49.135,93.014,51.253,47.153
52.236,98.764,51.253,47.153
55.212,106.45,51.253,47.153
57.529,112.92,51.766,47.624
60.982,116.96,52.283,48.101
63.594,123.13,52.806,48.582
66.841,127.64,52.806,48.582
75.899,130.92,52.278,48.096
78.874,134.07,51.755,47.615
83.244,136.29,51.238,47.139
86.882,138.11,50.725,46.667
91.844,139.12,50.725,46.667
93.815,140.86,50.218,46.201
100.04,143.15,49.716,45.739
100.95,143.35,49.219,45.281
109.21,146.39,48.726,44.828
112.92,147.99,48.239,44.38
117,150.79,47.757,43.936
119.54,156.5,47.279,43.497
123.33,159.28,46.806,43.062
128.86,167.14,46.338,42.631
134.97,171.26,45.875,42.205
140.34,175.37,45.416,41.783
145.05,181,44.962,41.365
147.45,181.15,44.512,40.951
153.25,181.3,44.067,40.542
156.06,180.8,43.627,40.137
162.42,178.93,43.19,39.735
167.29,177.38,42.758,39.338
173.17,174.78,42.331,38.944
173.56,174.85,41.908,38.555
178.46,172.51,41.489,38.169
180.99,169.63,41.489,38.169
184.17,165.69,41.489,38.169
186.47,162.58,41.489,38.169
187.14,158.91,41.489,38.169
188.02,156.59,41.489,38.169
189.22,154.51,41.489,38.169
189.33,153.65,41.903,38.551
190.33,149.42,42.322,38.937
191.1,147.35,42.746,39.326
191.15,146.66,43.173,39.719
191.53,144.36,43.605,40.116
191.45,143.55,44.041,40.518
191.38,141.34,44.481,40.923
191.79,138.57,44.926,41.332
190.28,122.59,44.926,41.332
185.49,118.04,44.926,41.332
183.72,116.44,45.375,41.745
183.15,115.41,45.829,42.163
182.93,114.63,46.287,42.584
183.07,109.82,46.75,43.01
182.92,108.44,47.218,43.44
182.39,97.627,46.746,43.006
180.47,94.582,46.278,42.576
179.95,92.899,45.815,42.15
178.1,92.768,45.357,41.729
177.42,92.996,44.904,41.311
177.81,92.919,44.455,40.898
177.85,92.86,44.01,40.489
178.13,92.863,43.57,40.084
178.09,92.834,43.134,39.684
177.96,92.462,43.134,39.684
