NaN,NaN,NaN,-1
322,191,51,46
321,190,51,46
319,189,51,46
318,189,51,46
316,188,51,46
314,187,51,46
313,186,51,46
312,185,51,46
310,183,51,46
308,183,51,46
307,182,51,46
306,181,51,46
304,180,51,46
303,180,51,46
302,179,51,46
301,178,51,46
300,177,51,46
298,176,51,46
297,175,51,46
295,174,51,46
293,173,51,46
291,172,51,46
289,170,51,46
287,169,51,46
286,167,51,46
285,166,51,46
284,162,51,46
284,160,51,46
285,158,51,46
285,155,51,46
285,153,51,46
285,151,51,46
285,149,51,46
285,147,51,46
284,144,51,46
284,141,51,46
284,139,51,46
283,136,51,46
283,135,51,46
283,133,51,46
284,132,51,46
284,131,51,46
284,129,51,46
284,128,51,46
285,126,51,46
285,125,51,46
284,123,51,46
283,121,51,46
283,120,51,46
284,119,51,46
285,117,51,46
287,117,51,46
287,116,51,46
288,116,51,46
288,115,51,46
290,115,51,46
290,114,51,46
290,113,51,46
291,113,51,46
290,113,51,46
290,113,51,46
291,112,51,46
292,111,51,46
292,110,51,46
292,108,51,46
293,109,51,46
293,108,51,46
294,108,51,46
295,107,51,46
295,106,51,46
296,105,51,46
297,107,51,46
297,107,51,46
298,106,51,46
298,105,51,46
298,104,51,46
299,102,51,46
299,101,51,46
299,100,51,46
301,99,51,46
303,98,51,46
305,96,51,46
304,99,51,46
305,98,51,46
307,97,51,46
308,96,51,46
308,96,51,46
309,96,51,46
307,95,51,46
308,93,51,46
308,94,51,46
308,93,51,46
309,91,51,46
309,90,51,46
310,90,51,46
309,89,51,46
310,89,51,46
311,88,51,46
312,86,51,46
313,86,51,46
311,83,51,46
311,83,51,46
312,83,51,46
312,83,51,46
311,83,51,46
311,84,51,46
311,83,51,46
312,83,51,46
312,83,51,46
312,82,51,46
313,82,51,46
312,82,51,46
312,82,51,46
313,83,51,46
314,83,51,46
314,84,51,46
313,84,51,46
313,85,51,46
313,85,51,46
315,84,51,46
313,84,51,46
312,84,51,46
311,88,51,46
310,89,51,46
309,90,51,46
308,90,51,46
309,91,51,46
308,92,51,46
309,92,51,46
308,92,51,46
308,93,51,46
307,95,51,46
307,96,51,46
307,97,51,46
307,98,51,46
306,98,51,46
305,99,51,46
305,99,51,46
305,100,51,46
306,100,51,46
307,99,51,46
308,99,51,46
307,99,51,46
306,99,51,46
307,99,51,46
307,99,51,46
311,100,51,46
332,111,51,46
333,113,51,46
336,115,51,46
336,119,51,46
337,119,51,46
339,117,51,46
341,116,51,46
345,115,51,46
348,114,51,46
351,111,51,46
354,111,51,46
360,109,51,46
NaN,NaN,NaN,-2
NaN,NaN,NaN,0
NaN,NaN,NaN,0
NaN,NaN,NaN,0
NaN,NaN,NaN,0
NaN,NaN,NaN,-1
279,111,72,64
280,113,72,64
280,115,72,64
279,115,72,64
278,117,72,64
278,117,72,64
279,118,72,64
280,119,72,64
279,120,72,64
278,120,72,64
279,121,72,64
278,120,72,64
278,120,72,64
276,121,72,64
277,122,72,64
278,122,72,64
278,125,72,64
276,126,72,64
276,126,72,64
275,127,72,64
274,127,72,64
273,128,72,64
272,129,72,64
272,128,72,64
272,129,72,64
272,129,72,64
272,129,72,64
275,130,72,64
280,132,72,64
283,131,72,64
285,131,72,64
287,128,72,64
287,126,72,64
295,122,72,64
299,121,72,64
303,121,72,64
308,118,72,64
312,117,72,64
317,116,72,64
322,114,72,64
327,113,72,64
331,111,72,64
NaN,NaN,NaN,-2
NaN,NaN,NaN,0
NaN,NaN,NaN,0
NaN,NaN,NaN,0
NaN,NaN,NaN,0
NaN,NaN,NaN,-1
252,175,71,51
251,175,71,51
251,175,71,51
250,176,71,51
249,177,71,51
249,177,71,51
248,177,71,51
248,178,71,51
247,179,71,51
247,179,71,51
246,179,71,51
246,179,71,51
245,179,71,51
243,180,71,51
