NaN,NaN,NaN,-1
321,186,49,55
320,185,49,55
318,184,49,55
317,184,49,55
315,183,49,55
314,182,49,55
312,181,49,55
311,180,49,55
309,179,49,55
308,178,49,55
306,177,49,55
305,176,49,55
304,175,49,55
302,175,49,55
300,174,49,55
299,173,49,55
298,172,49,55
296,171,49,55
295,170,49,55
292,168,49,55
291,167,49,55
291,166,49,55
287,164,49,55
286,163,49,55
286,163,49,55
284,161,49,55
283,158,49,55
282,156,49,55
281,153,49,55
280,148,49,55
282,147,49,55
281,144,49,55
281,142,49,55
282,140,49,55
281,137,49,55
280,136,49,55
281,133,49,55
283,133,49,55
283,131,49,55
282,128,49,55
282,126,49,55
282,124,49,55
282,121,49,55
281,119,49,55
281,117,49,55
282,116,49,55
281,115,49,55
281,114,49,55
281,114,49,55
282,112,49,55
283,111,49,55
285,110,49,55
285,110,49,55
286,110,49,55
286,109,49,55
288,109,49,55
289,109,49,55
289,108,49,55
291,107,49,55
290,107,49,55
289,107,49,55
289,105,49,55
291,106,49,55
291,104,49,55
292,104,49,55
292,105,49,55
291,104,49,55
292,104,49,55
292,104,49,55
293,103,49,55
291,101,49,55
292,101,49,55
292,101,49,55
292,100,49,55
293,100,49,55
293,98,49,55
294,98,49,55
294,96,49,55
295,96,49,55
295,94,49,55
297,94,49,55
298,93,49,55
299,94,49,55
301,93,49,55
303,93,49,55
303,91,49,55
304,89,49,55
305,88,49,55
305,89,49,55
305,88,49,55
305,88,49,55
305,87,49,55
306,86,49,55
306,86,49,55
307,85,49,55
307,85,49,55
308,84,49,55
308,83,49,55
308,82,49,55
310,82,49,55
309,81,49,55
310,81,49,55
309,79,49,55
310,80,49,55
309,80,49,55
310,81,49,55
310,82,49,55
311,82,49,55
312,82,49,55
312,82,49,55
313,83,49,55
311,82,49,55
315,82,49,55
315,83,49,55
314,82,49,55
314,82,49,55
315,83,49,55
317,83,49,55
318,83,49,55
318,84,49,55
317,84,49,55
317,86,49,55
317,87,49,55
312,87,49,55
312,88,49,55
312,89,49,55
312,89,49,55
311,89,49,55
311,89,49,55
313,90,49,55
311,90,49,55
312,91,49,55
309,92,49,55
309,92,49,55
309,93,49,55
308,93,49,55
308,94,49,55
307,94,49,55
307,94,49,55
307,95,49,55
308,95,49,55
308,95,49,55
310,96,49,55
309,96,49,55
309,96,49,55
310,96,49,55
310,94,49,55
307,91,49,55
306,91,49,55
306,92,49,55
305,93,49,55
304,94,49,55
304,97,49,55
305,98,49,55
304,97,49,55
303,96,49,55
304,97,49,55
304,98,49,55
303,98,49,55
302,98,49,55
301,98,49,55
300,101,49,55
299,103,49,55
299,104,49,55
298,104,49,55
298,106,49,55
297,108,49,55
297,111,49,55
296,111,49,55
296,111,49,55
296,112,49,55
295,113,49,55
294,114,49,55
293,115,49,55
292,114,49,55
291,114,49,55
291,115,49,55
291,115,49,55
293,116,49,55
289,116,49,55
289,119,49,55
288,121,49,55
288,122,49,55
286,125,49,55
286,124,49,55
285,126,49,55
283,126,49,55
284,126,49,55
283,127,49,55
282,127,49,55
283,129,49,55
284,130,49,55
284,131,49,55
283,131,49,55
282,132,49,55
281,133,49,55
278,137,49,55
277,139,49,55
276,141,49,55
275,144,49,55
273,146,49,55
272,149,49,55
272,150,49,55
272,152,49,55
272,153,49,55
273,155,49,55
272,157,49,55
272,159,49,55
273,161,49,55
273,162,49,55
273,163,49,55
272,165,49,55
272,165,49,55
271,166,49,55
270,167,49,55
270,166,49,55
270,167,49,55
270,167,49,55
270,168,49,55
269,168,49,55
269,169,49,55
269,169,49,55
268,169,49,55
266,170,49,55
266,170,49,55
265,171,49,55
264,171,49,55
