NaN,NaN,NaN,-1
123.73,91.133,46.794,58.742
123.43,91.481,46.328,58.158
123.27,91.983,45.793,57.491
123.51,92.223,45.236,56.795
124.18,92.815,44.505,55.881
124.59,93.644,43.939,55.173
124.84,93.724,43.824,55.03
124.83,94.144,43.723,54.903
125.36,94.729,43.544,54.679
125.47,96.494,43.493,54.615
124.86,97.522,43.787,54.984
124.32,97.949,43.676,54.845
123.92,98.548,42.894,53.867
123.4,98.544,43.129,54.161
122.78,98.829,43.235,54.293
121.51,99.238,43.09,54.113
120.7,99.665,43.055,54.068
120.09,99.154,43.331,54.414
120.08,98.722,43.544,54.68
120.39,98.156,43.08,54.1
120.79,96.68,43.402,54.502
122.04,96.265,42.974,53.967
123.43,95.383,42.983,53.979
124.91,94.829,42.717,53.645
126.14,94.099,43.254,54.317
127.69,93.749,42.973,53.965
129.05,93.373,43.106,54.132
130.94,92.856,42.776,53.719
132.17,91.776,42.69,53.612
133.05,91.32,41.992,52.739
133.36,89.846,41.391,51.989
132.65,88.201,41.407,52.008
130.83,87.228,41.083,51.604
128.35,85.899,41.094,51.616
126.12,85.146,41.548,52.183
125.38,83.642,41.337,51.92
123.91,83.55,41.586,52.232
122.33,83.826,42.312,53.138
121.02,84.531,42.745,53.68
124,92,23,28
123.5,94.083,23.595,28.725
123.67,97.111,22.369,27.294
123.65,99.399,22.133,27.044
123.61,102.26,21.486,26.31
123.72,103.99,21.265,26.07
124.75,104.32,21.136,26.028
125.46,104.56,21.54,26.52
125.75,105.02,20.978,25.925
126.7,104.67,20.982,25.915
127.63,103.17,20.79,25.792
127.47,101.7,20.982,26.016
127.58,100.97,21.648,26.794
129.11,100.47,21.365,26.446
129.01,100.41,21.363,26.408
128.04,99.491,21.952,27.08
127.35,99.607,21.944,26.965
127.45,99.361,22.062,27.142
127.3,99.314,22.257,27.345
127.24,99.003,21.54,26.552
126.94,99.747,21.179,26.108
126.98,101.86,20.908,25.773
126.15,104.38,20.491,25.39
125.51,106.51,19.957,24.817
125.09,107.51,20.073,24.944
125.03,108.71,19.944,24.848
125.59,110.46,20.052,24.931
126.88,110.85,20.202,25.177
128.02,111.07,20.312,25.31
127.53,110.64,20.407,25.409
127.17,108.65,20.437,25.422
127.47,106.22,20.468,25.439
127,104.07,19.896,24.791
126.79,101.04,19.981,24.973
127.54,97.722,19.566,24.492
128.32,94.461,20.204,25.208
129.39,91.797,19.784,24.752
129.16,88.924,20.121,25.117
129.04,86.37,20.75,25.901
128.82,85.79,20.481,25.594
128.45,85.981,20.489,25.533
127.52,86.695,20.552,25.558
126.94,86.918,20.688,25.73
127.11,88.13,20.134,25.096
127,90.268,19.783,24.745
125.67,91.903,20.119,25.097
119,90,39,49
117.81,91.713,38.858,48.822
116.06,93.4,38.848,48.809
114.19,94.973,38.631,48.537
113.08,96.103,37.684,47.419
112.76,97.124,36.649,46.238
111.83,98.414,36.273,45.822
110.02,99.8,35.754,45.218
108.45,101.48,35.016,44.333
106.39,103.46,34.667,43.891
111,110,16,20
109.1,110.89,17.003,21.316
108.29,112.16,17.55,22.04
105.5,110,29.5,37.5
105.57,110.38,29.486,37.482
108.5,112.25,19.25,24
110.49,110.99,19.36,24.137
112.36,109.81,19.52,24.375
113.93,109.11,19.971,24.917
116.67,108.63,20.141,25.133
119.91,108.06,20.606,25.655
123.5,107.2,21.275,26.342
126.84,106.85,21.444,26.55
129.67,107.13,21.045,26.088
132.54,107.26,20.914,25.912
135.04,106.5,21.037,26.064
136.33,105.74,21.087,26.121
137.91,104.87,21.047,26.071
139.05,104.7,21.429,26.544
140.65,105.5,21.332,26.452
141.23,106.63,20.607,25.621
140.73,108.41,20.446,25.432
139.04,109.82,20.296,25.281
137.95,110.01,20.213,25.178
136.55,109.91,20.721,25.811
133.82,110.05,20.53,25.572
131.6,109.75,20.213,25.272
130.05,108.14,20.506,25.571
128.56,105.72,20.253,25.254
125.38,103.23,20.004,24.945
123.9,101.18,20.066,25.022
121.71,99.58,20.044,25.022
120.19,98.648,20.151,25.156
119.17,98.727,19.986,25.015
117.38,100.12,19.247,24.09
115.03,101.24,19.11,23.918
113.41,102.63,19.232,24.107
111.85,104.5,19.342,24.239
111.28,106.48,20.066,25.034
111.82,108.61,20.489,25.478
112.09,110.6,20.657,25.668
112.73,112.49,20.928,25.989
114.17,113.35,20.948,26.051
116.19,113.26,21.093,26.265
117.84,112.89,21.468,26.732
118.58,113.46,21.609,26.849
118.68,113.41,21.504,26.718
118.97,112.29,21.588,26.823
119.23,110.86,21.478,26.671
118.63,109.38,21.225,26.357
117.17,107.67,21.442,26.626
114.51,106.52,21.521,26.724
110.96,105.69,21.556,26.767
108.13,104.82,21.406,26.582
105.5,103.96,21.59,26.81
101.96,103.99,21.683,26.925
98.749,104.75,21.61,26.835
96.264,105.49,21.37,26.604
94.322,106.08,21.487,26.726
93.924,106.25,21.602,26.804
93.266,105.86,21.492,26.667
92.535,105.4,21.665,26.882
92.898,105.48,21.259,26.476
93.694,106.36,21.312,26.599
93.885,108.72,21.239,26.471
93.753,110.15,21.418,26.694
94.405,110.91,21.168,26.411
95.158,111.15,20.527,25.625
95.145,112.64,20.423,25.522
94.265,114.59,20.641,25.726
93.187,115.67,20.777,25.948
93.34,115.83,20.101,25.15
93.147,115.74,19.877,24.907
92.262,115.93,19.97,25.041
90.887,115.87,20.073,25.21
89.787,114.9,20.266,25.452
89.385,113.86,19.689,24.741
88.218,111.79,19.813,24.832
86.964,110.49,20.166,25.221
85.924,109.24,20.424,25.507
84.399,108.02,21.216,26.497
83.339,107.09,20.874,26.069
82.473,106.57,20.346,25.41
80.799,107.19,20.264,25.265
78.58,107.84,20.643,25.73
75.379,107.96,21.574,26.77
73.654,107.83,21.607,26.795
72.739,107.79,20.956,25.976
71.379,107.48,20.616,25.554
69.596,107.19,20.645,25.613
67.498,106.52,21.469,26.555
65.965,106.8,21.605,26.636
65.828,107.03,21.563,26.585
66.585,107.25,21.712,26.817
67.28,107.75,22.013,27.14
68.172,109.36,21.634,26.673
68.888,110.59,21.5,26.606
69.634,111.39,21.87,26.932
70.493,112.01,21.704,26.728
71.269,112.06,21.474,26.444
71.553,111.9,21.036,25.904
71.055,111.24,21.481,26.407
70.921,110.77,21.26,26.135
69.588,109.98,21.684,26.663
68.752,108.83,21.86,26.88
67.949,108.06,21.322,26.373
67.481,107.08,20.971,25.978
66.571,106.43,20.328,25.182
65.61,105.43,20.326,25.18
65.096,104.25,20.747,25.728
65.395,103.88,20.355,25.269
65.631,103.69,20.63,25.558
67.109,103.87,20.065,24.964
69.746,103.27,19.849,24.695
71.951,102.14,20.13,25.045
73.766,101.76,19.723,24.539
74.854,100.78,19.947,24.85
75.511,99.04,21.138,26.333
76.847,98.312,20.912,26.052
77.927,97.663,20.834,25.954
78.019,97.484,20.9,26.038
77.834,97.162,21.275,26.505
78.31,96.773,21.842,27.211
79.778,96.239,21.468,26.744
80.958,95.111,21.654,26.976
83.175,94.043,21.763,27.113
85.184,93.594,22.045,27.464
86.704,93.928,22.28,27.757
88.799,93.893,22.926,28.561
90.427,94.271,23.016,28.674
92.311,95.99,22.819,28.428
95.102,98.046,22.978,28.626
97.071,100.12,23.481,29.253
99.479,102.6,23.767,29.609
101.31,104.59,24.385,30.379
102.9,105.93,24.611,30.661
105.61,106.77,24.363,30.352
109.33,108.16,24.507,30.531
113,111.92,24.845,30.952
114.17,116.13,26.258,32.712
115.59,117.65,27.135,33.805
116.49,117.11,26.554,33.081
116.05,115.82,26.741,33.314
114.99,113.66,27.278,33.982
113.1,111.66,27.53,34.297
110.75,108.52,28.082,34.985
108.81,105.64,28.445,35.437
105.67,103.45,28.735,35.798
101.63,101.73,29.18,36.353
96.758,100.31,29.362,36.579
91.563,98.546,29.746,37.057
86.89,96.173,29.782,37.102
82.701,93.688,30.054,37.441
78.148,92.956,30.312,37.763
73.466,92.298,30.312,37.763
70.292,91.919,29.861,37.201
69.955,91.83,29.539,36.8
72.501,92.366,29.105,36.259
75.244,93.99,28.955,36.072
79.424,96.247,29.442,36.679
83.471,98.266,29.175,36.346
87.34,99.21,28.665,35.71
90.549,100.86,28.334,35.299
92.422,103.9,28.491,35.494
93.83,107.85,27.991,34.871
95.78,110.34,27.862,34.711
97.833,112.48,27.805,34.64
99.577,115.62,27.336,34.056
101.53,116.74,27.671,34.473
103.91,116.42,27.395,34.128
105.79,115.36,27.394,34.128
108.12,114.37,27.204,33.891
110.13,112.51,27.073,33.727
112.15,108.97,27.425,34.166
114.76,105.11,27.372,34.1
116.51,100.98,27.417,34.156
118.26,97.099,27.206,33.893
118.94,92.801,27.574,34.352
118.45,88.92,28.02,34.908
117.38,85.48,28.61,35.643
115.97,82.498,28.638,35.677
113.17,78.922,29.211,36.391
109.75,75.093,29.614,36.893
106.75,71.184,30.042,37.427
103.71,67.931,30.33,37.785
100.99,64.776,30.819,38.394
97.634,62.014,31.173,38.835
94.534,59.782,31.276,38.964
91.882,58.056,31.751,39.556
89.873,57.008,32.389,40.35
88.393,57.21,32.864,40.942
87.653,57.831,33.25,41.423
86.52,59.242,33.46,41.684
85.016,61.196,33.55,41.797
84.169,62.923,33.478,41.707
83.155,64.373,33.673,41.95
81.822,66.119,33.607,41.868
80.232,67.694,33.584,41.839
78.635,69.853,33.689,41.97
77.408,72.517,33.421,41.637
76.559,74.784,33.489,41.721
76.322,76.832,33.755,42.052
76.77,79.12,34.069,42.444
78.079,80.923,34.347,42.79
79.805,82.495,34.398,42.853
82.07,83.373,34.465,42.937
84.965,84.194,34.509,42.992
