NaN,NaN,NaN,-1
150,57,81,95
148,61,81,94
145,65,79,93
143,67,77,91
140,67,77,90
138,63,76,89
137,59,76,89
136,57,75,88
136,56,75,88
133,56,75,88
126,56,76,89
120,58,76,89
114,60,77,90
110,60,77,90
109,58,78,91
109,55,79,92
111,54,81,93
113,55,81,93
115,56,80,93
118,60,79,92
117,62,79,92
118,64,79,91
119,64,79,91
120,67,78,90
122,68,77,90
122,66,76,89
123,62,77,90
126,56,76,90
131,51,77,90
135,47,79,91
137,45,80,93
141,44,80,93
145,45,79,92
148,47,80,93
149,50,79,92
149,51,78,91
148,50,77,90
147,48,76,89
143,45,77,90
139,43,77,91
135,43,79,92
129,48,79,92
123,52,79,92
119,55,78,91
115,54,79,92
112,54,79,93
110,55,80,94
109,55,80,93
108,53,80,93
109,47,80,94
110,43,81,94
113,42,81,95
116,44,81,95
118,48,81,94
121,53,80,93
125,58,80,93
128,61,80,93
131,63,79,93
134,61,79,93
139,56,80,93
143,49,80,94
146,44,81,95
146,42,81,95
147,41,83,96
146,47,82,96
144,52,81,95
142,54,81,95
140,56,80,94
141,57,79,93
138,57,78,92
138,54,78,92
140,51,78,91
140,51,78,91
140,56,78,91
137,60,78,91
135,61,80,92
134,61,80,93
134,61,80,93
133,63,80,93
131,63,81,93
127,60,80,92
124,57,79,91
123,55,79,91
124,54,78,91
122,59,78,90
122,64,77,89
124,68,76,89
125,71,77,89
127,74,77,90
130,74,78,90
131,68,78,91
134,58,79,92
136,51,81,94
141,48,81,95
145,46,82,95
146,48,81,94
148,52,80,93
150,53,80,93
152,54,79,92
153,55,79,91
154,55,78,90
154,55,76,89
154,55,76,88
152,55,75,87
151,53,75,87
150,55,75,87
145,60,75,87
142,62,75,87
140,62,75,87
136,65,75,87
131,67,75,87
127,65,75,87
127,61,76,88
128,58,76,88
129,58,77,88
128,57,77,88
129,58,77,88
127,58,77,89
129,60,78,90
130,62,78,90
131,64,77,90
134,63,76,89
136,59,78,91
137,55,82,94
137,51,86,98
139,48,89,101
143,45,91,103
145,43,93,105
147,43,95,107
147,44,96,107
149,46,95,107
150,46,94,106
150,46,94,106
148,45,93,105
147,44,92,104
147,43,91,103
148,39,91,102
150,37,91,102
149,36,91,102
146,35,91,103
142,35,91,102
141,37,89,101
138,40,88,100
135,42,88,100
132,43,87,98
130,42,85,97
129,38,84,96
128,34,83,95
127,32,82,94
128,31,81,93
126,32,80,93
128,33,78,91
129,36,78,91
129,42,77,90
129,46,79,92
130,47,80,93
130,45,82,95
131,42,84,97
130,37,86,100
129,32,89,103
130,28,90,105
129,23,92,107
128,21,94,109
126,22,95,110
124,23,95,109
123,26,95,109
123,31,94,108
122,35,93,107
122,38,93,107
123,39,92,106
122,38,92,106
123,34,92,105
124,30,91,104
124,27,90,103
123,25,89,102
123,24,88,101
122,25,87,100
124,28,87,99
126,31,86,98
128,33,85,97
128,36,84,97
128,40,83,95
125,42,82,94
122,44,81,94
119,45,81,93
115,43,81,93
113,42,80,92
111,40,79,91
108,40,79,91
106,40,78,90
106,40,77,89
107,42,76,88
110,43,74,87
114,42,73,86
119,38,72,85
122,33,74,86
122,30,75,87
123,24,75,88
128,26,76,88
134,30,75,87
137,34,75,88
142,35,75,88
146,37,75,88
148,37,75,88
151,38,75,87
152,38,75,88
153,42,75,87
156,45,75,88
157,47,76,89
158,48,77,90
159,47,79,92
157,47,81,94
154,46,83,96
149,44,84,97
145,45,84,98
140,44,84,98
136,44,84,99
129,42,87,102
126,39,90,104
123,38,91,105
121,38,91,106
122,39,91,106
124,43,92,107
126,46,92,107
130,48,92,108
134,48,93,109
138,48,94,110
143,47,96,112
147,46,97,113
151,46,96,112
155,46,95,110
158,46,94,109
161,47,92,107
162,50,90,105
160,53,89,103
160,57,87,101
160,60,84,98
159,61,83,97
159,62,82,96
159,62,81,95
160,62,81,94
161,60,80,94
164,59,81,94
166,59,82,95
167,59,82,95
170,61,81,94
170,63,81,95
170,64,82,96
170,64,83,97
168,63,84,99
164,60,84,99
160,55,86,101
159,52,88,102
156,48,87,102
155,45,88,103
153,42,88,103
153,40,88,103
153,41,88,103
154,44,88,103
152,51,88,103
152,57,89,104
154,60,89,105
156,59,90,105
158,56,90,105
160,50,91,106
161,44,91,107
163,41,91,107
163,39,92,107
162,37,91,107
161,36,91,106
160,39,92,107
159,43,91,106
159,46,90,105
159,48,89,104
155,48,88,103
150,47,87,103
144,45,88,103
138,42,89,104
132,36,91,106
123,32,92,106
118,30,92,106
114,30,93,107
112,31,94,108
109,35,94,109
109,41,95,109
108,46,94,109
109,48,95,109
111,47,95,110
117,48,95,110
123,48,93,108
129,46,92,107
137,44,92,108
138,43,93,109
137,42,95,110
133,40,96,111
128,40,97,112
123,41,97,112
117,43,95,112
108,42,99,115
98,39,103,119
90,34,106,122
82,28,109,124
75,22,109,125
71,19,108,124
71,19,106,122
71,21,105,121
71,28,104,120
70,36,102,118
68,42,100,116
65,45,99,115
60,47,99,115
53,46,99,115
47,45,98,114
42,41,97,113
43,37,97,113
43,33,97,112
46,34,95,111
52,36,92,108
58,41,90,105
61,45,89,104
62,48,89,104
66,49,89,104
71,52,88,103
76,53,87,102
81,50,87,102
85,45,88,103
90,36,89,104
97,28,92,107
105,23,93,108
112,23,94,110
117,27,95,110
118,30,95,111
121,33,94,110
122,33,95,112
123,34,97,113
122,34,99,115
119,31,101,117
120,29,102,118
120,27,102,119
119,24,103,120
119,23,104,120
118,25,104,120
118,26,104,120
119,28,102,119
119,30,100,117
120,31,99,116
120,31,98,115
123,30,97,114
125,27,97,113
129,22,96,112
134,20,95,111
138,20,94,110
141,27,93,109
141,35,93,108
139,41,93,108
139,45,93,108
138,47,92,107
135,44,91,106
135,39,90,105
139,34,89,104
145,31,88,103
150,34,87,101
150,37,86,100
151,42,84,98
147,45,83,97
141,48,82,95
135,48,81,94
129,48,81,94
121,43,81,93
117,39,80,93
116,34,79,92
120,33,78,91
120,35,79,92
119,37,80,93
119,39,80,93
119,42,80,93
118,42,80,93
115,44,80,93
113,45,79,92
111,42,78,91
114,39,78,91
118,37,78,91
121,35,78,91
131,40,78,91
135,43,79,92
141,43,78,92
148,40,79,93
152,38,80,94
155,36,81,95
157,35,82,95
158,34,82,94
158,30,81,93
160,28,80,92
162,27,78,90
160,27,78,90
160,29,77,89
163,36,76,88
161,44,75,86
158,49,72,84
155,52,70,82
147,50,73,85
141,45,77,88
140,40,79,90
143,34,81,92
144,32,82,93
145,34,81,93
145,38,80,92
146,42,79,90
148,45,78,89
148,47,77,88
149,51,76,86
151,53,75,85
154,55,72,82
157,51,70,80
157,49,68,79
160,48,68,78
163,53,67,77
163,58,65,75
162,62,63,74
159,65,62,72
155,66,61,71
153,65,60,70
153,64,59,69
150,62,59,69
146,60,59,69
140,57,61,70
137,55,63,72
132,49,65,74
130,41,67,76
128,41,68,76
125,45,69,77
125,47,69,77
126,49,68,77
124,53,67,76
123,56,66,75
123,57,65,74
121,57,64,74
125,56,63,73
132,57,62,72
138,58,63,72
144,57,64,73
149,57,65,74
153,57,65,74
154,59,65,73
153,61,64,73
155,61,63,71
159,59,61,70
159,59,59,68
158,60,57,65
154,60,54,62
150,58,52,60
151,60,50,57
149,64,48,55
148,68,46,52
147,72,44,50
146,73,42,48
152,76,41,46
154,77,40,45
157,78,39,44
158,80,38,43
160,81,38,44
159,80,39,44
159,79,40,45
158,79,41,46
156,79,41,47
153,79,41,47
150,77,41,47
149,76,42,47
144,76,41,47
145,77,39,45
143,77,39,45
140,75,40,46
139,75,41,47
138,73,41,47
138,73,41,48
139,70,42,49
142,69,43,50
144,67,43,51
146,66,44,51
148,65,45,53
148,64,47,54
147,64,48,56
143,64,50,57
142,62,51,58
142,59,52,59
142,58,53,60
143,57,54,61
144,56,55,62
143,54,56,63
143,54,55,62
144,52,56,63
145,51,57,64
145,51,57,64
144,50,58,64
142,51,58,65
137,52,60,66
136,54,60,67
133,52,60,67
136,53,61,68
136,50,62,70
136,49,63,70
137,49,63,70
139,46,64,71
144,46,66,73
148,48,67,74
149,49,67,74
154,50,67,74
156,48,68,75
156,44,68,74
157,41,67,74
160,40,67,74
163,40,68,74
162,39,69,76
162,45,69,76
159,50,69,75
157,51,71,77
150,53,71,77
143,54,71,78
136,51,72,79
136,52,73,80
132,49,74,81
131,45,75,81
134,45,75,81
136,47,76,82
139,47,76,82
143,50,76,83
145,52,77,84
147,55,78,84
151,58,79,85
153,59,81,87
155,56,83,90
155,49,86,92
155,45,88,94
156,43,89,96
157,44,89,96
159,46,90,97
158,46,90,97
158,45,90,97
156,41,90,97
154,37,90,97
153,33,90,97
152,28,90,97
147,23,92,98
146,25,91,97
141,30,89,96
137,32,88,95
134,33,88,94
135,34,86,93
135,34,85,92
135,36,83,90
134,37,81,88
133,37,80,87
135,35,79,85
138,37,78,85
140,40,77,84
142,45,77,84
142,50,77,84
141,53,77,84
142,55,78,85
138,54,80,86
139,48,82,88
141,38,84,91
144,33,86,92
146,36,86,92
148,40,86,92
148,45,86,92
147,48,85,92
145,49,85,92
145,51,84,91
145,52,83,90
145,50,83,89
148,50,82,89
148,51,81,88
143,49,81,87
139,50,80,87
136,51,80,86
132,51,80,86
126,50,79,86
121,49,79,85
117,49,79,85
113,49,77,84
117,48,76,83
119,46,76,82
121,41,75,82
126,41,75,82
129,46,75,82
131,52,75,82
134,57,76,82
135,57,75,81
142,55,75,81
146,51,75,81
148,46,75,81
151,43,76,81
154,40,75,81
156,39,75,81
157,40,74,80
156,41,74,80
156,43,73,80
156,46,73,79
157,48,72,78
155,49,72,78
154,49,73,79
152,49,74,79
150,46,77,82
149,44,79,84
149,44,80,85
148,45,82,86
147,45,83,87
147,46,83,88
150,47,83,88
153,48,82,87
153,49,82,86
152,50,81,85
155,52,79,84
154,55,78,83
149,60,77,82
149,64,77,82
151,68,77,82
150,71,77,82
147,73,77,83
143,72,78,83
144,69,78,83
145,67,78,83
142,65,78,83
144,61,78,84
147,60,79,84
149,60,79,84
153,61,79,84
156,62,78,83
158,62,78,83
160,63,79,83
162,61,79,83
162,57,79,83
162,55,78,83
159,53,78,82
155,51,78,82
151,51,78,83
146,55,78,83
141,57,78,83
137,59,78,83
134,61,78,83
129,62,77,82
125,63,76,81
125,63,75,80
121,61,75,79
122,57,74,79
126,56,73,78
129,58,72,77
131,62,71,75
135,67,69,74
141,72,68,73
146,76,68,73
151,76,69,73
154,74,70,74
159,71,71,75
167,68,71,75
170,69,71,75
173,72,70,75
176,76,70,74
176,79,69,73
174,81,68,73
170,80,68,72
166,78,68,72
164,75,68,72
163,75,67,71
160,76,66,70
159,76,65,69
161,75,65,69
159,75,65,69
157,76,65,70
154,76,66,71
151,76,66,70
151,76,66,70
150,76,66,70
150,76,65,70
150,74,65,70
152,72,65,70
153,71,66,70
156,71,67,71
161,72,67,71
166,74,68,72
169,77,68,72
172,80,68,72
173,81,69,74
174,80,70,75
176,78,71,75
177,76,71,76
177,74,71,76
178,73,70,75
178,73,69,74
180,72,68,73
179,68,68,73
183,65,68,73
186,66,68,73
186,69,68,73
189,73,65,71
193,76,63,69
192,77,63,68
190,77,63,68
188,77,63,68
186,75,62,68
183,74,61,68
178,72,62,68
176,72,62,69
176,73,62,69
175,73,63,69
173,73,63,70
172,72,64,70
168,69,64,71
168,68,65,72
167,65,66,72
166,62,66,72
162,60,66,72
169,59,65,72
172,61,65,72
177,64,65,71
181,67,65,71
181,69,65,71
184,68,65,71
186,68,65,71
185,68,65,71
182,67,65,71
180,65,65,71
181,63,65,71
178,63,65,71
175,66,65,71
175,69,65,71
173,73,64,70
171,74,64,70
166,72,64,70
161,70,64,70
159,68,63,70
156,66,62,69
154,65,62,69
153,65,62,69
150,65,61,68
149,66,61,68
149,68,61,68
150,69,61,68
153,69,61,68
157,69,61,68
162,69,61,67
168,69,61,67
172,68,60,67
175,67,60,66
178,66,59,65
180,67,59,65
182,70,58,64
182,74,57,64
181,77,57,63
180,80,57,63
178,82,56,63
176,83,56,63
174,83,56,63
169,80,57,63
168,75,57,64
163,74,58,64
160,74,58,64
156,77,58,64
153,79,58,64
152,79,58,64
151,77,58,64
148,76,59,65
147,76,60,66
145,75,61,67
142,74,62,68
140,74,62,68
138,73,62,68
135,71,62,69
