NaN,NaN,NaN,-1
167,72,46,52
167,72,46,52
167,72,46,52
167,72,46,52
166,72,46,52
166,72,46,52
166,72,46,52
165,72,46,52
164,71,46,52
163,70,46,52
163,69,46,52
162,68,46,52
160,68,46,52
146,73,46,52
143,71,46,52
140,70,46,52
136,69,46,52
131,68,46,52
126,66,46,52
121,65,46,52
117,64,46,52
113,63,46,52
109,62,46,52
105,60,46,52
101,59,46,52
96,59,46,52
92,59,46,52
89,61,46,52
86,64,46,52
84,66,46,52
82,67,46,52
81,68,46,52
80,70,46,52
79,71,46,52
78,71,46,52
79,72,46,52
79,73,46,52
80,74,46,52
81,75,46,52
81,76,46,52
82,79,46,52
82,82,46,52
82,85,46,52
82,88,46,52
84,91,46,52
87,93,46,52
89,95,46,52
92,97,46,52
101,102,46,52
105,104,46,52
108,106,46,52
110,107,46,52
112,107,46,52
120,107,46,52
125,106,46,52
129,106,46,52
132,105,46,52
137,105,46,52
141,105,46,52
143,105,46,52
145,104,46,52
148,101,46,52
161,95,46,52
164,93,46,52
170,94,46,52
174,94,46,52
178,95,46,52
183,96,46,52
188,98,46,52
191,99,46,52
194,101,46,52
197,104,46,52
199,108,46,52
201,112,46,52
203,115,46,52
204,117,46,52
205,120,46,52
205,122,46,52
205,125,46,52
205,127,46,52
205,128,46,52
204,128,46,52
202,129,46,52
201,130,46,52
201,131,46,52
200,131,46,52
198,132,46,52
195,134,46,52
192,135,46,52
189,135,46,52
186,134,46,52
184,133,46,52
183,131,46,52
182,128,46,52
181,125,46,52
181,123,46,52
180,120,46,52
179,116,46,52
179,112,46,52
178,108,46,52
177,106,46,52
176,103,46,52
181,117,46,52
182,116,46,52
183,115,46,52
184,114,46,52
184,112,46,52
183,111,46,52
182,112,46,52
181,112,46,52
180,113,46,52
179,114,46,52
178,114,46,52
177,115,46,52
177,115,46,52
177,115,46,52
176,116,46,52
175,117,46,52
174,117,46,52
173,116,46,52
174,117,46,52
174,116,46,52
175,117,46,52
175,117,46,52
175,116,46,52
176,117,46,52
177,117,46,52
177,117,46,52
177,116,46,52
177,116,46,52
177,116,46,52
176,116,46,52
176,116,46,52
176,116,46,52
175,116,46,52
NaN,NaN,NaN,-2
NaN,NaN,NaN,0
NaN,NaN,NaN,0
NaN,NaN,NaN,0
NaN,NaN,NaN,0
NaN,NaN,NaN,-1
199,39,33,52
201,36,33,52
203,36,33,52
203,35,33,52
203,35,33,52
201,32,33,52
200,31,33,52
198,31,33,52
196,32,33,52
192,34,33,52
187,37,33,52
183,40,33,52
179,43,33,52
175,48,33,52
174,51,33,52
174,54,33,52
174,57,33,52
175,60,33,52
177,63,33,52
178,67,33,52
180,71,33,52
180,75,33,52
180,78,33,52
180,81,33,52
181,84,33,52
184,87,33,52
188,89,33,52
193,91,33,52
197,92,33,52
199,93,33,52
197,92,33,52
195,92,33,52
190,91,33,52
185,89,33,52
180,88,33,52
175,87,33,52
166,83,33,52
158,80,33,52
150,79,33,52
142,76,33,52
134,74,33,52
126,72,33,52
119,69,33,52
109,67,33,52
103,68,33,52
95,69,33,52
88,69,33,52
80,67,33,52
74,67,33,52
68,68,33,52
62,70,33,52
57,73,33,52
53,76,33,52
50,80,33,52
49,83,33,52
50,86,33,52
53,88,33,52
56,90,33,52
59,93,33,52
63,97,33,52
66,102,33,52
69,108,33,52
72,114,33,52
74,119,33,52
77,124,33,52
81,128,33,52
81,129,33,52
83,131,33,52
84,130,33,52
86,130,33,52
89,130,33,52
93,133,33,52
100,138,33,52
105,140,33,52
111,144,33,52
116,146,33,52
120,149,33,52
125,154,33,52
131,159,33,52
137,164,33,52
143,168,33,52
149,173,33,52
154,176,33,52
159,177,33,52
165,177,33,52
170,175,33,52
175,174,33,52
181,172,33,52
186,169,33,52
190,166,33,52
193,162,33,52
195,158,33,52
197,155,33,52
199,151,33,52
200,148,33,52
201,144,33,52
203,142,33,52
205,141,33,52
206,136,33,52
207,135,33,52
207,133,33,52
207,132,33,52
207,131,33,52
207,129,33,52
207,128,33,52
207,126,33,52
206,123,33,52
204,119,33,52
203,116,33,52
203,112,33,52
203,121,33,52
203,121,33,52
202,119,33,52
201,118,33,52
199,114,33,52
198,111,33,52
197,108,33,52
196,106,33,52
196,106,33,52
195,105,33,52
194,104,33,52
194,103,33,52
