NaN,NaN,NaN,-1
133.82,42.758,35.084,95.237
133.11,43.281,36.216,95.11
134.13,46.417,35.156,92.567
132.36,46.703,36.743,91.666
132.07,47.237,37.385,91.881
133.94,48.104,37.324,91.195
132.26,48.035,37.102,93.802
131.38,48.6,36.698,94.044
131.72,50.14,36.764,94.101
131.43,52.591,36.243,91.451
132.22,53.007,35.082,93.958
131.5,55.635,37.617,94.285
131.56,58.214,37.785,95.019
136.01,64.508,35.097,88.979
134.73,66.515,39.298,93.881
138.86,72.76,36.903,92.85
145.01,77.136,34.869,92.391
149.53,81.372,34.824,91.713
154.45,86.61,35.582,91.87
162.61,86.782,34.77,96.029
168.29,93.798,35.279,90.172
174.42,96.936,37.312,90.999
180.54,99.749,38.701,88.7
190.49,99.822,36.492,91.837
198.07,101.3,37.129,90.711
207.36,101.45,37.184,91.004
212.98,101.21,36.583,94.429
219.34,99.582,38.069,98.019
223.92,101.52,36.615,95.191
227.01,102.98,37.427,92.053
228.71,101.01,37.796,95.114
229.97,102.16,38.047,93.484
225.32,99.496,37.971,95.833
219.01,98.993,40.643,95.573
212.47,100.09,40.531,94.264
205.68,98.986,37.608,92.519
197.42,99.833,36.424,93.803
186.39,99.301,35.95,96.222
175.59,99.421,35.527,95.096
165.38,101.24,33.535,94.192
155.9,102.06,33.491,93.709
147.91,103.27,32.668,92.821
138.96,104.07,36.637,92.009
127.9,107.11,39.78,90.051
118.94,107.17,38.128,92.045
112.41,107.45,35.726,91.506
103.79,108.51,36.209,90.75
97.53,110.13,36.711,90.843
93.705,110.42,35.233,90.495
88.01,110.89,37.067,90.425
82.866,107.8,35.986,92.855
79.614,108.47,37.442,89.033
78.459,104.94,36.496,88.119
77.981,96.971,36.66,93.242
80.039,93.256,36.17,91.776
80.482,87.938,36.848,89.173
83.024,79.056,36.575,93.12
87.153,73.329,36.317,90.266
89.259,64.474,39.628,91.328
93.206,60.351,36.791,89.055
97.232,52.58,38.477,93.899
102.75,49.401,35.256,92.057
108.65,45.312,35.747,91.473
115.91,40.522,38.677,94.934
123.62,39.857,37.521,93.312
131.5,39.17,39.633,91.935
142.01,36.864,38.601,95.351
149.4,39.841,39.338,93.779
157.18,42.91,38.72,90.918
166.03,43.418,37.027,93.687
175.21,45.373,35.769,94.99
183.98,48.022,36.983,95.162
191.55,49.87,37.238,93.162
201.71,51.641,35.318,94.06
209.25,52.953,36.433,93.284
215.73,55.156,35.809,90.1
222.24,53.83,35.004,93.166
226.02,53.481,35.28,96.906
226.99,54.411,35.171,94.44
225.53,53.384,34.749,95.239
221.59,50.722,35.908,95.06
214.31,48.493,33.171,96.896
206,48.895,34.421,91.294
194.64,45.666,37.47,93.921
186.23,41.121,36.6,94.096
177.04,40.763,34.047,92.68
165.89,38.889,36.732,92.295
154.03,36.765,35.538,90.892
147.16,35.489,34.606,91.817
136.78,33.25,35.43,95.315
126.71,35.359,32.371,90.519
116.14,34.623,33.798,93.935
107.33,38.99,34.02,92.422
98.189,40.928,33.205,93.285
90.197,45.463,33.475,93.026
84.222,45.55,32.077,95.425
77.767,51.132,33.331,92.636
75.724,58.232,36.065,88.087
75.848,61.663,35.62,90.496
76.969,66.713,36.654,90.781
80.829,73.884,35.88,88.002
84.196,78.694,35.586,89.499
88.745,82.215,34.834,91.791
91.129,87.025,37.246,92.573
94.816,95.249,35.339,88.377
96.482,100.14,34.675,91.064
100.39,107.73,35.039,90.123
101.32,113.32,36.155,88.761
104.81,116.61,35.945,89.487
109.17,119.72,35.274,88.427
113.11,120.92,35.81,89.322
120.26,123.1,34.189,88.881
124.89,121.37,35.891,88.125
130.98,119.12,36.509,89.126
138.29,114.59,36.464,92.925
147.13,111.33,36.062,90.983
151.76,107.34,36.979,92.055
161.46,103.27,36.244,91.654
165.88,100.68,35.888,90.092
173.44,96.039,35.907,91.938
179.88,94.977,34.893,89.112
185.41,89.954,35.105,92.571
193.4,87.815,34.141,89.924
198.7,82.568,35.443,91.659
203.09,80.99,37.909,89.928
207.59,77.102,36.45,92.487
214.02,73.675,34.995,90.909
219.37,71.43,35.97,90.749
223.02,68.255,36.22,91.153
225.87,65.876,33.552,91.919
227.08,64.177,36.318,91.908
223.87,61.251,36.876,90.806
222.36,56.402,36.925,93.676
219.54,54.174,35.03,92.185
213.37,49.952,35.029,95.017
205.8,48.825,34.83,93.644
198.54,47.879,35.161,89.815
191.02,45.873,32.72,91.374
180.69,42.643,33.374,93.189
170.99,39.815,35.3,92.977
160.8,37.771,34.651,91.996
153.18,36.31,33.115,95.155
140.25,35.957,37.976,92.192
133.53,34.857,33.579,91.196
124.44,31.164,34.134,93.207
115.46,29.902,35.819,92.397
108.93,28.911,35.598,93.69
102.12,30.49,34.063,91.379
95.675,29.847,35.302,93.862
90.513,30.909,36.346,92.141
87.463,32.852,36.286,91.074
87.229,35.494,33.538,89.02
89.258,33.962,34.772,92.558
90.533,37.229,35.928,91.427
93.879,38.355,38.966,91.477
99.379,42.474,36.858,87.898
102.24,45.853,35.444,90.551
105.71,49.892,36.247,88.029
109.4,55.098,34.967,85.522
112.72,57.175,33.176,88.713
114.09,62.564,34.947,82.815
116.93,61.915,33.765,86.584
117.52,64.169,33.814,84.3
120.86,64.928,31.921,85.314
123.54,65.974,31.665,83.699
124.43,65.349,31.616,83.879
128,66.101,31.283,81.873
132.76,64.291,31.119,79.477
138.36,62.925,30.371,81.212
143.84,64.682,31.332,77.266
150.14,63.192,30.013,79.887
156.01,65.02,29.649,74.931
160.47,61.896,29.753,76.539
166.2,61.71,28.581,75.22
170.08,60.985,27.799,74.965
171.62,60.725,28.099,73.207
174.1,61.32,27.855,72.658
177.98,61.918,25.757,73.336
181.93,62.594,25.872,73.818
185.91,65.531,27.054,70.522
190.24,67.128,28.178,69.416
195.46,66.98,27.098,71.88
199.7,68.411,26.55,70.713
205.62,68.987,24.295,70.427
209.71,68.685,25.835,70.558
213.17,66.341,25.049,70.642
214.27,64.983,25.724,69.677
215.75,65.791,25.411,68.141
217.33,63.163,26.108,67.696
218.5,60.873,27.53,67.883
221.25,63.506,27.321,67.248
224.62,66.357,26.129,67.27
226.24,75.378,26.446,64.784
231.82,85.135,23.564,65.676
233.5,96.651,22.13,67.608
231.3,104.13,23.285,66.145
233.05,112.25,23.488,61.449
230.74,119.09,23.885,62.818
226.47,124.37,25.286,63.492
221.58,126.49,24.774,64.401
219.28,128.91,24.635,63.617
213.92,129.49,26.012,65.567
208.68,129.51,25.748,64.406
204.23,128.29,23.344,65.595
196.74,125.6,22.474,65.898
185.72,125.01,22.993,62.843
176.71,122.75,22.921,65.93
164.96,121.27,23.159,67.297
153.81,120.85,21.543,63.674
143.57,118.62,22.592,63.536
128.6,115.31,22.874,63.584
119.69,110.72,21.677,65.94
108.3,108.75,22.696,64.843
96.135,108.32,24.417,61.575
86.008,106.49,25.983,61.854
78.75,105.06,25.898,61.398
73.105,103.78,24.88,60.588
67.788,101.1,24.553,58.443
66.955,95.611,23.427,63.099
67.741,91.089,22.619,62.849
69.6,85.473,23.327,61.003
74.599,77.256,23.648,62.066
80.005,69.157,23.401,62.97
88.261,61.842,21.213,62.811
94.342,53.951,21.195,63.403
100.23,45.832,21.221,61.183
106.16,38.423,19.674,61.984
109.43,30.227,20.674,63.671
113.69,22.573,19.865,64.082
116.04,16.693,21.023,62.917
121.63,11.851,20.827,64.751
124.88,7.8171,22.24,65.225
129.45,7.4396,21.498,63.497
133.29,9.5683,22.305,61.728
139.93,11.124,22.331,64.605
145.42,17.842,22.093,62.094
150.62,23.858,22.538,63.176
154.6,29.473,27.005,62.468
160.69,35.48,26.314,62.08
166.52,40.989,27.24,63.628
174.54,47.311,25.858,64.165
183.68,52.929,24.583,61.495
191.26,56.57,26.286,65.048
198.91,62.411,28.52,63.459
206.81,67.116,30.394,64.597
216.48,71.423,29.887,64.941
224.67,75.064,29.466,63.211
231.48,79.746,28.91,63.269
239.32,84.776,29.669,61.725
245.82,88.149,29.679,64.468
250.77,93.286,29.425,63.693
257.22,97.376,27.082,61.736
259.44,99.522,28.66,62.87
261.63,102.25,28.575,64.734
259.41,104.3,29.811,64.695
256.31,105.85,27.42,62.696
253.53,107.01,24.947,61.822
245.71,106.12,24.771,65.979
236.83,107.64,24.939,63.271
225.05,108.05,26.909,61.79
216.8,107.03,26.543,63.072
209.65,108.02,26.211,63.149
198.35,107.44,25.393,62.51
191.24,109.9,23.265,62.597
181.25,111.07,25.136,61.166
171.76,111.13,23.641,64.202
161.43,113.02,23.001,62.615
151.83,113.4,24.686,62.674
142.62,113.6,24.603,62.311
132.81,113.97,25.028,60.888
125.16,112.88,25.005,59.506
117.94,109.44,23.285,63.395
109.93,109.67,25.937,61.93
103.69,107.6,23.714,64.119
97.079,106.03,23.535,63.019
92.52,101.91,23.026,64.491
87.894,99.629,23.225,63.323
85.569,95.956,22.708,63.534
81.329,91.062,22.408,61.439
79.032,86.295,21.452,62.263
76.208,81.91,22.289,58.944
73.407,74.54,23.429,64.393
71.65,68.156,24.228,63.354
70.32,62.52,23.095,63.921
69.492,55.653,23.869,65.189
70.315,48.853,24.388,62.885
70.474,43.367,24.341,61.384
70.791,36.476,25.267,63.533
72.542,32.161,22.709,61.419
70.309,26.446,23.58,63.787
69.198,24.118,24.341,62.109
67.286,22.106,23.498,62.798
65.531,22.457,25.322,61.709
65.217,24.822,22.705,62.729
61.974,29.455,23.626,64.515
59.822,34.868,22.311,62.735
58.544,38.351,22.472,61.974
57.774,42.006,21.174,62.733
55.704,44.414,22.265,62.629
55.666,45.977,23.397,64.852
56.962,48.769,23.414,63.995
59.288,50.824,24.859,61.469
62.337,52.859,23.333,61.374
64.746,56.546,25.522,62.105
68.589,60.994,25.566,61.761
70.309,68.831,26.278,62.443
77.107,74.763,24.482,63.238
82.806,82.464,22.783,61.442
89.098,88.259,23.017,61.75
96.212,94.892,24.705,61.189
104.09,97.413,24.719,63.729
112.69,102.52,23.365,61.553
124.92,103.23,22.224,64.749
135.56,105.1,23.341,62.972
145.23,106.33,24.21,61.716
157.43,104.26,23.316,63.964
168.81,101.89,24.325,62.25
177.97,99.127,23.877,61.935
186.25,92.604,25.142,64.369
193.69,89.76,25.923,63.854
200.25,87.766,23.254,63.618
201.97,84.678,25.677,64.132
205.43,81.908,25.265,65.269
206.97,80.732,24.63,64.253
204.55,79.039,24.622,64.497
199.82,75.482,26.923,64.014
195.81,71.154,25.866,64.587
191.74,68.623,25.321,65.84
185.9,65.293,24.617,62.918
179.63,61.301,23.057,64.465
174.37,58.231,21.402,64.407
166.89,56.044,23.351,63.366
159.06,53.398,24.426,64.118
151.72,52.543,23.894,64.922
144.84,54.878,24.817,62.753
138.19,56.183,23.925,64.667
131.51,60.197,23.486,64.064
123.05,65.629,26.141,65.004
119.91,72.657,23.817,65.177
116.73,77.953,23.592,65.539
114.82,83.913,23.577,66.244
114.83,87.115,24.944,64.822
119.55,92.434,24.363,63.865
124.79,93.866,24.512,64.631
133.34,94.328,23.154,64.356
140.51,93.785,24.814,65.669
150.17,95.339,24.509,63.953
160.44,95.314,24.54,64.53
170.58,94.425,23.718,65.657
180.05,93.719,24.268,66.58
190.05,93.383,22.588,64.614
196.97,95.78,23.373,63.327
203.31,95.781,24.241,67.115
208.44,97.438,24.493,65.216
211.6,100.56,26.271,63.091
216.55,103.49,23.594,63.155
217.25,107.34,25.673,64.998
217.02,111.47,23.357,64.799
213.44,116.59,23.74,64.833
206.85,119.54,25.082,64.104
200.25,121.48,24.208,65.665
193.37,124.61,25.261,63.927
186.23,126.06,23.85,61.647
180.28,125.48,22.057,62.572
173.13,125.29,20.812,61.838
163.03,124.81,23.121,61.621
152.26,120.93,23.234,62.765
142.05,118.82,25.419,64.071
133.01,113.5,23.589,62.847
123.81,108.86,23.048,61.991
115.42,104.81,22.584,60.129
104.39,99.799,23.074,59.709
96.185,91.617,21.116,65.228
88.024,84.334,21.71,63.436
81.336,79.151,22.078,63.308
75.392,72.079,21.681,63.962
72.546,63.349,21.444,66.766
70.294,57.448,21.61,66.809
72.366,52.514,21.002,62.908
76.257,45.781,21.472,65.603
79.17,40.379,23.963,65.674
84.55,37.087,24.48,66.171
89.672,33.178,23.249,63.798
95.204,28.578,23.3,65.291
101.68,24.417,21.528,67.926
105.72,23.616,21.24,63.201
109.66,22.649,22.223,62.481
113.49,22.828,21.57,63.139
115.96,23.392,22.479,63.495
120.59,26.318,21.957,62.547
124.66,29.821,20.865,65.303
127.85,35.625,22.99,62.464
132.96,40.322,23.718,61.415
137.81,44.192,20.474,63.657
141.14,48.694,20.61,64.09
145.16,51.505,20.894,64.73
146.67,54.063,21.525,64.488
150.59,56.476,22.735,64.03
153.26,56.91,22.647,64.618
155.28,58.414,23.015,63.438
158.3,58.939,22.848,66.425
159.81,60.686,22.042,65.609
161.88,62.924,22.674,64.049
