NaN,NaN,NaN,-1
133.92,47.208,38.645,97.869
133.94,49.327,37.369,96.796
134.36,48.246,36.769,98.202
134.55,47.676,36.505,96.813
134.88,47.97,36.97,98.558
135.58,48.385,35.464,99.705
134.42,50.036,38.806,98.214
133.64,53.142,36.682,98.224
133.51,54.406,36.222,96.996
132.33,54.904,38.373,97.238
134.08,55.612,36.536,100.35
132.8,59.744,36.968,99.566
133.56,62.97,38.589,96.881
134.89,64.968,38.135,98.435
139.39,71.33,35.106,95.356
140.51,76.113,36.184,94.951
143.74,79.627,39.164,97.405
149.72,82.921,38.863,98.278
153.94,88.62,38.744,96.811
159.15,92.443,42.039,96.28
166.5,95.345,41.141,94.039
175.3,100.59,40.255,92.574
182.86,99.877,39.837,95.564
190.35,102.79,39.586,96.909
198.34,104.11,41.812,95.437
204.53,103.69,43.047,96.042
212.51,103.58,41.742,97.747
218.3,105.34,40.771,96.743
223.87,106.3,41.028,98.338
226.89,106.18,41.661,98.466
229.11,106.34,40.751,95.829
230.48,105.07,39.71,99.213
226.68,104.69,40.087,98.655
219.73,103.14,41.304,99.485
212.65,105.32,42.049,93.925
205.56,102.01,40.022,99.731
194.83,103.89,41.854,96.895
185.98,101.5,37.452,100.07
176.4,102.91,39.238,98.855
168.73,103.36,36.58,98.953
156.61,105,35.036,98.387
146.44,105.54,38.774,97.971
140.01,107.16,39.085,97.86
131.33,108.96,37.913,95.278
124.09,109.82,35.786,93.729
113.52,112.22,36.546,92.942
105.05,113.11,39.876,93.055
98.187,113.45,41.819,94.162
94.901,112.39,36.89,97.628
89.993,111.85,35.165,96.804
84.918,112.63,35.975,92.937
83.214,109.41,33.807,97.488
81.645,104.72,36.173,97.645
81.618,101.34,35.634,97.366
81.554,96.085,37.432,96.242
82.55,89.82,36.154,96.542
85.683,82.642,37.062,95.252
89.283,74.823,35.825,98.425
93.912,66.456,35.412,100.86
97.479,59.785,36.211,101.48
99.437,56.399,37.557,95.936
104.03,51.75,36.023,99.088
111.72,46.408,35.558,99.168
118.06,44.222,36.174,99.608
125.66,43.026,38.195,98.338
135.43,42.393,34.836,98.729
145.24,41.165,35.752,99.126
152.28,43.11,38.368,94.243
159.28,42.705,39.078,102.09
169.38,45.203,37.956,102.44
177.82,47.872,36.54,101.31
183.51,50.238,39.592,102.37
190.83,52.935,40.417,98.977
201.15,53.236,38.672,98.351
208.64,53.729,37.744,97.962
214.54,55.04,41.87,97.358
221.15,56.797,39.235,98.225
226.13,55.941,37.786,98.907
227.75,57.555,38.165,95.075
226.57,55.847,38.489,97.254
220.92,53.633,37.688,95.89
213.4,51.342,38.531,98.985
206.24,50.302,36.365,95.627
197.82,47.513,34.796,95.725
185.3,44.585,38.35,96.277
177.09,43.346,36.824,96.171
166.63,41.406,35.628,94.491
158.51,37.783,32.819,95.225
149.68,37.25,32.882,94.358
137.94,35.698,35.593,96.492
127.46,37.546,37.065,96.272
116.97,40.265,38.469,93.975
106.77,41.704,37.145,95.514
99.272,44.704,35.602,94.979
90.931,47.278,35.096,96.261
84.485,49.573,34.522,95.992
79.884,53.976,35.25,98.144
77.142,59.395,35.007,95.549
78.557,63.194,34.512,96.696
80.819,70.3,35.963,93.991
82.591,73.927,37.263,97.412
87.333,81.563,34.935,92.344
90.546,86.691,36.853,94.4
93.977,91.107,36.148,94.13
96.499,97.9,35.214,91.626
97.992,105.07,36.367,91.711
102.02,110.12,33.925,93.787
105.34,115.07,34.727,93.149
105.6,119.27,38.94,94.379
108.57,122.53,39.136,93.582
114.05,126,36.663,91.678
119.53,126.63,38.642,89.748
128.14,122.99,33.903,95.576
133.84,121.25,34.921,92.783
141.25,118.85,37.339,93.975
147.33,114.19,38.629,92.594
155.86,109.88,33.398,94.235
163.2,107.27,33.405,93.124
170.28,104.42,33.597,90.924
176.88,98.232,34.163,94.33
181.87,97.506,37.517,92.995
186.12,92.25,38.714,93.938
193.98,89.015,34.495,95.7
199.83,87.068,35.398,93.448
204.32,84.854,37.259,92.891
211.15,79.54,35.406,94.737
214.54,77.51,38.593,94.315
219.85,75.169,37.977,92.592
223.23,71.86,36.581,93.353
225.15,69.476,39.363,96.891
226.84,66.423,36.38,94.442
227.59,64.517,35.245,94.068
223.68,60.55,36.973,92.927
219.31,56.134,37.78,96.332
214.54,56.685,37.57,92.024
207.38,53.672,37.565,92.361
199.24,50.437,35.953,97.371
191.94,46.092,33.99,97.279
181.65,43.905,35.634,97.766
172.28,43.486,36.762,96.547
160.98,41.226,39.249,96.026
153.86,38.425,36.407,97.496
142.64,37.734,37.855,96.403
134.44,34.946,36.606,97.658
125.75,37.041,35.926,92.001
117.18,34.868,36.045,96.526
111.39,34.634,35.781,93.542
102.25,31.918,37.764,94.705
97.002,32.438,36.89,96.227
91.017,35.228,37.794,94.794
88.902,34.842,36.656,95.802
88.25,39.211,36.135,90.967
90.789,37.287,35.517,97.263
93.538,40.913,36.933,93.64
96.541,42.125,39.008,92.13
104.15,45.664,35.026,90.807
106.28,49.036,36.411,93.795
107.61,53.423,37.963,91.145
111.58,58.893,32.872,86.943
114.69,59.416,32.044,91.561
116.4,64.806,34.596,88.09
117.6,65.376,33.588,91.261
119.71,66.934,32.416,88.839
123.4,69.395,30.638,83.661
124.05,70.129,31.828,82.848
126.6,68.351,31.255,84.041
129.04,68.518,31.547,83.997
132.04,65.475,32.55,86.248
137.94,65.568,32.245,83.879
143.66,65.741,32.763,84.383
149.83,66.268,30.641,82.316
157.07,65.174,29.926,81.581
161.45,64.202,30.808,80.981
166.57,65.064,30.105,76.053
171.28,64.141,28.559,76.39
172.17,63.067,29.372,77.997
175.9,63.326,26.596,76.324
178.93,65.483,26.156,72.888
183.37,66.918,25.288,72.637
188.07,68.215,25.318,73.141
191.45,70.417,27.367,73.146
197.73,72.584,26.937,70.951
202.79,72.906,26.69,69.157
207.22,73.471,23.966,70.511
211.17,71.861,25.07,70.058
213.96,71.951,25.027,70.354
215.18,70.612,25.158,68.125
217.41,68.474,25.092,67.798
220.19,67.003,22.529,68.813
222.71,65.476,21.592,69.977
225.04,66.096,22.236,69.342
226.39,70.347,23.922,69.079
229.07,78.316,25.673,67.595
230.99,88.846,25.376,65.383
231.98,101.42,25.501,62.779
233.26,106.37,23.494,67.792
232.94,114.95,23.548,65.434
229.85,121.19,25.515,67.425
226.52,127.88,24.529,62.56
222.26,130.98,26.332,61.925
219.98,131.42,25.407,64.679
215.78,134.15,23.145,61.468
210.1,132.04,23.82,65.362
203.8,131.37,22.696,65.883
195.89,128.74,24.864,66.935
183.63,127.58,26.125,65.36
176.04,127.11,22.41,64.814
166.56,125.26,21.262,64.428
154.62,126.04,20.925,61.906
142.91,123.59,21.852,63.118
130.34,119.13,21.678,63.943
119.59,117.48,21.616,62.645
112.05,115.53,18.788,59.718
100.34,113.69,19.378,61.184
90.976,111.09,20.365,63.876
83.197,110.26,21.937,61.62
75.225,108.32,24.889,62.02
71.678,105.3,23.367,59.77
68.918,100.92,22.015,60.775
69.962,95.934,20.802,60.977
71.835,89.82,22.992,60.191
75.757,82.655,24.282,61.272
79.688,75.575,26.508,60.919
87.551,67.213,24.128,60.384
92.958,59.458,25.129,59.694
96.46,49.551,27.724,62.578
103.08,42.939,26.3,62.208
107.13,35.053,26.667,63.382
113.25,29.402,23.625,59.577
115.98,21.763,23.817,60.671
120.33,17.716,23.929,59.989
125.34,13.206,23.948,63.587
129.21,12.358,22.319,61.466
135.74,13.4,22.428,62.098
139.96,14.97,23.827,62.73
146.9,22.876,22.7,61.307
152.38,29.437,23.904,60.763
160.22,33.746,21.052,62.186
165.73,40.99,22.297,60.986
172.05,44.999,22.318,63.882
180.02,52.853,22.174,60.621
186.77,54.757,23.059,64.191
195.47,63.771,23.271,60.17
203.95,68.503,24.951,58.845
213.02,72.713,23.988,60.059
223.57,76.814,24.453,59.627
230.01,81.93,24.511,58.184
236.65,84.116,25.795,61.852
244.94,88.555,23.684,61.299
250.41,92.127,24.792,61.269
255.87,96.925,25.47,61.702
261.35,102.63,25.28,58.497
263.69,105.68,26.114,59.241
263.6,106.87,27.538,61.69
264.08,108.1,25.872,63.208
258.01,110.06,27.132,64.256
252.39,109.82,28.763,63.531
246.29,110.07,26.25,63.071
238.36,112.44,25.707,61.793
229.26,113.07,25.968,60.192
220.21,113.23,26.055,59.532
209.89,114.27,26.356,57.739
200.59,112.25,25.721,62.327
192.85,114.4,24.257,61.152
181.74,116.69,26.008,59.795
173.25,117.82,25.317,60.273
164.27,117.53,23.971,60.649
155.02,118.76,23.458,59.006
144.53,119.04,24.435,57.767
136.35,117.63,24.003,59.738
127.55,118,23.452,58.261
119.68,115.15,23.292,61.644
110.95,113.16,23.777,60.891
103.24,113.4,27.452,58.36
97.189,112.47,27.456,57.662
92.641,110.39,25.452,58.985
87.613,106.71,28.033,57.997
83.172,101.35,28.876,58.48
80.994,97.694,25.941,57.445
77.378,92.342,27.151,58.916
75.924,86.178,26.293,59.286
72.401,80.212,28.449,60.787
71.24,75.73,26.663,57.461
71.313,69.032,25.449,60.661
71.579,62.265,25.037,61.31
72.298,55.703,24.83,60.828
72.227,49.142,24.567,60.055
72.341,43.79,25.379,58.781
73.96,36.668,23.984,60.963
72.595,30.789,23.297,60.397
71.626,28.594,23.984,60.794
67.455,26.637,25.586,60.547
66.47,26.06,25.868,58.918
65.069,28.886,26.462,59.94
63.128,33.647,26.176,59.44
61.571,38.621,24.215,58.837
58.998,43.374,24.195,59.847
57.839,45.944,24.754,59.337
55.146,49.571,26.35,60.066
55.068,52.425,26.107,58.12
57.695,53.951,25.372,58.952
59.401,57.035,26.259,58.409
61.292,56.823,27.975,62.952
64.387,61.853,27.9,60.447
67.151,67.069,29.395,61.768
70.006,74.538,28.859,59.53
75.052,80.995,28.407,57.781
81.201,86.497,25.605,60.258
88.695,94.261,26.156,59.083
95.991,99.54,27.111,59.315
103.89,102.39,25.469,59.055
112.29,108.24,28.159,58.666
121.93,110.01,30.149,57.956
133.86,112.71,29.985,56.675
142.69,113.23,32.857,58.357
151.66,112.99,34.763,57.765
163.94,109.14,35.046,59.528
175.46,105.39,36.527,57.086
184.31,100.41,33.745,57.457
192.24,96.369,32.473,58.977
197.62,95.326,31.613,56.037
202.5,89.329,29.499,59.801
205.62,89.457,29.385,59.583
204.71,87.445,31.593,59.449
203.02,84.164,31.014,60.785
198.76,81.919,31.85,61.347
196.36,78.966,29.324,59.914
190.76,75.147,29.546,59.408
184.21,71.536,30.972,59.473
176.47,67.786,31.063,60.372
171.34,65.87,29.828,59.493
164.71,62.195,31.15,57.671
159.52,58.903,29.881,61.073
151.45,59.531,30.066,58.358
144.94,61.588,28.492,57.137
138.09,61.23,26.67,60.686
129.86,67.201,29.777,57.445
124.09,72.897,29.694,61.219
119.72,79.982,28.055,56.966
120.1,85.363,23.595,56.392
115.67,89.889,27.842,57.834
114.64,94.446,28.987,59.758
118.15,98.326,28.375,58.053
124.3,99.529,28.87,58.621
132.66,99,28.002,60.71
139.75,101.31,29.77,59.202
149.46,102.55,30.323,57.945
162.58,99.596,26.662,59.244
171.15,100.94,27.643,60.568
180.26,99.247,28.617,60.484
188.01,101.52,28.791,59.09
194.79,101.86,29.948,57.613
202.44,105.01,30.236,57.289
208.35,105.72,28.3,60.303
211.4,107.13,29.473,62.286
216.4,109.98,27.197,61.291
217.04,115.39,28.251,57.742
214.27,119.7,30.907,57.74
210.76,124.32,30.892,56.711
206.08,127.49,27.985,56.387
199.39,128.13,28.166,61.6
193.5,130.72,27.796,59.908
185.54,132.26,28.589,58.033
178.67,132.64,27.3,56.594
171.52,131.25,26.357,58.511
162.19,130.36,26.703,59.134
151.68,129.04,25.911,55.232
143.55,123.73,26.384,59.465
133.36,119.94,25.533,57.261
125.01,114.59,24.524,60.073
114.65,110.05,23.6,56.692
104.24,105.34,26.03,57.504
97.19,98.511,23.566,58.437
88.827,92.042,23.197,56.564
81.79,83.829,25.158,61.971
75.723,76.944,23.879,59.626
72.698,70.25,23.437,62.116
71.503,65.615,23.042,58.463
73.836,59.735,22.835,59.18
76.45,53.315,23.777,58.914
81.086,49.42,24.798,58.67
86.332,44.688,24.299,57.93
91.849,41.43,24.433,59.067
98.339,36.702,21.198,58.91
104.12,32.892,21.189,60.901
107.96,29.055,22.642,61.914
111.64,29.615,23.084,59.241
114.5,29.394,22.705,59.305
117.57,29.945,24.046,58.432
122.02,32.759,23.121,59.99
126.37,37.329,21.065,57.913
130.3,40.71,21.528,58.489
135.11,45.22,20.737,60.857
138.96,50.425,20.968,57.21
142.67,50.798,20.662,62.903
145.99,59.265,20.908,56.81
149.25,60.863,20.283,56.852
153.58,62.747,20.668,59.053
155.02,62.908,21.027,60.953
156.61,65.196,22.643,58.594
159.56,66.436,22.806,60.067
162.32,69.111,21.182,56.857
162.03,66.75,23.69,62.923
