NaN,NaN,NaN,-1
82.867,90.933,35.933,52.8
85.067,93.867,40.333,49.867
91.667,94.6,39.6,49.867
95.333,93.133,39.6,50.6
100.47,96.067,40.333,49.133
110.73,95.333,37.4,49.867
120.27,95.333,31.533,49.133
124.67,99.733,31.533,44.733
132,99.733,29.333,46.933
137.87,100.47,28.6,46.2
141.53,101.93,30.067,47.667
148.13,103.4,29.333,46.933
155.47,104.87,29.333,47.667
162.07,105.6,30.067,46.2
167.2,106.33,30.8,44
173.07,106.75,30.8,42.851
178.2,105.6,31.533,43.267
184.07,104.87,31.533,43.267
187.73,104.87,32.267,43.267
191.4,105.6,33,43.267
194.33,107.07,34.467,44.733
196.53,107.81,34.467,43.986
199.47,107.07,32.267,44
198.73,106.33,31.533,42.533
198,104.87,31.533,43.267
195.8,104.13,30.067,42.533
191.4,103.4,30.8,41.945
186.27,102.67,30.8,41.067
180.4,101.93,30.8,41.067
173.07,102.67,31.533,41.067
164.27,103.4,33,41.067
153.27,104.87,33.733,41.067
142.27,106.33,33,41.8
129.8,107.07,35.2,41.8
120.27,107.07,34.124,41.8
110,105.6,37.4,41.8
102.67,104.13,40.333,42.533
101.93,103.4,38.867,42.533
97.533,103.4,43.267,41.067
101.2,104.13,43.267,39.6
107.8,105.6,38.867,37.4
110,106.33,38.133,38.133
113.67,106.33,38.867,37.4
120.27,105.6,38.867,36.667
127.6,105.6,38.133,35.2
135.67,106.33,38.133,36.667
141.53,107.07,39.6,36.667
146.67,107.07,44.733,38.867
170.13,107.8,30.8,38.133
179.67,107.8,30.067,38.133
190.67,108.53,28.6,37.4
198,110,28.6,36.667
204.6,111.47,28.6,41.067
209,112.93,26.4,41.067
207.53,113.67,26.4,41.067
203.13,114.4,27.867,41.8
194.33,114.4,29.333,44
186.27,113.67,28.6,44
173.8,112.2,28.6,44.733
160.6,111.47,28.6,46.933
146.67,110,28.6,48.4
131.27,109.27,30.8,49.867
120.27,108.53,30.8,50.6
117.33,107.07,30.45,53.533
107.8,109.27,30.8,54.267
99,111.03,31.533,55.437
93.867,112.93,33.733,55
90.933,114.4,33.733,55
87.267,115.13,38.867,54.267
84.333,115.87,42.533,53.533
82.133,116.6,45.467,53.533
81.4,115.87,46.2,54.267
82.133,116.6,33,53.533
82.133,118.07,34.467,53.533
85.067,118.07,34.467,54.267
89.467,117.33,33,54.267
95.333,115.87,33,55
104.13,113.67,31.533,55
114.4,110,30.8,56.467
127.99,108.53,28.213,53.533
136.4,104.87,33,53.533
154.73,109.27,26.4,43.267
170.13,109.27,26.4,43.267
184.8,110.73,26.4,46.933
197.27,115.13,26.4,45.467
205.33,119.53,26.4,44.733
210.47,122.47,25.667,45.467
211.93,123.93,24.2,42.533
210.47,123.93,24.2,44
205.33,123.93,27.133,44.733
203.13,123.2,26.4,44.733
199.47,123.2,28.6,44
195.07,124.67,28.6,43.267
191.4,128.33,27.133,41.8
184.07,132,27.867,43.267
174.53,133.47,28.6,46.2
162.07,130.53,32.267,46.933
149.6,122.47,31.533,48.4
132.73,115.13,32.267,49.133
118.8,113.67,29.333,49.867
95.333,108.19,44.733,45.81
82.842,115.13,49.158,45.467
70.4,118.8,41.067,45.467
57.933,118.07,50.6,39.6
51.333,118.8,51.333,39.6
55,118.8,41.8,41.8
49.133,118.07,33,43.267
41.067,119.53,33.733,43.267
33.733,121.73,32.267,44
25.667,121,32.267,43.267
17.6,112.93,30.8,47.667
8.8,102.67,32.267,52.067
3.6667,100.47,33,52.067
2.9333,98.267,33,41.067
-0.28835,97.379,28.155,44.887
2.9333,104.13,27.867,46.933
11.733,104.87,32.267,48.4
18.333,108.2,34.467,47.267
22.733,112.2,43.267,42.167
39.6,111.47,39.6,42.533
41.8,108.53,46.933,46.933
43.267,107.8,55,47.667
44.733,106.33,61.6,44.733
46.933,107.07,65.267,43.267
51.333,108.53,66,41.8
58.667,114.4,51.333,37.4
65.267,113.67,52.8,40.333
74.067,114.4,52.067,41.8
83.6,119.53,47.667,33.733
91.667,110.73,47.667,34.467
99,101.2,48.4,34.467
101.93,90.2,52.8,42.533
104.87,83.6,50.6,41.8
104.13,89.467,35.933,35.933
102.67,90.933,34.467,37.4
97.533,91.667,34.467,39.6
91.667,92.4,35.2,41.067
86.533,91.667,35.2,44
81.4,91.667,35.2,45.467
75.533,89.467,36.667,46.2
71.133,87.267,37.4,47.667
68.933,82.867,38.133,51.333
69.667,83.6,41.8,49.133
71.867,85.067,41.8,47.667
74.067,83.6,32.267,48.4
76.267,87.267,33.733,44.733
79.933,84.333,34.467,48.4
88.733,97.533,33.733,36.667
93.133,97.533,35.933,38.133
103.4,97.533,35.2,41.8
111.47,96.067,35.933,37.4
119.53,95.333,38.133,35.933
126.13,95.333,36.667,34.467
132.73,96.8,32.104,36.667
136.4,103.4,28.6,35.2
136.4,107.8,28.6,34.467
134.2,108.53,31.533,37.4
130.53,109.27,32.267,37.4
126.87,110,33.733,38.867
123.2,109.27,33,38.867
118.8,107.07,34.467,39.6
117.33,104.13,34.467,40.333
118.07,103.4,35.2,39.6
120.27,104.13,35.571,39.6
124.67,104.87,35.2,38.133
132,105.6,34.467,37.4
139.33,106.33,35.2,37.4
146.67,104.87,35.933,38.133
154,103.4,35.933,38.133
160.6,102.67,35.933,40.333
165,102.67,36.667,41.067
