NaN,NaN,NaN,-1
84,86,35,53
89,85,35,54
94,85,35,54
100,87,35,54
107,88,35,53
114,89,35,53
120,90,34,52
126,90,34,51
132,89,33,51
137,88,33,51
142,88,33,51
148,90,33,51
155,91,33,50
162,91,33,51
168,91,33,50
174,90,33,51
180,89,33,51
186,88,33,51
190,88,33,51
195,89,33,50
199,90,33,50
202,90,33,50
202,90,33,50
201,88,33,50
199,88,33,50
196,87,33,51
191,86,33,51
185,85,33,51
179,85,34,51
171,85,34,52
162,86,34,52
152,87,35,53
140,88,35,54
129,89,36,55
120,89,36,55
113,87,36,55
109,85,37,56
106,84,37,56
104,84,37,57
105,84,37,57
107,86,38,57
110,87,38,57
115,87,38,58
121,86,38,58
129,86,38,58
137,86,38,58
145,87,38,57
155,87,38,57
165,88,37,57
175,89,37,56
185,90,36,56
194,91,36,55
200,92,36,55
203,93,36,55
202,94,36,54
199,95,36,54
192,95,35,54
183,95,35,54
171,93,36,54
157,91,36,55
143,90,37,56
129,89,37,56
117,89,37,57
107,91,38,58
99,92,38,58
92,94,38,59
87,96,39,59
83,98,39,59
81,98,39,59
78,98,39,60
77,98,39,60
76,98,39,60
76,98,40,60
76,98,40,61
79,99,40,61
82,99,40,61
89,97,40,61
97,96,40,60
107,93,39,60
120,89,39,60
135,86,38,58
150,84,39,59
166,84,38,58
182,87,38,58
195,91,38,58
203,95,38,58
207,99,38,58
208,100,38,57
206,100,38,57
204,100,37,57
201,100,37,56
198,100,37,56
194,101,37,56
188,104,38,57
181,108,37,57
172,110,37,57
160,107,37,57
146,99,38,58
129,91,39,59
111,89,40,61
111,89,40,61
113,88,41,62
NaN,NaN,NaN,-2
NaN,NaN,NaN,0
NaN,NaN,NaN,0
NaN,NaN,NaN,0
NaN,NaN,NaN,0
NaN,NaN,NaN,-1
26,109,34,57
17,108,34,57
9,100,34,57
2,92,34,57
-3,89,35,58
-4,95,35,59
0,110,35,59
8,124,34,57
16,130,34,57
24,131,33,56
31,131,33,56
36,131,33,56
41,130,33,56
44,128,33,56
47,126,33,56
50,124,33,56
54,125,33,55
60,125,33,55
67,125,32,55
75,123,32,54
83,118,32,54
92,110,31,53
100,101,31,53
105,94,32,53
107,89,32,53
107,89,32,54
104,91,32,54
99,94,32,54
92,95,32,54
86,96,33,55
81,96,33,56
76,94,33,56
73,92,34,57
71,91,34,57
71,89,34,57
72,89,34,58
74,88,34,58
78,89,34,58
83,90,34,58
89,93,34,57
97,94,34,57
107,95,34,57
116,93,33,56
124,91,33,56
130,90,33,56
134,89,33,55
136,90,32,55
136,90,32,54
134,91,32,54
130,92,32,53
126,93,32,53
122,92,31,53
118,90,31,53
116,88,31,53
117,87,31,53
120,87,31,53
124,88,31,53
131,88,32,53
139,89,32,54
147,88,32,54
154,87,32,54
161,86,32,54
166,85,32,54
