NaN,NaN,NaN,-1
168,81,49,50
167,80,49,50
167,80,49,50
167,80,49,50
166,79,49,50
166,78,49,50
166,79,49,50
165,79,49,50
164,79,49,50
162,79,49,50
160,79,49,50
158,71,49,50
155,71,49,50
153,70,49,50
150,69,49,50
144,68,49,50
140,66,49,50
136,67,49,50
131,67,49,50
127,67,49,50
123,66,49,50
119,65,49,50
115,65,49,50
111,64,49,50
108,64,49,50
106,66,49,50
104,67,49,50
101,68,49,50
100,70,49,50
98,72,49,50
97,72,49,50
94,73,49,50
92,74,49,50
90,75,49,50
90,75,49,50
90,75,49,50
90,76,49,50
90,77,49,50
91,78,49,50
91,79,49,50
91,81,49,50
91,84,49,50
91,87,49,50
91,91,49,50
93,94,49,50
96,96,49,50
98,97,49,50
101,98,49,50
103,96,49,50
107,99,49,50
110,102,49,50
115,109,49,50
120,111,49,50
126,111,49,50
131,108,49,50
136,107,49,50
141,108,49,50
145,108,49,50
149,106,49,50
150,106,49,50
151,106,49,50
154,106,49,50
157,105,49,50
160,105,49,50
166,104,49,50
169,104,49,50
172,105,49,50
178,105,49,50
182,106,49,50
186,108,49,50
189,110,49,50
192,112,49,50
194,114,49,50
196,116,49,50
199,117,49,50
201,119,49,50
202,121,49,50
202,124,49,50
201,127,49,50
202,128,49,50
202,130,49,50
198,133,49,50
196,136,49,50
194,138,49,50
192,139,49,50
189,140,49,50
186,141,49,50
183,142,49,50
181,142,49,50
178,142,49,50
175,142,49,50
172,141,49,50
171,139,49,50
170,136,49,50
170,132,49,50
170,128,49,50
170,124,49,50
170,119,49,50
169,115,49,50
169,111,49,50
168,111,49,50
168,110,49,50
168,108,49,50
168,105,49,50
167,104,49,50
168,102,49,50
169,100,49,50
169,100,49,50
168,101,49,50
167,101,49,50
166,102,49,50
165,103,49,50
165,104,49,50
165,104,49,50
165,105,49,50
165,104,49,50
165,104,49,50
165,104,49,50
164,104,49,50
165,104,49,50
165,103,49,50
166,103,49,50
167,103,49,50
167,103,49,50
167,103,49,50
168,103,49,50
169,102,49,50
169,101,49,50
170,99,49,50
171,98,49,50
171,98,49,50
170,98,49,50
170,99,49,50
170,99,49,50
169,101,49,50
168,101,49,50
167,101,49,50
167,101,49,50
167,101,49,50
NaN,NaN,NaN,-2
NaN,NaN,NaN,0
NaN,NaN,NaN,0
NaN,NaN,NaN,0
NaN,NaN,NaN,0
NaN,NaN,NaN,-1
201,33,31,52
200,33,31,52
199,32,31,52
197,32,31,52
194,33,31,52
191,36,31,52
188,37,31,52
183,39,31,52
179,43,31,52
173,48,31,52
172,51,31,52
172,53,31,52
172,58,31,52
173,62,31,52
174,65,31,52
176,69,31,52
177,73,31,52
178,77,31,52
178,81,31,52
178,85,31,52
179,88,31,52
182,90,31,52
186,92,31,52
190,94,31,52
194,95,31,52
196,96,31,52
195,95,31,52
192,95,31,52
188,95,31,52
183,93,31,52
178,93,31,52
171,91,31,52
164,87,31,52
156,85,31,52
147,83,31,52
139,81,31,52
131,79,31,52
123,77,31,52
117,74,31,52
110,72,31,52
104,73,31,52
96,72,31,52
88,71,31,52
79,71,31,52
73,71,31,52
67,72,31,52
61,74,31,52
56,76,31,52
52,79,31,52
49,82,31,52
49,86,31,52
50,89,31,52
52,90,31,52
55,93,31,52
58,96,31,52
62,100,31,52
66,105,31,52
68,110,31,52
71,115,31,52
73,120,31,52
77,126,31,52
80,130,31,52
82,133,31,52
85,135,31,52
87,134,31,52
88,133,31,52
89,132,31,52
94,134,31,52
90,132,31,52
90,133,31,52
91,134,31,52
90,138,31,52
91,140,31,52
90,141,31,52
90,140,31,52
90,140,31,52
NaN,NaN,NaN,-2
NaN,NaN,NaN,0
NaN,NaN,NaN,0
NaN,NaN,NaN,0
NaN,NaN,NaN,0
NaN,NaN,NaN,-1
153,182,49,42
159,180,49,42
165,178,49,42
169,175,49,42
172,170,49,42
174,167,49,42
176,163,49,42
177,159,49,42
179,156,49,42
180,153,49,42
183,150,49,42
185,148,49,42
186,146,49,42
188,143,49,42
188,142,49,42
188,141,49,42
188,139,49,42
188,137,49,42
188,135,49,42
188,132,49,42
187,129,49,42
186,126,49,42
185,122,49,42
186,117,49,42
186,115,49,42
185,114,49,42
184,113,49,42
182,112,49,42
180,111,49,42
178,111,49,42
177,111,49,42
177,111,49,42
177,111,49,42
177,111,49,42
176,111,49,42
176,111,49,42
