NaN,NaN,NaN,-1
137.7,32.4,35.1,97.2
136.35,32.4,39.15,95.85
136.35,32.4,39.15,97.2
135,33.75,39.15,95.85
135,35.1,39.15,94.5
135,33.75,37.8,95.85
133.65,33.75,36.45,97.2
133.65,33.75,39.15,97.2
133.65,35.1,37.8,95.85
133.65,36.45,37.8,94.5
133.65,36.45,37.8,94.5
132.3,37.8,39.15,95.85
130.95,37.8,40.5,94.5
130.95,36.45,40.5,98.55
130.95,37.8,39.15,94.5
129.6,37.8,40.5,97.2
129.6,36.45,40.5,97.2
129.6,37.8,40.5,97.2
130.95,36.45,39.15,98.55
130.95,36.45,39.15,95.85
132.3,35.1,39.15,95.85
132.3,35.1,40.5,97.2
132.3,35.1,40.5,95.85
132.3,35.1,39.15,97.2
133.65,35.803,37.8,96.497
133.65,36.45,39.15,105.3
132.3,35.1,39.15,103.95
135,37.8,39.15,103.95
135,37.8,39.15,105.3
136.35,36.45,39.15,105.3
135,37.8,36.45,106.65
129.6,36.45,44.55,106.65
126.9,39.15,45.9,106.65
133.65,39.15,39.15,106.65
129.6,37.8,43.2,110.7
125.55,40.5,45.9,108
122.85,40.5,48.6,106.65
125.55,40.5,45.9,106.65
124.2,40.5,45.9,101.25
122.85,40.5,47.25,99.9
122.85,40.5,47.25,99.9
122.85,40.5,47.25,99.9
120.15,40.5,49.95,103.95
120.15,40.5,51.3,101.25
125.55,41.85,45.9,101.25
124.2,43.2,47.25,99.9
122.85,41.85,49.95,102.6
122.85,43.2,49.95,99.9
122.85,40.5,47.25,103.95
120.15,40.5,49.95,103.95
122.85,40.5,47.25,103.95
124.2,40.5,45.9,103.95
120.15,40.5,49.95,102.6
121.5,40.5,48.6,102.6
122.85,40.5,45.9,102.6
118.8,40.5,49.95,101.25
118.8,40.5,51.3,103.95
132.3,36.45,37.8,106.65
130.95,37.8,40.5,105.3
132.3,35.1,39.15,106.65
133.65,35.1,37.8,108
132.3,35.1,40.5,108
133.65,35.1,39.15,106.78
133.65,36.45,39.15,108
135,36.45,39.15,108
135,36.45,40.5,105.3
132.3,36.45,48.6,105.3
130.95,36.45,48.6,106.65
130.95,36.45,51.3,108
130.95,36.45,49.95,108
129.6,35.1,52.65,109.35
128.25,36.45,52.65,108
125.55,37.8,49.95,106.65
125.55,35.1,49.95,108
121.5,33.75,51.3,109.35
117.45,32.4,52.65,109.35
116.1,32.4,48.6,108
108,29.7,52.65,110.7
102.6,27,52.65,110.7
98.55,25.65,55.35,109.35
90.45,22.95,56.7,112.05
85.05,20.25,60.75,106.65
76.95,16.2,70.2,112.05
75.6,13.5,68.85,112.78
75.6,14.85,68.85,110.7
72.9,16.2,74.25,109.35
82.35,14.85,67.5,109.35
82.35,13.5,64.8,110.7
79.65,10.8,70.2,113.4
83.7,8.1,74.25,114.75
81,5.4,76.95,120.15
81,1.35,79.65,125.55
79.65,-2.7,82.35,128.25
75.6,-2.7,86.4,121.5
68.85,-2.7,98.55,122.85
64.8,-1.35,103.76,121.5
59.4,-4.05,102.6,121.5
55.35,-1.35,102.6,121.5
51.3,-2.7,103.95,122.85
45.9,-4.05,110.7,128.25
43.2,9.45,113.4,114.75
33.75,12.15,122.85,108
41.85,9.45,114.75,109.33
74.25,14.85,81,103.95
72.9,36.45,82.35,86.4
60.75,35.1,93.15,86.548
56.7,31.05,98.55,91.8
47.25,28.35,113.4,93.15
37.8,16.2,129.6,103.95
37.8,14.85,132.3,105.3
29.7,43.2,145.8,81.01
35.1,41.85,140.4,85.05
39.15,40.5,137.7,87.75
66.15,39.15,126.9,90.45
93.15,39.15,101.25,91.8
86.4,37.8,102.6,97.2
99.9,37.8,79.65,93.15
102.6,35.1,79.65,99.9
95.85,39.15,91.8,99.9
79.65,37.8,110.7,98.55
86.4,28.35,98.55,109.35
79.65,40.5,105.3,93.15
93.15,47.25,85.901,83.7
89.1,48.6,91.8,79.65
109.35,48.6,71.55,78.3
105.3,51.243,76.95,75.657
98.55,45.9,86.4,89.1
137.7,49.95,48.6,85.05
136.35,55.35,46.579,81
137.7,62.1,52.65,78.3
135,66.15,56.7,78.3
136.35,71.55,58.05,86.4
139.05,78.3,58.05,90.45
137.7,81,59.4,89.1
136.35,83.7,66.15,91.8
130.95,79.65,78.3,83.411
126.9,80.343,81,74.907
120.15,78.3,85.05,55.35
124.68,71.55,83.221,37.785
124.02,70.2,83.876,32.4
129.6,63.45,76.95,40.5
137.7,51.3,70.2,58.05
141.75,49.95,66.15,62.1
148.5,41.85,59.4,78.3
148.5,45.9,52.65,87.75
147.15,44.55,48.6,93.15
152.55,52.65,40.5,94.5
149.85,67.5,51.3,81
148.5,71.55,55.35,75.6
149.97,83.7,53.876,58.05
145.8,93.15,64.8,47.25
143.1,98.55,65.48,37.8
144.45,99.9,62.1,36.45
140.4,95.85,60.75,44.55
148.5,90.45,54,58.05
151.2,86.4,52.65,63.45
156.6,82.35,52.65,66.15
155.25,75.6,54,68.85
144.45,68.85,72.9,63.45
135,70.2,67.5,49.95
132.33,68.85,62.068,43.2
124.2,59.4,60.75,44.55
109.35,55.35,70.2,45.9
101.25,54,78.3,45.9
124.2,48.6,71.55,51.3
121.5,49.95,70.915,49.95
136.35,49.95,55.35,49.95
143.1,52.65,43.868,47.25
137.7,45.9,54,56.7
135,48.6,56.054,58.05
140.4,47.25,49.95,59.4
141.75,49.918,49.815,52.682
135,45.9,58.05,55.35
135,51.3,62.1,51.3
139.05,56.7,59.4,44.55
139.05,49.95,60.75,47.84
134.98,47.25,62.117,45.9
130.95,45.9,62.1,49.95
122.85,43.2,67.5,51.3
124.2,43.2,71.55,45.9
120.15,39.15,78.3,59.4
108,36.45,93.15,66.15
125.55,35.1,86.4,72.9
132.3,31.05,83.7,79.65
122.85,29.7,94.5,81
125.55,28.35,91.8,79.65
126.9,27,93.15,58.05
135,27,85.05,58.05
133.65,25.65,82.35,56.7
129.6,24.3,82.35,56.7
136.35,22.95,76.95,58.05
130.95,21.6,79.65,58.05
137.7,21.6,78.3,56.7
141.75,21.6,75.6,56.7
143.1,21.6,71.55,56.7
147.15,21.6,67.5,56.7
149.85,21.6,66.15,56.7
149.13,18.9,76.317,60.75
149.85,18.9,74.25,60.75
149.85,18.9,72.9,60.75
147.15,18.9,74.25,62.1
139.05,20.25,85.05,62.1
139.05,20.944,82.35,61.406
137.7,21.6,81,62.1
137.7,22.95,79.65,60.75
133.65,22.95,83.7,59.4
