NaN,NaN,NaN,-1
141,62,37,88
141,61,37,88
142,62,37,88
142,62,37,88
143,63,37,88
143,64,37,88
142,65,37,88
142,66,37,88
141,67,37,88
141,69,37,88
141,71,37,88
141,73,37,88
142,76,37,88
144,79,37,88
146,84,37,88
148,88,37,88
152,93,37,88
157,97,37,88
162,102,37,88
169,106,37,88
176,109,37,88
183,112,37,88
191,114,37,88
198,116,37,88
207,117,37,88
214,118,37,88
221,119,37,88
227,119,37,88
232,119,37,88
235,119,37,88
237,119,37,88
237,118,37,88
234,117,37,88
228,116,37,88
221,115,37,88
213,115,37,88
204,115,37,88
193,115,37,88
182,115,37,88
172,116,37,88
162,117,37,88
154,118,37,88
147,119,37,88
138,120,37,88
129,121,37,88
121,122,37,88
113,123,37,88
107,123,37,88
101,124,37,88
96,124,37,88
91,123,37,88
87,121,37,88
86,117,37,88
86,112,37,88
87,107,37,88
88,101,37,88
91,94,37,88
94,87,37,88
98,80,37,88
102,74,37,88
106,70,37,88
110,66,37,88
118,63,37,88
125,61,37,88
134,59,37,88
142,58,37,88
152,58,37,88
161,59,37,88
168,62,37,88
178,66,37,88
186,68,37,88
194,71,37,88
202,73,37,88
212,74,37,88
219,76,37,88
226,77,37,88
232,78,37,88
236,78,37,88
237,77,37,88
236,76,37,88
231,74,37,88
224,72,37,88
215,69,37,88
205,67,37,88
196,64,37,88
186,62,37,88
177,60,37,88
167,58,37,88
158,57,37,88
148,56,37,88
138,57,37,88
129,58,37,88
119,61,37,88
110,64,37,88
102,67,37,88
96,69,37,88
91,72,37,88
89,76,37,88
90,80,37,88
92,86,37,88
94,91,37,88
97,96,37,88
101,101,37,88
104,106,37,88
106,111,37,88
108,117,37,88
110,123,37,88
112,128,37,88
114,132,37,88
117,135,37,88
121,136,37,88
126,136,37,88
132,135,37,88
138,133,37,88
146,129,37,88
153,125,37,88
159,122,37,88
166,118,37,88
173,114,37,88
180,111,37,88
186,109,37,88
192,106,37,88
197,102,37,88
203,99,37,88
209,96,37,88
215,94,37,88
220,91,37,88
225,88,37,88
229,86,37,88
232,84,37,88
233,81,37,88
233,79,37,88
230,76,37,88
226,73,37,88
221,71,37,88
214,68,37,88
207,66,37,88
198,64,37,88
189,63,37,88
180,61,37,88
171,59,37,88
162,58,37,88
153,56,37,88
145,55,37,88
137,54,37,88
129,53,37,88
122,52,37,88
115,52,37,88
109,52,37,88
104,53,37,88
101,54,37,88
100,55,37,88
102,56,37,88
105,58,37,88
109,59,37,88
113,62,37,88
116,66,37,88
119,69,37,88
121,73,37,88
123,76,37,88
126,79,37,88
127,81,37,88
128,82,37,88
129,82,37,88
131,82,37,88
132,81,37,88
134,80,37,88
137,78,37,88
143,77,37,88
149,77,37,88
154,77,37,88
159,75,37,88
165,74,37,88
169,72,37,88
172,71,37,88
174,70,37,88
176,70,37,88
178,70,37,88
182,71,37,88
186,72,37,88
191,73,37,88
196,74,37,88
201,74,37,88
203,72,37,88
207,71,37,88
210,69,37,88
211,67,37,88
212,65,37,88
213,62,37,88
215,60,37,88
217,61,37,88
219,64,37,88
222,70,37,88
224,80,37,88
225,92,37,88
225,99,37,88
226,105,37,88
223,113,37,88
219,118,37,88
216,121,37,88
213,122,37,88
208,123,37,88
202,124,37,88
196,122,37,88
189,120,37,88
178,118,37,88
168,117,37,88
156,115,37,88
145,114,37,88
134,112,37,88
122,109,37,88
111,106,37,88
101,104,37,88
90,102,37,88
80,101,37,88
73,99,37,88
66,97,37,88
61,93,37,88
59,90,37,88
59,85,37,88
62,78,37,88
66,71,37,88
72,63,37,88
78,55,37,88
84,47,37,88
90,39,37,88
95,31,37,88
99,23,37,88
103,16,37,88
106,9,37,88
110,3,37,88
115,1,37,88
119,1,37,88
124,1,37,88
129,2,37,88
135,8,37,88
140,14,37,88
147,19,37,88
153,26,37,88
160,32,37,88
167,37,37,88
175,43,37,88
184,49,37,88
193,55,37,88
202,59,37,88
211,64,37,88
219,68,37,88
226,73,37,88
233,77,37,88
240,82,37,88
245,86,37,88
250,90,37,88
254,93,37,88
255,96,37,88
254,98,37,88
250,100,37,88
245,100,37,88
238,100,37,88
229,101,37,88
219,100,37,88
211,100,37,88
201,100,37,88
192,101,37,88
182,103,37,88
173,104,37,88
164,106,37,88
154,107,37,88
144,108,37,88
134,108,37,88
125,108,37,88
117,107,37,88
109,106,37,88
102,105,37,88
95,104,37,88
89,102,37,88
84,100,37,88
79,96,37,88
76,92,37,88
72,87,37,88
69,82,37,88
66,76,37,88
64,71,37,88
62,65,37,88
62,58,37,88
61,51,37,88
62,44,37,88
62,37,37,88
63,30,37,88
63,24,37,88
62,19,37,88
60,15,37,88
58,12,37,88
57,11,37,88
55,13,37,88
52,18,37,88
50,23,37,88
48,26,37,88
47,30,37,88
45,33,37,88
45,35,37,88
47,37,37,88
50,39,37,88
52,41,37,88
55,45,37,88
59,50,37,88
62,57,37,88
66,64,37,88
72,71,37,88
79,77,37,88
86,84,37,88
94,89,37,88
103,93,37,88
114,96,37,88
125,98,37,88
136,99,37,88
147,99,37,88
159,96,37,88
170,92,37,88
178,89,37,88
185,85,37,88
191,83,37,88
195,81,37,88
198,79,37,88
198,77,37,88
196,74,37,88
193,71,37,88
188,68,37,88
183,64,37,88
177,60,37,88
170,57,37,88
164,54,37,88
158,51,37,88
151,49,37,88
144,49,37,88
136,50,37,88
129,52,37,88
122,56,37,88
116,62,37,88
112,69,37,88
108,74,37,88
107,80,37,88
107,84,37,88
111,87,37,88
116,90,37,88
124,91,37,88
132,92,37,88
142,92,37,88
152,92,37,88
162,91,37,88
171,91,37,88
180,91,37,88
187,92,37,88
194,94,37,88
200,95,37,88
204,97,37,88
207,100,37,88
209,104,37,88
208,108,37,88
205,112,37,88
199,116,37,88
192,119,37,88
185,120,37,88
178,120,37,88
171,121,37,88
163,120,37,88
153,119,37,88
143,117,37,88
134,114,37,88
125,109,37,88
115,104,37,88
105,99,37,88
95,94,37,88
86,88,37,88
79,81,37,88
72,75,37,88
66,68,37,88
62,60,37,88
61,54,37,88
62,47,37,88
66,41,37,88
70,36,37,88
75,31,37,88
80,27,37,88
86,23,37,88
92,19,37,88
96,17,37,88
100,15,37,88
104,14,37,88
108,15,37,88
111,18,37,88
115,22,37,88
119,26,37,88
123,31,37,88
127,36,37,88
131,41,37,88
134,45,37,88
138,48,37,88
141,50,37,88
144,52,37,88
147,54,37,88
149,56,37,88
151,57,37,88
153,58,37,88
