NaN,NaN,NaN,-1
NaN,NaN,NaN,-2
NaN,NaN,NaN,0
NaN,NaN,NaN,0
NaN,NaN,NaN,0
NaN,NaN,NaN,0
NaN,NaN,NaN,-1
NaN,NaN,NaN,-2
NaN,NaN,NaN,0
NaN,NaN,NaN,0
NaN,NaN,NaN,0
NaN,NaN,NaN,0
NaN,NaN,NaN,-1
NaN,NaN,NaN,-2
NaN,NaN,NaN,0
NaN,NaN,NaN,0
NaN,NaN,NaN,0
NaN,NaN,NaN,0
NaN,NaN,NaN,-1
NaN,NaN,NaN,-2
NaN,NaN,NaN,0
NaN,NaN,NaN,0
NaN,NaN,NaN,0
NaN,NaN,NaN,0
NaN,NaN,NaN,-1
NaN,NaN,NaN,-2
NaN,NaN,NaN,0
NaN,NaN,NaN,0
NaN,NaN,NaN,0
NaN,NaN,NaN,0
NaN,NaN,NaN,-1
NaN,NaN,NaN,-2
NaN,NaN,NaN,0
NaN,NaN,NaN,0
NaN,NaN,NaN,0
NaN,NaN,NaN,0
NaN,NaN,NaN,-1
NaN,NaN,NaN,-2
NaN,NaN,NaN,0
NaN,NaN,NaN,0
NaN,NaN,NaN,0
NaN,NaN,NaN,0
NaN,NaN,NaN,-1
NaN,NaN,NaN,-2
NaN,NaN,NaN,0
NaN,NaN,NaN,0
NaN,NaN,NaN,0
NaN,NaN,NaN,0
NaN,NaN,NaN,-1
97,35,92,126
97,30,93,126
96,25,94,124
96,25,121,121
96,15,119,127
96,16,116,119
94,14,126,120
92,6,127,125
93,6,127,114
93,6,127,109
94,6,127,107
95,6,127,105
96,6,127,104
97,6,126,104
97,6,126,104
98,6,125,104
98,6,127,104
98,6,127,104
98,6,126,103
98,6,127,103
98,6,126,103
98,6,127,103
97,6,127,103
96,6,127,103
94,6,127,102
93,6,127,102
89,6,127,102
83,6,127,100
80,6,127,97
74,6,127,98
66,6,127,95
62,6,127,86
55,6,127,86
49,6,127,84
47,6,127,84
42,6,126,60
38,6,127,38
37,6,127,76
35,6,127,36
33,6,127,37
NaN,NaN,NaN,-2
NaN,NaN,NaN,0
NaN,NaN,NaN,0
NaN,NaN,NaN,0
NaN,NaN,NaN,0
NaN,NaN,NaN,-1
86,43,97,97
79,39,97,94
74,35,97,97
69,32,97,95
58,33,97,84
46,27,94,88
42,27,94,89
34,28,95,89
24,29,96,87
NaN,NaN,NaN,-2
NaN,NaN,NaN,0
NaN,NaN,NaN,0
NaN,NaN,NaN,0
NaN,NaN,NaN,0
NaN,NaN,NaN,-1
119,42,80,104
115,37,80,89
90,31,101,87
85,18,92,85
79,6,98,102
70,6,107,93
67,6,107,83
52,6,107,79
39,6,107,69
34,6,107,63
NaN,NaN,NaN,-2
NaN,NaN,NaN,0
NaN,NaN,NaN,0
NaN,NaN,NaN,0
NaN,NaN,NaN,0
NaN,NaN,NaN,-1
128,48,53,106
128,42,58,100
126,41,60,102
112,46,92,99
135,52,82,97
115,57,104,95
128,60,91,95
136,67,87,93
128,63,92,85
138,67,74,77
124,60,99,72
120,63,107,62
130,55,101,71
127,69,106,44
122,70,108,44
136,63,100,53
131,78,100,41
148,80,74,33
159,80,81,39
159,78,65,53
154,77,77,57
150,76,73,53
151,62,89,69
152,71,72,57
144,73,87,65
130,95,93,36
139,90,81,43
142,95,85,33
124,74,94,57
119,73,96,54
116,65,94,68
144,73,62,55
136,71,77,52
144,64,54,48
95,66,92,57
84,64,99,59
112,59,82,49
112,58,78,39
98,55,93,44
91,51,100,47
94,26,111,73
98,26,111,74
101,26,111,65
101,33,111,73
102,24,111,83
105,25,111,81
107,26,111,70
107,22,111,75
106,22,111,76
107,6,111,87
106,6,111,85
105,6,110,79
102,6,111,74
101,6,111,72
99,6,111,72
97,6,111,72
96,6,111,69
94,6,111,66
91,6,111,65
NaN,NaN,NaN,-2
NaN,NaN,NaN,0
NaN,NaN,NaN,0
NaN,NaN,NaN,0
NaN,NaN,NaN,0
NaN,NaN,NaN,-1
162,67,46,67
162,66,44,65
156,64,57,65
157,62,51,65
157,61,64,66
158,62,63,66
159,63,65,65
159,63,65,65
158,63,65,66
157,62,66,65
154,62,66,65
151,62,65,67
150,62,66,68
147,62,66,67
145,62,66,66
144,62,66,67
