NaN,NaN,NaN,-1
70,68,70,270
72,67,70,270
74,67,70,270
78,72,70,270
80,71,70,270
83,72,70,270
85,71,70,270
88,71,70,270
91,71,70,270
94,71,70,270
97,71,70,270
100,71,70,270
103,71,70,270
106,71,70,270
108,71,70,270
111,71,70,270
114,70,70,270
116,70,70,270
119,70,70,270
122,70,70,270
125,70,70,270
128,69,70,270
131,69,70,270
133,69,70,270
135,69,70,270
138,69,70,270
140,68,70,270
142,68,70,270
144,67,70,270
147,67,70,270
149,67,70,270
151,67,70,270
154,66,70,270
156,65,70,270
159,66,70,270
160,65,70,270
163,66,70,270
165,64,70,270
167,64,70,270
169,63,70,270
171,63,70,270
173,63,70,270
175,63,70,270
177,62,70,270
179,63,70,270
180,62,70,270
182,62,70,270
184,62,70,270
186,62,70,270
187,61,70,270
189,61,70,270
191,60,70,270
193,60,70,270
195,60,70,270
196,60,70,270
198,59,70,270
200,59,70,270
201,58,70,270
203,58,70,270
204,56,70,270
206,56,70,270
207,56,70,270
209,56,70,270
210,55,70,270
212,56,70,270
213,55,70,270
215,55,70,270
216,54,70,270
217,54,70,270
219,53,70,270
220,53,70,270
221,53,70,270
223,53,70,270
224,52,70,270
225,52,70,270
226,52,70,270
228,52,70,270
229,52,70,270
230,52,70,270
232,51,70,270
233,51,70,270
234,50,70,270
236,50,70,270
237,49,70,270
238,49,70,270
239,49,70,270
240,48,70,270
241,47,70,270
242,46,70,270
243,46,70,270
245,46,70,270
246,46,70,270
247,45,70,270
248,45,70,270
249,45,70,270
250,44,70,270
251,44,70,270
252,43,70,270
253,43,70,270
254,43,70,270
255,42,70,270
256,42,70,270
257,41,70,270
258,41,70,270
259,41,70,270
261,41,70,270
262,41,70,270
263,40,70,270
264,40,70,270
265,40,70,270
266,39,70,270
267,38,70,270
267,38,70,270
267,36,70,270
268,36,70,270
268,35,70,270
268,34,70,270
268,33,70,270
268,32,70,270
268,31,70,270
269,30,70,270
269,29,70,270
269,28,70,270
269,27,70,270
269,26,70,270
269,25,70,270
269,25,70,270
269,24,70,270
270,23,70,270
270,22,70,270
270,21,70,270
270,20,70,270
270,20,70,270
271,19,70,270
271,18,70,270
272,18,70,270
273,17,70,270
274,16,70,270
275,16,70,270
275,15,70,270
276,15,70,270
277,14,70,270
278,14,70,270
279,13,70,270
280,13,70,270
281,13,70,270
282,12,70,270
283,12,70,270
284,12,70,270
285,12,70,270
286,11,70,270
287,11,70,270
287,11,70,270
288,11,70,270
288,11,70,270
289,10,70,270
289,10,70,270
290,10,70,270
290,9,70,270
290,9,70,270
290,9,70,270
290,8,70,270
290,8,70,270
291,7,70,270
292,6,70,270
292,5,70,270
293,5,70,270
293,4,70,270
294,3,70,270
293,3,70,270
293,3,70,270
294,2,70,270
294,2,70,270
295,2,70,270
296,2,70,270
296,1,70,270
297,1,70,270
298,1,70,270
298,1,70,270
298,1,70,270
299,1,70,270
299,1,70,270
300,1,70,270
300,1,70,270
300,1,70,270
301,1,70,270
302,1,70,270
302,1,70,270
303,1,70,270
303,1,70,270
304,1,70,270
305,2,70,270
305,2,70,270
305,3,70,270
305,2,70,270
305,2,70,270
306,2,70,270
306,2,70,270
307,2,70,270
307,2,70,270
308,2,70,270
308,2,70,270
309,2,70,270
310,2,70,270
311,2,70,270
312,2,70,270
313,2,70,270
313,1,70,270
313,1,70,270
313,1,70,270
314,1,70,270
314,1,70,270
314,1,70,270
314,1,70,270
314,1,70,270
314,1,70,270
314,1,70,270
315,1,70,270
315,1,70,270
315,1,70,270
316,1,70,270
316,1,70,270
316,1,70,270
316,1,70,270
316,1,70,270
316,1,70,270
316,1,70,270
317,1,70,270
317,1,70,270
317,1,70,270
317,1,70,270
317,1,70,270
317,1,70,270
317,1,70,270
317,1,70,270
317,1,70,270
317,1,70,270
317,1,70,270
317,1,70,270
317,1,70,270
317,1,70,270
317,1,70,270
317,1,70,270
317,1,70,270
317,1,70,270
317,1,70,270
317,1,70,270
317,1,70,270
317,1,70,270
317,2,70,270
317,2,70,270
317,2,70,270
317,2,70,270
318,1,70,270
317,2,70,270
317,1,70,270
317,1,70,270
317,1,70,270
316,2,70,270
316,2,70,270
316,1,70,270
316,1,70,270
316,1,70,270
316,1,70,270
317,1,70,270
317,1,70,270
317,1,70,270
317,1,70,270
318,1,70,270
319,1,70,270
319,1,70,270
320,1,70,270
321,1,70,270
321,1,70,270
321,1,70,270
321,1,70,270
320,1,70,270
321,1,70,270
321,1,70,270
321,1,70,270
321,1,70,270
321,2,70,270
321,1,70,270
321,1,70,270
321,1,70,270
321,1,70,270
321,1,70,270
321,1,70,270
321,1,70,270
321,1,70,270
321,1,70,270
321,1,70,270
321,1,70,270
321,1,70,270
321,1,70,270
320,2,70,270
320,2,70,270
320,2,70,270
320,2,70,270
320,2,70,270
320,2,70,270
320,2,70,270
320,2,70,270
320,1,70,270
320,2,70,270
320,2,70,270
320,2,70,270
320,1,70,270
320,1,70,270
320,1,70,270
320,1,70,270
320,1,70,270
320,1,70,270
319,1,70,270
319,1,70,270
319,1,70,270
318,1,70,270
318,1,70,270
318,1,70,270
318,2,70,270
318,2,70,270
318,2,70,270
318,2,70,270
317,2,70,270
317,2,70,270
317,2,70,270
317,2,70,270
317,1,70,270
317,1,70,270
317,1,70,270
317,1,70,270
317,2,70,270
317,2,70,270
317,2,70,270
317,2,70,270
317,2,70,270
317,2,70,270
317,2,70,270
317,2,70,270
317,2,70,270
317,2,70,270
317,2,70,270
317,2,70,270
317,2,70,270
317,2,70,270
317,1,70,270
317,1,70,270
317,1,70,270
317,1,70,270
318,2,70,270
