NaN,NaN,NaN,-1
257.96,163.56,53.707,33.247
257.96,163.52,53.707,34.1
257.14,163.52,54.56,34.1
253.89,163.52,57.97,34.1
253.04,164.42,59.675,31.543
252.22,163.6,60.527,32.395
253.11,162.79,57.97,33.247
252.3,162.79,58.822,33.247
251.41,162.79,61.38,33.247
249.78,163.6,63.085,32.395
249.82,164.38,62.232,32.395
249.9,163.56,60.527,33.247
249.05,162.79,62.232,33.247
249.05,162.71,62.232,34.952
248.23,162.71,63.085,34.952
249.86,159.46,61.38,38.362
248.19,161.08,63.938,36.657
247.38,162.71,64.79,34.952
246.57,162.71,65.643,34.952
246.53,162.71,66.495,34.952
245.79,162.71,65.642,34.952
245.79,161.94,65.642,34.953
245.75,162.05,66.495,32.395
245.75,162.83,66.495,32.395
245.71,160.35,67.347,35.805
244.94,159.53,67.347,36.657
244.98,157.13,66.495,38.363
244.94,157.13,67.347,38.363
244.94,157.13,67.347,38.363
244.94,157.21,67.347,36.657
244.98,157.21,66.495,36.657
243.35,157.17,68.2,37.51
243.39,157.21,67.347,36.657
244.2,157.25,66.495,35.805
242.92,157.29,60.527,34.953
244.55,155.66,58.822,36.657
242.88,154.88,61.38,36.657
242.96,154.88,59.675,36.657
242.92,155.74,60.527,34.952
242.96,154.88,59.675,36.657
242.96,154.88,59.675,36.657
242.96,154.92,59.675,35.805
242.96,155.74,59.675,34.952
242.96,154.92,59.675,35.805
242.15,154.11,60.527,36.657
242.15,154.11,60.527,36.657
242.11,153.29,61.38,37.51
242.11,152.52,61.38,37.51
242.15,152.52,60.527,37.51
242.11,152.56,61.38,36.658
242.11,151.74,61.38,37.51
241.99,151.74,63.938,37.51
241.95,151.74,64.79,37.51
242.03,152.58,63.085,36.219
241.18,152.6,64.79,35.805
241.8,150.97,51.15,37.51
241.8,149.34,51.15,39.215
241.8,150.97,51.15,37.51
241.84,151.01,50.297,36.657
241.72,151.01,52.855,36.657
241.76,151.01,52.003,36.657
241.76,150.21,52.003,37.497
241.76,151.05,52.003,35.805
241.76,151.83,52.003,34.98
241.8,149.46,51.15,36.657
241.76,149.46,52.003,36.657
241.8,148.64,51.15,37.51
241.76,148.68,52.003,36.658
241.8,148.64,51.15,37.51
241.72,148.57,52.855,39.215
241.84,148.59,50.297,38.795
241.8,149.38,51.15,38.363
241.84,149.42,50.297,37.51
241.8,149.42,51.15,37.51
241.8,149.42,51.15,37.51
241.84,148.64,50.297,37.51
241.84,149.46,50.297,36.657
241.84,149.46,50.297,36.657
241.8,149.5,51.15,35.805
241.84,149.5,50.297,35.805
241.84,149.5,50.297,35.805
241.84,149.58,50.297,34.032
241.8,148.76,51.15,34.953
241.84,148.76,50.297,34.953
241.8,148.82,51.15,33.731
241.8,149.61,51.15,33.247
241.84,149.65,50.297,32.395
241.8,149.65,51.15,32.395
240.99,147.21,52.002,34.952
241.02,148.02,51.15,34.1
240.17,148.06,52.855,33.247
240.17,146.44,52.855,34.953
240.21,146.44,52.003,34.953
239.4,146.4,52.855,35.805
239.36,147.13,53.707,36.657
240.13,147.13,53.708,36.657
240.06,147.13,55.412,36.657
239.32,146.32,54.56,37.51
239.32,146.32,54.56,37.51
239.36,142.25,53.707,41.772
239.32,142.29,54.56,40.92
239.32,142.29,54.56,40.92
240.21,139.03,52.003,44.33
240.21,139.03,52.003,44.33
240.21,139.07,52.003,43.477
240.21,139.07,52.003,43.477
239.36,139.07,53.707,43.477
239.32,139.11,54.56,42.625
239.28,139.11,55.413,42.625
239.28,139.15,55.413,41.772
239.2,139.11,57.118,42.625
240.06,139.11,55.412,42.625
240.13,139.11,53.708,42.625
240.17,139.11,52.855,42.625
239.32,139.11,54.56,42.625
240.09,139.11,54.56,42.625
239.28,139.11,55.413,42.625
240.13,139.11,53.708,42.625
240.09,139.11,54.56,42.625
240.13,139.11,53.708,42.625
239.24,139.11,56.265,42.625
239.24,139.11,56.265,42.625
240.13,139.11,53.708,42.625
240.09,139.11,54.56,42.625
240.06,139.11,55.412,42.625
239.28,139.11,55.413,42.625
239.2,139.11,57.118,42.625
239.13,139.11,58.823,42.625
239.13,139.11,58.823,42.625
239.16,139.11,57.97,42.625
239.16,139.11,57.97,42.625
239.16,139.11,57.97,42.625
239.94,139.11,57.97,42.625
239.94,139.11,57.97,42.625
239.98,139.11,57.117,42.625
239.16,139.11,57.97,42.625
240.02,139.11,56.265,42.625
239.94,139.11,57.97,42.625
239.94,139.11,57.97,42.625
239.13,139.11,58.823,42.625
239.9,139.11,58.822,42.625
239.9,139.11,58.822,42.625
239.98,139.11,57.117,42.625
239.94,139.11,57.97,42.625
239.13,139.11,58.823,42.625
239.09,139.11,59.675,42.625
239.05,139.11,60.527,42.625
239.09,139.11,59.675,42.625
239.13,139.11,58.823,42.625
239.94,139.11,57.97,42.625
239.2,139.11,57.118,42.625
240.17,139.11,52.855,42.625
240.17,139.11,52.855,42.625
239.36,139.11,53.707,42.625
240.13,139.11,53.708,42.625
240.17,139.11,52.855,42.625
239.36,139.11,53.707,42.625
240.21,139.07,52.003,43.477
240.21,139.11,52.003,42.625
239.4,139.11,52.855,42.625
239.4,139.11,52.855,42.625
239.4,139.11,52.855,42.625
240.21,139.11,52.003,42.625
240.17,139.11,52.855,42.625
240.13,139.11,53.708,42.625
239.32,139.11,54.56,42.625
239.32,139.11,54.56,42.625
239.36,139.11,53.707,42.625
239.36,139.11,53.707,42.625
239.36,139.11,53.707,42.625
239.36,139.07,53.707,43.477
239.36,139.07,53.707,43.477
239.36,139.07,53.707,43.477
238.54,139.11,54.56,42.625
239.36,139.11,53.707,42.625
238.58,139.11,53.707,42.625
237.77,139.11,54.56,42.625
237.77,139.11,54.56,42.625
238.58,139.11,53.707,42.625
237.77,139.11,54.56,42.625
238.58,139.11,53.707,42.625
238.54,139.11,54.56,42.625
238.51,139.11,55.413,42.625
238.58,139.11,53.707,42.625
237.73,139.07,55.412,43.477
238.58,139.07,53.707,43.477
238.58,139.07,53.707,43.477
237.73,139.03,55.412,44.33
236.96,139.03,55.413,44.33
235.29,139.03,57.97,44.33
236.1,139.03,57.117,44.33
233.7,139.03,58.822,44.33
232.89,139.03,59.675,44.33
232.85,139.03,60.527,44.33
232.85,139,60.527,45.182
231.26,139,61.38,45.182
232.81,139,61.38,45.182
232,139,62.233,45.182
230.41,139,63.085,45.182
229.32,139,52.855,45.182
229.32,138.96,52.855,46.035
229.32,138.96,52.855,46.035
227.69,138.96,54.56,46.035
226.07,138.92,56.265,46.888
223.63,138.92,58.823,46.888
222,138.1,60.528,47.74
221.18,138.88,61.38,47.74
219.56,138.92,63.085,46.888
219.56,138.88,63.085,47.74
217.93,139.69,64.79,46.887
217.12,139.69,65.643,46.887
217.15,140.51,64.79,46.035
218.05,138.84,62.232,48.592
216.42,138.84,63.937,48.592
213.94,139.26,67.347,48.159
212.31,140.47,69.053,46.888
212.31,139.66,69.053,47.74
209.06,139.66,72.463,47.74
207.43,139.66,74.167,47.74
205.8,139.66,75.873,47.74
204.17,139.66,77.578,47.74
202.55,139.62,79.282,48.592
201.73,140.43,80.135,47.74
200.14,140.43,80.987,47.74
202.55,139.62,79.282,48.592
203.36,139.62,78.43,48.592
202.55,140.43,79.282,47.74
202.55,140.43,79.282,47.74
200.38,141.24,75.873,46.888
200.38,141.2,75.873,47.74
198.01,140.47,76.725,46.888
197.97,140.47,77.578,46.888
194.72,140.47,80.988,46.887
192.32,139.66,82.692,47.74
194.72,140.47,80.988,46.888
192.32,140.47,82.692,46.888
190.69,140.51,84.397,46.035
190.69,140.51,84.397,46.035
195.57,140.51,79.282,46.035
199.64,140.66,75.02,42.625
199.68,139.85,74.167,43.477
198.86,140.66,75.02,42.625
197.24,140.7,76.725,41.772
195.61,139.89,78.43,42.625
191.5,139.93,83.545,41.772
187.59,141.55,84.397,40.068
189.25,139.89,81.84,42.625
186.89,140.7,82.693,41.772
184.57,141.51,82.692,40.92
182.16,139.93,84.397,41.772
180.54,139.11,86.103,42.625
176.39,145.62,75.02,35.805
171.58,145.58,78.43,36.657
168.25,150.5,83.545,30.69
163.41,152.13,87.807,28.985
163.6,152.09,66.495,29.837
162.01,152.09,67.347,29.837
160.39,152.13,69.052,28.985
158.72,152.13,71.61,28.985
157.09,152.17,73.315,28.132
157.13,152.17,72.462,28.132
153.06,152.17,76.725,28.132
151.24,154.61,65.643,25.575
146.44,154.61,69.052,25.575
148.14,154.61,65.643,25.575
140.08,157.87,72.463,22.165
136.9,157.87,74.167,22.165
137.87,157.05,69.905,23.018
137.25,155.43,66.453,24.722
135.7,156.34,66.495,22.954
136.48,156.28,66.495,23.017
130.04,155.5,71.61,23.017
128.49,153.84,71.61,25.575
127.76,154.69,70.757,23.87
127.02,155.54,69.905,22.165
126.36,155.5,67.344,23.017
125.11,154.81,68.663,21.312
124.04,154.73,67.227,23.018
122.49,154.73,67.347,23.018
121.75,153.06,66.495,25.575
120.2,154.69,66.495,23.87
118.69,151.43,65.642,27.28
118.77,149.85,63.938,28.133
117.18,149.85,64.79,28.133
115.63,149.03,64.79,28.985
114.89,149.07,63.938,28.133
112.53,148.14,64.79,31.542
113.42,147.37,62.233,31.542
111.87,148.22,62.232,29.838
111.17,145.78,60.528,32.395
108.77,145.82,62.233,31.543
107.26,145.04,61.38,31.543
106.52,145.08,60.528,30.69
105.79,145.89,59.675,29.838
105.05,145.89,58.823,29.838
102.73,146.71,58.822,28.985
101.18,146.71,58.823,28.985
100.44,146.75,57.97,28.132
99.549,145.93,60.528,28.985
97.921,145.16,62.233,28.985
96.294,145.16,63.938,28.985
95.674,145.97,60.528,28.133
94.86,145.2,61.38,28.133
92.38,145.2,64.79,28.133
91.566,145.23,65.642,27.28
90.695,146.05,65.743,26.428
89.241,145.23,65.642,27.28
88.311,146.09,69.052,25.575
85.87,142.02,71.61,29.838
85.095,142.06,71.61,28.985
82.654,142.06,74.168,28.985
82.398,143.72,71.188,26.428
80.367,143.72,73.315,26.428
79.466,142.95,74.259,26.428
77.965,143.8,75.011,24.722
76.376,143.84,75.873,23.87
74.787,143.84,76.725,23.87
73.121,143.03,79.282,24.722
73.199,144.69,77.577,22.165
70.719,143.88,80.987,23.017
69.13,143.92,81.84,22.165
67.464,143.99,84.397,20.46
65.836,141.55,86.102,23.018
65.139,143.26,84.397,19.595
63.627,141.67,83.545,20.46
62,141.67,85.25,20.46
61.496,141.63,79.282,21.312
59.869,140.04,80.988,22.165
58.512,140.86,76.725,21.312
56.885,139.23,78.43,23.018
55.335,139.27,78.43,22.165
54.056,136.83,72.462,24.722
53.94,137.68,75.02,23.018
52.351,137.68,75.873,23.018
50.801,137.72,75.873,22.165
49.158,137.72,77.933,22.165
48.399,138.53,77.578,21.312
46.345,136.9,71.61,23.017
45.531,136.98,72.463,21.264
44.136,137.02,69.052,20.46
42.509,137.02,70.757,20.46
41.811,137.02,69.052,20.46
40.067,137.02,73.315,20.46
38.44,137.06,75.02,19.607
38.711,137.06,52.003,19.607
37.084,137.1,53.708,18.755
35.456,137.14,55.413,17.902
34.679,137.14,55.456,17.902
33.867,137.14,56.265,17.902
32.279,134.69,57.117,20.46
30.651,135.51,58.822,19.607
30.651,134.73,58.822,19.608
28.21,134.73,61.38,19.608
25.691,134.73,65.642,19.608
25.299,133.96,66.054,19.607
24.877,133.96,66.495,19.607
22.514,133.96,67.347,19.607
21.7,134,68.2,18.755
20.886,134,69.052,18.755
19.452,130.74,66.495,22.165
18.677,130.78,66.495,21.312
16.236,131.59,69.052,20.46
16.197,131.63,69.905,19.607
14.57,131.63,71.61,19.607
14.841,130.86,65.642,19.608
12.167,131.71,73.315,17.903
9.765,130.94,75.02,17.903
9.8425,131.75,73.315,17.05
7.5175,131.79,73.315,16.197
7.3237,131.79,77.578,16.197
4.8825,131.79,80.135,16.197
3.255,131.71,81.84,17.903
2.8287,130.9,74.167,18.755
