NaN,NaN,NaN,-1
220,90,46,45
220,90,46,45
220,91,46,45
220,91,46,45
219,91,46,45
217,93,46,45
216,92,46,45
215,93,46,45
214,93,46,45
213,93,46,45
212,93,46,45
210,92,46,45
208,94,46,45
204,93,46,45
201,93,46,45
198,93,46,45
196,93,46,45
192,94,46,45
189,94,46,45
189,93,46,45
190,95,46,45
189,92,46,45
188,88,46,45
186,84,46,45
185,84,46,45
185,83,46,45
NaN,NaN,NaN,-2
NaN,NaN,NaN,0
NaN,NaN,NaN,0
NaN,NaN,NaN,0
NaN,NaN,NaN,0
NaN,NaN,NaN,-1
56,101,62,60
52,122,62,60
46,124,62,60
40,126,62,60
29,124,62,60
29,125,62,60
29,127,62,60
31,131,62,60
29,135,62,60
24,139,62,60
24,141,62,60
24,139,62,60
28,138,62,60
26,135,62,60
NaN,NaN,NaN,-2
NaN,NaN,NaN,0
NaN,NaN,NaN,0
NaN,NaN,NaN,0
NaN,NaN,NaN,0
NaN,NaN,NaN,-1
127,95,57,59
138,104,57,59
154,128,57,59
160,126,57,59
162,127,57,59
163,127,57,59
164,126,57,59
NaN,NaN,NaN,-2
NaN,NaN,NaN,0
NaN,NaN,NaN,0
NaN,NaN,NaN,0
NaN,NaN,NaN,0
NaN,NaN,NaN,-1
210,48,41,65
210,61,41,65
211,73,41,65
212,86,41,65
213,91,41,65
213,93,41,65
213,96,41,65
213,96,41,65
212,97,41,65
212,99,41,65
213,103,41,65
214,108,41,65
215,110,41,65
215,119,41,65
216,121,41,65
219,122,41,65
222,123,41,65
224,124,41,65
226,126,41,65
227,128,41,65
229,132,41,65
232,137,41,65
235,140,41,65
237,143,41,65
238,146,41,65
237,149,41,65
235,150,41,65
232,150,41,65
229,148,41,65
227,146,41,65
224,143,41,65
220,141,41,65
215,138,41,65
211,135,41,65
206,133,41,65
201,134,41,65
193,136,41,65
186,139,41,65
178,140,41,65
164,129,41,65
158,128,41,65
150,128,41,65
138,126,41,65
127,123,41,65
125,124,41,65
120,115,41,65
119,109,41,65
121,109,41,65
126,117,41,65
131,117,41,65
133,115,41,65
136,114,41,65
141,111,41,65
142,110,41,65
143,109,41,65
NaN,NaN,NaN,-2
NaN,NaN,NaN,0
NaN,NaN,NaN,0
NaN,NaN,NaN,0
NaN,NaN,NaN,0
NaN,NaN,NaN,-1
146,55,36,51
149,55,36,51
153,55,36,51
157,54,36,51
160,55,36,51
162,55,36,51
163,55,36,51
164,54,36,51
169,54,36,51
172,52,36,51
174,52,36,51
175,51,36,51
174,47,36,51
175,43,36,51
176,45,36,51
177,45,36,51
179,52,36,51
180,55,36,51
179,57,36,51
179,62,36,51
179,70,36,51
179,76,36,51
177,83,36,51
172,90,36,51
163,97,36,51
151,106,36,51
136,113,36,51
123,120,36,51
117,126,36,51
115,131,36,51
104,132,36,51
98,136,36,51
92,140,36,51
87,145,36,51
84,149,36,51
82,153,36,51
77,155,36,51
75,157,36,51
69,158,36,51
63,159,36,51
59,158,36,51
56,157,36,51
53,156,36,51
47,155,36,51
45,155,36,51
42,155,36,51
39,155,36,51
37,154,36,51
34,148,36,51
35,143,36,51
37,140,36,51
39,134,36,51
40,132,36,51
41,133,36,51
40,133,36,51
40,133,36,51
40,133,36,51
40,133,36,51
39,134,36,51
40,135,36,51
41,135,36,51
42,137,36,51
NaN,NaN,NaN,-2
NaN,NaN,NaN,0
NaN,NaN,NaN,0
NaN,NaN,NaN,0
NaN,NaN,NaN,0
NaN,NaN,NaN,-1
79,66,64,68
79,68,64,68
80,73,64,68
82,77,64,68
85,79,64,68
87,81,64,68
90,83,64,68
92,86,64,68
93,88,64,68
96,91,64,68
97,96,64,68
100,96,64,68
104,97,64,68
109,99,64,68
116,101,64,68
120,103,64,68
126,103,64,68
128,105,64,68
143,102,64,68
146,100,64,68
153,99,64,68
156,98,64,68
158,97,64,68
159,98,64,68
164,97,64,68
168,92,64,68
172,89,64,68
182,94,64,68
181,89,64,68
182,91,64,68
182,89,64,68
182,93,64,68
184,95,64,68
185,98,64,68
185,99,64,68
184,99,64,68
184,100,64,68
184,101,64,68
184,101,64,68
185,102,64,68
185,103,64,68
185,104,64,68
185,105,64,68
186,107,64,68
185,107,64,68
185,108,64,68
185,110,64,68
186,110,64,68
187,110,64,68
