NaN,NaN,NaN,-1
242,63,77,178
241,63,77,178
239,63,77,177
237,63,77,176
234,62,77,176
228,64,77,177
225,65,77,177
223,66,76,176
221,68,76,175
217,70,77,177
214,70,77,178
212,70,77,178
208,68,78,180
201,64,78,180
198,62,79,183
196,61,79,181
196,58,80,184
206,62,65,150
206,62,65,150
206,62,65,150
206,62,65,150
206,62,65,150
206,62,65,150
206,62,65,150
206,62,65,150
206,62,65,150
206,62,65,150
206,62,65,150
206,62,65,150
206,62,65,150
206,62,65,150
206,62,65,150
206,62,65,150
206,62,65,150
206,62,65,150
206,62,65,150
206,62,65,150
206,62,65,150
206,62,65,150
206,62,65,150
206,62,65,150
206,62,65,150
206,62,65,150
206,62,65,150
206,62,65,150
206,62,65,150
206,62,65,150
206,62,65,150
206,62,65,150
206,62,65,150
206,62,65,150
206,62,65,150
206,62,65,150
206,62,65,150
206,62,65,150
206,62,65,150
206,62,65,150
206,62,65,150
206,62,65,150
206,62,65,150
206,62,65,150
206,62,65,150
206,62,65,150
206,62,65,150
206,62,65,150
206,62,65,150
206,62,65,150
206,62,65,150
206,62,65,150
206,62,65,150
206,62,65,150
206,62,65,150
206,62,65,150
206,62,65,150
206,62,65,150
206,62,65,150
206,62,65,150
206,62,65,150
206,62,65,150
206,62,65,150
206,62,65,150
206,62,65,150
206,62,65,150
206,62,65,150
206,62,65,150
206,62,65,150
206,62,65,150
206,62,65,150
206,62,65,150
206,62,65,150
206,62,65,150
206,62,65,150
206,62,65,150
206,62,65,150
206,62,65,150
206,62,65,150
206,62,65,150
206,62,65,150
206,62,65,150
206,62,65,150
206,62,65,150
206,62,65,150
206,62,65,150
206,62,65,150
206,62,65,150
206,62,65,150
206,62,65,150
206,62,65,150
206,62,65,150
206,62,65,150
206,62,65,150
206,62,65,150
206,62,65,150
206,62,65,150
206,62,65,150
206,62,65,150
206,62,65,150
206,62,65,150
206,62,65,150
206,62,65,150
206,62,65,150
206,62,65,150
206,62,65,150
206,62,65,150
206,62,65,150
206,62,65,150
206,62,65,150
206,62,65,150
206,62,65,150
206,62,65,150
206,62,65,150
206,62,65,150
206,62,65,150
206,62,65,150
206,62,65,150
206,62,65,150
206,62,65,150
206,62,65,150
206,62,65,150
206,62,65,150
206,62,65,150
206,62,65,150
206,62,65,150
206,62,65,150
206,62,65,150
206,62,65,150
206,62,65,150
206,62,65,150
206,62,65,150
206,62,65,150
206,62,65,150
206,62,65,150
206,62,65,150
206,62,65,150
206,62,65,150
206,62,65,150
206,62,65,150
206,62,65,150
206,62,65,150
206,62,65,150
206,62,65,150
206,62,65,150
206,62,65,150
206,62,65,150
206,62,65,150
206,62,65,150
206,62,65,150
206,62,65,150
206,62,65,150
206,62,65,150
206,62,65,150
206,62,65,150
206,62,65,150
206,62,65,150
206,62,65,150
206,62,65,150
206,62,65,150
206,62,65,150
206,62,65,150
206,62,65,150
206,62,65,150
206,62,65,150
206,62,65,150
206,62,65,150
206,62,65,150
206,62,65,150
206,62,65,150
206,62,65,150
206,62,65,150
206,62,65,150
206,62,65,150
206,62,65,150
206,62,65,150
206,62,65,150
206,62,65,150
206,62,65,150
206,62,65,150
206,62,65,150
206,62,65,150
206,62,65,150
206,62,65,150
206,62,65,150
206,62,65,150
206,62,65,150
206,62,65,150
206,62,65,150
206,62,65,150
206,62,65,150
206,62,65,150
206,62,65,150
206,62,65,150
206,62,65,150
206,62,65,150
206,62,65,150
206,62,65,150
206,62,65,150
206,62,65,150
206,62,65,150
206,62,65,150
206,62,65,150
206,62,65,150
206,62,65,150
206,62,65,150
206,62,65,150
206,62,65,150
206,62,65,150
206,62,65,150
206,62,65,150
206,62,65,150
206,62,65,150
206,62,65,150
206,62,65,150
206,62,65,150
206,62,65,150
206,62,65,150
206,62,65,150
206,62,65,150
206,62,65,150
206,62,65,150
206,62,65,150
206,62,65,150
206,62,65,150
206,62,65,150
206,62,65,150
206,62,65,150
206,62,65,150
206,62,65,150
206,62,65,150
206,62,65,150
206,62,65,150
206,62,65,150
206,62,65,150
206,62,65,150
206,62,65,150
206,62,65,150
206,62,65,150
206,62,65,150
206,62,65,150
206,62,65,150
206,62,65,150
206,62,65,150
206,62,65,150
206,62,65,150
206,62,65,150
206,62,65,150
206,62,65,150
206,62,65,150
206,62,65,150
206,62,65,150
206,62,65,150
206,62,65,150
206,62,65,150
206,62,65,150
206,62,65,150
206,62,65,150
NaN,NaN,NaN,-2
NaN,NaN,NaN,0
NaN,NaN,NaN,0
NaN,NaN,NaN,0
NaN,NaN,NaN,0
NaN,NaN,NaN,-1
273,66,78,116
272,66,75,113
268,63,78,116
265,61,78,117
264,61,78,116
264,60,75,113
265,60,74,111
266,59,74,111
268,58,74,111
274,56,72,108
277,56,72,108
280,55,71,107
282,53,71,107
290,52,69,104
294,52,68,102
299,51,68,101
303,51,67,100
313,50,65,97
319,50,64,96
324,50,64,96
330,50,64,95
NaN,NaN,NaN,-2
NaN,NaN,NaN,0
NaN,NaN,NaN,0
NaN,NaN,NaN,0
NaN,NaN,NaN,0
NaN,NaN,NaN,-1
262,66,76,124
261,67,77,125
257,68,79,128
255,70,78,127
252,70,79,129
248,71,80,130
240,73,82,133
236,74,83,134
233,75,83,135
229,75,84,137
224,76,86,140
221,76,87,141
219,76,88,142
217,76,88,143
215,74,90,146
214,73,91,148
213,71,92,149
212,70,93,151
212,66,95,154
212,64,96,156
212,62,98,159
212,60,99,160
212,58,100,163
213,56,101,164
213,54,102,166
213,52,103,168
213,50,106,171
213,48,107,173
212,47,108,175
211,45,109,177
208,43,112,181
205,41,113,183
202,40,114,185
199,38,115,187
193,37,117,189
189,38,116,189
185,38,117,190
182,39,117,189
177,42,116,189
174,43,116,188
171,44,116,188
169,45,116,188
165,47,115,186
163,48,114,185
161,49,114,185
160,50,113,184
157,52,112,182
157,53,112,181
156,54,111,180
156,55,111,180
154,57,110,178
154,57,109,177
153,57,108,176
153,58,108,174
153,59,106,172
155,60,105,170
157,60,104,169
160,62,103,167
170,64,100,162
175,65,99,160
180,66,97,157
187,68,95,154
205,72,90,146
213,75,88,142
222,78,85,138
230,80,84,136
243,85,82,133
248,88,81,131
250,91,80,130
251,93,80,129
252,96,78,127
251,103,73,119
250,106,72,117
246,109,72,117
243,112,71,115
236,117,71,115
233,120,71,114
229,122,71,115
225,123,71,115
217,126,72,117
214,127,73,118
212,127,72,117
213,128,67,109
213,128,67,109
213,128,67,109
213,128,67,109
213,128,67,109
213,128,67,109
213,128,67,109
213,128,67,109
213,128,67,109
213,128,67,109
213,128,67,109
213,128,67,109
213,128,67,109
213,128,67,109
213,128,67,109
213,128,67,109
213,128,67,109
213,128,67,109
213,128,67,109
213,128,67,109
213,128,67,109
213,128,67,109
213,128,67,109
213,128,67,109
213,128,67,109
213,128,67,109
213,128,67,109
213,128,67,109
213,128,67,109
213,128,67,109
213,128,67,109
213,128,67,109
213,128,67,109
213,128,67,109
213,128,67,109
213,128,67,109
213,128,67,109
213,128,67,109
213,128,67,109
213,128,67,109
213,128,67,109
213,128,67,109
213,128,67,109
213,128,67,109
213,128,67,109
213,128,67,109
213,128,67,109
213,128,67,109
213,128,67,109
213,128,67,109
213,128,67,109
213,128,67,109
213,128,67,109
213,128,67,109
213,128,67,109
213,128,67,109
213,128,67,109
213,128,67,109
213,128,67,109
213,128,67,109
213,128,67,109
213,128,67,109
213,128,67,109
213,128,67,109
213,128,67,109
213,128,67,109
213,128,67,109
213,128,67,109
213,128,67,109
213,128,67,109
213,128,67,109
213,128,67,109
213,128,67,109
213,128,67,109
213,128,67,109
213,128,67,109
213,128,67,109
213,128,67,109
213,128,67,109
213,128,67,109
213,128,67,109
213,128,67,109
213,128,67,109
213,128,67,109
213,128,67,109
213,128,67,109
213,128,67,109
213,128,67,109
213,128,67,109
213,128,67,109
213,128,67,109
213,128,67,109
213,128,67,109
213,128,67,109
213,128,67,109
213,128,67,109
213,128,67,109
213,128,67,109
213,128,67,109
213,128,67,109
213,128,67,109
213,128,67,109
213,128,67,109
213,128,67,109
213,128,67,109
213,128,67,109
213,128,67,109
213,128,67,109
213,128,67,109
