NaN,NaN,NaN,-1
168.67,78.54,46.282,50.82
168.71,80.231,45.375,49.913
167.85,79.406,46.283,49.913
166.03,79.365,49.913,50.82
166.03,79.365,49.913,50.82
165.21,80.231,49.913,49.913
164.38,79.406,49.913,49.913
163.47,79.406,51.728,49.913
162.61,77.715,52.635,50.82
156.5,77.632,59.895,52.635
151.31,76.808,65.34,52.635
146.97,74.992,69.877,56.265
144.37,74.167,72.6,56.265
141.78,72.476,75.323,57.172
143.72,69.919,50.82,58.988
139.55,68.186,51.727,60.802
136.29,67.32,50.82,61.71
129.53,68.228,54.45,59.895
127.05,67.609,54.45,55.358
121.94,66.784,58.08,55.358
118.47,66,61.71,54.45
117.19,65.134,63.05,55.358
113.27,62.617,67.155,56.265
110.76,61.792,49.913,56.265
107.54,63.069,48.097,54.064
101.68,62.741,49.912,53.543
98.505,63.484,47.19,55.358
95.164,64.226,48.097,57.172
92.689,65.051,48.097,57.173
91.039,66.66,48.097,58.08
88.481,68.269,49.913,58.988
87.615,70.042,50.82,56.265
85.965,71.528,50.82,59.895
86.006,72.394,49.913,58.987
85.965,73.219,50.82,58.988
86.831,74.085,49.913,58.08
86.79,74.992,50.82,56.265
87.656,76.725,49.912,54.45
88.481,77.55,49.913,54.45
89.347,80.108,49.005,52.635
90.296,82.5,46.283,54.45
90.214,85.841,48.098,53.543
91.204,90.049,44.468,51.727
91.162,93.517,45.375,48.031
93.514,96.772,48.097,49.005
95.906,98.381,49.912,49.913
98.257,99,52.635,54.45
99.907,98.67,52.635,61.71
98.917,99.454,56.265,62.617
105.85,99.742,49.005,56.265
108.12,100.57,53.543,56.265
111.29,100.53,56.265,57.172
116.41,101.39,52.635,56.265
120.45,100.53,54.45,57.172
125.36,97.886,55.357,60.802
130.47,97.915,51.741,60.171
135.42,100.53,51.727,57.172
138.64,101.39,53.543,56.265
141.9,100.57,54.45,56.265
145.94,100.57,56.265,56.265
150.07,99.66,56.265,58.08
155.06,99.66,55.366,58.08
160.83,100.95,55.357,56.727
165.62,101.43,58.988,55.358
169.41,100.57,66.248,56.265
175.39,101.39,61.71,56.265
177.91,101.35,60.803,57.172
176.72,99.536,68.97,60.802
178.28,102.05,70.785,59.895
194.53,108.9,58.08,54.45
197.88,111.37,57.172,54.45
200.39,113.02,56.265,54.45
202.25,115.5,51.728,54.45
204.72,118.92,51.728,51.727
208.93,121.4,49.913,51.728
211.45,123.91,49.005,50.82
211.12,127.22,56.265,50.82
211.12,130.56,56.265,49.913
211.16,133.03,55.358,49.913
212.03,134.64,54.45,50.82
210.33,137.07,55.358,51.728
207.86,139.47,55.357,53.542
205.22,141.2,58.987,51.728
202.95,144.54,54.45,50.82
201.26,145.32,55.357,51.728
199.65,146.19,54.45,50.82
197.26,146.15,52.635,51.728
194,146.97,51.728,51.728
189.79,147.84,53.543,50.82
184.76,147.88,55.357,49.913
180.59,147.06,56.265,49.913
178.12,146.19,56.265,50.82
176.43,144.5,57.172,51.728
175.44,141.24,60.803,50.82
175.44,137.07,60.803,51.728
175.6,132.08,57.172,52.635
175.56,128,58.08,51.728
174.61,122.1,60.803,54.45
174.57,118.92,61.71,51.727
174.57,113.89,61.71,53.543
174.53,109.72,62.617,54.45
174.53,105.56,62.617,55.358
173.66,100.53,63.525,57.172
173.66,96.401,63.525,57.172
174.57,92.276,61.71,57.172
174.57,88.894,61.71,58.987
174.53,87.285,62.617,58.08
173.7,84.81,62.618,58.08
172.8,83.119,64.432,58.987
171.1,81.427,65.34,59.895
170.24,81.345,66.248,61.71
169.37,80.438,67.155,63.525
168.55,80.314,67.155,66.247
167.64,94.009,68.97,55.358
166.77,93.967,69.878,56.265
167.64,96.566,68.97,53.542
170.24,96.566,66.248,53.542
170.24,96.608,66.248,52.635
171.1,98.257,65.34,52.635
172.88,98.175,62.618,54.45
173.46,98.01,49.913,58.08
176.01,97.927,48.097,59.895
177.75,97.886,46.282,60.802
178.65,98.752,44.468,59.895
178.61,97.804,45.375,62.617
182.04,97.556,42.653,68.063
184.35,96.772,46.282,67.155
186.08,95.122,44.468,67.155
186.82,92.565,46.283,68.97
188.55,90.007,44.468,70.785
190.25,85.8,43.56,72.6
192.84,81.469,40.838,77.138
194.62,78.004,38.115,80.767
194.58,74.786,39.022,60.802
193.71,71.651,39.93,57.172
193.79,67.526,38.115,57.172
192.06,64.332,39.93,54.842
191.28,61.05,39.023,54.45
191.94,57.007,42.653,52.635
192.72,51.934,43.56,55.358
193.67,47.556,40.838,53.471
193.63,45.568,41.745,49.927
198.71,42.116,38.148,53.543
202.21,39.641,34.485,53.543
202.95,37.95,36.3,54.45
202.08,37.207,37.207,52.635
200.39,36.3,38.115,54.45
197.79,36.382,40.838,52.635
195.24,37.249,42.653,51.727
190.95,37.95,46.283,54.45
190.08,40.507,47.19,52.635
186.61,43.024,50.82,51.727
183.15,47.314,54.45,48.097
183.15,50.614,54.45,48.097
180.13,53.089,57.619,48.098
177.09,54.615,60.803,50.82
176.22,57.874,43.56,51.727
173.7,62.164,44.468,48.098
172.8,65.464,46.282,48.098
171.89,67.897,48.097,49.005
166.69,67.733,53.542,52.635
165,66.515,54.45,61.273
164.05,66.289,57.172,66.248
162.19,67.072,61.71,67.155
160.46,66.061,63.525,71.252
156.96,66.041,68.062,71.693
156.96,71.156,68.062,68.062
157.66,71.074,70.785,69.878
184.14,70.909,50.82,73.507
188.47,81.097,46.283,67.155
187.65,81.056,46.282,68.063
187.69,81.056,45.375,68.063
181.62,81.182,51.728,65.295
179.03,79.447,54.45,67.155
174.82,80.438,56.265,63.525
166.28,80.231,62.617,68.062
159.35,75.157,69.877,70.785
153.53,70.042,70.785,74.415
144.87,65.587,79.86,81.675
140.75,84.026,43.56,57.172
131.63,81.592,44.467,56.265
121.52,79.984,49.005,55.357
114.1,77.509,49.005,55.358
103.66,76.024,60.802,51.727
97.226,72.641,57.172,53.543
88.275,72.6,54.45,54.45
81.757,70.95,52.635,54.45
76.024,70.084,51.727,55.358
68.764,69.424,48.097,51.728
62.7,69.382,54.45,52.635
56.636,70.166,60.803,53.543
47.974,71.816,69.877,53.543
42.859,73.342,73.507,56.265
39.435,76.725,76.23,54.45
38.362,79.984,45.375,55.357
39.146,84.067,46.283,56.265
39.93,86.542,47.19,56.265
42.405,89.966,47.19,53.543
45.746,92.441,46.282,53.542
49.913,96.608,45.375,52.635
55.852,101.6,41.745,51.727
58.286,105.64,42.653,53.543
60.637,110.43,45.375,57.173
64.061,116.32,42.652,54.45
65.629,122.1,44.468,54.45
68.896,127.83,45.199,55.357
72.188,133.69,45.375,53.542
76.395,137.82,43.56,53.542
78.87,141.12,43.56,53.543
82.17,143.63,43.56,52.635
83.737,145.28,45.375,52.635
83.614,147.8,48.098,51.727
83.449,149.41,51.727,52.635
83.242,151.06,56.265,52.635
82.995,151.88,61.71,52.635
82.789,153.57,66.248,51.728
87.739,155.22,66.248,51.728
107.56,160.38,47.647,47.19
110.84,165.37,48.098,46.282
114.96,169.45,48.098,47.19
119.01,174.45,49.913,46.283
123.09,178.61,50.82,45.375
129.69,182.74,50.82,45.375
132.95,184.47,51.728,43.56
138.76,186.04,50.82,45.375
143.72,186.82,50.82,46.283
147.84,186,50.82,46.282
152.79,184.35,50.82,46.283
158.65,182.65,49.005,47.19
163.64,181.05,48.097,46.282
166.9,178.67,49.005,44.009
169.37,175.4,49.005,43.56
171.89,171.19,48.097,45.375
172.59,166.98,50.82,47.19
174.24,164.59,50.82,45.375
173.29,161.2,53.543,47.19
173.25,158.73,54.45,47.19
173.13,155.39,57.172,48.097
172.18,151.22,59.895,49.005
171.19,149.53,63.525,49.913
171.19,146.97,63.525,51.728
185.91,147.14,48.097,48.097
185.87,145.53,49.005,47.19
185.83,144.75,49.913,46.282
185.87,143.1,49.005,46.283
185.87,141.32,49.005,49.005
183.27,137.82,51.728,53.542
182.45,133.53,51.728,57.172
181.66,131.13,50.82,55.357
179.07,127.63,53.542,59.895
177.38,122.47,54.45,64.433
179.15,117.31,51.728,68.97
177.46,112.08,52.635,75.323
177.5,109.23,51.728,47.19
176.72,105.93,50.82,47.19
175.02,103.41,51.728,48.097
173.17,102.55,56.265,49.005
171.43,102.6,58.08,48.085
171.43,102.55,58.08,49.005
171.43,102.59,58.08,48.098
171.43,102.59,58.08,48.098
170.57,101.76,58.988,48.097
169.7,101.72,59.895,49.005
