NaN,NaN,NaN,-1
244,48,80,176
241,45,81,178
238,44,82,180
235,43,82,180
232,42,82,181
225,42,82,181
222,42,83,182
219,43,83,182
217,44,83,182
214,46,82,181
213,47,82,180
210,46,84,181
207,46,88,181
202,47,87,179
201,48,84,178
199,47,83,179
193,44,90,184
185,40,103,192
183,39,108,196
181,37,112,199
182,37,114,199
184,38,112,197
185,39,111,195
187,40,109,193
189,41,108,192
192,42,108,191
195,44,106,190
197,44,107,190
198,46,107,189
195,48,111,190
190,48,117,194
186,48,122,197
183,47,127,201
179,44,135,208
179,43,137,209
180,41,138,210
182,40,137,210
188,37,135,209
192,35,132,207
196,34,129,205
200,33,125,203
207,32,118,199
212,31,114,197
216,31,110,194
219,30,106,192
226,28,99,187
229,27,95,184
234,26,91,181
237,26,88,179
245,24,84,176
248,24,82,175
251,24,81,174
254,24,79,173
256,23,80,172
256,23,82,172
256,23,84,171
255,23,87,171
253,24,93,172
251,25,95,172
250,26,98,172
248,26,101,172
244,28,108,174
242,28,110,174
241,28,113,175
240,28,115,176
240,28,118,178
240,28,120,180
240,28,122,183
240,28,125,186
239,26,131,194
239,26,135,199
238,25,139,203
238,24,142,207
237,21,148,214
236,19,151,217
234,16,154,219
232,13,157,222
227,6,163,226
224,2,165,227
222,-3,167,228
219,-7,168,228
214,-14,169,228
211,-17,168,228
209,-18,167,227
207,-19,164,226
203,-18,159,223
202,-16,156,222
201,-15,153,220
201,-13,150,218
203,-9,143,213
205,-6,140,210
207,-4,137,207
209,-2,133,205
213,1,129,201
216,3,126,199
218,4,124,197
220,5,121,195
222,7,118,193
223,8,116,191
224,8,114,189
224,9,113,187
224,11,110,184
223,12,109,182
223,14,107,180
222,15,105,177
221,19,101,171
220,21,100,168
220,23,98,166
220,25,97,165
222,32,95,163
223,36,96,163
225,39,97,164
227,41,99,165
230,45,103,165
232,46,104,164
233,47,106,164
234,48,106,163
236,49,106,163
236,49,106,163
236,49,106,164
236,49,105,164
234,48,109,168
234,48,111,169
233,47,112,170
233,46,114,171
232,45,115,173
232,45,114,174
232,44,113,174
231,44,112,175
230,43,113,177
230,43,111,177
231,42,110,177
231,42,109,176
233,43,103,174
234,44,100,173
235,46,97,172
237,47,94,172
240,50,88,170
241,51,85,169
242,53,82,167
243,54,80,166
244,55,78,166
244,55,78,167
244,55,78,168
243,55,78,169
242,55,79,171
242,55,79,172
241,55,80,174
240,55,80,175
238,55,81,177
237,56,80,177
237,57,80,177
236,57,80,177
232,59,83,179
230,59,85,180
228,60,86,181
226,61,86,181
227,64,84,179
227,65,84,178
226,66,84,179
227,67,83,179
225,67,85,179
221,66,89,182
217,65,92,184
214,64,95,186
212,65,94,185
210,65,92,184
208,65,91,183
204,65,90,183
195,65,94,184
188,64,99,186
184,65,102,187
182,66,104,188
180,69,105,186
182,71,105,186
184,73,104,186
188,76,102,184
193,79,97,182
197,83,94,179
197,85,94,178
196,87,95,177
195,87,97,176
194,89,103,176
195,90,105,177
197,90,107,177
201,91,108,176
208,92,111,178
212,93,111,178
214,93,113,179
215,93,115,180
214,92,119,182
211,92,123,183
210,92,126,184
208,93,129,184
208,96,131,184
209,98,131,183
210,100,132,183
210,102,132,182
212,105,133,181
213,107,133,180
213,108,133,180
214,109,134,179
214,110,135,178
214,111,135,178
215,112,135,176
215,113,134,175
218,114,130,172
217,115,130,171
217,116,130,170
217,116,130,169
218,118,128,167
219,119,127,166
221,121,125,164
223,123,123,162
227,126,119,158
228,127,117,156
229,129,117,154
229,130,117,153
227,132,117,150
227,133,116,148
227,134,114,145
228,136,112,142
228,138,111,139
225,138,116,140
221,137,122,142
217,136,128,144
210,135,135,145
207,134,139,147
204,133,142,148
202,133,144,148
202,134,140,143
204,136,136,139
206,138,131,134
207,141,126,130
205,142,124,127
203,143,120,123
201,144,119,121
199,144,120,120
195,143,124,120
197,144,123,119
202,145,119,116
208,146,113,112
222,149,103,106
228,149,101,103
231,149,100,102
233,148,100,102
235,148,99,100
237,148,98,99
238,149,96,98
240,149,95,97
246,150,92,94
249,150,91,93
250,149,90,92
252,149,90,92
251,146,93,97
255,145,93,97
258,144,93,96
260,143,92,95
259,140,91,96
257,139,91,95
256,137,91,96
254,135,92,98
257,136,85,94
255,134,87,97
256,132,89,100
259,129,92,104
260,129,90,104
268,128,87,103
274,128,83,101
281,128,79,99
289,129,67,95
293,128,65,94
297,127,64,94
300,126,62,94
306,124,63,93
309,123,61,90
311,122,59,86
312,122,58,83
315,121,57,80
314,120,57,80
313,119,57,79
312,118,58,78
309,116,58,76
309,116,56,75
308,115,54,73
308,114,53,72
306,111,51,71
304,110,51,70
302,109,51,69
301,107,50,69
302,106,46,68
303,106,44,67
304,106,43,66
304,105,43,67
305,104,44,68
305,102,44,70
306,102,43,69
308,103,41,67
313,105,34,62
315,106,31,61
317,107,29,60
318,108,27,59
316,109,29,60
315,109,31,61
315,110,31,61
315,111,31,61
315,114,31,61
314,116,31,62
313,117,32,62
312,118,32,63
309,121,33,64
307,122,33,65
304,123,34,65
301,125,35,66
300,125,37,68
297,127,38,68
293,128,38,69
291,129,39,70
287,131,39,71
284,132,39,71
283,132,39,71
282,133,39,72
280,132,40,74
280,131,41,75
280,130,41,76
280,129,42,76
282,128,42,77
283,127,43,78
284,126,43,79
285,125,44,80
287,123,44,81
289,122,44,81
290,121,44,82
292,120,44,83
294,119,44,84
295,119,44,85
295,119,44,85
295,118,44,86
294,117,45,89
293,116,45,90
291,116,44,90
289,116,44,91
283,116,42,90
280,116,41,90
276,116,42,90
272,117,44,91
264,118,47,93
261,119,47,92
258,121,47,92
255,122,47,91
249,124,48,90
247,125,48,89
244,125,49,90
241,126,49,89
236,126,53,91
235,126,52,91
233,126,53,91
232,127,53,91
228,128,54,89
225,128,55,89
223,128,55,88
222,128,55,87
218,128,56,86
216,127,58,87
217,127,58,87
218,128,58,85
220,129,57,83
222,128,58,83
224,127,60,84
228,127,62,83
228,129,62,81
234,131,62,78
242,134,59,73
243,134,68,78
245,136,64,74
257,141,49,64
249,146,58,58
257,149,52,55
262,152,47,51
265,156,41,47
265,159,40,47
263,162,39,47
263,164,39,43
270,168,30,45
267,171,31,47
269,174,32,46
272,181,29,41
276,185,21,37
272,185,26,37
266,179,27,45
266,171,39,57
262,169,40,62
263,167,47,65
263,166,49,66
265,167,48,63
NaN,NaN,NaN,-2
NaN,NaN,NaN,0
NaN,NaN,NaN,0
NaN,NaN,NaN,0
NaN,NaN,NaN,0
NaN,NaN,NaN,-1
207,58,48,148
208,54,50,151
206,54,54,155
205,52,59,158
203,50,64,165
201,45,68,177
204,47,63,176
200,42,71,186
195,37,82,193
192,33,89,199
188,27,99,210
187,25,105,215
187,24,109,220
187,23,114,224
187,20,125,233
186,18,133,238
183,16,142,244
181,14,151,249
173,10,166,257
168,8,173,261
163,6,180,265
157,4,185,268
148,-0,195,275
144,-3,200,279
140,-4,204,282
138,-6,206,285
138,-10,208,290
141,-11,205,290
146,-13,201,290
152,-14,195,289
165,-18,185,287
172,-20,178,284
180,-23,169,281
186,-25,161,278
195,-32,152,276
197,-36,152,276
197,-40,152,277
197,-44,152,279
194,-50,153,284
194,-52,152,285
194,-54,152,287
194,-57,151,289
193,-59,153,292
192,-60,155,295
191,-62,157,299
191,-62,158,301
192,-61,153,300
194,-59,151,299
195,-57,148,297
197,-55,146,294
200,-50,139,288
202,-47,138,285
203,-45,135,280
205,-42,134,276
205,-40,133,270
206,-37,131,265
206,-34,130,261
205,-31,128,254
202,-24,128,246
202,-21,126,243
201,-18,126,241
200,-16,125,240
199,-14,127,241
199,-12,126,241
200,-10,125,241
201,-9,124,242
202,-6,123,242
202,-6,122,241
202,-5,120,240
202,-4,118,238
201,-2,116,235
201,-1,113,231
202,1,109,228
203,3,106,225
204,7,102,221
205,9,99,219
206,11,97,217
207,13,94,215
208,18,91,211
210,20,89,210
211,22,87,209
213,24,85,207
216,28,83,205
217,29,83,204
217,31,83,204
217,32,84,204
215,33,87,205
214,33,88,205
212,33,90,205
211,34,92,206
208,35,95,208
206,35,97,209
205,36,99,210
203,36,102,211
200,37,106,212
198,37,108,213
197,37,110,214
195,37,113,215
