NaN,NaN,NaN,-1
321,191,51,46
319,190,51,46
318,189,51,46
315,188,51,46
314,187,51,46
312,186,51,46
311,185,51,46
309,184,51,46
308,183,51,46
306,182,51,46
304,181,51,46
303,180,51,46
302,179,51,46
300,178,51,46
299,177,51,46
298,176,51,46
297,175,51,46
295,174,51,46
293,173,51,46
291,172,51,46
290,171,51,46
288,170,51,46
286,169,51,46
285,168,51,46
283,166,51,46
282,165,51,46
281,163,51,46
280,161,51,46
280,159,51,46
279,157,51,46
278,154,51,46
278,152,51,46
279,151,51,46
279,149,51,46
279,145,51,46
279,142,51,46
279,140,51,46
280,138,51,46
280,135,51,46
280,133,51,46
280,131,51,46
280,130,51,46
281,128,51,46
281,127,51,46
281,125,51,46
281,124,51,46
281,122,51,46
280,121,51,46
280,120,51,46
280,119,51,46
281,118,51,46
282,116,51,46
281,115,51,46
282,115,51,46
283,114,51,46
284,113,51,46
286,113,51,46
288,113,51,46
289,113,51,46
289,113,51,46
289,113,51,46
289,113,51,46
290,112,51,46
291,111,51,46
290,111,51,46
291,111,51,46
292,110,51,46
292,110,51,46
293,110,51,46
293,109,51,46
293,108,51,46
293,108,51,46
294,107,51,46
294,106,51,46
294,105,51,46
295,104,51,46
295,104,51,46
295,103,51,46
296,102,51,46
297,101,51,46
298,100,51,46
298,100,51,46
299,99,51,46
301,99,51,46
303,98,51,46
304,97,51,46
305,96,51,46
305,95,51,46
305,95,51,46
305,94,51,46
305,94,51,46
306,93,51,46
305,93,51,46
306,92,51,46
307,91,51,46
307,91,51,46
308,90,51,46
308,89,51,46
308,89,51,46
309,88,51,46
309,88,51,46
309,88,51,46
309,87,51,46
309,88,51,46
309,88,51,46
310,88,51,46
311,88,51,46
311,88,51,46
312,89,51,46
314,89,51,46
319,91,51,46
322,90,51,46
311,90,51,46
314,91,51,46
316,91,51,46
318,91,51,46
321,92,51,46
329,94,51,46
333,94,51,46
340,95,51,46
343,94,51,46
350,94,51,46
355,94,51,46
361,95,51,46
NaN,NaN,NaN,-2
NaN,NaN,NaN,0
NaN,NaN,NaN,0
NaN,NaN,NaN,0
NaN,NaN,NaN,0
NaN,NaN,NaN,-1
304,89,55,72
304,89,55,72
304,89,55,72
304,90,55,72
303,91,55,72
304,90,55,72
303,91,55,72
303,93,55,72
303,93,55,72
303,93,55,72
303,93,55,72
304,93,55,72
304,93,55,72
303,94,55,72
303,93,55,72
304,93,55,72
304,92,55,72
304,93,55,72
305,89,55,72
305,90,55,72
305,90,55,72
304,90,55,72
303,90,55,72
303,90,55,72
303,90,55,72
303,90,55,72
303,91,55,72
304,92,55,72
304,93,55,72
303,93,55,72
301,93,55,72
300,94,55,72
299,95,55,72
299,96,55,72
299,97,55,72
299,98,55,72
299,99,55,72
299,101,55,72
298,102,55,72
298,102,55,72
297,103,55,72
297,104,55,72
296,104,55,72
295,105,55,72
294,106,55,72
294,106,55,72
293,106,55,72
294,107,55,72
294,108,55,72
293,108,55,72
293,109,55,72
292,109,55,72
291,110,55,72
290,111,55,72
290,112,55,72
289,113,55,72
288,114,55,72
287,115,55,72
287,115,55,72
287,116,55,72
286,117,55,72
286,118,55,72
287,118,55,72
287,119,55,72
286,119,55,72
285,119,55,72
284,120,55,72
284,120,55,72
284,121,55,72
284,122,55,72
284,124,55,72
284,126,55,72
281,132,55,72
279,136,55,72
280,137,55,72
280,138,55,72
279,140,55,72
279,142,55,72
277,145,55,72
278,146,55,72
279,147,55,72
278,148,55,72
278,149,55,72
278,149,55,72
277,149,55,72
276,150,55,72
276,150,55,72
276,151,55,72
275,151,55,72
275,152,55,72
275,152,55,72
275,153,55,72
274,153,55,72
273,154,55,72
272,155,55,72
272,155,55,72
271,155,55,72
