NaN,NaN,NaN,-1
327,193,57,53
323,192,57,53
320,192,57,53
318,191,57,53
316,190,57,53
315,188,57,53
313,187,57,53
311,186,57,53
309,185,57,53
307,184,57,53
305,183,57,53
303,182,57,53
302,181,57,53
300,180,57,53
298,179,57,53
296,178,57,53
295,177,57,53
293,175,57,53
291,174,57,53
289,173,57,53
287,172,57,53
285,171,57,53
282,169,57,53
281,168,57,53
279,166,57,53
278,165,57,53
277,163,57,53
276,160,57,53
275,158,57,53
274,157,57,53
273,155,57,53
272,153,57,53
273,152,57,53
274,147,57,53
275,145,57,53
275,142,57,53
276,143,57,53
278,142,57,53
278,142,57,53
281,143,57,53
284,145,57,53
287,146,57,53
291,148,57,53
295,149,57,53
300,150,57,53
305,151,57,53
311,152,57,53
316,152,57,53
321,153,57,53
325,154,57,53
331,155,57,53
337,157,57,53
NaN,NaN,NaN,-2
NaN,NaN,NaN,0
NaN,NaN,NaN,0
NaN,NaN,NaN,0
NaN,NaN,NaN,0
NaN,NaN,NaN,-1
283,101,68,64
283,101,68,64
284,100,68,64
284,100,68,64
283,100,68,64
285,99,68,64
286,100,68,64
285,99,68,64
286,98,68,64
287,98,68,64
288,97,68,64
288,95,68,64
289,94,68,64
290,93,68,64
291,93,68,64
292,92,68,64
293,91,68,64
294,89,68,64
295,89,68,64
295,89,68,64
296,88,68,64
296,87,68,64
298,84,68,64
299,83,68,64
300,84,68,64
302,83,68,64
303,82,68,64
305,80,68,64
306,78,68,64
307,76,68,64
310,77,68,64
312,76,68,64
314,75,68,64
316,73,68,64
317,73,68,64
319,74,68,64
320,73,68,64
319,72,68,64
320,72,68,64
321,71,68,64
322,70,68,64
324,70,68,64
324,69,68,64
325,69,68,64
327,68,68,64
328,68,68,64
330,68,68,64
332,68,68,64
342,68,68,64
348,69,68,64
352,68,68,64
357,68,68,64
NaN,NaN,NaN,-2
NaN,NaN,NaN,0
NaN,NaN,NaN,0
NaN,NaN,NaN,0
NaN,NaN,NaN,0
NaN,NaN,NaN,-1
317,87,56,70
322,87,56,70
327,87,56,70
332,87,56,70
335,86,56,70
339,85,56,70
345,85,56,70
352,86,56,70
357,87,56,70
361,86,56,70
NaN,NaN,NaN,-2
NaN,NaN,NaN,0
NaN,NaN,NaN,0
NaN,NaN,NaN,0
NaN,NaN,NaN,0
NaN,NaN,NaN,-1
311,89,63,83
312,89,63,83
312,92,63,83
308,89,63,83
309,93,63,83
308,92,63,83
307,92,63,83
307,92,63,83
308,92,63,83
308,93,63,83
308,94,63,83
308,94,63,83
308,94,63,83
308,94,63,83
309,95,63,83
311,95,63,83
312,95,63,83
312,96,63,83
312,98,63,83
312,100,63,83
312,101,63,83
313,101,63,83
314,101,63,83
315,101,63,83
318,101,63,83
322,100,63,83
324,100,63,83
330,96,63,83
335,94,63,83
339,92,63,83
343,90,63,83
348,88,63,83
352,88,63,83
357,86,63,83
NaN,NaN,NaN,-2
NaN,NaN,NaN,0
NaN,NaN,NaN,0
NaN,NaN,NaN,0
NaN,NaN,NaN,0
NaN,NaN,NaN,-1
286,122,81,70
285,123,81,70
285,123,81,70
283,123,81,70
284,123,81,70
284,124,81,70
282,124,81,70
282,124,81,70
282,125,81,70
281,126,81,70
281,127,81,70
282,126,81,70
283,127,81,70
284,129,81,70
283,130,81,70
283,129,81,70
283,130,81,70
285,132,81,70
286,133,81,70
288,134,81,70
291,135,81,70
294,133,81,70
299,133,81,70
303,131,81,70
307,131,81,70
311,129,81,70
315,127,81,70
319,126,81,70
323,125,81,70
327,125,81,70
332,123,81,70
336,121,81,70
NaN,NaN,NaN,-2
NaN,NaN,NaN,0
NaN,NaN,NaN,0
NaN,NaN,NaN,0
NaN,NaN,NaN,0
NaN,NaN,NaN,-1
266,173,78,58
266,173,78,58
266,173,78,58
265,173,78,58
264,173,78,58
263,173,78,58
263,173,78,58
263,174,78,58
262,175,78,58
262,175,78,58
262,175,78,58
261,175,78,58
260,176,78,58
260,176,78,58
259,177,78,58
258,177,78,58
257,178,78,58
