NaN,NaN,NaN,-1
326,184,57,54
324,183,57,54
323,182,57,54
321,181,57,54
319,181,57,54
316,181,57,54
315,179,57,54
313,178,57,54
312,177,57,54
309,176,57,54
308,175,57,54
306,174,57,54
305,173,57,54
304,172,57,54
302,171,57,54
302,170,57,54
300,169,57,54
299,168,57,54
297,166,57,54
295,165,57,54
294,164,57,54
292,163,57,54
290,162,57,54
290,161,57,54
288,159,57,54
288,158,57,54
287,157,57,54
286,155,57,54
286,151,57,54
286,148,57,54
286,146,57,54
286,144,57,54
286,142,57,54
285,139,57,54
286,137,57,54
286,135,57,54
286,132,57,54
286,130,57,54
286,128,57,54
286,126,57,54
286,125,57,54
287,124,57,54
287,122,57,54
287,121,57,54
287,119,57,54
287,117,57,54
288,116,57,54
286,115,57,54
286,114,57,54
286,113,57,54
287,112,57,54
288,111,57,54
288,110,57,54
288,109,57,54
290,108,57,54
291,108,57,54
292,108,57,54
294,107,57,54
294,106,57,54
294,105,57,54
294,104,57,54
293,103,57,54
294,103,57,54
295,102,57,54
295,100,57,54
296,100,57,54
296,99,57,54
296,99,57,54
297,99,57,54
298,98,57,54
298,97,57,54
298,97,57,54
299,96,57,54
300,95,57,54
301,94,57,54
302,93,57,54
303,92,57,54
303,91,57,54
304,90,57,54
305,89,57,54
306,87,57,54
307,86,57,54
308,86,57,54
309,86,57,54
310,84,57,54
311,84,57,54
312,84,57,54
313,84,57,54
315,84,57,54
316,83,57,54
316,84,57,54
316,83,57,54
316,82,57,54
316,81,57,54
316,81,57,54
315,81,57,54
316,80,57,54
317,80,57,54
316,79,57,54
316,77,57,54
316,77,57,54
318,76,57,54
319,76,57,54
318,77,57,54
318,76,57,54
318,75,57,54
319,75,57,54
320,75,57,54
320,75,57,54
322,76,57,54
324,76,57,54
321,77,57,54
323,76,57,54
324,78,57,54
321,77,57,54
323,77,57,54
324,76,57,54
324,76,57,54
326,77,57,54
325,76,57,54
325,76,57,54
326,76,57,54
317,81,57,54
315,81,57,54
316,83,57,54
317,84,57,54
316,85,57,54
316,85,57,54
316,85,57,54
318,85,57,54
319,85,57,54
320,84,57,54
322,86,57,54
313,90,57,54
312,90,57,54
311,91,57,54
310,91,57,54
309,92,57,54
309,93,57,54
309,93,57,54
309,94,57,54
309,94,57,54
310,95,57,54
309,95,57,54
310,95,57,54
310,95,57,54
312,94,57,54
314,93,57,54
316,95,57,54
319,94,57,54
321,96,57,54
323,96,57,54
326,96,57,54
330,95,57,54
334,94,57,54
338,93,57,54
342,91,57,54
347,90,57,54
351,89,57,54
356,87,57,54
360,86,57,54
NaN,NaN,NaN,-2
NaN,NaN,NaN,0
NaN,NaN,NaN,0
NaN,NaN,NaN,0
NaN,NaN,NaN,0
NaN,NaN,NaN,-1
290,101,82,73
299,101,82,73
300,98,82,73
307,95,82,73
311,93,82,73
316,92,82,73
321,91,82,73
326,89,82,73
331,87,82,73
337,84,82,73
341,83,82,73
345,80,82,73
349,79,82,73
NaN,NaN,NaN,-2
NaN,NaN,NaN,0
NaN,NaN,NaN,0
NaN,NaN,NaN,0
NaN,NaN,NaN,0
NaN,NaN,NaN,-1
278,124,84,64
277,126,84,64
263,125,84,64
262,127,84,64
261,127,84,64
262,128,84,64
263,129,84,64
264,129,84,64
266,129,84,64
266,130,84,64
266,131,84,64
265,132,84,64
264,134,84,64
263,136,84,64
262,138,84,64
261,140,84,64
259,142,84,64
259,144,84,64
260,144,84,64
260,144,84,64
258,146,84,64
257,148,84,64
258,149,84,64
257,150,84,64
258,151,84,64
258,151,84,64
257,152,84,64
257,152,84,64
256,152,84,64
255,154,84,64
254,154,84,64
254,155,84,64
254,156,84,64
253,157,84,64
253,158,84,64
252,159,84,64
252,159,84,64
251,160,84,64
250,160,84,64
249,161,84,64
248,161,84,64
