NaN,NaN,NaN,-1
82.867,92.4,35.2,49.133
82.133,88.733,43.267,55
91.667,84.333,39.6,61.6
96.8,84.333,37.4,63.067
105.6,86.533,35.2,60.133
112.93,89.467,35.2,56.467
118.8,93.133,33,52.067
116.6,91.667,39.6,53.533
119.53,90.933,41.8,56.467
123.93,88.733,42.533,68.933
129.07,88.733,42.533,68.933
136.4,89.467,41.067,66.733
138.6,90.933,45.467,60.133
139.33,91.667,52.067,64.533
167.93,91.667,29.333,63.067
172.33,100.47,31.533,52.8
176,104.13,34.467,47.667
181.87,104.13,33.733,48.4
181.87,102.67,38.867,47.667
192.13,100.47,33,51.333
192.13,100.47,37.4,51.333
195.8,99.733,34.51,52.8
204.6,106.33,25.667,45.467
201.67,105.6,27.867,45.467
200.2,104.87,27.867,45.467
196.53,104.13,28.6,46.2
191.4,103.4,30.067,48.4
185.53,102.67,30.8,48.4
178.93,101.93,30.8,49.133
171.6,101.93,30.8,49.867
164.27,103.4,29.333,49.867
154,104.13,29.333,50.6
141.53,105.6,30.8,49.867
131.27,106.33,30.067,51.333
122.47,106.33,30.067,51.333
113.67,104.87,33,52.067
110,103.4,32.267,51.875
106.33,101.93,33,53.533
105.6,101.93,32.267,54.267
105.6,102.67,33,55.733
107.8,104.13,33.733,58.667
112.2,106.33,33.733,56.467
117.33,106.33,34.467,56.467
120.27,105.6,37.4,55
126.87,105.6,37.4,55.733
133.47,105.6,37.4,57.933
139.33,106.33,39.6,60.867
162.8,107.07,26.4,62.333
172.33,107.07,26.4,51.333
181.13,107.07,26.4,51.333
191.4,109.28,26.4,49.122
200.1,110,24.297,47.667
208.27,111.47,22.733,49.867
211.2,112.93,22.733,49.133
209,113.67,24.933,49.867
205.33,114.4,24.933,49.133
198.73,114.4,24.933,49.867
189.93,113.67,25.667,49.867
178.2,112.2,26.4,50.6
164.27,111.47,27.133,49.867
150.33,110,27.867,49.867
137.13,110,27.867,51.333
123.93,108.53,27.867,51.333
115.87,104.13,29.333,60.133
107.07,106.33,30.8,60.133
100.47,107.8,30.8,60.867
102.67,110.73,23.467,59.4
98.267,113.67,27.133,58.667
96.067,113.67,30.067,58.667
93.133,112.2,34.467,60.133
90.933,112.93,36.667,59.4
90.933,112.2,37.4,60.133
90.2,112.93,38.867,60.133
92.4,114.4,37.4,59.4
94.6,115.87,35.2,58.667
96.8,115.87,33,58.667
103.4,115.13,27.133,57.933
112.93,112.2,23.84,58.667
123.2,107.8,23.467,60.133
132.73,103.4,25.667,60.867
136.4,104.52,31.533,55.342
154.73,105.6,27.133,51.333
170.13,105.6,27.867,51.333
184.8,108.53,29.333,51.333
197.27,112.2,30.067,52.067
205.33,117.33,30.067,50.6
209,121,30.067,49.867
209.73,121.73,30.8,49.867
207.53,123.2,31.533,48.4
205.33,122.47,30.8,48.4
203.13,121.73,30.8,48.4
200.2,121.73,30.067,48.4
196.53,123.2,29.333,48.4
192.13,126.87,29.333,47.667
184.8,130.53,28.6,48.4
176,132,29.333,49.133
164.27,129.07,29.333,49.867
149.6,124.67,30.8,46.933
135.67,120.27,31.533,44.733
115.96,116.6,33.64,49.133
93.867,115.13,39.6,56.467
79.933,121,40.333,57.933
82.133,123.93,30.8,57.933
75.533,124.67,33.733,57.2
67.467,123.93,34.467,62.333
61.6,123.93,33.733,61.6
53.533,133.47,38.133,52.8
47.667,134.2,41.067,54.267
39.6,137.13,44,53.533
30.8,134.93,33,54.267
24.933,133.47,38.133,46.933
16.867,124.67,41.067,47.667
9.5333,123.93,42.533,51.333
8.8,119.53,35.933,60.867
5.8667,112.2,38.867,70.4
1.4667,110,52.8,61.6
5.8667,133.47,57.2,43.267
26.4,133.47,41.8,44.733
32.267,129.07,39.6,50.6
37.4,126.87,38.867,44.733
42.533,126.13,38.133,44
46.2,125.4,38.867,42.533
46.2,118.8,39.6,47.667
50.6,121,38.867,44.733
56.467,121.73,35.933,47.667
62.801,121.73,34.733,49.133
71.133,121.73,34.467,47.667
79.2,118.8,33.733,51.333
85.067,118.07,35.933,46.2
92.4,110,35.2,44.733
100.47,102.67,34.467,42.533
106.33,94.6,33.733,41.8
109.27,88,32.267,44.733
108.53,85.067,32.267,48.4
104.13,86.533,33.733,49.133
95.333,88,36.477,50.6
86.533,89.467,39.6,49.867
77.733,91.667,43.267,50.6
82.867,92.4,33.733,54.267
76.267,91.667,36.667,53.533
72.6,90.2,36.667,53.533
70.4,89.467,36.667,51.333
70.4,85.067,37.4,55.733
71.867,85.067,37.4,55.733
74.067,85.8,37.4,54.267
76.267,85.8,38.867,55
82.133,84.333,38.133,57.933
88.733,100.47,38.133,48.4
97.533,100.47,37.4,50.6
105.6,101.93,38.133,49.867
115.13,100.47,37.4,48.4
123.93,99,36.667,48.4
129.8,98.267,33,46.933
136.4,102.67,30.8,49.133
136.4,109.27,33,41.8
136.4,109.27,32.267,42.533
134.93,109.27,30.8,41.067
130.53,110.73,31.533,42.533
126.13,111.47,32.267,41.8
122.47,110.73,31.533,42.533
118.8,107.8,31.533,42.533
117.33,106.33,32.267,41.8
118.8,105.6,32.267,42.533
121.73,106.33,32.267,42.533
125.4,107.07,33,42.533
132.73,107.8,32.267,43.267
139.33,107.07,33.733,46.933
147.4,106.33,33,46.933
154,105.6,34.467,46.2
160.6,104.87,35.933,44.733
167.2,104.13,32.267,46.933
