NaN,NaN,NaN,-1
151.02,56.596,74.8,95.058
148.32,60.987,71.683,91.942
141.38,66.867,68.567,87.267
136.99,65.237,71.683,91.942
140.18,77.138,63.892,79.475
137.42,74.304,62.333,79.475
137.63,77.492,57.658,71.683
139.05,73.1,57.658,74.8
138.97,73.1,59.217,74.8
139.19,83.371,54.542,67.008
132.17,80.467,52.983,68.567
117.65,71.612,60.775,76.358
112.13,74.517,57.658,74.8
110.85,77.492,54.542,71.683
109.22,79.121,59.217,67.008
112.13,82.025,57.658,65.45
110.57,82.025,60.775,65.45
112.06,86.487,59.217,60.775
115.17,90.808,52.983,59.217
121.2,99.662,45.192,51.425
122.82,106.53,40.517,56.1
124.24,106.39,40.517,59.217
125.66,106.25,40.517,62.333
129.62,112.91,46.75,71.683
128.07,105.4,49.867,81.033
122.26,97.892,52.983,90.383
120.35,84.362,63.892,107.53
114.11,71.117,76.358,118.43
113.9,61.058,81.033,121.55
116.66,56.808,82.592,121.55
114.82,53.833,91.942,124.67
114.75,52.417,93.5,124.67
114.4,47.812,101.29,132.46
114.25,47.671,104.41,135.57
111.21,49.087,109.08,135.58
111.28,52.062,107.53,132.46
112.98,53.621,101.29,129.34
110.15,53.762,101.29,126.23
111.99,55.392,91.942,121.55
110.71,57.021,88.825,116.88
112.34,64.317,84.15,112.2
112.34,72.887,84.15,110.64
112.84,89.037,73.242,98.175
116.24,100.94,60.775,85.708
117.8,106.6,57.658,85.708
119.42,106.6,52.983,85.708
123.82,103.77,49.867,85.708
116.66,98.033,51.425,87.267
115.1,93.5,54.542,93.5
112.06,85.142,59.217,90.383
115.03,85.354,56.1,85.708
117.8,82.592,57.658,84.15
119.14,80.892,59.217,90.383
119.07,82.167,60.775,93.5
121.9,86.275,60.775,96.617
126.3,90.242,57.658,102.85
130.62,94.421,56.1,104.41
134.87,103.27,56.1,96.617
134.58,98.883,62.333,99.733
134.37,88.683,67.008,105.97
134.09,80.467,73.242,99.733
135.43,76.075,74.8,102.85
132.39,74.871,79.475,98.175
133.8,71.825,79.475,102.85
130.69,75.933,85.708,105.97
126.44,74.304,85.708,110.64
122.05,75.862,88.825,107.53
118.93,75.721,95.058,110.64
115.88,80.112,99.733,107.53
116.02,78.696,96.617,107.52
116.1,77.421,95.058,104.41
117.58,76.146,93.5,101.29
119.07,76.146,91.942,101.29
123.67,80.396,84.15,101.29
128.07,87.762,81.033,95.058
130.9,87.196,81.033,107.52
125.16,78.412,82.592,113.76
125.16,78.271,82.592,116.88
125.09,79.546,84.15,119.99
122.33,78.129,82.592,119.99
119.64,75.296,79.475,119.99
118.43,72.533,74.8,118.43
118.43,69.7,74.8,118.43
119.92,68.283,73.242,118.43
119.92,73.35,73.242,116.09
118.57,78.342,71.683,115.32
118.57,81.104,71.683,116.88
123.25,85.354,62.333,116.88
127.64,89.604,59.217,116.88
127.43,88.117,63.892,118.43
128.78,82.379,65.45,119.99
128.63,73.879,68.567,119.99
131.4,66.725,70.125,121.55
134.09,63.892,73.242,121.55
133.88,61.2,77.917,118.43
133.88,62.617,77.917,118.43
132.32,65.379,81.033,119.99
133.8,66.867,79.475,118.43
136.64,68.354,79.475,116.88
139.68,69.842,74.8,115.32
139.68,67.008,74.8,115.32
141.24,68.567,71.683,112.2
144.22,68.708,68.567,109.08
142.87,68.779,67.008,107.53
142.87,67.362,67.008,107.53
139.9,68.85,70.125,105.97
134.09,73.1,73.242,105.97
131.25,75.933,73.242,105.97
120.98,75.862,81.033,107.53
119.71,78.696,77.917,107.52
118.43,80.042,74.8,109.08
117.16,78.625,71.683,109.08
118.57,74.375,71.683,109.08
119.92,70.054,73.242,110.64
119.92,68.567,73.242,112.2
119.92,68.496,73.242,113.76
119.92,70.054,73.242,110.64
118.5,69.983,73.242,112.2
119.85,72.817,74.8,112.2
121.27,77.137,74.8,110.64
121.2,76.996,76.358,113.76
122.54,75.579,77.917,113.76
126.93,72.746,74.8,113.76
128.35,69.842,74.8,115.32
128.28,67.008,76.358,115.32
131.04,64.175,77.917,115.32
133.73,62.758,81.033,115.32
136.5,61.271,82.592,116.88
137.91,58.225,82.592,121.55
139.33,61.058,82.592,121.55
137.7,62.475,87.267,121.55
139.12,64.033,87.267,118.43
139.05,61.058,88.825,121.55
136.21,61.058,88.825,121.55
134.8,56.667,88.825,124.67
134.87,53.904,87.267,123.11
134.8,51.142,88.825,121.55
134.72,49.725,90.383,121.55
133.31,49.937,90.383,116.88
131.89,48.379,90.383,119.99
127.71,46.892,88.825,121.55
124.74,48.308,91.942,121.55
121.97,52.629,90.383,119.99
117.58,53.975,93.5,121.55
110.29,55.533,98.175,118.43
108.94,54.187,96.617,116.88
107.52,48.521,96.617,116.88
100.16,44.271,102.85,116.88
95.837,42.925,104.41,115.32
100.3,44.412,99.733,113.76
94.562,41.367,101.29,118.43
97.467,44.342,99.733,115.32
101.86,44.2,96.617,118.43
104.9,49.867,91.942,118.43
106.25,54.153,93.5,117.64
107.67,55.604,93.5,116.88
107.52,57.021,96.617,116.88
108.87,54.046,98.175,119.99
107.38,49.654,99.733,123.11
105.9,43.704,101.29,129.34
105.75,37.187,104.41,116.88
104.27,32.654,105.97,123.11
130.55,32.725,88.825,121.55
127.64,32.725,90.383,121.55
127.71,34.142,88.825,121.55
126.22,36.975,90.383,121.55
126.44,44.342,85.708,115.32
124.95,47.175,87.267,115.32
124.95,51.637,87.267,110.64
124.81,54.754,90.383,104.41
123.39,53.479,90.383,101.29
124.88,50.787,88.825,98.175
127.85,45.05,85.708,99.733
126.44,42.287,85.708,98.175
129.48,40.942,81.033,96.617
128.07,41.083,81.033,93.5
126.65,41.012,81.033,95.058
129.62,42.429,77.917,95.058
131.04,43.775,77.917,96.617
132.46,45.192,77.917,96.617
132.53,49.654,76.358,91.942
131.18,53.975,74.8,90.383
128.28,55.321,76.358,91.942
123.89,56.667,79.475,93.5
121.12,56.737,77.917,91.942
116.73,55.392,81.033,90.383
115.39,54.046,79.475,88.825
112.55,52.629,79.475,88.825
109.72,51.142,79.475,90.383
107.03,48.167,76.358,93.5
109.86,49.654,76.358,91.942
111.39,51.142,74.015,90.372
111.35,51.071,74.8,91.942
115.67,49.796,73.242,88.825
121.27,44.058,74.8,90.383
124.03,39.667,76.358,93.5
125.59,36.833,73.242,93.5
124.03,31.025,76.358,96.617
131.04,20.683,77.917,105.97
136.71,27.837,77.917,104.41
141.1,29.183,74.8,105.97
142.3,30.458,79.475,109.08
145.07,31.875,81.033,109.08
143.51,33.362,84.15,107.53
147.9,36.337,81.033,104.41
152.29,36.267,77.917,105.97
150.73,36.196,81.033,107.52
149.03,40.375,87.267,109.08
150.45,44.767,87.267,105.97
151.87,46.183,87.267,105.97
150.31,46.042,90.383,109.08
150.24,45.9,91.942,112.2
148.82,44.483,91.942,112.2
143.15,41.508,91.942,115.32
140.32,42.925,91.942,115.32
137.56,43.067,90.383,112.2
136.21,42.996,88.825,113.76
132.03,40.021,87.267,116.88
129.13,37.046,88.825,119.99
127.78,38.604,87.267,116.88
124.95,38.604,87.267,116.88
124.81,40.021,90.383,116.88
126.08,42.712,93.5,119.99
127.43,43.917,95.058,124.67
130.19,45.192,96.617,127.78
131.4,45.05,101.29,130.9
132.53,44.908,107.53,134.02
142.73,51,101.29,124.67
149.88,48.025,99.733,127.78
149.74,48.025,102.85,127.78
151.16,48.096,102.85,126.22
152.43,46.75,105.97,124.67
150.8,48.308,110.64,121.55
146.34,49.654,115.32,123.11
139.19,51.071,116.87,123.11
167.66,53.975,82.592,121.55
164.83,56.95,82.592,118.43
164.9,60.067,81.033,112.2
163.48,61.554,81.033,110.64
164.97,61.767,79.475,105.97
164.97,60.279,79.475,107.53
163.48,58.508,81.033,115.32
167.8,58.579,79.475,113.76
170.64,57.021,79.475,116.88
172.12,56.95,77.917,118.43
176.38,59.783,77.917,118.43
177.93,61.129,74.8,119.99
176.38,60.846,77.917,126.22
176.3,59.217,79.475,130.9
174.82,59.287,81.033,129.34
170.57,58.012,81.033,126.23
167.66,53.125,82.592,109.08
164.76,48.804,84.15,110.64
161.93,44.412,84.15,113.76
160.44,40.092,85.708,115.32
159.09,35.629,84.15,119.99
159.02,31.167,85.708,124.67
157.6,34,85.708,124.67
157.68,39.525,84.15,127.78
156.26,45.05,84.15,130.9
154.77,50.787,85.708,129.34
156.12,53.267,87.267,105.97
157.39,51.779,90.383,107.53
158.74,47.246,91.942,113.76
160.08,41.437,93.5,116.88
158.45,35.771,98.175,116.88
161.36,33.221,96.617,110.64
159.87,31.875,98.175,109.08
158.45,30.529,98.175,107.53
155.62,32.087,98.175,104.41
157.11,33.504,96.617,104.41
154.2,39.383,98.175,99.733
152.65,42.217,101.29,99.733
149.67,43.633,104.41,99.733
145.42,43.633,104.41,99.733
139.75,40.729,104.41,101.29
134.09,39.242,104.41,102.85
128.35,36.337,105.97,104.41
122.68,29.042,105.97,109.08
114.32,26.421,102.85,104.41
109.44,25.075,116.88,102.85
106.18,26.562,126.23,101.29
102.92,27.908,135.57,102.85
101.43,30.529,105.97,107.53
99.875,34.496,109.08,113.76
98.387,40.162,110.64,113.76
98.387,41.437,110.64,116.88
101.29,41.367,109.08,118.43
108.52,41.367,105.97,118.43
112.77,39.95,105.97,118.43
119.85,38.462,105.97,119.99
125.37,37.117,109.08,118.43
126.79,37.046,109.08,119.99
126.86,35.558,107.52,121.55
124.03,35.7,107.53,118.43
119.78,34.142,107.53,121.55
115.6,35.558,105.97,121.55
114.4,35.346,101.29,126.22
105.9,36.762,101.29,126.23
97.396,30.883,101.29,130.9
90.312,22.171,101.29,135.57
86.133,13.6,99.733,137.13
79.05,7.8625,99.733,138.69
74.871,3.2583,98.175,146.48
73.383,4.25,99.733,124.67
71.896,7.0833,101.29,124.67
71.896,12.679,101.29,126.23
71.967,18.417,99.733,124.67
67.575,25.571,102.85,123.11
64.954,28.404,98.175,123.11
59.287,29.821,98.175,123.11
53.621,29.892,98.175,121.55
46.396,31.45,101.29,118.43
40.8,27.271,99.733,116.88
40.8,23.021,99.733,116.88
40.871,18.786,98.175,116.53
42.217,20.329,99.733,113.76
46.467,23.375,99.733,109.08
52.062,27.625,101.29,109.08
50.504,30.458,104.41,109.08
50.433,33.292,105.97,109.08
54.683,34.708,105.97,109.08
55.958,37.683,109.08,105.97
61.483,37.542,112.2,109.08
67.079,34.708,113.76,109.08
69.771,28.971,116.88,110.64
75.154,20.4,123.11,112.2
92.721,13.104,110.64,116.88
101.79,5.7375,98.175,123.11
110.29,6.9417,98.175,127.78
114.47,9.7042,99.733,129.34
115.95,12.537,98.175,129.34
117.37,13.954,98.175,129.34
117.16,15.442,102.85,127.78
120.06,15.229,101.29,132.46
118.65,15.3,101.29,130.9
115.67,12.396,104.41,132.46
117.02,19.975,105.97,121.55
117.09,16.929,104.41,126.23
115.6,13.883,105.97,130.9
116.95,18.204,107.52,129.34
115.53,23.942,107.53,127.78
115.53,26.35,107.53,105.97
114.96,27.908,119.99,102.85
113.47,27.767,121.55,105.97
115.81,27.767,101.29,105.97
114.4,27.767,101.29,105.97
117.37,27.837,98.175,104.41
121.76,23.729,95.058,101.29
123.11,19.621,96.617,98.175
128.99,18.275,91.942,96.617
125.8,18.275,99.733,96.617
119.64,25.429,110.64,95.058
109.22,34,121.55,93.5
100.44,39.596,127.78,95.058
134.72,45.333,90.383,93.5
134.72,48.167,90.383,93.5
130.47,43.987,90.383,91.942
130.55,38.25,88.825,93.5
134.8,34.142,88.825,90.383
140.46,31.45,88.825,87.267
146.2,32.867,87.267,87.267
146.34,35.629,84.15,88.825
146.41,41.437,82.592,85.708
143.72,44.271,79.475,85.708
136.64,47.104,79.475,85.708
132.39,45.687,79.475,85.708
125.3,45.687,79.475,85.708
112.34,38.533,84.15,87.267
108.09,35.771,84.15,85.708
106.67,28.617,84.15,87.267
110.92,27.2,84.15,87.267
110.85,28.617,85.708,87.267
109.44,31.45,85.708,87.267
109.44,32.796,85.708,88.825
109.37,38.675,87.267,84.15
107.88,37.117,88.825,87.267
106.53,36.975,87.267,90.383
103.63,40.021,88.825,85.708
102.35,40.233,85.708,81.033
103.7,35.842,87.267,84.15
108.09,33.008,84.15,84.15
115.32,31.592,81.033,84.15
122.12,29.892,87.267,90.383
127.85,31.167,85.708,93.5
133.59,34.142,84.15,90.383
136.07,29.821,91.942,91.942
135.86,26.917,96.617,93.5
129.84,25.429,104.41,95.058
129.77,25.571,105.97,91.942
129.7,24.154,107.53,91.942
128.21,22.879,109.08,88.825
128.21,18.629,109.08,88.825
134.16,17.212,102.85,88.825
129.77,18.7,105.97,87.267
128.35,23.162,105.97,82.592
160.93,30.175,74.8,84.15
158.1,37.329,74.8,82.592
155.48,41.437,70.125,85.708
154.2,42.783,67.008,87.267
147.05,41.437,68.567,85.708
141.24,35.7,71.683,87.267
139.75,31.45,73.242,87.267
143.93,30.246,74.8,82.592
145.35,30.317,74.8,81.033
151.23,31.592,70.125,84.15
149.81,34.425,70.125,84.15
151.16,35.7,71.683,87.267
155.68,38.533,65.462,87.267
152.65,40.021,70.125,85.708
152.57,42.429,71.683,95.058
155.48,43.917,70.125,93.5
158.38,49.937,68.567,85.708
162.63,42.712,68.567,88.825
164.17,39.596,65.475,95.058
167.03,42.5,65.45,93.5
171.28,46.821,65.45,91.942
169.93,52.629,63.892,88.825
166.88,55.037,68.567,98.175
164.19,59.429,65.45,95.058
159.8,60.846,68.567,95.058
158.45,60.917,67.008,93.5
158.67,59.5,62.333,93.5
154.35,53.692,63.892,96.617
151.8,53.833,57.658,93.5
143.08,51,62.333,93.5
143.15,49.654,60.775,91.942
137.35,45.262,63.892,95.058
134.37,36.762,67.008,95.058
132.95,36.833,67.008,93.5
131.61,41.083,65.45,93.5
131.68,43.917,63.892,93.5
131.61,45.333,65.45,93.5
128.78,43.633,65.45,99.733
127.43,47.219,63.892,100.43
127.5,46.325,62.333,102.85
124.6,46.325,63.892,102.85
125.87,44.908,67.008,102.85
128.49,44.837,71.683,104.41
134.09,46.183,73.242,105.97
136.78,46.183,76.358,105.97
137.91,46.112,82.592,107.53
136.28,44.625,87.267,109.08
137.7,47.529,87.267,107.53
127.43,50.433,95.058,105.97
122.9,50.575,101.29,102.85
124.24,47.742,102.85,102.85
137.77,49.371,85.708,98.175
133.45,49.371,87.267,98.175
124.94,49.725,87.424,90.383
119.28,47.033,87.267,87.267
119.21,48.804,88.825,79.475
114.75,53.125,93.5,77.917
111.92,56.242,93.5,71.683
108.94,60.924,96.617,62.173
104.62,75.792,98.175,46.75
105.9,79.719,101.29,43.413
104.2,81.671,107.52,42.075
104.12,81.671,109.08,42.075
101.01,83.088,115.32,42.075
166.39,84.504,48.308,42.075
168.02,83.017,43.633,43.633
166.53,83.017,45.192,43.633
165.11,83.017,45.192,43.633
162.35,84.433,43.633,43.633
159.45,82.946,45.192,45.192
158.17,78.625,42.075,46.75
156.75,80.254,42.075,42.075
151.09,75.508,42.075,52.983
149.74,75.579,40.517,51.425
148.4,78.412,38.958,51.425
147.05,76.925,37.4,52.983
139.54,78.554,46.75,48.308
138.2,77.067,45.192,49.867
135.15,79.021,49.867,53.756
135.08,70.936,51.425,60.078
139.33,69.558,51.425,59.217
140.75,66.512,51.425,63.892
143.72,66.583,48.308,62.333
145.07,63.537,49.867,67.008
146.48,62.121,49.867,67.008
145,63.467,51.425,68.567
142.23,63.537,49.867,67.008
142.23,60.704,49.867,67.008
142.16,59.217,51.425,68.567
142.16,57.729,51.425,70.125
142.02,57.517,54.542,74.8
144.85,55.958,54.542,77.917
144.64,56.1,59.217,74.8
147.33,53.125,62.333,77.917
145.63,51.814,68.567,75.592
145.28,51.779,76.358,76.358
142.45,47.387,76.358,79.475
140.89,45.971,79.475,79.475
137.91,47.317,82.592,81.033
136.5,47.246,82.592,82.592
134.87,48.662,87.267,82.592
132.17,47.175,84.15,84.15
134.87,47.104,87.267,85.708
134.87,44.342,87.267,84.15
139.26,41.367,84.15,87.267
143.72,35.558,79.475,90.383
146.7,33.929,76.358,95.058
152.57,33.787,71.683,98.175
156.9,34.573,70.125,98.836
158.38,36.621,68.567,98.175
162.49,36.55,71.683,99.733
165.47,35.133,68.567,99.733
165.47,31.025,68.567,96.617
166.81,28.192,70.125,96.617
168.23,26.775,70.125,96.617
172.41,25.358,71.683,96.617
170.85,29.679,74.8,95.058
169.43,32.371,74.8,98.175
166.46,29.042,77.917,109.08
159.23,31.804,81.033,110.64
153.21,36.337,88.825,104.41
147.4,33.221,91.942,110.64
138.55,30.246,99.733,113.76
136.92,30.246,104.41,113.76
135.79,36.337,98.175,104.41
133.38,32.087,88.825,104.41
134.51,32.017,95.058,105.97
137.27,31.875,96.617,109.08
141.45,33.362,98.175,107.53
147.69,37.612,54.542,107.53
149.1,40.517,54.542,105.97
150.52,41.792,54.542,109.08
156.26,46.042,52.983,109.08
156.05,45.9,57.658,112.2
158.88,42.996,57.658,113.76
155.62,35.842,67.008,115.32
157.11,29.962,65.45,119.99
155.48,31.521,70.125,116.88
158.24,31.45,71.683,118.43
161.29,34.142,67.008,121.55
159.8,39.95,68.567,118.43
158.31,38.533,70.125,118.43
156.97,37.046,68.567,119.99
154.13,34.354,68.567,116.88
149.67,22.596,73.242,126.22
149.46,19.762,77.917,126.23
146.34,15.583,84.15,124.67
145.14,23.021,79.475,116.88
139.4,21.321,81.033,123.11
133.73,18.275,81.033,127.78
130.19,18.133,96.617,130.9
131.54,15.158,98.175,134.02
124.03,37.471,76.358,110.64
133.03,39.029,65.45,107.53
133.24,40.517,60.775,105.97
131.89,40.764,59.217,100.52
134.72,37.967,59.217,99.733
136.28,34.921,56.1,104.41
137.7,36.267,56.1,105.97
140.6,41.862,54.542,107.53
140.53,47.6,56.1,105.97
139.12,50.433,56.1,105.97
140.46,53.267,57.658,105.97
137.63,50.398,57.658,106.74
139.05,44.554,57.658,110.64
141.81,37.542,59.217,109.08
146.05,30.175,59.223,115.32
147.33,32.867,62.333,118.43
150.38,37.117,57.658,118.43
142.87,42.783,67.008,118.43
141.45,44.2,67.008,118.43
141.53,47.175,65.45,115.32
140.11,50.008,65.45,115.32
140.18,48.379,63.892,119.99
140.04,49.937,67.008,116.88
142.94,50.079,65.45,113.76
144.36,50.065,65.45,114.07
138.76,50.221,63.892,110.64
135.86,50.15,65.45,112.2
136.67,50.15,61.629,112.2
131.82,50.15,60.775,112.2
126.22,48.662,59.217,113.76
121.9,47.246,60.775,113.76
117.65,47.246,60.775,113.76
111.92,47.246,62.333,113.76
116.31,45.829,59.217,113.76
117.65,42.996,60.775,113.76
117.51,38.817,63.892,112.2
121.69,38.817,65.45,112.2
124.52,43.137,65.45,110.64
128.85,48.804,63.892,110.64
131.61,54.542,65.45,109.08
137.28,55.817,65.45,112.2
142.87,53.125,67.008,109.08
145.56,48.875,70.125,109.08
148.47,44.625,68.567,109.08
149.81,40.375,70.125,109.08
146.7,37.542,76.358,109.08
148.11,37.542,76.358,109.08
149.39,39.029,79.475,107.53
149.46,38.887,77.917,110.64
149.46,41.862,77.917,107.53
149.53,44.696,76.358,107.52
143.79,45.9,77.917,112.2
140.96,47.458,77.917,109.08
139.4,47.104,81.033,116.88
130.76,44.483,84.15,112.2
123.46,42.996,88.825,113.76
125.02,39.879,85.708,119.99
126.58,39.95,82.592,118.43
123.39,41.296,90.383,119.99
119,41.083,93.5,124.67
115.88,42.075,99.733,134.02
118.72,42.004,99.733,135.58
118.57,44.696,102.85,107.52
120.06,44.908,101.29,102.85
121.62,47.812,98.175,101.29
124.45,49.087,98.175,104.41
129.34,51.921,84.15,104.41
125.16,56.1,82.592,105.97
123.6,61.837,85.708,104.41
125.09,64.671,84.15,104.41
126.51,68.992,84.15,102.85
123.67,70.337,84.15,104.41
122.4,68.921,81.033,104.41
119.42,66.087,84.15,104.41
122.26,64.671,84.15,104.41
119.35,63.254,85.708,104.41
120.77,57.517,85.708,105.97
122.12,56.1,87.267,105.97
123.46,54.612,88.825,107.53
123.25,59.075,93.5,102.85
121.62,60.562,98.175,101.29
123.04,60.633,98.175,99.733
125.87,60.562,98.175,101.29
128.7,60.633,98.175,99.733
133.17,54.896,93.5,101.29
134.65,53.55,91.942,99.733
131.89,51.921,90.383,104.41
132.1,49.017,85.708,105.97
127.85,48.875,85.708,109.08
116.24,51.637,91.942,110.64
110.5,54.4,93.5,112.2
107.74,55.887,91.942,110.64
107.95,58.721,87.267,110.64
102.21,60.137,88.825,110.64
99.45,61.696,87.267,107.52
98.033,60.208,87.267,109.08
93.783,58.862,87.267,107.53
93.783,54.542,87.267,109.08
98.175,53.196,84.15,107.52
101.01,54.612,84.15,107.53
94.917,58.862,93.5,107.53
97.821,66.087,91.942,104.41
102,71.825,93.5,102.85
106.25,74.658,93.5,102.85
108.87,74.729,98.175,101.29
110.22,73.312,99.733,101.29
115.88,70.479,99.733,101.29
127.43,67.575,95.058,102.85
131.75,67.504,93.5,104.41
134.58,70.337,93.5,104.41
133.06,74.587,95.869,104.41
128.56,77.279,101.29,107.53
122.68,78.767,105.97,105.97
113.97,78.837,110.64,104.41
149.88,75.933,68.567,105.97
151.44,73.029,65.45,107.53
157.46,70.125,57.658,109.08
151.72,68.567,59.217,112.2
147.33,67.15,62.333,112.2
150.31,67.15,59.217,112.2
148.89,67.15,59.217,112.2
147.47,71.258,59.217,115.32
147.55,71.117,57.658,118.43
143.22,69.558,59.217,121.55
143.22,69.487,59.217,123.11
144.78,70.975,56.1,121.55
143.3,69.417,57.658,124.67
144.78,66.442,56.1,127.78
146.13,58.933,57.658,105.97
144.57,57.375,60.775,109.08
150.38,55.958,57.658,109.08
154.56,55.817,59.217,112.2
155.76,58.65,63.892,112.2
161.57,64.387,60.775,110.64
162.92,67.221,62.333,110.64
164.4,70.125,60.775,109.08
165.75,68.567,62.333,112.2
167.17,67.15,62.333,112.2
170.07,64.317,60.775,112.2
170.07,64.529,60.775,107.53
170,63.042,62.333,109.08
170.07,63.183,60.775,105.97
165.54,63.325,67.008,102.85
167.03,62.05,65.45,99.733
170.07,57.729,60.775,101.29
172.9,59.358,60.775,96.617
172.9,64.033,60.775,87.267
171.35,66.937,63.892,85.708
174.18,69.771,63.892,85.708
172.69,72.817,65.45,81.033
169.5,74.233,73.242,81.033
171.2,75.721,67.008,79.475
166.88,75.721,68.567,79.475
164.05,74.304,68.567,79.475
158.38,72.746,68.567,82.592
156.97,68.283,68.567,87.267
153.99,69.558,71.683,90.383
147.97,69.558,79.475,90.383
151.02,69.346,74.8,95.058
154.06,68,70.125,93.5
149.74,66.583,71.683,93.5
144.07,60.775,71.683,96.617
142.66,53.267,71.683,105.97
139.61,50.433,76.358,105.97
133.66,49.017,82.592,105.97
137.77,49.087,85.708,104.41
136.14,47.458,90.383,109.08
135.86,48.804,96.617,110.64
134.09,50.15,104.41,112.2
132.6,50.15,105.97,112.2
169.65,50.221,70.125,110.64
169.5,47.175,73.242,115.32
168.09,47.246,73.242,113.76
165.25,45.829,73.242,113.76
162.35,44.483,74.8,112.2
160.86,43.067,76.358,112.2
159.52,43.067,74.8,112.2
153.71,45.9,77.917,112.2
153.78,50.15,76.358,112.2
152.36,53.054,76.358,110.64
149.46,51.496,77.917,113.76
143.86,50.008,76.358,115.32
138.2,48.662,76.358,113.76
135.36,44.271,76.358,116.88
132.53,42.925,76.358,115.32
128.28,40.092,76.358,115.32
129.84,40.092,73.242,115.32
127,40.092,73.242,115.32
127.07,41.508,71.683,115.32
124.1,44.412,74.8,113.76
127,45.829,73.242,113.76
129.84,45.829,73.242,113.76
134.09,45.971,73.242,110.64
139.75,45.9,73.242,112.2
143.93,45.971,74.8,110.64
149.6,44.483,74.8,112.2
150.88,43.067,77.917,112.2
155.2,41.721,76.358,110.64
158.17,40.233,73.242,112.2
159.73,44.483,70.125,112.2
159.73,48.804,70.125,110.64
158.24,53.054,71.683,110.64
159.8,55.887,68.567,110.64
153.85,58.792,74.8,109.08
152.36,58.721,76.358,110.64
149.53,60.279,76.358,107.53
145.28,55.958,76.358,109.08
143.79,51.779,77.917,107.53
139.54,50.362,77.917,107.53
136.71,50.292,77.917,109.08
131.11,53.125,76.358,109.08
128.21,54.612,77.917,107.53
126.72,54.612,79.475,107.53
126.93,51.708,74.8,109.08
124.1,51.637,74.8,110.64
124.1,48.662,74.8,113.76
122.61,48.733,76.358,112.2
119.85,47.175,74.8,115.32
119.39,45.404,69.342,123.11
114.32,46.892,71.683,121.55
112.91,44.058,71.683,121.55
