NaN,NaN,NaN,-1
141.26,66.442,77.981,97.891
136.43,67.724,84.618,102.87
135,70.892,82.958,99.55
133.41,72.4,84.618,99.55
125.8,70.892,86.277,99.55
124.29,66.367,86.277,99.55
122.93,63.425,82.958,97.891
121.42,57.317,82.958,99.55
123.08,57.392,79.64,97.891
120.21,54.225,76.322,101.21
112.67,58.976,76.322,96.232
106.56,63.576,77.981,94.573
100.68,65.085,74.663,94.573
97.589,66.668,76.322,92.913
102.87,76.171,59.73,82.958
104.6,79.037,54.753,86.277
109.2,80.545,53.093,86.277
116.97,92.612,48.116,86.277
123.16,100.45,44.798,79.64
127.61,104.68,46.457,86.277
129.19,111.01,44.798,79.64
130.7,110.71,44.797,86.277
130.24,102.42,54.753,102.87
127.08,96.533,58.071,99.55
126.93,93.215,61.389,106.19
126.85,86.805,63.048,114.48
133.19,90.123,56.412,107.85
137.86,92.008,53.093,99.55
144.27,92.31,44.797,92.913
151.96,95.327,41.479,92.913
154.75,89.784,46.457,98.72
152.87,85.598,54.753,107.85
155.81,83.939,56.412,111.16
158.9,87.106,54.753,107.85
160.41,88.388,54.753,112.82
158.9,89.972,54.753,111.16
159.13,90.123,49.775,107.85
157.62,87.106,49.775,107.85
156.41,93.743,43.138,94.573
151.74,85.749,46.457,104.53
145.63,80.922,48.116,111.16
138.01,83.863,49.775,112.82
130.47,89.972,49.775,111.16
129.11,92.989,46.457,111.16
123.08,97.74,46.457,106.19
116.9,94.572,49.775,109.51
116.9,97.665,49.775,107.85
118.48,97.589,48.116,109.51
118.33,102.49,51.434,101.21
121.35,94.874,51.434,102.87
122.93,88.765,49.775,104.53
124.44,89.897,49.775,112.82
128.96,88.237,49.775,116.14
128.43,84.768,61.389,126.1
131.6,95.628,58.071,119.46
132.73,98.57,66.367,121.12
134.17,101.59,68.026,121.12
141.78,111.09,66.367,111.16
149.63,104.83,59.73,116.14
155.58,100.3,61.389,116.14
156.72,88.011,69.685,121.12
161.62,88.313,61.389,114.48
163.13,91.556,61.389,109.51
164.41,89.897,66.367,112.82
164.18,95.93,71.344,112.82
162.82,102.11,68.026,109.51
159.66,100.46,71.344,112.82
156.64,98.796,71.344,116.14
153.47,98.796,74.663,116.14
147.29,98.796,77.981,116.14
147.21,94.271,79.64,116.14
148.72,91.254,79.64,116.14
150.38,96.081,76.322,109.51
151.96,97.438,74.663,112.82
151.96,100.15,74.663,119.46
150.38,100.15,76.322,119.46
150.31,98.419,77.981,124.44
148.87,95.251,76.322,127.76
147.36,96.91,76.322,124.44
142.76,96.91,77.981,124.44
139.82,94.045,76.322,121.12
135.3,78.433,76.322,132.73
133.86,75.567,74.663,129.41
133.71,73.984,77.981,131.07
133.86,81.827,74.663,124.44
132.36,88.011,74.663,121.12
132.36,92.612,74.663,119.46
133.79,95.553,76.322,121.12
136.81,93.667,76.322,129.42
139.82,92.084,76.322,131.07
139.75,85.975,77.981,132.73
142.69,76.548,79.64,141.03
147.29,72.023,77.981,141.03
153.55,67.498,73.003,141.03
159.66,65.914,71.344,142.69
159.51,67.347,74.663,144.35
161.01,68.855,74.663,144.35
162.45,72.023,76.322,141.03
163.96,73.531,76.322,141.03
162.37,73.607,77.981,139.37
164.03,75.643,74.663,127.76
162.52,72.852,74.663,122.78
162.52,72.852,74.663,122.78
159.51,72.928,74.663,121.12
159.58,70.967,73.003,131.07
156.41,75.718,76.322,126.1
151.81,70.665,77.981,137.71
147.14,72.098,81.299,139.37
144.2,71.947,79.64,142.69
142.84,75.115,76.322,139.37
136.73,78.207,77.981,137.71
130.55,75.341,81.299,134.39
130.62,70.892,79.641,132.73
128.96,69.459,82.958,131.07
127.23,69.534,87.936,129.41
127.23,67.875,87.936,132.73
127.15,69.459,89.595,131.07
127.23,69.459,87.936,131.07
128.74,70.967,87.936,131.07
130.32,72.325,86.277,134.39
131.83,73.758,86.277,136.05
133.34,72.249,86.277,136.05
138.09,69.157,81.299,137.71
141.33,66.14,76.322,137.71
144.5,64.632,73.003,137.71
147.52,61.615,73.003,137.71
152.12,60.032,71.344,139.37
155.13,58.372,71.344,142.69
156.64,58.9,71.344,131.07
158.15,61.917,71.344,131.07
158.07,61.917,73.003,131.07
159.66,61.917,71.344,131.07
161.24,62.068,69.685,127.76
159.73,62.143,69.685,126.1
159.88,60.71,66.367,124.44
156.87,57.769,66.367,122.78
158.45,54.828,64.707,121.12
156.87,53.32,66.367,121.12
153.77,51.962,68.026,117.8
153.85,53.546,66.367,116.14
149.32,52.037,66.367,116.14
147.82,53.546,66.367,116.14
144.88,54.979,64.708,117.8
141.86,58.146,64.707,114.48
137.33,58.071,64.707,116.14
135.75,59.73,66.367,112.82
132.73,55.356,66.367,109.51
131.22,52.415,66.367,107.85
129.79,49.499,64.707,105.62
129.64,46.457,68.026,106.19
124.89,46.381,73.003,107.85
124.74,47.814,76.322,109.51
126.32,50.831,74.663,109.51
127.83,55.205,74.663,112.82
129.34,61.314,74.663,111.16
129.34,61.238,74.663,112.82
127.68,56.336,77.981,121.12
130.77,51.51,76.322,127.76
129.19,46.834,77.981,131.07
129.19,43.742,77.981,132.73
132.21,38.99,77.981,137.71
133.79,34.315,76.322,141.03
136.88,32.806,74.663,141.03
133.79,34.315,76.322,141.03
133.86,35.898,74.663,139.37
132.28,38.84,76.322,141.03
135.52,43.44,71.344,139.37
135,48.04,82.958,137.71
131.9,50.982,84.618,139.37
133.41,52.565,84.618,137.71
130.24,49.678,87.936,134.86
131.75,45.099,87.936,136.05
135,42.233,82.958,132.73
133.41,37.633,84.618,134.39
133.49,36.2,82.958,132.73
130.24,36.426,87.936,127.76
130.24,36.502,87.936,126.1
133.34,38.01,86.277,126.1
133.19,42.686,89.595,122.78
134.54,42.61,92.913,124.44
131.22,45.703,99.55,122.78
131.22,48.795,99.55,121.12
129.72,51.811,99.55,121.12
128.28,53.395,97.891,119.46
125.27,55.054,97.891,116.14
120.67,51.887,99.55,119.46
119.08,50.529,101.21,116.14
117.57,48.945,101.21,117.8
114.63,49.096,99.55,114.48
111.54,49.096,101.21,114.48
111.47,49.096,102.87,114.48
111.47,49.096,102.87,114.48
111.54,50.68,101.21,112.82
116.22,49.172,97.891,112.82
120.97,44.647,92.913,112.82
125.42,40.046,94.573,114.48
125.34,37.03,96.232,114.48
125.8,32.505,86.277,114.48
131.75,34.013,87.936,114.48
136.05,36.954,92.913,116.14
135.67,41.479,101.21,116.14
137.11,41.479,102.87,116.14
136.73,42.912,111.16,117.8
133.64,42.837,112.82,119.46
143.07,44.42,104.53,117.8
144.27,44.647,111.16,112.82
146.01,47.663,106.19,112.82
147.67,50.605,102.87,114.48
146.23,53.621,101.21,114.48
144.72,53.546,101.21,116.14
143.22,54.979,101.21,117.8
140.2,54.903,101.21,119.46
138.77,55.054,99.55,116.14
132.81,51.887,97.891,119.46
128.21,53.32,99.55,121.12
123.68,51.66,99.55,124.44
119.01,51.66,102.87,124.44
112.82,48.342,106.19,131.07
111.24,46.834,107.85,131.07
106.64,46.834,109.51,131.07
105.21,45.325,107.85,131.07
108.3,46.834,106.19,131.07
108.15,49.7,109.51,134.39
108.07,52.792,111.16,132.73
110.94,54.225,114.48,134.39
134.54,55.657,92.913,136.05
135.9,55.657,96.232,136.05
137.11,55.582,102.87,137.71
136.73,54.3,111.16,132.73
142.84,55.959,109.51,129.42
142.61,54.451,114.48,129.42
137.71,54.526,122.78,127.76
137.56,56.11,126.1,126.1
139.22,57.618,122.78,126.1
161.54,60.258,96.232,134.39
161.62,63.35,94.573,132.73
160.26,64.858,91.254,132.73
160.49,67.045,86.277,117.8
160.56,68.705,84.618,114.48
160.56,66.744,84.618,124.44
163.81,68.478,79.64,119.46
165.46,66.895,76.322,121.12
168.41,65.386,77.981,121.12
168.41,65.235,77.981,124.44
166.82,65.16,79.64,126.1
171.42,66.668,77.981,126.1
171.27,69.685,81.299,126.1
172.78,69.61,81.299,127.76
172.78,67.95,81.299,131.07
171.27,67.8,81.299,134.39
163.35,63.124,89.595,137.71
160.41,58.523,87.936,139.37
157.24,56.035,91.254,127.76
154.08,52.942,94.573,129.41
152.57,50.001,94.573,127.76
152.72,46.909,91.254,129.41
151.21,45.401,91.254,129.42
151.21,46.985,91.254,127.76
151.21,48.342,91.254,131.07
149.55,55.054,94.573,116.14
149.48,61.012,96.232,117.8
150.98,63.953,96.232,119.46
154.15,62.294,92.913,122.78
157.17,57.618,92.913,126.1
160.19,49.926,92.913,129.42
161.62,44.647,94.573,112.82
163.05,41.63,96.232,112.82
161.39,37.03,99.55,114.48
159.81,37.18,101.21,111.16
159.88,37.256,99.55,109.51
159.81,38.538,101.21,114.48
158.22,43.138,102.87,112.82
156.72,43.063,102.87,114.48
158.15,44.571,104.53,114.48
153.32,41.328,111.16,119.46
145.03,41.555,94.573,114.48
140.58,40.272,92.913,109.51
134.47,37.18,94.573,111.16
128.28,32.58,97.891,112.82
119.01,26.471,102.87,114.48
112.6,26.622,111.16,111.16
107.47,29.865,124.44,106.19
102.19,36.275,141.03,97.891
103.7,37.633,141.03,101.21
105.06,46.834,144.35,97.891
103.92,51.359,102.87,97.891
105.66,52.792,97.891,99.55
108.68,48.04,97.891,104.53
114.71,49.714,97.891,100.9
119.23,51.359,97.891,97.891
122.17,49.926,99.55,96.232
132.81,46.834,97.891,97.891
131.07,45.175,102.87,101.21
129.57,43.515,102.87,104.53
126.47,46.758,104.53,99.55
120.29,46.683,107.85,101.21
115.69,44.948,109.51,106.19
109.66,47.814,109.51,109.51
101.96,47.588,112.82,114.48
92.763,46.08,116.14,114.48
85.296,41.555,114.48,114.48
79.338,35.446,112.82,116.14
73.456,29.412,109.51,116.14
67.347,26.32,111.16,117.8
67.498,26.32,107.85,117.8
64.255,27.904,112.82,116.14
62.747,34.541,112.82,102.87
59.73,40.8,112.82,97.891
59.881,46.683,109.51,101.21
58.372,49.85,109.51,97.891
53.923,49.624,107.85,102.87
47.814,48.116,109.51,102.87
40.046,46.683,114.48,101.21
32.58,42.082,112.82,102.87
32.505,37.557,114.48,102.87
30.996,33.032,114.48,102.87
37.18,32.882,111.16,106.19
41.705,33.108,111.16,101.21
44.722,37.633,111.16,101.21
49.398,40.574,107.85,102.87
47.739,42.007,111.16,104.53
50.605,43.591,114.48,102.87
56.789,48.342,111.16,97.891
59.655,48.342,114.48,97.891
65.763,43.817,112.82,97.891
68.478,32.806,119.46,107.85
72.928,26.818,121.12,106.22
75.643,17.798,127.76,106.19
76.699,11.69,137.71,107.85
92.159,11.463,129.41,112.82
95.025,12.896,132.73,114.48
96.458,15.837,134.39,116.14
97.891,17.346,136.05,116.14
97.815,17.27,137.71,117.8
96.005,18.779,144.35,117.8
94.346,18.703,147.67,119.46
96.08,13.952,142.69,124.44
98.343,10.935,126.1,124.44
98.192,9.4271,129.42,124.44
96.733,6.7138,128.33,117.76
96.684,6.7875,129.41,116.14
96.835,9.8042,126.1,116.14
95.176,11.237,129.42,117.8
95.251,12.821,127.76,116.14
93.592,12.745,131.07,117.8
117.27,14.254,107.85,117.8
117.27,14.254,107.85,117.8
120.29,14.329,107.85,116.14
123.23,9.7287,109.51,117.8
126.25,5.2037,109.51,117.8
130.77,2.1117,109.51,119.46
135.37,3.6954,107.85,117.8
138.39,9.7287,107.85,117.8
138.54,17.27,104.53,117.8
136.96,24.586,106.19,122.78
135.45,30.695,106.19,121.12
135.45,33.787,106.19,119.46
131,30.921,104.53,116.14
130.77,39.217,109.51,99.55
135.45,36.2,106.19,99.55
141.48,33.259,106.19,97.891
146.01,36.577,106.19,91.254
147.74,39.669,101.21,89.595
147.97,44.27,96.232,87.936
143.59,42.686,92.913,89.595
138.01,41.027,82.958,92.913
131.98,41.102,82.958,91.254
118.03,34.767,91.254,97.891
105.88,28.583,92.913,101.21
100,25.642,89.595,99.55
101.66,14.857,86.277,104.53
106.26,11.69,84.618,107.85
107.77,14.782,84.618,106.19
107.77,17.723,84.618,107.85
106.19,20.815,86.277,106.19
106.19,23.832,86.277,106.19
104.68,23.077,86.277,122.78
100.08,21.267,87.936,129.42
95.1,24.435,97.891,126.1
92.084,21.418,97.891,126.1
93.441,26.396,101.21,116.14
93.366,20.136,102.87,121.12
89.897,21.645,112.82,121.12
100.53,26.245,111.16,119.46
103.47,30.845,112.82,117.8
107.85,29.186,116.14,121.12
116.97,27.678,114.48,121.12
121.5,26.245,114.48,119.46
122.93,24.812,116.14,117.8
127.61,23.153,112.82,121.12
130.7,20.061,111.16,122.78
129.19,16.742,111.16,129.42
129.19,13.726,111.16,129.41
127.61,12.217,112.82,129.42
123,13.877,114.48,126.1
121.42,15.385,116.14,126.1
121.57,23.423,112.82,131.9
159.51,31.826,74.663,129.42
156.72,38.01,69.685,126.1
152.97,41.027,68.866,126.1
144.65,39.443,69.685,127.76
140.12,36.577,69.685,124.44
140.2,32.052,68.026,124.44
146.31,24.435,66.367,126.1
149.25,22.851,68.026,127.76
150.83,26.019,66.367,124.44
150.98,28.96,63.048,126.1
152.42,32.052,64.707,124.44
154,35.144,63.048,122.78
155.58,36.577,61.389,124.44
157.09,39.669,61.389,122.78
156.87,42.761,66.367,121.12
159.96,42.761,64.708,121.12
162.98,39.82,64.707,119.46
162.98,38.462,64.707,116.14
167.58,38.462,63.048,116.14
162.75,43.063,69.685,114.48
164.33,49.172,68.026,112.82
159.73,52.188,69.685,112.82
158.38,55.28,66.367,111.16
155.51,56.864,63.048,109.51
152.49,58.599,63.048,104.53
152.49,57.392,63.048,97.891
149.48,52.716,63.048,101.21
146.46,51.359,63.048,97.891
143.44,48.267,63.048,99.55
140.5,46.758,61.389,99.55
134.32,40.65,64.708,101.21
135.83,34.957,64.707,93.702
134.32,35.069,64.708,91.254
129.72,39.594,66.367,91.254
129.64,40.8,68.026,97.891
131.3,40.725,64.707,99.55
128.36,43.515,63.048,104.53
126.93,46.457,61.389,106.19
125.12,46.381,68.026,107.85
123.61,46.23,68.026,111.16
128.36,46.306,63.048,109.51
135.98,46.23,61.389,111.16
140.43,46.23,63.048,111.16
148.04,46.23,61.389,111.16
152.57,46.306,61.389,109.51
157.02,46.306,63.048,109.51
160.28,47.513,59.634,116.14
160.34,50.68,56.412,112.82
160.26,50.755,58.071,111.16
166.44,47.89,54.753,107.85
163.43,49.549,54.752,104.53
163.5,49.624,53.093,102.87
159.13,50.001,49.775,94.573
152.95,47.06,53.093,92.913
154.45,48.795,53.093,87.936
154.53,63.199,51.434,69.685
159.43,66.442,43.138,64.708
157.92,69.868,43.138,55.231
158.07,71.57,39.82,51.434
164.18,76.246,38.161,48.116
166.97,77.83,43.138,46.457
168.48,79.414,43.138,44.798
170.14,80.998,39.82,43.138
170.06,80.998,41.479,43.138
171.72,76.02,38.161,53.093
165.39,79.338,44.797,46.457
163.88,69.836,44.797,56.412
162.3,71.42,46.457,54.753
160.94,68.252,43.138,58.071
159.51,66.819,41.479,56.412
157.92,66.819,43.138,56.412
153.47,65.311,41.479,56.412
147.21,63.652,46.457,59.73
142.69,65.235,46.457,58.071
138.16,63.803,46.457,56.412
136.51,64.934,49.639,64.708
134.77,63.275,54.753,68.026
136.35,63.275,53.093,68.026
140.84,66.685,49.968,64.453
136.28,64.934,54.753,64.708
137.94,65.158,51.434,61.312
144.84,64.934,47.367,64.708
147.21,63.275,46.457,68.026
148.72,63.275,46.457,68.026
147.21,63.124,46.457,71.344
142.61,61.615,48.116,71.344
142.61,61.51,48.116,73.034
142.61,58.448,48.116,74.663
139.37,56.864,53.093,76.322
142.54,56.94,49.775,74.663
147.24,55.356,44.844,76.322
145.78,53.848,44.733,76.322
143.97,52.339,51.434,76.322
145.48,49.247,51.434,77.981
145.48,49.172,51.434,79.64
137.86,46.23,53.093,77.981
137.86,43.138,53.093,79.64
134.77,46.08,54.753,81.299
130.24,45.929,54.753,84.618
130.24,47.362,54.753,86.277
127.38,45.929,51.434,84.618
128.74,44.194,54.753,89.595
128.59,39.443,58.071,94.573
134.69,38.01,56.412,92.913
136.05,30.242,59.73,97.891
140.58,27.225,59.73,97.891
145.03,27.225,61.389,97.891
147.89,28.734,64.707,97.891
149.32,28.658,66.367,99.55
152.42,28.508,64.707,102.87
155.43,23.907,64.708,104.53
157.02,19.307,63.048,106.19
158.6,13.047,61.389,111.16
159.96,11.312,64.708,116.14
164.48,12.896,64.707,114.48
163.05,15.913,63.048,114.48
163.2,21.946,59.73,114.48
160.19,26.471,59.73,114.48
152.64,29.337,59.73,117.8
145.03,30.845,61.389,117.8
137.41,32.429,63.048,116.14
131.53,27.753,59.73,119.46
134.77,27.678,54.753,121.12
131.75,23.077,54.753,122.78
130.17,16.969,56.412,124.44
131.68,20.061,56.412,122.78
133.19,21.418,56.412,126.1
136.2,21.343,56.412,127.76
140.8,24.36,54.752,127.76
142.24,25.792,56.412,129.42
145.25,27.376,56.412,127.76
148.19,28.809,58.071,129.42
151.13,31.901,59.73,127.76
150.91,31.901,64.708,127.76
154,30.544,63.048,124.44
153.85,29.035,66.367,124.44
157.11,30.89,62.029,122.49
158.6,33.636,61.389,122.78
160.11,36.577,61.389,124.44
158.6,36.502,61.389,126.1
157.02,34.918,63.048,127.76
155.51,30.317,63.048,129.41
154,25.717,63.048,131.07
152.49,21.343,63.048,127.76
150.98,18.251,63.048,129.42
141.56,13.877,71.344,126.1
143.37,15.31,64.708,127.76
140.6,19.835,61.283,127.76
136.05,21.343,59.73,127.76
134.69,23.002,56.412,124.44
134.62,24.661,58.071,121.12
136.2,23.153,56.412,121.12
123.61,24.586,68.026,122.78
122.1,26.17,68.026,121.12
122.18,29.488,66.367,114.48
125.27,20.136,64.707,121.12
128.36,23.304,63.089,117.8
129.87,27.753,63.048,119.46
132.96,30.695,61.389,121.12
132.96,36.879,61.389,117.8
131.38,39.82,63.048,119.46
132.88,39.594,63.048,124.44
129.87,38.085,63.048,124.44
132.88,37.03,63.048,114.48
138.99,27.904,61.389,116.14
143.52,21.645,61.389,121.12
146.53,26.32,61.389,117.8
146.46,29.262,63.048,119.46
146.46,35.37,63.048,117.8
145.03,36.803,61.389,119.46
137.18,39.669,68.026,122.78
135.67,38.01,68.026,126.1
135.75,39.518,66.367,126.1
135.67,39.669,68.026,122.78
138.77,39.82,66.367,119.46
140.35,41.404,64.707,117.8
135.9,39.895,63.048,117.8
131.38,41.479,63.048,116.14
128.13,41.479,68.026,116.14
125.19,41.555,66.367,114.48
119.16,41.555,66.367,114.48
113.05,41.479,68.026,116.14
110.18,41.555,64.708,114.48
105.73,39.82,63.048,119.46
100.76,36.728,73.003,121.12
102.27,33.711,73.003,121.12
102.11,26.019,76.322,124.44
105.06,26.019,77.981,124.44
109.58,30.619,77.981,122.78
112.6,38.312,77.981,119.46
115.61,42.837,77.981,119.46
123.16,42.837,77.981,119.46
130.7,43.063,77.981,114.48
133.71,40.122,77.981,112.82
138.31,33.711,76.322,121.12
141.26,30.77,77.981,119.46
142.76,27.753,77.981,119.46
145.86,27.829,76.322,117.8
145.78,26.17,77.981,121.12
144.12,27.753,81.299,119.46
142.46,29.262,84.618,119.46
142.46,30.544,84.618,124.44
139.52,33.485,82.958,126.1
135,35.069,82.958,124.44
135.15,33.636,79.64,122.78
133.94,35.144,73.003,122.78
130.7,35.144,77.981,122.78
129.11,35.144,79.64,122.78
128.96,35.144,82.958,122.78
127.3,38.085,86.277,124.44
122.4,37.859,94.573,129.42
119.08,39.292,101.21,131.07
120.44,40.574,104.53,136.05
121.72,40.499,109.51,137.71
123.23,38.915,109.51,139.37
123.16,39.82,111.16,119.46
127.83,42.912,107.85,117.8
126.4,47.588,106.19,114.48
121.95,52.113,104.53,114.48
122.02,56.638,102.87,114.48
122.17,59.805,99.55,111.16
120.82,62.747,96.232,112.82
119.69,64.255,87.936,112.82
113.73,64.255,86.277,112.82
113.73,61.088,86.277,116.14
115.24,59.655,86.277,114.48
110.64,56.638,87.936,114.48
112.14,52.113,87.936,114.48
116.75,50.529,86.277,116.14
121.27,52.113,86.277,114.48
124.21,53.621,87.936,114.48
127.23,53.546,87.936,116.14
130.32,53.546,86.277,116.14
131.75,53.546,87.936,116.14
136.43,50.454,84.618,117.8
136.35,49.172,86.277,112.82
137.94,47.663,84.618,112.82
138.16,46.23,79.64,111.16
135.22,43.214,77.981,111.16
132.28,44.722,76.322,111.16
124.66,47.739,77.981,111.16
118.56,51.057,79.64,104.53
115.61,50.982,77.981,106.19
112.6,53.998,77.981,106.19
108.15,53.847,76.322,109.51
103.62,53.923,76.322,107.85
102.04,55.431,77.981,107.85
97.514,52.415,77.981,107.85
97.438,49.247,79.64,111.16
102.11,46.004,76.322,116.14
103.62,47.513,76.322,116.14
105.06,53.697,77.981,112.82
112.82,56.789,73.003,111.16
117.27,62.822,74.663,111.16
123.38,67.422,73.003,109.51
129.42,67.498,73.003,107.85
130.77,65.839,76.322,111.16
138.31,64.632,76.322,104.53
145.86,61.615,76.322,104.53
150.46,56.713,74.663,112.82
153.47,61.314,74.663,111.16
158.15,65.839,71.344,111.16
156.49,63.953,74.663,119.46
150.31,63.878,77.981,121.12
147.44,65.839,74.663,111.16
144.5,64.406,73.003,109.51
142.99,63.048,73.003,106.19
141.41,63.124,74.663,104.53
136.81,63.199,76.322,102.87
133.71,60.032,77.981,106.19
136.88,60.032,74.663,106.19
135.37,59.956,74.663,107.85
133.86,61.465,74.663,107.85
130.85,61.389,74.663,109.51
130.77,64.934,76.322,97.891
129.11,63.35,79.64,99.55
127.38,61.842,84.618,99.55
125.64,60.258,89.595,101.21
125.57,58.523,91.254,106.19
127,57.015,92.913,106.19
128.59,56.94,91.254,107.85
128.51,57.015,92.913,106.19
134.77,58.372,87.936,109.51
142.61,61.389,81.299,109.51
146.99,64.406,84.618,109.51
145.48,67.498,84.617,107.85
148.42,71.912,86.277,106.38
148.27,72.174,89.595,104.53
151.44,72.325,86.277,101.21
151.51,69.157,84.617,104.53
152.72,64.707,91.254,102.87
156.04,66.517,84.617,96.232
157.77,61.842,79.64,99.55
165.69,61.993,71.344,96.232
164.03,57.392,74.663,97.891
165.46,51.962,76.322,117.8
168.48,56.031,76.322,94.649
166.9,60.71,77.981,91.254
168.41,65.386,77.981,87.936
171.42,68.478,77.981,86.277
168.33,74.813,79.64,79.64
163.73,73.23,81.299,81.299
162.37,74.813,77.981,79.64
159.43,74.738,76.322,81.299
156.49,71.721,74.663,81.299
148.95,71.57,74.663,84.618
145.93,68.328,74.663,89.595
141.18,73.003,79.693,86.277
141.26,74.512,77.981,86.277
134.84,76.171,86.277,82.958
125.34,72.928,96.232,87.936
117.5,64.934,102.87,97.891
112.97,58.674,102.87,102.87
111.42,53.998,103.82,106.19
108.22,50.982,107.85,106.19
102.11,47.814,109.51,109.51
104.9,43.063,114.48,114.48
104.83,38.312,116.13,119.46
104.68,41.328,119.42,119.46
159.96,36.426,64.708,127.76
161.47,46.105,64.708,119.2
170.82,44.27,58.071,121.12
172.33,44.194,58.071,122.78
170.74,41.102,59.73,124.44
172.73,39.594,54.484,124.44
166.29,38.085,58.071,124.44
167.8,36.652,58.071,122.78
164.79,36.577,58.071,124.44
157.02,39.594,63.048,124.44
155.51,42.535,63.048,126.1
154,47.211,63.048,122.78
150.98,47.135,63.048,124.44
146.46,45.627,63.048,124.44
138.69,42.46,68.026,127.76
137.18,42.61,68.026,124.44
134.17,41.102,68.026,124.44
129.49,41.253,71.344,121.12
129.64,39.669,68.026,122.78
126.62,41.177,68.026,122.78
125.04,42.837,69.685,119.46
126.7,45.853,66.367,119.46
126.62,45.853,68.026,119.46
131.22,44.27,66.367,121.12
135.75,44.27,66.367,121.12
140.28,44.27,66.367,121.12
146.31,44.27,66.367,121.12
150.83,42.761,66.367,121.12
152.27,41.328,68.026,119.46
156.87,39.895,66.367,117.8
158.38,38.312,66.367,119.46
159.88,41.328,66.367,119.46
159.88,47.588,66.367,114.48
152.04,50.605,73.003,114.48
153.77,55.205,68.026,112.82
153.85,56.638,66.367,114.48
152.34,58.222,66.367,112.82
146.16,56.562,69.685,116.14
135.3,53.621,76.322,114.48
135.3,50.605,76.322,114.48
127.45,47.513,82.958,116.14
126.17,47.513,77.981,116.14
128.06,52.037,69.685,116.14
128.13,51.962,68.026,117.8
128.06,48.795,69.685,121.12
126.55,45.778,69.685,121.12
125.04,44.119,69.685,124.44
125.12,44.043,68.026,126.1
122.02,45.627,69.685,124.44
120.59,51.962,68.026,117.8
117.42,55.054,71.344,116.14
114.48,48.644,69.685,124.44
113.05,48.945,68.026,117.8
