NaN,NaN,NaN,-1
226,92,45,46
226,92,45,46
226,92,46,47
226,92,45,46
226,92,45,46
224,92,45,46
223,92,45,46
222,92,46,47
221,91,46,47
220,91,47,48
218,90,49,50
217,89,50,51
215,88,51,52
215,88,51,52
215,88,52,53
214,88,52,53
214,88,52,53
214,88,52,53
214,88,52,53
214,88,52,53
214,88,52,53
214,88,52,53
NaN,NaN,NaN,-2
NaN,NaN,NaN,0
NaN,NaN,NaN,0
NaN,NaN,NaN,0
NaN,NaN,NaN,0
NaN,NaN,NaN,-1
103,90,64,69
91,93,63,67
78,95,65,69
76,104,51,55
72,113,43,47
64,116,40,43
58,115,45,49
57,115,45,49
57,115,46,50
56,115,47,51
56,115,47,51
56,115,47,51
56,115,47,51
56,115,47,51
56,115,47,51
56,115,47,51
56,115,47,51
56,115,47,51
56,115,47,51
56,115,47,52
NaN,NaN,NaN,-2
NaN,NaN,NaN,0
NaN,NaN,NaN,0
NaN,NaN,NaN,0
NaN,NaN,NaN,0
NaN,NaN,NaN,-1
133,74,68,78
133,73,69,79
132,72,70,80
132,72,71,80
132,71,71,81
132,71,72,81
132,70,72,82
132,70,72,82
132,70,72,82
NaN,NaN,NaN,-2
NaN,NaN,NaN,0
NaN,NaN,NaN,0
NaN,NaN,NaN,0
NaN,NaN,NaN,0
NaN,NaN,NaN,-1
240,52,39,63
241,53,40,64
241,54,41,65
239,56,39,65
235,57,40,65
235,60,39,64
236,64,39,64
234,68,40,64
235,71,40,64
238,75,40,63
237,79,41,63
238,83,42,64
240,88,42,63
241,92,41,63
245,94,40,62
247,98,40,62
249,106,39,60
255,116,34,57
258,123,36,56
260,129,37,56
259,134,38,57
256,140,38,57
253,140,39,59
250,137,40,61
248,136,41,62
244,136,47,64
240,132,46,65
237,130,45,64
237,128,40,61
236,127,40,63
236,127,41,63
236,127,40,63
236,127,40,63
NaN,NaN,NaN,-2
NaN,NaN,NaN,0
NaN,NaN,NaN,0
NaN,NaN,NaN,0
NaN,NaN,NaN,0
NaN,NaN,NaN,-1
130,102,51,83
114,92,67,95
110,89,71,99
109,84,72,101
108,78,71,99
109,72,70,97
110,66,68,96
113,61,64,93
117,56,61,93
120,53,58,91
122,52,56,89
123,50,55,86
125,50,53,84
127,51,52,81
128,51,52,80
129,52,52,80
130,52,52,78
131,52,52,77
134,52,51,76
135,51,52,76
137,50,55,77
138,48,59,78
139,48,61,77
139,49,62,77
140,49,64,77
140,48,66,79
138,45,70,83
137,43,75,87
135,41,79,91
134,40,80,93
134,39,82,94
133,39,83,96
133,38,84,97
133,38,85,98
132,38,85,98
132,38,85,98
132,38,85,98
133,39,84,97
133,39,84,98
132,39,85,99
132,39,85,99
132,39,84,99
132,39,84,98
132,38,84,99
131,39,86,101
131,39,86,101
131,39,86,101
131,39,86,101
131,39,86,102
131,39,86,102
131,39,86,101
NaN,NaN,NaN,-2
NaN,NaN,NaN,0
NaN,NaN,NaN,0
NaN,NaN,NaN,0
NaN,NaN,NaN,0
NaN,NaN,NaN,-1
60,153,64,64
57,152,65,65
55,151,66,66
52,150,68,68
49,149,70,70
45,148,72,72
42,147,75,75
39,146,77,77
38,145,77,77
42,145,71,71
53,147,62,62
57,141,62,62
62,135,61,61
75,139,45,45
83,139,38,38
88,139,34,34
95,139,27,27
100,138,23,23
107,138,20,20
NaN,NaN,NaN,-2
NaN,NaN,NaN,0
NaN,NaN,NaN,0
NaN,NaN,NaN,0
NaN,NaN,NaN,0
NaN,NaN,NaN,-1
72,65,65,72
75,63,68,75
76,62,70,77
77,62,71,78
77,63,72,79
78,66,70,77
78,68,69,76
79,68,70,77
79,68,71,78
78,68,73,80
79,67,75,82
79,67,76,83
78,67,76,84
78,67,77,85
77,67,79,86
78,66,79,86
78,66,79,86
78,66,79,86
78,66,79,87
78,65,79,87
78,65,79,87
78,65,79,87
78,65,79,87
NaN,NaN,NaN,-2
NaN,NaN,NaN,0
NaN,NaN,NaN,0
NaN,NaN,NaN,0
NaN,NaN,NaN,0
NaN,NaN,NaN,-1
189,103,54,64
188,98,61,72
188,95,65,78
187,93,68,81
187,93,69,82
187,92,70,83
188,92,70,84
188,92,71,85
188,92,71,85
188,92,71,85
188,92,71,85
188,92,71,85
188,92,71,85
188,92,71,85
188,92,71,85
188,92,71,85
188,92,71,85
188,92,71,85
188,92,71,85
188,92,71,85
188,92,71,85
188,92,71,85
188,92,71,85
188,92,71,85
