NaN,NaN,NaN,-1
229,93,42,48
229,93,42,48
229,93,43,49
229,93,43,49
229,93,42,48
227,93,43,49
226,92,44,50
225,92,44,50
223,91,45,51
222,91,46,52
220,90,48,53
218,89,50,55
216,87,52,57
216,87,52,58
215,87,52,58
215,86,52,58
215,86,52,58
215,86,52,58
215,86,53,58
215,86,53,58
215,86,53,58
215,86,53,58
NaN,NaN,NaN,-2
NaN,NaN,NaN,0
NaN,NaN,NaN,0
NaN,NaN,NaN,0
NaN,NaN,NaN,0
NaN,NaN,NaN,-1
108,94,58,68
96,97,58,68
83,99,60,67
75,103,54,60
74,113,41,48
65,116,39,45
57,117,40,46
56,116,44,49
54,116,45,51
54,116,46,52
54,116,46,52
54,116,46,52
54,116,46,52
54,115,46,53
54,115,47,53
54,115,47,53
54,115,47,53
54,115,47,53
54,115,47,53
NaN,NaN,NaN,-2
NaN,NaN,NaN,0
NaN,NaN,NaN,0
NaN,NaN,NaN,0
NaN,NaN,NaN,0
NaN,NaN,NaN,-1
123,80,71,82
120,76,76,86
120,76,76,87
120,76,76,87
120,76,76,87
120,76,76,87
120,75,77,88
120,75,77,88
120,75,77,88
NaN,NaN,NaN,-2
NaN,NaN,NaN,0
NaN,NaN,NaN,0
NaN,NaN,NaN,0
NaN,NaN,NaN,0
NaN,NaN,NaN,-1
241,53,35,63
243,54,35,63
244,55,36,64
244,56,37,65
241,57,37,65
238,59,37,65
238,62,35,63
239,67,35,63
238,70,36,63
238,73,37,63
241,77,36,62
241,81,38,62
241,85,39,62
243,90,39,62
245,94,38,62
248,96,37,61
250,100,37,61
252,108,36,59
258,118,32,56
261,125,32,55
263,131,33,55
263,137,34,54
260,143,34,55
256,143,35,58
253,137,38,63
248,134,45,69
246,134,47,67
242,129,48,70
240,127,46,67
239,127,45,66
238,126,45,68
238,126,45,68
238,126,46,68
238,126,46,68
NaN,NaN,NaN,-2
NaN,NaN,NaN,0
NaN,NaN,NaN,0
NaN,NaN,NaN,0
NaN,NaN,NaN,0
NaN,NaN,NaN,-1
134,104,47,84
117,94,65,96
115,91,67,99
113,86,68,100
113,80,67,99
114,74,65,97
115,68,63,95
117,63,59,92
121,58,55,90
125,55,51,87
127,54,49,85
128,52,48,83
130,52,46,81
132,53,46,79
133,53,46,78
133,53,46,77
134,54,46,75
136,54,46,74
138,53,45,73
140,53,47,73
144,53,46,72
145,51,49,72
146,52,51,71
147,52,53,70
148,53,54,69
149,53,55,69
147,50,59,73
146,47,63,77
145,45,67,81
144,44,69,84
143,43,70,85
143,42,71,86
143,42,72,87
142,41,73,88
142,41,74,89
142,41,74,89
142,42,73,89
143,43,72,87
143,43,72,87
142,44,73,89
142,45,72,89
147,49,61,77
146,48,63,79
147,49,62,77
147,50,62,77
147,50,62,77
147,50,62,78
147,49,62,78
147,50,62,78
NaN,NaN,NaN,-2
NaN,NaN,NaN,0
NaN,NaN,NaN,0
NaN,NaN,NaN,0
NaN,NaN,NaN,0
NaN,NaN,NaN,-1
78,152,55,64
70,150,61,69
63,149,68,74
61,149,68,74
60,149,68,73
59,149,67,72
57,149,69,73
55,149,70,73
52,149,71,74
50,149,72,75
50,149,70,73
55,150,63,66
66,152,48,51
79,154,31,33
84,148,29,30
84,140,31,33
89,140,25,25
94,140,19,20
100,140,16,17
NaN,NaN,NaN,-2
NaN,NaN,NaN,0
NaN,NaN,NaN,0
NaN,NaN,NaN,0
NaN,NaN,NaN,0
NaN,NaN,NaN,-1
68,73,62,72
71,71,64,74
75,68,67,77
77,66,69,79
79,65,71,80
80,65,72,81
81,66,72,82
81,69,70,80
82,71,68,78
82,72,69,78
83,72,70,80
83,71,71,81
83,71,73,83
83,71,74,85
83,71,75,86
82,70,77,87
82,70,78,88
82,70,78,88
82,70,78,88
82,69,78,89
83,69,78,89
83,69,78,89
83,69,78,89
83,68,78,89
83,68,78,89
NaN,NaN,NaN,-2
NaN,NaN,NaN,0
NaN,NaN,NaN,0
NaN,NaN,NaN,0
NaN,NaN,NaN,0
NaN,NaN,NaN,-1
195,103,53,66
197,97,61,72
199,95,65,75
201,94,67,78
202,94,67,77
202,94,67,78
203,94,68,78
203,94,68,79
203,93,69,80
203,93,69,80
203,93,69,80
203,94,69,80
203,94,69,80
203,94,69,80
203,94,69,80
203,93,70,81
203,93,70,81
203,93,70,81
203,93,70,81
203,93,70,81
203,93,70,81
203,93,70,81
203,93,70,81
203,93,70,81
