NaN,NaN,NaN,-1
224,88,47,46
224,88,47,46
224,88,48,47
224,88,48,47
224,88,47,46
222,88,47,46
222,88,47,46
221,88,47,46
220,88,47,46
219,88,47,46
218,87,48,47
217,87,49,48
215,86,49,48
215,86,49,48
215,86,49,48
215,86,49,48
215,86,49,48
215,86,49,48
215,86,49,48
215,86,49,48
215,86,49,48
215,86,49,48
NaN,NaN,NaN,-2
NaN,NaN,NaN,0
NaN,NaN,NaN,0
NaN,NaN,NaN,0
NaN,NaN,NaN,0
NaN,NaN,NaN,-1
100,85,64,67
88,88,63,66
77,92,60,63
77,102,50,52
65,101,62,64
56,99,72,74
54,98,75,76
54,98,75,76
54,98,75,76
54,98,75,76
54,98,75,77
54,98,75,77
54,98,76,77
54,98,76,77
54,98,76,77
54,98,76,77
54,98,76,77
54,98,76,77
54,98,76,77
54,98,76,77
54,98,76,77
54,98,76,77
54,98,76,77
54,98,76,77
NaN,NaN,NaN,-2
NaN,NaN,NaN,0
NaN,NaN,NaN,0
NaN,NaN,NaN,0
NaN,NaN,NaN,0
NaN,NaN,NaN,-1
176,66,48,59
179,66,44,54
180,62,43,53
181,62,43,53
180,61,45,55
180,61,46,57
179,60,50,61
179,59,50,61
NaN,NaN,NaN,-2
NaN,NaN,NaN,0
NaN,NaN,NaN,0
NaN,NaN,NaN,0
NaN,NaN,NaN,0
NaN,NaN,NaN,-1
238,49,45,65
233,47,50,69
232,49,52,71
233,53,52,71
231,55,54,72
233,59,53,71
236,64,49,68
236,65,49,68
237,65,49,68
238,66,48,67
239,66,47,66
241,67,45,65
242,67,44,64
242,67,44,64
242,67,44,64
242,67,44,64
242,67,44,64
NaN,NaN,NaN,-2
NaN,NaN,NaN,0
NaN,NaN,NaN,0
NaN,NaN,NaN,0
NaN,NaN,NaN,0
NaN,NaN,NaN,-1
230,121,56,57
226,120,55,56
226,121,53,54
226,122,52,53
225,121,54,54
224,120,55,55
224,120,55,56
223,120,55,56
NaN,NaN,NaN,-2
NaN,NaN,NaN,0
NaN,NaN,NaN,0
NaN,NaN,NaN,0
NaN,NaN,NaN,0
NaN,NaN,NaN,-1
113,90,67,90
112,88,69,92
111,84,69,93
111,78,69,92
111,72,68,91
112,67,67,89
114,62,64,86
118,58,60,82
121,56,56,78
123,55,54,75
124,54,52,73
126,54,50,70
128,55,49,67
130,55,49,67
130,55,49,66
132,56,49,65
133,56,49,64
136,56,48,63
137,55,49,63
141,55,49,63
143,54,51,63
145,54,52,62
147,55,51,61
148,56,50,58
149,56,49,56
150,55,49,56
148,52,53,60
147,50,56,63
147,49,57,65
146,49,58,65
146,48,59,66
146,48,60,67
146,47,60,67
146,47,60,67
146,47,60,67
146,48,60,67
146,49,59,66
146,49,59,66
146,49,59,67
146,49,59,66
147,50,56,64
146,48,59,66
146,49,59,66
146,49,59,66
146,49,59,66
NaN,NaN,NaN,-2
NaN,NaN,NaN,0
NaN,NaN,NaN,0
NaN,NaN,NaN,0
NaN,NaN,NaN,0
NaN,NaN,NaN,-1
89,136,55,62
88,136,57,64
87,135,58,64
85,135,59,66
84,135,60,67
82,134,62,68
81,134,62,68
80,134,61,67
79,134,61,67
78,134,62,67
77,134,63,68
75,134,64,69
74,134,65,70
74,134,64,68
76,135,58,62
82,137,48,52
87,139,38,41
92,141,27,29
96,142,16,18
99,143,10,11
103,136,22,22
NaN,NaN,NaN,-2
NaN,NaN,NaN,0
NaN,NaN,NaN,0
NaN,NaN,NaN,0
NaN,NaN,NaN,0
NaN,NaN,NaN,-1
55,66,72,72
56,62,76,76
58,58,81,81
61,53,85,85
63,50,89,89
64,49,91,91
65,49,93,93
64,48,94,94
65,51,93,93
65,52,92,92
65,52,93,93
64,51,95,95
64,51,96,96
64,49,99,99
64,49,100,100
64,49,100,100
64,49,101,101
63,49,101,101
63,49,102,102
63,48,102,102
63,48,102,102
63,48,102,102
63,48,102,102
63,48,102,102
63,47,102,102
63,47,102,102
63,47,102,102
NaN,NaN,NaN,-2
NaN,NaN,NaN,0
NaN,NaN,NaN,0
NaN,NaN,NaN,0
NaN,NaN,NaN,0
NaN,NaN,NaN,-1
194,94,57,66
195,93,61,70
195,91,64,74
195,90,65,75
195,90,66,76
194,90,67,76
194,89,68,77
194,89,68,78
194,89,68,78
194,89,68,78
194,89,68,78
194,89,68,77
194,89,68,78
194,89,68,78
194,89,68,78
194,89,68,78
194,89,68,78
194,89,68,78
194,89,68,78
194,89,68,78
194,89,69,78
194,89,69,78
194,89,69,79
