NaN,NaN,NaN,-1
261,164,57,38
260,164,57,38
260,164,57,38
259,164,57,38
259,164,57,38
258,164,57,38
257,164,57,38
257,163,57,38
256,163,57,38
255,163,57,38
255,163,57,38
255,163,57,38
254,164,57,38
253,163,57,38
253,163,57,38
252,162,57,38
251,162,57,38
251,162,57,38
251,162,57,38
249,162,57,38
249,161,57,38
248,162,57,38
248,162,57,38
247,161,57,38
248,161,57,38
247,161,57,38
247,161,57,38
246,161,57,38
246,161,57,38
246,161,57,38
245,160,57,38
242,160,57,38
242,159,57,38
242,159,57,38
242,159,57,38
241,159,57,38
240,159,57,38
240,159,57,38
239,158,57,38
239,158,57,38
238,158,57,38
237,158,57,38
238,158,57,38
238,158,57,38
238,157,57,38
238,158,57,38
237,157,57,38
237,157,57,38
235,157,57,38
236,157,57,38
235,157,57,38
234,156,57,38
234,156,57,38
234,156,57,38
233,156,57,38
233,156,57,38
233,156,57,38
232,156,57,38
232,156,57,38
232,155,57,38
232,155,57,38
232,155,57,38
231,155,57,38
231,155,57,38
231,155,57,38
231,155,57,38
230,154,57,38
231,155,57,38
230,155,57,38
230,155,57,38
230,154,57,38
230,154,57,38
229,154,57,38
230,155,57,38
229,154,57,38
230,155,57,38
229,154,57,38
229,154,57,38
230,155,57,38
230,155,57,38
229,155,57,38
231,155,57,38
230,155,57,38
230,155,57,38
230,155,57,38
230,155,57,38
230,155,57,38
230,155,57,38
229,155,57,38
229,155,57,38
229,155,57,38
229,154,57,38
229,154,57,38
229,154,57,38
228,154,57,38
229,154,57,38
228,154,57,38
229,154,57,38
228,154,57,38
228,154,57,38
228,154,57,38
229,154,57,38
229,154,57,38
228,153,57,38
229,153,57,38
228,153,57,38
228,153,57,38
228,153,57,38
228,153,57,38
228,153,57,38
228,153,57,38
228,153,57,38
228,153,57,38
228,152,57,38
229,153,57,38
228,153,57,38
229,153,57,38
229,153,57,38
228,153,57,38
228,152,57,38
228,153,57,38
228,153,57,38
229,152,57,38
228,152,57,38
228,152,57,38
228,152,57,38
228,152,57,38
228,152,57,38
228,152,57,38
228,152,57,38
228,152,57,38
228,152,57,38
228,152,57,38
228,152,57,38
228,152,57,38
228,152,57,38
228,152,57,38
228,152,57,38
228,152,57,38
228,152,57,38
228,152,57,38
228,152,57,38
228,152,57,38
228,152,57,38
228,152,57,38
228,152,57,38
228,152,57,38
228,152,57,38
228,152,57,38
228,152,57,38
228,152,57,38
228,152,57,38
228,152,57,38
228,152,57,38
228,152,57,38
228,152,57,38
228,152,57,38
228,152,57,38
228,153,57,38
228,153,57,38
228,153,57,38
229,153,57,38
228,153,57,38
228,153,57,38
228,153,57,38
228,153,57,38
228,153,57,38
228,153,57,38
228,153,57,38
228,153,57,38
228,153,57,38
228,153,57,38
228,153,57,38
228,153,57,38
228,154,57,38
228,154,57,38
229,154,57,38
228,154,57,38
228,154,57,38
228,154,57,38
229,155,57,38
228,155,57,38
228,154,57,38
228,154,57,38
228,154,57,38
228,155,57,38
224,155,57,38
224,155,57,38
224,155,57,38
224,155,57,38
223,156,57,38
221,155,57,38
221,156,57,38
222,155,57,38
221,156,57,38
220,156,57,38
218,156,57,38
218,156,57,38
218,156,57,38
219,155,57,38
216,156,57,38
216,156,57,38
214,157,57,38
214,157,57,38
213,157,57,38
212,157,57,38
213,156,57,38
212,157,57,38
212,157,57,38
211,157,57,38
208,157,57,38
207,158,57,38
206,158,57,38
204,157,57,38
203,158,57,38
202,158,57,38
201,158,57,38
200,157,57,38
198,158,57,38
197,157,57,38
195,157,57,38
194,158,57,38
193,158,57,38
190,158,57,38
187,157,57,38
186,158,57,38
185,158,57,38
183,157,57,38
182,156,57,38
181,156,57,38
180,157,57,38
179,157,57,38
177,157,57,38
176,157,57,38
171,157,57,38
170,156,57,38
169,157,57,38
168,156,57,38
167,157,57,38
166,156,57,38
164,156,57,38
164,156,57,38
162,155,57,38
160,155,57,38
160,155,57,38
159,155,57,38
154,155,57,38
153,155,57,38
151,154,57,38
150,154,57,38
149,154,57,38
148,154,57,38
146,155,57,38
145,154,57,38
143,154,57,38
141,153,57,38
142,154,57,38
138,153,57,38
137,153,57,38
136,153,57,38
135,152,57,38
133,153,57,38
132,152,57,38
130,152,57,38
129,152,57,38
128,151,57,38
127,151,57,38
126,151,57,38
125,151,57,38
124,151,57,38
121,150,57,38
119,150,57,38
119,150,57,38
118,150,57,38
117,150,57,38
115,150,57,38
113,150,57,38
113,150,57,38
112,150,57,38
111,150,57,38
109,145,57,38
108,145,57,38
107,145,57,38
106,146,57,38
103,145,57,38
102,146,57,38
101,145,57,38
100,145,57,38
99,144,57,38
97,144,57,38
96,143,57,38
95,143,57,38
93,143,57,38
92,143,57,38
91,142,57,38
90,142,57,38
88,142,57,38
88,142,57,38
84,142,57,38
83,141,57,38
82,141,57,38
80,140,57,38
80,140,57,38
79,140,57,38
77,139,57,38
76,139,57,38
75,139,57,38
75,139,57,38
73,139,57,38
71,138,57,38
67,137,57,38
67,137,57,38
65,137,57,38
64,137,57,38
63,137,57,38
61,136,57,38
59,136,57,38
57,136,57,38
57,135,57,38
57,136,57,38
55,135,57,38
54,134,57,38
47,134,57,38
47,134,57,38
46,134,57,38
45,134,57,38
44,133,57,38
44,133,57,38
43,133,57,38
42,133,57,38
40,133,57,38
39,133,57,38
38,132,57,38
37,132,57,38
36,132,57,38
37,132,57,38
30,130,57,38
29,130,57,38
27,130,57,38
26,130,57,38
25,129,57,38
24,129,57,38
22,128,57,38
22,129,57,38
22,128,57,38
21,128,57,38
21,128,57,38
19,128,57,38
20,128,57,38
20,128,57,38
13,127,57,38
11,127,57,38
10,126,57,38
9,126,57,38
8,126,57,38
7,126,57,38
6,126,57,38
5,125,57,38
5,126,57,38
4,126,57,38
4,126,57,38
4,125,57,38
4,125,57,38
3,125,57,38
3,124,48,38
3,124,48,38
3,123,47,38
3,123,46,38
3,123,46,38
3,123,42,38
3,123,43,38
3,122,42,38
3,122,40,38
