NaN,NaN,NaN,-1
324.83,189.86,52,47
323.23,189.33,52,47
321.48,188.3,52,47
320.99,187.99,52,47
319.52,187.45,52,47
318.55,186.45,52,47
317.12,184.85,52,47
314.7,184.22,52,47
314.19,182.79,52,47
311.97,181.04,52,47
310.7,180.27,52,47
308.25,180.11,52,47
306.51,178.24,52,47
306.27,176.24,52,47
305.83,174.94,52,47
304.71,173.46,52,47
304.16,171.14,52,47
302.3,169.7,52,47
303.8,171.05,52,47
299.72,166.39,52,47
301.68,167.29,52,47
301.56,159.53,52,47
299.79,156.85,52,47
298.89,155.41,52,47
297.84,153.68,52,47
296.47,153.65,52,47
296.55,149.46,52,47
295.36,149.17,52,47
295.42,144.81,52,47
293.86,143.94,52,47
294.02,141.44,52,47
291.58,141.03,52,47
291.11,139.91,52,47
291.7,137.18,52,47
291.17,135.74,52,47
291.52,132.52,52,47
291.21,130.53,52,47
291.35,128.35,52,47
291.05,127.57,52,47
291.85,125.14,52,47
291.82,123.36,52,47
291.78,121.29,52,47
293.22,117.68,52,47
293.3,116.83,52,47
293.12,115.99,52,47
294.81,113.87,52,47
293.92,113.24,52,47
294.58,110.91,52,47
293.78,110.89,52,47
293,109.8,52,47
290.82,109.84,52,47
291.5,109.7,52,47
293.32,107.83,52,47
295.07,106.45,52,47
294.63,107.41,52,47
294.83,106.87,52,47
294.61,107.66,52,47
294.67,108.42,52,47
296.62,107.68,52,47
297.71,104.87,52,47
298.29,102.89,52,47
299.36,101.23,52,47
298.79,102.53,52,47
299.28,101.22,52,47
299.76,101.17,52,47
300.22,101.11,52,47
301.02,99.772,52,47
301.61,99.247,52,47
302.68,98.47,52,47
302.8,97.977,52,47
303.4,98.126,52,47
303.57,97.695,52,47
304.84,96.835,52,47
306.05,95.324,52,47
306.24,95.456,52,47
307.21,94.324,52,47
308.33,93.351,52,47
308.32,93.159,52,47
308.78,92.41,52,47
308.79,91.887,52,47
310.22,90.645,52,47
310.07,90.32,52,47
306.88,88.218,52,47
307.2,88.35,52,47
307.49,87.565,52,47
308.11,86.939,52,47
309.52,84.114,52,47
310.18,82.659,52,47
312.95,81.928,52,47
312.9,82.098,52,47
313.88,81.979,52,47
313.41,81.944,52,47
314.08,81.182,52,47
314.79,80.036,52,47
315.33,78.86,52,47
313.98,79.832,52,47
313.99,80.33,52,47
313.66,80.145,52,47
317.94,81.222,52,47
317.16,81.474,52,47
317.06,81.476,52,47
316.9,81.664,52,47
316.35,82.024,52,47
313.2,79.601,52,47
313.83,79.34,52,47
313.54,79.422,52,47
313.74,79.106,52,47
313.79,79.838,52,47
314.08,80.037,52,47
313.32,80.936,52,47
313.2,81.146,52,47
312.22,83.208,52,47
312.94,83.289,52,47
313.26,80.769,52,47
313.98,82.016,52,47
314.8,83.835,52,47
315.56,83.615,52,47
316.74,84.473,52,47
317.19,81.8,52,47
317.56,82.796,52,47
316.67,81.923,52,47
316.07,83.633,52,47
314.38,84.574,52,47
314.84,84.043,52,47
315.01,86.82,52,47
317.32,89.201,52,47
313.85,88.901,52,47
316.84,90.633,52,47
313.14,90.049,52,47
314.19,90.845,52,47
316.66,91.139,52,47
316.17,92.606,52,47
316.12,94.077,52,47
315.07,94.324,52,47
314.66,94.726,52,47
313.36,97.11,52,47
314.11,95.489,52,47
313.3,96.271,52,47
311.94,99.269,52,47
307.09,96.072,52,47
305.91,97.237,52,47
306.42,96.884,52,47
305.5,96.371,52,47
302.89,96.326,52,47
302.61,96.376,52,47
303.47,95.478,52,47
303.37,93.963,52,47
303.84,95.024,52,47
304.3,95.568,52,47
303.66,96,52,47
304.31,96.946,52,47
303.82,96.024,52,47
301.39,99.125,52,47
299.91,102.11,52,47
300.03,102.36,52,47
299.04,102.25,52,47
298.5,102.43,52,47
298.7,103.26,52,47
298.86,103.48,52,47
299.13,104.28,52,47
298.95,105.12,52,47
299.36,107.15,52,47
300.08,107.14,52,47
300.03,104.86,52,47
301.83,104.08,52,47
302.29,104.28,52,47
301.87,105.22,52,47
296.45,109.11,52,47
298.83,109.35,52,47
298.01,110.54,52,47
297.8,112.21,52,47
297.05,113.42,52,47
292.85,114.37,52,47
290.96,114.25,52,47
290.91,113.89,52,47
290.81,114.01,52,47
290.49,113.69,52,47
289.92,114.34,52,47
289.39,115.18,52,47
289.17,117,52,47
288.86,117.41,52,47
286.75,118.8,52,47
286.18,120.15,52,47
285.14,119.89,52,47
281.86,122.54,52,47
281.77,124.69,52,47
281.8,125,52,47
282.32,124.97,52,47
280.79,128.91,52,47
280.72,128.85,52,47
280.96,129.61,52,47
278.89,130.01,52,47
276.52,131.07,52,47
276.89,131.56,52,47
276.19,132.32,52,47
276.13,134.08,52,47
277.77,134.97,52,47
277.87,138.42,52,47
277.85,141.26,52,47
276.3,139.61,52,47
275.89,144.67,52,47
273.92,145.6,52,47
272.95,147.59,52,47
271.75,148.38,52,47
268.5,151.28,52,47
247.99,142.53,52,47
253.68,141.19,52,47
257.12,141.02,52,47
259.07,141.24,52,47
261.39,141.02,52,47
263.7,141.43,52,47
265.64,141.61,52,47
268.07,142.36,52,47
270.85,143.17,52,47
271.6,147.03,52,47
271.56,146.86,52,47
271.17,174.9,52,47
269.32,176.28,52,47
268.04,176.87,52,47
267.75,177.5,52,47
266.56,178.51,52,47
266.28,178.59,52,47
265.73,178.8,52,47
264.92,179.59,52,47
264.51,179.63,52,47
264.2,179.94,52,47
263.14,180.06,52,47
