NaN,NaN,NaN,-1
225.52,92.34,43.035,48.853
224.79,93.403,43.074,47.398
224.22,93.851,43.136,47.031
224.93,92.708,43.761,46.993
225.21,91.955,42.188,49.048
223.77,91.618,41.232,49.258
223.16,89.615,40.694,51.183
222.15,90.88,40.727,50.322
222.08,89.721,39.463,50.502
222.41,90.229,36.917,50.469
220.45,91.139,36.192,50.828
220.2,93.189,34.076,52.975
212.87,92.734,38.022,53.406
209.67,91.156,39.3,54.064
204.23,92.154,42.885,52.016
201.01,89.991,44.822,54.134
197.44,92.012,44.188,53.224
195.92,89.42,41.786,53.752
190.52,89.721,40.574,54.671
184.46,90.532,40.715,52.587
181.28,91.112,41.115,51.395
174.33,85.192,44.275,56.067
168.91,85.27,44.451,56.205
161.47,87.66,44.062,53.63
154.11,89.505,45.213,51.436
145.06,91.232,49.392,54.419
130.71,91.647,51.599,52.754
121.23,95.943,53.138,51.844
103.3,95.942,59.304,52.764
92.842,101.28,56.994,56.24
87.473,103.02,49.081,59.852
71.27,103.48,47.975,55.349
60.051,99.663,48.742,57.605
57.46,97.073,51.805,62.039
61.838,99.551,48.275,59.177
61.03,97.903,51.978,59.994
60.925,95.164,51.478,50.621
58.499,97.577,56.617,40.591
53.995,101.15,62.749,35.597
51.061,95.926,60.381,37.062
NaN,NaN,NaN,-2
NaN,NaN,NaN,0
NaN,NaN,NaN,0
NaN,NaN,NaN,0
NaN,NaN,NaN,0
NaN,NaN,NaN,-1
91.92,147.25,55.122,45.905
85.808,135.04,52.849,48.455
85.501,136,53.419,49.006
86.304,134.86,50.18,51.495
85.605,134.62,55.886,49.819
86.819,136,49.113,51.212
86.701,136.05,48.469,50.477
NaN,NaN,NaN,-2
NaN,NaN,NaN,0
NaN,NaN,NaN,0
NaN,NaN,NaN,0
NaN,NaN,NaN,0
NaN,NaN,NaN,-1
180.77,63.309,39.77,66.581
181.55,57.981,38.799,66.696
189.76,54.201,37.93,63.77
196.39,51.249,36.998,65.881
204.23,49.536,36.836,66.681
210.63,49.748,39.842,63.426
219.63,49.451,36.987,63.323
227.06,54.654,37.119,56.605
232.66,55.739,36.938,54.522
237.49,58.801,35.304,50.85
239.81,59.335,36.845,49.35
240.86,59.728,39.425,50.415
240.11,62.076,38.03,50.271
234.92,64.284,42.805,51.002
234.09,63.55,40.344,53.687
232.49,66.102,39.79,54.399
234.28,71.496,38.193,52.255
232.79,74.015,37.625,52.697
233.48,79.427,36.901,46.899
237.18,83.096,34.663,49.587
237.12,85.698,35.271,52.013
239.61,87.101,35.067,59.053
241.88,90.293,34.259,59.559
242.34,97.569,34.509,54.344
244.13,98.519,36.253,53.788
245.16,105.05,37.452,48.352
248.05,111.97,35.996,49.086
252.29,118.72,36.584,49.954
255.24,126.21,38.13,49.461
259.93,131.18,33.929,50.021
260.07,142.51,29.5,43.052
257.81,149.68,28.83,40.373
257.94,147.67,30.24,42.359
253.52,145.5,30.416,41.739
250.31,138.67,31.674,45.512
245.29,130.67,34.536,49.53
241.57,122.06,37.827,54.659
233.2,122.52,38.54,54.726
229.44,122.09,35.675,54.651
226.07,116.44,33.678,54.066
213.03,103.46,32.491,51.988
203.97,93.644,29.147,52.13
209.92,116.37,29.345,60.504
200.91,103.04,31.118,65.45
182.49,99.241,30.885,62.36
171.47,106.94,34.051,60.729
163.19,115.33,34.749,54.908
158.71,118.71,31.16,51.231
150.76,119.28,26.528,55.54
137.02,119.46,24.906,55.217
138.83,108.21,26.249,52.584
137.93,110.89,22.831,61.542
137.33,104.92,19.949,61.246
124.14,106.34,18.679,63.573
126.78,98.664,20.654,65.424
123.74,93.018,20.476,74.275
118.43,68.381,20.106,65.511
119.7,64.622,16.97,63.385
119.93,61.647,20.454,58.428
120.46,60.346,20.378,55.684
135.41,59.095,21.434,50.064
138.62,65.549,21.248,41.262
139.55,63.749,22.479,40.257
142.37,65.643,24.596,39.705
141.27,66.327,25.488,35.512
140.66,68.572,28.607,30.119
143.68,67.779,29.308,31.656
145.89,67.005,32.069,33.236
148.57,68.715,39.323,31.036
151.19,67.265,42.774,32.248
154.21,66.442,47.227,32.624
157.07,68.418,48.333,26.818
161.64,70.563,47.039,26.927
161.94,69.571,44.035,27.751
164.3,65.346,38.651,28.113
169.16,68.604,40.519,29.997
171.57,61.143,40.77,25.301
174.67,60.294,38.134,25.288
174.98,58.835,37.509,25.998
178.13,59.689,39.476,27.383
181.07,51.676,33.874,27.717
180.33,49.498,37.022,26.753
174.4,55.422,36.869,27.868
180.01,69.478,34.023,26.762
178.47,69.077,36.173,26.396
179.4,73.239,35.487,24.719
177.8,74.914,35.602,24.501
178.41,81.38,35.61,28.276
182.79,94.8,37.189,30.144
183.33,96.774,35.169,34.499
176.89,104.31,35.686,36.577
171.61,114.15,36.039,33.068
168.25,118.67,32.085,36.172
166.05,116.21,34.565,39.923
160.05,134.74,34.454,39.793
161.88,139.61,35.333,39.206
NaN,NaN,NaN,-2
NaN,NaN,NaN,0
NaN,NaN,NaN,0
NaN,NaN,NaN,0
NaN,NaN,NaN,0
NaN,NaN,NaN,-1
87.024,144.77,47.381,65.287
81.054,147.7,46.213,64.714
75.977,150.06,46.991,61.415
69.449,150.4,47.66,62.514
62.455,154.62,48.574,57.65
59.585,155.43,46.667,55.211
56.028,154.86,51.416,55.822
52.436,154.24,53.144,56.44
49.569,154.69,55.01,55.129
44.874,155.41,56.827,53.835
40.263,153.91,58.709,55.513
37.883,152.81,54.79,56.259
33.389,150.93,57.172,55.427
39.103,147.18,55.758,59.837
37.081,149.94,64.635,53.062
38.57,141.82,62.866,53.007
39.428,139.8,69.596,45.752
42.841,138.61,75.818,45.105
56.925,138.86,76.159,46.165
61.423,139.61,73.332,49.679
80.301,144.92,70.179,48.08
86.48,150.11,76.58,45.986
94.904,142.26,71.801,44.932
104.59,139.51,65.093,48.9
111.24,141.46,57.613,43.265
106.15,140.3,62.658,42.458
NaN,NaN,NaN,-2
NaN,NaN,NaN,0
NaN,NaN,NaN,0
NaN,NaN,NaN,0
NaN,NaN,NaN,0
NaN,NaN,NaN,-1
81.438,64.099,55.663,73.865
82.607,64.696,57.408,74.762
84.271,66.61,55.75,75.585
85.912,70.06,51.079,72.426
85.549,72.973,53.298,69.642
85.832,76.852,55.213,67.279
88.253,79.166,54.216,65.518
89.432,80.706,56.198,65.084
89.588,83.773,59.614,64.703
91.415,87.755,60.183,60.796
95.577,94.312,61.744,61.071
101.79,101.21,62.348,64.302
103.03,101.2,61.25,62.113
116.88,109.74,55.541,54.665
124.26,115.14,55.811,54.219
127.06,113.33,54.261,55.206
132.44,119.26,54.079,49.334
142.21,122.02,50.986,48.835
146.28,117.4,52.862,54.736
156.12,119.51,48.236,49.424
163.89,114.89,47.46,54.465
170.5,112.08,47.021,55.383
173.11,107.61,45.698,59.676
176.52,107.09,49.863,57.093
182.86,108.28,48.496,57.984
191.52,107.9,44.048,56.192
194.58,100.7,47.398,58.292
198.38,84.507,44.462,67.557
206.06,84.948,43.063,72.27
217.36,89.286,36.887,74.086
218.25,89.407,34.423,66.936
219.07,87.961,36.256,66.064
223.87,89.517,31.967,66.997
225.98,88.022,33.752,70.159
227.85,93.597,33.765,68.524
217.58,99.081,32.633,71.015
216.12,103.15,33.365,67.965
214.74,106.58,33.382,62.205
215.17,104.94,32.476,66.584
214.66,101.48,36.011,65.572
214.74,104.15,38.618,66.034
213.73,102.43,39.644,72.236
214.55,106.01,37.083,65.758
215.62,110.03,37.961,61.052
227.82,121.12,36.579,63.457
235.42,116.14,36.311,63.773
214.35,119.77,37.728,64.952
216.35,123.77,37.075,72.492
217.48,124.8,39.292,71.72
216.83,125.47,39.563,70.954
