NaN,NaN,NaN,-1
226.65,88.347,43.116,50.382
226.23,88.146,42.99,50.396
225.76,88.549,44.807,48.605
224.9,88.632,45.376,48.23
225.12,90.496,43.389,45.842
224.73,87.748,43.19,49.084
224.74,84.817,40.53,55.013
225.06,85.979,38.016,53.183
223.41,85.834,39.641,53.156
223.37,86.251,39.432,52.34
220.27,90.432,39.111,48.032
220.77,90.089,35.299,47.819
215.09,92.522,38.358,51.447
208.5,88.094,44.501,49.894
203.09,88.592,46.826,50.127
199.72,86.216,47.354,53.521
197.24,85.985,47.18,53.535
191.26,83.627,51.025,54.688
186.19,85.475,52.332,51.452
178.19,82.136,55.961,52.029
178.1,82.574,48.747,55.86
174.62,80.334,47.032,60.652
195.33,87.68,49.666,58.674
192.16,89.512,48.459,63.682
195.59,79.896,51.758,57.88
NaN,NaN,NaN,-2
NaN,NaN,NaN,0
NaN,NaN,NaN,0
NaN,NaN,NaN,0
NaN,NaN,NaN,0
NaN,NaN,NaN,-1
65.796,98.371,57.138,61.942
56.077,103.82,52.564,56.297
45.66,106.33,54.308,53.407
38.024,111.3,53.662,50.522
34.513,113.18,46.505,48.067
32.5,117.17,43.212,44.672
32.559,116.94,41.084,43.474
32.744,115.5,40.33,48.661
33.716,116.36,39.18,46.574
30.891,116.09,42.931,49.049
33.381,115.72,42.543,46.324
33.875,116.38,41.896,45.167
33.835,115.48,39.38,46.34
33.539,115.63,38.838,47.85
NaN,NaN,NaN,-2
NaN,NaN,NaN,0
NaN,NaN,NaN,0
NaN,NaN,NaN,0
NaN,NaN,NaN,0
NaN,NaN,NaN,-1
125.07,94.081,55.055,64.592
135.63,91.104,50.226,68.304
140.89,87.519,54.773,70.401
150.12,86.035,51.829,66.507
159.13,81.681,51.027,65.251
167.01,79.792,49.862,62.67
174.33,77.976,43.365,61.1
177.08,77.533,42.527,55.571
179.35,74.15,41.228,58.11
179.91,69.07,41.924,56.716
185.64,62.805,43.449,57.089
192.99,62.869,40.706,52.062
202.09,63.254,38.768,45.142
204.93,57.476,36.807,49.192
218.97,63.944,38.429,45.619
206.88,70.694,42.169,50.58
226.35,55.434,39.018,53.52
232.3,54.434,37.403,53.929
234.12,56.539,36.422,54.642
236,55.551,36.517,56.033
234.63,58.088,38.483,56.568
230.31,60.519,41.704,54.724
228.2,61.712,37.527,52.135
226.34,63.927,39.804,54.841
228.82,62.286,43.953,47.257
226.13,74.414,44.19,49.708
226.56,78.017,45.999,45.606
230.31,81.316,43.978,43.842
228.38,87.425,42.498,44.302
230.54,87.599,43.842,48.463
233.27,89.756,41.672,52.682
234.26,95.602,43.038,50.637
238.64,96.159,39.763,52.99
241.07,97.448,38.076,54.584
244.31,104.41,34.389,57.869
248.97,108.71,34.497,58.229
254.72,117.8,37.918,47.55
244.83,125.09,41.903,55.959
246.14,130.04,43.122,51.839
244.42,132.9,43.705,53.367
246.65,143.64,42.353,47.59
236.55,135.91,42.494,43.155
236.06,140.49,46.767,47.66
232.3,134.45,44.722,47.22
229.27,133.58,41.391,44.63
225.01,127.46,43.008,46.98
218.39,129.14,43.912,42.523
211.23,125.57,46.036,43.043
213.29,118.52,42.293,45.293
202.91,125.15,43.507,39.271
207.67,120.95,40.142,33.5
199.46,120.23,37.941,28.978
182.97,105.89,33.124,30.042
181.13,88.795,31.379,28.896
174.18,101.36,31.936,25.945
157.65,113.13,31.248,29.42
151.34,123.38,33.395,27.6
139.35,135.32,34.72,29.018
142.28,133.74,32.492,24.09
152.45,145.69,33.742,24.477
149.68,143.18,34.558,27.15
131.3,132.67,36.186,25.573
131.98,126.41,34.773,25.728
NaN,NaN,NaN,-2
NaN,NaN,NaN,0
NaN,NaN,NaN,0
NaN,NaN,NaN,0
NaN,NaN,NaN,0
NaN,NaN,NaN,-1
130.31,54.619,36.442,57.738
132.5,54.126,35.832,60.201
135.91,52.361,32.75,61.675
137.43,54.23,31.657,57.273
138.89,55.542,31.395,56.889
141.92,55.936,27.949,55.216
143.95,55.484,30.741,56.271
145.21,56.304,29.994,52.254
149.1,57.844,31.265,50.161
152.41,57.809,34.618,49.662
158.13,57.919,31.772,49.073
159.02,61.774,29.381,41.971
159.48,64.471,29.622,37.71
163.35,60.217,26.155,40.695
168.52,59.645,24.659,45.899
172.75,62.735,23.934,44.262
174.01,61.691,26.092,44.475
173.77,62.096,27.152,43.045
174.81,63.002,26.506,44.115
177.95,65.507,27.076,43.923
178.19,62.118,27.287,42.652
180.88,63.798,26.911,46.172
180.63,65.387,29.8,44.471
181.03,66.928,28.764,43.709
180.54,72.421,31.092,43.448
176.77,68.457,35.011,38.806
171.27,75.539,33.713,41.211
175.35,81.073,34.166,43.217
171.54,89.409,33.163,43.918
166.54,98.006,27.205,39.055
160.38,102.87,26.847,45.28
164.4,105.28,24.852,48.365
152.94,109.42,24.3,49.606
140.01,115.63,23.028,51.584
143.58,125.82,20.367,53.244
131.26,129.37,19.229,51.071
133.67,125,18.534,51.432
128.93,127.38,18.286,51.741
125.51,128.52,18.244,56.944
123.73,127.85,19.555,61.811
125.97,127.19,17.324,64.51
124.24,123,16.405,70.657
124.2,125.76,16.625,66.486
NaN,NaN,NaN,-2
NaN,NaN,NaN,0
NaN,NaN,NaN,0
NaN,NaN,NaN,0
NaN,NaN,NaN,0
NaN,NaN,NaN,-1
51.6,154.56,58.066,54.889
48.684,152.64,52.37,57.898
46.494,153.49,52.573,56.54
45.932,152.65,53.841,59.313
45.614,152.67,52.653,59.486
45.358,151.24,55.822,56.987
45.239,141.86,57.34,62.697
49.237,132.54,56.735,64.531
46.929,123.37,67.522,67.596
49.539,112.46,64.408,73.069
53.128,109.31,64.253,77.564
55.115,103.97,61.683,77.274
55.007,102.42,62.368,71.781
59.489,100.61,63.152,68.22
65.296,87.442,57.786,78.467
69.198,86.418,51.544,73.928
71.833,80.664,52.548,78.296
74.608,76.833,56.333,82.592
80.259,79.518,51.882,77.255
87.05,70.604,43.805,80.785
90.743,68.519,45.023,80.674
97.023,65.872,44.078,80.882
100.3,59.063,43.654,92.348
101.57,64.827,46.446,83.033
101.06,64.902,48.723,79.039
105.48,68.575,50.721,82.429
104.07,67.605,44.799,90.153
110.27,71.837,41.497,94.463
104.69,62.042,44.446,91.348
104.48,61.925,49.112,94.833
106.14,60.251,48.269,91.358
110.14,64.097,46.444,91.283
111.4,63.692,41.869,103.53
113.82,70.627,48.034,96.014
116.51,72.167,48.676,96.151
120.53,77.838,49.023,96.223
123.21,84.783,51.858,89.608
140.78,93.335,43.926,93.767
141.42,96.378,47.691,84.554
147.3,99.66,47.322,86.474
148.15,99.042,45.984,79.981
151.71,93.891,46.108,86.044
169.65,106.27,48.006,99.938
173.84,105.33,44.479,102.41
174.1,87.695,42.659,113.73
173.77,84.064,42.593,120.05
174.74,76.793,40.789,127.44
180.51,74.294,41.345,132.06
171.84,68.684,47.005,141.42
175.22,82.675,40.007,130.86
173.26,69.491,43.114,144.67
173.33,75.573,44.087,137.85
174.01,73.705,43.662,133.65
173.74,73.427,48.025,137.29
171.82,86.01,54.329,125.29
164.06,82.614,58.481,125.66
164.17,82.411,59.025,124.79
NaN,NaN,NaN,-2
NaN,NaN,NaN,0
NaN,NaN,NaN,0
NaN,NaN,NaN,0
NaN,NaN,NaN,0
NaN,NaN,NaN,-1
220.81,109.83,45.884,68.181
221.96,111,45.998,65.719
223.96,116.05,45.136,59.403
222.51,117.11,49.616,60.233
222.13,116.74,50.949,61.468
222.09,124.21,50.203,55.765
221.77,125.51,50.503,57.032
221.29,133.41,51.17,52.531
222.64,138.61,49.99,51.325
224.24,137.64,51.891,59.248
230.18,145.61,47.425,59.083
