NaN,NaN,NaN,-1
140.16,50.417,19.158,81.675
136.13,50.417,22.183,81.675
135.12,50.417,27.225,79.658
136.13,48.4,24.2,83.692
133.1,48.4,26.217,83.692
137.13,48.4,23.192,82.683
136.13,49.408,24.2,80.667
138.14,48.4,21.175,81.675
136.13,49.408,24.2,80.667
137.13,50.417,23.192,78.65
137.13,51.425,22.183,77.642
136.13,49.408,23.192,81.675
135.12,50.417,25.208,80.667
134.11,50.417,26.217,79.658
135.12,50.417,25.208,76.633
132.09,50.417,27.225,81.675
133.1,50.417,27.225,81.675
133.1,45.375,24.2,85.708
128.06,48.4,29.242,83.692
130.07,46.383,27.225,88.733
132.09,47.392,24.2,85.708
131.08,48.4,25.208,85.708
131.08,55.458,25.208,78.65
132.09,55.458,27.225,74.617
129.07,54.45,32.267,76.633
130.07,56.467,32.267,73.608
128.06,48.4,33.275,84.7
128.06,47.392,34.283,82.683
127.05,41.342,37.308,88.733
127.05,40.333,40.333,89.808
127.05,39.325,38.317,90.75
125.03,37.308,40.333,92.767
124.02,38.317,37.308,89.742
124.02,36.3,33.275,93.775
123.02,34.283,34.283,95.792
124.02,32.267,37.308,97.808
123.02,29.242,38.317,101.84
123.02,28.233,37.308,100.83
125.03,28.233,37.308,99.825
124.02,25.208,38.317,101.84
122.01,22.183,36.3,110.92
122.01,29.242,35.292,101.84
119.99,27.225,41.342,101.84
122.01,39.325,36.3,95.792
123.02,54.45,38.317,78.117
122.01,52.433,39.325,87.725
121,50.417,40.333,91.758
118.98,48.4,45.375,93.775
119.99,46.383,40.333,96.8
121,44.367,40.333,101.84
122.01,42.35,38.317,103.86
122.01,44.367,40.333,103.86
121,38.317,37.308,110.92
121,38.317,38.317,107.89
119.99,74.617,41.342,69.575
119.99,74.617,43.358,68.567
119.99,74.617,47.392,66.007
119.99,74.617,46.383,68.567
119.99,76.633,47.392,63.525
119.99,75.625,48.4,62.517
118.98,74.617,47.392,63.525
119.99,76.633,46.383,61.508
118.98,73.608,44.367,63.525
117.97,72.6,47.392,64.533
119.99,71.592,45.375,63.525
137.13,69.575,26.217,64.533
136.13,70.583,29.242,62.517
136.13,67.558,30.25,66.55
137.13,67.558,31.258,64.533
136.13,68.567,34.283,62.517
137.06,67.558,36.375,61.508
139.15,65.542,36.3,63.525
137.13,65.542,41.342,64.533
135.12,63.525,49.408,68.567
135.12,61.508,36.3,72.6
134.11,60.5,39.325,72.6
133.1,60.5,43.358,73.608
135.12,59.492,43.358,51.425
132.09,60.5,48.4,49.408
132.09,57.475,50.417,55.458
131.08,60.5,55.458,51.425
130.07,60.5,55.458,34.283
131.08,62.517,56.467,32.267
131.08,64.533,57.475,32.267
133.1,61.508,52.433,37.308
133.1,59.492,55.458,26.217
135.12,57.475,51.425,30.25
137.13,54.45,47.392,35.292
140.16,53.442,42.35,36.3
141.17,52.433,41.342,39.325
143.18,51.425,39.325,41.342
145.2,51.425,34.388,40.438
142.17,52.433,34.283,41.342
137.13,52.433,37.308,45.375
136.13,53.442,37.308,46.383
135.12,53.442,38.317,34.283
136.13,54.45,38.317,33.275
137.38,54.751,40.814,30.86
138.37,54.751,38.823,30.86
137.38,52.76,39.819,30.86
139.37,51.765,36.833,32.851
134.39,51.765,41.808,32.851
134.39,52.76,40.814,31.855
136.38,53.756,36.833,29.864
138.37,51.765,32.851,32.851
137.38,45.792,30.86,39.819
138.37,48.778,31.855,37.828
135.38,51.765,37.828,35.837
135.38,49.774,38.823,40.814
134.39,42.805,41.81,48.778
135.38,43.801,40.814,47.783
134.39,44.796,44.796,45.792
132.4,48.778,46.787,29.864
132.4,48.778,47.783,30.86
130.41,45.792,52.76,37.828
129.41,44.796,49.774,40.814
132.4,45.304,41.81,42.297
128.42,45.792,41.81,43.801
129.41,45.792,37.828,44.796
126.43,43.801,40.814,48.778
128.42,43.801,37.828,47.783
133.39,44.796,32.851,46.787
136.38,47.783,28.869,43.801
133.39,47.783,29.864,45.792
133.39,40.814,29.864,55.747
128.42,41.81,36.833,51.765
130.41,40.814,37.828,44.796
126.43,42.805,41.81,39.819
123.44,43.801,42.805,36.833
115.47,42.368,52.76,38.266
112.49,42.805,56.742,36.833
117.04,43.801,53.187,34.842
117.47,42.805,54.751,34.842
117.47,42.805,53.756,35.837
122.44,40.814,48.778,38.823
125.93,41.81,44.292,37.828
124.43,36.833,43.529,42.805
125.43,35.837,41.81,43.801
127.42,30.86,38.823,49.774
128.42,26.878,34.842,43.801
132.4,27.873,34.621,43.801
132.4,30.86,38.823,42.805
133.39,33.846,38.823,39.29
132.4,37.828,43.801,36.833
133.39,43.801,44.796,33.846
134.39,49.774,46.787,26.878
136.38,52.76,48.778,25.882
131.4,51.765,52.76,28.869
130.41,49.774,56.742,31.329
130.41,48.778,55.747,37.828
132.4,45.792,50.769,44.796
134.39,45.792,47.783,48.778
129.41,51.765,49.974,43.6
129.41,50.769,44.796,49.774
133.39,53.756,45.792,50.769
137.25,54.249,42.932,56.249
138.37,52.76,39.819,56.742
141.36,52.76,39.819,59.728
138.65,53.756,34.558,58.167
138.37,55.747,34.842,39.819
132.4,57.737,40.814,42.805
129.41,59.728,42.805,41.81
130.41,61.719,45.792,41.81
138.37,65.701,39.819,37.828
141.36,67.692,37.828,36.833
144.34,69.683,29.864,37.828
141.36,72.67,33.846,34.198
142.35,74.66,33.846,32.851
140.36,72.67,33.846,34.842
140.36,77.647,31.855,32.851
136.38,74.66,32.851,38.823
133.39,70.679,33.846,45.792
131.4,67.692,32.851,47.783
132.4,78.642,31.855,37.828
130.41,80.633,37.828,35.837
130.41,78.642,36.833,37.828
129.41,78.642,36.833,36.833
127.42,75.656,27.873,37.828
125.86,78.642,30.425,32.851
125.43,75.656,31.855,34.842
124.43,71.674,32.851,39.819
121.45,67.692,37.828,44.796
121.45,66.231,41.81,46.258
121.45,62.715,41.81,50.769
120.45,58.733,41.81,53.756
120.45,52.76,41.81,61.719
120.45,61.719,41.81,54.751
118.46,59.728,45.792,57.737
118.46,57.737,46.723,64.706
116.47,50.769,49.774,56.742
116.47,45.792,50.769,60.724
117.47,40.814,51.765,67.692
114.48,51.765,54.751,55.747
116.47,61.719,53.756,47.783
123.44,82.624,47.783,27.873
122.44,81.629,50.769,28.869
122.44,83.62,50.769,31.855
122.44,85.611,51.765,33.846
122.44,86.606,53.756,33.846
123.44,87.602,51.765,31.855
121.45,86.606,55.747,33.846
136.38,87.602,40.814,34.842
135.38,85.611,41.81,36.833
136.38,85.611,43.801,37.04
138.37,84.615,40.814,39.819
137.38,84.615,42.805,38.823
139.37,84.615,40.814,41.81
141.36,84.615,37.828,45.792
143.35,85.611,33.846,46.787
144.34,85.611,31.855,48.778
138.37,84.615,35.837,53.756
140.36,85.611,32.851,53.756
141.36,87.602,29.864,53.756
144.34,90.588,25.483,49.578
139.37,91.584,27.873,49.774
140.36,94.57,28.869,43.801
141.36,96.561,26.878,40.814
143.35,92.579,26.878,45.792
143.35,91.584,26.878,43.801
144.34,93.574,26.878,37.491
147.33,92.579,22.896,37.828
149.16,90.588,22.065,37.828
149.32,89.593,24.887,36.833
150.32,90.075,24.887,36.35
149.32,90.588,26.878,31.855
150.32,87.602,20.905,33.846
154.3,86.606,15.928,35.837
152.31,80.633,19.909,27.873
151.31,78.642,23.891,26.878
151.31,77.647,23.891,27.873
