NaN,NaN,NaN,-1
149,54,82,96
147,59,82,96
146,63,82,96
143,65,82,96
138,65,82,96
137,58,82,96
132,55,82,96
128,54,82,96
133,48,82,96
130,52,82,96
124,52,82,96
117,52,82,96
112,55,82,96
107,55,82,96
107,53,82,96
107,51,82,96
109,49,82,96
111,53,82,96
113,52,82,96
118,56,82,96
114,55,82,96
115,59,82,96
117,59,82,96
118,61,82,96
120,60,82,96
120,61,82,96
120,56,82,96
124,53,82,96
130,46,82,96
135,41,82,96
139,43,82,96
139,42,82,96
142,38,82,96
150,42,82,96
147,45,82,96
147,45,82,96
146,44,82,96
144,41,82,96
141,40,82,96
136,36,82,96
136,39,82,96
128,46,82,96
120,49,82,96
116,50,82,96
113,47,82,96
111,50,82,96
105,52,82,96
104,52,82,96
103,50,82,96
103,45,82,96
105,39,82,96
112,40,82,96
116,43,82,96
115,46,82,96
117,48,82,96
121,53,82,96
127,56,82,96
129,58,82,96
134,57,82,96
137,53,82,96
142,43,82,96
146,40,82,96
146,41,82,96
148,42,82,96
146,48,82,96
145,47,82,96
142,50,82,96
140,54,82,96
139,54,82,96
138,51,82,96
135,48,82,96
138,43,82,96
138,44,82,96
139,49,82,96
135,57,82,96
132,55,82,96
135,55,82,96
134,57,82,96
134,60,82,96
131,58,82,96
128,51,82,96
123,49,82,96
121,46,82,96
124,44,82,96
121,50,82,96
121,57,82,96
123,61,82,96
122,63,82,96
124,67,82,96
130,69,82,96
129,61,82,96
130,52,82,96
137,48,82,96
142,44,82,96
142,40,82,96
147,46,82,96
149,50,82,96
147,49,82,96
148,49,82,96
153,49,82,96
149,48,82,96
151,46,82,96
151,42,82,96
149,46,82,96
148,45,82,96
145,47,82,96
143,52,82,96
139,53,82,96
135,56,82,96
133,58,82,96
130,62,82,96
124,56,82,96
125,51,82,96
128,48,82,96
128,48,82,96
128,47,82,96
126,49,82,96
123,50,82,96
124,50,82,96
129,54,82,96
129,55,82,96
131,57,82,96
134,52,82,96
137,50,82,96
139,44,82,96
144,44,82,96
146,40,82,96
152,40,82,96
154,41,82,96
153,39,82,96
155,44,82,96
155,45,82,96
151,43,82,96
149,38,82,96
148,50,82,96
145,35,82,96
151,48,82,96
150,49,82,96
148,48,82,96
153,59,82,96
140,48,82,96
144,50,82,96
143,47,82,96
134,37,82,96
128,38,82,96
136,37,82,96
133,36,82,96
125,29,82,96
122,28,82,96
125,25,82,96
121,22,82,96
125,21,82,96
125,25,82,96
125,32,82,96
127,36,82,96
129,40,82,96
131,40,82,96
134,36,82,96
134,30,82,96
138,29,82,96
136,29,82,96
136,26,82,96
139,29,82,96
139,28,82,96
134,27,82,96
133,30,82,96
131,28,82,96
129,30,82,96
129,34,82,96
132,37,82,96
132,36,82,96
133,37,82,96
138,32,82,96
134,17,82,96
131,18,82,96
133,16,82,96
129,17,82,96
134,19,82,96
131,20,82,96
135,22,82,96
130,24,82,96
135,26,82,96
129,29,82,96
124,33,82,96
122,35,82,96
116,35,82,96
110,31,82,96
111,33,82,96
107,30,82,96
103,33,82,96
104,31,82,96
103,30,82,96
109,30,82,96
108,28,82,96
112,24,82,96
120,20,82,96
125,16,82,96
126,10,82,96
126,14,82,96
130,20,82,96
133,23,82,96
138,22,82,96
145,30,82,96
149,25,82,96
149,26,82,96
149,29,82,96
150,33,82,96
153,37,82,96
154,37,82,96
156,38,82,96
158,40,82,96
156,42,82,96
152,40,82,96
147,38,82,96
145,39,82,96
143,37,82,96
139,41,82,96
134,41,82,96
130,40,82,96
128,39,82,96
129,38,82,96
127,39,82,96
131,43,82,96
132,41,82,96
135,48,82,96
142,49,82,96
146,44,82,96
150,46,82,96
153,48,82,96
160,42,82,96
160,41,82,96
163,40,82,96
164,40,82,96
173,44,82,96
166,46,82,96
164,50,82,96
163,50,82,96
164,51,82,96
159,55,82,96
159,56,82,96
157,53,82,96
161,54,82,96
164,50,82,96
164,54,82,96
165,52,82,96
169,52,82,96
170,56,82,96
171,57,82,96
171,59,82,96
171,55,82,96
165,55,82,96
166,46,82,96
163,47,82,96
162,43,82,96
162,39,82,96
157,40,82,96
158,35,82,96
157,34,82,96
159,38,82,96
159,41,82,96
158,54,82,96
158,53,82,96
160,53,82,96
164,50,82,96
166,45,82,96
168,40,82,96
168,33,82,96
168,31,82,96
171,32,82,96
170,28,82,96
168,35,82,96
165,38,82,96
166,35,82,96
165,38,82,96
161,37,82,96
152,39,82,96
149,39,82,96
143,37,82,96
138,25,82,96
128,31,82,96
126,23,82,96
121,25,82,96
119,25,82,96
115,32,82,96
119,37,82,96
117,40,82,96
118,45,82,96
118,42,82,96
124,46,82,96
128,44,82,96
135,41,82,96
144,35,82,96
145,39,82,96
144,34,82,96
143,35,82,96
137,35,82,96
132,35,82,96
125,36,82,96
118,38,82,96
108,42,82,96
103,34,82,96
95,27,82,96
93,23,82,96
90,16,82,96
87,16,82,96
88,16,82,96
84,21,82,96
82,32,82,96
82,36,82,96
78,41,82,96
71,42,82,96
67,40,82,96
56,38,82,96
55,33,82,96
56,32,82,96
57,23,82,96
58,23,82,96
63,25,82,96
64,30,82,96
69,32,82,96
67,36,82,96
76,40,82,96
79,44,82,96
82,41,82,96
88,35,82,96
96,30,82,96
96,26,82,96
104,24,82,96
115,12,82,96
123,14,82,96
128,25,82,96
133,21,82,96
135,20,82,96
136,26,82,96
142,24,82,96
141,19,82,96
138,20,82,96
141,24,82,96
138,21,82,96
138,17,82,96
138,16,82,96
137,20,82,96
137,23,82,96
137,23,82,96
135,22,82,96
133,24,82,96
136,23,82,96
130,27,82,96
129,23,82,96
131,17,82,96
140,11,82,96
148,8,82,96
148,11,82,96
147,21,82,96
146,27,82,96
142,40,82,96
143,40,82,96
136,39,82,96
134,35,82,96
135,32,82,96
140,27,82,96
146,31,82,96
148,34,82,96
149,38,82,96
143,35,82,96
138,40,82,96
131,42,82,96
127,40,82,96
120,36,82,96
115,31,82,96
114,25,82,96
117,27,82,96
116,28,82,96
117,29,82,96
115,36,82,96
115,35,82,96
115,37,82,96
110,36,82,96
108,37,82,96
107,36,82,96
110,30,82,96
114,27,82,96
118,23,82,96
125,31,82,96
129,29,82,96
135,38,82,96
141,31,82,96
145,30,82,96
149,31,82,96
153,26,82,96
155,20,82,96
152,16,82,96
157,10,82,96
154,16,82,96
151,19,82,96
151,10,82,96
153,28,82,96
148,36,82,96
145,40,82,96
141,45,82,96
135,41,82,96
131,34,82,96
130,31,82,96
137,26,82,96
142,23,82,96
144,26,82,96
141,25,82,96
144,30,82,96
145,29,82,96
144,31,82,96
143,36,82,96
144,40,82,96
146,51,82,96
150,47,82,96
151,40,82,96
154,38,82,96
159,45,82,96
159,54,82,96
157,54,82,96
156,59,82,96
148,60,82,96
147,60,82,96
151,55,82,96
142,53,82,96
143,53,82,96
135,49,82,96
133,50,82,96
130,43,82,96
130,35,82,96
128,33,82,96
124,37,82,96
125,43,82,96
124,43,82,96
123,48,82,96
120,51,82,96
114,50,82,96
114,49,82,96
115,43,82,96
118,45,82,96
122,39,82,96
127,50,82,96
133,51,82,96
137,56,82,96
142,57,82,96
140,63,82,96
139,69,82,96
111,109,82,96
113,111,82,96
101,105,82,96
90,106,82,96
85,98,82,96
89,97,82,96
88,94,82,96
95,97,82,96
83,105,82,96
74,109,82,96
NaN,NaN,NaN,-2
NaN,NaN,NaN,0
NaN,NaN,NaN,0
NaN,NaN,NaN,0
NaN,NaN,NaN,0
NaN,NaN,NaN,-1
164,70,48,57
164,69,48,57
161,69,48,57
158,69,48,57
155,67,48,57
154,67,48,57
147,66,48,57
143,64,48,57
143,65,48,57
141,63,48,57
140,66,48,57
137,68,48,57
135,68,48,57
134,68,48,57
137,64,48,57
142,64,48,57
142,63,48,57
144,64,48,57
145,61,48,57
144,64,48,57
141,63,48,57
142,66,48,57
140,63,48,57
141,62,48,57
141,63,48,57
145,62,48,57
141,57,48,57
144,57,48,57
148,59,48,57
148,57,48,57
140,57,48,57
139,54,48,57
138,55,48,57
133,56,48,57
132,57,48,57
130,57,48,57
131,58,48,57
133,57,48,57
138,54,48,57
142,40,48,57
145,48,48,57
151,37,48,57
158,37,48,57
161,37,48,57
165,39,48,57
168,40,48,57
168,33,48,57
168,32,48,57
170,29,48,57
175,29,48,57
172,32,48,57
170,38,48,57
167,52,48,57
162,45,48,57
154,48,48,57
146,49,48,57
138,47,48,57
137,50,48,57
135,45,48,57
137,42,48,57
138,43,48,57
142,44,48,57
144,45,48,57
149,45,48,57
150,48,48,57
154,52,48,57
158,56,48,57
161,58,48,57
164,59,48,57
163,54,48,57
161,53,48,57
160,52,48,57
161,55,48,57
163,57,48,57
163,57,48,57
162,55,48,57
161,54,48,57
158,49,48,57
159,44,48,57
160,40,48,57
156,36,48,57
155,35,48,57
149,39,48,57
142,42,48,57
141,40,48,57
143,39,48,57
142,41,48,57
138,43,48,57
136,42,48,57
137,40,48,57
140,37,48,57
143,36,48,57
143,40,48,57
145,44,48,57
145,51,48,57
142,55,48,57
146,58,48,57
144,56,48,57
147,50,48,57
147,45,48,57
151,40,48,57
153,45,48,57
154,48,48,57
155,53,48,57
154,54,48,57
154,52,48,57
156,50,48,57
152,51,48,57
154,48,48,57
156,48,48,57
157,48,48,57
152,48,48,57
148,50,48,57
144,48,48,57
139,49,48,57
134,48,48,57
130,48,48,57
123,45,48,57
119,46,48,57
121,46,48,57
125,43,48,57
124,39,48,57
129,40,48,57
129,47,48,57
134,54,48,57
137,60,48,57
140,64,48,57
150,61,48,57
154,53,48,57
160,47,48,57
162,43,48,57
165,41,48,57
167,40,48,57
167,39,48,57
167,39,48,57
165,41,48,57
166,44,48,57
160,46,48,57
160,48,48,57
159,51,48,57
154,57,48,57
155,51,48,57
157,46,48,57
156,46,48,57
154,52,48,57
155,52,48,57
153,55,48,57
153,57,48,57
162,49,48,57
161,54,48,57
160,51,48,57
163,51,48,57
162,54,48,57
157,59,48,57
157,62,48,57
157,65,48,57
159,69,48,57
157,72,48,57
152,67,48,57
153,68,48,57
153,65,48,57
152,62,48,57
153,58,48,57
157,57,48,57
158,56,48,57
164,56,48,57
166,58,48,57
168,60,48,57
170,60,48,57
172,58,48,57
172,53,48,57
173,51,48,57
169,50,48,57
165,46,48,57
160,46,48,57
153,50,48,57
151,55,48,57
146,55,48,57
143,56,48,57
137,58,48,57
132,58,48,57
132,58,48,57
128,55,48,57
128,52,48,57
131,52,48,57
134,53,48,57
134,57,48,57
139,61,48,57
144,65,48,57
149,71,48,57
154,69,48,57
156,68,48,57
163,63,48,57
170,64,48,57
175,64,48,57
178,67,48,57
179,71,48,57
180,74,48,57
177,76,48,57
174,75,48,57
169,74,48,57
166,72,48,57
165,71,48,57
162,73,48,57
161,71,48,57
162,69,48,57
162,70,48,57
160,69,48,57
154,69,48,57
155,65,48,57
152,64,48,57
149,64,48,57
149,64,48,57
150,61,48,57
151,60,48,57
155,58,48,57
156,59,48,57
161,60,48,57
166,58,48,57
169,70,48,57
173,78,48,57
173,85,48,57
173,84,48,57
177,70,48,57
177,57,48,57
182,54,48,57
181,52,48,57
182,52,48,57
180,55,48,57
184,59,48,57
187,57,48,57
191,57,48,57
190,63,48,57
192,65,48,57
188,73,48,57
189,76,48,57
186,82,48,57
186,80,48,57
183,48,48,57
180,45,48,57
171,42,48,57
166,42,48,57
168,43,48,57
167,44,48,57
171,46,48,57
180,57,48,57
178,58,48,57
165,58,48,57
166,56,48,57
163,55,48,57
161,51,48,57
167,52,48,57
170,53,48,57
175,55,48,57
179,56,48,57
180,57,48,57
183,57,48,57
186,59,48,57
186,58,48,57
183,59,48,57
181,56,48,57
180,54,48,57
179,54,48,57
175,57,48,57
173,60,48,57
171,64,48,57
168,65,48,57
162,65,48,57
158,65,48,57
155,62,48,57
151,58,48,57
149,60,48,57
147,59,48,57
144,62,48,57
143,60,48,57
143,63,48,57
144,66,48,57
147,65,48,57
152,62,48,57
158,62,48,57
163,63,48,57
168,62,48,57
169,62,48,57
174,58,48,57
174,58,48,57
178,63,48,57
175,72,48,57
175,75,48,57
172,82,48,57
172,77,48,57
171,75,48,57
168,76,48,57
164,69,48,57
162,66,48,57
160,64,48,57
155,66,48,57
150,69,48,57
148,70,48,57
143,77,48,57
145,68,48,57
144,69,48,57
144,67,48,57
140,70,48,57
137,69,48,57
136,72,48,57
133,69,48,57
130,70,48,57
