NaN,NaN,NaN,-1
139.67,17.68,34.155,130.66
139.39,18.006,34.174,130.46
139.35,17.676,34.279,130.91
138.1,18.594,34.281,130.82
138.02,18.79,34.061,129.96
137.21,19.549,34.128,130.19
136.72,20.329,34.121,130
135.85,19.81,34.265,130.38
135.96,20.428,34.107,129.88
135.28,21.128,34.387,130.9
135.12,21.152,34.096,130.03
134.2,21.826,34.222,130.64
133.97,22.745,34.327,130.99
133.38,22.962,34.156,130.37
132.62,23.675,34.26,130.73
132.75,24.108,34.107,130.05
132.07,23.757,34.155,130.38
132.23,22.981,34.08,130.22
133.27,21.834,34.341,131.22
133.25,21.45,34.158,130.92
133.88,20.539,34.339,131.82
134.68,21.163,33.858,130.05
134.45,20.86,34.165,131.11
135.17,21.282,33.817,129.69
135.52,22.06,33.799,129.49
135.75,21.255,34.045,130.4
136.44,22.115,33.905,130
137.21,21.913,33.959,130.15
136.92,22.004,34.072,130.57
137.54,21.886,34.293,131.31
137.92,23.057,34.223,131.13
138.33,23.247,33.927,130.29
137.73,24.021,33.976,130.42
137.3,24.907,33.935,130.18
137.16,25.105,33.853,129.8
136.15,24.959,34.137,130.8
135.24,25.111,34.142,130.73
134.4,25.767,34.16,131
134.57,25.076,34.063,130.7
133.82,25.225,33.966,130.44
133.49,25.815,33.895,130
133.81,25.038,33.951,130.37
133.67,24.98,34.022,130.81
133.61,25.986,33.823,130.24
133.81,25.884,33.931,130.64
134.14,27.307,33.599,129.74
133.76,27.006,33.539,129.73
134.11,27.09,33.594,130.09
134.2,28.115,33.549,129.71
133.85,27.89,33.691,130.19
134.09,27.969,33.624,130.11
133.58,28.065,33.542,129.75
133.1,27.815,33.732,130.66
133.35,28.208,33.416,129.58
132.32,27.83,33.527,129.66
132.9,28.223,33.454,129.54
133.5,28.164,33.317,129.05
133.93,27.248,33.18,128.55
134.16,26.866,33.709,130.52
134.64,25.925,33.646,130.28
135.71,25.808,33.561,129.94
135.85,25.837,33.795,131.02
136.19,25.863,33.748,130.88
136.04,26.687,33.978,131.64
136.36,26.622,33.777,131.13
136.49,26.448,34.056,132.22
136.81,26.185,33.185,129.11
136.08,25.9,33.362,129.53
136.38,25.857,33.623,130.45
135.99,25.946,33.674,130.79
136.04,25.872,33.535,130.59
133.52,26.288,33.037,128.54
133.9,26.247,33.707,131.03
132.1,25.22,33.91,131.81
128.15,25.112,33.825,131.72
127.03,26.764,33.553,130.4
123.72,26.419,33.495,130.01
116.71,25.984,33.318,128.97
111.84,24.606,32.767,126.95
110.74,24.919,32.26,124.93
106.57,22.823,32.435,125.51
103.21,15.33,32.433,125.67
101.55,10.068,32.687,126.84
100.99,-0.19595,32.696,126.87
110.55,-2.9523,32.764,126.93
110.51,-2.7139,32.594,126.1
117.48,3.9407,32.085,124.28
115.53,2.6336,32.326,124.82
114.67,1.6132,32.895,127.26
124.43,0.17371,32.57,126.12
130.01,-2.9032,32.365,125.08
131.01,-1.0712,31.626,122.46
138.78,0.090418,31.841,122.84
145.49,3.1501,31.68,122.05
142.07,2.4287,31.701,122.16
137.78,3.9796,32.35,124.81
134.81,14.446,32.151,124.02
129.96,16.667,31.586,121.68
122.91,14.694,32.09,123.67
121.03,14.275,31.414,121.06
121.8,15.467,31.035,119.67
122.72,19.797,31.037,119.72
129.19,21.005,30.962,119.51
126.7,21.748,30.258,116.76
126.79,29.25,29.956,115.72
139.86,31.983,29.667,114.62
139.66,33.321,28.684,110.63
140.44,38.161,28.85,111
132.46,32.239,29.042,111.76
131.22,33.369,29.407,113.11
135.22,30.994,29.724,114.19
139.28,29.514,29.741,114.12
144.84,36.447,29.52,113.32
139.62,27.92,29.659,113.92
144.38,29.693,29.862,114.69
147.5,32.657,28.827,110.63
145.35,32.279,28.278,108.93
147.46,33.864,28.684,110.56
142.15,31.449,28.638,110.4
141.42,34.274,28.851,111.29
140.67,38.048,29.216,112.85
138.11,38.009,29.251,113.3
136.04,39.3,28.919,112.03
141.55,45.391,28.73,111.37
141.5,44.394,28.935,112.14
142.91,44.316,28.943,112.32
143.7,45.04,28.461,110.27
142.66,45.71,27.645,106.97
143.77,50.987,26.943,104.14
145.66,57.427,26.604,102.71
149.5,57.949,26.472,101.99
149.98,57.547,26.849,103.36
148.59,58.338,26.537,102.31
141.12,63.629,26.841,103.55
146.07,64.576,26.174,101.06
135.41,66.334,26.124,100.85
130.9,70.703,25.244,97.582
118.42,76.812,25.598,98.776
112.08,85.077,25.363,97.833
103.31,83.633,24.893,95.98
107.29,91.247,24.515,94.444
101.66,93.006,24.013,92.521
100.97,92.761,23.26,89.686
NaN,NaN,NaN,-2
NaN,NaN,NaN,0
NaN,NaN,NaN,0
NaN,NaN,NaN,0
NaN,NaN,NaN,0
NaN,NaN,NaN,-1
140.86,49.837,81.155,87.142
131.78,51.905,80.961,86.606
124.12,52.335,81.051,87.303
115.93,52.569,81.143,87.691
104.67,52.397,81.174,87.392
104.61,51.857,81.244,87.792
98.525,51.054,81.109,88.129
87.333,48.818,81.082,88.53
80.012,48.31,80.925,87.921
NaN,NaN,NaN,-2
NaN,NaN,NaN,0
NaN,NaN,NaN,0
NaN,NaN,NaN,0
NaN,NaN,NaN,0
NaN,NaN,NaN,-1
94.591,59.673,99.645,38.188
96.057,60.055,99.618,37.084
98.987,61.311,99.589,35.887
103.69,63.23,98.992,34.619
104.35,64.872,98.913,33.704
105.67,64.915,98.543,33.43
106.17,65.728,98.5,32.07
107.04,65.686,98.08,30.869
107.78,65.688,98.039,30.474
108.29,64.09,97.814,30.152
105.78,61.956,97.698,30.215
106.18,61.347,97.749,29.757
106.49,59.074,97.992,29.279
102.52,57.115,97.974,28.312
99.655,56.129,98.001,27.75
101.65,54.185,97.812,27.802
103.93,52.95,98.517,27.236
105.85,52.129,98.731,26.982
98.761,50.111,98.267,26.729
92.901,49.281,98.903,25.744
89.028,47.703,99.134,26.437
NaN,NaN,NaN,-2
NaN,NaN,NaN,0
NaN,NaN,NaN,0
NaN,NaN,NaN,0
NaN,NaN,NaN,0
NaN,NaN,NaN,-1
170.37,61.114,32.477,71.095
171.92,60.074,32.477,70.807
173.24,60.131,32.281,70.614
175.45,60.102,32.152,70.351
178.76,60.271,31.766,69.289
179.4,60.3,32.091,70.056
181.65,60.184,31.667,68.802
181.49,60.477,32.128,69.986
181.92,60.37,32.256,70.303
180.78,60.373,32.376,70.194
178.34,61.079,32.105,69.719
177.83,61.784,32.156,69.801
175.69,63.457,31.861,69.24
176.08,61.805,31.582,68.815
174.42,61.977,31.627,68.807
