NaN,NaN,NaN,-1
138.17,15.665,35.155,140.69
138.17,16.206,34.914,139.8
137.39,15.622,35.232,141.25
137.37,16.484,35.155,140.8
136.3,17.031,35.184,140.83
136.24,17.627,35.094,140.46
135.75,18.41,35.087,140.26
134.88,17.88,35.231,140.66
134.25,17.996,35.569,141.73
134.2,19.962,35.085,139.78
133.7,19.583,35.331,140.66
133.19,20.244,35.382,140.83
132.49,21.088,35.296,140.86
132.31,21.184,35.247,140.77
131.23,21.45,35.412,141.52
131.35,21.898,35.258,140.8
130.68,21.541,35.306,141.14
130.84,20.769,35.232,140.98
131.75,20.211,34.93,139.75
132.1,20.944,34.726,138.97
132.78,19.877,34.938,139.79
133.19,19.508,35.149,140.64
132.91,19.471,35.128,140.69
134.27,19.654,34.944,139.98
134.14,20.421,34.882,139.51
134.6,19.361,35.242,140.9
134.81,19.477,35.197,140.77
135.52,20.176,35.159,140.57
135.97,20.208,35.123,140.52
136.05,20.396,35.223,140.77
136.43,20.818,35.267,141.1
136.86,22.503,34.707,139.18
136.57,23.04,34.69,139.29
135.63,22.904,35.122,140.86
135.49,23.111,35.04,140.46
134.46,23.44,35.089,140.77
133.29,23.12,35.37,141.59
133.43,22.848,35.289,141.43
133.23,24.203,34.908,139.94
132.48,24.358,34.812,139.67
132.56,23.118,35.254,141.45
132.26,22.927,35.242,141.59
132.4,23.686,35.035,140.67
132.38,24.534,34.817,139.61
132.09,23.685,35.179,141.26
132.42,25.128,34.848,140.31
132.6,24.598,35.104,141.29
132.39,25.091,35.101,141.33
132.48,26.123,35.056,140.93
132.13,25.889,35.198,141.43
132.37,25.969,35.131,141.35
131.85,26.072,35.049,140.97
131.38,25.803,35.239,141.92
131.63,26.218,34.923,140.8
130.6,25.839,35.034,140.89
131.51,26.376,34.934,140.23
131.1,26.131,35.031,140.55
132.11,26.288,34.851,139.85
131.94,24.617,35.304,141.65
133.42,24.324,35.225,141.15
134.49,24.213,35.14,140.79
133.97,23.949,35.295,141.06
135.04,23.803,35.798,143.36
136,24.634,35.872,143.72
136.42,26.209,35.399,141.66
137.01,27.007,35.271,141.11
137.83,26.547,35.396,141.28
137.97,26.777,35.417,141.27
138.35,27.433,35.159,140.41
139.68,27.942,35.155,140.59
139.74,27.868,35.016,140.4
134.64,27.121,35.184,140.97
132.6,27.452,35.277,141.4
131.51,27.388,35.151,140.91
136.26,27.252,34.985,139.82
130.08,26.223,34.982,139.82
129.16,25.283,34.85,139.34
122.16,24.865,34.673,138.27
116.18,21.615,34.089,135.58
111.53,21.612,33.623,133.51
106.53,19.622,33.605,133.54
103.35,17.342,33.743,134.23
101.65,22.568,33.938,135.16
100.7,22.685,33.386,132.95
99.725,21.89,32.783,130.58
100.56,24.53,31.834,127.07
105.87,31.38,31.221,124.3
109.62,37.22,30.658,122.22
111.91,37.45,30.177,120.49
110.1,34.999,30.949,123.67
112.77,30.807,30.563,122.1
121.07,31.184,30.081,120.26
128.92,31.869,29.63,118.46
137.26,27.132,29.529,117.9
142.6,25.342,29.762,118.56
141.31,25.278,30.442,121.19
133.6,27.282,30.91,122.68
130.66,27.793,30.794,122.42
125.36,16.002,30.89,122.94
128.59,14.359,30.951,122.99
128.73,13.841,30.886,122.91
128.24,17.562,30.486,121.42
125.75,20.425,30.01,119.72
127.74,20.343,29.756,118.91
127.77,29.545,29.256,116.7
136.12,30.6,28.824,114.87
136.83,30.379,28.384,113.06
138.64,40.111,29.172,116.09
136.29,34.739,28.729,114.35
133.15,35.543,27.971,111.38
136.46,36.176,27.595,109.86
139.01,38.727,27.55,109.83
143.66,38.781,27.619,110.15
141.63,34.066,26.98,107.67
147.53,43.196,26.681,106.23
146.73,42.423,26.904,107.44
143.12,36.247,27.326,109.02
146.67,43.304,27.552,109.92
141.51,37.88,27.38,109.23
142.5,35.22,27.548,109.76
141.47,38.663,27.837,110.95
139.8,41.166,27.161,108.13
137.89,43.665,26.788,106.7
145.53,41.151,27.069,107.71
145.28,42.401,26.857,106.8
147.4,41.818,26.623,106.08
142.59,44.007,26.584,105.72
142.73,44.303,26.335,104.68
145.5,49.484,26.587,105.7
145.87,54.33,26.23,104.33
148.07,56.864,25.907,103.12
146.26,62.552,25.567,101.74
149.11,59.654,25.117,100.09
150.6,66.869,24.529,97.677
144.14,77.101,23.736,94.564
133.49,78.861,23.687,94.352
128.99,80.539,23.106,91.874
121.1,79.122,22.726,90.442
114.75,87.4,22.49,89.474
116.07,94.51,22.175,88.191
107.07,94.237,21.431,85.231
109.46,94.025,21.598,85.957
109.07,93.489,21.624,86.115
NaN,NaN,NaN,-2
NaN,NaN,NaN,0
NaN,NaN,NaN,0
NaN,NaN,NaN,0
NaN,NaN,NaN,0
NaN,NaN,NaN,-1
136.86,48.834,83.155,93.149
125.79,51.405,82.756,91.975
119.45,51.375,83.331,92.203
111.27,51.603,83.423,92.602
99.998,51.436,83.453,92.294
94.284,50.477,83.755,93.297
83.628,51.139,83.546,92.587
NaN,NaN,NaN,-2
NaN,NaN,NaN,0
NaN,NaN,NaN,0
NaN,NaN,NaN,0
NaN,NaN,NaN,0
NaN,NaN,NaN,-1
111.12,54.65,80.281,86.198
110.48,54.657,80.372,86.148
114.08,55.246,79.642,84.388
116.7,54.442,79.539,83.513
118.88,53.295,79.833,84.571
126.67,54.473,79.223,83.641
126.57,54.721,79.082,83.324
131.43,55.709,78.825,82.301
125.24,54.837,79.099,82.694
129.25,53.348,78.91,82.203
135.01,53.175,79.251,82.586
136.93,53.434,78.699,81.913
147.44,49.346,78.804,82.325
155.23,48.899,78.404,82.058
159.21,46.425,78.47,81.822
168.53,44.304,79.198,83.26
172.81,43.401,79.059,83.104
165.16,40.879,78.72,83.173
166.7,39.687,78.371,82.66
164.2,38.936,78.336,82.27
164.59,37.446,77.766,81.791
158.28,35.787,78.1,82.45
158.11,35.08,77.943,81.985
156.99,33.997,77.955,81.748
152.71,32.309,77.601,81.695
150.89,31.642,77.699,81.986
144.77,30.12,77.384,81.888
144.04,28.466,77.93,82.727
142.42,27.994,77.659,82.951
142.29,26.93,77.763,83.12
143.16,26.39,77.674,82.858
136.61,25.8,77.541,82.83
137.37,25.566,77.426,82.724
137.41,25.841,77.192,81.978
136.49,25.809,77.531,82.261
126.24,25.245,77.461,81.617
122.99,25.965,77.449,80.624
121.89,25.74,78.101,81.169
116.21,25.967,77.675,80.553
107.05,26.385,77.515,80.368
101.18,26.72,77.789,80.825
95.948,26.97,78.301,81.105
93.633,27.389,78.632,82.083
93.637,27.282,78.793,82.771
