NaN,NaN,NaN,-1
142.02,42.084,19.041,111.99
141.8,42.273,19.433,112.04
141.59,42.357,19.798,111.2
141.75,42.442,20.015,111.13
141.12,42.595,19.182,111.14
140.88,42.692,19.99,110.35
140.95,42.767,19.602,110.38
141.46,42.616,18.722,109.47
140.71,43.752,18.565,107.79
140.11,44.131,19.608,107.74
139.53,42.789,20.809,108.61
138.7,43.59,20.411,107.87
138.3,43.189,21.511,107.68
138.45,45.344,21.618,104.89
137.23,44.459,22.718,109.78
137,44.465,22.611,110.14
137,44.931,22.653,107.68
136.17,46.13,23.119,107.81
136.72,46.673,22.322,104.48
136.32,48.123,21.277,102.53
136.22,48.497,21.76,99.754
133.94,45.885,25.571,110.4
132.39,47.097,26.613,109.09
131.42,45.697,28.398,116.82
131.05,46.663,29.057,114.82
130.17,46.986,28.96,113.56
131.17,47.669,26.686,110.95
131.75,49.259,25.88,106.86
130.67,50.394,26.04,105
131.32,50.89,23.991,102.11
128.95,52.84,27.378,100.01
127.24,53.456,28.814,98.709
130.44,44.438,17.12,95.839
130.25,43.827,16.437,95.226
128.76,43.269,18.262,95.992
128.89,39.74,16.844,97.784
125.49,42.12,21.229,97.249
125.58,42.888,19.76,93.877
126.19,47.067,18.006,87.506
127.55,46.963,14.573,85.443
126.8,49.601,14.632,80.469
127.11,54.289,13.039,73.702
126.77,53.916,13.29,72.968
126.65,50.465,13.936,76.349
125.86,47.216,15.3,76.026
125.86,40.448,14.565,79.851
124.25,42.865,14.216,74.726
124.28,43.287,15.18,75.603
123.59,41.12,16.182,80.789
123.83,44.619,15.996,85.147
124.56,47.663,13.916,80.742
123.75,47.137,14.982,80.107
123.02,40.686,15.121,82.511
123.01,44.161,16.275,81.927
123.63,42.767,14.464,83.775
122.84,46.457,16.033,83.24
122.18,44.517,16.982,86.193
122.96,45.568,15.897,85.754
123.47,45.583,15.34,86.324
121.37,34.552,19.606,89.585
121.94,33.797,19.222,90.102
120.49,27.296,18.486,86.464
121.72,27.724,16.532,89.078
121.3,27.031,16.661,89.944
121.19,27.061,16.246,89.88
120.75,25.699,17.233,89.832
120.16,25.609,16.704,89.867
120.59,25.272,15.58,90.162
120.32,25.641,16.21,89.526
120.31,25.602,16.811,89.857
120.71,26.385,16.867,90.107
119.98,26.544,17.016,89.689
120.45,27.249,16.338,90.365
120.7,29.358,16.254,88.791
120.89,30.397,15.114,88.611
120.67,31.553,15.622,88.131
119.06,32.909,16.603,87.499
119.44,33.799,16.111,88.617
119.34,35.735,16.459,87.727
118.28,36.824,16.536,88.414
118.7,39.288,15.729,88.344
117.84,41.42,15.18,86.981
117.8,43.198,15.599,87.614
117.85,45.225,15.044,87.501
117.24,47.265,14.997,87.717
116.26,49.113,15.222,87.777
116.17,50.913,15.929,89.198
114.63,52.557,16.772,89.657
NaN,NaN,NaN,-2
NaN,NaN,NaN,0
NaN,NaN,NaN,0
NaN,NaN,NaN,0
NaN,NaN,NaN,0
NaN,NaN,NaN,-1
118.64,56.345,58.175,55.706
117.51,55.799,61.485,59.018
120.58,65.177,54.42,51.351
118,66.478,55.805,52.692
115.97,68.124,56.385,53.206
114.29,69.196,57.75,54.549
118.22,76.168,51.194,48.225
117.26,77.764,51.462,48.486
116.33,79.07,51.929,48.913
115.53,80.702,52.635,49.676
115.78,84.367,49.536,46.794
114.89,85.226,50.228,47.495
113.95,87.493,50.045,47.321
113.03,88.422,49.523,46.781
111.19,87.349,51.907,48.881
NaN,NaN,NaN,-2
NaN,NaN,NaN,0
NaN,NaN,NaN,0
NaN,NaN,NaN,0
NaN,NaN,NaN,0
NaN,NaN,NaN,-1
130.05,49.942,64.545,40.636
128.45,47.708,65.222,47.214
127.5,46.244,65.72,55.066
127.08,45.116,65.093,60.472
129.37,45.908,56.766,60.182
129.65,46.553,51.144,61.06
132.18,47.529,42.641,59.156
134.52,49.876,35.338,56.318
136.27,52.261,27.662,52.57
129.92,49.834,35.739,56.498
120.83,45.482,46.6,64.206
123.21,58.901,34.473,62.579
122.23,58.459,35.539,64.631
121.4,57.521,35.986,65.203
121.05,56.721,36.148,66.498
120.21,55.14,35.793,67.387
109.46,51.594,51.334,70.187
108.44,50.248,52.027,70.878
107.54,48.824,53.917,72.396
102.83,56.339,68.379,75.742
101.69,54.48,68.795,77.377
100.47,53.445,69.99,78.17
99.441,52.481,70.586,79.002
99.191,51.854,71.254,79.507
98.451,50.827,71.023,79.482
96.888,50.289,71.668,80.578
97.056,49.667,71.11,79.893
96.76,49.083,70.093,79.269
96.097,49.105,70.263,79.281
95.782,48.095,69.667,79.317
94.556,47.922,70.239,79.009
93.811,47.242,70.287,78.759
92.303,46.49,70.736,78.973
92.517,45.222,71.063,79.759
91.752,44.123,71.097,79.993
91.128,43.061,71.23,80.519
90.391,42.219,70.973,80.283
89.726,41.325,70.739,80.094
89.688,40.462,70.976,79.751
89.018,39.61,70.774,79.532
88.234,39.055,70.629,79.26
87.533,37.976,70.874,79.549
86.224,36.202,71.42,79.595
86.863,35.995,69.793,78.227
86.098,34.302,69.676,77.911
85.261,33.419,69.21,77.422
84.311,32.377,68.521,76.98
83.539,29.811,70.127,78.71
82.705,27.901,70.281,78.877
82.006,26.188,69.76,78.92
80.966,24.146,70.116,78.99
79.91,22.61,70.269,79.041
78.899,20.659,70.376,78.386
77.753,18.401,71.099,78.71
77.08,16.84,70.928,78.886
75.741,14.292,72.27,79.454
74.194,11.017,73.992,81.041
73.009,9.0559,73.02,80.231
72.476,5.6971,73.664,80.458
71.467,18.405,65.547,75.177
70.833,15.595,65.093,75.503
69.959,11.845,65.426,76.527
67.717,7.7495,67.467,78.166
66.045,4.2567,68.604,78.686
63.509,-0.60541,70.603,81.154
NaN,NaN,NaN,-2
NaN,NaN,NaN,0
NaN,NaN,NaN,0
NaN,NaN,NaN,0
NaN,NaN,NaN,0
NaN,NaN,NaN,-1
122.91,82.714,64.41,61.711
115.69,79.554,73.364,71.21
122.02,81.514,66.117,63.903
123.28,82.335,64.227,62.175
123.7,82.291,65.389,63.474
123.45,82.559,65.958,64.202
124.17,83.47,66.362,64.809
124.2,83.583,67.786,66.247
122.17,83.502,71.959,70.437
122.11,83.66,73.549,72.125
121.84,83.986,75.066,73.65
123.24,85.796,67.954,67.136
124.84,88.59,66.397,65.605
126.1,90.104,65.855,65.033
127.22,91.652,64.412,63.615
128.14,93.674,63.482,62.799
128.44,94.853,63.017,62.369
129.91,97.244,60.326,59.809
130.22,99.526,59.618,59.14
127.54,98.457,61.768,61.397
126.49,100.44,61.4,61.244
127.88,102.71,59.166,59.012
125.85,103.73,60.62,60.585
123.85,104.6,61.411,61.531
122.56,105.86,61.946,62.197
120.62,106.79,60.732,61.273
119.89,109.31,59.595,60.361
119.82,110.35,51.466,52.799
122.11,111.62,44.505,45.967
123.14,109.81,39.614,41.151
128.42,111.1,42.476,42.632
128.2,109.51,42.084,42.102
126.63,107.81,42.014,42.008
123.34,103.02,46.456,46.396
120.03,99.04,50.247,50.318
117.34,93.527,54.492,54.593
116.53,89.232,57.214,57.456
120.93,98.185,39.144,40.656
121.1,96.666,40.035,41.766
119.66,94.161,40.887,42.696
116.96,92.027,42.256,44.132
115.81,90.085,44.248,46.203
113.67,88.129,46.833,48.746
112.93,86.583,48.443,50.315
